Date,a120,a135,a150,a180,a30,a45,a60,a90,DiffPred1,DiffPred2,DiffPred3,DiffPred4,DiffPred5,EffPred
2010-01-01,0.37,0.3,1.59,0,0,5.24,0,0.06, 0.0031589, 0.0021119, 0.00282127, 0.00315895, 0.0030792,buy
2010-01-02,0.11,0.36,0.82,0,0,5.81,0,0,-0.0032039,-0.0075636,-0.00910490,-0.00664108,-0.0077212,sell
2010-01-03,0.04,0.4,0.32,0,0,4.43,0,0,-0.0024839,-0.0062491,-0.00616304,-0.00616684,-0.0064284,sell
2010-01-04,0,0.36,0,0,0,3.86,0,0,-0.0005979,-0.0011952,-0.00293427,-0.00028199, 0.0019238,buy
2010-01-05,0,0.29,0,0,0,3.29,0,0,-0.0020557,-0.0015901,-0.00276499,-0.00190279, 0.0017857,sell
2010-01-06,0,0.23,0.58,0,0,3.28,0,0,-0.0000628, 0.0000627,-0.00127666,-0.00181321,-0.0078171,sell
2010-01-07,0.04,0.18,2.34,0,0,2.57,0,0,-0.0063227,-0.0068891,-0.00101190,-0.00580389,-0.0067976,sell
2010-01-08,0.1,0.14,2.96,0,0,2.42,0,0,-0.0023854,-0.0072596,-0.00283659,-0.00542746,-0.0053547,sell
2010-01-09,0.24,0.18,1.25,0,0,1.22,0,0.05,-0.0032327,-0.0012758,-0.00375738,-0.00271545,-0.0008157,sell
2010-01-10,0.48,0.41,0,0,0,0.58,0,0.11,-0.0054739,-0.0030769,-0.00857866,-0.00733912,-0.0030769,sell
2010-01-11,0.84,0.79,0,0,0,0.19,0,0.21,-0.0108356,-0.0087447,-0.00645775,-0.00910387,-0.0115202,sell
2010-01-12,1,0.63,0,0,0.4,0,0,0.32,-0.0180145,-0.0180145,-0.01636099,-0.01589124,-0.0180272,sell
2010-01-13,0.8,0.22,0,0,1.09,0,0,0.44,-0.0082871,-0.0082871,-0.00841945,-0.00815689,-0.0092812,sell
2010-01-14,0.64,0,0,0,2.41,0,0,0.52,-0.0011959,-0.0059459, 0.00135697, 0.00117487,-0.0067064,sell
2010-01-15,0.62,0,0,0,2.44,0,0,0.54,-0.0050580,-0.0036625,-0.00163968,-0.00157313,-0.0048760,sell
2010-01-16,0.73,0,0,0,1.36,0,0,0.53, 0.0024048, 0.0067768, 0.00747341, 0.00534575, 0.0069367,buy
2010-01-17,0.99,0,0,0,1.31,0,0,0.48, 0.0074214, 0.0043345, 0.00703750, 0.00450877, 0.0044728,buy
2010-01-18,0.99,0,0,0,1.91,0,0,0.39, 0.0011606, 0.0022258, 0.00317753, 0.00140075, 0.0012309,buy
2010-01-19,0.72,0,0,0,2.04,0,0,0.28,-0.0008204, 0.0002087, 0.00015333,-0.00060694,-0.0006069,sell
2010-01-20,0.65,0,0,0,2.36,0.14,0,0.18,-0.0047878,-0.0031149,-0.00274070,-0.00455512,-0.0045551,sell
2010-01-21,1,0,0.55,0,2.93,0.24,0,0.11,-0.0078571,-0.0111790,-0.00084371,-0.01112405,-0.0008826,sell
2010-01-22,1.31,0,1.57,0,2.2,0.45,0,0.06,-0.0070010,-0.0100875,-0.00666325,-0.00771257,-0.0066571,sell
2010-01-23,1.01,0,1.78,0,1.91,1.17,0,0,-0.0071829,-0.0080833,-0.00310176,-0.00673323,-0.0058112,sell
2010-01-24,1.12,0,2.28,0,1.83,2.71,0,0, 0.0003019, 0.0006783, 0.00105810,-0.00361392, 0.0019937,buy
2010-01-25,0.77,0,3,0,0.96,3.98,0,0,-0.0039379,-0.0039379,-0.00337630,-0.00010958,-0.0033820,sell
2010-01-26,0.29,0.07,2.15,1.07,0.62,2.75,0,0, 0.0006512, 0.0045558, 0.00121811,-0.00476740,-0.0047674,sell
2010-01-27,0.11,0.1,0.52,1.56,0.51,1.65,0,0,-0.0063979,-0.0066004,-0.00626289,-0.00596359,-0.0074774,sell
2010-01-28,0.04,0.15,0,1.06,0.46,2.09,0,0,-0.0127526,-0.0120906,-0.01169101,-0.01124814,-0.0117472,sell
2010-01-29,0,0.23,0,1.57,0.53,2.23,0,0,-0.0103102,-0.0091156,-0.00878240,-0.00911556,-0.0095855,sell
2010-01-30,0,0.34,0,1.28,0.59,1.48,0,0,-0.0058494,-0.0098745,-0.00562341,-0.00029713,-0.0007311,sell
2010-01-31,0,0.56,0,0.36,0.63,1.86,0,0,-0.0053165,-0.0053165,-0.00604408,-0.00819709,-0.0030727,sell
2010-02-01,0,0.84,0,0,0.66,2.71,0,0, 0.0021660, 0.0043707, 0.00378466, 0.00301081,-0.0045856,buy
2010-02-02,0,0.87,0,0,0.67,3.04,0,0,-0.0021892, 0.0051901, 0.00018048, 0.00350093,-0.0046683,sell
2010-02-03,0,0.59,0,0,0.67,2.48,0,0,-0.0042320,-0.0088026,-0.00820143,-0.00712127,-0.0093955,sell
2010-02-04,0,0.22,0,0,0.81,0.93,0,0, 0.0069987, 0.0088650, 0.00497134, 0.00860230, 0.0080703,buy
2010-02-05,0,0,0,0,1.32,0.46,0,0, 0.0039811,-0.0045555,-0.00322096,-0.00429613,-0.0025125,buy
2010-02-06,0,0.15,0,0,2.64,0.53,0,0, 0.0045085, 0.0028745, 0.00531442, 0.00523406, 0.0053144,buy
2010-02-07,0,0.39,0.79,0,3.34,1.28,0,0,-0.0022585,-0.0023987,-0.00225847,-0.00160222,-0.0018049,sell
2010-02-08,0,0.4,1.25,0,1.75,2,0,0,-0.0011363,-0.0011691, 0.00138990, 0.00346975, 0.0020858,buy
2010-02-09,0,0.15,1.98,0,0.86,1.25,0,0, 0.0075311, 0.0059954, 0.00005868, 0.00432184, 0.0072556,buy
2010-02-10,0.06,0,3.57,0,0.56,0.52,0,0,-0.0038050,-0.0008100,-0.00065739,-0.00461622,-0.0040120,sell
2010-02-11,0.23,0,4.07,1.01,0.85,0.22,0,0, 0.0034183,-0.0015586, 0.01235420, 0.00375964, 0.0070908,buy
2010-02-12,0.87,0,2.83,2.32,1.83,0,0,0, 0.0030691, 0.0043655, 0.00635487,-0.00127884, 0.0053856,buy
2010-02-13,0.97,0,3.18,2.19,3.57,0,0,0, 0.0048413, 0.0023737, 0.00733491,-0.00065622, 0.0025965,buy
2010-02-14,0.28,0,4.16,0.66,3.54,0,0,0,-0.0052100,-0.0064953,-0.00409607,-0.00257638,-0.0042395,sell
2010-02-15,0.07,0,2.69,0,2.04,0.39,0,0,-0.0011395,-0.0029026,-0.00301721, 0.00029162,-0.0013022,sell
2010-02-16,0,0,0.84,0.38,0.71,1.44,0,0, 0.0074287, 0.0068160, 0.00643024, 0.00588973, 0.0063587,buy
2010-02-17,0,0,0.43,1.17,0.23,2,0,0,-0.0010368,-0.0019050,-0.00737930,-0.00356356,-0.0001542,sell
2010-02-18,0,0,0.33,1.57,0,0.7,0,0, 0.0040347, 0.0026053, 0.00535985, 0.00286523, 0.0053599,buy
2010-02-19,0,0,0.48,0.67,0,0.19,0,0, 0.0055230, 0.0084582, 0.00547215,-0.00517593, 0.0057629,buy
2010-02-20,0,0,1.99,0,0,0,0,0, 0.0090142, 0.0088953, 0.00617963, 0.00704848, 0.0109192,buy
2010-02-21,0,0.17,3.01,0,0,0.22,0,0, 0.0042446, 0.0042446, 0.00424457, 0.00196397, 0.0050133,buy
2010-02-22,0,0.39,2.15,0,0,0.87,0,0,-0.0037037,-0.0026549,-0.00370365,-0.00329687,-0.0032181,sell
2010-02-23,0,0.34,0.66,0,0,2,0,0,-0.0041643,-0.0041970,-0.00371112,-0.00223248,-0.0031498,sell
2010-02-24,0,0.39,0,0,0,1.03,0,0, 0.0016438, 0.0057413, 0.00440322, 0.00422392, 0.0072465,buy
2010-02-25,0,0.28,0,0,0.35,0.25,0,0, 0.0048094,-0.0013696, 0.00291831, 0.00566702, 0.0029696,buy
2010-02-26,0,0.08,0,0.39,1.38,0,0,0, 0.0062074, 0.0062074, 0.00647332,-0.00598118, 0.0062074,buy
2010-02-27,0,0,0,1.57,1.27,0,0,0,-0.0071457,-0.0009339,-0.00454528,-0.00454528,-0.0036959,sell
2010-02-28,0,0,0.29,1.08,0.29,0,0,0,-0.0026344, 0.0016584, 0.00028284, 0.00160870, 0.0022275,buy
2010-03-01,0,0,1.46,0,0,0,0,0,-0.0007561, 0.0000069, 0.00000688,-0.00087601, 0.0000069,buy
2010-03-02,0,0,3.09,0,0.16,0,0,0, 0.0089785, 0.0094180, 0.00891452, 0.00897848, 0.0092461,buy
2010-03-03,0,0,3.03,0,0.46,0,0,0, 0.0085858, 0.0091248, 0.00700052, 0.00777220, 0.0085820,buy
2010-03-04,0.04,0.13,1.98,0,1.36,0,0,0, 0.0012060,-0.0045526,-0.00448149,-0.00354746,-0.0027751,buy
2010-03-05,0.12,0.34,0.56,0,1.38,0,0,0, 0.0042191, 0.0018169, 0.00299767, 0.00299767, 0.0030263,buy
2010-03-06,0.38,0.4,0,0,0.47,0,0,0,-0.0021630,-0.0004548, 0.00245683,-0.00257756,-0.0019185,sell
2010-03-07,0.98,0.18,0,0.31,0.16,0,0,0,-0.0093350,-0.0054962,-0.00523086,-0.00426792,-0.0054962,sell
2010-03-08,0.8,0.07,0,1.02,0,0,0,0.06,-0.0004150,-0.0023043,-0.00457165, 0.00301385, 0.0032462,buy
2010-03-09,0.26,0.33,0,1.57,0,0,0,0.17, 0.0073670, 0.0086034, 0.00860341, 0.00886641, 0.0086034,buy
2010-03-10,0.08,0.4,0,0.74,0,0,0,0.51,-0.0049988, 0.0000311,-0.00848711, 0.00023639,-0.0084871,sell
2010-03-11,0,0.09,0,0,0,0,0,1.18,-0.0079970,-0.0069405,-0.00620040,-0.00794920,-0.0074022,sell
2010-03-12,0.03,0,0.34,0,0,0,0,0.89,-0.0003376, 0.0060785,-0.00044547,-0.00228498,-0.0023679,buy
2010-03-13,0.03,0.19,1.57,0,0,0,0,0.3, 0.0012913, 0.0010515, 0.00162018, 0.00112931, 0.0076898,buy
2010-03-14,0.03,0.39,3.13,0,0.24,0.14,0,0.1, 0.0128774, 0.0126175, 0.01206904, 0.01226652, 0.0125267,buy
2010-03-15,0.06,0.29,1.49,0,1.14,0.42,0,0, 0.0055277, 0.0048257, 0.00247286, 0.00482569, 0.0031765,buy
2010-03-16,0.21,0.08,0.31,0,2.19,1.25,0,0, 0.0025740, 0.0025740,-0.00250060, 0.00257397,-0.0016571,buy
2010-03-17,1.04,0.09,0,0.63,2.31,1.96,0,0,-0.0028696,-0.0003308,-0.00157897,-0.00103023,-0.0050510,sell
2010-03-18,1.1,0.1,0,1.59,2.76,1.05,0,0.1,-0.0009794,-0.0063749,-0.00327657,-0.00755024,-0.0033458,sell
2010-03-19,0.43,0.12,0,0.59,1.93,0.36,0,0.6, 0.0105575, 0.0069478, 0.01136281, 0.00845615, 0.0115703,buy
2010-03-20,0.58,0.27,0,0.58,0.8,0,0,1.17, 0.0044613, 0.0079708, 0.00340118, 0.00797081, 0.0081942,buy
2010-03-21,1,0.54,0,1.5,0.33,0,0,0.37, 0.0072576, 0.0070279, 0.00813260, 0.00381100, 0.0065832,buy
2010-03-22,0.87,0.31,0,1.59,0,0.37,0,0.13, 0.0086059, 0.0093803, 0.00869233, 0.00909505, 0.0090951,buy
2010-03-23,0.56,0.17,0,0.63,0.12,1.98,0,0.17, 0.0036125, 0.0044120, 0.00480233, 0.00303124, 0.0011011,buy
2010-03-24,0.76,0.19,0,0,0.54,1.75,0,0.42,-0.0013075,-0.0022025,-0.00275587,-0.00349745,-0.0007133,sell
2010-03-25,1.08,0.27,0,0,1.38,0.31,0,1.01,-0.0006956,-0.0062526,-0.00762775,-0.00044067,-0.0012361,sell
2010-03-26,0.58,0.39,0,0,0.73,0,0,1.19, 0.0048409, 0.0054974, 0.00217913, 0.00549740, 0.0062608,buy
2010-03-27,0.38,0.62,0,0,0.43,0,0,0.57,-0.0042385,-0.0042385,-0.00422108,-0.00287348,-0.0023761,sell
2010-03-28,1.02,0.56,0,0,0.78,0,0,0.24,-0.0013847, 0.0043077,-0.00883267,-0.00279767, 0.0037172,sell
2010-03-29,0.73,0.37,0,0,1.38,0,0,0.1,-0.0041796,-0.0009215,-0.00087826,-0.00358942,-0.0031771,sell
2010-03-30,0.14,0.24,0.41,0,1.18,0.34,0,0.09,-0.0067422,-0.0032477,-0.00129744, 0.00102441,-0.0072421,sell
2010-03-31,0,0.24,1.3,0,1.67,0.82,0,0.13,-0.0042312,-0.0025402,-0.00262008,-0.00259432, 0.0003620,sell
2010-04-01,0.03,0.24,2.05,0,1.37,1.95,0,0.35,-0.0027014,-0.0039046,-0.00172265,-0.00092444, 0.0054438,buy
2010-04-02,0.09,0.24,2.17,0,0.31,4.3,0,0.87, 0.0046249, 0.0043734, 0.00725571, 0.00616241, 0.0061624,buy
2010-04-03,0.32,0.24,1.47,0,0,4.31,0,1.53, 0.0073332, 0.0053582, 0.00711890, 0.00261262, 0.0035867,buy
2010-04-04,1,0.24,0.66,0,0,3.35,0,1.73, 0.0027829, 0.0003087,-0.00214701, 0.00053883, 0.0025878,buy
2010-04-05,1.57,0.24,0.45,0,0.17,1.99,0,1.51, 0.0055417, 0.0055441, 0.00395832, 0.00399015, 0.0055221,buy
2010-04-06,1.38,0.23,0.57,0,0.34,0.54,0,0.69,-0.0002081, 0.0072835, 0.00533678, 0.00339424, 0.0072879,buy
2010-04-07,0.73,0.22,0.73,0,0.67,0.22,0,0.3,-0.0002563, 0.0002097, 0.00029038, 0.00328371,-0.0010021,buy
2010-04-08,0.35,0.21,0.94,0,1.33,0.18,0,0.11,-0.0017185, 0.0019332, 0.00251644, 0.00238601, 0.0025355,buy
2010-04-09,0.3,0.2,1.2,0,1.4,0.5,0,0.06,-0.0022010, 0.0027151, 0.00273929, 0.00298005, 0.0034785,buy
2010-04-10,0.56,0.19,1.56,0,0.74,1.44,0,0,-0.0044573,-0.0012433,-0.00008744,-0.00127690,-0.0044958,sell
2010-04-11,0.98,0.36,1.6,0,0.37,2.2,0,0,-0.0083338,-0.0047868,-0.00417189,-0.00414519,-0.0076715,sell
2010-04-12,0.8,0.56,1.22,0,0.19,1.33,0,0,-0.0033155,-0.0028851,-0.00422805,-0.00397434,-0.0053094,sell
2010-04-13,0.35,0.43,0.94,0,0.1,0.9,0,0,-0.0059820,-0.0106177,-0.00598198,-0.00391201,-0.0092685,sell
2010-04-14,0.15,0.23,0.71,0,0,0.77,0,0,-0.0033851,-0.0035347,-0.00380103,-0.00351607,-0.0057796,sell
2010-04-15,0.07,0.22,0.53,0,0.17,0.95,0,0.07, 0.0023320, 0.0021333, 0.00296977, 0.00331466,-0.0010832,buy
2010-04-16,0.03,0.47,0.39,0,0.39,1.06,0,0.18,-0.0062979,-0.0062979,-0.00638190,-0.00474687, 0.0036142,sell
2010-04-17,0,0.6,0.72,0,0.9,1.09,0,0.51,-0.0024003,-0.0023012,-0.00116644,-0.00366856, 0.0025958,buy
2010-04-18,0,0.38,1.08,0,1.4,1.08,0,1.18,-0.0067148,-0.0027911,-0.00288343,-0.00235162,-0.0066860,sell
2010-04-19,0,0.18,1.6,0,0.93,1,0,1,-0.0013634,-0.0013666,-0.00118388,-0.00053248,-0.0011839,sell
2010-04-20,0,0.17,0.9,0,0.41,0.85,0,0.48, 0.0028914, 0.0052664, 0.00377483, 0.00211742, 0.0002142,buy
2010-04-21,0.11,0.15,0.36,0,0.18,0.67,0,0.39, 0.0091403, 0.0075821, 0.00920882, 0.00783265, 0.0071801,buy
2010-04-22,0.3,0,0,0,0,0.48,0,0.69,-0.0054266,-0.0008947,-0.00442102,-0.00492252,-0.0071805,sell
2010-04-23,0.89,0,0,0,0,0.33,0,1.56, 0.0045080,-0.0051385, 0.00230493, 0.00233182, 0.0076823,buy
2010-04-24,1.53,0,0,0,0,0.36,0,1.8, 0.0072192, 0.0029158, 0.00806777, 0.00970143, 0.0053691,buy
2010-04-25,1.45,0,0,0,0,0.56,0,1.52, 0.0054964,-0.0047983, 0.00378003, 0.00605656, 0.0033160,buy
2010-04-26,0.89,0,0,0,0,1.29,0,0.87,-0.0012460,-0.0011550,-0.00102537,-0.00280419,-0.0003066,sell
2010-04-27,0.41,0,0.28,0,0,2.57,0,0.39, 0.0051191,-0.0047712, 0.00918560, 0.00426050, 0.0045711,buy
2010-04-28,0.21,0,0.83,0,0,4.32,0,0.19, 0.0044464, 0.0029688, 0.00103675, 0.00419490, 0.0028123,buy
2010-04-29,0.19,0.08,1.57,0,0.31,3.72,0,0.17, 0.0023586, 0.0021443, 0.00203918, 0.00235026, 0.0019959,buy
2010-04-30,0.26,0.11,1,0,1.36,2.31,0,0.2,-0.0047761,-0.0049900,-0.00498999,-0.00612055,-0.0010664,sell
2010-05-01,0.45,0.15,0.33,0,1.11,2.1,0,0.34, 0.0016203, 0.0006192,-0.00233461,-0.00526555,-0.0034938,sell
2010-05-02,0.76,0.36,0,0,0.21,2.54,0,0.55,-0.0021572, 0.0038437, 0.00042376, 0.00042376, 0.0010743,sell
2010-05-03,1,0.68,0,0,0.12,3.08,0,0.9, 0.0046209,-0.0052980,-0.00969350,-0.00505175,-0.0050518,sell
2010-05-04,0.79,0.8,0,0,0.15,3.5,0,1.2, 0.0041596,-0.0080743,-0.01036860,-0.00807429,-0.0083948,sell
2010-05-05,0.5,0.55,0,0,0.18,2.58,0,0.96, 0.0046131, 0.0034936,-0.00398518, 0.00315169, 0.0034936,buy
2010-05-06,0.34,0.28,0,0,0.23,1.36,0,0.59, 0.0151605, 0.0130342, 0.01534408, 0.01140736, 0.0051245,buy
2010-05-07,0.24,0.2,0,0,0.28,0.9,0,0.37, 0.0164232, 0.0152289, 0.01716465, 0.01520780, 0.0113113,buy
2010-05-08,0.18,0.21,0,0,0.34,0.9,0,0.23, 0.0138596, 0.0111209, 0.01326780, 0.01072641, 0.0121186,buy
2010-05-09,0.14,0.27,0,0,0.43,2.19,0,0.14,-0.0048382,-0.0079931,-0.00912256,-0.00890859,-0.0088805,sell
2010-05-10,0.12,0.47,0,0,0.53,1.8,0,0.09,-0.0028235,-0.0040976,-0.00438819,-0.00315719,-0.0042389,sell
2010-05-11,0.11,0.37,0,0,0.65,0.55,0,0.06, 0.0104054, 0.0114303, 0.01045814, 0.01045814, 0.0104581,buy
2010-05-12,0.12,0.16,0,0,0.81,0.18,0,0.03, 0.0044164,-0.0048355, 0.00026449, 0.00159000,-0.0005379,buy
2010-05-13,0.13,0.07,0,0,1,0,0,0.1, 0.0003594,-0.0084331,-0.00955896,-0.00627390,-0.0059014,sell
2010-05-14,0.16,0.1,0,0,1.24,0,0,0.22,-0.0056326,-0.0129734,-0.00801991,-0.01159789,-0.0102415,sell
2010-05-15,0.32,0.16,0,0,1.4,0,0,0.64, 0.0035394, 0.0020987,-0.00199213,-0.00114525, 0.0013783,buy
2010-05-16,0.57,0.24,0,0,1.27,0,0,1.56,-0.0014541, 0.0035955, 0.00165079, 0.00238303, 0.0036568,buy
2010-05-17,1.18,0.37,0,0,1.02,0,0,3.1,-0.0044704,-0.0082173,-0.00847352,-0.00863379,-0.0069160,sell
2010-05-18,2.6,0.4,0,0,0.83,0,0,4.2,-0.0117652,-0.0034057,-0.00282802,-0.00141644,-0.0027193,sell
2010-05-19,2.9,0.27,0,0,0.67,0,0,4.36,-0.0117909,-0.0084990,-0.00813954,-0.00084764,-0.0080268,sell
2010-05-20,1.62,0.17,0,0,0.54,0,0,2.9,-0.0055359,-0.0070382,-0.00575924,-0.00823316,-0.0065960,sell
2010-05-21,0.79,0.11,0,0,0.45,0,0,1.21, 0.0033645, 0.0003113, 0.00336453, 0.00180686, 0.0058173,buy
2010-05-22,0.38,0.07,0,0.45,0.36,0,0,0.48, 0.0011485, 0.0032968,-0.00245271, 0.00115876,-0.0024527,buy
2010-05-23,0.17,0,0,1.32,0.29,0,0,0.22, 0.0026398, 0.0017082, 0.00252842, 0.00173557, 0.0025284,buy
2010-05-24,0.06,0,0.54,1.59,0.24,0.23,0,0.05, 0.0050911, 0.0023801, 0.00527869, 0.00194544, 0.0042162,buy
2010-05-25,0.03,0,1.3,0.63,0.19,0.44,0,0,-0.0006151, 0.0030591,-0.00448283,-0.00665514, 0.0003868,sell
2010-05-26,0,0,1.59,0,0.16,0.99,0,0,-0.0010865,-0.0005369, 0.00075215, 0.00218380, 0.0076609,sell
2010-05-27,0,0.15,0.79,0,0.13,1.88,0,0, 0.0026674, 0.0022941, 0.00005696, 0.00001899, 0.0031248,buy
2010-05-28,0,0.39,0.33,0,0.24,3.11,0,0,-0.0063585,-0.0077880,-0.00761114,-0.00865871,-0.0081331,sell
2010-05-29,0,0.47,0,0,0.22,4.11,0,0,-0.0034979,-0.0034838,-0.00439747,-0.00354148,-0.0043720,sell
2010-05-30,0,0.36,0,0,0.35,4.68,0,0,-0.0007668,-0.0015277,-0.00115547,-0.00086503,-0.0007575,sell
2010-05-31,0,0.4,0,0.28,0.54,3.22,0,0,-0.0059050,-0.0094156,-0.00912716,-0.00971179,-0.0096531,sell
2010-06-01,0,0.24,0,0.45,0.84,1.62,0,0,-0.0047204,-0.0022184, 0.00022859, 0.00068700, 0.0009641,buy
2010-06-02,0,0.3,0.33,0.7,1.33,1.25,0,0, 0.0012907, 0.0015566, 0.00147748, 0.00884015, 0.0015235,buy
2010-06-03,0,0.39,0.75,1.11,1.39,1.98,0,0,-0.0023678,-0.0048115,-0.00404958,-0.00230964,-0.0027848,sell
2010-06-04,0,0.2,1.11,1.6,0.92,1.73,0,0, 0.0040585, 0.0040585, 0.00373636, 0.00405853, 0.0040585,buy
2010-06-05,0,0,1.62,1.42,0.59,0.82,0,0, 0.0029311, 0.0044408, 0.00319118, 0.00245181, 0.0037691,buy
2010-06-06,0.06,0,2.38,0.89,0.37,0.38,0,0.04,-0.0060945, 0.0040989, 0.00013081,-0.00629067,-0.0008242,sell
2010-06-07,0.24,0,3.19,0.56,0.24,0.18,0,0.14, 0.0002471, 0.0014814, 0.00236247,-0.00026064,-0.0006468,buy
2010-06-08,1.03,0,2.84,0.35,0.15,0,0,0.67,-0.0060940,-0.0069241,-0.00609398,-0.00603203,-0.0060320,sell
2010-06-09,1.01,0,1.92,0,0,0,0,1.39,-0.0027034,-0.0013472,-0.00153666,-0.00223735,-0.0015367,sell
2010-06-10,0.32,0,1.28,0,0,0,0,1.2, 0.0027069, 0.0017515, 0.00270686, 0.00387783, 0.0027069,buy
2010-06-11,0.32,0,1.7,0,0,0,0,1.44,-0.0004946, 0.0027400,-0.00049461, 0.00089684,-0.0004946,buy
2010-06-12,0.55,0,3.13,0,0,0,0,1.24,-0.0030634,-0.0046675,-0.00466754,-0.00462166,-0.0032631,sell
2010-06-13,1.19,0,2.71,0,0,0,0,1.42,-0.0079457,-0.0051958,-0.00519575,-0.00712160,-0.0051958,sell
2010-06-14,2.45,0,0.71,0,0,0,0,0.83,-0.0048987,-0.0058476,-0.00869297,-0.00436251,-0.0055368,sell
2010-06-15,2.78,0,0,0,0.12,0,0,0.26,-0.0095351,-0.0029319,-0.01199345,-0.00176146,-0.0092557,sell
2010-06-16,1.66,0,0.5,0,0.21,0,0,0.19,-0.0004285,-0.0053027,-0.00219669,-0.00031141, 0.0000936,buy
2010-06-17,0.95,0,1.44,0,0.36,0,0,0.36, 0.0077248, 0.0082425, 0.00824252, 0.00830575, 0.0053014,buy
2010-06-18,0.8,0,1.57,0,0.78,0,0,0.87, 0.0010785, 0.0029154, 0.00317307, 0.00138784, 0.0005628,buy
2010-06-19,1.16,0,0.58,0,1.38,0,0,1.48,-0.0058462,-0.0053179, 0.00220354, 0.00229084,-0.0044243,sell
2010-06-20,1.09,0,0,0,1.95,0.26,0,1.48,-0.0001631, 0.0013127,-0.00260202,-0.00016307, 0.0039864,buy
2010-06-21,0.49,0,0,0,2.14,0.61,0,1.86,-0.0108115,-0.0074546,-0.01033669,-0.01143325, 0.0012885,sell
2010-06-22,0.25,0,0,0,1.96,1.44,0,2.14,-0.0050708,-0.0034140,-0.01018999,-0.01238020,-0.0006110,sell
2010-06-23,0.29,0,0,0.32,1.19,2.27,0,2.13,-0.0011506, 0.0049968,-0.00049389,-0.00291073,-0.0003253,sell
2010-06-24,0.99,0,0,0.78,0.63,1.87,0,2.61, 0.0057224, 0.0071869, 0.00633255, 0.00563599, 0.0040079,buy
2010-06-25,0.65,0,0,1.6,0.34,2.43,0,2.77, 0.0033646, 0.0045488, 0.00454881, 0.00450053, 0.0045488,buy
2010-06-26,0.09,0.17,0,2.15,0.11,2.01,0,2.17, 0.0051651, 0.0069282, 0.00692817, 0.00590687, 0.0057849,buy
2010-06-27,0,0.5,0,2.12,0,0.69,0,0.61, 0.0031738, 0.0031578, 0.00645885, 0.00355806, 0.0063530,buy
2010-06-28,0,0.57,0,0.4,0,0.26,0,0.11,-0.0153373,-0.0160678,-0.01725611,-0.01920827,-0.0170922,sell
2010-06-29,0,0.69,0,0,0,0,0,0,-0.0053263,-0.0010372,-0.00532633,-0.01142992,-0.0090003,sell
2010-06-30,0,0.74,0,0,0,0,0,0, 0.0075511, 0.0077469, 0.00774689, 0.00735223,-0.0005219,buy
2010-07-01,0,0.79,0,0,0,0,0,0, 0.0101610, 0.0103684, 0.01200308, 0.01201423, 0.0049266,buy
2010-07-02,0,0.3,0,0,0,0,0,0,-0.0103429,-0.0081724,-0.00493965,-0.00885552,-0.0088555,sell
2010-07-03,0,0.1,0,0,0,0,0,0, 0.0013206, 0.0005565, 0.00044529,-0.00002801,-0.0007800,sell
2010-07-04,0,0.24,0,0,0,0,0,0,-0.0070490,-0.0057766,-0.00507768,-0.00623100,-0.0054858,sell
2010-07-05,0,0.39,0,0,0.18,0,0,0,-0.0007421, 0.0011654,-0.00142151, 0.00049962,-0.0002900,buy
2010-07-06,0,0.26,0,0,0.49,0,0,0, 0.0001563,-0.0015823,-0.00241947, 0.00082897, 0.0037651,buy
2010-07-07,0.03,0.11,0.34,0.55,1.12,0,0,0, 0.0045961, 0.0048321, 0.00459614, 0.00169476, 0.0045961,buy
2010-07-08,0.17,0,1.59,1.54,2.06,0.24,0,0, 0.0010726, 0.0017128, 0.00083750, 0.00107255, 0.0006706,buy
2010-07-09,1.05,0,1.75,1.6,2.42,1.15,0,0, 0.0049487, 0.0014270, 0.00477411, 0.00315752, 0.0012558,buy
2010-07-10,1.57,0,2.05,0.57,1.59,2.63,0,0,-0.0024202,-0.0052131,-0.00129164, 0.00056902,-0.0004644,buy
2010-07-11,1.33,0,3.58,0,0.67,3.17,0,0,-0.0019796,-0.0024056, 0.00596977, 0.00506533,-0.0036051,sell
2010-07-12,0.82,0,2.52,0,0.29,2.24,0,0,-0.0037364,-0.0053694,-0.00179653,-0.00305739,-0.0082916,sell
2010-07-13,1.07,0,1.6,0,0,0.79,0,0, 0.0020285,-0.0002504,-0.00042826,-0.00291747,-0.0042075,buy
2010-07-14,0.77,0,0.87,0,0,0.43,0,0,-0.0015429,-0.0009040, 0.00406302, 0.00406302, 0.0048589,buy
2010-07-15,0.28,0,0.33,0,0,0.27,0,0,-0.0009429,-0.0008671,-0.00459422,-0.00136384,-0.0017695,sell
2010-07-16,0.1,0,0,0,0,0.9,0,0,-0.0013712, 0.0003528,-0.00420894, 0.00006668,-0.0000571,sell
2010-07-17,0.04,0.24,0,0,0,2.32,0,0,-0.0031930,-0.0027086,-0.00767953,-0.00341215,-0.0034479,sell
2010-07-18,0,0.54,0.29,0,0,1.97,0,0,-0.0113538,-0.0113538,-0.01138708,-0.01220288,-0.0058938,sell
2010-07-19,0.05,0.8,0.69,0,0.15,0.86,0,0, 0.0014450, 0.0008341, 0.00370757, 0.00304514, 0.0097154,sell
2010-07-20,0.12,0.78,1.6,0,0.42,0.53,0,0, 0.0063410, 0.0030604, 0.00326367, 0.00293874, 0.0045406,buy
2010-07-21,0.28,0.23,1.49,0,1.15,0.61,0,0,-0.0004431, 0.0011823,-0.00075529, 0.00156333, 0.0012990,buy
2010-07-22,0.73,0,0.63,0,1.5,0.69,0,0, 0.0069656, 0.0069656, 0.00696563, 0.00283516, 0.0013860,buy
2010-07-23,1.11,0,0.36,0,0.87,0.78,0,0,-0.0079788,-0.0073487,-0.00487887,-0.00734874,-0.0049767,sell
2010-07-24,0.88,0,1.07,0,0.77,0.87,0,0, 0.0052911, 0.0061435, 0.00631034, 0.00539431, 0.0052338,buy
2010-07-25,0.9,0,2.14,0.89,1.22,0.98,0,0,-0.0039037,-0.0045828,-0.00233789, 0.00177246,-0.0032520,sell
2010-07-26,1.09,0,3.54,1.6,1.69,1.09,0,0,-0.0048342,-0.0049101, 0.00301527,-0.00585583,-0.0022319,sell
2010-07-27,0.74,0,3.49,1.14,1.77,1.21,0,0,-0.0066457,-0.0073733, 0.00329802,-0.00742288,-0.0041695,sell
2010-07-28,0.45,0,3.01,0.65,1.8,1.35,0,0.04,-0.0033607,-0.0004702, 0.00426132,-0.00038154, 0.0006928,buy
2010-07-29,0.7,0,1.94,1.14,0.88,1.5,0,0.06, 0.0033721, 0.0006079, 0.00123763, 0.00180515, 0.0024752,buy
2010-07-30,1.04,0,1.57,1.59,0.34,1.78,0,0.11, 0.0065519, 0.0065499, 0.00179370, 0.00655192, 0.0048670,buy
2010-07-31,0.52,0,0.85,1.25,0,2.02,0,0.19,-0.0012860,-0.0012860,-0.00379864,-0.00110128, 0.0014650,sell
2010-08-01,0.17,0,0.28,1.15,0,2.31,0,0.34,-0.0052292,-0.0048072,-0.00643616,-0.00210797,-0.0018352,sell
2010-08-02,0.06,0,0,1.2,0,2.52,0,0.59,-0.0060675,-0.0053405,-0.00442740,-0.00237126,-0.0053405,sell
2010-08-03,0,0,0.62,1.4,0.11,2.65,0,1.04,-0.0050380,-0.0019049,-0.00193466,-0.00055682,-0.0009565,sell
2010-08-04,0,0,1.59,1.59,0.12,2.95,0,1.2, 0.0018775,-0.0026512,-0.00252544,-0.00252544, 0.0000928,buy
2010-08-05,0,0.08,1.53,1.44,0.13,3.65,0,0.77, 0.0015095,-0.0040193,-0.00336716,-0.00336716,-0.0003279,buy
2010-08-06,0,0.19,0.59,1.67,0.13,3.78,0,0.49,-0.0043589,-0.0075927,-0.00331659,-0.00281700,-0.0034810,sell
2010-08-07,0,0.4,0,1.9,0.13,3.36,0,0.4,-0.0011454,-0.0080776,-0.00126254,-0.00049565,-0.0029211,sell
2010-08-08,0,0.5,0,1.44,0.12,3.59,0,0.53,-0.0088311,-0.0113091,-0.00883106,-0.00571434,-0.0079091,sell
2010-08-09,0,0.55,0,1.89,0.12,3.73,0,1.08,-0.0062229,-0.0063156,-0.00404938,-0.00318567,-0.0116099,sell
2010-08-10,0,0.8,0,1.57,0.1,2.73,0,1.24, 0.0038035, 0.0048485, 0.00706482, 0.00447178, 0.0007621,buy
2010-08-11,0,0.63,0,0.61,0,1.87,0,0.56,-0.0023139,-0.0031756, 0.00430897,-0.00247045, 0.0041607,buy
2010-08-12,0,0.25,0,0,0,1.44,0,0.22, 0.0013155, 0.0009693,-0.00140999, 0.00141815,-0.0000439,buy
2010-08-13,0,0,0,0,0,0.99,0,0.09,-0.0005377, 0.0011792,-0.00404906, 0.00017720, 0.0001193,sell
2010-08-14,0,0,0,0,0,1.11,0,0.04,-0.0012677, 0.0000425,-0.00265410,-0.00073675, 0.0002770,sell
2010-08-15,0,0.07,0,0,0,1.14,0,0,-0.0021281,-0.0019829,-0.00382850,-0.00337374,-0.0027422,sell
2010-08-16,0,0.13,0,0,0,1.18,0,0,-0.0050579,-0.0002119,-0.00681885,-0.00358936,-0.0042303,sell
2010-08-17,0,0.34,0,0,0,1.27,0,0, 0.0023825, 0.0029773, 0.00244291, 0.00244470, 0.0020018,buy
2010-08-18,0,0.65,0,0.44,0,1.38,0,0, 0.0027233, 0.0039854, 0.01040469, 0.00379029, 0.0062420,buy
2010-08-19,0,0.76,0,1.06,0,1.55,0,0,-0.0016474,-0.0011050, 0.00356020,-0.00110499,-0.0001898,buy
2010-08-20,0,0.45,0.28,1.59,0,1.78,0,0,-0.0015806,-0.0022068, 0.00024241,-0.00185414, 0.0005682,sell
2010-08-21,0,0.21,0.67,0.95,0,2.09,0,0,-0.0008493,-0.0079802,-0.01025829,-0.00808013,-0.0044036,sell
2010-08-22,0.06,0,1.59,0.4,0,2.52,0,0, 0.0009873, 0.0036082,-0.00289930,-0.00221978,-0.0017519,sell
2010-08-23,0.14,0,2.11,0,0.48,2.89,0,0, 0.0018200, 0.0016757, 0.00764309, 0.00371691, 0.0033762,buy
2010-08-24,0.34,0,2.15,0,1.29,2.78,0,0,-0.0028994, 0.0066304, 0.00056487, 0.00358758, 0.0057470,buy
2010-08-25,0.8,0,1.57,0,2.71,2.35,0,0, 0.0046891, 0.0007188, 0.00106581, 0.00107748, 0.0012898,buy
2010-08-26,0.99,0,0.63,0,3.52,2.07,0,0, 0.0062246, 0.0034985, 0.00855436, 0.00673363, 0.0074218,buy
2010-08-27,0.5,0,0,0,2.53,1.87,0,0, 0.0064737, 0.0002736, 0.00083541, 0.00272195, 0.0014672,buy
2010-08-28,0.21,0,0,0,0.94,1.75,0,0,-0.0002219,-0.0026992, 0.00466679,-0.00022185, 0.0002326,buy
2010-08-29,0.09,0,0,0,0.38,1.7,0,0, 0.0045552, 0.0042937, 0.00455516, 0.00455516, 0.0030414,buy
2010-08-30,0.04,0,0,0,0.13,1.71,0,0, 0.0034328, 0.0030883, 0.00338030, 0.00338030, 0.0037474,buy
2010-08-31,0.06,0,0,0,0.31,1.77,0,0, 0.0046811, 0.0045726, 0.00480280, 0.00468105, 0.0037162,buy
2010-09-01,0.12,0,0,0,0.84,2.04,0,0,-0.0082969,-0.0063482,-0.00439511,-0.00833313,-0.0076215,sell
2010-09-02,0.26,0,0,0,1.71,2.81,0,0,-0.0041518,-0.0031643,-0.00405813,-0.00531728,-0.0036410,sell
2010-09-03,0.57,0,0,0,1.3,4.13,0,0, 0.0072275, 0.0072275, 0.00588864, 0.00395361, 0.0078473,buy
2010-09-04,1.03,0,0,0,0.97,3.52,0,0, 0.0061916, 0.0018247, 0.00198631, 0.00157702, 0.0018066,buy
2010-09-05,0.89,0,0.48,0,1.13,3.8,0,0, 0.0039460, 0.0014875,-0.00001570, 0.00035158,-0.0003804,buy
2010-09-06,0.54,0,1.4,0,1.4,2.79,0,0, 0.0065455, 0.0072122, 0.00793885, 0.00658773, 0.0072605,buy
2010-09-07,0.47,0,2.46,0,1.31,1.58,0,0, 0.0025871, 0.0086700, 0.00077954,-0.00229832,-0.0029530,buy
2010-09-08,0.64,0,2.76,0,1.11,1.02,0,0, 0.0097110, 0.0087849, 0.00546317, 0.00426343, 0.0037993,buy
2010-09-09,1.05,0,1.87,0,1.12,0.85,0,0,-0.0011546,-0.0032652, 0.00599874, 0.00467546, 0.0051543,buy
2010-09-10,1.07,0,1.22,0,1.32,0.69,0,0, 0.0028390, 0.0029679, 0.00604994, 0.00335716, 0.0033534,buy
2010-09-11,0.65,0,1.3,0,1.67,0.56,0,0, 0.0028741, 0.0028741, 0.00128573, 0.00263368,-0.0011641,buy
2010-09-12,0.4,0,2.01,0,1.71,0.45,0,0,-0.0037515, 0.0004842, 0.00068988,-0.00007955,-0.0015140,sell
2010-09-13,0.26,0,3.12,0,1.48,0.51,0,0, 0.0015845, 0.0078859, 0.00725584, 0.00801563, 0.0069387,buy
2010-09-14,0.18,0,2.66,0,1.74,0.47,0,0,-0.0011733, 0.0071590, 0.00399975, 0.00687487, 0.0076996,buy
2010-09-15,0.13,0,1.36,0,2.14,0.43,0,0,-0.0066510,-0.0000935,-0.00665105,-0.00481061,-0.0048937,sell
2010-09-16,0.05,0,0.69,0,2.34,0.38,0,0,-0.0014862,-0.0008494,-0.00148620,-0.00277027,-0.0014862,sell
2010-09-17,0.03,0,0.38,0,2.21,0.21,0,0,-0.0001751, 0.0003310, 0.00033105, 0.00499481, 0.0003310,buy
2010-09-18,0,0,0.92,0,1.56,0.18,0,0,-0.0059492,-0.0021831,-0.00647901,-0.00729852,-0.0045875,sell
2010-09-19,0,0,1.59,0.68,0.96,0,0,0,-0.0003761,-0.0022322,-0.00571334,-0.00528751,-0.0032470,sell
2010-09-20,0,0,1.09,1.76,0.76,0,0,0, 0.0059258, 0.0048921, 0.00590645, 0.00365795, 0.0046438,buy
2010-09-21,0,0,0.45,3.17,0.57,0,0,0.04, 0.0093306, 0.0047808, 0.01101122, 0.01179415, 0.0116796,buy
2010-09-22,0,0,0,2.2,0.64,0,0,0.08, 0.0012783, 0.0008317, 0.00418093, 0.00065700, 0.0002692,buy
2010-09-23,0,0,0,0.86,0.84,0,0,0.2, 0.0053307, 0.0068863, 0.00304510, 0.00229733, 0.0021708,buy
2010-09-24,0,0,0,0,1.23,0,0,0.48,-0.0058623,-0.0036837, 0.00013646,-0.00216475,-0.0038659,sell
2010-09-25,0,0,0,0,1.4,0,0,1.14, 0.0048487, 0.0027393, 0.00015460, 0.00060705, 0.0027318,buy
2010-09-26,0,0.09,0,0,1.04,0,0,1.18, 0.0037900, 0.0033603,-0.00064087, 0.00135326, 0.0046013,buy
2010-09-27,0,0.13,0,0,0.64,0,0,0.51,-0.0000567,-0.0000567, 0.00020207, 0.00094045, 0.0004690,buy
2010-09-28,0,0.29,0,0,0.39,0.19,0,0.21, 0.0044388, 0.0028622, 0.00351590, 0.00730506, 0.0052952,buy
2010-09-29,0,0.42,0,0,0.43,0.48,0,0.09,-0.0074945,-0.0072600,-0.00403472,-0.00730421,-0.0075642,sell
2010-09-30,0,0.69,0.66,0.31,0.72,1.57,0,0.04, 0.0120745,-0.0000385,-0.00100914, 0.00347613,-0.0034889,buy
2010-10-01,0,0.92,1.54,2.13,1.49,3.31,0,0, 0.0014155, 0.0014155, 0.00095729, 0.00372588, 0.0005530,buy
2010-10-02,0,1.2,0.75,3.02,1.23,3.19,0,0,-0.0003212, 0.0036357, 0.00129404, 0.00401201,-0.0045800,sell
2010-10-03,0,1.36,0,1.11,0.73,1.16,0,0.15,-0.0049892,-0.0060739,-0.00357027,-0.00650428,-0.0061821,sell
2010-10-04,0,1.46,0,0,0.76,0.35,0,0.75,-0.0025218,-0.0024125,-0.00105797, 0.00013449,-0.0023271,sell
2010-10-05,0,1.1,0,0,1.18,0,0,1.19, 0.0016029, 0.0014638, 0.00389013, 0.00146381, 0.0020097,buy
2010-10-06,0,0.7,0,0,1.81,0.14,0,0.37, 0.0020186, 0.0000338,-0.00021702, 0.00067619, 0.0005844,buy
2010-10-07,0,0.48,0,0,1.49,0.26,0,0.08, 0.0013543,-0.0099621,-0.00973571,-0.00831760,-0.0131319,sell
2010-10-08,0,0.48,0,0,1.1,0.48,0,0, 0.0068732, 0.0052012, 0.00062938, 0.00716951, 0.0024703,buy
2010-10-09,0,0.71,0,0,1.32,0.9,0,0,-0.0012432,-0.0039256,-0.00439298, 0.00068636,-0.0045081,sell
2010-10-10,0,0.65,0,0,2.49,1.63,0,0, 0.0036079, 0.0070893, 0.00323654, 0.00189885, 0.0018989,buy
2010-10-11,0,0.42,0,0,2.76,1.98,0,0, 0.0069533, 0.0063676, 0.00390878, 0.00346812, 0.0039088,buy
2010-10-12,0,0.39,0,0,1.69,1.29,0,0, 0.0004647, 0.0017481, 0.00598713, 0.00012640, 0.0017481,buy
2010-10-13,0,0.4,0,0,1.36,0.7,0,0,-0.0008376, 0.0026519, 0.00437674, 0.00388068, 0.0037622,buy
2010-10-14,0,0.42,0,0,1.75,0.38,0,0,-0.0007232,-0.0012699, 0.00197628, 0.00197628, 0.0019335,buy
2010-10-15,0.04,0.38,0,0,2.14,0.21,0,0,-0.0044431,-0.0076606,-0.00448018,-0.00493267,-0.0046879,sell
2010-10-16,0.25,0.34,0.64,0,1.59,0.17,0,0, 0.0030322,-0.0074346,-0.00249335, 0.00303217,-0.0067353,buy
2010-10-17,0.8,0.31,2.39,0,1.08,0.29,0,0.06, 0.0045099, 0.0016143, 0.00129499, 0.00328544, 0.0032929,buy
2010-10-18,1.83,0.31,3.96,0,0.98,0.49,0,0.11, 0.0089158, 0.0093459, 0.01003240, 0.00978437, 0.0088850,buy
2010-10-19,1.96,0.34,3.61,0,1.12,0.83,0,0.21, 0.0091591, 0.0095640, 0.00883241, 0.00932472, 0.0084199,buy
2010-10-20,1.77,0.33,2.6,0,1.56,1.4,0,0.4, 0.0042318, 0.0048044, 0.00480438, 0.00638209, 0.0032034,buy
2010-10-21,1.42,0.4,1.59,0,1.39,2,0,0.77,-0.0057877,-0.0057877,-0.00578771,-0.00756345, 0.0011388,sell
2010-10-22,0.96,0.33,0.65,0,0.83,1.64,0,1.19,-0.0039763,-0.0019516,-0.00195163,-0.00204301,-0.0007095,sell
2010-10-23,0.93,0.22,0,0,0.41,0.97,0,0.96,-0.0014171,-0.0080417, 0.00082171,-0.00183980,-0.0006722,sell
2010-10-24,1.13,0.15,0,0,0.23,0.57,0,0.51,-0.0015461,-0.0083039, 0.00034989,-0.00142451,-0.0014245,sell
2010-10-25,0.84,0.24,0,0,0.27,0.34,0,0.27, 0.0001740,-0.0030610,-0.00240179, 0.00029601, 0.0007541,buy
2010-10-26,0.43,0.4,0,0,0.56,0.2,0,0.14,-0.0006174,-0.0069068, 0.00156256, 0.00412905, 0.0003778,buy
2010-10-27,0.21,0.43,0,0,1.38,0,0,0.07, 0.0006971,-0.0006414, 0.00254013, 0.00155173, 0.0040703,buy
2010-10-28,0.11,0.39,0,0,1,0,0,0.04, 0.0016528, 0.0002615, 0.00294774, 0.00570759, 0.0016545,buy
2010-10-29,0.05,0.19,0,0,0.45,0,0,0, 0.0046735, 0.0078017, 0.00924067, 0.00958238, 0.0078080,buy
2010-10-30,0.03,0.09,0,0,0.55,0.29,0,0,-0.0056246,-0.0076756,-0.00393387,-0.00341973,-0.0078803,sell
2010-10-31,0,0.23,0,0,1.25,1.14,0,0,-0.0001415,-0.0003375,-0.00023635,-0.00014154,-0.0001535,buy
2010-11-01,0,0.4,0,0,2.95,2,0,0, 0.0075192, 0.0071084, 0.00116008, 0.00116911, 0.0013593,buy
2010-11-02,0.06,0.35,0,0,2.95,0.86,0,0, 0.0024355, 0.0006620,-0.00020075, 0.00086408,-0.0006739,buy
2010-11-03,0.26,0.32,0,0,2.1,0.22,0,0.05,-0.0097931,-0.0098861,-0.00086217,-0.00975767,-0.0082516,sell
2010-11-04,1.04,0.4,0,0,1.89,0,0,0.2,-0.0035313, 0.0026331, 0.00181612, 0.00372484, 0.0018161,sell
2010-11-05,1.12,0.28,0,0,1.09,0.47,0,0.78, 0.0044248, 0.0027184,-0.00346232, 0.00583048, 0.0060630,buy
2010-11-06,1.15,0.11,0,0,0.51,1.66,0,1.18,-0.0015536,-0.0040844,-0.00302248,-0.00272785,-0.0006630,sell
2010-11-07,1.03,0,0,0,0.51,1.96,0,0.45, 0.0016245, 0.0037697, 0.00348645, 0.00254949, 0.0022639,buy
2010-11-08,0.3,0,0,0,1.36,0.96,0,0.12, 0.0101415, 0.0060984, 0.00609838,-0.00010195, 0.0039773,buy
2010-11-09,0.12,0,0,0,1.21,0.9,0,0,-0.0025599,-0.0101929,-0.01031947,-0.00994407,-0.0053750,sell
2010-11-10,0.07,0,0,0,0.95,1.69,0,0,-0.0016757,-0.0087127,-0.00871274,-0.00531533,-0.0089038,sell
2010-11-11,0.09,0,0.34,0,1.38,1.96,0,0, 0.0059684, 0.0066268,-0.00042902,-0.00605517, 0.0004027,buy
2010-11-12,0.17,0,0.43,0,0.67,1.28,0,0,-0.0028577,-0.0051133,-0.00493819, 0.00368038,-0.0087511,sell
2010-11-13,0.3,0,0.51,0,0.18,1.16,0,0,-0.0035405,-0.0035405,-0.00600181,-0.00003150, 0.0029234,sell
2010-11-14,0.55,0,0.59,0,0,1.94,0,0.05, 0.0108102, 0.0025668, 0.01146139, 0.00778308, 0.0057678,buy
2010-11-15,1.21,0,0.66,0,0,2.2,0,0.13,-0.0093868,-0.0092634,-0.00623149,-0.01097330,-0.0104059,sell
2010-11-16,1.31,0,0.72,0,0,1.83,0,0.33,-0.0088042,-0.0093522,-0.00603742,-0.01045302,-0.0107055,sell
2010-11-17,0.93,0,0.74,0,0.2,2.6,0,0.8, 0.0008850, 0.0008850, 0.00651378, 0.00073979, 0.0061205,buy
2010-11-18,1.15,0,0.75,0,0.5,1.84,0,1.2, 0.0038489, 0.0038489, 0.00435392, 0.00392240, 0.0060173,buy
2010-11-19,1.29,0,0.74,0,1.2,1.16,0,0.71, 0.0059196, 0.0029026, 0.00546756, 0.00433068, 0.0029991,buy
2010-11-20,0.72,0,0.72,0,1.39,1.83,0,0.29, 0.0054121, 0.0005348, 0.00478153,-0.00018061, 0.0078355,buy
2010-11-21,0.4,0,0.67,0,0.68,1.98,0,0.12, 0.0086783, 0.0083517, 0.00569428, 0.00510270, 0.0079642,buy
2010-11-22,0.27,0,0.61,0,0.3,0.94,0,0.11,-0.0021038,-0.0021038,-0.00420872, 0.00465891,-0.0085892,sell
2010-11-23,0.2,0,0.52,0,0.3,0.42,0,0.18, 0.0032566, 0.0030665,-0.00168314, 0.00308760,-0.0015990,buy
2010-11-24,0.14,0,0.44,0,0.6,0.18,0,0.67, 0.0066128, 0.0073294,-0.00088681, 0.00197176,-0.0028248,buy
2010-11-25,0.12,0,0.36,0,1.27,0,0,1.41, 0.0036068, 0.0030229,-0.00019017, 0.00224359, 0.0036710,buy
2010-11-26,0.1,0,0.29,0,2,0,0,1.33, 0.0033991,-0.0006773, 0.00339914, 0.00223333, 0.0019733,buy
2010-11-27,0.08,0,0,0,1.93,0,0,1.7,-0.0014501,-0.0019709,-0.00145011,-0.00092515,-0.0007618,sell
2010-11-28,0.06,0,0,0,2.01,0,0,2.11,-0.0034177,-0.0051176,-0.00289236,-0.00234830, 0.0000270,sell
2010-11-29,0.04,0,0,0,1.74,0,0,1.76,-0.0017874,-0.0004681,-0.00172384,-0.00038504, 0.0005765,sell
2010-11-30,0.03,0,0,0,1.08,0,0,1.32, 0.0054237, 0.0055126,-0.00039699, 0.00221925, 0.0055126,buy
2010-12-01,0,0,0,0,0.82,0,0,0.96,-0.0021604, 0.0016562,-0.00049260,-0.00029350, 0.0016562,sell
2010-12-02,0,0,0,0,0.67,0,0,1.05,-0.0009306, 0.0038479, 0.00362006, 0.00362006, 0.0038479,buy
2010-12-03,0,0,0,0,0.58,0,0,1.34, 0.0036115, 0.0069098, 0.00586276, 0.00586276, 0.0069098,buy
2010-12-04,0,0,0,0,0.54,0,0,0.98, 0.0072762, 0.0061929, 0.00701425, 0.00730280, 0.0073028,buy
2010-12-05,0,0,0,0,0.61,0,0,0.5,-0.0027536, 0.0009669, 0.00037756, 0.00096693, 0.0006071,sell
2010-12-06,0,0,0,0,0.6,0,0,0.23,-0.0011023, 0.0033807, 0.00338074, 0.00389531, 0.0033807,buy
2010-12-07,0,0,0,0,0.62,0,0,0.12,-0.0113236,-0.0082846,-0.01378073,-0.01323081,-0.0087288,sell
2010-12-08,0,0,0,0,0.66,0.15,0,0.06,-0.0108914,-0.0116174,-0.01334623,-0.01398567,-0.0125027,sell
2010-12-09,0,0,0,0,0.71,0.21,0,0,-0.0098150,-0.0089574,-0.01097435,-0.01187604,-0.0102597,sell
2010-12-10,0,0,0,0,0.85,0.28,0,0,-0.0109621,-0.0114399,-0.01235370,-0.01311544,-0.0115917,sell
2010-12-11,0,0,0,0,1.11,0.38,0,0,-0.0082937,-0.0095003,-0.00846860,-0.01054531,-0.0101808,sell
2010-12-12,0,0,0,0,1.79,0.51,0,0.05, 0.0018062, 0.0040505,-0.00175833, 0.00180238, 0.0061950,buy
2010-12-13,0,0.11,0,0,2.07,0.66,0,0.1, 0.0001989,-0.0020208,-0.00011900, 0.00027956,-0.0017173,buy
2010-12-14,0,0.19,0,0,1.37,0.84,0,0.28, 0.0008816,-0.0030043, 0.00302313,-0.00129960,-0.0027376,buy
2010-12-15,0,0.34,0,0,1.05,1.06,0,0.65,-0.0056154,-0.0059087, 0.00072441,-0.00021776,-0.0043549,sell
2010-12-16,0,0.52,0,0,1,1.32,0,1.42,-0.0094345,-0.0068025,-0.00866582,-0.00866582,-0.0106973,sell
2010-12-17,0,0.48,0,0,1.07,1.63,0,1.68,-0.0077151,-0.0003735,-0.00386575,-0.00386575,-0.0066180,sell
2010-12-18,0,0.53,0,0,1.33,2.16,0,1.78, 0.0004523, 0.0033020,-0.00226377,-0.00226377,-0.0053658,sell
2010-12-19,0,0.4,0,0,1.4,3.61,0,1.62, 0.0045737, 0.0019641, 0.00221174, 0.00367588, 0.0020362,buy
2010-12-20,0,0.16,0,0,1.34,4.11,0,1.96,-0.0006758,-0.0041531,-0.00533761,-0.00105125,-0.0027769,sell
2010-12-21,0,0.08,0,0,1.28,2.75,0,2.46, 0.0017517, 0.0040328, 0.00260479,-0.00002557, 0.0011267,buy
2010-12-22,0,0,0,0,1.42,3.05,0,1.62, 0.0032649,-0.0045487,-0.00582220,-0.00105755,-0.0026962,buy
2010-12-23,0,0,0,0,1.93,3.06,0,0.48, 0.0013207, 0.0010480, 0.00401082, 0.00150583, 0.0010886,buy
2010-12-24,0,0,0,0,1.92,2.03,0,0.22,-0.0030772, 0.0003935,-0.00161198,-0.00389397,-0.0038940,sell
2010-12-25,0,0,0,0,1.12,1.68,0,0.16,-0.0004572, 0.0018063,-0.00008168,-0.00072683, 0.0022192,buy
2010-12-26,0,0,0,0,0.98,1.65,0,0.21,-0.0032509,-0.0101964,-0.00916605,-0.00601407,-0.0091661,sell
2010-12-27,0,0,0,0,1.49,2.18,0,0.4, 0.0022974, 0.0000448,-0.00036035, 0.00045575, 0.0006420,buy
2010-12-28,0,0,0,0,1.62,2.57,0,0.77, 0.0084620, 0.0084620, 0.00803471, 0.00846203, 0.0084620,buy
2010-12-29,0,0,0,0,0.88,1.84,0,1.19, 0.0021593, 0.0023119, 0.00117853, 0.00236409, 0.0020220,buy
2010-12-30,0.03,0,0,0,0.6,1.3,0,0.95,-0.0012578,-0.0005352, 0.00220726, 0.00314628,-0.0005352,buy
2010-12-31,0.12,0,0,0,0.59,1.24,0,0.57,-0.0025713,-0.0022927,-0.00228951,-0.00228951,-0.0024954,sell
2011-01-01,0.25,0,0,0,0.56,1.65,0,0.42,-0.0028929,-0.0021270,-0.00306103,-0.00289397,-0.0028940,sell
2011-01-02,0.55,0,0,0,0.77,2.42,0,0.51,-0.0037307,-0.0023883,-0.00328061,-0.00306981,-0.0030350,sell
2011-01-03,1.22,0,0,0,0.95,1.76,0,0.98, 0.0035154, 0.0014942, 0.00017651,-0.00073004, 0.0041164,buy
2011-01-04,1.97,0,0,0,1.06,0.96,0,1.34,-0.0059658,-0.0051890, 0.00423972, 0.00388081,-0.0067412,sell
2011-01-05,1.42,0,0,0,1.23,0.63,0,0.98,-0.0043128, 0.0012716, 0.00052977, 0.00164669,-0.0054027,sell
2011-01-06,0.63,0,0,0,1.31,0.61,0,1.03, 0.0034181,-0.0009041,-0.00370624,-0.00270318,-0.0006345,buy
2011-01-07,0.28,0,0,0,1.37,0.92,0,1.47, 0.0004451, 0.0053251, 0.00035545, 0.00436206, 0.0043345,buy
2011-01-08,0.12,0,0,0,1.6,1.66,0,1.19, 0.0021726, 0.0000777, 0.00079622,-0.00054157,-0.0002324,buy
2011-01-09,0.03,0,0,0,1.87,2.38,0,1.05, 0.0019398,-0.0003977, 0.00418018, 0.00111876, 0.0016125,buy
2011-01-10,0,0,0,0,2.6,1.63,0,1.84, 0.0064336, 0.0080850, 0.00034636, 0.00159895, 0.0113930,buy
2011-01-11,0,0,0,0,3.62,0.9,0,2.43, 0.0001004, 0.0004696,-0.00162495,-0.00073251,-0.0011470,sell
2011-01-12,0,0,0,0,4.14,0.61,0,1.53, 0.0021352, 0.0062731, 0.00376064, 0.00538398,-0.0012043,buy
2011-01-13,0,0,0,0,3.22,0.41,0,0.61,-0.0085750,-0.0084019,-0.00518678,-0.00451612,-0.0058803,sell
2011-01-14,0,0,0,0,1.85,0.42,0,0.24, 0.0055612,-0.0017007,-0.00018299, 0.00547867,-0.0031936,buy
2011-01-15,0,0,0,0,1.21,0.44,0,0.07, 0.0014762,-0.0074483,-0.00551952,-0.00551952,-0.0044208,sell
2011-01-16,0,0,0,0,1.11,0.46,0,0, 0.0002902,-0.0037176,-0.00371764,-0.00504052,-0.0075413,sell
2011-01-17,0,0,0,0,1.51,0.48,0,0,-0.0028818,-0.0070035,-0.00708070,-0.00710390,-0.0070035,sell
2011-01-18,0,0,0,0,1.11,0.51,0,0,-0.0039973,-0.0063040,-0.00278965,-0.00442585,-0.0015143,sell
2011-01-19,0,0,0,0,0.57,0.53,0,0,-0.0060940,-0.0065826,-0.00841594,-0.01009840,-0.0092177,sell
2011-01-20,0,0,0,0,0.4,0.72,0,0, 0.0002022, 0.0016524, 0.00074509,-0.00292650,-0.0029280,sell
2011-01-21,0,0,0,0,0.42,1.14,0,0, 0.0016258, 0.0012394, 0.00307057, 0.00249074, 0.0008730,buy
2011-01-22,0,0,0,0,0.81,2.44,0,0,-0.0157297,-0.0057270,-0.01411419,-0.01572967,-0.0155096,sell
2011-01-23,0,0,0,0,1.54,2.67,0,0.05,-0.0026282, 0.0008587, 0.00381330,-0.00190635,-0.0041637,sell
2011-01-24,0,0,0,0,1.54,1.37,0,0.19,-0.0065114,-0.0010846,-0.00118126,-0.00539243,-0.0065114,sell
2011-01-25,0,0,0,0,1.45,0.98,0,0.67,-0.0006533,-0.0012341,-0.00065332,-0.00065332,-0.0006533,sell
2011-01-26,0,0,0,0,1.83,1.02,0,1.2, 0.0068777, 0.0077298, 0.00285663, 0.00733110, 0.0076269,buy
2011-01-27,0,0,0,0,1.27,1.14,0,0.57,-0.0041939,-0.0040365,-0.00365926,-0.00419390,-0.0036593,sell
2011-01-28,0,0,0,0,0.63,1.47,0,0.15,-0.0047623, 0.0015080,-0.00476234,-0.00491218, 0.0023465,sell
2011-01-29,0,0,0,0,0.49,1.83,0,0.08,-0.0027505, 0.0067765,-0.00078927,-0.00275050, 0.0086908,buy
2011-01-30,0,0,0,0,0.47,2.68,0,0.1,-0.0043262,-0.0039624,-0.00147113,-0.00854492,-0.0042706,sell
2011-01-31,0,0,0,0,0.84,4,0,0.26, 0.0022174, 0.0042034, 0.00231169, 0.00378837, 0.0042034,buy
2011-02-01,0.03,0,0,0,1.6,5.85,0,0.69,-0.0069638, 0.0023688,-0.00063278, 0.00013509,-0.0036027,sell
2011-02-02,0.12,0,0,0,2.71,6.38,0,1.24,-0.0076224, 0.0064208, 0.00051702, 0.00131774,-0.0009800,sell
2011-02-03,0.26,0,0,0,2.14,5.66,0,0.87,-0.0058504, 0.0103741, 0.00542342, 0.00606753, 0.0045341,buy
2011-02-04,0.58,0,0,0,1.42,5.97,0,0.55, 0.0031854, 0.0099522, 0.00843214, 0.00963269, 0.0080119,buy
2011-02-05,1.33,0,0,0,1.3,6.14,0,0.69, 0.0020755, 0.0061793, 0.00515212, 0.00508423, 0.0070523,buy
2011-02-06,1.98,0,0,0,2.14,6.65,0,1.23,-0.0043373,-0.0034435,-0.00420211, 0.00082779, 0.0042272,buy
2011-02-07,1.32,0,0,0,2.59,7.55,0,1.03,-0.0017586, 0.0081020, 0.00309587, 0.00314398, 0.0023093,buy
2011-02-08,0.6,0,0,0,2.03,7.21,0,0.45, 0.0025448, 0.0060783, 0.00488944, 0.00709905, 0.0038811,buy
2011-02-09,0.27,0,0,0,0.7,7.03,0,0.19, 0.0010523, 0.0021913, 0.00242191, 0.00758135, 0.0010523,buy
2011-02-10,0.12,0,0,0,0,8.09,0,0.08,-0.0010273,-0.0000039, 0.00188611, 0.00369593,-0.0010273,sell
2011-02-11,0.04,0,0,0,0,8.29,0,0.04,-0.0029907,-0.0028920, 0.00058611, 0.00274996,-0.0028920,sell
2011-02-12,0.12,0,0,0,0,8.12,0,0,-0.0029486,-0.0029486,-0.00184757,-0.00024420,-0.0029486,sell
2011-02-13,0.53,0,0,0,0,6.11,0,0, 0.0052851, 0.0052851, 0.00307446, 0.00607654, 0.0053381,buy
2011-02-14,0.98,0,0,0,0.12,5.23,0,0, 0.0101965, 0.0057263, 0.00572631, 0.00670488, 0.0067049,buy
2011-02-15,0.38,0,0,0,0.28,7,0,0.06,-0.0003772,-0.0007733, 0.00009548,-0.00012847,-0.0007611,buy
2011-02-16,0.08,0,0,0,0.67,7.37,0,0.17,-0.0036478,-0.0021249, 0.00011094,-0.00100019,-0.0036478,sell
2011-02-17,0,0,0,0,1.49,5.19,0,0.48,-0.0010994, 0.0074163, 0.00664100, 0.00774793, 0.0016629,buy
2011-02-18,0,0.08,0,0,1.42,3.33,0,1.18,-0.0046514,-0.0071231,-0.01119186,-0.00410879,-0.0045171,sell
2011-02-19,0,0.21,0,0,1.11,3,0,0.97,-0.0010513,-0.0003551,-0.00426755, 0.00025190,-0.0001567,sell
2011-02-20,0,0.4,0,0,1.87,2.01,0,0.33, 0.0029232,-0.0011855, 0.00341156, 0.00105367,-0.0011739,buy
2011-02-21,0,0.4,0,0,2.78,1.04,0,0.11, 0.0012827,-0.0017797, 0.00267922, 0.00116761,-0.0018679,buy
2011-02-22,0,0.59,0,0,1.84,0.52,0,0.04, 0.0010580,-0.0033516,-0.00206165,-0.00222486,-0.0007318,buy
2011-02-23,0,0.46,0,0,1.17,0.42,0,0, 0.0046122,-0.0015181,-0.00459049, 0.00180475,-0.0081109,buy
2011-02-24,0,0.4,0,0,1.45,0.35,0,0, 0.0052144,-0.0047560,-0.00633985, 0.00255939,-0.0065377,buy
2011-02-25,0,0.37,0,0,2.87,0.33,0,0, 0.0032505, 0.0023314, 0.00046527, 0.00581612, 0.0042154,buy
2011-02-26,0,0.18,0,0,2.45,0.36,0,0,-0.0015262,-0.0032471,-0.00330680,-0.00158590,-0.0015262,sell
2011-02-27,0,0.08,0,0,1.36,0.68,0,0, 0.0001275,-0.0059956,-0.01247171,-0.00277964,-0.0063522,sell
2011-02-28,0,0,0,0,1.55,1.28,0,0,-0.0042146,-0.0003508,-0.00073805,-0.00357010,-0.0042146,sell
2011-03-01,0,0,0.57,0,1.72,1.98,0,0, 0.0005861, 0.0004861, 0.00230595, 0.00033466,-0.0001546,buy
2011-03-02,0,0,1.6,0,0.82,1.59,0,0, 0.0021075, 0.0030365, 0.00285519, 0.00290927,-0.0006115,buy
2011-03-03,0,0,0.71,0,0.62,0.82,0,0,-0.0063679,-0.0082785,-0.00844700,-0.01063935,-0.0084470,sell
2011-03-04,0,0,0,0,0.67,0.42,0,0, 0.0050940, 0.0057752, 0.00577523, 0.00386834, 0.0024992,buy
2011-03-05,0,0,0.69,0,1.22,0.22,0,0,-0.0043320,-0.0055770,-0.00524235,-0.00573648,-0.0069653,sell
2011-03-06,0,0,1.57,0,1.77,0,0,0,-0.0022760, 0.0010996,-0.00227604,-0.00647700,-0.0062205,sell
2011-03-07,0,0,1.4,0,2.28,0,0,0,-0.0061018, 0.0042931,-0.00609138,-0.00514480,-0.0046559,sell
2011-03-08,0,0,0.53,0,2.96,0,0,0,-0.0000531, 0.0030704,-0.00005313,-0.00050865,-0.0000531,buy
2011-03-09,0,0,0,0,2.55,0,0,0,-0.0055210,-0.0061910,-0.00336091,-0.00655398,-0.0050601,sell
2011-03-10,0,0,0,0,1.1,0,0,0,-0.0104448,-0.0104478,-0.01100650,-0.01132108,-0.0101633,sell
2011-03-11,0.03,0,0,0,0.46,0,0,0.07, 0.0051351, 0.0057493, 0.00537256, 0.00639141, 0.0013013,buy
2011-03-12,0.09,0,0.46,0,0.46,0.29,0,0.36,-0.0007429,-0.0050942,-0.00578836,-0.00601279,-0.0047801,sell
2011-03-13,0.29,0,1,0,0.65,0.78,0,1.16,-0.0019013,-0.0035603,-0.00190132,-0.00100979,-0.0021916,sell
2011-03-14,0.89,0,1.6,0,0.93,1.98,0,0.8,-0.0001758,-0.0059713,-0.00199146,-0.00360278,-0.0005323,buy
2011-03-15,0.97,0,1.16,0,1.34,1.78,0,0.17, 0.0082414, 0.0005082, 0.00824137, 0.00453948, 0.0070231,buy
2011-03-16,0.35,0,0.54,0,1.4,1.09,0,0.04, 0.0019472, 0.0019472, 0.00052656,-0.00477925, 0.0121329,sell
2011-03-17,0.11,0,0,0.69,1.17,1.9,0,0, 0.0014767,-0.0017913, 0.00379518, 0.00457671, 0.0023496,buy
2011-03-18,0.04,0,0,1.6,1.08,2.19,0,0, 0.0004374,-0.0072873,-0.00171167,-0.00341498,-0.0019991,buy
2011-03-19,0,0,0,0.92,1.6,1.36,0,0, 0.0023095, 0.0010774, 0.00196262, 0.00299019,-0.0006426,buy
2011-03-20,0,0,0,0,2.12,2.2,0,0, 0.0078045, 0.0099339, 0.00839381, 0.00997417, 0.0117445,buy
2011-03-21,0,0,0,0,1.79,1.91,0,0, 0.0033635, 0.0056552, 0.00417797, 0.00280225, 0.0058174,buy
2011-03-22,0,0,0,0,1.64,0.66,0,0, 0.0007041, 0.0002912, 0.00040239, 0.00029121,-0.0019841,sell
2011-03-23,0,0,0,0,2.07,0.52,0,0, 0.0014180,-0.0013646,-0.00018098, 0.00657297,-0.0032599,buy
2011-03-24,0,0,0,0,1.69,0.69,0,0.05,-0.0055844,-0.0057241,-0.00552486, 0.00347471,-0.0072912,sell
2011-03-25,0,0.14,0,0,1.23,1.63,0,0.17,-0.0031625,-0.0024120, 0.00307295, 0.00208679,-0.0006701,sell
2011-03-26,0,0.4,0,0,1.16,1.98,0,0.35, 0.0031366, 0.0057543,-0.00227249, 0.00313661, 0.0032225,buy
2011-03-27,0,0.35,0,0,1.74,1.01,0,0.78,-0.0054526,-0.0077792,-0.00748379,-0.00588435,-0.0081073,sell
2011-03-28,0,0.11,0,0,1.62,0.43,0,1.23, 0.0084583, 0.0037232, 0.00500458, 0.00584512, 0.0040728,buy
2011-03-29,0,0,0,0,0.84,0.18,0,0.81,-0.0008359, 0.0032378, 0.00139460, 0.00137534, 0.0031370,buy
2011-03-30,0,0,0,0,0.52,0,0,0.32,-0.0011267,-0.0011789,-0.00030621, 0.00441690,-0.0026193,sell
2011-03-31,0,0,0,0,0.65,0,0,0.14, 0.0012302, 0.0012302, 0.00088712, 0.00297798,-0.0029033,buy
2011-04-01,0,0,0,0,1.27,0.26,0,0.06,-0.0004085,-0.0028459,-0.00319916,-0.00484474,-0.0024492,buy
2011-04-02,0,0,0,0.6,1.39,1.31,0,0, 0.0027657,-0.0046281, 0.00067914,-0.00268496,-0.0015501,buy
2011-04-03,0,0,0,1.54,0.77,2.7,0,0,-0.0035179,-0.0074476,-0.00400309,-0.00396417,-0.0017930,sell
2011-04-04,0,0,0,1.6,0.39,2.6,0,0,-0.0032431,-0.0067401,-0.00384762,-0.00369664,-0.0015386,sell
2011-04-05,0,0,0,0.62,0.2,2.18,0,0, 0.0058686, 0.0038528,-0.00360963, 0.00401297, 0.0053278,buy
2011-04-06,0,0,0.78,0,0.1,0.97,0,0.04, 0.0020778,-0.0013706, 0.00144450, 0.00005533,-0.0015614,buy
2011-04-07,0,0,1.59,0,0.12,0.41,0,0.08, 0.0017264, 0.0029551, 0.00236091,-0.00031437, 0.0029551,buy
2011-04-08,0,0,1,0,0.29,0.42,0,0.16, 0.0036329, 0.0045687, 0.00456867, 0.00334235, 0.0045687,buy
2011-04-09,0,0,0.32,0,0.68,0.51,0,0.32,-0.0035084,-0.0026846, 0.00411790,-0.00010035, 0.0002929,buy
2011-04-10,0,0,0,0,1.93,1.04,0,0.64,-0.0016112,-0.0054307,-0.00544868,-0.00028697,-0.0007058,sell
2011-04-11,0,0,0,0,2.68,2.15,0,1.19, 0.0011223,-0.0048818,-0.00548589, 0.00226273,-0.0012009,sell
2011-04-12,0,0,0,0,1.22,2.14,0,1.1,-0.0080618,-0.0042643,-0.00878804,-0.00318246,-0.0080238,sell
2011-04-13,0,0,0,0,0.48,1.53,0,0.54,-0.0030397,-0.0008124,-0.00366015,-0.00392140, 0.0000928,sell
2011-04-14,0,0,0,0,0.2,1.66,0,0.27, 0.0038117,-0.0003414, 0.00544607, 0.00499341, 0.0047109,buy
2011-04-15,0,0,0,0,0.25,2.18,0,0.14, 0.0057994, 0.0076685, 0.00695246, 0.00766853, 0.0033378,buy
2011-04-16,0,0,0,0.78,0.31,1.75,0,0.07, 0.0031754, 0.0031863, 0.00158862,-0.00398871,-0.0055112,buy
2011-04-17,0,0,0,1.43,0.38,1.05,0,0.03, 0.0016843, 0.0017759, 0.00367811, 0.00367811, 0.0034158,buy
2011-04-18,0,0,0,2.26,0.46,0.9,0,0, 0.0048144, 0.0038705, 0.00074240, 0.00367654, 0.0036765,buy
2011-04-19,0,0,0,2.09,0.96,0.91,0,0,-0.0033607, 0.0000914,-0.00783399,-0.00401885,-0.0031604,sell
2011-04-20,0,0,0,1.56,1.76,1.22,0,0, 0.0000136,-0.0022996,-0.00255631,-0.00269784,-0.0032818,buy
2011-04-21,0,0,0,1.35,2.95,1.99,0,0,-0.0014264,-0.0025627,-0.00718975,-0.00295731,-0.0027753,sell
2011-04-22,0,0,0,1.09,3.31,2.22,0,0, 0.0015254, 0.0021703, 0.00026473, 0.00289454, 0.0004170,buy
2011-04-23,0,0,0,1.08,2.81,1.35,0,0, 0.0018135, 0.0031624, 0.00162255, 0.00264200,-0.0018133,buy
2011-04-24,0.07,0,0,1.01,2.03,0.8,0,0.09, 0.0038502, 0.0019118, 0.00055650,-0.00160606,-0.0020032,buy
2011-04-25,0.16,0,0,0.87,1.43,0.54,0,0.33, 0.0041859, 0.0015137,-0.00012850, 0.00227018,-0.0031587,buy
2011-04-26,0.39,0,0,0.7,1.07,0.45,0,0.91, 0.0031560,-0.0029340,-0.00682973, 0.00029114,-0.0041821,buy
2011-04-27,0.93,0,0,0.53,0.79,0.39,0,1.35, 0.0013414, 0.0017354, 0.00157249, 0.00094044,-0.0062582,sell
2011-04-28,1,0,0,0.37,0.63,0.54,0,0.86,-0.0031386, 0.0031020,-0.00176140,-0.00288931,-0.0018061,sell
2011-04-29,0.43,0,0,0.48,0.51,0.81,0,0.72, 0.0077990,-0.0024053, 0.00522442,-0.00128317, 0.0061930,buy
2011-04-30,0.18,0,0.36,1.5,0.41,1.29,0,1,-0.0044781,-0.0007738, 0.00033059,-0.00230649,-0.0007738,sell
2011-05-01,0.08,0,0.92,1.59,0.33,2.2,0,1.19,-0.0037543,-0.0014841,-0.00124672,-0.00105954,-0.0018669,sell
2011-05-02,0.03,0,1.57,0.52,0.27,2.36,0,0.83, 0.0025483, 0.0087344, 0.00122898, 0.00258166, 0.0038281,buy
2011-05-03,0,0,1.07,0,0.22,2.68,0,0.46,-0.0072924,-0.0067031,-0.00764222,-0.01070091,-0.0046330,sell
2011-05-04,0,0,0.43,0,0.18,2.5,0,0.25, 0.0066479,-0.0050200, 0.00185773,-0.00736400, 0.0024887,buy
2011-05-05,0,0,0,0,0.14,1.2,0,0.14,-0.0082687, 0.0055451,-0.00836992,-0.00654400,-0.0058098,sell
2011-05-06,0,0,0,0,0.11,0.62,0,0.08, 0.0010239, 0.0054654, 0.00229590, 0.00547047, 0.0055332,buy
2011-05-07,0,0,0,0,0,0.81,0,0.04, 0.0074646, 0.0096215, 0.00611625, 0.00828938, 0.0047531,buy
2011-05-08,0,0,0,0,0,1.85,0,0, 0.0048094, 0.0048288, 0.00299630, 0.00247365, 0.0070963,buy
2011-05-09,0,0,0,0,0,1.98,0,0, 0.0044817, 0.0009981, 0.00119945,-0.00082794, 0.0066704,buy
2011-05-10,0,0,0,0,0,0.91,0,0, 0.0024342, 0.0044622, 0.00289871, 0.00075526, 0.0051769,buy
2011-05-11,0,0.12,0,0,0.12,0.41,0,0,-0.0034540,-0.0013090, 0.00088268,-0.00597700,-0.0035054,sell
2011-05-12,0,0.29,0,0,0.23,0.18,0,0, 0.0005712,-0.0029746,-0.00163201,-0.01326311,-0.0022285,sell
2011-05-13,0,0.39,0,0,0.6,0,0,0,-0.0022376,-0.0039969, 0.00677570, 0.00772913,-0.0009845,buy
2011-05-14,0,0.22,0,0,1.12,0,0,0, 0.0071242, 0.0061433, 0.00670822, 0.00704788, 0.0061433,buy
2011-05-15,0.04,0.21,0,0,1.97,0,0,0, 0.0015187, 0.0020821, 0.00461411, 0.00186460, 0.0020821,buy
2011-05-16,0.07,0.3,0,0,2.78,0,0,0, 0.0041790, 0.0025987, 0.00157879, 0.00514552, 0.0048028,buy
2011-05-17,0.15,0.4,0,0,3.35,0,0,0, 0.0008145, 0.0009723,-0.00067500, 0.00705518, 0.0013236,buy
2011-05-18,0.41,0.21,0,0,3.98,0,0,0.07, 0.0040621, 0.0041105, 0.00332952, 0.00819391, 0.0042470,buy
2011-05-19,0.99,0.09,0,0,2.53,0,0,0.16,-0.0038330,-0.0009786, 0.00316334, 0.00317357,-0.0004001,buy
2011-05-20,2.4,0,0,0,0.94,0,0,0.38, 0.0008832, 0.0054398, 0.00320385, 0.00085904, 0.0039607,buy
2011-05-21,2.72,0,0,0,0.26,0,0,0.89, 0.0018783,-0.0007545, 0.00187827, 0.00141704, 0.0018783,buy
2011-05-22,1.41,0,1.01,0,0,0,0,1.18,-0.0018117,-0.0027130,-0.00532753,-0.00078574,-0.0046295,sell
2011-05-23,0.52,0,2.7,0,0,0,0,0.67, 0.0045337, 0.0045641, 0.00539938, 0.00307309, 0.0047737,buy
2011-05-24,0.19,0,3.12,0,0,0,0,0.36, 0.0075742, 0.0078042, 0.00739804, 0.00733960, 0.0075742,buy
2011-05-25,0.06,0,2.85,0,0,0,0,0.38, 0.0080494, 0.0081818, 0.00775567, 0.00802961, 0.0079709,buy
2011-05-26,0.03,0,2.06,0,0,0.42,0,1.13, 0.0006201,-0.0054864,-0.00668839,-0.00638585,-0.0058722,sell
2011-05-27,0,0,1.54,0,0,1.96,0,1.27, 0.0053538, 0.0054464, 0.00618108, 0.00139372, 0.0059194,buy
2011-05-28,0.05,0.13,1.91,0,0,1.9,0,0.58, 0.0011160, 0.0008976, 0.00144049, 0.00111604, 0.0011024,buy
2011-05-29,0.12,0.39,1.14,0,0,0.77,0,0.76,-0.0005894,-0.0068193, 0.00093896, 0.00151245,-0.0069419,sell
2011-05-30,0.29,0.35,0.48,0,0,1.11,0,1.25, 0.0001157,-0.0024287, 0.00008090, 0.00008090,-0.0001875,buy
2011-05-31,0.69,0.4,0,0,0.1,1.95,0,0.94, 0.0104752, 0.0060686, 0.00410998, 0.00472587, 0.0042440,buy
2011-06-01,0.99,0.34,0,0,0.48,1.35,0,0.62,-0.0025326, 0.0045761, 0.00409858, 0.00409858, 0.0036335,buy
2011-06-02,0.59,0.4,0,0,1.38,0.91,0,1.09,-0.0031886,-0.0024012,-0.00414521,-0.00237309, 0.0001467,sell
2011-06-03,0.24,0.35,0,0,0.78,1.07,0,1.78,-0.0037148,-0.0033797,-0.00525645,-0.00488468,-0.0027587,sell
2011-06-04,0.1,0.26,0,0,0.15,1.77,0,1.27, 0.0029850, 0.0026136, 0.00243541, 0.00308656, 0.0030784,buy
2011-06-05,0.07,0.39,1.19,0,0,3.38,0,1.24, 0.0071664, 0.0063595, 0.00466753, 0.00464704, 0.0069572,buy
2011-06-06,0.25,0.43,1.57,0,0,4,0,0.89, 0.0050327, 0.0042062, 0.00270899, 0.00294162, 0.0052579,buy
2011-06-07,1.13,0.26,0.29,0,0.13,2.44,0,0.6,-0.0038736, 0.0009587,-0.00267251,-0.00252812,-0.0028461,sell
2011-06-08,1.1,0.27,0,0,0.32,1.27,0,0.55,-0.0050632, 0.0012748, 0.00165701, 0.00183543,-0.0017500,sell
2011-06-09,0.83,0.4,0,0,0.78,1.42,0,0.95,-0.0068955, 0.0031109, 0.00291538, 0.00311086, 0.0031109,buy
2011-06-10,1.15,0.3,0,0,1.49,2.33,0,1.28, 0.0008541, 0.0027431, 0.00130229, 0.00053071, 0.0005307,buy
2011-06-11,1.62,0.15,0,0,1.08,0.82,0,0.64, 0.0008277, 0.0015039,-0.00311209, 0.00256343, 0.0015517,buy
2011-06-12,1.13,0.2,0,0,0.69,0.14,0,0.2,-0.0100829,-0.0083694,-0.00698825,-0.00960763,-0.0104107,sell
2011-06-13,0.26,0.24,0.52,0,0.9,0,0,0.07, 0.0024003,-0.0029115, 0.00910317, 0.00282823,-0.0029115,buy
2011-06-14,0.09,0.4,1.59,0,1.62,0,0,0, 0.0021602, 0.0043848, 0.00184220, 0.00362701, 0.0054896,buy
2011-06-15,0.18,0.35,1.54,0,1.19,0,0,0, 0.0034606, 0.0044393,-0.00355511, 0.00195520, 0.0025535,buy
2011-06-16,0.88,0.18,0.51,0,0.6,0,0,0.07,-0.0006587,-0.0007307,-0.00090152, 0.00264131,-0.0007307,sell
2011-06-17,1.78,0.1,0,0,0.43,0,0,0.3, 0.0011424,-0.0034574,-0.00122745, 0.00085756,-0.0008182,buy
2011-06-18,1.24,0.39,0,0.32,0.53,0,0,1.33,-0.0018003, 0.0008864, 0.00010510, 0.00119598,-0.0007028,sell
2011-06-19,0.54,0.38,0,1.56,0.66,0,0,1.2, 0.0044207,-0.0004380, 0.00164068,-0.00036598, 0.0008193,buy
2011-06-20,0.39,0,0,1.1,0.81,0,0,0.92, 0.0053025, 0.0014678,-0.00109266, 0.00458143, 0.0029623,buy
2011-06-21,0.64,0,0,0,1.13,0,0,2.16,-0.0027483, 0.0017911, 0.00386925, 0.00120732,-0.0010105,buy
2011-06-22,1.04,0,0,0,1.43,0.27,0,2.06, 0.0023787, 0.0033895, 0.00635827, 0.00284461, 0.0016786,buy
2011-06-23,0.85,0.17,0,0,1.84,0.97,0,1.03,-0.0046681,-0.0071385,-0.00421833,-0.00448440,-0.0044844,sell
2011-06-24,0.74,0.49,0,0,2.02,2.62,0,0.74,-0.0048678, 0.0008040,-0.00474093,-0.00452404,-0.0050670,sell
2011-06-25,1.12,0.39,0.76,0,2.31,3.98,0,1.02,-0.0025469, 0.0036372,-0.00123606,-0.00143248,-0.0024153,sell
2011-06-26,0.74,0.4,1.56,0.53,2.98,2.33,0,1.3, 0.0021629,-0.0029507,-0.00688093,-0.00217064,-0.0097288,sell
2011-06-27,0.23,0.26,1.04,1.27,3.45,0.86,0,0.8,-0.0008747,-0.0010766, 0.00259795,-0.00113530,-0.0031488,sell
2011-06-28,0.07,0.11,0.94,1.59,2.69,0.18,0,0.36, 0.0009192, 0.0000111, 0.00196391, 0.00076093,-0.0011093,buy
2011-06-29,0,0,1.59,0.81,1.72,0,0,0.24, 0.0028591, 0.0020056, 0.00200559, 0.00280180, 0.0028573,buy
2011-06-30,0.04,0,1.39,0.34,1.14,0,0,0.28, 0.0009179,-0.0028496,-0.00310219,-0.00251665,-0.0046762,sell
2011-07-01,0.12,0,1.28,0,0.77,0,0,0.51,-0.0045463,-0.0051890,-0.00518899,-0.00638628,-0.0049594,sell
2011-07-02,0.31,0,1.95,0,0.53,0,0,1.15,-0.0057926,-0.0015626,-0.00186816,-0.00450125,-0.0023551,sell
2011-07-03,0.87,0,0.96,0,0.3,0,0,1.31,-0.0120633,-0.0099341,-0.01057541,-0.00838010,-0.0076262,sell
2011-07-04,2.29,0,0.39,0,0.14,0,0,1.02,-0.0090543,-0.0083202,-0.00797751,-0.00263408,-0.0090020,sell
2011-07-05,2.44,0.09,1.59,0,0.11,0,0,1.57,-0.0021270,-0.0076204,-0.00658743,-0.00308594,-0.0024613,sell
2011-07-06,1.49,0.45,1.53,0,0,0,0,1.42, 0.0074049, 0.0081553, 0.00825037, 0.00715677, 0.0053523,buy
2011-07-07,0.9,0.75,0.38,0.49,0,0,0,1.49, 0.0067251, 0.0055948, 0.00043400, 0.00559482, 0.0008736,buy
2011-07-08,0.41,0.55,0,1.49,0,0,0,1.16, 0.0030644,-0.0015689,-0.00185937,-0.00466317,-0.0046632,buy
2011-07-09,0.23,0.18,0.71,1.57,0,0,0,0.4, 0.0013523, 0.0020949, 0.00247153, 0.00172694, 0.0066120,buy
2011-07-10,0.13,0.08,1.6,0.54,0,0,0,0.22,-0.0038999,-0.0013384,-0.00707847,-0.00649207,-0.0011820,sell
2011-07-11,0.12,0,1.3,0,0,0,0,0.33,-0.0028239, 0.0018164,-0.00271543,-0.00282390, 0.0012033,sell
2011-07-12,0.15,0,0.48,0.27,0,0,0,0.82, 0.0090987, 0.0103969, 0.00928370, 0.00676872, 0.0047372,buy
2011-07-13,0.24,0,0,0.98,0,0,0,1.18, 0.0004067, 0.0006043,-0.00096866, 0.00209274, 0.0006043,buy
2011-07-14,0.52,0.14,0,1.56,0,0,0,0.59,-0.0039857,-0.0029399,-0.00398567,-0.00292443,-0.0039857,sell
2011-07-15,0.99,0.68,0,0.72,0,0,0,0.21, 0.0110058, 0.0026500, 0.00711753, 0.00251256, 0.0076929,buy
2011-07-16,0.86,1.17,0.43,0,0.15,0,0,0.07, 0.0003941,-0.0003443,-0.00348866,-0.00012373, 0.0007739,buy
2011-07-17,0.39,0.87,1.53,0,0.25,0,0,0, 0.0029270, 0.0029270, 0.00336998,-0.00117093, 0.0004623,buy
2011-07-18,0.18,0.26,1.6,0,0.4,0,0,0, 0.0044996, 0.0038079,-0.00015889, 0.00331912, 0.0024095,buy
2011-07-19,0.08,0,0.45,0,0.64,0.38,0,0,-0.0016713,-0.0082827,-0.00828269,-0.00833762,-0.0083950,sell
2011-07-20,0.04,0,0,0,1.04,0.72,0,0,-0.0078932, 0.0040260, 0.00287447,-0.00104302,-0.0012989,sell
2011-07-21,0,0,0.42,0,1.39,1.35,0,0,-0.0005254,-0.0026864, 0.00784123,-0.00122774,-0.0012277,buy
2011-07-22,0,0,1,0,1.13,2.5,0,0,-0.0022653,-0.0009382,-0.00089623,-0.00161604, 0.0015663,sell
2011-07-23,0.04,0,1.6,0,0.8,3.67,0,0, 0.0056863, 0.0053310, 0.00568628, 0.00566185, 0.0061672,buy
2011-07-24,0.08,0,1.03,0,0.6,3.39,0,0, 0.0016048, 0.0015698, 0.00270563, 0.00323460, 0.0016289,buy
2011-07-25,0.2,0,0.43,0.35,0.54,2.19,0,0,-0.0006100,-0.0039850, 0.00641825,-0.00542136,-0.0001358,buy
2011-07-26,0.47,0,0.29,0.59,0.66,1.31,0,0, 0.0056711, 0.0057356, 0.00762204, 0.00496444, 0.0039904,buy
2011-07-27,0.99,0,1.34,0.97,1.03,0.79,0,0.03,-0.0060867,-0.0053099,-0.00633595,-0.00255920,-0.0074495,sell
2011-07-28,0.89,0,3.14,1.48,1.39,0.5,0,0.07,-0.0045522,-0.0034200, 0.00373053,-0.00567493,-0.0009134,buy
2011-07-29,0.5,0,2.7,1.6,1.02,0.32,0,0.16,-0.0042019, 0.0060856, 0.00723325, 0.00021844, 0.0074930,buy
2011-07-30,0.52,0.12,1.02,1.19,0.48,0,0,0.34, 0.0054180, 0.0061614, 0.00624654, 0.00594399, 0.0063521,buy
2011-07-31,1.06,0.28,0.51,0.9,0.21,0,0,0.73, 0.0002511,-0.0056784, 0.00724873,-0.00037831, 0.0023187,buy
2011-08-01,1.39,0.4,1.54,0.72,0,0,0,1.23, 0.0082005, 0.0103738, 0.00944462, 0.00905477, 0.0086419,buy
2011-08-02,1.13,0.25,1.59,0.62,0,0,0,1.01, 0.0064792, 0.0100175, 0.01001753, 0.01002749, 0.0075689,buy
2011-08-03,1.12,0.11,0.52,0.91,0,0,0,0.79,-0.0072930,-0.0068929,-0.00510683,-0.00720229,-0.0067095,sell
2011-08-04,0.75,0,0,1.57,0,0,0,1.2,-0.0118901,-0.0017432,-0.01209774,-0.00371633,-0.0109428,sell
2011-08-05,0.38,0,0,2.3,0,0,0,1.39,-0.0049192,-0.0033561,-0.00729638,-0.00359744,-0.0048992,sell
2011-08-06,0.21,0,0,2.58,0,0.17,0,0.78, 0.0062124,-0.0038225, 0.00012479, 0.00240632, 0.0055018,buy
2011-08-07,0.11,0,0,3.16,0,0.4,0,0.6, 0.0095453, 0.0031117, 0.00905304, 0.01139919, 0.0125017,buy
2011-08-08,0.06,0,0,2.83,0,0.61,0,0.83, 0.0072176, 0.0017553, 0.00361124, 0.00716165, 0.0064176,buy
2011-08-09,0.03,0,0,2.11,0,0.97,0,1.19,-0.0009912, 0.0033383, 0.00303979, 0.00483739,-0.0037911,sell
2011-08-10,0,0.14,0,2.22,0,1.68,0,1, 0.0051387, 0.0073029, 0.00455327, 0.00600119,-0.0024740,buy
2011-08-11,0,0.57,0,2.1,0,2.39,0,0.54,-0.0070784,-0.0040234, 0.00611111,-0.00402342,-0.0075834,sell
2011-08-12,0,1.17,0,1.28,0,2.21,0,0.29,-0.0048390,-0.0048390,-0.00179926,-0.00483899,-0.0060097,sell
2011-08-13,0,1.38,0,0.54,0,1.77,0,0.16,-0.0062371,-0.0062555,-0.00702371,-0.00570293,-0.0061838,sell
2011-08-14,0,0.83,0,0.3,0,2.02,0,0.09, 0.0022985, 0.0054069, 0.00772482, 0.00490949, 0.0009909,buy
2011-08-15,0,0.22,0.31,0,0,2.98,0,0.05, 0.0068913, 0.0066241, 0.00207693, 0.00924700, 0.0041448,buy
2011-08-16,0,0,0.68,0,0,5.32,0,0, 0.0044596, 0.0046632, 0.00471150, 0.00596479, 0.0044579,buy
2011-08-17,0,0,1.48,0,0,5.7,0,0, 0.0042110, 0.0043555, 0.00440379, 0.00578716, 0.0042110,buy
2011-08-18,0,0,1.59,0,0,3.89,0,0.05, 0.0010424, 0.0048469, 0.00505672, 0.00110425, 0.0045249,buy
2011-08-19,0,0.11,0.78,0,0,3.04,0,0.08,-0.0057104,-0.0071894,-0.00414504,-0.00619603,-0.0068426,sell
2011-08-20,0,0.28,0.36,1.07,0,3.65,0,0.13,-0.0088175,-0.0081111,-0.00797882,-0.00808447,-0.0082277,sell
2011-08-21,0,0.47,0,2.22,0,4.21,0,0.22,-0.0097984, 0.0004792, 0.00473230, 0.00052611,-0.0094072,sell
2011-08-22,0.03,0.68,0,2.56,0,3.65,0,0.36,-0.0087314, 0.0007921, 0.00577230, 0.00079211,-0.0088698,sell
2011-08-23,0.11,0.73,0.51,1.89,0,2.35,0,0.58,-0.0060760,-0.0048393, 0.00516548,-0.00466572,-0.0089787,sell
2011-08-24,0.37,0.86,1.57,0.64,0,1.07,0,0.94, 0.0047336,-0.0008722,-0.00087225,-0.00019407,-0.0019648,buy
2011-08-25,1.09,0.95,2.04,0.27,0,0.6,0,1.2, 0.0044450,-0.0016414,-0.00259480,-0.00134094,-0.0037175,buy
2011-08-26,1.19,0.81,2,0,0,0.35,0,0.92,-0.0031646,-0.0066192, 0.00013127,-0.00543969,-0.0000075,buy
2011-08-27,0.96,0.68,2.72,0,0.13,0.15,0,0.56,-0.0077114,-0.0077114,-0.00879410,-0.00727434,-0.0079271,sell
2011-08-28,1.32,0.61,2.43,0,0.19,0,0,0.35,-0.0051231,-0.0041268, 0.00341148,-0.00440001, 0.0031383,buy
2011-08-29,1.45,0.51,1.47,0,0.25,0,0,0.22,-0.0043382,-0.0047416, 0.00735845,-0.00556287, 0.0070843,buy
2011-08-30,1.36,0.56,1.39,0,0.29,0,0,0.13,-0.0044677,-0.0045512, 0.00754883,-0.00459107, 0.0070079,buy
2011-08-31,0.73,0.53,1.57,0,0.42,0,0,0.08, 0.0104142, 0.0105710, 0.00608174, 0.00666024, 0.0072108,buy
2011-09-01,0.55,0.33,0.67,0,0.63,0,0,0.05,-0.0008618, 0.0028148,-0.00090813,-0.00181906,-0.0013514,sell
2011-09-02,0.89,0.13,0,0,1.19,0,0,0,-0.0038435,-0.0039317,-0.00265751,-0.00264668,-0.0038435,sell
2011-09-03,1,0,0,0,1.61,0,0,0, 0.0022396, 0.0028327, 0.00314547, 0.00122713, 0.0022552,buy
2011-09-04,0.48,0,0,0,0.9,0,0,0, 0.0002587, 0.0015968, 0.00171999, 0.00052982, 0.0002061,buy
2011-09-05,0.2,0,0,0,0.5,0,0,0, 0.0137653, 0.0113462, 0.00921195, 0.01281319, 0.0119096,buy
2011-09-06,0.08,0.09,0,0,0.38,0,0,0, 0.0096084,-0.0020698,-0.00325861,-0.00206975, 0.0088169,buy
2011-09-07,0.03,0.28,0,0.64,0.59,0.15,0,0, 0.0040592, 0.0089437, 0.00858232, 0.00855466, 0.0018576,buy
2011-09-08,0,0.39,0,1.57,1.28,0.53,0,0,-0.0053586,-0.0056053,-0.00535855,-0.00654095,-0.0011208,sell
2011-09-09,0.03,0.27,0,0.97,1.39,1.93,0,0, 0.0050752, 0.0037178, 0.00532143, 0.00835941, 0.0053214,buy
2011-09-10,0.15,0.31,1.1,0,0.69,1.96,0,0, 0.0034207,-0.0014388, 0.00021388, 0.00099726, 0.0013528,buy
2011-09-11,0.66,0.39,1.91,0,0.32,0.5,0,0, 0.0087005, 0.0088868, 0.00796242, 0.00413816, 0.0073668,buy
2011-09-12,1,0.27,2.34,0,0.15,0,0,0,-0.0116261, 0.0039927,-0.01017886,-0.01076805,-0.0116261,sell
2011-09-13,0.46,0.28,2.74,0,0,0,0,0, 0.0046018, 0.0046018, 0.00513928, 0.00273418, 0.0057835,buy
2011-09-14,0.89,0.39,2.36,0,0,0.18,0,0,-0.0047455, 0.0029819,-0.00363991,-0.00474549,-0.0047455,sell
2011-09-15,0.98,0.22,1.47,0.29,0,0.52,0,0.04,-0.0037645,-0.0044321,-0.01123004,-0.00489452,-0.0047849,sell
2011-09-16,0.24,0.24,1.39,0.9,0,1.56,0,0.12, 0.0080904, 0.0080904, 0.00379007, 0.00816381, 0.0081638,buy
2011-09-17,0.18,0.37,1.59,1.6,0.28,1.95,0,0.36, 0.0013562,-0.0002099, 0.00112783, 0.00094842, 0.0015797,buy
2011-09-18,0.37,0.4,1.02,0.86,1.34,0.81,0,1.09,-0.0022331,-0.0013647, 0.00024512,-0.00194582, 0.0014360,sell
2011-09-19,1.02,0.16,0.58,0.28,1.36,0.26,0,1.19,-0.0139603,-0.0141254,-0.00479237,-0.00292764,-0.0122611,sell
2011-09-20,1.21,0.31,0.91,0,0.29,0,0,0.42, 0.0038124, 0.0095310, 0.00709559, 0.00384643, 0.0091742,buy
2011-09-21,0.78,0.47,2.06,0,0,0,0,0.14, 0.0082779, 0.0084642, 0.00445437, 0.00468307, 0.0049918,buy
2011-09-22,0.87,0.49,3.16,0,0,0,0,0.05,-0.0046355,-0.0036304,-0.00474562,-0.00463545,-0.0046355,sell
2011-09-23,1.03,0.32,2.16,0,0,0,0,0,-0.0110121,-0.0010427,-0.01126480,-0.01126480,-0.0108713,sell
2011-09-24,0.74,0.11,2.28,0.62,0,0,0,0.06,-0.0060351,-0.0017443,-0.00613738,-0.00769699,-0.0112783,sell
2011-09-25,0.45,0.34,2.42,1.53,0,0,0,0.14,-0.0011478, 0.0052657, 0.00148334,-0.00331393, 0.0002625,sell
2011-09-26,0.3,0.39,1.81,2.9,0,0,0,0.43,-0.0086754,-0.0049767,-0.00765642,-0.00615271,-0.0074673,sell
2011-09-27,0.38,0.14,1.59,2.77,0,0,0,1.3,-0.0079054,-0.0075302,-0.00776173,-0.00919750,-0.0072916,sell
2011-09-28,0.84,0,1.03,1.4,0,0,0,2.44, 0.0039152, 0.0034858, 0.00348577, 0.00401478, 0.0032072,buy
2011-09-29,1.82,0,1.03,1.45,0,0,0,1.52,-0.0077548,-0.0105984,-0.00624324,-0.00775484,-0.0074573,sell
2011-09-30,1.51,0,2.43,1.6,0,0,0,0.73, 0.0058222,-0.0013094, 0.00417471, 0.00580373, 0.0077696,buy
2011-10-01,0.66,0,2.4,1.1,0,0,0,0.67, 0.0002644, 0.0101811, 0.00891545, 0.00298896, 0.0100807,buy
2011-10-02,0.24,0.18,1.6,0.71,0,0,0,1.07,-0.0021300, 0.0010357,-0.00160497, 0.00061826, 0.0035514,buy
2011-10-03,0.11,0.39,0.72,0.46,0,0,0,1.19,-0.0057577,-0.0060937,-0.00609373,-0.00587624,-0.0026497,sell
2011-10-04,0.08,0.18,0.27,0.3,0,0,0,0.74, 0.0062500, 0.0106311, 0.00620488,-0.00063017, 0.0031921,buy
2011-10-05,0.1,0.15,0,0,0,0,0,0.4, 0.0092097, 0.0118811, 0.01188110, 0.00457224, 0.0120809,buy
2011-10-06,0.32,0.37,0,0,0,0,0,0.21,-0.0082956,-0.0045843,-0.00685133,-0.00455645,-0.0038104,sell
2011-10-07,0.97,0.4,0,0,0,0,0,0.12,-0.0097225,-0.0101521,-0.01147457,-0.00735586,-0.0102357,sell
2011-10-08,0.98,0.17,0,0,0,0,0,0.06,-0.0032189,-0.0047769,-0.00477653,-0.00323655,-0.0047765,sell
2011-10-09,0.32,0.07,0.58,0,0,0,0,0, 0.0009457, 0.0008202,-0.00155082, 0.00086259, 0.0008626,buy
2011-10-10,0.22,0,1.59,0,0,0,0,0, 0.0045806, 0.0058373, 0.00114352, 0.00458064, 0.0067299,buy
2011-10-11,0.54,0,1.35,0,0,0,0,0,-0.0024593, 0.0025502,-0.00211800,-0.00214133, 0.0007277,sell
2011-10-12,0.98,0,0.43,0,0,0,0,0.04,-0.0034265,-0.0089023,-0.00931272,-0.00648440,-0.0093127,sell
2011-10-13,0.44,0,0.62,0.45,0,0,0,0.1,-0.0019818,-0.0008282,-0.00201885,-0.00283310,-0.0097879,sell
2011-10-14,0.1,0.1,1.59,1.53,0,0,0,0.27, 0.0024489,-0.0032741,-0.00159684,-0.00222190, 0.0008654,buy
2011-10-15,0,0.18,0.92,1.59,0,0,0,0.69,-0.0000310,-0.0000310, 0.00114407,-0.00296414, 0.0017961,buy
2011-10-16,0,0.31,0,0.93,0,0,0,1.25, 0.0082260, 0.0036875, 0.00383345, 0.00991605, 0.0035822,buy
2011-10-17,0,0.4,0,1.6,0,0,0,0.93, 0.0024441, 0.0017777, 0.00200455, 0.00208442, 0.0017777,buy
2011-10-18,0.07,0.3,0,1.17,0,0,0,0.81, 0.0037901, 0.0074866, 0.00334646, 0.00883695, 0.0032059,buy
2011-10-19,0.16,0.18,0,0,0,0,0,1.3,-0.0094027,-0.0069489,-0.00760818,-0.00940268,-0.0079914,sell
2011-10-20,0.39,0.21,0,0,0,0,0,0.9,-0.0009884, 0.0079939, 0.00079656,-0.00052011,-0.0017985,buy
2011-10-21,0.96,0.37,0,0,0,0,0,0.32,-0.0044599,-0.0068632,-0.00711802,-0.00809893,-0.0070080,sell
2011-10-22,1,0.74,0,0,0,0,0,0.18, 0.0009600, 0.0046771, 0.00087803, 0.00497960, 0.0051582,buy
2011-10-23,0.41,0.92,0.49,0,0,0.35,0,0.19, 0.0020523, 0.0011175, 0.00318011, 0.00214474, 0.0071279,buy
2011-10-24,0.17,0.82,1.22,0,0.24,1.24,0,0.41, 0.0026666, 0.0035324, 0.00353238, 0.00389371, 0.0054467,buy
2011-10-25,0.07,0.36,1.6,0,0.79,2.67,0,0.79,-0.0034995,-0.0024537,-0.00430406,-0.00676447,-0.0018123,sell
2011-10-26,0,0.14,0.81,0,1.84,3.16,0,1.51, 0.0070372, 0.0027987,-0.00029024, 0.00311387, 0.0031139,buy
2011-10-27,0,0.09,0.32,0.52,2.46,1.98,0,1.85, 0.0101813, 0.0088984, 0.00111286, 0.00632127, 0.0098457,buy
2011-10-28,0,0,0,1.42,1.66,0.58,0,1.87, 0.0014428,-0.0057253,-0.00569916,-0.00661409,-0.0045349,sell
2011-10-29,0,0,0,1.57,0.53,0,0,1.43, 0.0108298, 0.0071236, 0.00965146, 0.00349854, 0.0074704,buy
2011-10-30,0,0,0,0.63,0.12,0,0,1.23,-0.0042352,-0.0027808,-0.00341914,-0.00157230,-0.0027808,sell
2011-10-31,0.11,0,0,0,0,0,0,2.19, 0.0083874, 0.0010949,-0.00194815, 0.00141697,-0.0014624,buy
2011-11-01,0.34,0,0,0,0,0,0,2.42, 0.0058419, 0.0044731,-0.00533091, 0.00479530,-0.0065737,buy
2011-11-02,1.12,0,0,0,0,0,0,1.01,-0.0029592,-0.0080469,-0.00804689,-0.00403396,-0.0084291,sell
2011-11-03,1.99,0,0,0.3,0,0,0,0.43,-0.0037449,-0.0063971,-0.00579947,-0.00181395,-0.0024558,sell
2011-11-04,1.06,0,1.06,0.49,0.33,0,0,0.37,-0.0036893, 0.0023388, 0.00203959,-0.00038663,-0.0010585,sell
2011-11-05,0.33,0,3.17,0.78,1.02,0,0,0.53, 0.0039668, 0.0033004, 0.00327482, 0.00555124, 0.0034258,buy
2011-11-06,0.1,0.07,2.63,1.24,2.78,0.46,0,1,-0.0042899,-0.0020321, 0.00145132, 0.00208248,-0.0042361,sell
2011-11-07,0,0.18,0.75,1.59,2.42,1.28,0,1.19, 0.0020736, 0.0052592, 0.00429040, 0.00207362, 0.0034087,buy
2011-11-08,0,0.4,0,1.29,0.81,3.45,0,0.75,-0.0097845,-0.0112973,-0.00997482,-0.00660255,-0.0095004,sell
2011-11-09,0,0.34,0.37,0.81,0.27,3.98,0,0.4,-0.0088897,-0.0088897,-0.01089968,-0.00953597,-0.0088897,sell
2011-11-10,0.04,0.14,0.59,0.52,0,1.89,0,0.22, 0.0042504,-0.0051863,-0.00663227,-0.00350193,-0.0059119,buy
2011-11-11,0.07,0,0.95,0.33,0,1.15,0,0.12, 0.0044199, 0.0046157, 0.00422431, 0.00914665, 0.0048430,buy
2011-11-12,0.11,0,1.52,0,0,1.28,0,0.06, 0.0027856, 0.0079853, 0.00787681, 0.00252911, 0.0029746,buy
2011-11-13,0.2,0,1.59,0,0.13,1.98,0,0,-0.0020574,-0.0009629,-0.00079837,-0.00323566,-0.0042082,sell
2011-11-14,0.38,0,1.04,0,0.29,1.26,0,0, 0.0015058, 0.0015058, 0.00103021,-0.00034520,-0.0013827,sell
2011-11-15,0.65,0.15,0.66,0,0.64,0.53,0,0,-0.0036086,-0.0036086, 0.00244325, 0.00232901,-0.0040821,sell
2011-11-16,1.06,0.54,0.42,0,1.39,0.22,0,0.04, 0.0003278, 0.0059190,-0.00018277, 0.00205484, 0.0060683,buy
2011-11-17,1.07,0.61,0,0,1.34,0,0,0.09,-0.0043987, 0.0060756,-0.00581467,-0.00209557, 0.0060756,sell
2011-11-18,0.72,0.49,0,0,0.61,0,0,0.22, 0.0035797, 0.0050258, 0.00045433, 0.00337586, 0.0038179,buy
2011-11-19,0.61,0.24,0,0,0.27,0,0,0.53, 0.0009331, 0.0062986, 0.00168904, 0.00093313,-0.0020484,buy
2011-11-20,0.66,0.12,0,0,0.12,0,0,1.19, 0.0055691, 0.0069399, 0.00556909, 0.00509052, 0.0081137,buy
2011-11-21,0.91,0.07,0,0,0,0,0,1.06,-0.0023761,-0.0032359,-0.00318426,-0.00274739, 0.0026425,sell
2011-11-22,1.51,0,0.3,0,0,0,0,0.43, 0.0008864,-0.0031165,-0.00344368, 0.00166965, 0.0008098,buy
2011-11-23,2.03,0,0.81,0,0,0,0,0.22,-0.0021942,-0.0071142,-0.00358004,-0.00219419,-0.0036334,sell
2011-11-24,1.48,0,1.57,0,0,0,0,0.18, 0.0051311, 0.0023935, 0.00362380, 0.00375243, 0.0036587,buy
2011-11-25,0.93,0,1.14,0,0.12,0,0,0.38, 0.0065651, 0.0079829, 0.00836891, 0.00836891, 0.0077458,buy
2011-11-26,0.83,0,0.42,0,0.29,0.17,0,1.09,-0.0062405,-0.0062405,-0.00527237,-0.00794703, 0.0000754,sell
2011-11-27,1.28,0,0,0,0.69,0.23,0,1.29,-0.0067269,-0.0008064,-0.00080639, 0.00078285,-0.0050134,sell
2011-11-28,1.06,0.09,0,0,1.39,0.32,0,0.63, 0.0010757, 0.0062155, 0.00293827, 0.00372253,-0.0001615,buy
2011-11-29,0.4,0.19,0,0,1.15,0.59,0,0.46, 0.0039241, 0.0038601, 0.00190153, 0.00190153, 0.0035208,buy
2011-11-30,0.2,0.39,0,0,0.59,1.18,0,0.57,-0.0033678,-0.0027445,-0.00568202,-0.00370938,-0.0033678,sell
2011-12-01,0.13,0.34,0,0,0.33,2.12,0,0.88,-0.0054287,-0.0040585,-0.00666333,-0.00523568,-0.0038559,sell
2011-12-02,0.18,0.12,0,0,0.16,4.13,0,1.24, 0.0049760,-0.0037267,-0.00018424, 0.00001085,-0.0032322,buy
2011-12-03,0.32,0,0,0,0.2,5.93,0,1.18,-0.0035503,-0.0046870,-0.00508814,-0.00551506,-0.0045367,sell
2011-12-04,0.61,0,0,0,1.08,6.39,0,1.74,-0.0025400, 0.0032462, 0.00274932, 0.00682926, 0.0041170,buy
2011-12-05,0.99,0,0,0,1.64,5.32,0,1.48,-0.0096229,-0.0079890,-0.00644206,-0.00173322,-0.0011457,sell
2011-12-06,0.76,0.1,0,0,0.8,3.97,0,0.43, 0.0119805, 0.0126523, 0.01198048, 0.01190755, 0.0119805,buy
2011-12-07,0.37,0.27,0,0,1.13,3.37,0,0.16, 0.0018563,-0.0048978,-0.00489783,-0.00489783,-0.0048978,sell
2011-12-08,0.17,0.4,0,0,1.92,1.86,0,0.06,-0.0015768,-0.0015768,-0.00105080,-0.00308717,-0.0015768,sell
2011-12-09,0.08,0.22,0,0,1.69,1.02,0,0.04,-0.0002186,-0.0013100, 0.00115223,-0.00021865,-0.0013100,buy
2011-12-10,0.04,0.08,0,0,1.26,0.93,0,0, 0.0006603, 0.0013582, 0.00585743, 0.00324865, 0.0032486,buy
2011-12-11,0.04,0.07,0,0,1.21,2.2,0,0,-0.0064646,-0.0052840,-0.00566233,-0.00614093,-0.0066538,sell
2011-12-12,0.05,0.11,0,0,1.33,2.32,0,0,-0.0056339,-0.0041718,-0.00673650,-0.00690590,-0.0078216,sell
2011-12-13,0.06,0.15,0,0,1.53,0.79,0,0, 0.0013175,-0.0031969, 0.00372724, 0.00273410,-0.0000196,buy
2011-12-14,0.06,0.22,0,0,1.5,0.36,0,0,-0.0067307,-0.0073763,-0.00513923,-0.00586293,-0.0085253,sell
2011-12-15,0.05,0.31,0,0,1.27,0.15,0,0.08,-0.0083369,-0.0048993,-0.00296575,-0.00473576,-0.0090949,sell
2011-12-16,0.04,0.4,0,0,1.12,0,0,0.22,-0.0020630,-0.0011807,-0.00094654,-0.00068089,-0.0018022,sell
2011-12-17,0.03,0.36,0,0,1.43,0,0,0.66,-0.0022975,-0.0000679,-0.00368156,-0.00047338,-0.0018752,sell
2011-12-18,0.03,0.25,0,0,2.1,0,0,1.32,-0.0000123,-0.0054613,-0.00297720,-0.00001226,-0.0038878,sell
2011-12-19,0.09,0.18,0,0,3.43,0,0,1.21,-0.0071748, 0.0007134,-0.00496390,-0.00151771,-0.0041765,sell
2011-12-20,0.22,0.21,0,0,4.1,0,0,1.51,-0.0025010, 0.0038819,-0.00167736, 0.00190617,-0.0026653,sell
2011-12-21,0.55,0.29,0,0,3.17,0,0,1.78,-0.0078123,-0.0037586,-0.00726678,-0.00126013,-0.0046412,sell
2011-12-22,0.98,0.46,0,0,1.59,0,0,1.67,-0.0066877,-0.0034238,-0.00668772,-0.00620037,-0.0036355,sell
2011-12-23,0.69,0.36,0,0,0.79,0.18,0,1.27,-0.0001015, 0.0041618,-0.00201177, 0.00416182, 0.0051172,buy
2011-12-24,0.28,0.16,0,0,0.62,0.44,0,0.51, 0.0075173, 0.0038155, 0.00737841, 0.00424406, 0.0066228,buy
2011-12-25,0.11,0.07,0,0,0.9,1.13,0,0.19,-0.0000249,-0.0003893,-0.00084077,-0.00002489,-0.0014870,buy
2011-12-26,0.04,0.07,0,0,1.52,2,0,0.08,-0.0048035,-0.0043511,-0.00445295,-0.00401749,-0.0044652,sell
2011-12-27,0,0.21,0,0,0.98,1.27,0,0,-0.0004540, 0.0006282, 0.00056411, 0.00047292, 0.0009795,buy
2011-12-28,0,0.39,0,0,0.3,0.46,0,0.05,-0.0113949,-0.0082212,-0.00419492,-0.01170889,-0.0116710,sell
2011-12-29,0,0.24,0,0,0.1,0.16,0,0.14,-0.0031482, 0.0059865, 0.00504127, 0.00815621, 0.0074891,buy
2011-12-30,0,0.08,0,0,0,0,0,0.34, 0.0088529, 0.0087633, 0.00876329, 0.00515341, 0.0061626,buy
2011-12-31,0,0,0,0,0,0.32,0,0.9,-0.0040097,-0.0012168,-0.00317505,-0.00391133,-0.0048620,sell
2012-01-01,0,0,0,0,0,1.07,0,1.2, 0.0053632, 0.0024803, 0.00189174, 0.00780710, 0.0064456,buy
2012-01-02,0,0,0,0,0,2.32,0,0.57,-0.0033620,-0.0002440,-0.00107547,-0.00011245,-0.0026187,sell
2012-01-03,0,0,0,0,0,2.22,0,0.21, 0.0030226, 0.0068886, 0.00484759, 0.00642903, 0.0048700,buy
2012-01-04,0,0,0,0,0,2.46,0,0.07, 0.0075676, 0.0084680, 0.00467342, 0.00781850, 0.0087305,buy
2012-01-05,0.03,0,0.5,0,0,2.31,0,0, 0.0086218, 0.0068286, 0.00859862, 0.00899251, 0.0117443,buy
2012-01-06,0.11,0,1.25,0,0,1.37,0,0.09,-0.0057687,-0.0057687,-0.00526977, 0.00016537, 0.0042796,sell
2012-01-07,0.37,0,1.57,0,0,1.96,0,0.33,-0.0025591,-0.0002922,-0.00139927,-0.00249831, 0.0007835,sell
2012-01-08,1.03,0,0.78,0,0,2.1,0,1.17,-0.0018055,-0.0019855,-0.00045783,-0.00031009,-0.0006751,sell
2012-01-09,0.82,0,0.3,0,0,0.81,0,1.17,-0.0080683,-0.0080683,-0.00724669,-0.00871478,-0.0019282,sell
2012-01-10,0.46,0,0,0,0,0.28,0,0.32,-0.0004705, 0.0003848,-0.00247818,-0.00022197, 0.0003335,buy
2012-01-11,0.67,0,0,0,0,0,0,0.09, 0.0009787, 0.0024890, 0.00179607, 0.00113317, 0.0018970,buy
2012-01-12,1.47,0,0,0,0.13,0.15,0,0,-0.0022359,-0.0057954,-0.00427271,-0.00424160,-0.0042416,sell
2012-01-13,1.99,0,0,0,0.37,0.25,0,0, 0.0013893, 0.0071459, 0.00351407, 0.00196130, 0.0034999,buy
2012-01-14,1.05,0,0,0,1.06,0.41,0,0,-0.0045419,-0.0042994,-0.00414751,-0.00070562,-0.0013051,sell
2012-01-15,0.42,0,0,0,1.39,0.84,0,0.04, 0.0067318, 0.0076121, 0.00686200, 0.00498207, 0.0038505,buy
2012-01-16,0.16,0,0,0,0.61,1.72,0,0.09,-0.0029976,-0.0020569, 0.00303142,-0.00299758,-0.0054633,sell
2012-01-17,0.05,0,0,0,0.41,3.91,0,0.22, 0.0047818, 0.0002922, 0.00036357, 0.00042206,-0.0005154,buy
2012-01-18,0,0,0,0,0.48,3.76,0,0.61, 0.0029269, 0.0040353, 0.00290223, 0.00417188,-0.0002825,buy
2012-01-19,0,0,0,0,1.17,1.67,0,1.36, 0.0019866, 0.0008313,-0.00044902, 0.00057522, 0.0012222,buy
2012-01-20,0.03,0,0,0,1.4,0.73,0,1.49, 0.0038094, 0.0066846, 0.00340126, 0.00696016, 0.0063737,buy
2012-01-21,0.12,0,0,0,0.67,0.44,0,1.38,-0.0002745, 0.0056661,-0.00095646,-0.00024276, 0.0058737,buy
2012-01-22,0.49,0,0,0,0.28,0.26,0,1.37, 0.0071885, 0.0009209, 0.00522644, 0.00471193, 0.0059023,buy
2012-01-23,0.98,0,0,0,0.12,0.31,0,0.74,-0.0010880,-0.0017430,-0.00099257,-0.00651765,-0.0018002,sell
2012-01-24,0.47,0.12,0,0,0,0.22,0,0.33, 0.0006190, 0.0006190,-0.00107004, 0.00007152, 0.0006190,buy
2012-01-25,0.11,0.33,0,0,0.25,0.47,0,0.29, 0.0042975, 0.0060122, 0.00685814, 0.00791260, 0.0054653,buy
2012-01-26,0,0.49,0,0,0.84,1.09,0,0.77,-0.0030150,-0.0023580,-0.00522082,-0.00530065,-0.0030150,sell
2012-01-27,0,0.4,0,0,2.02,2.37,0,1.41, 0.0042189, 0.0035662, 0.00362025, 0.00174840, 0.0035662,buy
2012-01-28,0,0.4,0,0,2.16,4.55,0,1.39, 0.0070405, 0.0021585, 0.00419232, 0.00523474, 0.0048220,buy
2012-01-29,0,0.25,0,0,1.37,4.74,0,1.31, 0.0014382,-0.0004527,-0.00129505, 0.00096537,-0.0007677,buy
2012-01-30,0,0.09,0,0,0.49,3.29,0,0.38,-0.0038847,-0.0023055,-0.00024362,-0.00028245,-0.0008537,sell
2012-01-31,0,0.21,0,0.48,0.6,2.23,0,0.1,-0.0055159,-0.0056320, 0.00000863,-0.00428845,-0.0007771,sell
2012-02-01,0,0.4,0,1.54,1.38,1.14,0,0,-0.0060125,-0.0080032,-0.00585110,-0.00533946,-0.0035240,sell
2012-02-02,0,0.15,0,1.59,1.07,0.74,0,0, 0.0031436,-0.0004630,-0.00034881, 0.00388339, 0.0032486,buy
2012-02-03,0,0,0,0.49,0.24,0.71,0,0, 0.0054062, 0.0082068,-0.00175045,-0.00635162, 0.0020588,buy
2012-02-04,0,0,0,0.33,0,0.85,0,0, 0.0006809, 0.0025638,-0.00720394,-0.00863305,-0.0002402,sell
2012-02-05,0,0,0,0.56,0.12,2.06,0,0,-0.0043465,-0.0108047,-0.01089949,-0.01255185,-0.0122330,sell
2012-02-06,0,0,0.64,1,0.32,4,0,0, 0.0034671, 0.0066221, 0.00660032, 0.00267242, 0.0066471,buy
2012-02-07,0,0,1.6,1.6,1.02,2.77,0,0, 0.0041807,-0.0020067, 0.00552837, 0.00552837,-0.0031964,buy
2012-02-08,0,0,2.53,1.41,2,1.01,0,0,-0.0082185,-0.0088992,-0.00424662,-0.00374583,-0.0089663,sell
2012-02-09,0,0,2.96,0.78,2.51,0.98,0,0,-0.0075063,-0.0081528,-0.00338545,-0.00265374,-0.0071964,sell
2012-02-10,0,0,2.02,0.43,2.72,2.28,0,0, 0.0037176, 0.0037176, 0.00371761, 0.00477097, 0.0025896,buy
2012-02-11,0.05,0.09,0.9,0,2.51,1.78,0,0,-0.0010831,-0.0034577,-0.00363796,-0.00363796,-0.0036380,sell
2012-02-12,0.26,0.13,0.3,0,2.15,2.04,0,0.07, 0.0010703,-0.0005565,-0.00053001, 0.00008034, 0.0022238,buy
2012-02-13,0.98,0.18,0,0,1.96,2.12,0,0.19, 0.0008429,-0.0023596,-0.00897206, 0.00084290,-0.0027962,sell
2012-02-14,0.72,0.26,0,0,2.09,1.04,0,0.53,-0.0052325,-0.0024242,-0.00705901,-0.00151670,-0.0000621,sell
2012-02-15,0.21,0.39,0,0,2.12,0.55,0,1.18,-0.0063766,-0.0069712,-0.00720228,-0.00603026,-0.0069712,sell
2012-02-16,0.21,0.4,0,0,0.99,0.37,0,0.95, 0.0069553, 0.0054875, 0.00322288, 0.00548750, 0.0069553,buy
2012-02-17,0.52,0.27,0,0,0.39,0.25,0,0.35,-0.0061461,-0.0030278,-0.00530822,-0.00641185,-0.0090372,sell
2012-02-18,1,0.18,0,0,0.27,0.28,0,0.13,-0.0013322,-0.0043897,-0.00305196,-0.00144118,-0.0036382,sell
2012-02-19,0.73,0.12,0,0,0.47,0.67,0,0.05,-0.0053156,-0.0059805,-0.00600473,-0.00512060,-0.0059805,sell
2012-02-20,0.29,0.17,0,0,0.78,1.3,0,0, 0.0105079, 0.0096154, 0.00373049, 0.00945508, 0.0096154,buy
2012-02-21,0.12,0.39,0.31,0,1.74,2.39,0,0, 0.0054335, 0.0058677, 0.00557298, 0.00270464, 0.0058677,buy
2012-02-22,0.05,0.32,1.18,0.59,2.1,1.99,0,0, 0.0033242, 0.0096020, 0.00715646, 0.00258707, 0.0082195,buy
2012-02-23,0,0,1.56,1.54,1.84,1.4,0,0, 0.0004823, 0.0020390,-0.00080600, 0.00203903,-0.0008060,buy
2012-02-24,0,0,0.53,0.58,1.65,1.67,0,0,-0.0008175, 0.0000035, 0.00007591, 0.00334322, 0.0000035,buy
2012-02-25,0,0,0,0,1,2.96,0,0,-0.0100098,-0.0035354,-0.00999221,-0.01359197,-0.0091828,sell
2012-02-26,0,0,0,0,0.53,2.65,0,0,-0.0168657,-0.0067393,-0.01390107,-0.01716483,-0.0160234,sell
2012-02-27,0,0,0,0,0.33,1.79,0,0, 0.0059743, 0.0064626, 0.00597432, 0.00597432, 0.0025777,buy
2012-02-28,0,0,0,0,0.21,1.7,0,0, 0.0065032, 0.0062804, 0.00639473, 0.00639473, 0.0049194,buy
2012-02-29,0,0,0.56,0,0.15,2.08,0,0, 0.0048663, 0.0023406, 0.00450632, 0.00368079, 0.0117351,buy
2012-03-01,0,0,1.56,0,0.41,2.59,0,0, 0.0063491, 0.0055531, 0.00721613, 0.00856709, 0.0062347,buy
2012-03-02,0,0.21,1.21,0.87,0.93,3.24,0,0,-0.0006205, 0.0032098,-0.00309367, 0.00205934,-0.0002174,sell
2012-03-03,0,0.66,0.36,2.54,1.39,3.38,0,0,-0.0084469, 0.0026723, 0.00824985, 0.00244180,-0.0062043,sell
2012-03-04,0.03,0.8,0,2.87,0.71,2.97,0,0,-0.0011928, 0.0041937, 0.00432088, 0.00371726,-0.0048367,sell
2012-03-05,0.04,0.3,0,1.31,0.39,2.73,0,0,-0.0030341,-0.0064983,-0.00296861,-0.00320490, 0.0017755,sell
2012-03-06,0.06,0.07,0,0.34,0.39,2.6,0,0, 0.0078561, 0.0057583, 0.00490597, 0.00572797, 0.0075433,buy
2012-03-07,0.13,0,0,0,1.08,2.55,0,0.04, 0.0053297, 0.0020278, 0.00468050, 0.00358273, 0.0047415,buy
2012-03-08,0.18,0,0,0,2.04,2.42,0,0.06, 0.0062174, 0.0084369, 0.00391091, 0.00843687, 0.0084369,buy
2012-03-09,0.27,0,0,0,2.13,2.16,0,0.09, 0.0069276, 0.0091919, 0.00242042, 0.00919193, 0.0088600,buy
2012-03-10,0.47,0,0,0,2.26,1.93,0,0.12, 0.0061859, 0.0093491, 0.00256962, 0.00934915, 0.0081488,buy
2012-03-11,0.83,0,0,0,3.14,2.01,0,0.13, 0.0025478,-0.0014880, 0.00068888, 0.00327644,-0.0042006,buy
2012-03-12,1.52,0,0,0,2.49,1.99,0,0.13,-0.0064982,-0.0057598,-0.00255547,-0.00416289,-0.0057804,sell
2012-03-13,3.05,0,0.33,0,1.3,2.41,0,0.12,-0.0066548,-0.0067106,-0.00671060,-0.00535473,-0.0015723,sell
2012-03-14,3.92,0,0.69,0,0.68,3.27,0,0.1,-0.0018479,-0.0034838,-0.00348376,-0.00677861,-0.0040822,sell
2012-03-15,2.59,0,1.41,0,0.26,3.05,0,0.08,-0.0075435,-0.0077141,-0.00696165, 0.00107669, 0.0037805,sell
2012-03-16,1.46,0,2.01,0,0.15,2.06,0,0.05, 0.0003106,-0.0011536, 0.00031063, 0.00527654,-0.0012779,buy
2012-03-17,0.9,0,1.89,0,0,1.54,0,0,-0.0070920,-0.0073990,-0.00576056, 0.00272816,-0.0017067,sell
2012-03-18,0.56,0,2.02,0,0.28,1.26,0,0,-0.0055732,-0.0021038,-0.00535283,-0.00418359, 0.0002557,sell
2012-03-19,0.4,0,0.92,0,0.62,1.19,0,0, 0.0026748, 0.0026051, 0.00478377,-0.00147604, 0.0029384,buy
2012-03-20,0.28,0,0.36,0,1.4,2.17,0,0, 0.0007592, 0.0033024,-0.00574489,-0.00690848,-0.0012007,sell
2012-03-21,0.2,0,0,0,2.78,3.33,0,0, 0.0020585, 0.0024138, 0.00195416,-0.00177881, 0.0024466,buy
2012-03-22,0.12,0,0,0,2.4,2.56,0,0, 0.0036860, 0.0059996, 0.00391579, 0.00589883, 0.0059996,buy
2012-03-23,0.09,0,0.32,0,1.03,2.87,0,0, 0.0004809,-0.0006556, 0.00334996, 0.00251243, 0.0006608,buy
2012-03-24,0.07,0,1.39,0,0.45,2.85,0,0,-0.0056235,-0.0001408,-0.00511197,-0.01036676,-0.0032655,sell
2012-03-25,0.06,0,2.94,0,0.11,2.43,0,0.04,-0.0026730,-0.0058612,-0.00324737,-0.00360759,-0.0035252,sell
2012-03-26,0.05,0.08,3.76,0,0,3.13,0,0.1, 0.0000814,-0.0018905, 0.00042621,-0.00677926,-0.0078718,sell
2012-03-27,0.04,0.18,2.42,0,0,2.69,0,0.23,-0.0003609,-0.0043096, 0.00148091,-0.00267920,-0.0039467,sell
2012-03-28,0.03,0.4,1.49,0,0,1.67,0,0.56,-0.0079031,-0.0034002,-0.00790310,-0.00414963,-0.0048214,sell
2012-03-29,0,0.36,1.82,0,0,1.24,0,1.2,-0.0115191,-0.0113950,-0.01178359,-0.00632912,-0.0114672,sell
2012-03-30,0,0.15,2.24,0,0.16,1.09,0,1.04,-0.0005655,-0.0043356,-0.00478811,-0.01172467,-0.0049708,sell
2012-03-31,0,0,3.17,0,0.32,0.93,0,0.43,-0.0042514,-0.0041658,-0.00291048,-0.00442449,-0.0054287,sell
2012-04-01,0,0,2.69,0,0.62,0.95,0,0.23, 0.0041070, 0.0051584, 0.00421107, 0.00441559, 0.0028285,buy
2012-04-02,0,0,1.68,0,1.22,1.16,0,0.17, 0.0061426, 0.0075435, 0.00866955, 0.00511906, 0.0070584,buy
2012-04-03,0,0.1,0.96,0,1.38,1.49,0,0.23,-0.0101868,-0.0126429,-0.01264291,-0.01283609,-0.0082631,sell
2012-04-04,0,0.16,0.81,0,0.78,1.94,0,0.58,-0.0034264,-0.0045195,-0.00355184,-0.00262074,-0.0018821,sell
2012-04-05,0,0.27,0.69,0.3,0.4,2.81,0,1.31, 0.0051066, 0.0051066, 0.00478068, 0.00181380, 0.0039594,buy
2012-04-06,0,0.51,0.59,0.33,0.2,4.04,0,1.68,-0.0015134,-0.0018257,-0.00170059,-0.00451606,-0.0042914,sell
2012-04-07,0,0.63,0.52,0.37,0.1,4,0,1.77,-0.0030111,-0.0038581,-0.00385808,-0.00428847,-0.0045159,sell
2012-04-08,0,0.62,0.74,0.41,0,3.77,0,1.45,-0.0019207,-0.0023887,-0.00238869,-0.00391461,-0.0019464,sell
2012-04-09,0,0.35,0.85,0.44,0,4,0,0.64,-0.0030509,-0.0040684,-0.00514459,-0.00778563,-0.0044463,sell
2012-04-10,0,0.16,1.1,0.46,0,3.73,0,0.28, 0.0056766, 0.0073538, 0.00542355,-0.00213307, 0.0054236,buy
2012-04-11,0,0,1.63,0.49,0,3.25,0,0.1, 0.0086611, 0.0082985, 0.00029596, 0.00327138, 0.0028246,buy
2012-04-12,0,0,2.36,0.52,0,2.67,0,0.05, 0.0028865, 0.0074685,-0.00261754,-0.00317923, 0.0041593,buy
2012-04-13,0,0,2.25,0.82,0,2.18,0,0,-0.0006936, 0.0087635,-0.00259903,-0.00281958,-0.0001595,buy
2012-04-14,0,0.11,2.39,1.29,0.1,1.81,0,0,-0.0009941, 0.0056044,-0.00114244,-0.00274483,-0.0027448,sell
2012-04-15,0,0.23,1.3,2.11,0.12,1.69,0,0, 0.0001559,-0.0001557, 0.00015595, 0.00021780, 0.0004323,buy
2012-04-16,0,0.39,0.64,1.83,0.28,1.57,0,0,-0.0028572,-0.0058074,-0.00254740,-0.00283314,-0.0037003,sell
2012-04-17,0,0.32,0.32,1.04,0.47,1.66,0,0,-0.0063452,-0.0086250,-0.00846973,-0.00524332,-0.0051486,sell
2012-04-18,0,0.15,0.29,0.54,0.92,2.12,0,0,-0.0016227,-0.0021422, 0.00195000, 0.00021525, 0.0021597,sell
2012-04-19,0.04,0.07,0.69,0.52,1.54,2.51,0,0,-0.0029147,-0.0038491,-0.00257141,-0.00018099,-0.0041351,sell
2012-04-20,0.09,0,1.59,0.5,1.13,1.9,0,0, 0.0020763, 0.0020684, 0.00239783, 0.00075317, 0.0021608,buy
2012-04-21,0.2,0,1.49,0.48,0.51,1.03,0,0, 0.0004953,-0.0009533, 0.00289707, 0.00049526, 0.0007483,buy
2012-04-22,0.43,0,0.87,0.46,0.48,0.58,0,0.07,-0.0029523, 0.0003732,-0.00078577,-0.00345977,-0.0031562,sell
2012-04-23,0.94,0,0.29,0.42,0.41,0.33,0,0.19,-0.0064043,-0.0007068,-0.00133931, 0.00056656,-0.0016486,sell
2012-04-24,1,0,0.3,0.39,0.79,0.15,0,0.57,-0.0031129,-0.0026188,-0.00101542,-0.00521095, 0.0003475,sell
2012-04-25,0.53,0,0.32,0.36,1.57,0,0,1.2, 0.0009322,-0.0063754,-0.00497923,-0.00520529,-0.0035038,sell
2012-04-26,0.35,0,0.35,0.33,1.89,0,0,0.78, 0.0055645,-0.0002769, 0.00454119, 0.00000873, 0.0042036,buy
2012-04-27,0.39,0,0.38,0.29,1.36,0,0,0.24,-0.0011359, 0.0068180, 0.00098423,-0.00110922,-0.0006470,sell
2012-04-28,0.73,0,0.42,0,1.18,0,0,0.07,-0.0001561, 0.0032555,-0.00015614,-0.00089956,-0.0006984,sell
2012-04-29,0.98,0,0.47,0,1.26,0.23,0,0,-0.0022558,-0.0002611, 0.00094879,-0.00318930,-0.0020308,sell
2012-04-30,0.59,0,0.53,0,1.4,0.82,0,0, 0.0056549, 0.0053471, 0.00534712, 0.00202702, 0.0003977,buy
2012-05-01,0.28,0,0.6,0,1.56,1.96,0,0, 0.0024987, 0.0007868, 0.00136952, 0.00025556, 0.0014644,buy
2012-05-02,0.17,0.18,0.69,0,1.75,1.26,0,0,-0.0071408,-0.0076266,-0.00678200,-0.00691811,-0.0068962,sell
2012-05-03,0.13,0.4,0.79,0,2.31,0.33,0,0,-0.0086034,-0.0078390,-0.00595868,-0.00907878,-0.0107047,sell
2012-05-04,0.13,0.25,0.92,0.31,1.68,0,0,0, 0.0033219, 0.0050972, 0.00474405, 0.00073141, 0.0005418,buy
2012-05-05,0.22,0.08,1.08,1.4,0.96,0,0,0, 0.0055001, 0.0049895, 0.00568383, 0.00414558, 0.0060191,buy
2012-05-06,0.29,0,1.27,1.59,0.62,0,0,0, 0.0056318, 0.0051654, 0.00584023, 0.00417669, 0.0058537,buy
2012-05-07,0.37,0,1.5,0.37,0.57,0.17,0,0,-0.0033792,-0.0003372, 0.00032400,-0.00319014,-0.0008551,sell
2012-05-08,0.49,0,1.6,0,0.55,0.23,0,0,-0.0049847, 0.0012089, 0.00074579,-0.00266515,-0.0005318,sell
2012-05-09,0.62,0,1.4,0,0.54,0.57,0,0,-0.0058261, 0.0044017, 0.00152109, 0.00061651,-0.0018223,sell
2012-05-10,0.78,0,1.16,0,0.66,1.02,0,0,-0.0006441, 0.0012250, 0.00153692, 0.00557398,-0.0014913,buy
2012-05-11,1.03,0,0.95,0,1.02,1.92,0,0, 0.0058585, 0.0017145, 0.00569885, 0.00010914, 0.0053728,buy
2012-05-12,1.56,0.09,1.16,0,2.11,3.05,0,0,-0.0020779, 0.0001438,-0.00072506,-0.00187545,-0.0012887,sell
2012-05-13,2.9,0.21,1.57,0,3.13,3.84,0,0,-0.0069510,-0.0065798,-0.00699901,-0.00501572,-0.0076483,sell
2012-05-14,3.47,0.4,2.1,0,2.68,4.15,0,0,-0.0031305,-0.0031734,-0.00317337,-0.00289048,-0.0067350,sell
2012-05-15,2.43,0.31,1.46,0,1.96,3,0,0, 0.0001353, 0.0001353, 0.00013530, 0.00413257, 0.0001766,buy
2012-05-16,2.25,0.13,0.74,0,1.75,2.44,0,0, 0.0092661, 0.0077255, 0.00897460, 0.00786920, 0.0067362,buy
2012-05-17,2.07,0,0,0,1.49,2.17,0,0, 0.0101971, 0.0079390, 0.00886224, 0.00367299, 0.0085841,buy
2012-05-18,1.84,0,0,0,1.02,2.21,0,0, 0.0058033, 0.0029278, 0.00420287, 0.00125013, 0.0054104,buy
2012-05-19,1.64,0,0,0,0.74,3.07,0,0.04, 0.0025672, 0.0003846, 0.00038461, 0.00066790, 0.0002985,buy
2012-05-20,1.46,0.09,0.52,0,1.15,4.46,0,0.1, 0.0049036,-0.0031730,-0.00323304,-0.00321077,-0.0037216,buy
2012-05-21,1.28,0.39,1.59,0,1.71,3.19,0,0.23,-0.0004271,-0.0007400, 0.00006814,-0.00290017, 0.0042834,buy
2012-05-22,1.11,0.24,0.65,0,0.6,1.13,0,0.55,-0.0041996,-0.0118826, 0.00340645,-0.00438416,-0.0041996,sell
2012-05-23,0.97,0,0,0,0.15,0.5,0,1.19,-0.0085584,-0.0085584,-0.00773635,-0.00273064,-0.0068876,sell
2012-05-24,0.85,0,0,0,0,0.16,0,1.26,-0.0049203,-0.0064276,-0.00360382,-0.00202637, 0.0010440,sell
2012-05-25,0.74,0,0,0,0,0,0,1.62, 0.0026412,-0.0012376,-0.00127522,-0.00034988, 0.0034464,buy
2012-05-26,0.67,0,0,0,0,0,0,1.2,-0.0046983,-0.0031830,-0.00318297,-0.00884606,-0.0028441,sell
2012-05-27,0.6,0.32,0.73,0,0,0,0,0.22,-0.0068817,-0.0062961,-0.00766636,-0.00811143,-0.0064925,sell
2012-05-28,0.53,0.68,2.24,0,0.12,0,0,0.08,-0.0046078,-0.0032408,-0.00440356,-0.00299136,-0.0032408,sell
2012-05-29,0.52,0.5,2.26,0,0.59,0,0,0.22,-0.0014706,-0.0005559,-0.00217334,-0.00308159,-0.0007239,sell
2012-05-30,0.51,0.22,1.59,0,1.36,0,0,1.1, 0.0068850, 0.0090304,-0.00079076, 0.00795494, 0.0096497,buy
2012-05-31,0.5,0.09,0.66,0,0.66,0,0,1.22,-0.0031644,-0.0039832,-0.00287060, 0.00510595,-0.0038563,sell
2012-06-01,0.49,0,0.28,0,0.29,0,0,0.38, 0.0019750, 0.0016720, 0.00167199, 0.00250888,-0.0098504,buy
2012-06-02,0.6,0,0,0,0.34,0,0,0.33, 0.0047397, 0.0035929, 0.00297382, 0.00673509,-0.0069715,buy
2012-06-03,1.25,0,0,0,0.65,0,0,0.62,-0.0030579,-0.0060632,-0.00201039,-0.00546465,-0.0058506,sell
2012-06-04,1.48,0,0,0,1.29,0,0,1.41,-0.0053747,-0.0017952, 0.00066106, 0.00146236,-0.0060124,sell
2012-06-05,0.7,0,0,0,2.68,0,0,1.62,-0.0014749, 0.0045921,-0.00069861, 0.00087938, 0.0000126,sell
2012-06-06,0.54,0,0,0,3.9,0.22,0,1.18,-0.0069673,-0.0072785,-0.00891833,-0.00757489,-0.0058963,sell
2012-06-07,0.65,0,0,0,2.86,0.88,0,1.31,-0.0049459, 0.0020078,-0.00505657,-0.00342485, 0.0046624,sell
2012-06-08,1.32,0,0,0,1.18,1.95,0,1.26, 0.0035762, 0.0028559, 0.00408568, 0.00107572, 0.0018233,buy
2012-06-09,1.55,0,0,0,0.47,1.11,0,0.86,-0.0044300, 0.0028241,-0.00134167,-0.00244871,-0.0027149,sell
2012-06-10,0.82,0,0,0,0.29,0.29,0,0.84,-0.0037980,-0.0034966,-0.00323103,-0.00972539,-0.0020747,sell
2012-06-11,0.79,0,0,1.39,0.18,0,0,1.5,-0.0090787,-0.0043315,-0.00928632,-0.00667223,-0.0053004,sell
2012-06-12,1.1,0,0,1.59,0.56,0,0,0.99, 0.0006526, 0.0020010,-0.00470878,-0.00205865,-0.0006055,sell
2012-06-13,1.46,0,0,0.34,1.49,0,0,0.29,-0.0060173,-0.0048092,-0.00323110,-0.00386971,-0.0044486,sell
2012-06-14,1.1,0,0.27,0,0.75,0.36,0,0.12,-0.0080546,-0.0083877,-0.00171520,-0.00771641,-0.0059959,sell
2012-06-15,0.71,0,0.41,0,0.34,1.29,0,0.05, 0.0035335, 0.0039035, 0.00390348, 0.00339723, 0.0045349,buy
2012-06-16,0.54,0.23,0.58,0,0.53,1.96,0,0.03,-0.0066322,-0.0064206,-0.00011285,-0.00663216,-0.0028845,sell
2012-06-17,0.45,0.5,0.81,0,0.81,0.83,0,0,-0.0072957,-0.0058545,-0.00457819,-0.00307791,-0.0053524,sell
2012-06-18,0.38,0.36,1.09,0,1.25,0.25,0,0.12,-0.0059034,-0.0049937,-0.00670091,-0.00400267,-0.0049937,sell
2012-06-19,0.36,0.19,1.42,0,1.51,0.37,0,0.47,-0.0049172,-0.0027855,-0.00278551,-0.00278551, 0.0021023,sell
2012-06-20,0.4,0.24,1.6,0,1.22,1.73,0,1.2,-0.0085486,-0.0039329,-0.01080016, 0.00378065,-0.0081868,sell
2012-06-21,0.47,0.29,1.42,0,1.06,1.96,0,0.78,-0.0118375,-0.0120446,-0.01356666,-0.00219590,-0.0099343,sell
2012-06-22,0.66,0.35,1.17,0,1.22,0.5,0,0.22,-0.0035248,-0.0035435,-0.00352476,-0.00711293,-0.0035248,sell
2012-06-23,1.12,0.4,1.01,0,1.66,0,0,0.07, 0.0003266, 0.0009611, 0.00016819,-0.00066179, 0.0048941,buy
2012-06-24,1.25,0.39,0.89,0,1.39,0,0,0, 0.0021403, 0.0021969, 0.00163278,-0.00047230, 0.0063136,buy
2012-06-25,0.73,0.35,0.81,0,0.87,0,0,0.05, 0.0003611, 0.0017273,-0.00010397,-0.00563096, 0.0003611,buy
2012-06-26,0.42,0.33,1.05,0,0.62,0,0,0.11,-0.0049551,-0.0043500,-0.00490784,-0.00841494,-0.0061161,sell
2012-06-27,0.29,0.31,1.53,0.37,0.84,0,0,0.25, 0.0025897,-0.0009303,-0.00788018, 0.00280150,-0.0019225,buy
2012-06-28,0.23,0.32,2.38,0.9,1.39,0,0,0.57, 0.0022574,-0.0038696,-0.00089879,-0.00321490,-0.0055242,buy
2012-06-29,0.17,0.34,2.13,1.6,1.22,0.22,0,1.19, 0.0032645, 0.0062856, 0.00713718, 0.00628560, 0.0062856,buy
2012-06-30,0.21,0.37,1.48,1.15,0.56,0.36,0,1.05, 0.0007711, 0.0010442, 0.00079707,-0.00013042,-0.0003200,buy
2012-07-01,0.27,0.4,1.43,0.48,0.26,0.59,0,0.45, 0.0024159, 0.0006802,-0.00343838, 0.00152155,-0.0011775,buy
2012-07-02,0.41,0.38,2,0,0.13,0.96,0,0.19, 0.0008485, 0.0017039, 0.00166570,-0.00198012, 0.0017039,buy
2012-07-03,0.7,0.33,2.89,0,0,1.57,0,0.08,-0.0002085,-0.0002085,-0.00020849,-0.00194297,-0.0009958,buy
2012-07-04,1.1,0.28,3.07,0,0,1.98,0,0.04,-0.0055451,-0.0044841,-0.00235078,-0.00021166,-0.0044841,sell
2012-07-05,0.93,0.23,2.51,0,0,1.52,0,0,-0.0091577,-0.0069800,-0.00878732,-0.00816685,-0.0091384,sell
2012-07-06,0.58,0.18,2.01,0,0,0.92,0,0,-0.0062535,-0.0046559,-0.00372870,-0.00699862,-0.0102606,sell
2012-07-07,0.38,0.23,1.96,0,0,0.56,0,0,-0.0002607,-0.0002607, 0.00399621,-0.00159222,-0.0009884,buy
2012-07-08,0.29,0.32,2.07,0,0,0.34,0,0, 0.0018416, 0.0022285, 0.00119992,-0.00109528, 0.0021438,buy
2012-07-09,0.24,0.48,1.83,0,0,0.21,0,0, 0.0025745, 0.0043522,-0.00394236, 0.00324373, 0.0035060,buy
2012-07-10,0.24,0.3,0.91,0,0,0.26,0,0.07,-0.0087282,-0.0105035,-0.00880867,-0.00850315,-0.0105035,sell
2012-07-11,0.26,0.13,0.55,0,0,0.52,0,0.14, 0.0066768, 0.0068293, 0.00345631, 0.00669474, 0.0049444,buy
2012-07-12,0.31,0,0.33,0,0,1.02,0,0.28, 0.0037400, 0.0064656, 0.00387389, 0.00644470, 0.0078855,buy
2012-07-13,0.37,0,0,0,0,2,0,0.6,-0.0005741, 0.0002108,-0.00032938, 0.00239008,-0.0025654,buy
2012-07-14,0.46,0,0,0,0,1.95,0,1.27,-0.0009910,-0.0010061,-0.00412994,-0.00073511,-0.0035054,sell
2012-07-15,0.63,0,0,0.32,0,0.99,0,1.64, 0.0068463,-0.0039589, 0.00157111,-0.00180910,-0.0007780,buy
2012-07-16,0.86,0,0,0.53,0,0.51,0,1.36,-0.0036392,-0.0075324,-0.00452894,-0.00572816, 0.0000637,sell
2012-07-17,1.03,0,0,0.89,0,0.26,0,1.46,-0.0076155,-0.0074502,-0.00813778,-0.00813778,-0.0047400,sell
2012-07-18,0.91,0,0,1.48,0,0,0,1.24,-0.0053021,-0.0009813,-0.00671979,-0.00294503,-0.0042748,sell
2012-07-19,0.67,0,0,1.6,0,0.16,0,0.7,-0.0089730,-0.0043392,-0.00902897,-0.00449878,-0.0073444,sell
2012-07-20,0.53,0,0,1.02,0,0.21,0,0.39, 0.0021529,-0.0006521, 0.00215294, 0.00260480, 0.0016387,buy
2012-07-21,0.45,0,0,0.61,0,0.27,0,0.23, 0.0040387, 0.0022299, 0.00356781, 0.00076078, 0.0043167,buy
2012-07-22,0.45,0,0,0.36,0,0.34,0,0.13,-0.0019092,-0.0017036,-0.00170357,-0.00204237,-0.0017036,sell
2012-07-23,0.56,0,0.91,0,0,0.43,0,0.08,-0.0015607,-0.0016589, 0.00223503, 0.00223503, 0.0024127,buy
2012-07-24,0.81,0,1.99,0,0,0.53,0,0.05, 0.0061382,-0.0010297,-0.00004843,-0.00376164,-0.0050468,buy
2012-07-25,1.1,0,2.52,0,0,0.64,0,0, 0.0045306,-0.0009690, 0.00245556, 0.00037828, 0.0021306,buy
2012-07-26,0.87,0,2.31,0,0,1.09,0,0,-0.0003585,-0.0064524,-0.00255985,-0.00489534,-0.0053472,buy
2012-07-27,0.62,0,1.7,0,0,2.09,0,0,-0.0064094,-0.0042489,-0.00612629,-0.00445386,-0.0039213,sell
2012-07-28,0.56,0,1.25,0,0,3.05,0,0,-0.0000195, 0.0032331, 0.00261734, 0.00142340, 0.0044907,buy
2012-07-29,0.85,0,1.59,0,0,2.13,0,0,-0.0075461,-0.0079234,-0.00746460, 0.00301904,-0.0011964,sell
2012-07-30,1.64,0.07,1.59,0,0,1.67,0,0,-0.0076702,-0.0078175,-0.00738857,-0.00166978,-0.0106144,sell
2012-07-31,2.01,0.12,1.25,0,0,1.66,0,0,-0.0068262,-0.0078522,-0.00700914,-0.00228874,-0.0093596,sell
2012-08-01,1.14,0.2,0.99,0,0,1.85,0,0,-0.0056819,-0.0067003,-0.00338073,-0.00681392,-0.0048817,sell
2012-08-02,0.54,0.36,1.01,0,0,2,0,0,-0.0028039,-0.0039485,-0.00297065,-0.00184463, 0.0013675,sell
2012-08-03,0.25,0.4,1.49,0,0,1.93,0,0,-0.0013494,-0.0011124,-0.00142551,-0.00049973,-0.0000783,sell
2012-08-04,0.12,0.25,1.6,0,0,1.75,0,0, 0.0059068, 0.0080080, 0.00521522, 0.00258259, 0.0059068,buy
2012-08-05,0.08,0.14,1.24,0,0,1.61,0,0,-0.0009081,-0.0009081,-0.00280403,-0.00124104, 0.0006511,sell
2012-08-06,0.09,0.08,0.99,0,0.22,1.49,0,0, 0.0000126, 0.0000657,-0.00117184, 0.00013140, 0.0014530,buy
2012-08-07,0.19,0,0.86,0,0.53,1.39,0,0,-0.0023432,-0.0023432,-0.00284625,-0.00355168,-0.0021754,sell
2012-08-08,0.44,0,0.86,0,1.16,1.3,0,0,-0.0034766,-0.0007113,-0.00093933,-0.00603015,-0.0007878,sell
2012-08-09,0.99,0,0.98,0,1.39,1.24,0,0, 0.0027420, 0.0027223, 0.00642627, 0.00225619, 0.0023240,buy
2012-08-10,0.96,0,1.27,0,0.83,1.18,0,0, 0.0044723, 0.0050024, 0.00516792, 0.00480715, 0.0047615,buy
2012-08-11,0.41,0,1.59,0,0.46,1.15,0,0,-0.0059836, 0.0039929, 0.00100265, 0.00140544,-0.0052340,sell
2012-08-12,0.17,0.09,1.4,0,0.28,1.12,0,0.07, 0.0028903, 0.0041337, 0.00475351, 0.00887917, 0.0080020,buy
2012-08-13,0.07,0.32,0.88,0.47,0.19,1.09,0,0.16,-0.0063275,-0.0079960,-0.00632746,-0.00580751,-0.0053323,sell
2012-08-14,0.03,0.63,0.5,1.11,0.14,1.07,0,0.38, 0.0015948, 0.0017859, 0.00599304, 0.00236496, 0.0027926,buy
2012-08-15,0.06,0.69,0,1.59,0.11,1.06,0,0.89, 0.0063272, 0.0054124, 0.00848457, 0.00428554, 0.0038274,buy
2012-08-16,0.13,0.46,0.46,0.94,0.1,1.06,0,1.19, 0.0082002, 0.0067805, 0.00793855, 0.00913742, 0.0082155,buy
2012-08-17,0.34,0.22,1.18,0.39,0.11,1.07,0,0.64,-0.0000380,-0.0029762, 0.00225596,-0.00081837,-0.0050672,buy
2012-08-18,0.97,0.16,1.57,0,0.31,1.09,0,0.26,-0.0005309,-0.0052658,-0.00430716,-0.00099337,-0.0056814,sell
2012-08-19,0.98,0.34,0.74,0,0.65,1.11,0,0.11,-0.0050902,-0.0041304,-0.00509020,-0.00557345,-0.0050902,sell
2012-08-20,0.35,0.5,0,0,1.24,1.14,0,0.04,-0.0006085, 0.0020415, 0.00012658, 0.00148591, 0.0020654,buy
2012-08-21,0.17,0.53,0,0,2.09,1.18,0,0, 0.0000115, 0.0014979, 0.00113728,-0.00008392, 0.0003246,buy
2012-08-22,0.14,0.44,0,0.4,2.32,1.21,0,0, 0.0060310, 0.0060310, 0.00651622, 0.00167631, 0.0017350,buy
2012-08-23,0.25,0.56,0,0.97,2.73,1.27,0,0, 0.0061344, 0.0061344, 0.00717805, 0.00405203, 0.0040477,buy
2012-08-24,0.45,0.83,0,1.57,3.02,1.33,0,0,-0.0015299,-0.0018266, 0.00541499, 0.00021411,-0.0014081,buy
2012-08-25,0.85,0.79,0,1.04,2.09,1.4,0,0,-0.0021456,-0.0021456, 0.00079625,-0.00199105,-0.0019425,sell
2012-08-26,1.07,0.57,0,0.43,1.05,1.48,0,0,-0.0008940, 0.0010986,-0.00146741,-0.00088538, 0.0012712,sell
2012-08-27,0.83,0.86,0,0,0.54,1.56,0,0, 0.0042690, 0.0049222, 0.00393044, 0.00490940, 0.0035234,buy
2012-08-28,0.76,0.94,0.35,0,0.27,1.66,0,0, 0.0028708, 0.0032741, 0.00305627, 0.00411012, 0.0016793,buy
2012-08-29,1.15,0.32,0.85,0,0,1.78,0,0,-0.0070507,-0.0054735,-0.00400773,-0.00604726,-0.0039074,sell
2012-08-30,1.09,0.09,1.59,0,0,1.91,0,0.07,-0.0038896,-0.0069876,-0.00442972,-0.00448055,-0.0055592,sell
2012-08-31,0.48,0,1.18,0.31,0,2.26,0,0.16,-0.0070115,-0.0054532,-0.00570757,-0.00625939,-0.0054532,sell
2012-09-01,0.21,0,0.87,1.56,0,2.48,0,0.37,-0.0004561,-0.0003128,-0.00045580,-0.00045614,-0.0049113,sell
2012-09-02,0.12,0,0.73,1.3,0,2.98,0,0.92,-0.0022107,-0.0019734,-0.00473173,-0.00263933,-0.0059142,sell
2012-09-03,0.3,0,1.63,0,0,3.8,0,1.27, 0.0040532, 0.0045915, 0.00603146, 0.00459150, 0.0058322,buy
2012-09-04,0.98,0,3.16,0,0,3.4,0,0.84,-0.0010552,-0.0011487, 0.00156186, 0.00166629,-0.0017538,sell
2012-09-05,0.59,0,2.46,0,0,3.33,0,0.66, 0.0027794, 0.0027794, 0.00301279, 0.00245538, 0.0013089,buy
2012-09-06,0.1,0,1.19,0,0,4.9,0,0.99, 0.0030216, 0.0052039, 0.00569033, 0.00185707, 0.0052039,buy
2012-09-07,0,0,1.89,0,0,4.84,0,1.45, 0.0033876, 0.0048937, 0.00688488, 0.00380644, 0.0050216,buy
2012-09-08,0,0,1.4,0,0,2.69,0,1.93, 0.0041872, 0.0041872, 0.00419637,-0.00008690, 0.0034760,buy
2012-09-09,0.04,0,0.52,0,0,2.2,0,1.72, 0.0012834, 0.0019187, 0.00121027, 0.00514914, 0.0013019,buy
2012-09-10,0.1,0,0,0,0,2.91,0,0.95,-0.0003939,-0.0017282, 0.00140384, 0.00143564,-0.0017032,buy
2012-09-11,0.28,0,0.58,0,0,4.72,0,1.74, 0.0004960,-0.0036568,-0.00181683,-0.00411520,-0.0026332,buy
2012-09-12,0.79,0,1.56,0,0,4.27,0,1.83, 0.0001437,-0.0028841, 0.00411246,-0.00302586, 0.0000041,buy
2012-09-13,0.99,0,1.94,0,0.1,2.35,0,1.42,-0.0004100,-0.0036482, 0.00054301,-0.00027194,-0.0027166,buy
2012-09-14,0.44,0,1.2,0,0.46,1.38,0,0.88,-0.0040446,-0.0024610,-0.00267031, 0.00076760,-0.0015224,sell
2012-09-15,0.16,0,1.05,0,1.39,1.18,0,0.42,-0.0147723,-0.0153763,-0.01522894,-0.01537634,-0.0110237,sell
2012-09-16,0.06,0,2.16,0,0.9,1.33,0,0.21, 0.0070664, 0.0072594, 0.00531356, 0.00608769, 0.0014309,buy
2012-09-17,0,0,2.93,0,0.35,2.37,0,0.11, 0.0065776,-0.0019344, 0.00278504, 0.00185090,-0.0014390,buy
2012-09-18,0,0,1.63,0,0.32,2.18,0,0.14, 0.0009734,-0.0010170, 0.00299606, 0.00273335, 0.0041902,buy
2012-09-19,0,0,0.45,0.35,0.69,1,0,0.31,-0.0024610,-0.0036805,-0.00433028,-0.00338723,-0.0033962,sell
2012-09-20,0,0,0,1.56,1.39,0.53,0,1.26, 0.0035988,-0.0059026,-0.00544944,-0.00568908,-0.0039751,buy
2012-09-21,0,0,0.37,1.45,1.26,0.43,0,1.3, 0.0056707,-0.0053617,-0.00558490,-0.00584638,-0.0047287,buy
2012-09-22,0,0.09,0.9,0.31,0.58,0.58,0,0.45, 0.0026123, 0.0026021, 0.00324648, 0.00171910, 0.0025376,buy
2012-09-23,0,0.17,1.57,0,0.27,0.87,0,0.36, 0.0069284, 0.0047288, 0.00255648, 0.00255648, 0.0036603,buy
2012-09-24,0.1,0.54,1.45,0,0.12,1.44,0,0.45,-0.0025478,-0.0013288,-0.00291582, 0.00103708, 0.0007657,sell
2012-09-25,0.41,1.24,0.98,0,0,1.98,0,0.72,-0.0044355,-0.0037258,-0.00415078,-0.00056688,-0.0041712,sell
2012-09-26,0.99,1.44,0.84,0,0,1.61,0,1.12,-0.0046107,-0.0056163,-0.00635886,-0.00353101,-0.0058223,sell
2012-09-27,0.56,0.64,1.36,0.47,0,0.87,0,1.44, 0.0024022,-0.0002927, 0.00016691, 0.00029738, 0.0001669,buy
2012-09-28,0.17,0.14,1.6,1.16,0,0.47,0,1.53, 0.0014155,-0.0012128,-0.00394441, 0.00044501, 0.0010333,buy
2012-09-29,0.15,0,1.13,1.59,0,0.43,0,1.81, 0.0021730, 0.0028514,-0.00742444,-0.00037101,-0.0003710,sell
2012-09-30,0.42,0,0.69,0.84,0.15,0.36,0,1.37, 0.0024531, 0.0049095, 0.00281785,-0.00153886, 0.0049095,buy
2012-10-01,0.97,0,0.42,0.34,0.33,0.28,0,0.68,-0.0077002,-0.0069218,-0.00662055,-0.00790058,-0.0060081,sell
2012-10-02,0.65,0,0,0.57,0.83,0.36,0,0.39,-0.0022215, 0.0002359,-0.00260529,-0.00187758,-0.0026906,sell
2012-10-03,0.25,0,0,1.57,1.62,0.47,0,0.27, 0.0012466,-0.0046061, 0.00065169, 0.00067895, 0.0006517,buy
2012-10-04,0.32,0,0,1.5,1.73,0.61,0,0.24, 0.0028473,-0.0017585, 0.00142248,-0.00214478, 0.0020989,buy
2012-10-05,1.08,0.23,0,0.52,1.32,0.77,0,0.35,-0.0106971,-0.0080070,-0.00717713,-0.00747780,-0.0082355,sell
2012-10-06,1.11,0.5,0.28,0,1.44,1,0,0.62, 0.0007906, 0.0026926, 0.00193837, 0.00266516, 0.0026215,buy
2012-10-07,0.8,0.4,0.81,0,1.55,1.27,0,1.1,-0.0041933,-0.0024354,-0.00286309,-0.00653829,-0.0028400,sell
2012-10-08,1.51,0.4,2.24,0,1.02,1.63,0,1.2,-0.0036905,-0.0036583,-0.00413922,-0.00541723, 0.0006760,sell
2012-10-09,1.99,0.27,2.59,0,0.6,1.98,0,0.67, 0.0013401, 0.0014621, 0.00146215, 0.00747526,-0.0006006,buy
2012-10-10,1.06,0.11,1.35,0,0.35,1.9,0,0.35, 0.0017041,-0.0021131,-0.00177966, 0.00085721,-0.0038882,buy
2012-10-11,0.49,0.18,0.28,0,0.21,1.48,0,0.18, 0.0069748, 0.0042330, 0.00565343, 0.00333327, 0.0060473,buy
2012-10-12,0.33,0.4,0,0,0.22,1.15,0,0.1,-0.0032701, 0.0017743,-0.00232978,-0.00179374, 0.0050262,sell
2012-10-13,0.4,0.26,0,0,0.18,0.9,0,0.09, 0.0010615, 0.0017143, 0.00446873,-0.00306200, 0.0079192,buy
2012-10-14,0.78,0.08,0,0,0.35,0.94,0,0.13, 0.0071956, 0.0031048, 0.00196125, 0.00338159, 0.0033816,buy
2012-10-15,1.1,0,0.49,0,0.65,1.18,0,0.39, 0.0030424,-0.0007597,-0.00168124,-0.00133310, 0.0016534,buy
2012-10-16,0.94,0,1.57,0,1.21,2.07,0,1.17, 0.0012792,-0.0008762, 0.00088960,-0.00191494, 0.0032015,buy
2012-10-17,0.96,0,1.49,0,1.39,2.32,0,1.18, 0.0029123, 0.0000432, 0.00189349,-0.00119277, 0.0043375,buy
2012-10-18,1.17,0,0.46,0,0.83,1.18,0,0.39, 0.0019816,-0.0009503,-0.00423923,-0.00263842,-0.0006457,buy
2012-10-19,0.79,0.2,0,0,0.45,0.83,0,0.13,-0.0035223,-0.0065972,-0.00767666,-0.00765884,-0.0047288,sell
2012-10-20,0.44,0.4,0,0,0.24,0.94,0,0.04,-0.0017085, 0.0020119,-0.00220691,-0.00227720, 0.0081794,sell
2012-10-21,0.37,0.32,0,0,0.13,1.98,0,0.05,-0.0041693,-0.0097571,-0.00473004,-0.00560763,-0.0035977,sell
2012-10-22,0.68,0.27,0,0,0,1.7,0,0.16,-0.0000937,-0.0008880, 0.00054003, 0.00063773, 0.0012384,buy
2012-10-23,0.99,0.39,0.74,0,0,0.61,0,0.46,-0.0033736,-0.0004565,-0.00186168,-0.00337364,-0.0004565,sell
2012-10-24,0.62,0.32,1.57,0,0,0.23,0,1.19,-0.0023904,-0.0044608,-0.00391364,-0.00263596,-0.0065537,sell
2012-10-25,0.25,0.13,1.22,0,0,0,0,1.05,-0.0014026,-0.0001441,-0.00140255,-0.00152927,-0.0014026,sell
2012-10-26,0.1,0,0.86,0.52,0,0,0,0.45,-0.0055022,-0.0051223,-0.00438815,-0.00385740,-0.0022590,sell
2012-10-27,0.04,0,1.58,1.05,0,0.19,0,0.4,-0.0024845, 0.0011137,-0.00725500,-0.00612236, 0.0035827,sell
2012-10-28,0,0,3.16,1.59,0.18,0.32,0,0.69, 0.0006128, 0.0022888, 0.00287801,-0.00081868, 0.0028563,buy
2012-10-29,0,0,2.4,1.15,0.67,0.56,0,1.19,-0.0055140, 0.0002338, 0.00008288, 0.00422484, 0.0043936,sell
2012-10-30,0.03,0,0.87,0.55,1.61,0.97,0,0.99,-0.0013549,-0.0013549,-0.00661661,-0.00241741,-0.0024778,sell
2012-10-31,0.06,0.13,0,0.55,1.95,1.67,0,0.54, 0.0022946, 0.0027486, 0.00045824, 0.00196269, 0.0024824,buy
2012-11-01,0.1,0.35,0,1.6,1.42,1.98,0,0.44,-0.0043457,-0.0073898,-0.00469151,-0.00723573,-0.0046915,sell
2012-11-02,0.17,0.4,0,1.46,1.47,1.34,0,0.68,-0.0088764,-0.0075506,-0.00906285,-0.00962354,-0.0090629,sell
2012-11-03,0.25,0.17,0,0.48,1.4,0.77,0,1.27,-0.0035692,-0.0032559,-0.00429073,-0.00373954,-0.0030116,sell
2012-11-04,0.35,0,0.31,0,1.16,0.44,0,0.96,-0.0048370,-0.0058081,-0.00873605,-0.00975503,-0.0058081,sell
2012-11-05,0.43,0,0.83,0,0.96,0.26,0,0.36, 0.0028944, 0.0028944, 0.00289445, 0.00094815, 0.0010494,buy
2012-11-06,0.52,0,1.59,0,0.95,0.15,0,0.15,-0.0034589, 0.0075882, 0.00505294,-0.00033990, 0.0047878,buy
2012-11-07,0.67,0,1.1,0.5,1.12,0,0,0.08,-0.0046498, 0.0034363, 0.00029995,-0.00194476,-0.0024904,sell
2012-11-08,1.1,0.11,0.41,1.11,1.39,0,0,0.05,-0.0027660, 0.0008864, 0.00153599, 0.00177224, 0.0007389,sell
2012-11-09,1.35,0.32,0,1.59,1.38,0,0,0.07,-0.0023863,-0.0017044,-0.00102512,-0.00210415,-0.0022025,sell
2012-11-10,0.71,0.55,0,1.02,0.94,0.44,0,0.11,-0.0049442, 0.0026288,-0.00544838,-0.00527784,-0.0054484,sell
2012-11-11,0.3,0.54,0,0.46,0.61,2.13,0,0.21,-0.0045280,-0.0056490,-0.00575465,-0.01046504,-0.0057616,sell
2012-11-12,0.13,0.4,0,0,0.4,1.92,0,0.46,-0.0036550,-0.0048841,-0.00570882,-0.00355760,-0.0066232,sell
2012-11-13,0.08,0.16,0.41,0,0.36,1.23,0,1.15, 0.0038815, 0.0006055,-0.00193233, 0.00388151, 0.0038815,buy
2012-11-14,0.15,0,1.16,0,0.95,2,0,1.2,-0.0038556,-0.0025906,-0.00380469,-0.00385090, 0.0045369,sell
2012-11-15,0.54,0,1.57,0,1.71,1.6,0,0.42,-0.0040914,-0.0013990,-0.00409140,-0.00241405, 0.0000628,sell
2012-11-16,0.98,0,0.73,0,1.01,0.67,0,0.14,-0.0052217,-0.0015975, 0.00244342,-0.00136146,-0.0049002,sell
2012-11-17,0.49,0,0,0,1.56,0.51,0,0.04, 0.0069298, 0.0077563, 0.00419712, 0.00636262, 0.0104079,buy
2012-11-18,0.14,0.07,0.47,0,2.02,0.76,0,0.11, 0.0051945, 0.0004412, 0.00064312, 0.00766172,-0.0013022,buy
2012-11-19,0.11,0.23,1.2,0,0.99,1.98,0,0.26,-0.0033629,-0.0117015,-0.01029972,-0.00531938,-0.0011122,sell
2012-11-20,0.21,0.49,1.59,0,0.99,1.59,0,0.58,-0.0036659,-0.0040066,-0.00169954, 0.00160214,-0.0024803,sell
2012-11-21,0.63,0.41,0.88,0,1.2,0.93,0,1.32,-0.0038256,-0.0035536,-0.00383852,-0.00801163,-0.0020278,sell
2012-11-22,1.04,0.4,0.44,0,1.4,1.82,0,2.07, 0.0074883, 0.0088692, 0.00785637, 0.00627290, 0.0058546,buy
2012-11-23,0.59,0.35,0,0,1.32,2,0,1.84, 0.0047379, 0.0020455, 0.00184104, 0.00309240,-0.0025674,buy
2012-11-24,0.39,0.2,0.56,0,1.3,0.66,0,1.06, 0.0011107, 0.0003671,-0.00125613,-0.00190408, 0.0011107,buy
2012-11-25,0.62,0.26,1.56,0,1.25,0.22,0,0.51, 0.0011596, 0.0028511, 0.00290236, 0.00193544, 0.0074121,buy
2012-11-26,0.98,0.51,1.41,0,1.43,0,0,0.24,-0.0075650,-0.0096136,-0.00674607,-0.00655859,-0.0063671,sell
2012-11-27,0.69,0.41,0.46,0,2.23,0,0,0.1,-0.0001883, 0.0017823,-0.00285897,-0.00162444,-0.0007016,sell
2012-11-28,0.28,0.22,0.32,0,2.66,0,0,0.05, 0.0029964, 0.0013711, 0.00229489, 0.00322896, 0.0029964,buy
2012-11-29,0.11,0.2,1.14,0,2.7,0,0,0, 0.0014357, 0.0022967,-0.00214158, 0.00143034, 0.0002656,buy
2012-11-30,0.04,0.33,2.77,0,2.45,0,0,0,-0.0000816,-0.0003048, 0.00048986, 0.00577929, 0.0040499,buy
2012-12-01,0,0.4,4.57,0.51,1.52,0,0,0,-0.0037303,-0.0089945,-0.00412977,-0.00482160,-0.0048128,sell
2012-12-02,0,0.25,3.25,1.42,1.09,0.24,0,0, 0.0042062,-0.0002556, 0.00536467, 0.00281274, 0.0037944,buy
2012-12-03,0,0.12,1.14,1.59,1.06,0.7,0,0, 0.0055230, 0.0055230, 0.00569865, 0.00555259, 0.0042746,buy
2012-12-04,0,0,0.35,0.62,1.11,1.54,0,0, 0.0024712, 0.0016237, 0.00192307, 0.00611690, 0.0021720,buy
2012-12-05,0,0,0.5,0,1.33,2.68,0,0, 0.0017147, 0.0003768, 0.00680451,-0.00041049,-0.0000274,buy
2012-12-06,0,0.14,1.57,0,1.4,2.74,0,0, 0.0027344, 0.0050690, 0.00475110, 0.00407016, 0.0052766,buy
2012-12-07,0,0.4,1.26,0.33,1.29,2.51,0,0,-0.0035564,-0.0074328, 0.00032587,-0.00318619,-0.0019481,sell
2012-12-08,0,0.35,0.96,1.04,1.03,1.8,0,0.07,-0.0113265,-0.0108328,-0.01083279,-0.00391187,-0.0064353,sell
2012-12-09,0,0.11,1.59,1.6,0.84,1.32,0,0.2, 0.0073928, 0.0071968, 0.00858546, 0.00739279, 0.0070384,buy
2012-12-10,0,0,1.56,0.75,0.67,2.16,0,0.61,-0.0054049,-0.0048734,-0.00474139,-0.00506535,-0.0038921,sell
2012-12-11,0.05,0,0.62,0,0.54,2.53,0,1.2,-0.0040015, 0.0003961,-0.00584503,-0.00373923,-0.0010893,sell
2012-12-12,0.16,0,0,0,0.44,1.5,0,0.7,-0.0024861,-0.0017366, 0.00008434,-0.00046949,-0.0015392,sell
2012-12-13,0.53,0,0,0,0.35,1.87,0,0.27,-0.0023574, 0.0000161,-0.00235738, 0.00085803,-0.0001773,buy
2012-12-14,0.98,0,0,0,0.4,2.73,0,0.23,-0.0013497,-0.0016105, 0.00038214,-0.00089360,-0.0015092,sell
2012-12-15,0.52,0,0,0,0.83,2.81,0,0.5,-0.0004128,-0.0004860,-0.00173960,-0.00085800,-0.0007604,buy
2012-12-16,0.19,0.1,0,0.49,2.24,2.64,0,1.18, 0.0047053, 0.0066541, 0.00557740, 0.00629971, 0.0064763,buy
2012-12-17,0.16,0.23,0,1.56,2.9,1.89,0,0.93,-0.0001553,-0.0001553, 0.00099890,-0.00015529,-0.0001553,buy
2012-12-18,0.35,0.4,0,1.22,1.26,0.9,0,0.31,-0.0116690,-0.0091808,-0.01257812,-0.01301435,-0.0106026,sell
2012-12-19,0.98,0.31,0,0.3,0.42,0.49,0,0.1, 0.0019739,-0.0044750,-0.00907518,-0.01070683,-0.0035848,sell
2012-12-20,0.9,0.14,0,0.83,0.23,0.27,0,0.03,-0.0020341,-0.0033845, 0.00004857, 0.00325918,-0.0020341,sell
2012-12-21,0.3,0,0,1.96,0.65,0.14,0,0, 0.0028614, 0.0011883, 0.00465454,-0.00043813,-0.0005662,buy
2012-12-22,0.1,0.1,0,1.87,1.89,0,0,0.07, 0.0033971,-0.0018582,-0.00216317, 0.00305901,-0.0027653,buy
2012-12-23,0.03,0.24,0,1.59,2.95,0,0,0.18, 0.0045003, 0.0044983, 0.00449828, 0.00450029, 0.0026632,buy
2012-12-24,0,0.4,0,0.58,1.69,0,0,0.45, 0.0007360, 0.0003282,-0.00185112,-0.00083349,-0.0017272,sell
2012-12-25,0,0.27,0,0.49,1.06,0.36,0,1.09, 0.0050477, 0.0027831, 0.00423973, 0.00573664, 0.0072489,buy
2012-12-26,0,0.11,0,1.56,1.15,0.94,0,1.18, 0.0064595,-0.0056380,-0.00396006,-0.00416379,-0.0045312,buy
2012-12-27,0,0,0.39,1.33,1.4,2.36,0,0.51, 0.0009494, 0.0012576, 0.00236396,-0.00057594, 0.0015884,buy
2012-12-28,0,0,1.08,0.36,0.84,2.15,0,0.21,-0.0004529, 0.0022574,-0.00001170, 0.00021930,-0.0005156,buy
2012-12-29,0,0,1.57,0,0.43,1.35,0,0.09, 0.0069816, 0.0098396, 0.00805130, 0.00673183, 0.0069600,buy
2012-12-30,0,0,0.84,0,0.22,1.4,0,0.04, 0.0027681, 0.0082593,-0.00095831,-0.00092804,-0.0016408,buy
2012-12-31,0.06,0,0.69,0,0.11,2,0,0, 0.0081479, 0.0035923, 0.00460619, 0.00277566, 0.0058723,buy
2013-01-01,0.13,0,1.11,0,0,1.86,0,0.11,-0.0012007,-0.0011976,-0.00061173, 0.00345526, 0.0049353,buy
2013-01-02,0.29,0,1.59,0,0.14,1.46,0,0.49,-0.0002979, 0.0016100, 0.00044468,-0.00013754, 0.0017305,buy
2013-01-03,0.64,0,0.76,0,0.45,1.67,0,1.27,-0.0037606,-0.0041108,-0.00488154, 0.00138462,-0.0040578,sell
2013-01-04,1.03,0,0.91,0,0.89,2.89,0,0.97, 0.0049990, 0.0053630, 0.00367377, 0.00530263, 0.0076343,buy
2013-01-05,0.77,0,1.59,0,1.77,3.67,0,0.57, 0.0024192, 0.0018853, 0.00179176,-0.00131319, 0.0100998,sell
2013-01-06,0.5,0,1.09,0,2.6,2.96,0,0.75, 0.0016996, 0.0014696, 0.00044887, 0.00481572, 0.0028984,buy
2013-01-07,0.56,0,1.6,0,2.21,1.58,0,1.18, 0.0033017, 0.0033017, 0.00330171, 0.00186310, 0.0044485,buy
2013-01-08,1,0,1.09,0,1.22,0.48,0,1.06, 0.0007348, 0.0006606, 0.00410445, 0.00150981, 0.0008461,buy
2013-01-09,1.03,0,0,0,0.61,0.67,0,0.6,-0.0033678,-0.0045687,-0.00109771,-0.00726397,-0.0039900,sell
2013-01-10,0.46,0.15,0,0,0.21,1.9,0,0.41, 0.0041007, 0.0073354, 0.00461055, 0.00423643, 0.0032007,buy
2013-01-11,0.2,0.4,0,0,0.11,1.98,0,0.47,-0.0028645, 0.0000389,-0.00361583,-0.00263669,-0.0074064,sell
2013-01-12,0.09,0.39,0,0,0,0.48,0,1.02, 0.0006887, 0.0001756, 0.00012182, 0.00146385,-0.0032707,buy
2013-01-13,0.04,0.48,0.79,0,0,0,0,1.23,-0.0074886,-0.0075424,-0.00744550,-0.00739275,-0.0027323,sell
2013-01-14,0,0.68,1.57,0,0,0,0,0.49,-0.0027551,-0.0037621,-0.00183713,-0.00170706,-0.0027824,sell
2013-01-15,0,0.74,1.29,0,0,0,0,0.16, 0.0004051,-0.0024559, 0.00119207, 0.00330156, 0.0004313,buy
2013-01-16,0,0.59,1.38,0,0,0.16,0,0.05,-0.0003916,-0.0003916,-0.00039159,-0.00177926,-0.0003916,buy
2013-01-17,0,0.25,1.59,0,0,0.31,0,0, 0.0064386, 0.0062463, 0.00473520, 0.00619196, 0.0039958,buy
2013-01-18,0,0,0.7,0,0.34,0.61,0,0,-0.0014209,-0.0028373, 0.00320503,-0.00189080,-0.0008842,sell
2013-01-19,0,0,0,0,1.19,1.19,0,0, 0.0015032,-0.0096943,-0.00974815,-0.01614442,-0.0083198,sell
2013-01-20,0.04,0,0,0,2.2,2.34,0,0, 0.0015573, 0.0014085, 0.00149781, 0.00155726, 0.0051655,buy
2013-01-21,0.17,0,0,0,1.89,2.74,0,0,-0.0059161,-0.0049767,-0.00205642,-0.00636292,-0.0070399,sell
2013-01-22,0.9,0,0,0,1.07,2.8,0,0, 0.0010914, 0.0025890, 0.00126583, 0.00343749, 0.0024911,buy
2013-01-23,1.27,0,0,0,0.6,1.87,0,0.08, 0.0013681, 0.0020006, 0.00037329, 0.00306660, 0.0024602,buy
2013-01-24,1.38,0.1,0,0,1.04,1.11,0,0.35, 0.0023205,-0.0032890,-0.00526423,-0.00145899,-0.0015716,buy
2013-01-25,1.89,0.3,0,0,1.36,0.97,0,1.18, 0.0008856,-0.0003916, 0.00299768, 0.00194469,-0.0019346,buy
2013-01-26,1.34,0.4,0,0,0.58,1.91,0,0.9, 0.0003274, 0.0077378, 0.00602596, 0.00698744, 0.0055873,buy
2013-01-27,0.74,0.29,0,0,0.48,1.98,0,0.28,-0.0017364, 0.0049008, 0.00020405,-0.00036562, 0.0042649,sell
2013-01-28,0.74,0.37,0,0,0.78,1.03,0,0.25,-0.0014165, 0.0010068,-0.00022265,-0.00080625,-0.0005914,sell
2013-01-29,1.06,0.39,0,0,1.65,0.81,0,0.5, 0.0004237,-0.0005936,-0.00174018, 0.00392688,-0.0002786,buy
2013-01-30,0.75,0.14,0,0,1.95,1.55,0,1.19,-0.0032448,-0.0037838,-0.00316847,-0.00238580,-0.0023583,sell
2013-01-31,0.3,0,0,0,1.46,2,0,1.15, 0.0005511,-0.0013859, 0.00146993,-0.00176118,-0.0006429,sell
2013-02-01,0.12,0,0,0,1.71,1.04,0,0.47,-0.0038482, 0.0000431,-0.00318452,-0.00364489,-0.0043272,sell
2013-02-02,0.05,0,0,0,2.03,1.86,0,0.2, 0.0040531, 0.0022032, 0.00148079, 0.00405672, 0.0049819,buy
2013-02-03,0,0,0,0,2.38,2,0,0.08, 0.0080179, 0.0094345, 0.00943451, 0.00943451, 0.0105903,buy
2013-02-04,0.08,0,0,0,1.85,0.43,0,0.03, 0.0025273, 0.0043608,-0.00270620, 0.00196245, 0.0066552,buy
2013-02-05,0.24,0,0,0,0.96,0,0,0.06, 0.0008685,-0.0008823,-0.00069664, 0.00416007,-0.0038330,sell
2013-02-06,0.73,0,0,0,0.66,0.21,0,0.12,-0.0000931, 0.0000331, 0.00176105, 0.00284331, 0.0018287,buy
2013-02-07,1.07,0,0,0,0.9,0.49,0,0.37,-0.0003445,-0.0030533, 0.00220925, 0.00228349, 0.0019765,buy
2013-02-08,0.62,0,0,0,2.35,1.16,0,1.11, 0.0022679, 0.0025366, 0.00396230, 0.00655153, 0.0044488,buy
2013-02-09,0.67,0,0,0,3.59,2,0,2.46,-0.0064367,-0.0016871,-0.00374818,-0.00457906,-0.0039747,sell
2013-02-10,1.13,0,0,0,3.13,1.39,0,2.91,-0.0027370,-0.0014066,-0.00294749,-0.00280988, 0.0004666,sell
2013-02-11,1.04,0,0,0,1.85,0.85,0,2.98,-0.0019723,-0.0011723, 0.00287340, 0.00097799, 0.0007387,buy
2013-02-12,1.29,0,0,0,0.86,0.86,0,2.31, 0.0011015, 0.0040143, 0.00616583, 0.00213210, 0.0015383,buy
2013-02-13,1.03,0,0,0,0.55,1.48,0,1.22,-0.0037348,-0.0042940,-0.00611492,-0.00432917,-0.0029620,sell
2013-02-14,0.57,0,0,0,0.3,1.98,0,0.86,-0.0039817,-0.0039817,-0.00398169,-0.00358071,-0.0060587,sell
2013-02-15,0.69,0,0,0,0.29,1.08,0,1.04,-0.0050794,-0.0050794,-0.00645217,-0.00450505,-0.0009564,sell
2013-02-16,1,0,0,0,0.27,0.63,0,1.2,-0.0076472,-0.0100570,-0.00779461,-0.00615160,-0.0050954,sell
2013-02-17,0.79,0,0,0,0.22,0.7,0,0.86,-0.0025593,-0.0025593,-0.00272897,-0.00526647, 0.0033012,sell
2013-02-18,0.4,0,0,0,0.17,1.49,0,0.48, 0.0008667, 0.0032390, 0.00086675, 0.00430736, 0.0021647,buy
2013-02-19,0.2,0,0,0,0.11,1.96,0,0.27,-0.0016489,-0.0029301, 0.00034315,-0.00164893, 0.0000282,sell
2013-02-20,0.1,0,0,0,0,1.13,0,0.16,-0.0039766, 0.0094048,-0.00355116,-0.00302341,-0.0030829,sell
2013-02-21,0.05,0,0,0,0,1.04,0,0.13, 0.0074457, 0.0081549, 0.00770951, 0.00765477, 0.0043267,buy
2013-02-22,0,0,0,0,0.21,1.98,0,0.15, 0.0012361, 0.0030922, 0.00056415,-0.00471007, 0.0012239,buy
2013-02-23,0,0,0,0,0.49,1.73,0,0.24,-0.0054970,-0.0003161,-0.00284684,-0.00600460, 0.0038897,sell
2013-02-24,0,0,0,0,1.15,0.58,0,0.54,-0.0038246,-0.0036139,-0.00340021,-0.00323358,-0.0037212,sell
2013-02-25,0.03,0,0,0,1.38,0.2,0,1.19, 0.0053934, 0.0015182, 0.00220103, 0.00220103, 0.0034266,buy
2013-02-26,0.07,0,0,0,0.7,0,0,1.14, 0.0114468, 0.0035983, 0.01176923, 0.00966711, 0.0156911,buy
2013-02-27,0.18,0,0,0,0.3,0,0,0.55,-0.0025197,-0.0026143,-0.00168121,-0.00168121,-0.0020706,sell
2013-02-28,0.44,0,0,0,0.13,0,0,0.31,-0.0027457,-0.0031206,-0.00312058,-0.00280800,-0.0100194,sell
2013-03-01,0.98,0,0,0,0.21,0,0,0.45,-0.0041869,-0.0089369,-0.00919540,-0.00790114,-0.0089369,sell
2013-03-02,0.88,0,0,0,0.61,0,0,0.87,-0.0029047,-0.0009834,-0.00007813,-0.00137603,-0.0009834,sell
2013-03-03,0.4,0,0,0,1.39,0,0,2.06,-0.0068419,-0.0060863,-0.00504256,-0.00608631,-0.0037283,sell
2013-03-04,0.35,0,0,0,1.07,0,0,3.57,-0.0010099,-0.0016506, 0.00092390,-0.00092733,-0.0022176,sell
2013-03-05,0.63,0.13,0,0,0.37,0,0,2.4, 0.0021489, 0.0046856,-0.00628189, 0.00072146,-0.0085622,sell
2013-03-06,1.57,0.27,0,0,0.13,0,0,1.08, 0.0040371, 0.0053189, 0.00310586, 0.00731152, 0.0067535,buy
2013-03-07,1.98,0.4,0,0,0,0,0,0.69, 0.0026529, 0.0020019, 0.00265288, 0.00265288, 0.0025751,buy
2013-03-08,0.93,0.28,0,0,0.17,0,0,0.86, 0.0028071, 0.0010219, 0.00160885, 0.00257441, 0.0017472,buy
2013-03-09,0.37,0.13,0,0,0.38,0,0,1.75,-0.0029552,-0.0008640, 0.00225192,-0.00099920, 0.0000633,sell
2013-03-10,0.16,0,0,0,0.78,0,0,2.37,-0.0044712, 0.0010753,-0.00080103, 0.00280829,-0.0026656,sell
2013-03-11,0.06,0,0,0,1.39,0,0,1.46, 0.0029586, 0.0028275,-0.00048540, 0.00259720, 0.0029803,buy
2013-03-12,0.04,0,0,0,1.28,0,0,0.66,-0.0040386, 0.0002679,-0.00165394,-0.00253380, 0.0001153,sell
2013-03-13,0,0,0,0,0.92,0,0,0.31,-0.0038155,-0.0036932,-0.00594807, 0.00203680,-0.0038155,sell
2013-03-14,0,0.11,0,0,0.81,0,0,0.16, 0.0023888, 0.0004462, 0.00246695, 0.00244409, 0.0007807,buy
2013-03-15,0,0.26,0,0,1.11,0,0,0.06,-0.0015670,-0.0032039, 0.00035176,-0.00055823,-0.0053566,sell
2013-03-16,0,0.4,0,0,1.8,0,0,0.05, 0.0008001,-0.0017230, 0.00182191, 0.00182191, 0.0016792,buy
2013-03-17,0,0.38,0,0,2.09,0,0,0.04,-0.0028145,-0.0051652,-0.00189831,-0.00281449,-0.0033772,sell
2013-03-18,0,0.48,0,0,1.83,0,0,0,-0.0013362,-0.0066763,-0.00390769,-0.00390769,-0.0037562,sell
2013-03-19,0,0.32,0,0,1.99,0,0,0, 0.0002543,-0.0018793, 0.00025431, 0.00025431, 0.0002543,buy
2013-03-20,0,0.1,0,0,1.69,0,0,0,-0.0032553,-0.0032553,-0.00261930,-0.00484577,-0.0030929,sell
2013-03-21,0,0,0,0,1.37,0,0,0.08,-0.0004266,-0.0004266,-0.00186075,-0.00037365, 0.0000876,buy
2013-03-22,0.03,0,0,0,1.47,0,0,0.12, 0.0026724, 0.0042161, 0.00330819, 0.00338713, 0.0030408,buy
2013-03-23,0.05,0,0.4,0,2.27,0,0,0.21,-0.0054359,-0.0061926,-0.00254564,-0.00743031,-0.0038397,sell
2013-03-24,0.09,0,0.83,0,3.64,0,0,0.37, 0.0051913, 0.0052108, 0.00479736, 0.00479736, 0.0060291,buy
2013-03-25,0.17,0,1.59,0,3.92,0,0,0.68, 0.0038245, 0.0035020, 0.00260786, 0.00350200, 0.0041969,buy
2013-03-26,0.34,0,1.45,0,2.51,0,0,1.29, 0.0039060, 0.0065043, 0.00399317, 0.00364211, 0.0036017,buy
2013-03-27,0.71,0,0.69,0,1.49,0,0,1.61, 0.0056571, 0.0048297, 0.00477772, 0.00524323, 0.0060999,buy
2013-03-28,0.99,0,0.92,0,0.88,0,0,1.58, 0.0038223, 0.0027535, 0.00244504, 0.00398776, 0.0058352,buy
2013-03-29,0.63,0,1.72,0,0.83,0,0,1.96, 0.0022909, 0.0041678, 0.00257056, 0.00321711, 0.0051357,buy
2013-03-30,0.27,0,3.17,0,0.79,0,0,2.31,-0.0040818,-0.0023838,-0.00267706,-0.00181834,-0.0041739,sell
2013-03-31,0.11,0,2.1,0,0.95,0,0,2.81, 0.0032084, 0.0000231, 0.00288118, 0.00320841, 0.0007082,buy
2013-04-01,0.04,0,0.52,0,1.11,0,0,2.13, 0.0000124,-0.0003521,-0.00086273,-0.00001377,-0.0008627,buy
2013-04-02,0,0,0,0,1.32,0.2,0,0.88, 0.0051174,-0.0022834, 0.00063810, 0.00063810, 0.0041319,buy
2013-04-03,0,0,0,0,1.58,0.39,0,0.35,-0.0038253,-0.0026117,-0.00330112,-0.00365052,-0.0044553,sell
2013-04-04,0,0,0,0,1.92,1.05,0,0.1, 0.0033802, 0.0043829, 0.00431857, 0.00015279, 0.0054540,buy
2013-04-05,0,0,0,0,2.28,2.3,0,0.04, 0.0041796, 0.0081298, 0.00670104, 0.00812985, 0.0077979,buy
2013-04-06,0,0,0,0,2.14,4.27,0,0.06, 0.0065106, 0.0065106, 0.00651061, 0.00474248, 0.0064395,buy
2013-04-07,0,0,0,0,1.61,3.63,0,0.14, 0.0041084, 0.0035305, 0.00370538, 0.00493766, 0.0040600,buy
2013-04-08,0,0.08,0,0,1.3,2.91,0,0.34,-0.0045693,-0.0029400,-0.00376686,-0.00470891,-0.0039006,sell
2013-04-09,0,0.29,0,0,1.07,2.54,0,0.8,-0.0000806, 0.0029046,-0.00012199,-0.00010742,-0.0000806,buy
2013-04-10,0,0.39,0,0,0.88,1.18,0,1.2,-0.0070590,-0.0019310,-0.00713639,-0.00704467,-0.0072702,sell
2013-04-11,0,0.15,0,0,0.73,0.57,0,0.7, 0.0056143, 0.0046416, 0.00279251, 0.00348258, 0.0043649,buy
2013-04-12,0,0,0,0,0.53,0.56,0,0.28,-0.0115456,-0.0065946,-0.01234542,-0.01235085,-0.0103716,sell
2013-04-13,0,0,0,0,0.46,0.98,0,0.11,-0.0012667,-0.0025845,-0.00079897,-0.00420215,-0.0063560,sell
2013-04-14,0,0,0,0,0.38,1.98,0,0.04, 0.0042666, 0.0060981, 0.00394465,-0.00417925, 0.0043049,buy
2013-04-15,0,0,0,0,0.57,1.68,0,0,-0.0007867,-0.0029868,-0.00339925,-0.00152132,-0.0032613,sell
2013-04-16,0,0,0,0,1.22,1.05,0,0,-0.0027851,-0.0082368,-0.00823682,-0.01487218,-0.0059377,sell
2013-04-17,0,0,0,0,1.58,1.05,0,0,-0.0017838,-0.0064432,-0.00974150,-0.00948043, 0.0016730,sell
2013-04-18,0,0,0.42,0,0.62,1.48,0,0, 0.0035183, 0.0026832, 0.00268318, 0.00251727, 0.0030142,buy
2013-04-19,0,0,1.57,0,0.22,2.73,0,0.13,-0.0036566, 0.0016288, 0.00246635,-0.00482017,-0.0013187,sell
2013-04-20,0,0,1.26,0.33,0.12,3.78,0,0.54,-0.0004496, 0.0007317, 0.00505918,-0.00007205, 0.0005892,buy
2013-04-21,0.05,0,0.27,1.04,0.33,3.18,0,1.19,-0.0035443,-0.0007402, 0.00072226, 0.00238942, 0.0017368,sell
2013-04-22,0.15,0,0,1.59,0.96,1.92,0,0.56,-0.0018864,-0.0025949, 0.00059022,-0.00241392,-0.0020740,sell
2013-04-23,0.46,0,0,0.72,1.38,1.11,0,0.12,-0.0006259,-0.0001531, 0.00007688,-0.00111591,-0.0036431,sell
2013-04-24,0.98,0,0,0,0.69,0.9,0,0,-0.0047081,-0.0018830,-0.00019339,-0.00325790,-0.0010403,sell
2013-04-25,0.68,0,0,0,0.24,1.79,0,0, 0.0049800, 0.0037836, 0.00603542, 0.00539688, 0.0049924,buy
2013-04-26,0.23,0,0,0.44,0.18,2.78,0,0,-0.0069808,-0.0126565,-0.00973700,-0.01437374,-0.0138744,sell
2013-04-27,0.12,0,0,1.11,0.65,1.97,0,0,-0.0063507,-0.0094441,-0.00638084,-0.00635073,-0.0051012,sell
2013-04-28,0.09,0,0,1.9,1.56,1.98,0,0,-0.0004936,-0.0083178,-0.00258556,-0.00158426,-0.0022734,buy
2013-04-29,0.21,0,0,1.51,2.3,1.36,0,0,-0.0013143,-0.0044140,-0.00522248,-0.00274567,-0.0048865,sell
2013-04-30,0.55,0,0,1.67,2.18,0.64,0,0,-0.0041923,-0.0088612,-0.00756979,-0.00699204,-0.0077304,sell
2013-05-01,1.06,0,0,1.59,1.44,0.61,0,0,-0.0036830,-0.0075450,-0.00629134,-0.00616139,-0.0076858,sell
2013-05-02,0.93,0,0,0.9,1.02,1.67,0,0,-0.0011792, 0.0035461, 0.00221397,-0.00060057,-0.0036411,sell
2013-05-03,0.6,0,0,0.44,1.13,2.21,0,0, 0.0035329, 0.0050752, 0.00481625,-0.00026815, 0.0027877,buy
2013-05-04,0.68,0,0,0.61,1.39,1.15,0,0,-0.0005975, 0.0026626, 0.00581949, 0.00403342,-0.0004945,buy
2013-05-05,1.14,0.17,0,1.57,1.46,1.88,0,0,-0.0018146,-0.0064094,-0.00368283,-0.00483690,-0.0069779,sell
2013-05-06,1.49,0.39,0,0.58,2.18,2.12,0,0,-0.0015456,-0.0015100,-0.00241756,-0.00154559,-0.0022840,sell
2013-05-07,1.44,0.3,0,0,1.82,0.94,0,0,-0.0039908,-0.0036416,-0.00550524,-0.00067924,-0.0036285,sell
2013-05-08,0.5,0.1,0,0,1.13,0.65,0,0, 0.0004337,-0.0014740,-0.00245890, 0.00240550,-0.0012726,buy
2013-05-09,0.17,0,0,0,1.58,0.66,0,0, 0.0054783, 0.0035059,-0.00005529, 0.00595090,-0.0025570,buy
2013-05-10,0.06,0,0,0,2.37,1.51,0,0.05, 0.0071100, 0.0081886, 0.00891829, 0.00826323, 0.0087711,buy
2013-05-11,0.03,0,0,0,2,3.81,0,0.15, 0.0050333, 0.0052544, 0.00525444, 0.00567648, 0.0052544,buy
2013-05-12,0,0,0,0,0.74,4.16,0,0.45,-0.0004306, 0.0029241, 0.00003519, 0.00090679,-0.0005997,buy
2013-05-13,0,0.26,0.35,0,0.52,3.73,0,1.19,-0.0021180,-0.0021180,-0.00131893,-0.00332313,-0.0050904,sell
2013-05-14,0,0.39,1.09,0,0.68,3.2,0,1.03, 0.0077265, 0.0070954, 0.00615659, 0.00544455, 0.0056958,buy
2013-05-15,0,0.24,1.6,0,1.33,1.79,0,0.35,-0.0063318,-0.0087662,-0.00838479,-0.00711460, 0.0004689,sell
2013-05-16,0,0.37,0.7,0,1.82,2.28,0,0.21,-0.0013183, 0.0024115, 0.00079723,-0.00373788,-0.0011375,sell
2013-05-17,0,0.4,0.63,0,1.52,1.86,0,0.66,-0.0088397, 0.0050288, 0.00076559,-0.00789487,-0.0074269,sell
2013-05-18,0,0.17,3.12,0,1.58,0.74,0,1.17,-0.0053266,-0.0037009,-0.00370088,-0.00453345,-0.0038797,sell
2013-05-19,0,0.07,2.82,0,2.2,0.46,0,0.32, 0.0035228, 0.0077936, 0.00580670, 0.00774152, 0.0085565,buy
2013-05-20,0,0,1.54,0,2.53,0.33,0,0.05,-0.0031021, 0.0045398,-0.00439585,-0.00051126,-0.0051255,sell
2013-05-21,0,0,1.54,0,1.44,0.25,0,0, 0.0045652, 0.0055815, 0.00527181,-0.00241238,-0.0005926,buy
2013-05-22,0,0,0.34,0,0.64,0.56,0,0.06,-0.0025949,-0.0033416,-0.00459176,-0.00251896,-0.0036762,sell
2013-05-23,0,0.1,0,0,0.31,0.87,0,0.15,-0.0036477, 0.0014498,-0.00444596,-0.00742515,-0.0071609,sell
2013-05-24,0,0.19,0,0,0.2,1.35,0,0.34, 0.0026354, 0.0031086, 0.00310855, 0.00430523, 0.0031086,buy
2013-05-25,0,0.75,0.47,0,0.13,2.2,0,0.8,-0.0013935,-0.0032237,-0.00194243,-0.00059886,-0.0064539,sell
2013-05-26,0,1.18,1.17,0,0,2.99,0,1.18,-0.0047586,-0.0036024,-0.00382315,-0.00385139,-0.0038148,sell
2013-05-27,0,0.69,1.59,0,0,2.77,0,0.74, 0.0017460,-0.0004854,-0.00154724, 0.00122370,-0.0004854,buy
2013-05-28,0,0.22,0.85,0,0.21,2.51,0,0.32, 0.0079070, 0.0075938, 0.00216983, 0.01265932, 0.0091142,buy
2013-05-29,0,0,0.34,0,0.5,2.42,0,0.14, 0.0047282, 0.0047282, 0.00448701, 0.00024665, 0.0043898,buy
2013-05-30,0,0,0.47,0,1.17,2.02,0,0.06, 0.0067760, 0.0052515, 0.00273498,-0.00318434, 0.0006739,buy
2013-05-31,0,0,1.12,0,1.49,1.38,0,0,-0.0065813,-0.0097700,-0.00803198,-0.00803198,-0.0013999,sell
2013-06-01,0.15,0,1.59,0,0.88,1.04,0,0, 0.0014860, 0.0022263, 0.00222625, 0.00023102, 0.0008771,buy
2013-06-02,0.56,0,0.92,0,0.7,0.81,0,0.05,-0.0002644,-0.0000513,-0.00005129,-0.00068917,-0.0006339,sell
2013-06-03,1.85,0,0.38,0,0.71,0.62,0,0.09, 0.0075237,-0.0046603, 0.00560465, 0.00752369,-0.0001937,buy
2013-06-04,1.86,0,0,0,0.87,0.48,0,0.18, 0.0063627,-0.0059263, 0.00102269, 0.00635066,-0.0029626,buy
2013-06-05,0.85,0,0.35,0,1.37,0.37,0,0.38, 0.0052914, 0.0052914, 0.00529138, 0.00471000, 0.0036059,buy
2013-06-06,1.17,0,0.69,0.53,2.09,0.29,0,0.8, 0.0021479, 0.0008786, 0.00817463, 0.00631213, 0.0014204,buy
2013-06-07,1.96,0,1.35,1.59,2.37,0.22,0,1.69, 0.0010932, 0.0124386, 0.00052298, 0.00030994, 0.0040745,buy
2013-06-08,1.23,0,1.59,1.45,2.21,0.17,0,2.38, 0.0024754, 0.0127687, 0.00377204, 0.00375709, 0.0010153,buy
2013-06-09,0.41,0.14,0.95,0.49,1.6,0,0,1.65,-0.0014221,-0.0051315,-0.00883339,-0.00099980,-0.0067003,sell
2013-06-10,0.13,0.33,0.48,0.55,1,0,0,0.85,-0.0030349, 0.0000198,-0.00086115, 0.00028098, 0.0003713,sell
2013-06-11,0,0.4,0,1.59,0.62,0,0,0.74, 0.0055207, 0.0059731, 0.00387619, 0.00544673, 0.0059731,buy
2013-06-12,0,0.19,0.3,1.46,0.39,0,0,1.35, 0.0075368, 0.0000406, 0.00488557, 0.00675484,-0.0001881,buy
2013-06-13,0,0.08,0.57,0.48,0.16,0,0,1.19, 0.0001694, 0.0038476, 0.00060613, 0.00098571, 0.0035270,buy
2013-06-14,0,0,1.09,0,0.1,0,0,0.39,-0.0003754, 0.0025835,-0.00008936,-0.00031508, 0.0022015,buy
2013-06-15,0,0.11,1.59,0,0,0,0,0.14, 0.0103920, 0.0102250, 0.00995390, 0.00991937, 0.0099857,buy
2013-06-16,0,0.22,1.2,0,0,0,0,0.05, 0.0024557, 0.0001756, 0.00048594, 0.00206048, 0.0044761,buy
2013-06-17,0,0.4,0.63,0,0,0,0,0,-0.0060535,-0.0080831,-0.00442961,-0.00605354,-0.0057419,sell
2013-06-18,0,0.56,0.33,0,0,0,0,0, 0.0009755, 0.0021915, 0.00156674,-0.00109149,-0.0028545,sell
2013-06-19,0,0.63,0,0,0,0,0,0,-0.0143029,-0.0133858,-0.01573909,-0.01777181,-0.0143663,sell
2013-06-20,0,0.45,0,0,0,0,0,0,-0.0057224,-0.0120979,-0.01209872,-0.01917648,-0.0118833,sell
2013-06-21,0,0.19,0,0,0,0,0,0,-0.0010002, 0.0000620,-0.00291567,-0.00748332,-0.0041818,sell
2013-06-22,0.09,0,0,0,0,0,0,0, 0.0019406, 0.0043873, 0.00241390,-0.00295376, 0.0034323,buy
2013-06-23,0.21,0,0,0,0,0,0,0, 0.0006072, 0.0007649, 0.00150342,-0.00365741, 0.0013608,buy
2013-06-24,0.51,0,0,0,0,0,0,0,-0.0029732,-0.0031417,-0.00545756,-0.00299227,-0.0065370,sell
2013-06-25,1.2,0.07,0,0,0.22,0,0,0,-0.0045097,-0.0077251,-0.00774049,-0.00609087,-0.0077251,sell
2013-06-26,1.98,0.13,0,0,0.52,0,0,0,-0.0013695,-0.0058032,-0.00324865,-0.00136949,-0.0052640,sell
2013-06-27,1.39,0.24,0,0,1.25,0,0,0,-0.0082375,-0.0084928,-0.00868925,-0.00868925,-0.0084928,sell
2013-06-28,0.59,0.4,0,0,1.5,0,0,0.06,-0.0045461,-0.0029306,-0.00199281,-0.00545883,-0.0032720,sell
2013-06-29,0.24,0.35,0,0.27,0.87,0.14,0,0.18, 0.0030717, 0.0047252, 0.00901022, 0.00476125, 0.0009957,buy
2013-06-30,0.1,0.18,0.51,0.64,0.84,0.22,0,0.6,-0.0006611, 0.0002617, 0.00219881, 0.00285542, 0.0022566,buy
2013-07-01,0,0.18,1.52,1.54,1.5,0.35,0,1.37,-0.0018282, 0.0062963, 0.00681388, 0.00681388, 0.0068857,buy
2013-07-02,0,0.11,1.59,1.6,1.29,0.57,0,1.28,-0.0040420, 0.0004506, 0.00037880, 0.00045063, 0.0004506,sell
2013-07-03,0,0.17,0.54,0.67,0.48,0.91,0,1.22, 0.0045356, 0.0020926, 0.00455891, 0.00118131, 0.0051034,buy
2013-07-04,0.04,0.27,0.45,0.28,0.17,1.46,0,1.28, 0.0051660, 0.0022312, 0.00331355, 0.00305912, 0.0036672,buy
2013-07-05,0.11,0.4,1.35,0,0,2,0,0.65,-0.0080469,-0.0045111,-0.00804687,-0.00483122,-0.0049984,sell
2013-07-06,0.33,0.36,1.59,0,0,1.69,0,0.28,-0.0009849, 0.0007343,-0.00098490,-0.00155681, 0.0008082,sell
2013-07-07,0.95,0.22,0.61,0,0,1.05,0,0.12,-0.0055464,-0.0077990,-0.00643803,-0.00775275,-0.0066084,sell
2013-07-08,0.99,0.13,0,0,0,0.66,0,0.05,-0.0023292,-0.0050633,-0.00470146,-0.00193637,-0.0044462,sell
2013-07-09,0.35,0.07,0,0,0.12,0.41,0,0,-0.0062974,-0.0080693,-0.00982941,-0.00759247,-0.0098294,sell
2013-07-10,0.12,0.13,0,0,0.74,0.51,0,0, 0.0064363, 0.0040109, 0.00112775, 0.00258830,-0.0002947,buy
2013-07-11,0.04,0.31,0,0,1.54,0.76,0,0.04,-0.0016246,-0.0006977, 0.00095473, 0.00115408, 0.0004150,sell
2013-07-12,0,0.4,0,0,0.77,1.45,0,0.06, 0.0031955, 0.0034840, 0.00348397, 0.00519539, 0.0034840,buy
2013-07-13,0,0.21,0,0,0.35,1.98,0,0.1,-0.0019277,-0.0014046,-0.00438469,-0.00287204,-0.0011032,sell
2013-07-14,0.03,0.09,0,0,0.4,1.11,0,0.16, 0.0062357, 0.0058594,-0.00042576, 0.00591949, 0.0001983,buy
2013-07-15,0.11,0,0,0,0.49,0.46,0,0.23, 0.0022459, 0.0019402, 0.00224585, 0.00331107, 0.0012970,buy
2013-07-16,0.19,0.09,0,0,0.61,0.19,0,0.32, 0.0033768, 0.0033768, 0.00357364, 0.00428901, 0.0037537,buy
2013-07-17,0.35,0.28,0,0,0.77,0,0,0.42,-0.0076989,-0.0013691,-0.00689468,-0.00700001,-0.0085886,sell
2013-07-18,0.65,0.48,0,0,0.95,0.16,0,0.5, 0.0005013, 0.0006876,-0.00225758, 0.00050127, 0.0004341,buy
2013-07-19,1.17,0.41,0,0,1.19,0.53,0,0.55, 0.0041296, 0.0003698,-0.00041213, 0.00535193, 0.0040690,buy
2013-07-20,1.98,0.4,0,0,1.47,1.6,0,0.57, 0.0005417,-0.0004209,-0.00213521, 0.00229476,-0.0053815,sell
2013-07-21,1.83,0.23,0,0,1.82,1.98,0,0.57,-0.0043573,-0.0036744,-0.00481653,-0.00338189,-0.0056402,sell
2013-07-22,1.01,0.08,0,0,1.93,0.87,0,0.53, 0.0009901, 0.0059633, 0.00728936, 0.00534497, 0.0072419,buy
2013-07-23,0.56,0,0,0,1.76,0.35,0,0.49,-0.0004690,-0.0005835, 0.00395132, 0.00407801,-0.0005835,buy
2013-07-24,0.31,0,0,0.3,1.68,0.15,0,0.45,-0.0068834,-0.0079023,-0.00585665,-0.00703156,-0.0068417,sell
2013-07-25,0.17,0,0.37,1.35,1.67,0,0,0.47, 0.0050166, 0.0019225, 0.00343273, 0.00216869, 0.0032194,buy
2013-07-26,0.09,0,0.88,2.45,1.83,0,0,0.71,-0.0049401,-0.0049048,-0.00494732, 0.00313950,-0.0053805,sell
2013-07-27,0.09,0,1.59,2.53,2.08,0,0,1.32,-0.0089216,-0.0073081,-0.00707237,-0.00118146,-0.0052469,sell
2013-07-28,0.18,0,1.16,1.85,2.37,0,0,1.44,-0.0032122, 0.0014191, 0.00213419, 0.00358581, 0.0019270,buy
2013-07-29,0.54,0,0.49,0.84,2.61,0,0,0.88, 0.0084055, 0.0069443, 0.00832684, 0.00694425, 0.0102628,buy
2013-07-30,1,0.13,0.36,0.46,3.21,0,0,0.83,-0.0064182,-0.0056911,-0.00560524,-0.00641816,-0.0038188,sell
2013-07-31,0.65,0.33,1.44,0,3.36,0,0,1.2,-0.0093940,-0.0137046,-0.01194527,-0.00947236,-0.0143275,sell
2013-08-01,0.3,0.4,3.17,0,2.84,0,0,1.25,-0.0050292,-0.0039277,-0.00713776,-0.00713776,-0.0077789,sell
2013-08-02,0.3,0.17,2.62,0,1.93,0,0,0.72, 0.0071366, 0.0028397, 0.00199794, 0.00087495, 0.0088440,buy
2013-08-03,0.56,0,1,0,1.29,0,0,0.39, 0.0011560, 0.0011560, 0.00009025, 0.00215189,-0.0003194,buy
2013-08-04,1,0,0,0,0.79,0,0,0.21,-0.0070224,-0.0011492,-0.00114923,-0.00256283,-0.0057674,sell
2013-08-05,0.73,0,0,0,0.68,0,0,0.12,-0.0031763,-0.0025374,-0.00253742, 0.00018709,-0.0081989,sell
2013-08-06,0.3,0,0,0,0.59,0.32,0,0.06,-0.0010987,-0.0031390,-0.00259059, 0.00066175,-0.0035069,sell
2013-08-07,0.13,0,0,0,0.65,0.89,0,0.04, 0.0085040, 0.0007345, 0.00271458, 0.00193297,-0.0011449,buy
2013-08-08,0.05,0.08,0,0,0.73,1.98,0,0,-0.0010300, 0.0069738, 0.00684600,-0.00370221, 0.0069738,buy
2013-08-09,0,0.14,0.29,0,0.87,1.56,0,0.07, 0.0011449, 0.0029837, 0.00458334, 0.00024330, 0.0009426,buy
2013-08-10,0,0.26,1.48,0,1.07,0.56,0,0.34,-0.0035439,-0.0030242,-0.00342749,-0.00302422,-0.0030242,sell
2013-08-11,0,0.4,1.59,0,1.35,0.21,0,1.19, 0.0003995, 0.0003995,-0.00345468, 0.00142145, 0.0003995,buy
2013-08-12,0,0.33,0.8,0,1.57,0.2,0,0.8,-0.0023664,-0.0026345,-0.00204025,-0.00269326,-0.0021371,sell
2013-08-13,0.13,0.18,1.59,0,1.97,0.39,0,0.16,-0.0008791,-0.0023047,-0.00250079,-0.00230466, 0.0022171,buy
2013-08-14,0.79,0.1,0.83,0,2.3,0.79,0,0, 0.0058364,-0.0004151, 0.00956082,-0.00090240, 0.0057660,buy
2013-08-15,0.98,0.16,0,0,1.17,1.77,0,0, 0.0005632, 0.0016387, 0.00217791, 0.00189014, 0.0020306,buy
2013-08-16,0.2,0.38,0,0,0.63,2.3,0,0,-0.0029391,-0.0091018,-0.00947523,-0.00922202,-0.0094752,sell
2013-08-17,0.03,0.47,0,0,0.39,2.01,0,0,-0.0029203,-0.0075429,-0.00775332,-0.00630785,-0.0070651,sell
2013-08-18,0,0.34,0.44,0,0.3,2.22,0,0, 0.0114812, 0.0082205, 0.00386771, 0.01041533, 0.0048880,buy
2013-08-19,0,0.46,1.28,0,0.52,2.87,0,0, 0.0038875, 0.0038875, 0.01035140, 0.00388748, 0.0053589,buy
2013-08-20,0,0.71,1.59,0,1.04,2.82,0,0, 0.0016621, 0.0010047, 0.00422662, 0.00253767, 0.0016440,buy
2013-08-21,0,0.71,0.65,0,2.74,3.44,0,0.09, 0.0111934, 0.0115719, 0.00983063, 0.00964802, 0.0098306,buy
2013-08-22,0,0.47,0,0,2.87,4.05,0,0.25, 0.0074775, 0.0059428, 0.00715537, 0.00715537, 0.0071110,buy
2013-08-23,0,0.15,0,0,0.97,2.12,0,0.77, 0.0069853, 0.0075606, 0.00756462, 0.00801483, 0.0075606,buy
2013-08-24,0,0,0,0,0.33,0.67,0,1.29, 0.0056121,-0.0036796, 0.00008514,-0.00329744, 0.0037118,buy
2013-08-25,0,0,0,2.85,0,0.25,0,0.85, 0.0080235, 0.0041196, 0.00299037, 0.00737073, 0.0080297,buy
2013-08-26,0.06,0,0,4.55,0,0,0,0.73, 0.0018281,-0.0020809, 0.00953113, 0.01077021, 0.0041399,buy
2013-08-27,0.32,0,0,2.78,0,0,0,1.28, 0.0021296,-0.0013125, 0.00160327, 0.00114403, 0.0011307,buy
2013-08-28,1.04,0,0,1.12,0,0,0,1.11,-0.0065193,-0.0065138,-0.00688297,-0.00630507,-0.0063330,sell
2013-08-29,0.65,0,1.4,0.29,0,0,0,0.46,-0.0011996,-0.0032386,-0.00351007,-0.00351007,-0.0019909,sell
2013-08-30,0.39,0,1.6,0,0,0,0,0.19, 0.0031123, 0.0037875,-0.00045890, 0.00313789, 0.0025508,buy
2013-08-31,0.7,0.19,0.8,0,0.13,0.3,0,0.08, 0.0004593, 0.0075172, 0.00049133, 0.00118417, 0.0005066,buy
2013-09-01,0.99,0.4,0.86,0,0.24,0.89,0,0,-0.0062034,-0.0056332,-0.00551276,-0.00706720,-0.0056332,sell
2013-09-02,0.58,0.27,2.18,0,0.42,1.96,0,0.05,-0.0055269,-0.0054895,-0.00226311,-0.00654558,-0.0055269,sell
2013-09-03,0.24,0.09,3.1,0,0.74,2,0,0.08, 0.0055376, 0.0052908, 0.00244652, 0.00321568, 0.0026920,buy
2013-09-04,0.1,0,2.46,0,1.26,2.5,0,0.13, 0.0028933, 0.0116175, 0.00176004, 0.00177000, 0.0010738,buy
2013-09-05,0.04,0,1.16,0,1.4,1.93,0,0.22,-0.0071736,-0.0077672,-0.01059101,-0.01059101,-0.0024874,sell
2013-09-06,0,0,0.54,0,1.07,0.39,0,0.36, 0.0011947, 0.0016916, 0.00322828, 0.00105462,-0.0007204,buy
2013-09-07,0,0,0,0,1.03,0,0,0.58,-0.0034322,-0.0004408,-0.00042379, 0.00092570,-0.0014635,sell
2013-09-08,0.03,0,0.43,0,1.73,0,0,0.94,-0.0011107,-0.0024283, 0.00063538,-0.00145167,-0.0012194,sell
2013-09-09,0.05,0,0.76,0,1.54,0,0,1.2,-0.0060840,-0.0083397,-0.00586603,-0.00608403,-0.0060766,sell
2013-09-10,0.13,0,2.12,0,0.58,0,0,0.93,-0.0067273,-0.0061914,-0.00618399,-0.00691072,-0.0067337,sell
2013-09-11,0.27,0,3.16,0,0.16,0,0,0.57,-0.0054164,-0.0045167,-0.00460877,-0.00433816,-0.0051992,sell
2013-09-12,0.57,0,1.76,0,0.2,0.16,0,0.43, 0.0031548,-0.0004796,-0.00139176,-0.00091776,-0.0011266,buy
2013-09-13,1.31,0,0.61,0,0.76,0.35,0,0.56,-0.0042250,-0.0084035,-0.00654672,-0.00590001,-0.0082311,sell
2013-09-14,1.98,0,0.35,0,1.39,0.75,0,1.31,-0.0058381,-0.0046757, 0.00353128, 0.00424665,-0.0060225,sell
2013-09-15,1.39,0,0,1.02,0.66,1.82,0,1.06,-0.0058640, 0.0003808, 0.00000995,-0.00379402,-0.0007861,sell
2013-09-16,0.68,0,0,1.56,0.18,2.18,0,0.3,-0.0026842,-0.0026208,-0.00188839,-0.00077668,-0.0018884,sell
2013-09-17,0.34,0,0,0.58,0,1.43,0,0.15,-0.0014121,-0.0022393,-0.00294537,-0.00751149,-0.0061117,sell
2013-09-18,0.16,0,0,0,0.1,0.93,0,0.31, 0.0073145, 0.0078449, 0.00974717, 0.00881128, 0.0056798,buy
2013-09-19,0.09,0.1,0.62,0,0.15,0.96,0,1.01,-0.0058796,-0.0061328,-0.00703012,-0.00716978,-0.0070351,sell
2013-09-20,0.05,0.38,1.6,0,0.23,1.13,0,1.22,-0.0140902,-0.0143477,-0.01311963,-0.00705292,-0.0138766,sell
2013-09-21,0,0.4,1.39,0,0.35,1.92,0,0.47,-0.0087687,-0.0029508,-0.00876872,-0.00526625,-0.0050297,sell
2013-09-22,0.03,0.11,0.48,0,0.54,3.11,0,0.22, 0.0001232, 0.0011887, 0.00199046, 0.00207205, 0.0028614,buy
2013-09-23,0.07,0,0,0,0.84,3.02,0,0.19,-0.0066883,-0.0013505,-0.00616361,-0.00959413,-0.0032347,sell
2013-09-24,0.18,0,0.57,0,1.3,2.54,0,0.23, 0.0034827, 0.0029959, 0.00466089,-0.00296665, 0.0019832,buy
2013-09-25,0.44,0,1.39,0,1.4,2.77,0,0.37, 0.0070288, 0.0079454, 0.00827207, 0.00386942, 0.0080318,buy
2013-09-26,1,0,1.6,0,0.95,2.78,0,0.58, 0.0074325,-0.0033401,-0.00125490,-0.00399123, 0.0033393,buy
2013-09-27,0.89,0,0.73,0,0.61,2.49,0,0.91, 0.0023250, 0.0026903, 0.00133910, 0.00182968, 0.0035858,buy
2013-09-28,0.4,0,0.3,0,0.52,2.16,0,1.27, 0.0048497, 0.0002963,-0.00197385, 0.00158426,-0.0033383,buy
2013-09-29,0.26,0,0,0,0.56,2.15,0,1.18, 0.0046998, 0.0078575, 0.00437164, 0.00412239,-0.0008916,buy
2013-09-30,0.4,0,0,0,0.71,2.37,0,1.09, 0.0025803, 0.0009107, 0.00210831,-0.00021801,-0.0065367,buy
2013-10-01,0.99,0,0,0.36,1.11,3.23,0,1.5,-0.0079893,-0.0089812,-0.00479068,-0.00798144,-0.0041136,sell
2013-10-02,0.9,0.28,0,0.9,1.9,3.94,0,1.43, 0.0020931, 0.0027054, 0.00305726, 0.00249797, 0.0026630,buy
2013-10-03,0.3,0.57,0,1.59,2.72,3.14,0,0.69, 0.0033945,-0.0023611, 0.00849641, 0.00541506, 0.0051450,buy
2013-10-04,0.1,0.67,0,1.1,2.22,2.56,0,0.32,-0.0017512,-0.0028679, 0.00387171, 0.00223506,-0.0004058,buy
2013-10-05,0.04,0.65,0,0.44,1.26,2.08,0,0.16,-0.0056665,-0.0056234,-0.00482148,-0.00177118, 0.0010679,sell
2013-10-06,0,0.57,0.44,0,0.73,1.73,0,0.12,-0.0075388,-0.0075388,-0.00838280,-0.00871602,-0.0013227,sell
2013-10-07,0,0.59,1.16,0,0.35,1.54,0,0.11, 0.0093146, 0.0055382, 0.00928844, 0.00934074, 0.0103163,buy
2013-10-08,0,0.46,1.59,0,0.22,1.4,0,0.35, 0.0021022, 0.0021022, 0.00956998, 0.00758387, 0.0037741,buy
2013-10-09,0,0.42,0.83,0,0.13,1.27,0,0.94,-0.0060780,-0.0063771,-0.00224095,-0.00148041,-0.0035999,sell
2013-10-10,0,0.68,0.33,0,0,1.14,0,1.5,-0.0079967,-0.0039260,-0.00613599,-0.00757971,-0.0075797,sell
2013-10-11,0,0.79,0,0,0,1.03,0,1.35,-0.0089756,-0.0059865,-0.00819647,-0.00879669,-0.0082207,sell
2013-10-12,0,0.48,0,0,0,0.95,0,1.44,-0.0051088,-0.0051269,-0.00498087,-0.00065385,-0.0006150,sell
2013-10-13,0.05,0.2,0,0,0.18,0.87,0,0.98,-0.0000100, 0.0018018, 0.00008810,-0.00001004,-0.0005346,buy
2013-10-14,0.18,0,0,0,0.46,0.79,0,0.39,-0.0025404,-0.0014976,-0.00262271,-0.00314173,-0.0028298,sell
2013-10-15,0.45,0,0,0,1.3,0.73,0,0.17, 0.0069077, 0.0048693, 0.00690769, 0.00573862, 0.0060345,buy
2013-10-16,1.1,0,0,0.29,1.67,0.67,0,0.08,-0.0015439,-0.0011495, 0.00404676, 0.00200307,-0.0013124,buy
2013-10-17,1.07,0,0,0.51,1.3,0.63,0,0.03, 0.0015525, 0.0015525, 0.00456961, 0.00222844, 0.0019991,buy
2013-10-18,0.53,0,0,0.87,1.63,0.74,0,0,-0.0018409, 0.0023007, 0.00002862,-0.00003948,-0.0039951,sell
2013-10-19,0.35,0,0,1.5,1.19,0.81,0,0, 0.0017888, 0.0022782, 0.00029261, 0.00321532, 0.0005769,buy
2013-10-20,0.28,0,0,1.6,0.51,0.93,0,0, 0.0039471, 0.0048165, 0.00493314, 0.00358909, 0.0037672,buy
2013-10-21,0.23,0,0,0.97,0.22,1.15,0,0.04, 0.0041514, 0.0044273, 0.00426633, 0.00025988, 0.0057542,buy
2013-10-22,0.29,0,0,0.57,0.27,1.55,0,0.07, 0.0059619, 0.0058873, 0.00524500, 0.00135678, 0.0006902,buy
2013-10-23,0.35,0,0,0.33,0.9,2.21,0,0.12, 0.0023859, 0.0003172, 0.00461225, 0.00139125, 0.0039046,buy
2013-10-24,0.59,0,0.35,0,1.38,2.4,0,0.21, 0.0051414, 0.0048240,-0.00051765, 0.00283205, 0.0029717,buy
2013-10-25,1.14,0,0.84,0,0.56,1.76,0,0.35, 0.0057670, 0.0030212,-0.00196247, 0.00038714, 0.0026549,buy
2013-10-26,1.11,0,1.57,0,0.13,1.39,0,0.59, 0.0009917,-0.0037407,-0.00136753,-0.00140403,-0.0016407,buy
2013-10-27,0.56,0,1.21,0,0,1.19,0,0.99,-0.0018094,-0.0008006,-0.00101197, 0.00421958, 0.0013860,buy
2013-10-28,0.45,0,0.89,0,0,1.17,0,1.19, 0.0031306, 0.0022703, 0.00294254, 0.00597084, 0.0038302,buy
2013-10-29,0.54,0,0.67,0,0,1.35,0,0.86,-0.0042158,-0.0028042,-0.00252806,-0.00197848, 0.0009764,sell
2013-10-30,0.79,0,1.49,0,0,1.9,0,0.51,-0.0101688,-0.0088801,-0.00873368,-0.00347793,-0.0031927,sell
2013-10-31,0.99,0,2.91,0,0,4.64,0,0.31,-0.0031627,-0.0031627,-0.00259776,-0.00198970,-0.0001840,sell
2013-11-01,0.76,0,4.43,0,0,5.87,0,0.19,-0.0055202,-0.0055202,-0.00358013,-0.00679385,-0.0058912,sell
2013-11-02,0.46,0,3.46,0,0,4.36,0,0.12,-0.0039159,-0.0039159,-0.00239092,-0.00722345,-0.0065657,sell
2013-11-03,0.28,0,1.41,0,0,3.12,0,0.07, 0.0047139, 0.0020464, 0.00555306, 0.00471986, 0.0043627,buy
2013-11-04,0.23,0,0,0,0,2.75,0,0.04,-0.0040639,-0.0047512,-0.00188822,-0.00508542,-0.0047916,sell
2013-11-05,0.25,0,0,0,0,1.8,0,0,-0.0013461,-0.0006154,-0.00542232,-0.00445177,-0.0030256,sell
2013-11-06,0.35,0,0,0,0,1.09,0,0, 0.0000605, 0.0018674,-0.00163018,-0.00052847,-0.0026349,sell
2013-11-07,0.57,0,0,0,0,0.66,0,0,-0.0023367,-0.0024330,-0.01020988,-0.00126994,-0.0037913,sell
2013-11-08,0.82,0,0,0,0,0.42,0,0,-0.0003141, 0.0004330,-0.00205139,-0.00125959,-0.0020647,sell
2013-11-09,1.08,0,0,0,0,0.63,0,0,-0.0039600,-0.0027435,-0.00413748,-0.00387521,-0.0041375,sell
2013-11-10,1.2,0,0,0,0,0.8,0,0.04,-0.0037477,-0.0040145,-0.00446974,-0.00283660,-0.0032460,sell
2013-11-11,1.51,0,0,0,0,1,0,0.09,-0.0047830,-0.0042010,-0.00517311,-0.00435017,-0.0012953,sell
2013-11-12,1.95,0,0,0,0,1.17,0,0.21,-0.0073821,-0.0061443,-0.00613786,-0.00664728, 0.0007425,sell
2013-11-13,1.51,0,0,0,0,1.44,0,0.49,-0.0077676,-0.0058054,-0.00461732,-0.00778080,-0.0038806,sell
2013-11-14,0.81,0.13,0,0,0,1.7,0,1.12, 0.0048051, 0.0031493, 0.00248050, 0.00380734, 0.0054515,buy
2013-11-15,0.42,0.32,0,0,0,2.22,0,1.19,-0.0023772,-0.0025032,-0.00563516,-0.00208217,-0.0032238,sell
2013-11-16,0.21,0.4,0,0,0,3.33,0,0.56,-0.0029078,-0.0032173,-0.01198531,-0.00549958,-0.0058841,sell
2013-11-17,0.07,0.19,0,0,0,3.42,0,0.25,-0.0002878,-0.0017472,-0.00332853,-0.00350256,-0.0024393,buy
2013-11-18,0.03,0.08,0.43,0,0,2.29,0,0.12, 0.0016206, 0.0007531, 0.00162060, 0.00823877, 0.0109518,sell
2013-11-19,0,0,1.18,0,0,1.89,0,0.05,-0.0051280,-0.0052739,-0.00512802,-0.00340409, 0.0034299,sell
2013-11-20,0,0,1.59,0,0,1.72,0,0.04,-0.0088300,-0.0082865,-0.00700149,-0.00504838, 0.0049941,sell
2013-11-21,0,0,0.7,0,0,2.07,0,0.1, 0.0076116, 0.0064059, 0.00761162, 0.00677212, 0.0097541,buy
2013-11-22,0,0,0,0,0,2.35,0,0.24, 0.0026826, 0.0042609, 0.00227223, 0.00390785, 0.0045231,buy
2013-11-23,0,0,0,0,0,2.43,0,0.59,-0.0028562,-0.0011581,-0.00075832,-0.00122545,-0.0013694,sell
2013-11-24,0,0,0,0,0,2.78,0,1.19,-0.0059466, 0.0036915,-0.00702031,-0.00390217,-0.0069393,sell
2013-11-25,0.04,0.15,0,0.27,0,3.11,0,0.96,-0.0003075,-0.0032015, 0.00329335, 0.00244344, 0.0008572,buy
2013-11-26,0.19,0.39,0,0.55,0,2.69,0,0.39,-0.0041711,-0.0037312,-0.01008085,-0.00417108,-0.0043670,sell
2013-11-27,0.7,0.39,0,1.1,0,2.3,0,0.16, 0.0001395,-0.0003320,-0.00121208, 0.00586487,-0.0009138,buy
2013-11-28,1.16,0.15,0,1.6,0,2.92,0,0.07, 0.0025860, 0.0021824, 0.00234227, 0.00351430, 0.0034886,buy
2013-11-29,0.87,0.1,0,1.14,0.18,2.56,0,0,-0.0025503,-0.0013598,-0.00002453,-0.00058454,-0.0002722,sell
2013-11-30,1.08,0.4,0,0.59,0.44,1.51,0,0, 0.0036242, 0.0007529, 0.00063416, 0.00120718, 0.0009992,buy
2013-12-01,0.81,0.38,0,0.3,1.05,2.42,0,0, 0.0006579, 0.0011843, 0.00241323, 0.00172346, 0.0017235,buy
2013-12-02,0.32,0.1,0,0,1.39,2.1,0,0,-0.0041882,-0.0046130,-0.00843743,-0.00777350,-0.0081280,sell
2013-12-03,0.13,0,0,0,0.74,0.52,0,0, 0.0041403, 0.0051670, 0.00516704, 0.00282039, 0.0013842,buy
2013-12-04,0.05,0,0,0,0.31,0.14,0,0.09, 0.0115448, 0.0117933, 0.01154483, 0.01214744, 0.0107616,buy
2013-12-05,0,0,0,0,0.13,0,0,0.34, 0.0100757, 0.0119594, 0.00934833, 0.01232162, 0.0093122,buy
2013-12-06,0,0.13,0,0,0.11,0,0,1.17,-0.0084837,-0.0071724,-0.00600462,-0.00823620,-0.0074463,sell
2013-12-07,0,0.39,0,0,0.26,0.15,0,1.04, 0.0024198, 0.0026480, 0.00067299, 0.00241976,-0.0020315,buy
2013-12-08,0.09,0.27,0.31,0,0.57,0.22,0,0.27, 0.0054827, 0.0078939, 0.00906956, 0.01064646, 0.0058525,buy
2013-12-09,0.35,0,1.18,0,1.28,0.32,0,0.07, 0.0000831, 0.0027010,-0.00067911, 0.00026627, 0.0029318,buy
2013-12-10,1,0,2.14,0,1.73,0.63,0,0,-0.0063010,-0.0064108,-0.00223424,-0.00530265,-0.0029007,sell
2013-12-11,0.67,0,1.94,0,2.04,1.15,0,0,-0.0042019,-0.0039568,-0.00402026,-0.00286055,-0.0038353,sell
2013-12-12,0.17,0,1.7,0,1.65,2.38,0,0,-0.0007742,-0.0001688, 0.00248716, 0.00090987, 0.0002565,buy
2013-12-13,0.04,0,1.59,0,0.48,3.28,0,0, 0.0060402, 0.0051395, 0.00604019, 0.00596050, 0.0053383,buy
2013-12-14,0,0,1.26,0,0,2.72,0,0, 0.0067587, 0.0038142, 0.00706961, 0.00706961, 0.0068499,buy
2013-12-15,0,0,1.28,0,0.23,2.28,0,0, 0.0026321, 0.0017809, 0.00416826, 0.00475696, 0.0048045,buy
2013-12-16,0,0,2.13,0,0.83,1.49,0,0, 0.0068882, 0.0068882, 0.00504713, 0.00647689, 0.0027755,buy
2013-12-17,0,0,1.52,0,1.53,1.06,0,0, 0.0037239, 0.0037321, 0.00690999, 0.00304734, 0.0069931,buy
2013-12-18,0,0,0,0,0.94,0.75,0,0,-0.0078991, 0.0033314, 0.00257806,-0.00669903,-0.0068956,sell
2013-12-19,0,0,0,0,0.92,0.53,0,0,-0.0073874, 0.0006030, 0.00060305,-0.00673031,-0.0068138,sell
2013-12-20,0,0,0,0,1.38,0.38,0,0, 0.0039715,-0.0068419, 0.00020504,-0.00049924, 0.0023797,buy
2013-12-21,0,0,0,0.39,1.18,0.27,0,0.04, 0.0005029,-0.0088362,-0.00461655,-0.00336031, 0.0010364,buy
2013-12-22,0,0,0,0.59,0.89,0.19,0,0.05, 0.0062470, 0.0057619, 0.00121355, 0.00121190, 0.0032773,buy
2013-12-23,0,0,0,0.9,1.55,0.39,0,0.08, 0.0062148, 0.0063404, 0.00314141, 0.00314141, 0.0011667,buy
2013-12-24,0,0,0,1.36,0.95,0.58,0,0.12, 0.0052234, 0.0050376, 0.00367326, 0.00607857, 0.0053478,buy
2013-12-25,0,0,0,1.59,0.21,1.56,0,0.18, 0.0036868, 0.0034841, 0.00349569, 0.00369166, 0.0000879,buy
2013-12-26,0,0,0,1.24,0,2.89,0,0.32,-0.0029337,-0.0013371,-0.00401245,-0.00261176,-0.0031241,sell
2013-12-27,0,0,0,0.82,0,3.29,0,0.67,-0.0028855,-0.0067799,-0.00404383,-0.00224434,-0.0045240,sell
2013-12-28,0,0,0,0.54,0,1.66,0,1.44, 0.0040548,-0.0000545, 0.00366903,-0.00003617, 0.0029585,buy
2013-12-29,0,0,0,0.36,0,0.54,0,3.3, 0.0032124, 0.0005480, 0.00266942, 0.00085076, 0.0023924,buy
2013-12-30,0,0,0,0,0,0,0,4.19, 0.0063699,-0.0034462, 0.00119800, 0.00012557, 0.0005203,buy
2013-12-31,0,0,0,0,0,0,0,3.65, 0.0084630,-0.0032722, 0.00665251, 0.00548451, 0.0068509,buy
2014-01-01,0,0,0,0,0,0,0,2.71, 0.0029632,-0.0028238, 0.00234773, 0.00316129, 0.0040059,buy
2014-01-02,0,0,0,0.94,0,0,0,2.26, 0.0042784, 0.0070044, 0.00691935, 0.00390668, 0.0069270,buy
2014-01-03,0,0,0,1.59,0,0.56,0,2.01, 0.0032574, 0.0027631, 0.00307688,-0.00066990, 0.0030769,buy
2014-01-04,0,0,0,1.15,0,1.96,0,1.69,-0.0043947,-0.0046770,-0.00297280,-0.00810911,-0.0069867,sell
2014-01-05,0,0,0,1.59,0,1.76,0,2.07,-0.0038535,-0.0041704,-0.00375869,-0.00699434,-0.0045461,sell
2014-01-06,0,0,0,1.41,0,0.77,0,1.8, 0.0000430,-0.0015095,-0.00096470,-0.00428848,-0.0009647,buy
2014-01-07,0,0,0,0.51,0,0.94,0,1.44, 0.0045041,-0.0010806, 0.00164668,-0.00574688, 0.0019351,buy
2014-01-08,0,0,0,0,0,1.96,0,1.81, 0.0030817, 0.0007388, 0.00308168, 0.00257379, 0.0020806,buy
2014-01-09,0,0,0,0,0,1.69,0,2.06,-0.0042981, 0.0029447, 0.00369558, 0.00253958, 0.0008331,buy
2014-01-10,0,0,0,0,0,0.7,0,2.43, 0.0049090, 0.0030425, 0.00056651, 0.00499033, 0.0020228,buy
2014-01-11,0,0,0,0,0,0.53,0,2.76, 0.0022933, 0.0022933,-0.00026644, 0.00606646, 0.0015924,buy
2014-01-12,0,0.07,0,0,0.28,0.42,0,2.09, 0.0024669,-0.0019786,-0.00387924,-0.00116629,-0.0091663,buy
2014-01-13,0,0.1,0,0,1.24,0.74,0,1.18,-0.0000865, 0.0007285,-0.00085119,-0.00244806, 0.0017491,buy
2014-01-14,0,0.14,0,0,1.39,1.3,0,0.83,-0.0011061,-0.0037347,-0.00147187,-0.00312960, 0.0035390,buy
2014-01-15,0,0.19,0,0,0.35,2,0,0.94, 0.0061223, 0.0037608, 0.00082780, 0.00724140, 0.0063486,buy
2014-01-16,0,0.26,0,0,0,1.75,0,1.32, 0.0033319, 0.0034230, 0.00336145, 0.00322709, 0.0033453,buy
2014-01-17,0,0.35,0,0,0.3,1.03,0,1, 0.0030699, 0.0033118, 0.00242658, 0.00302157, 0.0009793,buy
2014-01-18,0,0.4,0.29,0,1.41,0.62,0,0.42,-0.0060100, 0.0008615,-0.00537695,-0.00412585,-0.0056211,sell
2014-01-19,0,0.33,1.4,0,1.63,0.38,0,0.19,-0.0002325, 0.0018555,-0.00059967, 0.00118751, 0.0028371,buy
2014-01-20,0,0.25,1.6,0,1.15,0.24,0,0.09,-0.0003378,-0.0008139,-0.00300750,-0.00085941,-0.0000587,buy
2014-01-21,0.05,0.19,0.36,0,1.82,0.16,0,0.04,-0.0009687,-0.0044291, 0.00090978, 0.00027425,-0.0043468,sell
2014-01-22,0.16,0.14,0,0.28,1.33,0,0,0.04,-0.0047882,-0.0089793,-0.00348987,-0.00910588,-0.0088516,sell
2014-01-23,0.49,0.11,0,0.35,1.72,0,0,0.16, 0.0013020, 0.0008461, 0.00399926, 0.00244969, 0.0024497,buy
2014-01-24,1.03,0.08,0,0.41,1.88,0.16,0,0.6,-0.0033434, 0.0009726, 0.00413858, 0.00277451,-0.0027169,buy
2014-01-25,0.77,0,0,0.46,1.21,0.61,0,1.2, 0.0046372, 0.0008259, 0.00031095, 0.00013827,-0.0087292,sell
2014-01-26,0.53,0,0,0.51,1.03,2.16,0,0.64,-0.0031513,-0.0006928,-0.00068493,-0.00450125,-0.0016596,sell
2014-01-27,0.88,0.07,0,0.54,1.08,2.33,0,0.19,-0.0022201,-0.0005913,-0.00063947,-0.00582031,-0.0044917,sell
2014-01-28,1.01,0.24,0,0.56,1.24,2.64,0,0.06,-0.0051360,-0.0031455,-0.00166316,-0.00492260,-0.0049226,sell
2014-01-29,0.46,0.39,0,0.56,1.58,3.55,0,0,-0.0023205,-0.0036405,-0.00290202,-0.00290202, 0.0006896,sell
2014-01-30,0.19,0.19,0.48,0.55,1.85,2.79,0,0, 0.0018723, 0.0027940, 0.00192193, 0.00187227, 0.0022591,buy
2014-01-31,0.09,0,1.3,0.53,2.43,1.28,0,0, 0.0023562,-0.0026986,-0.00297257,-0.00388456,-0.0041585,buy
2014-02-01,0.04,0,1.6,0.49,3.06,0.39,0,0,-0.0025407,-0.0045103,-0.00838406,-0.00578003,-0.0078951,sell
2014-02-02,0,0,0.7,0.44,2.81,0.18,0,0,-0.0041620,-0.0066349,-0.00621808,-0.00673934,-0.0066262,sell
2014-02-03,0,0,0,0.38,1.83,0,0,0, 0.0069112, 0.0071114, 0.00691124,-0.00511488, 0.0069814,buy
2014-02-04,0,0,0,0.32,1.02,0,0,0,-0.0012049,-0.0011839, 0.00087299,-0.01108497,-0.0007281,sell
2014-02-05,0,0,0,0,0.58,0,0,0,-0.0084913,-0.0065574,-0.00999086,-0.00778868,-0.0040476,sell
2014-02-06,0,0,0,0,0.32,0,0,0,-0.0017644,-0.0009197,-0.00517640, 0.00061075,-0.0003662,sell
2014-02-07,0,0,0,0,0.27,0,0,0.04, 0.0002853,-0.0002010,-0.00295895, 0.00061075, 0.0012278,buy
2014-02-08,0,0,0,0,0.23,0,0,0.1, 0.0000073,-0.0004514,-0.00274432,-0.00101168, 0.0013349,buy
2014-02-09,0,0,0,0,0.19,0.24,0,0.23, 0.0055399, 0.0041594, 0.00403613, 0.00128152, 0.0041706,buy
2014-02-10,0.1,0,0,0,0.16,0.75,0,0.56, 0.0024782, 0.0027725,-0.00002660, 0.00011825,-0.0022285,buy
2014-02-11,0.22,0,0,0,0.14,2.03,0,1.19, 0.0033765, 0.0077175,-0.00106228, 0.00508969, 0.0017360,buy
2014-02-12,0.51,0,0,0,0.12,3.18,0,1.04,-0.0036788, 0.0000743,-0.00111953,-0.00126843,-0.0000563,sell
2014-02-13,1.36,0.17,0,0,0.11,3.59,0,0.43, 0.0046218, 0.0030411, 0.00199122, 0.00199122, 0.0017376,buy
2014-02-14,2.18,0.39,0,0,0,3.96,0,0.18, 0.0007742, 0.0007742, 0.00041718,-0.00182616,-0.0008049,sell
2014-02-15,2.18,0.52,0,0,0,4.52,0,0.11,-0.0038633,-0.0038214,-0.00392593,-0.00844905,-0.0004634,sell
2014-02-16,1.98,0.53,0,0,0,4.75,0,0.11,-0.0029406,-0.0020176,-0.00127909,-0.00695085,-0.0008454,sell
2014-02-17,1.57,0.34,0,0,0,4.4,0,0.32, 0.0010150, 0.0004947, 0.00048031,-0.00260252,-0.0032893,sell
2014-02-18,1.24,0.13,0,0,0,2.97,0,0.86, 0.0027697, 0.0004921,-0.00093249,-0.00117684,-0.0025119,buy
2014-02-19,0.61,0,0,0,0.13,2.61,0,1.19,-0.0025122,-0.0018358,-0.00341702,-0.00315414,-0.0028748,sell
2014-02-20,0.23,0,0,0,0.52,2.15,0,0.63,-0.0005017,-0.0000663,-0.00146733,-0.00224066,-0.0005208,buy
2014-02-21,0.1,0,0,0,1.4,1.36,0,0.27,-0.0011769, 0.0006574,-0.00096986,-0.00117691,-0.0011769,sell
2014-02-22,0.04,0,0,0,0.97,0.93,0,0.13, 0.0032913,-0.0030185,-0.00273577,-0.00661900,-0.0127614,buy
2014-02-23,0,0,0,0,0.28,0.7,0,0.06, 0.0001859,-0.0019268, 0.01177223, 0.00232580, 0.0067923,buy
2014-02-24,0,0,0,0,0,0.61,0,0.04, 0.0071784, 0.0081307, 0.00682390, 0.00950161, 0.0056285,buy
2014-02-25,0.05,0,0,0,0,0.49,0,0.05, 0.0011472,-0.0002083,-0.00264725,-0.00741448,-0.0022563,sell
2014-02-26,0.13,0,0,0,0.18,0.63,0,0.09,-0.0031915,-0.0016945,-0.00595188,-0.00806072,-0.0061444,sell
2014-02-27,0.33,0,0,0,0.42,0.8,0,0.17,-0.0042576,-0.0025153,-0.00476010,-0.00550245,-0.0049264,sell
2014-02-28,0.83,0,0,0,0.97,1,0,0.36, 0.0001180,-0.0010468, 0.00015714,-0.00007052, 0.0012818,buy
2014-03-01,0.99,0.13,0,0,1.38,1.22,0,0.71,-0.0020190,-0.0023693,-0.00068400, 0.00099479,-0.0035321,sell
2014-03-02,0.47,0.32,0,0,0.83,1.48,0,1.35,-0.0052580,-0.0059480,-0.00553886,-0.00553886,-0.0023164,sell
2014-03-03,0.19,0.49,0,0,0.36,1.78,0,1.36, 0.0035621, 0.0034839, 0.00425182, 0.00290951, 0.0042518,buy
2014-03-04,0.08,0.41,0,0,0.15,2,0,1.14, 0.0033607, 0.0025102, 0.00338404, 0.00163007, 0.0033840,buy
2014-03-05,0.03,0.48,0,0,0,1.9,0,1.47, 0.0031264, 0.0029278, 0.00357132, 0.00179006, 0.0035713,buy
2014-03-06,0,0.28,0,0,0,1.63,0,1.21, 0.0028164, 0.0030199, 0.00258149, 0.00190907, 0.0028168,buy
2014-03-07,0,0.11,0,0,0,1.41,0,0.64, 0.0030546,-0.0002808,-0.00101875, 0.00373122, 0.0037791,buy
2014-03-08,0,0,0,0,0.1,1.25,0,0.44,-0.0006193, 0.0069945, 0.00214733, 0.00424386, 0.0073973,buy
2014-03-09,0.03,0,0,0,0.33,1.1,0,0.55,-0.0016252,-0.0011485,-0.00130188,-0.00130188,-0.0001235,sell
2014-03-10,0.1,0,0,0,0.58,0.99,0,0.99, 0.0009881, 0.0014086, 0.00131935, 0.00136606, 0.0014086,buy
2014-03-11,0.24,0.09,0,0,1.14,1.13,0,1.19,-0.0012389, 0.0014102,-0.00129323,-0.00338170,-0.0012389,sell
2014-03-12,0.61,0.21,0,0,1.54,1.32,0,0.67, 0.0015109,-0.0017590,-0.00006823,-0.00006823, 0.0015109,buy
2014-03-13,1.5,0.4,0,0,1.03,2.07,0,0.29,-0.0002497, 0.0045721, 0.00324071, 0.00411621, 0.0019306,buy
2014-03-14,1.98,0.32,0,0,0.56,3.18,0,0.12,-0.0000699,-0.0002901,-0.00125166,-0.00068608,-0.0017742,buy
2014-03-15,1.37,0.13,1.04,0,0.33,3.33,0,0.05,-0.0042836,-0.0034562,-0.00476425,-0.00642973,-0.0051072,sell
2014-03-16,1.23,0,2.41,0,0.25,3.19,0,0,-0.0058035,-0.0057045,-0.00354160,-0.00084145,-0.0094839,sell
2014-03-17,1.13,0,3.21,0,0.41,2.01,0,0,-0.0034706,-0.0048040, 0.00393984, 0.00434830,-0.0041579,sell
2014-03-18,0.37,0,2.69,0,0.6,1,0,0, 0.0061541, 0.0040969, 0.00440635, 0.00390040,-0.0002860,buy
2014-03-19,0.12,0,2.17,0,1.06,0.7,0,0, 0.0018973, 0.0019817, 0.00185590, 0.00134237,-0.0005069,buy
2014-03-20,0.03,0,0.93,0,1.6,0.53,0,0,-0.0049372,-0.0021437,-0.00707167,-0.00747841,-0.0029540,sell
2014-03-21,0,0,0.34,0,1.27,0.52,0,0,-0.0009749,-0.0031771,-0.00546237,-0.00394655,-0.0069350,sell
2014-03-22,0,0,0,0,0.74,0.52,0,0, 0.0011809, 0.0004704, 0.00608293, 0.00642918, 0.0046418,buy
2014-03-23,0.05,0.07,0,0,0.67,0.52,0,0, 0.0096802, 0.0025453, 0.00812088, 0.01136251, 0.0055485,buy
2014-03-24,0.15,0.32,0,0,0.74,0.52,0,0, 0.0057983, 0.0033874, 0.00122217, 0.00154419, 0.0018401,buy
2014-03-25,0.49,0.39,0,0,1.48,0.53,0,0,-0.0032082,-0.0014697,-0.00075590,-0.00537702,-0.0017241,sell
2014-03-26,1.02,0.39,0,0,3.09,0.53,0,0.07,-0.0018929,-0.0008639,-0.00180861,-0.00298458,-0.0040109,sell
2014-03-27,0.69,0.69,0,0,3.68,0.55,0,0.22,-0.0016915, 0.0006428,-0.00345397,-0.00174213,-0.0017421,sell
2014-03-28,0.54,0.68,0,0,2.39,0.56,0,0.58, 0.0049553, 0.0057069, 0.00223469, 0.00435240, 0.0045513,buy
2014-03-29,1.04,0.39,0,0,1.8,0.58,0,1.37,-0.0081780,-0.0067351,-0.00884003,-0.00817234,-0.0069024,sell
2014-03-30,0.86,0.28,0,0,1.32,0.61,0,1.53,-0.0079274,-0.0060868,-0.00599237,-0.00608533,-0.0057612,sell
2014-03-31,0.5,0.35,0,0,0.94,0.84,0,1.45,-0.0062953,-0.0055805,-0.00632480,-0.00643072,-0.0028626,sell
2014-04-01,0.97,0.58,0.74,0,0.72,1.36,0,1.68,-0.0031602,-0.0002435,-0.00725454,-0.00338871,-0.0016730,sell
2014-04-02,1.77,0.8,1.57,0,0.54,2.38,0,1.59, 0.0026423,-0.0003078, 0.00263702, 0.00245051, 0.0013110,buy
2014-04-03,1.43,0.6,0.85,0,0.41,3.92,0,1.49, 0.0022070, 0.0000472,-0.00146405, 0.00004725,-0.0026157,buy
2014-04-04,0.41,0.34,1.48,0,0.31,4.07,0,0.84, 0.0077901, 0.0079283, 0.00687243, 0.00543936, 0.0066926,buy
2014-04-05,0.1,0.15,1.57,0,0.33,2.62,0,0.35, 0.0026589, 0.0025246, 0.00260255, 0.00209148, 0.0029283,buy
2014-04-06,0,0.11,0.3,0,0.35,1.6,0,0.12, 0.0049949, 0.0031165,-0.00180576, 0.00242009, 0.0029499,buy
2014-04-07,0,0.07,0,0.52,0.43,1.17,0,0.05, 0.0069753, 0.0061523, 0.00135815,-0.00186262, 0.0033715,buy
2014-04-08,0,0.23,0,1.59,0.65,1.25,0,0,-0.0009249,-0.0038186,-0.00329746,-0.00080315,-0.0008032,sell
2014-04-09,0,0.4,0,1.37,1.15,1.62,0,0, 0.0002897,-0.0057085, 0.00000011, 0.00025982, 0.0013870,buy
2014-04-10,0,0.31,0.6,0.41,2.04,2.35,0,0, 0.0055714, 0.0072418, 0.00900408, 0.00527889, 0.0083810,buy
2014-04-11,0,0.39,1.52,0.29,2.4,3.34,0,0, 0.0003912, 0.0023208, 0.00421705, 0.00275027, 0.0075557,buy
2014-04-12,0,0.39,1.57,0.88,1.11,3,0,0.11,-0.0012093,-0.0009021, 0.00114329,-0.00198191, 0.0045034,sell
2014-04-13,0.03,0.4,0.64,1.6,0.39,2.3,0,0.56,-0.0063207,-0.0063207,-0.00691819,-0.00642224,-0.0070654,sell
2014-04-14,0.07,0.28,0,0.92,0.14,2.11,0,2.12, 0.0056417, 0.0064575, 0.00645752, 0.00645752, 0.0057534,buy
2014-04-15,0.16,0.08,0,0.87,0.17,2,0,2.18, 0.0060949, 0.0058511, 0.00609173, 0.00505713, 0.0061243,buy
2014-04-16,0.39,0,0,1.57,0.44,1.96,0,0.72, 0.0003916, 0.0000722, 0.00075167, 0.00039161,-0.0005347,buy
2014-04-17,0.92,0,0,0.53,1.11,1.93,0,0.41,-0.0009112, 0.0024141, 0.00266641,-0.00268888,-0.0023085,sell
2014-04-18,0.99,0,1.59,0.91,1.4,2.47,0,0.53,-0.0061597,-0.0011800,-0.00268487,-0.00298096,-0.0000544,sell
2014-04-19,0.44,0,3.1,2.05,0.66,3.34,0,0.76, 0.0066695, 0.0044945, 0.00792413, 0.00236714, 0.0023819,buy
2014-04-20,0.18,0,1.37,1.25,0.26,2,0,1.1,-0.0011528,-0.0047958,-0.00467635,-0.00253155,-0.0015465,sell
2014-04-21,0.11,0,0,1.01,0.1,1.13,0,1.59,-0.0033347,-0.0036515,-0.00260396,-0.00448214,-0.0043333,sell
2014-04-22,0.12,0,0,1.42,0,1,0,2.19,-0.0010283,-0.0032218,-0.00141793,-0.00546718,-0.0014179,sell
2014-04-23,0.26,0,0.58,1.6,0,0.89,0,2.31,-0.0014222,-0.0019849,-0.00217551,-0.00488957,-0.0021755,sell
2014-04-24,0.76,0,1.6,1.26,0,0.98,0,1.79, 0.0066814, 0.0059096, 0.00451580, 0.00687475,-0.0001771,buy
2014-04-25,0.99,0,1.25,0.9,0,1.19,0,1.29, 0.0048182, 0.0052271, 0.00522711, 0.00398601,-0.0001607,buy
2014-04-26,0.44,0,0.37,0.66,0,1.84,0,0.94, 0.0039875,-0.0029343, 0.00216218,-0.00538503, 0.0093525,buy
2014-04-27,0.18,0,0,0.48,0,2.51,0,0.69, 0.0006592,-0.0044375,-0.00013107,-0.00012167, 0.0013671,buy
2014-04-28,0.28,0,1.5,0.35,0.22,1.72,0,0.52,-0.0031041,-0.0020732,-0.00262320,-0.00239844,-0.0006280,sell
2014-04-29,0.99,0,1.56,0,1.39,0.9,0,0.39, 0.0015015, 0.0015015, 0.00437542, 0.00183213, 0.0036582,buy
2014-04-30,0.66,0,0.71,0,1.28,0.55,0,0.3, 0.0052792, 0.0052792, 0.00527924, 0.00080412,-0.0000864,buy
2014-05-01,0.25,0,2.36,0,0.33,0.3,0,0.23,-0.0060780,-0.0004108,-0.00395853,-0.00037234,-0.0070597,sell
2014-05-02,0.4,0,2.7,1.37,0.3,0.26,0,0.19, 0.0001256, 0.0080516, 0.00781999, 0.00254420, 0.0088928,buy
2014-05-03,0.95,0,0.79,1.6,0.69,0.23,0,0.12,-0.0021461,-0.0012448,-0.00220603,-0.00212135,-0.0023338,sell
2014-05-04,0.98,0.18,0,0,1.39,0.2,0,0.1,-0.0039450,-0.0033568,-0.00280566,-0.00342792,-0.0039450,sell
2014-05-05,0.42,0.47,0,0,1.2,0.36,0,0.09,-0.0033859,-0.0012861,-0.00295381,-0.00307774,-0.0012861,sell
2014-05-06,0.18,0.69,0.3,0,0.64,1.5,0,0.07,-0.0031887,-0.0031887,-0.00212298,-0.00151925, 0.0033598,buy
2014-05-07,0.07,0.71,0.82,0,0.54,3.34,0,0.06,-0.0017959, 0.0045135, 0.00426999,-0.00201161,-0.0063868,sell
2014-05-08,0.03,0.59,1.6,0.3,0.92,2.58,0,0.05,-0.0007594,-0.0023376, 0.00109330, 0.00063767, 0.0005738,buy
2014-05-09,0,0.48,1.09,1.07,1.39,0.54,0,0.14,-0.0043247,-0.0043451,-0.00679943,-0.00767687,-0.0035687,sell
2014-05-10,0.06,0.08,0.41,2.55,0.83,0,0,0.53, 0.0007379,-0.0017748, 0.00491070, 0.00323682, 0.0026900,buy
2014-05-11,0.31,0,0,2.85,0.3,0,0,1.27, 0.0030185,-0.0038296,-0.00005401,-0.00047622, 0.0024151,buy
2014-05-12,1,0,0.28,1.32,0.11,0,0,0.8,-0.0029352,-0.0011088,-0.00584478,-0.00462637,-0.0021908,sell
2014-05-13,0.59,0.14,0.62,0,0,0,0,0.65, 0.0024028, 0.0065245, 0.00072122, 0.00175003,-0.0000574,buy
2014-05-14,0.15,0.36,1.73,0,0,0,0,1.25,-0.0052716,-0.0129112,-0.00645987,-0.00021871,-0.0097891,sell
2014-05-15,0.14,0.4,1.92,0,0.14,0,0,1.04, 0.0013714, 0.0010844, 0.00212527, 0.00463851, 0.0006614,buy
2014-05-16,0.58,0.17,0.79,0.66,0.45,0,0,0.61,-0.0008049, 0.0030023, 0.00056947,-0.00170740,-0.0008049,sell
2014-05-17,0.98,0.19,0.73,1.6,1.38,0.14,0,0.77, 0.0014413, 0.0018178,-0.00052163,-0.00150650,-0.0018558,sell
2014-05-18,0.41,0.29,2.25,1.22,1.32,0.33,0,1.22, 0.0028149, 0.0035891, 0.00773639, 0.00342967, 0.0034297,buy
2014-05-19,0.11,0.39,3.59,0.41,0.45,0.74,0,0.89,-0.0066877,-0.0069382,-0.00700048,-0.00652054,-0.0063110,sell
2014-05-20,0.03,0.31,2.39,0,0.16,2.02,0,0.37,-0.0036997,-0.0088518,-0.00299070,-0.00353900,-0.0036997,sell
2014-05-21,0,0.3,0.89,0,0,3.17,0,0.15,-0.0046910,-0.0010428,-0.00469096,-0.00274913,-0.0041237,sell
2014-05-22,0,0.4,0.4,0,0,3.35,0,0.06,-0.0061081,-0.0064116,-0.00614607,-0.00743238,-0.0064853,sell
2014-05-23,0,0.31,0.39,0,0,2.58,0,0,-0.0070278,-0.0046371,-0.00702780,-0.00769458,-0.0083578,sell
2014-05-24,0,0.13,0.38,0,0,2.18,0,0.04,-0.0003897, 0.0007518,-0.00087554, 0.00617820, 0.0080698,buy
2014-05-25,0,0,0.37,0,0,2.16,0,0.13, 0.0080507, 0.0083411, 0.00850083, 0.00834113, 0.0115328,buy
2014-05-26,0.04,0,0.35,0,0,1.32,0,0.25, 0.0026026, 0.0042689, 0.00296269, 0.00559938, 0.0057520,buy
2014-05-27,0.08,0,0.32,0,0,0.66,0,0.54,-0.0018805, 0.0025837,-0.00022338, 0.00000095, 0.0001222,sell
2014-05-28,0.17,0,0.3,0,0,0.33,0,1.22, 0.0048327, 0.0015976, 0.00120502, 0.00210807, 0.0012267,buy
2014-05-29,0.36,0,0.28,0,0,0.17,0,1.24, 0.0090038, 0.0032921, 0.00539937, 0.00594265, 0.0039115,buy
2014-05-30,0.76,0,0,0,0,0,0,0.57,-0.0051412,-0.0038293,-0.00407697,-0.00752842,-0.0038293,sell
2014-05-31,1,0.07,0,0,0,0,0,0.29,-0.0088572,-0.0080786,-0.00773855,-0.00901909,-0.0085056,sell
2014-06-01,0.61,0.11,0.36,0,0,0,0,0.17, 0.0007485, 0.0017732, 0.00256604, 0.00194650, 0.0029864,buy
2014-06-02,0.3,0.17,0.85,0,0,0,0,0.14, 0.0010225,-0.0003713,-0.00322871, 0.00086504, 0.0008650,buy
2014-06-03,0.2,0.23,1.57,0,0,0,0,0.11, 0.0029894, 0.0028266,-0.00291133, 0.00109837, 0.0005083,buy
2014-06-04,0.18,0.31,1.21,0,0,0,0,0.14,-0.0064380,-0.0056915,-0.00684651,-0.00599252,-0.0067695,sell
2014-06-05,0.33,0.37,0.93,0,0,0,0,0.16,-0.0063116,-0.0115441,-0.00602817,-0.00476423,-0.0111438,sell
2014-06-06,0.65,0.4,1.28,0,0,0,0,0.2,-0.0029050, 0.0038684,-0.00347695, 0.00164121,-0.0035030,sell
2014-06-07,1.29,0.38,2.29,0,0,0,0,0.25,-0.0064132,-0.0033649,-0.00543302,-0.00582132,-0.0049253,sell
2014-06-08,1.7,0.36,2.64,0,0.1,0,0,0.31,-0.0095199,-0.0059638,-0.00661167,-0.00797845,-0.0071337,sell
2014-06-09,1.36,0.39,1.87,0,0.27,0,0,0.39,-0.0068597,-0.0025389,-0.00047826,-0.00646861, 0.0003727,sell
2014-06-10,0.55,0.4,0.58,0,0.91,0.2,0,0.49,-0.0014216, 0.0005248,-0.00139476,-0.00426667,-0.0014216,sell
2014-06-11,0.21,0.35,0.64,0.42,1.73,0.72,0,0.63,-0.0052278,-0.0045240,-0.00531298,-0.00452398,-0.0050648,sell
2014-06-12,0.08,0.29,1.59,1.26,1.55,1.98,0,0.8, 0.0049767, 0.0048356, 0.00483561, 0.00490720, 0.0038601,buy
2014-06-13,0,0.22,1.49,1.59,1.58,1.35,0,1.03, 0.0022180, 0.0042902, 0.00443688, 0.00429018, 0.0042902,buy
2014-06-14,0,0.16,0.58,0.64,1.51,0.33,0,1.19,-0.0005599,-0.0006405, 0.00010681, 0.00316076, 0.0056291,buy
2014-06-15,0,0.11,0,0,0.79,0,0,1.05,-0.0047364,-0.0000915,-0.00215387,-0.00170952,-0.0000902,sell
2014-06-16,0,0.08,0,0,0.4,0,0,0.8,-0.0065413,-0.0031297,-0.00153443, 0.00011055,-0.0038497,sell
2014-06-17,0,0,0,0,0.21,0,0,0.61, 0.0050966, 0.0031938, 0.00465181, 0.00582617, 0.0047427,buy
2014-06-18,0,0,0,0.27,0.11,0,0,0.45, 0.0058621, 0.0050899, 0.00531041, 0.00741710, 0.0049667,buy
2014-06-19,0,0.07,0,0.35,0.34,0,0,0.34, 0.0001064, 0.0111736, 0.00416158, 0.01139600, 0.0041359,buy
2014-06-20,0,0.22,0,0.46,0.82,0,0,0.25, 0.0079408, 0.0114050, 0.00824383, 0.01224902, 0.0080088,buy
2014-06-21,0,0.55,0,0.6,1.86,0.14,0,0.18, 0.0014131, 0.0014629, 0.00083601, 0.00045948,-0.0009000,buy
2014-06-22,0,0.59,0,0.79,1.4,0.39,0,0.13,-0.0009255, 0.0003846,-0.00402383,-0.00141593,-0.0036102,sell
2014-06-23,0,0.81,0,1.06,1.21,1.1,0,0.1,-0.0009282,-0.0018252, 0.00088077, 0.00035053, 0.0008550,buy
2014-06-24,0,0.73,0,1.42,1.64,1.98,0,0.07,-0.0021003,-0.0039153, 0.00253635, 0.00050203,-0.0007990,buy
2014-06-25,0.06,0.43,0,1.59,2.54,1.22,0,0.05, 0.0041758, 0.0041811, 0.00690086, 0.00629182, 0.0069009,buy
2014-06-26,0.13,0.31,0,1.32,2.97,0.43,0,0.1, 0.0027659, 0.0033980, 0.00276590, 0.00276590, 0.0033391,buy
2014-06-27,0.31,0.4,0,0.96,2.84,0.15,0,0.16, 0.0043076, 0.0053014, 0.00504207, 0.00292583, 0.0032933,buy
2014-06-28,0.74,0.32,0,0.7,2.53,0,0,0.48, 0.0038585, 0.0042087, 0.00429899, 0.00355333, 0.0035533,buy
2014-06-29,1.01,0.13,0,0.51,2.13,0,0,1.18,-0.0004715,-0.0015460, 0.00739290, 0.00124116,-0.0005786,buy
2014-06-30,0.59,0,0,0.37,2,0.17,0,0.99, 0.0094259,-0.0008976, 0.00491942,-0.00123677, 0.0045247,buy
2014-07-01,0.28,0,0,0,2,0.42,0,0.34,-0.0033856,-0.0052262,-0.00539549,-0.00338556,-0.0057001,sell
2014-07-02,0.16,0,0.61,0.48,1.78,1,0,0.12,-0.0013763,-0.0022220,-0.00113328,-0.00099892,-0.0013199,sell
2014-07-03,0.1,0,1.59,1.15,1.42,1.98,0,0.04, 0.0020168, 0.0050117, 0.00463632, 0.00484529, 0.0044699,buy
2014-07-04,0.09,0,1.35,1.6,1.15,1.63,0,0.05, 0.0022080, 0.0046056, 0.00234427, 0.00506859, 0.0023443,buy
2014-07-05,0.13,0,0.72,0.9,0.85,0.68,0,0.12,-0.0031751, 0.0068077, 0.00230031, 0.00165144, 0.0043075,buy
2014-07-06,0.23,0.1,0.81,0.37,0.75,0.29,0,0.28,-0.0003399,-0.0008913,-0.00097056, 0.00222248, 0.0016583,buy
2014-07-07,0.45,0.15,1.59,0,0.69,0,0,0.65, 0.0046736, 0.0038550, 0.00385505, 0.00467361, 0.0014611,buy
2014-07-08,1.04,0.22,1.02,0,0.68,0,0,1.18,-0.0041969,-0.0001991,-0.00444483, 0.00145227,-0.0024338,sell
2014-07-09,1.15,0.33,0.35,0,0.76,0,0,0.92, 0.0007502, 0.0008208,-0.00465869, 0.00389306, 0.0028418,buy
2014-07-10,0.73,0.4,0,0,0.96,0,0,0.43,-0.0013772, 0.0017775,-0.00131026,-0.00136405, 0.0008901,sell
2014-07-11,0.81,0.31,0,0,1.43,0,0,0.22,-0.0022290,-0.0031833,-0.00375027,-0.00167574,-0.0039349,sell
2014-07-12,1.37,0.36,0,0,1.55,0,0,0.2, 0.0009360, 0.0010802, 0.00071602, 0.00578476, 0.0006247,buy
2014-07-13,2.01,0.49,0,0,0.96,0,0,0.23,-0.0026293,-0.0027756,-0.00277563,-0.00133200,-0.0027756,sell
2014-07-14,1.5,0.88,0,0,0.52,0,0,0.37,-0.0010592,-0.0030908,-0.00279286,-0.00279286,-0.0062505,sell
2014-07-15,0.72,0.68,0,0,0.2,0,0,0.61,-0.0128470,-0.0124675,-0.01425629,-0.01281549,-0.0128276,sell
2014-07-16,0.41,0.26,0,0,0.22,0,0,1.01,-0.0026962,-0.0002475,-0.00712113,-0.00277268,-0.0009912,sell
2014-07-17,0.38,0,0,0,0.53,0,0,1.66, 0.0071009, 0.0041424, 0.00390033, 0.00256938, 0.0027689,buy
2014-07-18,0.79,0.14,0,0,1.27,0,0,2.24, 0.0019065, 0.0037423,-0.00118093, 0.00074691,-0.0011370,buy
2014-07-19,0.98,0.4,0,0,1.39,0,0,2.06,-0.0023690,-0.0021038,-0.00704985,-0.00290218,-0.0024032,sell
2014-07-20,0.37,0.38,0,0,0.62,0,0,1.41,-0.0063352,-0.0063409,-0.00898775,-0.00678812,-0.0027509,sell
2014-07-21,0.15,0.13,0,0.99,0.26,0,0,0.92, 0.0007540, 0.0003716, 0.00070826,-0.00073395, 0.0007083,buy
2014-07-22,0.23,0,0,1.59,0.11,0,0,0.68, 0.0016287, 0.0020536, 0.00253680,-0.00527404, 0.0025368,buy
2014-07-23,0.74,0,0,0.55,0,0,0,0.69, 0.0084572, 0.0041309, 0.00838544, 0.00475151, 0.0058662,buy
2014-07-24,1.8,0,0,0,0,0,0,1.47,-0.0019598,-0.0019598,-0.00767285, 0.00216294,-0.0057442,sell
2014-07-25,1.55,0,0,0,0,0,0,1.48, 0.0040793, 0.0012008,-0.00351800, 0.00418418,-0.0053165,buy
2014-07-26,0.42,0.07,0,0.37,0,0,0,0.54, 0.0085455, 0.0063521, 0.01001409, 0.00426492, 0.0068387,buy
2014-07-27,0.1,0.4,0,1.13,0,0,0,0.4, 0.0006666, 0.0082247, 0.00092007, 0.00713838, 0.0009201,buy
2014-07-28,0,0.38,0.54,1.57,0,0,0,0.47, 0.0004480, 0.0028117, 0.00277111, 0.00303905, 0.0032989,buy
2014-07-29,0.07,0,1.29,0.72,0,0,0,0.67,-0.0060889,-0.0022040,-0.00526732,-0.00384563, 0.0052664,sell
2014-07-30,0.21,0,1.59,0,0,0,0,1.18,-0.0000196,-0.0009715,-0.00030486, 0.00276103,-0.0003049,buy
2014-07-31,0.64,0,0.79,0,0,0,0,2.79,-0.0042600,-0.0024149,-0.00395168,-0.00253494,-0.0030520,sell
2014-08-01,1.04,0,0.6,0,0,0,0,3.87,-0.0048806,-0.0048806,-0.00253919,-0.00457778,-0.0029190,sell
2014-08-02,0.64,0,0.64,0,0,0,0,3.16, 0.0021167, 0.0021167, 0.00225813, 0.00187214, 0.0012833,buy
2014-08-03,0.35,0,2.46,0,0,0,0,2.32, 0.0018354, 0.0001356, 0.00044541, 0.00183544,-0.0011037,buy
2014-08-04,0.36,0.2,3.2,0,0,0,0,1.02,-0.0045521,-0.0040490,-0.00349267,-0.00379687,-0.0034115,sell
2014-08-05,0.51,0.39,1.65,0,0,0,0,0.62, 0.0066179, 0.0036950, 0.00189243, 0.00672170, 0.0010448,buy
2014-08-06,0.95,0.26,1.85,0,0,0,0,0.49,-0.0035948, 0.0014802,-0.01434729,-0.00931438,-0.0044320,sell
2014-08-07,1.6,0.08,0.62,0,0,0,0,0.71, 0.0029587, 0.0025780, 0.00257805, 0.00325323, 0.0040832,buy
2014-08-08,2.7,0,0,0,0,0,0,1.78,-0.0003361,-0.0040270,-0.00448755, 0.00093649,-0.0013127,buy
2014-08-09,2.19,0,0,0,0,0,0,2.52, 0.0006334,-0.0012888, 0.00101703, 0.00318518, 0.0004902,buy
2014-08-10,0.81,0,0,0,0,0,0,1.24,-0.0062121,-0.0065832,-0.00644204,-0.00313068,-0.0002856,sell
2014-08-11,0.34,0,0,0,0,0,0,0.5,-0.0015494, 0.0007712,-0.00328847,-0.00041867,-0.0037887,sell
2014-08-12,0.17,0.09,0,0,0,0,0,0.22, 0.0078000,-0.0012254,-0.00122540,-0.00219159, 0.0081253,buy
2014-08-13,0.08,0.39,0,0,0,0,0,0.17, 0.0017653,-0.0014461, 0.00316868, 0.00147682, 0.0015604,buy
2014-08-14,0.03,0.29,0,0,0,0,0,0.12, 0.0047527, 0.0042250, 0.00486565, 0.00563215, 0.0045179,buy
2014-08-15,0,0.2,0,0,0,0,0,0.25, 0.0106428, 0.0091516, 0.01128445, 0.00667495, 0.0102517,buy
2014-08-16,0,0.39,0.76,0,0,0,0,0.51,-0.0074029,-0.0056598,-0.00362726,-0.00770897,-0.0082537,sell
2014-08-17,0,0.25,1.59,0,0.23,0,0,1.05,-0.0001675,-0.0007015, 0.00150621, 0.00214186,-0.0026655,buy
2014-08-18,0,0.29,1.06,1.15,0.67,0,0,1.19, 0.0031445, 0.0039406, 0.00301872, 0.00257131, 0.0018133,buy
2014-08-19,0.05,0.4,0.64,1.56,1.78,0,0,0.64,-0.0036622,-0.0029204,-0.00353782,-0.00309323,-0.0028950,sell
2014-08-20,0.26,0.22,1.31,0.4,1.65,0,0,0.31,-0.0025835, 0.0039058, 0.00390575,-0.00074087, 0.0038760,buy
2014-08-21,0.97,0.09,2.35,0,1.31,0,0,0.2, 0.0032004, 0.0003345, 0.00314828, 0.00290474, 0.0062275,buy
2014-08-22,0.8,0.12,2.25,0,1.4,0,0,0.16, 0.0007993,-0.0015426,-0.00074917,-0.00079494, 0.0079035,buy
2014-08-23,0.35,0.29,2.5,0,1.13,0,0,0.26,-0.0096642,-0.0096642,-0.01026551,-0.01035886,-0.0073877,sell
2014-08-24,0.64,0.4,2.66,0,0.72,0,0,0.46,-0.0088591,-0.0060650,-0.00606500,-0.00603427,-0.0042230,sell
2014-08-25,0.98,0.22,1.43,0,0.47,0,0,1,-0.0072518,-0.0062314,-0.00591857,-0.00705520,-0.0068144,sell
2014-08-26,0.51,0.09,0.34,0,0.32,0,0,2.01, 0.0039535, 0.0057500,-0.00089884,-0.00112872,-0.0017586,buy
2014-08-27,0.17,0,0,0.37,0.21,0.19,0,2.12, 0.0044182,-0.0010614,-0.00105711,-0.00085798,-0.0041499,buy
2014-08-28,0.05,0,0,0.9,0.15,0.68,0,1.33,-0.0029702,-0.0029702,-0.00297016,-0.00144247,-0.0036299,sell
2014-08-29,0,0,0,1.57,0.1,2.24,0,0.7, 0.0017636, 0.0012880, 0.00150376, 0.00181327,-0.0019953,buy
2014-08-30,0.04,0,0,1.12,0.16,2.31,0,0.38,-0.0033962,-0.0020114,-0.00305805,-0.00337150,-0.0046428,sell
2014-08-31,0.09,0.07,0,0.47,0.31,2.39,0,0.2,-0.0037678,-0.0115398,-0.00453450,-0.00941279,-0.0100258,sell
2014-09-01,0.23,0.21,0,0,0.61,2.12,0,0.12, 0.0007744,-0.0077958,-0.00706289,-0.00799421,-0.0065952,sell
2014-09-02,0.54,0.39,0,0,1.2,1.08,0,0.07,-0.0004457, 0.0003379,-0.00044572,-0.00132807, 0.0003379,buy
2014-09-03,0.99,0.24,0,0,1.39,1.6,0,0.04,-0.0004971,-0.0005346, 0.00065595,-0.00045517,-0.0004552,buy
2014-09-04,0.76,0.17,0.28,0,0.81,2.31,0,0,-0.0051409,-0.0034228,-0.00254272,-0.00582521,-0.0023518,sell
2014-09-05,0.32,0.28,1.04,0,0.41,1.61,0,0, 0.0020684, 0.0031733, 0.00303431, 0.00350646, 0.0047794,buy
2014-09-06,0.13,0.4,2.06,0,0.21,1.42,0,0,-0.0012979,-0.0005269,-0.00184485,-0.00257898,-0.0012979,sell
2014-09-07,0.06,0.18,1.75,0,0.1,2.15,0,0.11,-0.0016446,-0.0000359, 0.00088058,-0.00067857, 0.0008143,sell
2014-09-08,0,0,1.59,0.3,0,2.26,0,0.36,-0.0069433,-0.0042338,-0.00587048,-0.00480706,-0.0025793,sell
2014-09-09,0,0,0.91,0.91,0,1.68,0,1.18, 0.0061552, 0.0004657, 0.00098809,-0.00149452, 0.0016487,buy
2014-09-10,0,0,0.37,1.59,0,1.71,0,1.13, 0.0006457,-0.0021412,-0.00241583,-0.00267269,-0.0047460,sell
2014-09-11,0.05,0.08,0,1.18,0,2.32,0,0.34,-0.0064564,-0.0061591,-0.00594357,-0.00715388,-0.0078330,sell
2014-09-12,0.16,0.15,0,1.3,0,2.14,0,0.11,-0.0111793,-0.0052975,-0.00702021,-0.00592845,-0.0116408,sell
2014-09-13,0.49,0.28,0,1.57,0.37,1.13,0,0, 0.0064760, 0.0075409, 0.00724486, 0.00771395, 0.0058069,buy
2014-09-14,0.97,0.4,0,0.76,0.91,0.67,0,0, 0.0062357, 0.0031742, 0.00280295,-0.00070947, 0.0037392,buy
2014-09-15,0.65,0.3,0,0,2.25,0.41,0,0,-0.0041099,-0.0037062, 0.00343909,-0.00494447,-0.0039890,sell
2014-09-16,0.21,0.35,0.46,0,3.58,0.25,0,0.05, 0.0014795,-0.0026237, 0.00147946, 0.00127229, 0.0015354,buy
2014-09-17,0.07,0.48,1.42,0,3,0.16,0,0.09,-0.0063063,-0.0051648,-0.00699217,-0.00410158,-0.0037579,sell
2014-09-18,0,0.3,1.57,0,1.97,0.17,0,0.16, 0.0023856, 0.0012750, 0.00114035, 0.00133659, 0.0040881,buy
2014-09-19,0,0.11,0.54,0,1.01,0.33,0,0.3,-0.0024507,-0.0027084,-0.00115667,-0.00257995,-0.0035516,sell
2014-09-20,0,0,0,0,0.45,0.68,0,0.57,-0.0016844,-0.0010173,-0.00058662,-0.00102352,-0.0011886,sell
2014-09-21,0,0,0,0,0.28,1.38,0,1.06, 0.0011297, 0.0003788, 0.00331795, 0.00650005, 0.0020155,buy
2014-09-22,0,0,0,0,0.18,1.98,0,1.19,-0.0024131, 0.0042171,-0.00198301, 0.00267217, 0.0002125,sell
2014-09-23,0,0,0,0,0.12,1.39,0,0.7,-0.0020698,-0.0009358,-0.00117225, 0.00068190, 0.0003937,buy
2014-09-24,0,0,0,0,0,0.69,0,0.37, 0.0030877, 0.0045240, 0.00044308, 0.00494181, 0.0053865,buy
2014-09-25,0,0,0,0,0.11,0.61,0,0.2, 0.0065472, 0.0103693, 0.00265358, 0.01004139, 0.0114032,buy
2014-09-26,0,0,0.36,0,0.31,0.76,0,0.1,-0.0003636,-0.0003503,-0.00191324, 0.00008544,-0.0015657,buy
2014-09-27,0,0,0.89,0,0.56,1.5,0,0.05,-0.0035284,-0.0035284,-0.00458975,-0.00533013,-0.0035414,sell
2014-09-28,0,0,1.6,0,1.02,2.4,0,0, 0.0027601, 0.0052563, 0.00219873, 0.00421260,-0.0012254,buy
2014-09-29,0.03,0,1.14,0,1.9,2.46,0,0,-0.0050836,-0.0051440,-0.00297863,-0.00320500,-0.0001593,sell
2014-09-30,0.09,0,0.47,0,2.58,2.59,0,0.06, 0.0053720, 0.0039306, 0.00688197, 0.00461134, 0.0053720,buy
2014-10-01,0.21,0,0,0,2.16,1.57,0,0.15, 0.0033190, 0.0023599, 0.00276148, 0.00303111, 0.0022700,buy
2014-10-02,0.35,0,0.44,0,1.14,0.88,0,0.36, 0.0006048, 0.0009305, 0.00060482, 0.00060482, 0.0000886,buy
2014-10-03,0.6,0,1.35,0,0.51,1.25,0,0.86,-0.0055133,-0.0045045,-0.00459694,-0.00212011,-0.0036272,sell
2014-10-04,1.09,0,1.57,0,0.23,2.35,0,1.2, 0.0041896,-0.0008609, 0.00172768, 0.00132062, 0.0016603,buy
2014-10-05,1.3,0,0.58,0.28,0.15,1.93,0,0.73,-0.0085772,-0.0066431,-0.00318138,-0.00867971,-0.0085753,sell
2014-10-06,1.04,0,0,0.69,0.28,1.69,0,0.45,-0.0078551, 0.0009425, 0.00036963,-0.00561298,-0.0065923,sell
2014-10-07,1,0,0,1.59,0.58,2.82,0,0.63, 0.0016099,-0.0026551, 0.00257745, 0.00039514, 0.0025775,buy
2014-10-08,1.18,0,0,1.42,1.39,3.14,0,1.23, 0.0004124,-0.0004509,-0.00042365,-0.00197235,-0.0005299,buy
2014-10-09,1.01,0,0,0.88,1.35,2.52,0,0.89,-0.0098083,-0.0023441,-0.00226624,-0.00413167,-0.0041317,sell
2014-10-10,0.61,0,0,0.98,0.62,2.21,0,0.3,-0.0016633, 0.0031480, 0.00234913,-0.00032353,-0.0005992,sell
2014-10-11,0.35,0.1,0,1.59,0.36,1.59,0,0.1,-0.0093200,-0.0019476,-0.00830105,-0.00194764,-0.0089635,sell
2014-10-12,0.21,0.24,0,0.79,0.55,1.29,0,0,-0.0056286, 0.0000055,-0.00056828, 0.00356992, 0.0008554,sell
2014-10-13,0.13,0.4,0,0,1.02,1.34,0,0, 0.0051851, 0.0063528, 0.00605222, 0.00828516, 0.0063528,buy
2014-10-14,0.08,0.39,0,0,1.98,1.86,0,0, 0.0001047, 0.0001047, 0.00123834,-0.00060948, 0.0001047,buy
2014-10-15,0.05,0.5,0,0,3.19,2.25,0,0, 0.0047286, 0.0047423, 0.00239320, 0.00262260, 0.0023932,buy
2014-10-16,0,0.37,0,0,3.18,1.51,0,0,-0.0015122, 0.0002427,-0.00371450, 0.00290698, 0.0008021,sell
2014-10-17,0,0.12,0,0,3.8,1.28,0,0,-0.0006051, 0.0000561,-0.00307018, 0.00015450,-0.0010999,sell
2014-10-18,0,0.18,0,0,2.68,2.34,0,0,-0.0059793,-0.0036113,-0.00351344,-0.00351344,-0.0036113,sell
2014-10-19,0,0.4,0,0,0.94,1.66,0,0, 0.0032933, 0.0028263, 0.00322027,-0.00049124, 0.0029765,buy
2014-10-20,0,0.34,0,0,0.38,0.36,0,0, 0.0022440, 0.0010676, 0.00203096, 0.00705632, 0.0021284,buy
2014-10-21,0,0.15,0,0,0,0,0,0, 0.0013594, 0.0033621, 0.00467124,-0.00367830, 0.0016008,buy
2014-10-22,0,0.08,0,0,0,0,0,0,-0.0005310,-0.0010813,-0.00119249,-0.00046337,-0.0021502,buy
2014-10-23,0,0,0,0,0,0,0,0,-0.0009380,-0.0012013,-0.00265746, 0.00370399,-0.0009380,sell
2014-10-24,0.08,0,0,0,0,0,0,0,-0.0018650, 0.0005614,-0.00289832, 0.00643702,-0.0015293,sell
2014-10-25,0.24,0,0,0,0,0,0,0,-0.0078050,-0.0104897,-0.00748589,-0.00714857,-0.0074892,sell
2014-10-26,0.67,0,0,0,0,0,0,0,-0.0042892,-0.0043322,-0.00728022,-0.00311218,-0.0066601,sell
2014-10-27,1.66,0,0,0,0,0,0,0,-0.0019704,-0.0035623,-0.00250750,-0.00245239,-0.0024524,sell
2014-10-28,1.77,0,0,0,0,0,0,0,-0.0038731,-0.0042333,-0.00423330,-0.00411600,-0.0045102,sell
2014-10-29,0.84,0.1,0,0,0,0,0,0,-0.0012834,-0.0046253,-0.00618015,-0.00164606,-0.0064049,sell
2014-10-30,0.32,0.26,0,0,0,0,0,0,-0.0069348,-0.0086604,-0.00293257,-0.00688433,-0.0074580,sell
2014-10-31,0.1,0.51,0,0,0.12,0,0,0,-0.0019040, 0.0019694, 0.00645193, 0.00850231, 0.0053151,buy
2014-11-01,0.04,0.59,0,0,0.23,0,0,0, 0.0011474, 0.0033408, 0.00825307, 0.01268723, 0.0101108,buy
2014-11-02,0,0.53,0.74,0,0.67,0,0,0, 0.0014797,-0.0008090, 0.00542234, 0.00574351, 0.0051548,buy
2014-11-03,0,0.4,1.6,0,1.53,0.15,0,0, 0.0025238, 0.0028028, 0.00039804, 0.00226612, 0.0060591,buy
2014-11-04,0,0.23,1.7,0,2.94,0.27,0,0, 0.0031769, 0.0039187,-0.00169586, 0.00391873, 0.0007134,buy
2014-11-05,0,0.13,1.93,0,2.58,0.47,0,0, 0.0039069, 0.0049360,-0.00306623, 0.00413144,-0.0010212,buy
2014-11-06,0,0.07,1.48,0,1.37,0.83,0,0.06, 0.0085101, 0.0084763, 0.00973946, 0.00485680, 0.0073246,buy
2014-11-07,0,0,0.59,0,0.99,1.59,0,0.17, 0.0131309, 0.0120490, 0.01298944,-0.00072924, 0.0073250,buy
2014-11-08,0,0,0,0,0.99,2.3,0,0.54,-0.0039530, 0.0069668,-0.00395296,-0.00395296, 0.0051296,buy
2014-11-09,0.05,0,0,0,1.27,2.28,0,1.36,-0.0023446,-0.0027632,-0.00474607,-0.00307381,-0.0030253,sell
2014-11-10,0.2,0,0,0,1.39,2.68,0,1.39,-0.0089049,-0.0008701,-0.00904540,-0.00030360,-0.0083589,sell
2014-11-11,0.77,0,0,0,0.99,2.65,0,1.13, 0.0037080, 0.0059450, 0.00097277, 0.00703262, 0.0019453,buy
2014-11-12,0.97,0,0,0,0.64,1.85,0,1.71, 0.0061492, 0.0001812, 0.00018118, 0.00493085,-0.0005402,buy
2014-11-13,0.31,0.09,0,0,0.42,2.37,0,2.28, 0.0033107,-0.0027973,-0.00126611,-0.00156100,-0.0021523,buy
2014-11-14,0.08,0.27,0,0,0.27,2.46,0,1.81, 0.0061608, 0.0046936, 0.00469364, 0.00016884,-0.0007665,buy
2014-11-15,0,0.4,0,0,0.18,1.34,0,0.89,-0.0013813,-0.0019185,-0.00220759,-0.00246681,-0.0024111,sell
2014-11-16,0,0.18,0.83,0,0.12,1.4,0,0.4, 0.0019711, 0.0014418, 0.00232030, 0.00429275,-0.0044414,buy
2014-11-17,0,0,1.59,0,0,2.15,0,0.25,-0.0039415,-0.0001559,-0.00380786,-0.00526854,-0.0050160,sell
2014-11-18,0,0.11,0.69,0,0,3.85,0,0.28, 0.0021247, 0.0055482, 0.00326608, 0.00092537, 0.0010320,buy
2014-11-19,0,0.27,0,0,0,4.43,0,0.57, 0.0047817,-0.0075789,-0.00933012,-0.00981297,-0.0079847,sell
2014-11-20,0,0.39,0,0,0,3.39,0,1.25,-0.0021522,-0.0028036,-0.00280360,-0.00477763,-0.0017810,sell
2014-11-21,0,0.23,0,0,0,3.19,0,1.01,-0.0063217,-0.0063217,-0.00662481,-0.00802641,-0.0031170,sell
2014-11-22,0,0.09,0.42,0,0.14,2.39,0,1.12,-0.0033626, 0.0014637,-0.00329504,-0.00032057,-0.0001758,sell
2014-11-23,0.03,0,0.8,0,0.47,1.19,0,1.33, 0.0072681, 0.0048147, 0.00656772, 0.00715537, 0.0079076,buy
2014-11-24,0.1,0,1.52,0,1.25,1.01,0,0.56, 0.0074184, 0.0030912, 0.00325377,-0.00007848, 0.0018237,buy
2014-11-25,0.3,0.13,1.6,0,2.4,1.65,0,0.5, 0.0027399, 0.0027502, 0.00273994, 0.00273994, 0.0040285,buy
2014-11-26,0.94,0.39,0.86,0,2.26,1.96,0,0.99,-0.0021360,-0.0014396,-0.00155362,-0.00020566, 0.0020426,buy
2014-11-27,0.98,0.27,0.45,0,1.14,0.66,0,1.19,-0.0030864,-0.0043475,-0.00683874, 0.00089853,-0.0000506,sell
2014-11-28,0.33,0,0,0,0.54,0.17,0,0.63,-0.0019730, 0.0006483,-0.00502369,-0.00043310,-0.0057820,sell
2014-11-29,0.1,0,0,0,0.23,0,0,0.45, 0.0069069, 0.0071942, 0.00807939, 0.01056827, 0.0076287,buy
2014-11-30,0.03,0,0,0,0.29,0,0,0.98,-0.0053812,-0.0028125,-0.00183847,-0.00082582,-0.0028657,sell
2014-12-01,0.1,0,0,0,0.5,0.14,0,1.21,-0.0013174, 0.0062132, 0.00250458, 0.00250458, 0.0062132,buy
2014-12-02,0.29,0,0,0,0.8,0.18,0,0.38,-0.0003092, 0.0013698,-0.00090192, 0.00255691,-0.0022266,buy
2014-12-03,0.85,0,0,0,1.52,0.22,0,0.1, 0.0042663, 0.0055096, 0.00451872, 0.00291318, 0.0043682,buy
2014-12-04,2.16,0,0,0,2.45,0.27,0,0, 0.0031700,-0.0015879, 0.00129178,-0.00192801,-0.0002812,buy
2014-12-05,2.5,0,0,0,3.13,0.33,0,0, 0.0052905, 0.0011243, 0.00350388,-0.00015918, 0.0004884,buy
2014-12-06,1.63,0,0,0,2.76,0.61,0,0,-0.0025706,-0.0050896, 0.00318599,-0.00192464,-0.0003656,sell
2014-12-07,0.55,0,0,0,2.19,0.92,0,0,-0.0008309, 0.0027046, 0.00291613, 0.00047038, 0.0000582,buy
2014-12-08,0.16,0,0,0,2.52,1.46,0,0, 0.0034517, 0.0083216, 0.00818885, 0.00832162, 0.0041630,buy
2014-12-09,0.03,0,0,0,3.1,2.45,0,0, 0.0039375, 0.0066871, 0.00576681, 0.00576681, 0.0066871,buy
2014-12-10,0.15,0,0,0,2.77,2.97,0,0, 0.0005408, 0.0006133, 0.00061334, 0.00036845, 0.0016552,buy
2014-12-11,0.56,0,0,0,2.46,2.33,0,0, 0.0041294, 0.0028757, 0.00276704,-0.00050351, 0.0037003,buy
2014-12-12,1.18,0,0,0,1.68,2.04,0,0,-0.0023924,-0.0020859, 0.00197240,-0.00129831,-0.0022719,sell
2014-12-13,1,0,0,0,1.1,2.09,0,0,-0.0015495, 0.0005642, 0.00009873, 0.00065138,-0.0008848,sell
2014-12-14,1.11,0,0,0,0.97,2,0,0,-0.0028700, 0.0002176, 0.00088808,-0.00147303,-0.0011976,sell
2014-12-15,0.74,0.17,0,0,1.25,1.77,0,0, 0.0007789,-0.0074932,-0.00847327,-0.00075771,-0.0050638,sell
2014-12-16,0.29,0.4,0,0,2.04,1.43,0,0,-0.0072587,-0.0124986,-0.01548153,-0.00760990,-0.0155594,sell
2014-12-17,0.11,0.28,0,0,1.86,1.15,0,0.05,-0.0083997,-0.0090461,-0.00904607,-0.00839973,-0.0090461,sell
2014-12-18,0.04,0.09,0,0,1.74,0.93,0,0.17, 0.0026925,-0.0025507,-0.00414130, 0.00875484,-0.0032318,buy
2014-12-19,0,0,0,0,2.38,0.9,0,0.51,-0.0025318,-0.0013072, 0.00764260,-0.00139254, 0.0037479,buy
2014-12-20,0,0.12,0,0,3.26,1,0,1.19, 0.0057937,-0.0003161,-0.00201509, 0.00440556, 0.0061881,buy
2014-12-21,0,0.4,0,0,3.71,1.58,0,0.87,-0.0076561,-0.0035916,-0.00817588,-0.00237464,-0.0033182,sell
2014-12-22,0,0.3,0,0,2.72,2.36,0,0.35,-0.0097289,-0.0097289,-0.01113356,-0.01008740,-0.0112983,sell
2014-12-23,0,0.07,0,0,1.4,1.59,0,0.34,-0.0006608,-0.0021553,-0.00215533, 0.00143874, 0.0018562,buy
2014-12-24,0,0,0,0,0.75,1.15,0,1.04, 0.0065669, 0.0057159, 0.00700986, 0.00776892, 0.0060970,buy
2014-12-25,0,0,0,0,0.58,1.8,0,1.17,-0.0023911,-0.0003175,-0.00137677, 0.00111109,-0.0003175,buy
2014-12-26,0,0.07,0.35,0,0.48,4.13,0,0.32, 0.0041059, 0.0024911, 0.00331996, 0.00103026, 0.0039332,buy
2014-12-27,0,0.18,1.15,0,0.76,3.34,0,0.08, 0.0058738, 0.0063990, 0.00562079, 0.00562079, 0.0052576,buy
2014-12-28,0,0.39,1.59,0,1.4,1.49,0,0,-0.0151751,-0.0093854,-0.00513473,-0.00513473,-0.0017858,sell
2014-12-29,0,0.33,1.08,0,1.2,2.17,0,0,-0.0036951,-0.0079569,-0.00372883,-0.00683658,-0.0045253,sell
2014-12-30,0,0.13,1.56,0.39,0.58,1.78,0,0.06, 0.0035348, 0.0066530, 0.00653510, 0.00345065, 0.0039751,buy
2014-12-31,0,0,1.29,0.83,0.28,0.44,0,0.14,-0.0064419, 0.0005387,-0.00687911,-0.00863245,-0.0023768,sell
2015-01-01,0,0,0.29,1.6,0.14,0,0,0.34, 0.0049906, 0.0020547, 0.00245505,-0.00032958, 0.0024550,buy
2015-01-02,0,0,0,1.4,0,0,0,0.84, 0.0049070, 0.0049013, 0.00490130,-0.00443136, 0.0049013,buy
2015-01-03,0,0,0,0.65,0,0.15,0,1.19, 0.0043650,-0.0006802, 0.00439626, 0.00053559, 0.0042454,buy
2015-01-04,0,0,0,0.3,0,0.34,0,0.67, 0.0042631, 0.0083109, 0.00433659, 0.00831091, 0.0043366,buy
2015-01-05,0,0,0,0,0.14,0.93,0,0.28,-0.0003101, 0.0087735, 0.00416851, 0.00431414, 0.0025370,buy
2015-01-06,0,0,0,0,0.55,2.29,0,0.11, 0.0042249, 0.0041649, 0.00737812,-0.00652640, 0.0041649,buy
2015-01-07,0,0,0,0,1.73,3.05,0,0.05, 0.0011397, 0.0007231, 0.00102077,-0.00086761, 0.0002710,buy
2015-01-08,0,0,0,0,2.78,3.31,0,0, 0.0018847, 0.0028546, 0.00268767, 0.00219162, 0.0028546,buy
2015-01-09,0,0,0.37,0,1.59,4.44,0,0.05, 0.0043499, 0.0050542, 0.00381804, 0.00494772, 0.0051269,buy
2015-01-10,0,0,1.02,0,0.48,5.18,0,0.08, 0.0006577, 0.0064396, 0.00655970, 0.00599250,-0.0027200,buy
2015-01-11,0,0,1.59,0,0.1,4.14,0,0.16,-0.0021991, 0.0026702, 0.00536654,-0.00262224, 0.0021045,buy
2015-01-12,0,0,0.9,0,0.42,2.13,0,0.29, 0.0021034, 0.0072509, 0.00375557, 0.00053481, 0.0019530,buy
2015-01-13,0,0,0.33,0,1.19,0.98,0,0.54, 0.0000307,-0.0007991,-0.00010191,-0.00059657, 0.0000443,buy
2015-01-14,0,0,0,0,2.46,0.37,0,1, 0.0018505, 0.0004214, 0.00396369, 0.00185050, 0.0095603,buy
2015-01-15,0,0,0,0,2.21,0,0,1.2, 0.0043612, 0.0077961, 0.00726594, 0.00436116, 0.0082362,buy
2015-01-16,0,0,0,0,1.06,0,0,0.76, 0.0065108,-0.0011023, 0.00334598, 0.00398938, 0.0049093,buy
2015-01-17,0,0,0,0,0.38,0,0,0.4, 0.0028049, 0.0081824, 0.00190363, 0.00247570, 0.0085605,buy
2015-01-18,0,0,0,0.76,0.21,0,0,0.22,-0.0014076, 0.0067481, 0.00226483, 0.00540830, 0.0022648,buy
2015-01-19,0,0,0,1.57,0.13,0,0,0.12,-0.0053902, 0.0028479,-0.00184792,-0.00444782, 0.0030981,sell
2015-01-20,0,0,0,0.95,0,0,0,0.06,-0.0006243, 0.0083690, 0.00267711, 0.00757264, 0.0041275,buy
2015-01-21,0,0,0,0.28,0,0,0,0,-0.0041878,-0.0046622,-0.00462734,-0.00487405,-0.0041878,sell
2015-01-22,0,0,0,0,0.12,0,0,0, 0.0059495,-0.0003341,-0.00268154,-0.00251087,-0.0058084,buy
2015-01-23,0,0,0,0,0.54,0.2,0,0, 0.0021312, 0.0022135, 0.00236838, 0.00232025, 0.0012204,buy
2015-01-24,0,0,0,0,1.06,0.84,0,0,-0.0044319, 0.0039044, 0.00148088, 0.00066397, 0.0006640,sell
2015-01-25,0,0,0,0,2.35,2.62,0,0, 0.0007642,-0.0000056, 0.00496448, 0.00140625, 0.0014351,buy
2015-01-26,0,0,0,0,4.05,4.13,0,0.03,-0.0059489,-0.0045741, 0.00027483,-0.00103825,-0.0041035,sell
2015-01-27,0,0,0,0,4.45,2.71,0,0.1,-0.0058251,-0.0005001, 0.00155716, 0.00093288,-0.0011525,sell
2015-01-28,0,0,0,0,4.2,1.12,0,0.28,-0.0021036,-0.0013956,-0.00139557,-0.00110170,-0.0052666,sell
2015-01-29,0,0,0,0,2.9,0.57,0,0.8,-0.0105696,-0.0105980,-0.00714736,-0.00867779,-0.0054229,sell
2015-01-30,0,0,0,0,1.18,0.46,0,1.18, 0.0066722, 0.0089494, 0.01103293, 0.01103293, 0.0122465,buy
2015-01-31,0,0,0,0,0.79,0.57,0,0.61, 0.0046833, 0.0043377, 0.00142991, 0.00085894, 0.0043173,buy
2015-02-01,0,0,0,0,1.86,0.72,0,0.21, 0.0008976, 0.0037015,-0.00172531, 0.00091660, 0.0075500,buy
2015-02-02,0,0,0.49,0,3.76,0.9,0,0.07, 0.0011887, 0.0024589, 0.00190659, 0.00213083, 0.0037845,buy
2015-02-03,0,0,1.1,0,2.98,1.33,0,0,-0.0047075,-0.0062053,-0.00620612,-0.00620612,-0.0062061,sell
2015-02-04,0,0,1.59,0,1.46,2.32,0,0,-0.0045694, 0.0054389,-0.00703925,-0.00367792,-0.0006024,sell
2015-02-05,0,0,1,0.7,0.99,3.75,0,0, 0.0049361, 0.0073251, 0.00477998, 0.00605901, 0.0064333,buy
2015-02-06,0,0,0.44,1.57,1.15,2.99,0,0,-0.0005748,-0.0082995,-0.00474366,-0.00259415,-0.0050181,sell
2015-02-07,0,0,0,1.26,1.66,2.05,0,0, 0.0037041,-0.0015205, 0.00261697, 0.00144004, 0.0026170,buy
2015-02-08,0,0,0,0.45,1.14,1.99,0,0, 0.0045430, 0.0038353, 0.00498490, 0.00536015, 0.0057231,buy
2015-02-09,0,0,0.9,0,0.69,3.09,0,0, 0.0015707, 0.0031783, 0.00324746, 0.00474643, 0.0019987,buy
2015-02-10,0,0,1.57,0,0.61,2.66,0,0, 0.0063340, 0.0055619, 0.00648099, 0.00754353, 0.0046107,buy
2015-02-11,0,0,0.8,0,0.63,1.23,0,0,-0.0042866,-0.0042866,-0.00433266,-0.00624021,-0.0030646,sell
2015-02-12,0,0,0,0,0.78,0.94,0,0,-0.0019173, 0.0007422, 0.00075152,-0.00373540,-0.0036328,sell
2015-02-13,0,0,0,0,0.96,0.81,0,0,-0.0044253, 0.0030851, 0.00196717,-0.00281766,-0.0028177,sell
2015-02-14,0,0,0,0,1.19,1.19,0,0,-0.0000342,-0.0000106, 0.00818241, 0.00060614, 0.0006061,buy
2015-02-15,0,0,0,0,1.49,2.1,0,0,-0.0004205, 0.0009702, 0.00169579, 0.00111299,-0.0021883,buy
2015-02-16,0,0,0,0,1.44,3.52,0,0,-0.0004522, 0.0031749, 0.00214307, 0.00350511, 0.0034133,buy
2015-02-17,0,0,0,0,1.21,4.78,0,0,-0.0033728,-0.0047759,-0.00488602,-0.00339878,-0.0047759,sell
2015-02-18,0,0.08,0,0,1.14,4.89,0,0,-0.0040720,-0.0048325,-0.00478341,-0.00397734,-0.0048325,sell
2015-02-19,0,0.24,0,0,1.11,2.83,0,0.05,-0.0080386,-0.0048337,-0.00538381,-0.00708244,-0.0060564,sell
2015-02-20,0.03,0.61,0,0,1.2,1.24,0,0.12,-0.0029080,-0.0090321,-0.00926976,-0.00728938,-0.0105656,sell
2015-02-21,0.12,0.78,0,0,1.55,0.43,0,0.29, 0.0032104,-0.0002015,-0.00020153, 0.00022425,-0.0002015,buy
2015-02-22,0.3,0.38,0,0,2.18,0,0,0.7,-0.0035790,-0.0036919, 0.00003290,-0.00366762, 0.0014570,sell
2015-02-23,0.73,0.08,0,0,1.95,0,0,1.19, 0.0059072, 0.0070946, 0.00431297, 0.00680088, 0.0050455,buy
2015-02-24,1.46,0,0,0,1.57,0,0,0.83,-0.0049026,-0.0034531,-0.00207617,-0.00345307,-0.0034531,sell
2015-02-25,1.56,0,0,0,1.87,0,0,0.35,-0.0059750,-0.0050203, 0.00027679,-0.00280593,-0.0028184,sell
2015-02-26,1.23,0,0,0,2.68,0,0,0.15,-0.0043163,-0.0032084, 0.00309872, 0.00205549,-0.0011192,buy
2015-02-27,0.64,0,0,0,2.94,0,0,0.06,-0.0055537,-0.0069895,-0.00547310,-0.00417948,-0.0071163,sell
2015-02-28,0.29,0,0,0.55,3.13,0,0,0,-0.0043126,-0.0026829,-0.00431258,-0.00444321,-0.0041615,sell
2015-03-01,0.19,0,0,1.57,4.13,0,0,0.04,-0.0027192,-0.0048357,-0.00528673,-0.00456886,-0.0048755,sell
2015-03-02,0.22,0,0,1.4,3.83,0,0,0.12,-0.0020624,-0.0045689,-0.00484547,-0.00456886,-0.0043315,sell
2015-03-03,0.49,0,0.42,0.43,2.47,0,0,0.34,-0.0044061,-0.0082176,-0.00566085,-0.00578425,-0.0062980,sell
2015-03-04,0.99,0,1.12,0,2.11,0,0,0.99, 0.0029994, 0.0072631, 0.00337166, 0.00322008, 0.0085602,buy
2015-03-05,0.69,0,1.57,0,2.21,0,0,1.19, 0.0043930, 0.0071930, 0.00490835, 0.00559024, 0.0073759,buy
2015-03-06,0.28,0,0.81,0,1.55,0,0,0.52,-0.0036027,-0.0054641,-0.00250023, 0.00070566,-0.0063121,sell
2015-03-07,0.24,0.12,0.3,0,1.02,0,0,0.25, 0.0020494,-0.0006341,-0.00085609, 0.00124722,-0.0001689,buy
2015-03-08,0.38,0.35,0,0,0.75,0.15,0,0.23,-0.0086885,-0.0048871,-0.00882953,-0.00911017,-0.0091102,sell
2015-03-09,0.8,0.4,0,0,0.62,0.42,0,0.32,-0.0019645, 0.0004618,-0.00320106,-0.00214421,-0.0002336,sell
2015-03-10,1,0.15,0,0,0.74,1.37,0,0.63,-0.0001481, 0.0008215, 0.00027168,-0.00012696,-0.0000789,buy
2015-03-11,0.57,0,0,0,0.97,3.09,0,1.19,-0.0000027, 0.0087303,-0.00097254, 0.00319186,-0.0000027,buy
2015-03-12,0.27,0,0,0,1.35,4.45,0,1.16,-0.0055201, 0.0000954,-0.00437534, 0.00442890,-0.0017495,sell
2015-03-13,0.13,0,0,0,1.54,5.53,0,0.64,-0.0082903, 0.0001322,-0.00283330,-0.00154977,-0.0037428,sell
2015-03-14,0.06,0,0,0,1.16,3.68,0,0.47, 0.0057983, 0.0077422, 0.00542266, 0.00774215, 0.0080380,buy
2015-03-15,0.03,0.09,0,0,0.77,2.02,0,0.81, 0.0081416, 0.0109888, 0.00742907, 0.01136326, 0.0110397,buy
2015-03-16,0,0.17,0,0,0.43,0.81,0,1.26,-0.0036755,-0.0039456,-0.00293435,-0.00367555,-0.0036755,sell
2015-03-17,0,0.47,0,0,0.27,0.39,0,0.56, 0.0001364,-0.0003588,-0.00505987,-0.00049673,-0.0004967,buy
2015-03-18,0,0.72,0,0,0.18,0.4,0,0.13, 0.0101173, 0.0104396, 0.01044352, 0.00940971, 0.0002538,buy
2015-03-19,0,0.62,0.3,0,0.11,0.39,0,0, 0.0058574, 0.0066640, 0.00887619, 0.01064754, 0.0096939,buy
2015-03-20,0,0.31,1.6,0,0,0.74,0,0, 0.0044591, 0.0046869, 0.00214316, 0.00358038, 0.0001976,buy
2015-03-21,0.03,0.07,3.16,0,0.31,1.4,0,0,-0.0038772,-0.0014606,-0.00219331,-0.00097052,-0.0026736,sell
2015-03-22,0.08,0,1.65,0,1.33,1.98,0,0,-0.0009945,-0.0009489,-0.00337169,-0.00349929,-0.0007992,sell
2015-03-23,0.19,0,0.31,0,1.4,1.48,0,0,-0.0024343,-0.0036605, 0.00377806, 0.00130040, 0.0010127,buy
2015-03-24,0.46,0,0,0,0.32,0.78,0,0.04,-0.0017286, 0.0007610,-0.00172858,-0.00122131,-0.0012213,sell
2015-03-25,0.99,0,0,0,0,0.41,0,0.12,-0.0043051,-0.0043051,-0.00543102,-0.00660195,-0.0061565,sell
2015-03-26,0.87,0,0,0,0.17,0.22,0,0.34,-0.0059573,-0.0052610,-0.00518746,-0.00664849,-0.0052610,sell
2015-03-27,0.42,0,0,0,0.5,0,0,1.04, 0.0076324, 0.0052971, 0.00322566, 0.00300763,-0.0009436,buy
2015-03-28,0.38,0.09,0,0,1.41,0.17,0,1.19, 0.0002023,-0.0023371,-0.00343498,-0.00382623,-0.0040052,sell
2015-03-29,0.77,0.39,0,0,2.79,0.31,0,0.44,-0.0037436,-0.0035007,-0.00118638,-0.00304690,-0.0030411,sell
2015-03-30,1.06,0.31,0,0,4.12,0.56,0,0.15,-0.0028973,-0.0051172,-0.00269496,-0.00176304,-0.0042036,sell
2015-03-31,0.76,0,0,0,3.95,1.03,0,0.05, 0.0022181,-0.0011792, 0.00261776, 0.00419327,-0.0007395,buy
2015-04-01,1.05,0,0,0,2.15,1.96,0,0.05,-0.0010934,-0.0016787, 0.00474056, 0.00546843,-0.0016787,buy
2015-04-02,2.02,0,0,0,0.63,1.98,0,0.12,-0.0008858,-0.0028422,-0.00189688,-0.00332495, 0.0014276,sell
2015-04-03,1.21,0,0,0,0.5,1.03,0,0.28, 0.0063365, 0.0033680, 0.00296854, 0.00644854, 0.0064063,buy
2015-04-04,0.45,0,0.46,0,1.36,0.52,0,0.67, 0.0001953, 0.0001097,-0.00413498,-0.00547026,-0.0004402,buy
2015-04-05,0.47,0,0.92,0,0.65,0.26,0,1.2,-0.0003486,-0.0003974,-0.00047974, 0.00453074, 0.0004411,buy
2015-04-06,1.01,0,1.59,0,0.11,0.2,0,1.04,-0.0051788,-0.0063712,-0.00621258,-0.00495112,-0.0049511,sell
2015-04-07,0.45,0.09,1.36,0,0,0.31,0,1.47,-0.0017180,-0.0001944,-0.00171796,-0.00156510,-0.0020744,sell
2015-04-08,0.07,0.3,0.68,0,0,0.64,0,1.34,-0.0019564,-0.0015451,-0.00165393,-0.00165393,-0.0015586,sell
2015-04-09,0,0.79,0.34,0,0,1.42,0,0.26, 0.0042568,-0.0004801,-0.00088732,-0.00091152,-0.0025437,buy
2015-04-10,0,0.7,0,0,0,3.72,0,0, 0.0006125,-0.0014328,-0.00214258,-0.00101953, 0.0027139,buy
2015-04-11,0,0.45,0,0,0,6.03,0,0,-0.0022642,-0.0070423,-0.00824823,-0.00913156,-0.0086290,sell
2015-04-12,0,0.39,0,0,0,6.51,0,0.05,-0.0020667,-0.0081549,-0.00815488,-0.00796253,-0.0068486,sell
2015-04-13,0,0.16,0,0.42,0,5.26,0,0.09,-0.0041055,-0.0043761,-0.00362940,-0.00408759,-0.0040876,sell
2015-04-14,0,0,0,1.25,0,3.7,0,0.18,-0.0010333,-0.0009051,-0.00581256,-0.00138656,-0.0012861,sell
2015-04-15,0,0,0.27,1.57,0.1,1.85,0,0.42, 0.0005416,-0.0002534,-0.00000928, 0.00000452,-0.0048577,sell
2015-04-16,0.04,0,1.59,0.67,0.24,0.75,0,0.8,-0.0030053,-0.0017927,-0.00181896,-0.00035205, 0.0064397,buy
2015-04-17,0.08,0,1.28,0,0.55,0.38,0,1.6, 0.0024692, 0.0010570, 0.00246919, 0.00246919, 0.0025275,buy
2015-04-18,0.15,0,0,0,1.22,0,0,2.25,-0.0069111,-0.0007524, 0.00049601,-0.00186843,-0.0031101,sell
2015-04-19,0.28,0,0,0,1.4,0,0,2.56,-0.0065043,-0.0010153, 0.00033313,-0.00087250,-0.0035964,sell
2015-04-20,0.61,0,0,0,0.86,0,0,2.98,-0.0057892,-0.0020977, 0.00099074,-0.00047380,-0.0021017,sell
2015-04-21,1.34,0,0,0,0.72,0,0,2.82,-0.0054987,-0.0010302, 0.00209182,-0.00013879,-0.0018123,sell
2015-04-22,1.9,0,0.54,0,1.23,0,0,1.16,-0.0067803,-0.0066081,-0.00544545,-0.00460339,-0.0069956,sell
2015-04-23,0.96,0,1.87,0,2.48,0,0,0.5, 0.0074430, 0.0072245, 0.00744296, 0.00722451, 0.0078723,buy
2015-04-24,0.35,0,3,0,2.23,0,0,0.19, 0.0042050, 0.0026172, 0.00249224, 0.00312614, 0.0120355,buy
2015-04-25,0.13,0,2.31,0,1.48,0,0,0.11,-0.0034326, 0.0053921, 0.00567041, 0.00455439, 0.0046205,buy
2015-04-26,0.07,0,0.92,0,0.96,0,0,0.06, 0.0049841, 0.0040243, 0.00333058, 0.00159011, 0.0022603,buy
2015-04-27,0.04,0,0,0,0.86,0,0,0, 0.0086485, 0.0067317,-0.00057012, 0.00941427, 0.0077660,buy
2015-04-28,0,0,0,0,0.94,0,0,0, 0.0063682, 0.0055214,-0.00215299, 0.00802568, 0.0066345,buy
2015-04-29,0,0,0,0,1.19,0,0,0.03, 0.0030105, 0.0001886,-0.00131701, 0.00163445, 0.0092941,buy
2015-04-30,0,0.22,0,0,1.4,0.14,0,0.08,-0.0074720,-0.0070997,-0.00526108,-0.00610545,-0.0122978,sell
2015-05-01,0,0.39,0,0.29,1.22,0.61,0,0.17, 0.0022310, 0.0053484, 0.00350456, 0.00506813, 0.0035046,buy
2015-05-02,0.05,0.2,0,1,0.85,1.6,0,0.39,-0.0052267,-0.0031301,-0.00283265,-0.00059182,-0.0009059,sell
2015-05-03,0.13,0,0,1.57,0.59,2.29,0,0.86, 0.0009296, 0.0026529,-0.00005032,-0.00013901,-0.0021069,sell
2015-05-04,0.31,0,0,0.76,0.41,1.49,0,1.2,-0.0026062,-0.0029907,-0.00295360,-0.00667720,-0.0062423,sell
2015-05-05,0.75,0,0,0,0.39,1.46,0,0.79,-0.0043714,-0.0043714,-0.00644019,-0.00431187,-0.0022432,sell
2015-05-06,0.99,0,0,0,0.43,2.24,0,0.48,-0.0014678,-0.0016044,-0.00160436,-0.00197931,-0.0025509,sell
2015-05-07,0.55,0,0,0,0.65,2.07,0,0.49,-0.0040678,-0.0034069,-0.00406779,-0.00340690,-0.0030020,sell
2015-05-08,0.23,0,0.4,0,1.26,1.07,0,0.8,-0.0021136,-0.0025366,-0.00217080,-0.00291243,-0.0021136,sell
2015-05-09,0.1,0.07,1.13,0,1.39,0.69,0,1.2,-0.0069848,-0.0069848,-0.00698481,-0.00735336,-0.0069094,sell
2015-05-10,0.04,0.13,1.6,0,0.72,0.46,0,0.97, 0.0005330, 0.0005816, 0.00045919, 0.00149293, 0.0005816,buy
2015-05-11,0,0.25,0.77,0,0.32,0.51,0,0.52,-0.0010659, 0.0026037, 0.00195094,-0.00131065,-0.0053795,sell
2015-05-12,0,0.4,0.27,0.33,0.14,0.73,0,0.3, 0.0000517,-0.0007810, 0.00100661,-0.00075009, 0.0071912,buy
2015-05-13,0.07,0.32,0,0.65,0,0.92,0,0.19, 0.0017571, 0.0087546, 0.00632572, 0.00863523, 0.0019675,buy
2015-05-14,0.18,0.17,0,1.3,0,1.21,0,0.13,-0.0002858, 0.0023685, 0.00092457, 0.00236849,-0.0004297,buy
2015-05-15,0.46,0.09,0,1.6,0,1.69,0,0.09,-0.0047213,-0.0019776,-0.00567405,-0.00058630,-0.0055962,sell
2015-05-16,1,0,0,0.95,0,2.51,0,0.07,-0.0018152, 0.0023319, 0.00285268,-0.00001774,-0.0001875,sell
2015-05-17,0.81,0,0,0.48,0.19,2.93,0,0.06,-0.0007555,-0.0053268, 0.00038173, 0.00048544,-0.0010674,sell
2015-05-18,0.32,0,0,0,0.48,2.37,0,0.05,-0.0071298,-0.0066688,-0.00291517,-0.00751566,-0.0078986,sell
2015-05-19,0.12,0.09,0,0,1.49,1.87,0,0.06,-0.0024265,-0.0026334,-0.00660709,-0.00577703,-0.0058910,sell
2015-05-20,0.05,0.22,0,0.55,1.9,1.66,0,0.12, 0.0042460, 0.0041393, 0.00380670, 0.00708727, 0.0041393,buy
2015-05-21,0,0.5,0,1.99,1.7,1.58,0,0.21,-0.0007182,-0.0053839, 0.00296581, 0.00249569, 0.0032689,buy
2015-05-22,0,0.55,0,3.04,1.57,1.7,0,0.38,-0.0018137,-0.0014228,-0.00085851,-0.00594557,-0.0024734,sell
2015-05-23,0,0.52,0,2.26,0.7,2.1,0,0.72,-0.0079351,-0.0081413,-0.00032304,-0.00815369,-0.0078796,sell
2015-05-24,0,0.21,0,0.67,0.31,2.89,0,1.42, 0.0008668, 0.0006791, 0.00044352,-0.00221526,-0.0022650,sell
2015-05-25,0,0.08,0,0,0.14,3.76,0,2.64, 0.0029730, 0.0039652, 0.00395022, 0.00334460, 0.0039652,buy
2015-05-26,0,0,0,0,0,3.31,0,2.51, 0.0026788, 0.0023409, 0.00266234, 0.00415250, 0.0029228,buy
2015-05-27,0,0,0,0,0,2.62,0,1.72, 0.0032301,-0.0021469, 0.00249058, 0.00286342, 0.0021031,buy
2015-05-28,0,0,0,0,0,2.45,0,1.65, 0.0019108, 0.0030728, 0.00160904, 0.00585018, 0.0014909,buy
2015-05-29,0.03,0.12,0,0,0,2.69,0,1.77, 0.0041531, 0.0035015, 0.00407996, 0.00382913, 0.0019834,buy
2015-05-30,0.06,0.28,0.29,0,0,3.73,0,1.66, 0.0065428, 0.0022661, 0.00395111, 0.00408102, 0.0024736,buy
2015-05-31,0.11,0.4,0.55,0,0,2.85,0,1.76, 0.0024337,-0.0001400,-0.00039604,-0.00014000,-0.0018288,buy
2015-06-01,0.19,0.22,1.03,0,0,1.93,0,1.13,-0.0012454,-0.0023111, 0.00222455,-0.00106482,-0.0016724,sell
2015-06-02,0.38,0.09,1.59,0,0,1.9,0,0.54, 0.0008494, 0.0025292, 0.00028544, 0.00084938, 0.0024996,buy
2015-06-03,0.7,0,1.56,0,0,2.01,0,0.27,-0.0068312,-0.0040618,-0.00507557,-0.00546905,-0.0040618,sell
2015-06-04,1.29,0,1.34,0,0,2.2,0,0.13,-0.0045430,-0.0079447,-0.00471992,-0.00684783,-0.0045430,sell
2015-06-05,1.72,0,1.93,0,0,2.45,0,0.05,-0.0022791,-0.0016340,-0.00211346, 0.00121212,-0.0080918,sell
2015-06-06,1.54,0,1.57,0,0,2.8,0,0,-0.0024726,-0.0032423,-0.00193109,-0.00041742,-0.0078169,sell
2015-06-07,0.84,0,0.66,0,0,3.24,0,0,-0.0042695,-0.0045072, 0.00189585,-0.00349948,-0.0042695,sell
2015-06-08,0.39,0,0.28,0,0,3.73,0,0, 0.0020185, 0.0015702, 0.00229781, 0.00111160,-0.0000445,buy
2015-06-09,0.19,0,0,0,0,4.26,0,0,-0.0023529,-0.0019252,-0.00235295,-0.00235295,-0.0024646,sell
2015-06-10,0.1,0,0,0,0,4.58,0,0,-0.0020033,-0.0011012,-0.00233646,-0.00200327,-0.0023345,sell
2015-06-11,0.04,0,0,0,0,4.74,0,0,-0.0009255,-0.0006489,-0.00107193,-0.00105735,-0.0014022,sell
2015-06-12,0,0,0,0,0,5.01,0,0, 0.0019822, 0.0024148, 0.00160879, 0.00198217, 0.0012229,buy
2015-06-13,0,0,0,0,0,5.54,0,0, 0.0050101, 0.0050101, 0.00228155, 0.00501007, 0.0042903,buy
2015-06-14,0,0,0.57,0,0,5.85,0,0, 0.0084780, 0.0086430, 0.00707302, 0.00864303, 0.0081131,buy
2015-06-15,0,0,1.26,0,0,5.49,0,0, 0.0067405, 0.0066580, 0.00625837, 0.00674051, 0.0065262,buy
2015-06-16,0,0,1.59,0,0,4.91,0,0, 0.0053945, 0.0050673, 0.00513813, 0.00539447, 0.0050673,buy
2015-06-17,0,0,0.9,0,0,4.21,0,0.04, 0.0054802,-0.0000877, 0.00266542, 0.00555703, 0.0016979,buy
2015-06-18,0,0,0.42,0,0,3.56,0,0.06, 0.0027751,-0.0030114,-0.00115439, 0.00277512, 0.0016008,buy
2015-06-19,0,0,0.83,0,0,2.98,0,0.1,-0.0030432,-0.0072288,-0.00417393,-0.00274888,-0.0023657,sell
2015-06-20,0,0,1.95,0,0,2.51,0,0.17, 0.0009440,-0.0021971, 0.00576390, 0.00548622, 0.0018686,buy
2015-06-21,0,0,3.67,0,0,2.13,0,0.33,-0.0005423,-0.0033057,-0.00064098,-0.00452792,-0.0051880,sell
2015-06-22,0,0,3.33,0,0,1.72,0,0.68,-0.0024934,-0.0056442,-0.00525066,-0.00563737,-0.0046564,sell
2015-06-23,0.03,0,2.67,0,0,1.51,0,1.26,-0.0018842,-0.0045508,-0.00458140,-0.00473882,-0.0034937,sell
2015-06-24,0.06,0,1.72,0,0,1.58,0,1.1, 0.0058503, 0.0045260, 0.00466558,-0.00139634, 0.0052120,buy
2015-06-25,0.12,0,0.72,0,0,1.65,0,0.63,-0.0003099,-0.0014586, 0.00065070,-0.00162653, 0.0023803,buy
2015-06-26,0.24,0,0.76,0,0,2,0,0.55, 0.0007818,-0.0015124, 0.00164304,-0.00071112, 0.0025330,buy
2015-06-27,0.47,0,1.06,0,0,2.85,0,0.75, 0.0003665,-0.0021030, 0.00193992,-0.00091472, 0.0014885,buy
2015-06-28,0.9,0.07,1.57,0,0,2.75,0,1.23, 0.0010693,-0.0012910, 0.00485967,-0.00129100, 0.0038743,buy
2015-06-29,1.18,0.11,0.78,0,0,1.86,0,1.18, 0.0050161, 0.0034991, 0.00616600, 0.00501610, 0.0075161,buy
2015-06-30,1.09,0.16,0,0,0,1.38,0,0.68, 0.0019483,-0.0065686, 0.00375262, 0.00180601, 0.0019483,buy
2015-07-01,1.35,0.23,0,0,0,1.2,0,0.44, 0.0008723,-0.0093726, 0.00345010, 0.00073066, 0.0014013,buy
2015-07-02,1.11,0.33,0,0,0,1.12,0,0.34,-0.0011315,-0.0100585,-0.00077613, 0.00335772,-0.0011315,buy
2015-07-03,0.54,0.4,0,0,0,1.3,0,0.33,-0.0079425,-0.0033123,-0.00387269,-0.00387269,-0.0034339,sell
2015-07-04,0.32,0.47,0,0.37,0,1.83,0,0.38,-0.0074620,-0.0064235,-0.00615605,-0.00745670,-0.0056549,sell
2015-07-05,0.27,0.56,0,0.87,0,2.35,0,0.48,-0.0060613,-0.0067867,-0.00160766,-0.00443145,-0.0014713,sell
2015-07-06,0.33,0.57,0,1.57,0,2.13,0,0.76,-0.0009756,-0.0007805, 0.00427416,-0.00068831,-0.0017761,sell
2015-07-07,0.55,0.33,1.28,1.18,0,1.58,0,1.12,-0.0017514,-0.0017295,-0.00172949,-0.00172949,-0.0070808,sell
2015-07-08,0.99,0.18,1.57,0.49,0,1.25,0,1.36, 0.0053950, 0.0056864, 0.00568639, 0.00572655, 0.0033656,buy
2015-07-09,0.96,0.08,0.37,0,0,1.07,0,1.18,-0.0067001,-0.0067001,-0.00605155,-0.00649427,-0.0057504,sell
2015-07-10,0.53,0.07,0,0,0,1.01,0,1.11,-0.0006618,-0.0011659, 0.00100850, 0.00036549, 0.0027219,buy
2015-07-11,0.33,0.1,0,0,0,1.21,0,1.34, 0.0063486, 0.0017556,-0.00051753, 0.00634863, 0.0054102,buy
2015-07-12,0.38,0.27,0,0.32,0,2,0,2.19, 0.0024378, 0.0018352, 0.00311210, 0.00259023, 0.0024664,buy
2015-07-13,1.07,0.46,0,0.59,0.11,3.28,0,3.19, 0.0030441, 0.0016144, 0.00045067, 0.00287946, 0.0046863,buy
2015-07-14,0.75,0.81,0,1.08,0.22,2.93,0,3.07, 0.0027261, 0.0017124,-0.00090017, 0.00207003, 0.0039653,buy
2015-07-15,0.11,1.29,0,3.12,0.43,3.85,0,1.6,-0.0005182, 0.0021713, 0.00194104, 0.00217128,-0.0057000,sell
2015-07-16,0,1.08,0,2.81,0.84,3.72,0,0.89, 0.0017254, 0.0045198, 0.00350080, 0.00451985,-0.0049071,buy
2015-07-17,0.05,0.77,0,0.68,1.4,1.74,0,0.7,-0.0052352,-0.0052352,-0.00295325,-0.00396566,-0.0020096,sell
2015-07-18,0.11,0.43,0,0.37,1.15,0.93,0,1.39,-0.0062048,-0.0024695,-0.00348220,-0.00358047,-0.0073892,sell
2015-07-19,0.27,0.26,0,0,0.7,0.64,0,1.54,-0.0065183,-0.0057853,-0.00638065,-0.00623988,-0.0046647,sell
2015-07-20,0.68,0.52,0,0,1.07,0.43,0,0.53,-0.0008314,-0.0005377,-0.00292143,-0.00083139,-0.0008314,sell
2015-07-21,1.22,0.44,0,0,1.84,0.28,0,0.36,-0.0027394, 0.0012864,-0.00046837, 0.00472991, 0.0001936,sell
2015-07-22,1.61,0.09,0,0,1.45,0.18,0,0.46,-0.0057941,-0.0017194,-0.00636654,-0.00084744,-0.0004369,sell
2015-07-23,0.87,0.08,0,0,2.74,0,0,0.67,-0.0031198,-0.0079494,-0.00179585,-0.00179585,-0.0067817,sell
2015-07-24,0.2,0.07,0,0,2.37,0,0,1.07, 0.0079538, 0.0072596, 0.00599611, 0.00795375, 0.0102629,buy
2015-07-25,0.05,0.07,0,0,0.74,0,0,1.33, 0.0071248, 0.0076021, 0.00754654, 0.00754654, 0.0076021,buy
2015-07-26,0,0.07,0,0,0.24,0,0,0.99,-0.0069591,-0.0036118,-0.00366974,-0.00443616,-0.0054217,sell
2015-07-27,0.05,0.07,1.59,0,0.1,0,0,0.62, 0.0003963,-0.0001706,-0.00037737, 0.00001566, 0.0012965,buy
2015-07-28,0.31,0.19,1.5,0,0,0,0,0.43, 0.0022394,-0.0003330,-0.00209179,-0.00125194,-0.0014375,buy
2015-07-29,0.97,0.29,1.16,0,0,0,0,0.34, 0.0003163, 0.0064252, 0.00253120,-0.00049937, 0.0062954,buy
2015-07-30,0.56,0.48,1.89,0,0,0,0,0.31, 0.0096713, 0.0089887, 0.00612310, 0.00722540, 0.0068086,buy
2015-07-31,0.2,0.6,1.14,0,0.1,0,0,0.33,-0.0031777,-0.0070283,-0.00159329,-0.00294687,-0.0031431,sell
2015-08-01,0.44,0.48,1.59,0,0.15,0,0,0.36, 0.0049442, 0.0045889,-0.00167273, 0.00291611, 0.0015214,buy
2015-08-02,1.22,0.47,1.32,0,0.22,0,0,0.47,-0.0081517,-0.0061437, 0.00575605,-0.00620383, 0.0059563,buy
2015-08-03,0.96,0.55,0.54,0,0.51,0,0,0.65,-0.0069338,-0.0053632,-0.00670348,-0.00690141,-0.0058454,sell
2015-08-04,0.97,0.69,0.49,0,1.11,0,0,0.99,-0.0104683,-0.0104965,-0.00951726,-0.01146503,-0.0097438,sell
2015-08-05,1.75,0.98,1.17,0,2.39,0,0,1.49,-0.0006540, 0.0028425,-0.00077949, 0.00139557,-0.0007104,sell
2015-08-06,1.97,1.42,1.57,0,3.59,0,0,2.22, 0.0033523, 0.0044341, 0.00335601, 0.00396129, 0.0031875,buy
2015-08-07,1.14,1.13,0.88,0,3.35,0,0,1.62, 0.0020269, 0.0040768, 0.00202693, 0.00280795, 0.0020269,buy
2015-08-08,0.59,0.34,0.37,0,2.06,0,0,0.63, 0.0013959, 0.0014710,-0.00052434, 0.00177016, 0.0006955,buy
2015-08-09,0.36,0.26,0,0,1.09,0,0,0.31,-0.0086296,-0.0051342,-0.00541290,-0.00539365,-0.0108116,sell
2015-08-10,0.29,0.39,0,0,0.58,0,0,0.17, 0.0045295, 0.0041470, 0.00406188, 0.00414698, 0.0045295,buy
2015-08-11,0.35,0.36,0,0.31,0.4,0,0,0.1, 0.0024493, 0.0018357, 0.00854370, 0.00109230, 0.0024493,buy
2015-08-12,0.7,0.08,0,1.4,0.27,0,0,0.06, 0.0025655, 0.0014823, 0.00256552, 0.00224807, 0.0020237,buy
2015-08-13,1.11,0,0,1.59,0.18,0,0,0.03,-0.0006330,-0.0017065,-0.00194668,-0.00194668,-0.0014200,sell
2015-08-14,0.98,0,0.46,0.39,0.13,0,0,0,-0.0037730,-0.0074441,-0.00493840,-0.00462124,-0.0056635,sell
2015-08-15,1.4,0,1.6,0,0,0,0,0,-0.0031727,-0.0013790, 0.00031901,-0.00026657, 0.0003539,sell
2015-08-16,1.14,0,1.27,0,0,0,0,0,-0.0029405,-0.0016244,-0.00126358,-0.00318958,-0.0033329,sell
2015-08-17,0.64,0,0.31,0,0,0,0,0.04,-0.0004004, 0.0023312, 0.00385520, 0.00064101, 0.0037928,buy
2015-08-18,0.73,0,0,0,0.14,0,0,0.1, 0.0000917, 0.0035402, 0.00184628,-0.00294534, 0.0018770,buy
2015-08-19,0.99,0.19,1.24,0,0.88,0.22,0,0.22, 0.0071678, 0.0070204, 0.00697755, 0.00773260, 0.0080179,buy
2015-08-20,0.86,0.47,2.26,0,1.38,0.44,0,0.51,-0.0086115,-0.0025680,-0.00256804,-0.00406375,-0.0023425,sell
2015-08-21,0.52,0.8,1.96,0,0.34,0.88,0,1.17, 0.0034078,-0.0016654,-0.00223540,-0.00183522,-0.0036052,buy
2015-08-22,0.35,0.53,1.59,0,0,1.72,0,1.19,-0.0088815,-0.0087504,-0.00888146,-0.00718718,-0.0114909,sell
2015-08-23,0.26,0.22,1.15,0,0,1.98,0,0.52, 0.0004683, 0.0005114, 0.00029264,-0.00008891, 0.0002083,buy
2015-08-24,0.24,0,0.63,0,0,1.19,0,0.22,-0.0016108,-0.0014643,-0.00290273,-0.00031218, 0.0071088,sell
2015-08-25,0.3,0,0.35,0,0,0.64,0,0.1, 0.0006934, 0.0006934,-0.00334439, 0.00508805,-0.0020682,buy
2015-08-26,0.5,0.09,0.38,0,0,0.58,0,0.04,-0.0070155,-0.0080183,-0.00784617,-0.00801825,-0.0097511,sell
2015-08-27,0.88,0.21,0.68,0,0,1.2,0,0,-0.0031127,-0.0092700,-0.00211297,-0.00272685,-0.0027018,sell
2015-08-28,1.08,0.4,1.21,0,0.2,1.96,0,0,-0.0074988,-0.0015275,-0.00032146,-0.00062451,-0.0065940,sell
2015-08-29,0.67,0.31,1.59,0,0.47,0.94,0,0, 0.0046622, 0.0030924, 0.00408366,-0.00044103, 0.0020297,buy
2015-08-30,0.37,0.13,1.15,0.55,1.07,0.25,0,0,-0.0068675,-0.0059589,-0.00189518,-0.00516912,-0.0028971,sell
2015-08-31,0.23,0,0.95,1.35,1.4,0,0,0, 0.0046398, 0.0025523, 0.00398609, 0.00229685, 0.0035572,buy
2015-09-01,0.18,0,0.72,1.57,0.8,0,0,0,-0.0044848,-0.0003694,-0.00095255,-0.00243129, 0.0005369,sell
2015-09-02,0.21,0,1.4,0.75,0.47,0,0,0,-0.0048886,-0.0040274,-0.00267563,-0.00488861,-0.0040274,sell
2015-09-03,0.3,0,3.03,0.31,0.28,0,0,0, 0.0040746, 0.0061892, 0.00636836, 0.00386350, 0.0038361,buy
2015-09-04,0.57,0,3.67,0,0.27,0,0,0.03, 0.0002588, 0.0018256, 0.00125762, 0.00104863, 0.0010486,buy
2015-09-05,1.23,0,1.98,0.62,0.53,0,0,0.08, 0.0038792,-0.0023945, 0.00325775, 0.00656835, 0.0016224,buy
2015-09-06,1.35,0,0.81,1.57,1.01,0,0,0.17,-0.0051454,-0.0016124,-0.00266583,-0.00153607,-0.0030830,sell
2015-09-07,1.05,0,0.48,1.56,1.38,0.19,0,0.36,-0.0021811,-0.0051495,-0.00448876,-0.00420878,-0.0059292,sell
2015-09-08,1.21,0,0.46,0.64,0.82,0.35,0,0.7,-0.0024142,-0.0010605, 0.00059897,-0.00072402, 0.0005990,sell
2015-09-09,0.98,0,0.43,0.28,0.37,0.61,0,1.19,-0.0097530,-0.0096678,-0.00933770,-0.00969346,-0.0085252,sell
2015-09-10,0.53,0,0.71,0,0.17,1.01,0,1.07,-0.0034895,-0.0022417,-0.00265191,-0.00121835,-0.0024642,sell
2015-09-11,0.28,0,1.14,0,0.11,1.57,0,0.61, 0.0017700, 0.0018073, 0.00201865,-0.00103649, 0.0028003,buy
2015-09-12,0.15,0,1.87,0,0.15,2,0,0.37, 0.0026595, 0.0041330, 0.00203844, 0.00409314, 0.0060526,buy
2015-09-13,0.08,0.11,1.25,0,0.2,1.73,0,0.24,-0.0030540,-0.0030540,-0.00317518,-0.00100548,-0.0004267,sell
2015-09-14,0.08,0.24,0.51,0,0.28,1.28,0,0.17, 0.0011244, 0.0022740, 0.00210823, 0.00235004,-0.0001874,buy
2015-09-15,0.05,0.4,0,0,0.37,1.02,0,0.12, 0.0052889, 0.0056976, 0.00650167, 0.00663047, 0.0074310,buy
2015-09-16,0.07,0.3,0,0,0.51,0.89,0,0.1, 0.0109599, 0.0106766, 0.01073996, 0.00972969, 0.0104986,buy
2015-09-17,0.1,0.14,0,0,0.69,0.87,0,0.09, 0.0087890, 0.0061659, 0.00493832, 0.00878901, 0.0046867,buy
2015-09-18,0.14,0.08,0,0,0.95,1,0,0.13, 0.0039500, 0.0061947,-0.00035980, 0.00402306,-0.0003598,buy
2015-09-19,0.22,0.14,0,0,1.29,1.26,0,0.17,-0.0006705,-0.0011953,-0.00218078,-0.00206840,-0.0021808,sell
2015-09-20,0.34,0.24,0,0,1.4,1.92,0,0.25,-0.0035184,-0.0043032,-0.00802666,-0.00866037,-0.0062304,sell
2015-09-21,0.55,0.4,0,0,1.1,2.35,0,0.37,-0.0001868,-0.0015575,-0.00180379,-0.00155755,-0.0015575,buy
2015-09-22,0.91,0.37,0,0,0.81,2.48,0,0.6,-0.0006030, 0.0047924, 0.00444826, 0.00444826, 0.0044483,buy
2015-09-23,1,0.21,0,0,0.59,2.8,0,1.04,-0.0042679,-0.0034813,-0.00394101,-0.00438424,-0.0027350,sell
2015-09-24,0.65,0.22,0,0,0.43,1.58,0,1.89, 0.0043637, 0.0049090, 0.00290043, 0.00455301, 0.0047246,buy
2015-09-25,0.38,0.29,0,0,0.49,0.53,0,2.3,-0.0032404,-0.0015062,-0.00089996,-0.00064082, 0.0015872,sell
2015-09-26,0.22,0.39,0,0,0.76,0.15,0,1.71,-0.0014486,-0.0019822,-0.00123376,-0.00177049,-0.0027317,sell
2015-09-27,0.12,0.32,0,0.44,1.55,0.34,0,0.97,-0.0031323, 0.0020034,-0.00074720, 0.00184824, 0.0016700,sell
2015-09-28,0.07,0.24,0.5,1.3,1.3,0.93,0,0.56,-0.0041622,-0.0031815,-0.00495381,-0.00417017,-0.0049646,sell
2015-09-29,0.04,0.17,1.9,1.57,0.37,2.32,0,0.29, 0.0036916, 0.0008778, 0.00467237, 0.00291960, 0.0030864,buy
2015-09-30,0,0.31,3.34,1.03,0.11,1.63,0,0.18,-0.0028480,-0.0019144,-0.00294905,-0.00291659,-0.0062332,sell
2015-10-01,0,0.4,3.16,0.88,0.56,0.83,0,0.11,-0.0061622,-0.0058538,-0.00475450,-0.00585381,-0.0064447,sell
2015-10-02,0,0.28,2.31,1.59,1.66,0.76,0,0.12, 0.0057862,-0.0025386, 0.00030905, 0.00100712, 0.0002274,buy
2015-10-03,0,0.24,1.59,1.41,1.56,0.95,0,0.16, 0.0080898, 0.0081001, 0.00756158, 0.00760108, 0.0074092,buy
2015-10-04,0,0.26,0.59,1.22,1.36,1.16,0,0.29,-0.0029360,-0.0023401,-0.00293604,-0.00245992,-0.0025972,sell
2015-10-05,0,0.33,0.27,1.28,1.39,1.4,0,0.74,-0.0074958,-0.0066172,-0.00717055,-0.00787069,-0.0065247,sell
2015-10-06,0,0.4,0,1.76,0.95,1.67,0,1.28,-0.0007700,-0.0032974,-0.00275525,-0.00325649,-0.0029223,sell
2015-10-07,0,0.24,0,1.6,0.71,2.22,0,1,-0.0022943,-0.0031694,-0.00234684,-0.00262172,-0.0023468,sell
2015-10-08,0,0.12,0,0.97,0.93,2.58,0,0.66,-0.0030958, 0.0025499, 0.00290960,-0.00191941, 0.0031865,buy
2015-10-09,0.03,0,0.28,0.55,1.49,3.03,0,0.74, 0.0008416, 0.0053733, 0.00537325, 0.00346027, 0.0053733,buy
2015-10-10,0.06,0.09,0.72,1.19,1.24,3.5,0,1.21,-0.0008114, 0.0031032, 0.00168201, 0.00026469,-0.0012967,sell
2015-10-11,0.1,0.2,1.6,1.91,0.67,2.67,0,1.19, 0.0032776, 0.0011626, 0.00459474, 0.00167074, 0.0018647,buy
2015-10-12,0.18,0.4,1.3,2.67,0.42,1.78,0,0.62,-0.0033839,-0.0050138,-0.00517278,-0.00435170,-0.0051835,sell
2015-10-13,0.31,0.35,0.49,2.33,0.3,1.32,0,0.31, 0.0006804,-0.0010808,-0.00197433,-0.00197433,-0.0022952,buy
2015-10-14,0.53,0.31,0,1.62,0.24,0.95,0,0.15, 0.0076551, 0.0103427, 0.01047229, 0.00767599, 0.0083759,buy
2015-10-15,0.91,0.45,0,1.04,0.23,0.87,0,0.08, 0.0036657, 0.0028697, 0.00431947, 0.00241151, 0.0023890,buy
2015-10-16,0.99,0.39,0,1.4,0.26,0.81,0,0.04, 0.0013185, 0.0070219, 0.00702189, 0.00197923, 0.0013185,buy
2015-10-17,0.63,0.17,0.73,1.6,0.32,0.75,0,0,-0.0010353,-0.0015775,-0.00157753,-0.00434194, 0.0021973,buy
2015-10-18,0.37,0.07,1.59,0.76,0.41,0.7,0,0,-0.0020781,-0.0021675, 0.00335068,-0.00207812,-0.0019486,sell
2015-10-19,0.28,0,1.11,0.33,0.58,0.66,0,0, 0.0018186, 0.0015973, 0.00421922, 0.00108541, 0.0015973,buy
2015-10-20,0.27,0,0.34,0,0.85,0.84,0,0.1,-0.0013437,-0.0028158,-0.00175222, 0.00375533,-0.0062224,sell
2015-10-21,0.38,0,0.44,0,1.32,1.05,0,0.35,-0.0009020,-0.0002681,-0.00032940,-0.00194124,-0.0005798,sell
2015-10-22,0.77,0,1.35,0,1.66,1.49,0,1.17,-0.0004680,-0.0003963, 0.00024937,-0.00384305, 0.0022563,buy
2015-10-23,0.98,0,3,0,1.91,2.61,0,1.04,-0.0056079,-0.0068813,-0.00378296,-0.00770353,-0.0059775,sell
2015-10-24,0.56,0,3.12,0.37,2.37,3.15,0,0.27, 0.0007082, 0.0088114, 0.00647064, 0.00325963, 0.0053977,buy
2015-10-25,0.24,0,1.55,1.6,1.91,3.25,0,0.07, 0.0003823,-0.0027918, 0.00191432, 0.00207692,-0.0026391,buy
2015-10-26,0.13,0,1.14,1.5,2.62,3.52,0,0, 0.0008868,-0.0020833,-0.00008307, 0.00128741,-0.0020833,buy
2015-10-27,0.11,0.17,1.77,0.35,2.9,2.29,0,0, 0.0034423, 0.0016474, 0.00360489, 0.00360489, 0.0027194,buy
2015-10-28,0.18,0.4,1.57,0,1.46,1.79,0,0,-0.0128255,-0.0142423,-0.00587694,-0.00573947,-0.0018664,sell
2015-10-29,0.44,0.2,0.66,0,0.62,2.03,0,0,-0.0049782,-0.0034354,-0.00055478,-0.00333319,-0.0041710,sell
2015-10-30,0.99,0,0,0,0.27,2.59,0,0,-0.0051803,-0.0026574,-0.00116154,-0.00181515,-0.0053478,sell
2015-10-31,0.9,0,0.45,0,0,2.52,0,0,-0.0065886,-0.0055606,-0.00309552,-0.00321733,-0.0068012,sell
2015-11-01,0.37,0,1.56,0,0,2.2,0,0,-0.0015604,-0.0038882,-0.00113897,-0.00089282,-0.0038586,sell
2015-11-02,0.15,0,1.12,0,0,2.47,0,0,-0.0003194, 0.0059567,-0.00530519,-0.00374179,-0.0018904,buy
2015-11-03,0.06,0,0,0,0.32,3.31,0,0,-0.0062842,-0.0060391, 0.00127110,-0.00387448,-0.0036598,sell
2015-11-04,0.09,0.09,0,0,1.26,2.37,0,0,-0.0013245, 0.0038394,-0.00374428,-0.00464465,-0.0035095,sell
2015-11-05,0.41,0.23,0,0.35,1.4,1.4,0,0,-0.0075393,-0.0078186,-0.00586460,-0.00562894,-0.0066420,sell
2015-11-06,0.98,0.4,0,0.96,0.38,1.04,0,0, 0.0038476, 0.0018220, 0.00348106, 0.00207101, 0.0032586,buy
2015-11-07,0.53,0.26,0,1.94,0,1.2,0,0, 0.0089137, 0.0100988, 0.00974221, 0.00936101, 0.0086807,buy
2015-11-08,0.12,0.1,0.53,1.58,0,1.38,0,0,-0.0046525,-0.0050895,-0.00551566,-0.00508947,-0.0059261,sell
2015-11-09,0.03,0.16,1.36,1.47,0,2.13,0,0, 0.0032329, 0.0002353, 0.00270195, 0.00214460, 0.0026018,buy
2015-11-10,0,0.4,1.59,1.59,0,3.02,0,0, 0.0023092,-0.0005866, 0.00387249, 0.00237061, 0.0025566,buy
2015-11-11,0,0.22,1.14,1.29,0,2.65,0,0, 0.0018901, 0.0014361, 0.00350588, 0.00197300, 0.0018901,buy
2015-11-12,0,0,1.85,0.74,0,2.05,0,0,-0.0010705, 0.0050426, 0.00034836, 0.00211077, 0.0025112,sell
2015-11-13,0,0,1.82,0.43,0,2,0,0,-0.0061933,-0.0002245,-0.00178491,-0.00086574, 0.0006687,sell
2015-11-14,0,0,1.75,0,0,2.15,0,0,-0.0000335,-0.0051701, 0.00075718, 0.00092636, 0.0026984,buy
2015-11-15,0,0,1.57,0,0,2.65,0,0, 0.0042487, 0.0014432, 0.00519797, 0.00425248, 0.0023825,buy
2015-11-16,0,0,0.63,0,0,3.38,0,0,-0.0017996,-0.0082413,-0.00573993,-0.00163805,-0.0026025,sell
2015-11-17,0.11,0,0,0,0,3.94,0,0.06,-0.0059803,-0.0059803,-0.00295380,-0.00554934,-0.0055493,sell
2015-11-18,0.36,0,0,0,0,4.29,0,0.15, 0.0041479, 0.0038008, 0.00157428, 0.00380080, 0.0038008,buy
2015-11-19,1.21,0,0,0,0,5.31,0,0.4, 0.0050507, 0.0040582, 0.00315860, 0.00263771, 0.0040516,buy
2015-11-20,1.64,0.08,0,0,0,5.65,0,1.06, 0.0007668, 0.0002349, 0.00067251, 0.00021174, 0.0048788,buy
2015-11-21,1.26,0.32,0.38,0,0,4.47,0,1.2, 0.0014314,-0.0003742,-0.00037423,-0.00004991, 0.0006048,buy
2015-11-22,0.7,0.48,0.66,0.59,0,2.87,0,0.54,-0.0029568,-0.0038260,-0.00439701,-0.00060760,-0.0008844,sell
2015-11-23,0.27,0.33,1.1,1.59,0,1.92,0,0.36,-0.0020164,-0.0034686,-0.00125401,-0.00187943,-0.0027010,sell
2015-11-24,0.12,0.4,1.6,1.49,0.21,1.43,0,0.81,-0.0010690,-0.0010690,-0.00321106,-0.00046533,-0.0023924,sell
2015-11-25,0.05,0.28,1.34,0.52,0.52,1.14,0,1.24,-0.0001807,-0.0036232, 0.00222873,-0.00095227,-0.0014666,buy
2015-11-26,0,0.21,0.79,0,1.29,1.31,0,0.56,-0.0082439,-0.0039617,-0.00323435,-0.00758627,-0.0038743,sell
2015-11-27,0,0.27,0.47,0,1.51,1.92,0,0.38,-0.0043606, 0.0014775, 0.00679933,-0.00309160, 0.0006500,buy
2015-11-28,0,0.4,0.28,0,1.04,2.66,0,0.67,-0.0025214,-0.0002582, 0.00196562,-0.00055990,-0.0015850,sell
2015-11-29,0.1,0.2,0,0,1.59,1.88,0,1.23,-0.0005995, 0.0014476, 0.00133833, 0.00054179, 0.0011158,buy
2015-11-30,0.41,0.07,0,0,1.03,1.03,0,0.92, 0.0073572, 0.0106032, 0.01063497, 0.01062400, 0.0101333,buy
2015-12-01,1,0,0,0,0.26,0.65,0,0.5, 0.0004429,-0.0039257,-0.00432856,-0.00546169,-0.0043286,sell
2015-12-02,0.56,0,0,0,0,0.39,0,0.47,-0.0001308,-0.0001308,-0.00333034,-0.00006493,-0.0006220,sell
2015-12-03,0.14,0,0.44,0,0.13,0.34,0,0.91, 0.0059113, 0.0068281, 0.00505201, 0.00276201, 0.0032063,buy
2015-12-04,0.03,0,1.09,0,0.31,0.3,0,1.66, 0.0058330, 0.0006515, 0.00583297, 0.00583297, 0.0058330,buy
2015-12-05,0.06,0,1.6,0,0.74,0.26,0,1.42, 0.0024714,-0.0005556, 0.00161772, 0.00161772, 0.0016468,buy
2015-12-06,0.14,0,0.9,0,1.39,0.23,0,1.38,-0.0068326,-0.0083675,-0.00683263,-0.00614091,-0.0070935,sell
2015-12-07,0.38,0,0.36,0.31,1.05,0.2,0,1.22,-0.0029578,-0.0056475,-0.00992540,-0.00753890,-0.0076917,sell
2015-12-08,0.96,0,0,0.52,0.44,0.41,0,0.8,-0.0086069,-0.0054732,-0.00731124,-0.00726509,-0.0051381,sell
2015-12-09,1.24,0,0,0.89,0.28,0.79,0,0.84,-0.0093477,-0.0035200,-0.00645944,-0.00781233,-0.0073645,sell
2015-12-10,1.17,0,0,1.52,0.25,1.69,0,1.52, 0.0041672, 0.0050001, 0.00132639,-0.00078150, 0.0051432,buy
2015-12-11,1.17,0,0,1.59,0.64,2,0,1.28, 0.0039652, 0.0049999, 0.00498210, 0.00161889, 0.0067001,buy
2015-12-12,0.53,0,0,0.97,1.38,0.85,0,0.69, 0.0041531, 0.0005895,-0.00341525, 0.00238534,-0.0028455,buy
2015-12-13,0.16,0,0,0.57,1.13,0.32,0,0.83,-0.0065885,-0.0065812,-0.00687057,-0.00269588,-0.0033565,sell
2015-12-14,0.06,0,0,0.34,0.72,0,0,1.24,-0.0035442,-0.0000122, 0.00094096, 0.00403305, 0.0057570,buy
2015-12-15,0,0,0,0,1.26,0,0,0.88,-0.0008552, 0.0023203,-0.00148141,-0.00282646, 0.0024045,sell
2015-12-16,0,0,0,0,1.55,0,0,0.38,-0.0051587,-0.0072696, 0.00002978,-0.00377261,-0.0074315,sell
2015-12-17,0,0.09,0.44,0,0.8,0,0,0.16,-0.0037601,-0.0041879,-0.00125630,-0.00407700,-0.0040770,sell
2015-12-18,0,0.26,1.28,0,0.57,0,0,0.14, 0.0046081, 0.0039230, 0.00056397, 0.00293200, 0.0030123,buy
2015-12-19,0,0.52,1.6,0,0.64,0,0,0.27, 0.0082780, 0.0082780, 0.00827798, 0.00942332, 0.0076793,buy
2015-12-20,0,0.79,0.65,0,1.01,0.2,0,0.96, 0.0027343, 0.0029293, 0.00273433, 0.00292226, 0.0027343,buy
2015-12-21,0,0.62,0,0,1.5,0.3,0,1.24,-0.0001239,-0.0062235,-0.00012395,-0.00622347,-0.0001239,buy
2015-12-22,0.04,0.33,0,0,1.38,0.46,0,0.49,-0.0090819,-0.0040496,-0.00804245,-0.00815558,-0.0091518,sell
2015-12-23,0.12,0.14,0,0,1.06,1.07,0,0.35, 0.0015317, 0.0056762,-0.00125613, 0.00153166,-0.0012561,buy
2015-12-24,0.38,0.09,0,0,1.02,2.22,0,0.5,-0.0000717,-0.0014333,-0.00180444,-0.00277106,-0.0008083,buy
2015-12-25,0.99,0,0,0,1.26,3.75,0,0.92,-0.0007590,-0.0013747, 0.00367674,-0.00130134, 0.0110972,sell
2015-12-26,0.84,0,0,0,1.59,3.67,0,1.53,-0.0087596,-0.0087312,-0.00831021,-0.00762192,-0.0037387,sell
2015-12-27,0.3,0,0,0,1.25,3.88,0,1.53,-0.0006355,-0.0039662,-0.00534716,-0.00178104,-0.0030097,sell
2015-12-28,0.11,0,0,0,0.63,3.62,0,1.41,-0.0059597,-0.0033915,-0.00537013,-0.00596327,-0.0059367,sell
2015-12-29,0.04,0.07,0,0,0.35,3.16,0,1.45,-0.0069906,-0.0036624,-0.00719958,-0.00728200,-0.0059038,sell
2015-12-30,0,0.2,0,0,0.41,2.97,0,1.17,-0.0046920,-0.0043957,-0.00525433,-0.00909476,-0.0035386,sell
2015-12-31,0.03,0.39,0,0,0.59,1.52,0,0.84, 0.0026083, 0.0022883, 0.00188031, 0.00237154, 0.0008632,buy
2016-01-01,0.07,0.26,0,0,1.08,0.56,0,0.63,-0.0054941,-0.0001419,-0.00141365,-0.00111653,-0.0052918,sell
2016-01-02,0.16,0.09,0,0,1.38,0.16,0,0.66,-0.0015245, 0.0002008,-0.00529498,-0.00690491, 0.0002008,sell
2016-01-03,0.36,0,0,0,0.78,0,0,0.95, 0.0074785, 0.0034994,-0.00196575, 0.00200272,-0.0035501,buy
2016-01-04,0.83,0,0,0,0.35,0,0,1.67,-0.0014776,-0.0050396,-0.00309746,-0.00210694,-0.0011238,sell
2016-01-05,0.98,0,0,0,0.15,0,0,2.68, 0.0017204, 0.0033648,-0.00026065, 0.00128847,-0.0031432,buy
2016-01-06,0.51,0,0,0,0,0,0,2.44, 0.0020472, 0.0010425,-0.00470412, 0.00123183,-0.0060470,buy
2016-01-07,0.22,0,0,0,0,0,0,1.94, 0.0095764,-0.0004830,-0.00176358,-0.00053071,-0.0024825,buy
2016-01-08,0.1,0,0,0,0,0.15,0,1.08,-0.0007258,-0.0058604,-0.00286486,-0.00409067,-0.0021835,sell
2016-01-09,0.08,0,0,0,0.17,1.02,0,0.4, 0.0100740, 0.0079226, 0.01093794, 0.00999755, 0.0095712,buy
2016-01-10,0.2,0,0,0,0.48,2.93,0,0.13,-0.0060306,-0.0048396,-0.00006301,-0.00636658,-0.0055532,sell
2016-01-11,0.56,0,0,0,1.38,3.22,0,0.05, 0.0000351, 0.0053443,-0.00110634,-0.00002932,-0.0004152,buy
2016-01-12,1.54,0,0,0,1.36,2.74,0,0, 0.0056308, 0.0048606, 0.00459850, 0.00198031, 0.0040883,buy
2016-01-13,2.38,0,0,0,0.47,3.29,0,0, 0.0005798,-0.0002203,-0.00022027,-0.00160471, 0.0024546,buy
2016-01-14,2.36,0,0,0,0.16,3.66,0,0,-0.0048847,-0.0060921,-0.00488474,-0.00286565, 0.0045594,sell
2016-01-15,1.82,0,0,0,0.3,3.92,0,0.1, 0.0005380,-0.0010860,-0.00100913,-0.00100913,-0.0009981,buy
2016-01-16,1.05,0,0,0,1.35,3.57,0,0.32, 0.0065174, 0.0050570, 0.00449419, 0.00447959, 0.0044942,buy
2016-01-17,0.98,0,0,0,0.63,4.92,0,1, 0.0035527, 0.0035527, 0.00355268, 0.00539789, 0.0107290,buy
2016-01-18,1.04,0,0,0,0,5.93,0,1.46,-0.0025497,-0.0025349,-0.00285763,-0.00044473, 0.0051442,sell
2016-01-19,0.79,0,0,0,0,4.09,0,1.15,-0.0011595, 0.0000427, 0.00004269, 0.00195008, 0.0052410,buy
2016-01-20,0.51,0,0,0,0,2.17,0,1.35, 0.0056471, 0.0049869,-0.00205137, 0.00582728, 0.0035535,buy
2016-01-21,0.33,0,0,0,0.12,1.16,0,1.12, 0.0039383,-0.0001327,-0.00013271, 0.00206455, 0.0012217,buy
2016-01-22,0.21,0,0,0,0.3,0.51,0,0.66, 0.0017111, 0.0012564, 0.00125642, 0.00125642, 0.0012564,buy
2016-01-23,0.14,0,0,0,0.44,0.22,0,0.54,-0.0019828,-0.0019828,-0.00194042,-0.00198283,-0.0019828,sell
2016-01-24,0.09,0,0,0,0.6,0,0,0.56, 0.0042540, 0.0032630, 0.00131188, 0.00385630, 0.0040659,buy
2016-01-25,0.06,0,0.3,0,0.97,0,0,0.66, 0.0058651, 0.0033349, 0.00498768, 0.00559780, 0.0067074,buy
2016-01-26,0.04,0.13,0.35,0,1.31,0,0,0.77, 0.0086280, 0.0020754, 0.00604781, 0.00604781, 0.0074666,buy
2016-01-27,0,0.34,0.39,0,1.9,0,0,0.88, 0.0024829, 0.0010678, 0.00148091, 0.00269792, 0.0013721,buy
2016-01-28,0,0.4,0.45,0,2.94,0,0,0.98,-0.0019689,-0.0029428,-0.00294277,-0.00265338,-0.0055259,sell
2016-01-29,0,0.17,0.52,0,3.19,0,0,1.1, 0.0072001, 0.0039289,-0.00010647, 0.00653635, 0.0079066,buy
2016-01-30,0,0,0.58,0,2.46,0,0,1.34, 0.0007068, 0.0024837, 0.00695100, 0.00070682, 0.0061829,buy
2016-01-31,0,0,0.66,0,1.71,0,0,1.7, 0.0035389, 0.0016519, 0.00316402, 0.00353888, 0.0035389,buy
2016-02-01,0,0,1.1,0,1.31,0,0,1.73, 0.0035026, 0.0015954, 0.00255604, 0.00322895, 0.0005506,buy
2016-02-02,0.04,0,1.35,0,1.39,0,0,1.21,-0.0030473,-0.0044442,-0.00317551,-0.00501303,-0.0031755,sell
2016-02-03,0.08,0,1.72,0,2.04,0,0,0.96, 0.0037454, 0.0035552, 0.00355523,-0.00374013, 0.0034665,buy
2016-02-04,0.18,0,2.21,0,3.16,0,0,0.99, 0.0038570, 0.0044252, 0.00385701, 0.00341814, 0.0038570,buy
2016-02-05,0.46,0,2.75,0,3.38,0.2,0,1.47, 0.0083218, 0.0098848, 0.00866089, 0.00988480, 0.0086559,buy
2016-02-06,0.99,0,2.72,0,2.61,0.47,0,2.83, 0.0144632, 0.0148367, 0.01427451, 0.01391061, 0.0139798,buy
2016-02-07,0.87,0,2.36,0,1.93,1.13,0,3.54, 0.0033825, 0.0036737, 0.00376464, 0.00454752, 0.0057217,buy
2016-02-08,0.5,0,2.19,0,1.56,1.98,0,2.39, 0.0021456, 0.0003109, 0.00212906, 0.00288475, 0.0028847,buy
2016-02-09,0.76,0,2.73,0,1.13,1.53,0,1.21,-0.0027861,-0.0036667, 0.00029794,-0.00706519,-0.0049835,sell
2016-02-10,1.04,0,3.39,0,0.93,1.05,0,0.63,-0.0001671,-0.0052813, 0.00200744,-0.00383651,-0.0052813,sell
2016-02-11,0.45,0,2.73,0,0.76,1.95,0,0.33, 0.0113074, 0.0123900, 0.00861103, 0.00388746, 0.0056090,buy
2016-02-12,0.14,0,1.79,0,0.62,2.65,0,0.19, 0.0069191, 0.0069565, 0.00755977, 0.00772875, 0.0073617,buy
2016-02-13,0.04,0,1.2,0,0.51,2.78,0,0.08, 0.0020793, 0.0062676, 0.00185672, 0.00720947, 0.0018950,buy
2016-02-14,0,0,1.13,0,0.42,2.45,0,0.05, 0.0021520, 0.0052030, 0.00245268, 0.00772522, 0.0017968,buy
2016-02-15,0,0,1.06,0,0.34,1.13,0,0,-0.0045263,-0.0045263,-0.00343876,-0.00338182,-0.0024511,sell
2016-02-16,0,0.07,1,0,0.28,1.49,0,0,-0.0026111,-0.0024961,-0.00403089,-0.00318193,-0.0023299,sell
2016-02-17,0,0.25,0.95,0,0.23,2.13,0,0, 0.0052488, 0.0049945, 0.00400197, 0.00309461, 0.0055252,buy
2016-02-18,0,0.39,0.9,0,0.33,1.43,0,0,-0.0087877,-0.0089652,-0.00779538,-0.00814106,-0.0033126,sell
2016-02-19,0,0.16,0.86,0,0.63,1.55,0,0,-0.0027054,-0.0019470, 0.00048676, 0.00048676, 0.0019005,buy
2016-02-20,0,0.21,0.82,0,1.51,2.68,0,0, 0.0058382,-0.0010274, 0.00000927,-0.00101498,-0.0006894,buy
2016-02-21,0,0.39,0.8,0,1.26,3.57,0,0,-0.0019784,-0.0056422,-0.00032174,-0.00434409,-0.0018486,sell
2016-02-22,0,0.21,0.77,0,0.55,2.74,0,0, 0.0049317, 0.0054001, 0.00383560, 0.00431079, 0.0057264,buy
2016-02-23,0,0,0.75,0,0.71,1.27,0,0,-0.0006798,-0.0006798,-0.00025140,-0.00544053,-0.0001071,buy
2016-02-24,0,0,0.73,0,1.7,0.41,0,0,-0.0070217,-0.0053654,-0.00702167,-0.00768696,-0.0060262,sell
2016-02-25,0,0,0.72,0,2.24,0.17,0,0, 0.0006087, 0.0014926, 0.00060869,-0.00328287, 0.0008731,buy
2016-02-26,0,0,1.12,0,1.76,0,0,0,-0.0050347, 0.0028782,-0.00503467,-0.00845344,-0.0044375,sell
2016-02-27,0,0,2.29,0,0.53,0.21,0,0, 0.0022542, 0.0042888, 0.00303276, 0.00144808, 0.0037084,buy
2016-02-28,0,0,2.03,0,0.29,0.36,0,0, 0.0016241, 0.0024057, 0.00152394,-0.00571574, 0.0018334,buy
2016-02-29,0,0,1,0,0.52,0.62,0,0, 0.0020745, 0.0037913, 0.00453068, 0.00283625, 0.0037913,buy
2016-03-01,0,0,0.71,0,1.39,1.05,0,0,-0.0027895,-0.0000453,-0.00567121,-0.00754841,-0.0058722,sell
2016-03-02,0,0,1.55,0,1.21,1.8,0,0.17, 0.0036536, 0.0028484, 0.00123938,-0.00434514, 0.0033906,buy
2016-03-03,0,0,2.34,0,0.41,2.15,0,0.45, 0.0121588, 0.0091202, 0.01273778, 0.00942472, 0.0086356,buy
2016-03-04,0,0,1.63,0,0.14,1.68,0,1.27, 0.0061120, 0.0036563, 0.00549860,-0.00622601, 0.0025748,buy
2016-03-05,0,0,0.78,0,0.12,1.99,0,2.11,-0.0043103, 0.0006506, 0.00014036,-0.00061669,-0.0013267,sell
2016-03-06,0,0,0.82,0.35,0.29,3.61,0,1.7,-0.0010064,-0.0023750,-0.00211113,-0.00122157,-0.0026711,sell
2016-03-07,0,0,0.85,0.97,0.67,3.99,0,0.79,-0.0043791, 0.0052518,-0.00155784,-0.00011578,-0.0001151,sell
2016-03-08,0,0,0.9,1.59,1.4,2.32,0,0.31, 0.0006444,-0.0022915,-0.00199923, 0.00029578,-0.0029524,buy
2016-03-09,0,0,0.95,0.92,1.21,1.3,0,0.11, 0.0008532, 0.0057508, 0.00639084, 0.00730287, 0.0062096,buy
2016-03-10,0,0,1.02,0.34,0.52,1.4,0,0.1, 0.0071332, 0.0073496, 0.00573399, 0.00734960, 0.0073496,buy
2016-03-11,0,0.08,1.08,0,0.22,2.04,0,0.11,-0.0023050, 0.0083538,-0.00122564,-0.00150883,-0.0020323,buy
2016-03-12,0,0.1,1.17,0,0,2.51,0,0.31, 0.0022110, 0.0023254, 0.00366005, 0.00366005, 0.0007234,buy
2016-03-13,0,0.13,1.27,0,0,3.65,0,0.87,-0.0006936, 0.0009332, 0.00008071,-0.00397203, 0.0008668,buy
2016-03-14,0,0.17,1.39,0.73,0.16,4.71,0,2.36,-0.0098639,-0.0074704,-0.00706129,-0.00306060,-0.0009797,sell
2016-03-15,0,0.21,1.52,1.56,0.81,5.72,0,1.95,-0.0082939,-0.0090617,-0.01044996,-0.00322465,-0.0041371,sell
2016-03-16,0,0.27,1.6,0.56,1.38,4.15,0,0.64,-0.0003666, 0.0003738, 0.00026227,-0.00028050, 0.0002623,buy
2016-03-17,0,0.33,1.52,0,0.46,1.52,0,0.21,-0.0011227, 0.0037586,-0.00160245, 0.00099495,-0.0006955,sell
2016-03-18,0,0.4,1.36,0,0,0.61,0,0.09, 0.0007006, 0.0023224, 0.00127363, 0.00198335,-0.0005394,buy
2016-03-19,0,0.39,1.21,0,0,0.33,0,0.04,-0.0023975,-0.0026311,-0.00263112,-0.00239750,-0.0020509,sell
2016-03-20,0,0.31,1.08,0,0,0.26,0,0,-0.0014328,-0.0039848, 0.00250676, 0.00050369, 0.0007467,buy
2016-03-21,0.05,0.26,0.94,0,0,0.21,0,0,-0.0029791,-0.0061684, 0.00032627,-0.00114802,-0.0007983,sell
2016-03-22,0.15,0.21,0.82,0,0,0.17,0,0.06,-0.0052389,-0.0070210,-0.00258045,-0.00445599,-0.0019442,sell
2016-03-23,0.4,0.18,0.72,0,0.21,0,0,0.18,-0.0042256,-0.0082324,-0.00406002,-0.00558260,-0.0080556,sell
2016-03-24,1.35,0.15,0.62,0.83,0.64,0,0,0.53,-0.0066483,-0.0029635,-0.00457720,-0.00508897,-0.0038111,sell
2016-03-25,1.64,0.12,0.52,1.6,1.89,0,0,1.19,-0.0035460, 0.0049112,-0.00784170,-0.00815728,-0.0044609,sell
2016-03-26,1.18,0.11,0.45,0.87,2.57,0,0,0.86, 0.0065121, 0.0081362, 0.00882626, 0.00415972, 0.0061110,buy
2016-03-27,0.73,0.09,0.37,0,3.38,0,0,0.32,-0.0079424,-0.0066371,-0.00417706,-0.00611697,-0.0036426,sell
2016-03-28,0.47,0.08,0.64,0,3.28,0,0,0.19,-0.0063875,-0.0051640,-0.00337302,-0.00637697,-0.0022992,sell
2016-03-29,0.9,0.07,1.56,0,2.74,0.21,0,0.41,-0.0029689,-0.0103608, 0.00489572,-0.00214012,-0.0010717,buy
2016-03-30,1.08,0,1.03,0,2.56,0.42,0,1.24,-0.0067301,-0.0067056,-0.00646539,-0.00673009,-0.0053237,sell
2016-03-31,0.24,0,0,0,1.85,0.87,0,0.66,-0.0008507, 0.0006469,-0.00175139, 0.00066844, 0.0022839,buy
2016-04-01,0.07,0.29,0,0,0.9,1.78,0,0.17, 0.0023431, 0.0058150,-0.00193899, 0.00231340, 0.0031140,buy
2016-04-02,0.09,0.4,0.39,0,0.6,2.49,0,0.12,-0.0087930,-0.0123376,-0.01205104,-0.01219320,-0.0124447,sell
2016-04-03,0.22,0.1,1.02,0,0.52,2.99,0,0.19, 0.0023874, 0.0042685, 0.00345925, 0.00393543, 0.0028950,buy
2016-04-04,0.53,0.07,1.57,0,0.57,1.87,0,0.33,-0.0027664,-0.0002650,-0.00275346,-0.00136323,-0.0011320,sell
2016-04-05,0.99,0.51,0.92,0,1.04,0.49,0,0.66,-0.0045769,-0.0046727,-0.00466731,-0.00438781,-0.0037218,sell
2016-04-06,0.75,0.74,0.35,0,1.4,0,0,1.31, 0.0005523,-0.0012375, 0.00035373,-0.00013586,-0.0021531,buy
2016-04-07,0.3,0.22,0,0,1.04,0,0,1.17, 0.0043291, 0.0049357, 0.00269063, 0.00327895, 0.0043291,buy
2016-04-08,0.12,0,0,0,0.62,0,0,0.58, 0.0053149, 0.0037332, 0.00284439, 0.00497914, 0.0048854,buy
2016-04-09,0.1,0,0.46,0,0.38,0,0,0.32, 0.0007682, 0.0049231, 0.00497783, 0.00573803, 0.0028634,buy
2016-04-10,0.15,0,1.59,0,0.26,0,0,0.23,-0.0002809, 0.0008728, 0.00087283,-0.00302225, 0.0013028,buy
2016-04-11,0.41,0.13,1.33,0,0.18,0,0,0.15, 0.0000551,-0.0016425,-0.00393644, 0.00005512, 0.0000211,buy
2016-04-12,1.09,0.3,0.35,0,0.35,0.2,0,0.16,-0.0066606,-0.0063249,-0.00611086,-0.00693136,-0.0063249,sell
2016-04-13,1.23,0.4,0,0,0.74,0.46,0,0.16,-0.0033151,-0.0019502,-0.00289647,-0.00524281,-0.0021911,sell
2016-04-14,1.34,0.22,0.44,0,1.38,1.08,0,0.16,-0.0051560,-0.0060936,-0.00605169,-0.00609364,-0.0060936,sell
2016-04-15,1.03,0.1,1.8,0,1.01,1.96,0,0.16, 0.0049764,-0.0037537, 0.00518644, 0.00301505, 0.0040215,buy
2016-04-16,1.05,0.09,2.99,0,0.35,1.53,0,0.21, 0.0057963, 0.0048587, 0.00724155, 0.00804121, 0.0069593,buy
2016-04-17,1.54,0.23,2.19,0,0.51,0.66,0,0.31, 0.0044108, 0.0047377, 0.00514567, 0.00589080, 0.0045801,buy
2016-04-18,1.55,0.5,0.54,0,0.76,0.28,0,0.6,-0.0030340,-0.0026104, 0.00007273,-0.00234040, 0.0007421,sell
2016-04-19,0.89,0.5,0,0,1.45,0,0,1.34,-0.0069139,-0.0045531,-0.00691388,-0.00644234,-0.0012530,sell
2016-04-20,0.32,0.49,0,0,2.69,0,0,1.17,-0.0039400,-0.0064458,-0.00565393,-0.00391412,-0.0068659,sell
2016-04-21,0.12,0.26,0,0,3.04,0,0,0.48,-0.0028195,-0.0031265,-0.00281788,-0.00312654,-0.0029558,sell
2016-04-22,0.03,0.1,0,0,2.38,0,0,0.25,-0.0045754,-0.0069685,-0.00286558,-0.00670583,-0.0044669,sell
2016-04-23,0,0.15,0,0,2.34,0,0,0.16,-0.0039047,-0.0062443,-0.00176962,-0.00644159,-0.0038053,sell
2016-04-24,0,0.39,0,0,1.95,0.19,0,0.11,-0.0024937,-0.0066407,-0.00364759,-0.00364759,-0.0039076,sell
2016-04-25,0,0.32,0,0,0.97,0.56,0,0.1, 0.0009764, 0.0031257, 0.00040693, 0.00086107,-0.0003352,buy
2016-04-26,0,0.17,0.53,0,0.55,1.66,0,0.09, 0.0024607, 0.0054141, 0.00199174, 0.00281601, 0.0059983,buy
2016-04-27,0,0.24,1.44,0,0.35,2,0,0.08, 0.0045000, 0.0088863, 0.00428977, 0.00061013, 0.0036480,buy
2016-04-28,0,0.58,1.57,0,0.22,0.78,0,0.07, 0.0072787, 0.0034683, 0.00492059, 0.00792319, 0.0033631,buy
2016-04-29,0.05,0.68,0.64,0,0.25,0.27,0,0.06, 0.0048772, 0.0012118, 0.00614523, 0.00548785, 0.0061123,buy
2016-04-30,0.12,0.65,0,0,0.3,0,0,0.05, 0.0132661, 0.0118345, 0.01325460, 0.01325460, 0.0058414,buy
2016-05-01,0.3,0.37,0,0,0.38,0,0,0.04,-0.0068239,-0.0029042,-0.00234054,-0.00286148,-0.0020029,sell
2016-05-02,0.72,0.22,0,0,0.53,0,0,0.04,-0.0065670,-0.0087023,-0.00724164,-0.00660141,-0.0080946,sell
2016-05-03,1.03,0.28,0.52,0,0.78,0,0,0,-0.0034826,-0.0034826,-0.00333840,-0.00378137,-0.0034043,sell
2016-05-04,0.66,0.35,1.99,0,1.21,0,0,0,-0.0049515,-0.0041609,-0.00737995,-0.00713737, 0.0017345,sell
2016-05-05,0.48,0.4,3.18,0,1.39,0,0,0,-0.0118570,-0.0105639,-0.00978372,-0.00978372,-0.0071925,sell
2016-05-06,0.74,0.35,1.7,0,0.98,0,0,0, 0.0010147, 0.0010147,-0.00030452,-0.00762626, 0.0019922,sell
2016-05-07,1.14,0.27,0.3,0,0.57,0,0,0,-0.0067296,-0.0067296,-0.00680642,-0.00555475,-0.0067296,sell
2016-05-08,0.91,0.21,0,0,0.33,0,0,0,-0.0024756,-0.0072071,-0.00723315,-0.00192674,-0.0072071,sell
2016-05-09,0.87,0.16,0,0,0.35,0,0,0,-0.0080541,-0.0072210,-0.00772004,-0.00703126,-0.0072210,sell
2016-05-10,1.48,0.12,0.5,0,0.48,0,0,0,-0.0013737,-0.0067759,-0.00481602,-0.00481602,-0.0048160,sell
2016-05-11,1.5,0.09,1.59,0,0.84,0.16,0,0,-0.0018971,-0.0066187,-0.00405950,-0.00328905,-0.0035527,sell
2016-05-12,1.47,0,1.54,0,1.39,0.2,0,0,-0.0059576,-0.0078064,-0.00799132,-0.00798306,-0.0080113,sell
2016-05-13,1.97,0,0.48,0,0.99,0.26,0,0,-0.0025267,-0.0010697, 0.00204392,-0.00298074, 0.0019416,buy
2016-05-14,1.73,0,0.3,0,0.44,0.34,0,0,-0.0006423,-0.0024185,-0.00228099,-0.00247357,-0.0022810,sell
2016-05-15,0.89,0,0.44,0,0.3,0.45,0,0,-0.0053206,-0.0044957,-0.00207461,-0.00200513,-0.0012525,sell
2016-05-16,0.55,0,0.6,0,0.32,0.59,0,0,-0.0026760,-0.0043935,-0.00389177,-0.00389177,-0.0021005,sell
2016-05-17,0.44,0,0.78,0,0.93,0.78,0,0, 0.0002058, 0.0025025, 0.00208438,-0.00122283, 0.0016986,buy
2016-05-18,0.42,0,0.95,0,1.38,1.04,0,0,-0.0002785,-0.0015777,-0.00137008,-0.00180910,-0.0020976,buy
2016-05-19,0.46,0,1.09,0.52,0.7,1.39,0,0, 0.0045155, 0.0026202, 0.00533987, 0.00464184, 0.0053095,buy
2016-05-20,0.51,0.07,1.18,1.32,0.25,1.86,0,0,-0.0038763,-0.0052113,-0.00643592,-0.00521134,-0.0024478,sell
2016-05-21,0.54,0.18,1.2,2.48,0,2,0,0, 0.0019901, 0.0012771, 0.00127424, 0.00127424, 0.0003259,buy
2016-05-22,0.57,0.39,1.19,2.77,0,1.57,0,0, 0.0024218, 0.0018531, 0.00185313, 0.00020510, 0.0014798,buy
2016-05-23,0.57,0.37,1.11,1.77,0,1.17,0,0, 0.0012916, 0.0012916, 0.00049001,-0.00188546, 0.0016624,buy
2016-05-24,0.57,0.26,0.98,1.58,0,0.87,0,0,-0.0010615,-0.0016358,-0.00099495,-0.00214096, 0.0021328,buy
2016-05-25,0.55,0.32,0.81,1.57,0,0.81,0,0, 0.0009187, 0.0023011, 0.00218791, 0.00122429, 0.0033493,buy
2016-05-26,0.53,0.4,0.62,0.46,0,0.86,0,0,-0.0061288,-0.0074719,-0.00661589,-0.00747192,-0.0057737,sell
2016-05-27,0.51,0.16,0.45,0,0,1.22,0,0,-0.0015395,-0.0056162,-0.00473998,-0.00419579,-0.0047793,sell
2016-05-28,0.55,0,0.3,0,0,2.45,0,0.04, 0.0006057,-0.0010400,-0.00079183,-0.00472062, 0.0006057,buy
2016-05-29,0.7,0,0,0,0,2.8,0,0.08,-0.0086592,-0.0082017,-0.00824437,-0.00663128,-0.0082968,sell
2016-05-30,1.02,0,0,0,0,2.88,0,0.26,-0.0041522,-0.0020037,-0.00067116,-0.00018059,-0.0032399,sell
2016-05-31,1.07,0,0,0,0,2.33,0,0.64,-0.0005886, 0.0025664, 0.00231190, 0.00117518, 0.0013177,buy
2016-06-01,0.64,0,0,0.48,0,0.88,0,1.59, 0.0017344,-0.0029221,-0.00190475,-0.00457379,-0.0043137,sell
2016-06-02,0.31,0,0,1.65,0,0.25,0,2.64, 0.0008154, 0.0003855, 0.00081538,-0.00173682, 0.0008154,buy
2016-06-03,0.15,0,0,3.05,0,0,0,2.97,-0.0006735,-0.0028803, 0.00171417,-0.00121745, 0.0017142,buy
2016-06-04,0.07,0,0,2.41,0.15,0,0,3.04, 0.0006712, 0.0006712, 0.00277141, 0.00120528, 0.0027714,buy
2016-06-05,0.03,0,0.93,0.85,0.33,0,0,2.23, 0.0023151, 0.0033444, 0.00256866, 0.00303199, 0.0065901,buy
2016-06-06,0,0,2.5,0,0.78,0,0,0.9, 0.0018228, 0.0017913, 0.00194284, 0.00570935, 0.0025885,buy
2016-06-07,0,0,3.17,0,1.39,0,0,0.32, 0.0049157, 0.0029855, 0.00393246, 0.00585604, 0.0048909,buy
2016-06-08,0,0,1.47,0.61,0.96,0,0,0.13,-0.0016253,-0.0016553, 0.00054711,-0.00162534,-0.0016553,sell
2016-06-09,0,0,0.35,1.6,0.36,0,0,0.03, 0.0029661, 0.0016654, 0.00429098, 0.00150347, 0.0042910,buy
2016-06-10,0,0,0.28,1.09,0.13,0,0,0, 0.0019683, 0.0049034, 0.00460441, 0.00254369, 0.0031674,buy
2016-06-11,0,0,0.36,0.29,0,0,0,0,-0.0024780,-0.0045106,-0.00635688,-0.00705869,-0.0060447,sell
2016-06-12,0,0.08,1.11,0,0,0,0,0, 0.0069006, 0.0073768, 0.00737684, 0.00672908, 0.0086460,buy
2016-06-13,0,0.28,2.58,0,0,0,0,0,-0.0005192,-0.0005192,-0.00051920,-0.00140123, 0.0001239,buy
2016-06-14,0,0.4,2.94,0,0,0,0,0,-0.0040649,-0.0040649,-0.00406487,-0.00406487,-0.0024806,sell
2016-06-15,0,0.15,2.74,0,0,0,0,0, 0.0042612, 0.0044224, 0.00443286, 0.00276243, 0.0056499,buy
2016-06-16,0,0,1.8,0,0,0.14,0,0, 0.0082250, 0.0085419, 0.00776625, 0.00763238, 0.0109384,buy
2016-06-17,0,0,1.29,0,0,0.57,0,0, 0.0022688, 0.0044950, 0.00601573, 0.00718254, 0.0099719,buy
2016-06-18,0,0,1.52,0,0,1.98,0,0.08,-0.0079963,-0.0084648,-0.00653652,-0.00450152, 0.0053609,sell
2016-06-19,0,0,1.6,0.55,0,1.57,0,0.37,-0.0051161,-0.0035072,-0.00441990,-0.00350722,-0.0027293,sell
2016-06-20,0,0,1.41,1.59,0,0.36,0,1.24,-0.0004604,-0.0011043,-0.00752696, 0.00063568, 0.0014702,sell
2016-06-21,0,0,1.22,0.87,0,0,0,1.04,-0.0035891, 0.0000831,-0.00336368,-0.00029776, 0.0062468,sell
2016-06-22,0,0,2.09,0,0,0,0,1.36,-0.0020543,-0.0023362, 0.00050397, 0.00153069,-0.0016213,sell
2016-06-23,0,0.2,2.52,0,0,0,0,1.13, 0.0046532, 0.0044974, 0.00558513, 0.00743706, 0.0027887,buy
2016-06-24,0.06,0.4,1.31,0,0,0,0,0.24,-0.0029992,-0.0029759,-0.00422070,-0.00422070,-0.0059284,sell
2016-06-25,0.17,0.24,1.68,0,0,0,0,0.05, 0.0041132, 0.0032745,-0.00128547, 0.00214971, 0.0002291,buy
2016-06-26,0.51,0.07,3.62,0,0,0,0,0, 0.0004117, 0.0029857, 0.00111241, 0.00260275, 0.0026028,buy
2016-06-27,0.99,0.11,3.11,0,0,0,0,0,-0.0027182, 0.0031095,-0.00271818, 0.00213878, 0.0021388,sell
2016-06-28,0.63,0.28,1.23,0,0,0,0,0,-0.0039635,-0.0021931,-0.00693118,-0.00283257,-0.0057817,sell
2016-06-29,0.26,0.39,0.62,0.42,0,0,0,0, 0.0007950,-0.0075235, 0.00108348,-0.00405020,-0.0016321,buy
2016-06-30,0.19,0.24,0.98,1.29,0,0,0,0, 0.0010741, 0.0051194, 0.00370248, 0.00370248, 0.0060499,buy
2016-07-01,0.28,0.1,1.52,1.56,0.14,0,0,0, 0.0016380, 0.0052594, 0.00254406, 0.00236688, 0.0041643,buy
2016-07-02,0.65,0.08,2.21,0.62,0.28,0,0,0,-0.0025471,-0.0017757,-0.00132591,-0.00297122,-0.0084940,sell
2016-07-03,1.1,0.39,1.71,0,0.57,0,0,0, 0.0023395, 0.0035625, 0.00602569,-0.00588090, 0.0020490,buy
2016-07-04,1.11,0.27,2.65,0,1.17,0,0,0.07,-0.0042428, 0.0003918,-0.00278407,-0.00346976,-0.0005736,sell
2016-07-05,1.64,0,2.61,0.28,1.4,0,0,0.2, 0.0034452,-0.0026708, 0.00446427,-0.00130557, 0.0020105,buy
2016-07-06,1.48,0,1.23,1.25,0.79,0,0,0.6,-0.0041245, 0.0006477,-0.00546912,-0.00393908,-0.0030557,sell
2016-07-07,0.96,0.16,1.45,3.16,0.39,0,0,1.18,-0.0069498,-0.0040065,-0.00564642,-0.00704667,-0.0054510,sell
2016-07-08,0.31,0.57,1.73,2.12,0.19,0,0,0.78,-0.0025078,-0.0038081,-0.00564881, 0.00146712,-0.0054990,sell
2016-07-09,0.26,0.7,2.09,0.63,0.26,0,0,0.36,-0.0058593,-0.0055810,-0.00474963,-0.00529850,-0.0050289,sell
2016-07-10,0.84,0.38,2.53,0,1.19,0,0,0.71,-0.0087467,-0.0028454,-0.00367554,-0.00367556,-0.0003700,sell
2016-07-11,1.03,0.63,2.75,0,1.36,0,0,1.16, 0.0028167, 0.0038682, 0.00275095, 0.00083678, 0.0024120,buy
2016-07-12,0.26,0.72,2.68,0,0.34,0.15,0,0.4,-0.0080091,-0.0074479,-0.00959874,-0.00794653,-0.0074479,sell
2016-07-13,0.16,0.16,2.59,0,0,0.38,0,0.18, 0.0036032, 0.0044045, 0.00442180, 0.00283301, 0.0042526,buy
2016-07-14,0.23,0,2.46,0,0.14,1.25,0,0.31, 0.0044258, 0.0042745, 0.00880832, 0.00863716, 0.0043807,buy
2016-07-15,0.45,0.1,2.11,0,0.23,3.34,0,0.72, 0.0024059, 0.0024059, 0.00259240, 0.00240589, 0.0024059,buy
2016-07-16,0.87,0.31,1.76,0,0.37,3.45,0,1.19, 0.0025270,-0.0008182, 0.00254635, 0.00484364, 0.0054329,buy
2016-07-17,1.14,0.56,1.48,0,0.6,1.13,0,0.83,-0.0023867,-0.0075670,-0.00081812,-0.00237303,-0.0031551,sell
2016-07-18,1.34,0.66,1.23,0,0.96,0.45,0,0.36,-0.0002087,-0.0035377, 0.00470887, 0.00095466, 0.0047131,buy
2016-07-19,1.77,0.5,2.43,0,1.39,0.83,0,0.15, 0.0028774, 0.0042180, 0.00421796, 0.00391703, 0.0050994,buy
2016-07-20,1.43,0.16,3.07,0,1.24,2.23,0,0.07,-0.0015973, 0.0009132, 0.00635212, 0.00664194,-0.0006121,buy
2016-07-21,0.74,0.07,3.25,0,0.76,1.83,0,0, 0.0051336, 0.0061205, 0.00956825, 0.00908391, 0.0037511,buy
2016-07-22,0.25,0,3.11,0,0.47,1.52,0,0, 0.0024052, 0.0000510,-0.00005302,-0.00019074,-0.0005411,buy
2016-07-23,0.06,0,1.65,0,0.56,2,0,0, 0.0000251, 0.0022974, 0.00368781, 0.00330332, 0.0027400,buy
2016-07-24,0.03,0,1.4,0,1.27,1.61,0,0, 0.0007917, 0.0010105,-0.00029346,-0.00248544, 0.0041633,buy
2016-07-25,0.13,0,1.6,0,1.47,0.98,0,0, 0.0035304, 0.0057584, 0.00757228, 0.00482718, 0.0065135,buy
2016-07-26,0.59,0,0.57,0,0.44,0.78,0,0.04,-0.0006916,-0.0026170,-0.00261696,-0.00261696,-0.0023895,sell
2016-07-27,0.99,0,0,0,0.35,1.15,0,0.14, 0.0064350, 0.0061953, 0.00619526, 0.00789094, 0.0078909,buy
2016-07-28,0.45,0,0,0,0.59,1.83,0,0.44,-0.0013287,-0.0011999,-0.00132873,-0.00130057,-0.0012305,sell
2016-07-29,0.27,0.07,0,0,1.4,2.3,0,1.19, 0.0046690,-0.0028730,-0.00101644, 0.00155481,-0.0000194,buy
2016-07-30,0.47,0.29,0,0,1.25,1.67,0,1.04,-0.0070317,-0.0048520,-0.00390360,-0.00390360,-0.0050700,sell
2016-07-31,1.3,0.39,0,0,0.49,1.24,0,0.35,-0.0010273, 0.0035302, 0.00307805, 0.00332500, 0.0024308,buy
2016-08-01,1.98,0.13,0.48,0,0.19,1.2,0,0.13,-0.0008888,-0.0044386,-0.00046783,-0.00088877,-0.0024155,sell
2016-08-02,1.19,0,1.15,0,0,1.42,0,0.11,-0.0019752,-0.0062974,-0.00177781,-0.00613057,-0.0022014,sell
2016-08-03,0.47,0,1.6,0,0,1.81,0,0.18,-0.0050760,-0.0032711,-0.00438164,-0.00466035,-0.0009686,sell
2016-08-04,0.18,0.2,0.9,0,0,2,0,0.43, 0.0037830, 0.0037557, 0.00366535, 0.00366535, 0.0037830,buy
2016-08-05,0.06,0.61,0.75,0,0,1.5,0,1.14,-0.0064304,-0.0054289,-0.00600169,-0.00542892,-0.0054476,sell
2016-08-06,0,0.78,0.92,0.67,0,1.02,0,2.34,-0.0030776, 0.0024156, 0.00054783,-0.00328344,-0.0032834,sell
2016-08-07,0.03,0.31,1.59,1.57,0,0.7,0,1.89, 0.0021208,-0.0027281,-0.00557839,-0.00376056,-0.0038958,buy
2016-08-08,0.11,0,1.12,1.1,0,0.48,0,0.8,-0.0008572, 0.0006608,-0.00063186, 0.00051535, 0.0051313,buy
2016-08-09,0.33,0,0.47,0.35,0,0.32,0,0.36, 0.0053959, 0.0057558, 0.00575582, 0.00559105, 0.0017278,buy
2016-08-10,0.98,0,0,0,0,0.39,0,0.21,-0.0060839,-0.0060672,-0.00597226,-0.00660964,-0.0066978,sell
2016-08-11,0.97,0.09,0,0,0,0.42,0,0.27,-0.0078588,-0.0078588,-0.00838837,-0.00862255,-0.0086661,sell
2016-08-12,0.36,0.27,0,0,0.1,0.47,0,0.62, 0.0088579, 0.0124292, 0.00885793, 0.00769948, 0.0028662,buy
2016-08-13,0.2,0.39,0,0.69,0.22,0.77,0,1.18, 0.0002236,-0.0005292,-0.00476952,-0.00054440, 0.0005942,buy
2016-08-14,0.26,0.19,0,1.59,0.33,1.28,0,0.78,-0.0017361,-0.0016721,-0.00180320,-0.00207491,-0.0033575,sell
2016-08-15,0.55,0,0,1.16,0.53,2,0,0.26,-0.0005806,-0.0008120, 0.00034600,-0.00025613,-0.0002559,buy
2016-08-16,1.26,0,0,0.38,0.91,1.83,0,0.09,-0.0001346, 0.0032766, 0.00143577, 0.00340872, 0.0025152,buy
2016-08-17,1.74,0,0.39,0,1.52,1.1,0,0, 0.0067439,-0.0027863, 0.00533001, 0.00566307, 0.0023102,buy
2016-08-18,1.36,0,0.86,0,1.37,0.66,0,0.04, 0.0003941,-0.0008101, 0.00033863,-0.00068390,-0.0018057,sell
2016-08-19,0.52,0.08,1.6,0,0.75,0.4,0,0.06, 0.0017481, 0.0033620, 0.00323439, 0.00329077, 0.0005643,buy
2016-08-20,0.18,0.2,1.37,0,0.42,0.24,0,0.09, 0.0001958, 0.0008454, 0.00028319, 0.00029711, 0.0072940,buy
2016-08-21,0.04,0.38,0.69,0,0.16,0.14,0,0.15,-0.0036773,-0.0032269,-0.00175398, 0.00147473, 0.0014747,buy
2016-08-22,0,0.74,0.36,0,0,0,0,0.23, 0.0001992, 0.0015114,-0.00070739,-0.00656914,-0.0027249,buy
2016-08-23,0,0.77,0.62,0,0,0,0,0.38,-0.0042425,-0.0013698,-0.00411664,-0.01009400,-0.0049586,sell
2016-08-24,0,0.45,1.33,0,0,0,0,0.62, 0.0008281, 0.0008433, 0.00084334, 0.00079728, 0.0006025,buy
2016-08-25,0,0.18,1.96,0,0,0,0,1.01, 0.0095841, 0.0072622, 0.00771733, 0.00839374, 0.0071909,buy
2016-08-26,0,0.11,1.24,0,0,0,0,1.2, 0.0024426, 0.0041832, 0.00465252, 0.00244259, 0.0046525,buy
2016-08-27,0,0,0.49,0,0,0,0,0.84, 0.0060025, 0.0065287, 0.00661477, 0.00635681, 0.0065287,buy
2016-08-28,0,0,0.57,0,0.11,0,0,0.55, 0.0019974, 0.0040253, 0.00078300, 0.00099204, 0.0042578,buy
2016-08-29,0,0,0.67,0,0.18,0,0,0.39, 0.0055822, 0.0051326, 0.00560713, 0.00467275, 0.0051326,buy
2016-08-30,0,0.15,0.78,0,0.3,0,0,0.37,-0.0045480,-0.0064674, 0.00269379,-0.00085478,-0.0034987,sell
2016-08-31,0,0.36,0.93,0.35,0.49,0,0,0.56, 0.0009782,-0.0033667, 0.00183671, 0.00070107, 0.0009482,buy
2016-09-01,0,0.4,1.1,0.83,0.83,0,0,1.1, 0.0042908, 0.0023153, 0.00388122, 0.00466866, 0.0032944,buy
2016-09-02,0,0.18,1.32,1.59,1.38,0,0,1.23, 0.0010396, 0.0060769, 0.00261386, 0.00149740, 0.0012752,buy
2016-09-03,0.06,0.07,1.57,1.22,1.4,0,0,0.63,-0.0003682, 0.0041106,-0.00010762, 0.00010685, 0.0001068,buy
2016-09-04,0.14,0,1.6,0.5,0.83,0,0,0.31,-0.0036699,-0.0036490,-0.00319367,-0.00410716,-0.0036490,sell
2016-09-05,0.33,0,1.34,0,0.49,0,0,0.19,-0.0065624,-0.0028671,-0.00665254,-0.00656238,-0.0037318,sell
2016-09-06,0.79,0,1.84,0,0.29,0,0,0.17, 0.0066939, 0.0073287, 0.00539875, 0.00444316,-0.0033365,buy
2016-09-07,0.99,0,2.86,0,0.17,0,0,0.17,-0.0007618,-0.0011555,-0.00101399, 0.00092916, 0.0009292,buy
2016-09-08,0.51,0,2.63,0,0.1,0,0,0.33,-0.0065026,-0.0050065,-0.00774514,-0.00499640,-0.0079019,sell
2016-09-09,0.21,0,2.54,0,0,0,0,0.6,-0.0063746,-0.0064498,-0.00727966,-0.00556667,-0.0074657,sell
2016-09-10,0.09,0,1.82,0,0,0,0,1.39, 0.0013091, 0.0011846, 0.00130753, 0.00284550, 0.0013075,buy
2016-09-11,0.09,0,0.96,0,0,0,0,2.29, 0.0030304,-0.0001920, 0.00309826, 0.00309826, 0.0021675,buy
2016-09-12,0.08,0,0.31,0,0,0,0,2.89, 0.0021768, 0.0021768, 0.00022107, 0.00537247, 0.0016286,buy
2016-09-13,0.14,0,0,0,0.39,0,0,2.78,-0.0016107,-0.0017671,-0.00344899, 0.00218409,-0.0011229,sell
2016-09-14,0.3,0,0.58,0,1.38,0,0,2.53,-0.0054984, 0.0000510, 0.00170891, 0.00047225,-0.0018613,sell
2016-09-15,0.54,0,1.44,0,0.77,0,0,2.06,-0.0021197,-0.0017484,-0.00211973, 0.00243745, 0.0018741,buy
2016-09-16,0.99,0,1.59,0.34,0.24,0,0,1.18,-0.0052939,-0.0017124,-0.00171236,-0.00133789,-0.0015621,sell
2016-09-17,1.31,0,0.7,1.04,0.17,0.18,0,0.7,-0.0078040,-0.0068812,-0.00538768,-0.00718494,-0.0067081,sell
2016-09-18,1.18,0.18,0.28,1.59,0.21,0.51,0,0.44, 0.0041737, 0.0041737, 0.00335418,-0.00056780, 0.0019657,buy
2016-09-19,1.14,0.4,0,0.76,0.26,1.45,0,0.29, 0.0014256,-0.0011341,-0.00049645,-0.00073167,-0.0002957,buy
2016-09-20,1.19,0.28,0,0,0.32,1.96,0,0.2,-0.0040853, 0.0017783, 0.00037836, 0.00251024,-0.0012906,sell
2016-09-21,1.11,0.09,0,0,0.4,1.32,0,0.17, 0.0057667, 0.0037013, 0.00385331, 0.00665798, 0.0067955,buy
2016-09-22,1.01,0,0,0,0.5,1.42,0,0.13, 0.0075905, 0.0062934, 0.00493276, 0.00895816, 0.0087463,buy
2016-09-23,1.03,0,0,0,0.75,1.98,0,0.11,-0.0004823, 0.0027270, 0.00126640, 0.00354704, 0.0020109,buy
2016-09-24,0.87,0,0,0,1.07,1.41,0,0.09,-0.0032780, 0.0007840, 0.00078395, 0.00025194, 0.0018149,sell
2016-09-25,0.63,0,0,0,1.7,0.67,0,0.04, 0.0079955, 0.0102770, 0.00948338, 0.00726041, 0.0123037,buy
2016-09-26,0.39,0,0,0,2.55,0.36,0,0,-0.0029531,-0.0032472,-0.00379348,-0.00324718,-0.0023980,sell
2016-09-27,0.21,0,0,0,2.42,0.22,0,0.05,-0.0002982,-0.0002951,-0.00029506,-0.00029506, 0.0002108,buy
2016-09-28,0.15,0,0,0,1.77,0.16,0,0.07, 0.0019749,-0.0001509, 0.00316951, 0.00603315,-0.0030863,buy
2016-09-29,0.18,0,0,0,1.26,0,0,0.11, 0.0000161, 0.0029458, 0.00456310, 0.00006928, 0.0020498,buy
2016-09-30,0.43,0,0.35,0,1.01,0,0,0.16,-0.0029279, 0.0025509,-0.00043308,-0.00145797,-0.0020169,sell
2016-10-01,0.99,0,1.46,0,1.07,0,0,0.24, 0.0047833, 0.0044166, 0.00633801, 0.00556065, 0.0064591,buy
2016-10-02,0.73,0,3.16,0,1.58,0,0,0.36, 0.0059257, 0.0025447, 0.00047077, 0.00252253, 0.0049564,buy
2016-10-03,0.24,0,2.33,0,1.87,0.15,0,0.58, 0.0050256, 0.0066491, 0.00664261, 0.00437513, 0.0062058,buy
2016-10-04,0.08,0,0.79,0,1.06,0.2,0,0.92,-0.0078270,-0.0078270,-0.00908843,-0.00924746,-0.0090884,sell
2016-10-05,0,0,0,0,0.56,0.27,0,1.44, 0.0007299, 0.0046435,-0.00081040,-0.00076191, 0.0079994,buy
2016-10-06,0,0,0,0,0.26,0.38,0,1.73,-0.0087765,-0.0064895,-0.00652528,-0.00439489,-0.0066371,sell
2016-10-07,0,0,0,0,0.21,0.56,0,1.94,-0.0081332,-0.0080915,-0.00858407,-0.00361774,-0.0069537,sell
2016-10-08,0,0,0,0,0.17,1.01,0,1.53,-0.0086440,-0.0031122,-0.00413826,-0.00357708,-0.0004631,sell
2016-10-09,0,0,0,0,0.14,1.74,0,0.76,-0.0034298,-0.0019312,-0.00166788, 0.00131673,-0.0012790,sell
2016-10-10,0,0,0.39,0,0.11,3.1,0,0.48, 0.0024459,-0.0063548,-0.00192971,-0.00295895, 0.0008622,buy
2016-10-11,0,0,1.51,0,0.13,4.17,0,0.41, 0.0026010, 0.0038606, 0.00315303, 0.00251029, 0.0031530,buy
2016-10-12,0,0,3.09,0,0.23,3.03,0,0.6, 0.0015713,-0.0031294, 0.00179836,-0.00128305,-0.0012115,buy
2016-10-13,0.04,0,2.27,0.41,0.38,1.92,0,1.3, 0.0002976,-0.0049805,-0.00215893,-0.00242129,-0.0017329,buy
2016-10-14,0.09,0,0.33,1.02,0.66,1.6,0,1.32,-0.0004940,-0.0009463,-0.00005641,-0.00558061,-0.0054609,sell
2016-10-15,0.2,0.1,0,1.59,1.14,1.83,0,1.38,-0.0011844,-0.0047517,-0.00498404,-0.00648697,-0.0060876,sell
2016-10-16,0.47,0.24,0,0.95,1.39,2.65,0,1.34, 0.0022739, 0.0082781, 0.00824020, 0.00751070, 0.0075152,buy
2016-10-17,0.99,0.4,0,0.38,0.98,3.16,0,0.37,-0.0021152,-0.0015492,-0.00079522, 0.00007137, 0.0010581,sell
2016-10-18,0.87,0.26,0,0,0.57,3.44,0,0.11, 0.0016262, 0.0034559,-0.00452477, 0.00226251,-0.0006192,sell
2016-10-19,0.37,0.1,0,0.9,0.33,2.37,0,0.08, 0.0023905, 0.0005893,-0.00526919, 0.00153923, 0.0013133,buy
2016-10-20,0.16,0.15,0,1.59,0.19,2.32,0,0.16,-0.0032913,-0.0070890,-0.00279746,-0.00234219,-0.0035545,sell
2016-10-21,0.07,0.39,0,0.56,0.11,2.27,0,0.32,-0.0040099,-0.0040099,-0.00201358,-0.00623199,-0.0015833,sell
2016-10-22,0,0.31,0,0,0,1.78,0,0.71, 0.0003566, 0.0011223,-0.00056731,-0.00018201, 0.0003566,buy
2016-10-23,0,0.3,0,0,0,2.35,0,1.49, 0.0081182, 0.0078904, 0.00789043,-0.00009548, 0.0014205,buy
2016-10-24,0,0.4,0,0,0,2.18,0,2.04, 0.0002917, 0.0006552, 0.00017514,-0.00089614,-0.0004329,buy
2016-10-25,0,0.17,0,0,0,0.5,0,2.93, 0.0027764, 0.0018785,-0.00236629, 0.00278055, 0.0021038,buy
2016-10-26,0,0,0,0,0,0,0,2.5, 0.0033695,-0.0002621,-0.00367503, 0.00343550,-0.0017171,buy
2016-10-27,0,0,0,0,0,0,0,1.32, 0.0030531,-0.0047815, 0.00141234,-0.00128631, 0.0024094,buy
2016-10-28,0.15,0,0,0,0.18,0.2,0,1.32, 0.0057215,-0.0042606, 0.00486357,-0.00077159, 0.0045631,buy
2016-10-29,0.54,0,0,0,0.69,0.38,0,1.27, 0.0106605, 0.0008648, 0.01054457, 0.01246834, 0.0118455,buy
2016-10-30,1.28,0,0,0,1.99,0.74,0,0.68,-0.0047130,-0.0011826, 0.00428843,-0.00081555,-0.0010139,buy
2016-10-31,1.22,0.15,0,0,2.95,1.44,0,0.35, 0.0071915, 0.0022297, 0.01042384, 0.00719146, 0.0037974,buy
2016-11-01,1.11,0.38,0,0,2.18,1.98,0,0.18, 0.0041035, 0.0041711, 0.00328359, 0.00147456, 0.0009156,buy
2016-11-02,0.66,0.39,0,0,2.56,1.41,0,0.09, 0.0026655, 0.0019736, 0.00266547,-0.00176963,-0.0015383,buy
2016-11-03,0.46,0.17,0,0,2.54,0.74,0,0.05,-0.0040561,-0.0084965, 0.00065846,-0.00275703,-0.0027570,sell
2016-11-04,0.8,0,0,0,1.71,0.53,0,0, 0.0024482, 0.0062313, 0.00440992, 0.00390782, 0.0013849,buy
2016-11-05,1.02,0,0,0,1.28,0.46,0,0, 0.0021885, 0.0013013, 0.00285584,-0.00111027, 0.0022181,buy
2016-11-06,0.44,0,1.11,0,1.78,0.45,0,0, 0.0004935, 0.0018141,-0.00304684, 0.00172620,-0.0016498,buy
2016-11-07,0.15,0,1.59,0,1.74,0.78,0,0,-0.0006965, 0.0021911, 0.00224168, 0.00149762, 0.0010023,buy
2016-11-08,0.05,0,0.52,0,0.93,1.35,0,0, 0.0049262, 0.0056653, 0.00696365,-0.00034924, 0.0045571,buy
2016-11-09,0,0,0,0,0.68,2.31,0,0,-0.0161883,-0.0073003,-0.01377433,-0.01618826,-0.0159862,sell
2016-11-10,0,0,0,0,0.79,2.85,0,0,-0.0113915,-0.0077125,-0.00995769,-0.01663657,-0.0113477,sell
2016-11-11,0,0,0.44,0,0.92,3.47,0,0,-0.0019319,-0.0003812,-0.00155139,-0.00233790,-0.0003617,sell
2016-11-12,0.03,0,1.11,0.33,1.28,3.6,0,0,-0.0001650, 0.0033572, 0.00344672, 0.00145768, 0.0033572,buy
2016-11-13,0.1,0,1.59,0.57,1.77,2.43,0,0,-0.0004512,-0.0024765, 0.00343063, 0.00199061, 0.0018427,buy
2016-11-14,0.37,0,1.33,1,2.01,0.65,0,0, 0.0058075, 0.0071357, 0.00682227, 0.00713571, 0.0068223,buy
2016-11-15,0.99,0.14,1.51,1.6,1.97,0,0,0, 0.0023688, 0.0008739, 0.00269683, 0.00182231, 0.0007821,buy
2016-11-16,0.74,0.39,1.6,1.44,2.17,0,0,0.12, 0.0013284, 0.0003890,-0.00085216,-0.00115315, 0.0038635,buy
2016-11-17,0.21,0.27,0.81,0.81,2.08,0,0,0.46,-0.0023437,-0.0033494,-0.00433117,-0.00808421,-0.0011248,sell
2016-11-18,0.06,0.07,0.3,0.46,1.58,0.19,0,1.2,-0.0030440,-0.0047065,-0.00630271,-0.00094852,-0.0042010,sell
2016-11-19,0,0,0,0,1.38,0.59,0,0.77, 0.0022426, 0.0059539, 0.00227505, 0.00207022, 0.0060888,buy
2016-11-20,0,0,0,0,1.59,1.3,0,0.2,-0.0067192,-0.0038750, 0.00016944,-0.00465521,-0.0067192,sell
2016-11-21,0,0,0,0,2.22,2.86,0,0.1,-0.0009295,-0.0019853, 0.00356551,-0.00113173,-0.0017438,buy
2016-11-22,0,0,0,0,2.87,3.96,0,0.12,-0.0063307,-0.0063023,-0.00573820,-0.00594086,-0.0054693,sell
2016-11-23,0.08,0,0,0,2.34,2.49,0,0.28,-0.0017561,-0.0007141, 0.00011239,-0.00071406,-0.0002081,sell
2016-11-24,0.23,0.07,0,0,0.96,1.25,0,0.69, 0.0073703, 0.0051243, 0.00693891, 0.00819854, 0.0073474,buy
2016-11-25,0.75,0.33,0,0,0.94,0.66,0,1.19,-0.0063866,-0.0022701,-0.00493948,-0.00459209,-0.0011334,sell
2016-11-26,1.68,0.59,0,0,1.51,0.2,0,0.87,-0.0030138,-0.0038532,-0.00426395,-0.00090101,-0.0038532,sell
2016-11-27,1.66,0.56,0,0,1.31,0.23,0,0.57,-0.0075823,-0.0037698,-0.00674454,-0.00514736,-0.0038656,sell
2016-11-28,0.97,0.33,0,0,0.87,0.26,0,0.79, 0.0049872, 0.0020949,-0.00182455, 0.00346379, 0.0049872,buy
2016-11-29,0.62,0.13,0,0,1.02,0.3,0,1.69, 0.0003802, 0.0046941, 0.00533804, 0.00275615, 0.0024042,buy
2016-11-30,0.65,0,0,0,1.39,0.67,0,2.13,-0.0008453,-0.0001526, 0.00482336,-0.00115458, 0.0005209,buy
2016-12-01,0.95,0,0,0,1.17,1.32,0,1.54, 0.0031384, 0.0024245, 0.00298287,-0.00277208,-0.0020128,buy
2016-12-02,1,0,0,0,0.62,2.65,0,0.63, 0.0013515, 0.0016480, 0.00164798,-0.00071623,-0.0001669,buy
2016-12-03,0.65,0,0,0,0.32,2.38,0,0.25,-0.0071139,-0.0024436,-0.00463964,-0.00205177,-0.0020555,sell
2016-12-04,0.38,0,0,0,0.28,1.75,0,0.09, 0.0031907, 0.0045470, 0.00363818, 0.00455832, 0.0054028,buy
2016-12-05,0.23,0,0.41,0,0.27,1.9,0,0.03, 0.0089196, 0.0040616, 0.00891961, 0.00341126, 0.0118547,buy
2016-12-06,0.13,0,1.29,0,0.66,2.38,0,0, 0.0019540, 0.0065640, 0.00238853, 0.00767378, 0.0020848,buy
2016-12-07,0.08,0,1.57,0,1.39,2.88,0,0, 0.0030375, 0.0036633, 0.00562455, 0.00509257, 0.0037356,buy
2016-12-08,0.1,0,0.61,0,1.2,2.93,0,0, 0.0042545, 0.0012382, 0.00786679, 0.00260510, 0.0008157,buy
2016-12-09,0.12,0,0,0,0.5,3.02,0,0,-0.0070028,-0.0068061, 0.00012232,-0.00738070,-0.0068332,sell
2016-12-10,0.29,0.16,0,0.41,0.21,4.01,0,0,-0.0076059,-0.0031135,-0.00127233,-0.00156289,-0.0014262,sell
2016-12-11,0.74,0.39,0,1.24,0,4.05,0,0,-0.0034377,-0.0036288,-0.01031903,-0.00121339,-0.0029664,sell
2016-12-12,0.99,0.37,0,1.59,0,2.97,0,0, 0.0028454, 0.0021889,-0.00038298, 0.00576997, 0.0018434,buy
2016-12-13,0.52,0.14,0,0.67,0.22,2.61,0,0,-0.0010852,-0.0041361,-0.00268548,-0.00350913,-0.0098742,sell
2016-12-14,0.21,0,0,0,0.59,2.38,0,0,-0.0136211,-0.0097354,-0.00863922,-0.01362108,-0.0134860,sell
2016-12-15,0.08,0,0,0,1.38,2.32,0,0,-0.0017345, 0.0020820, 0.00276917, 0.00065884,-0.0026586,sell
2016-12-16,0.03,0,0,0,1.15,2.24,0,0, 0.0003763, 0.0011313, 0.00134817, 0.00019748, 0.0000465,buy
2016-12-17,0,0,0,0,0.42,2.52,0,0,-0.0055990,-0.0082405,-0.00294063,-0.00559903,-0.0050470,sell
2016-12-18,0,0,0,0,0.38,3.1,0,0,-0.0053846,-0.0049924,-0.00588095,-0.00531094,-0.0049553,sell
2016-12-19,0,0,0,0,0.75,3.92,0,0, 0.0019547, 0.0028027,-0.00031636, 0.00365204, 0.0037043,buy
2016-12-20,0,0,0,0,1.84,3.97,0,0,-0.0049994,-0.0008133,-0.00021766,-0.00034975,-0.0011080,sell
2016-12-21,0.04,0,0,0,2.13,3.64,0,0,-0.0028433,-0.0015393, 0.00029816, 0.00173748,-0.0008983,sell
2016-12-22,0.1,0,0.49,0,1.63,2.73,0,0, 0.0031443, 0.0005582, 0.00424695,-0.00215418,-0.0024210,buy
2016-12-23,0.24,0.08,1.63,0,0.62,1.89,0,0,-0.0013153, 0.0025308,-0.00055878, 0.00304253,-0.0013029,sell
2016-12-24,0.59,0.14,3.03,0,0.23,1.75,0,0, 0.0054451, 0.0073886, 0.00417449, 0.00793196, 0.0072053,buy
2016-12-25,0.99,0.26,2.55,0,0,2.08,0,0,-0.0070910,-0.0071638,-0.00543341,-0.00588479,-0.0070910,sell
2016-12-26,0.68,0.4,1,0,0,2.78,0,0,-0.0020854,-0.0025318,-0.00208542,-0.00193085, 0.0027111,buy
2016-12-27,0.28,0.35,0,0,0,3.54,0,0,-0.0023809,-0.0036403,-0.00364374,-0.00326320,-0.0034612,sell
2016-12-28,0.12,0.2,0,0,0,3.38,0,0, 0.0036254,-0.0005880,-0.00025037, 0.00276960,-0.0024716,buy
2016-12-29,0.05,0.11,0,0,0,1.28,0,0, 0.0021228, 0.0098377, 0.00188739, 0.00235212, 0.0020646,buy
2016-12-30,0,0,0,0,0,0.71,0,0,-0.0025080,-0.0008958,-0.00635333,-0.00511130,-0.0025535,sell
2016-12-31,0,0,0.65,0,0,0.46,0,0, 0.0066976, 0.0063882, 0.00542552, 0.00856671, 0.0065997,buy
2017-01-01,0,0,1.45,0,0,0.43,0,0, 0.0026508, 0.0033088, 0.00285786,-0.00029318, 0.0028579,buy
2017-01-02,0,0,1.6,0,0,0.64,0,0, 0.0056675, 0.0064480, 0.00644797, 0.00417508, 0.0064480,buy
2017-01-03,0,0,1.55,0,0,0.97,0,0, 0.0028546, 0.0028546, 0.00658965, 0.00748273, 0.0094885,buy
2017-01-04,0,0,2.12,0,0,1.85,0,0,-0.0045835,-0.0046863,-0.00215363,-0.00411351, 0.0021519,buy
2017-01-05,0,0,1.51,0,0,2.5,0,0, 0.0042347, 0.0014335, 0.00484790, 0.00439335, 0.0025207,buy
2017-01-06,0,0.07,0.66,0,0,1.79,0,0.04, 0.0037529, 0.0058090, 0.00064253, 0.00269866, 0.0025740,buy
2017-01-07,0,0.25,0.31,0,0,1.83,0,0.13, 0.0029013, 0.0009580, 0.00066994, 0.00287280,-0.0000741,buy
2017-01-08,0,0.57,0.39,0,0,2.45,0,0.33, 0.0036693, 0.0058570, 0.00541777, 0.00542249, 0.0035155,buy
2017-01-09,0,0.75,0.56,0,0.15,1.71,0,0.81,-0.0055850,-0.0007331,-0.00081217,-0.00152098,-0.0012268,sell
2017-01-10,0,0.53,0.9,0,0.34,0.86,0,1.61,-0.0055085,-0.0049663,-0.00550846,-0.00364956,-0.0047182,sell
2017-01-11,0,0.16,1.59,0,0.88,0.53,0,1.88, 0.0047586, 0.0021550, 0.00475863, 0.00475863,-0.0021904,buy
2017-01-12,0,0.07,1.56,0,1.59,0.61,0,1.56,-0.0027999,-0.0000690,-0.00326312,-0.00401415,-0.0045727,sell
2017-01-13,0,0,0.79,0,1.51,1.04,0,0.81,-0.0015683,-0.0013537,-0.00094926,-0.00213470,-0.0013537,sell
2017-01-14,0,0.08,0.36,0,1.28,2.1,0,0.41, 0.0030945, 0.0010720, 0.00750150, 0.00299583, 0.0018281,buy
2017-01-15,0,0.24,0.37,0,1.59,2.29,0,0.28, 0.0023149, 0.0047634, 0.00431787,-0.00271239, 0.0047251,buy
2017-01-16,0,0.39,0.69,0.47,1.24,1.2,0,0.35,-0.0045798,-0.0038060,-0.00562228,-0.00281208,-0.0099955,sell
2017-01-17,0,0.2,1.27,1.48,0.64,0.69,0,0.52, 0.0008846, 0.0009911, 0.00337358, 0.00111402, 0.0022175,buy
2017-01-18,0,0,1.6,1.57,0.33,0.49,0,0.93,-0.0006530,-0.0006530,-0.00361717, 0.00023733, 0.0007527,sell
2017-01-19,0.03,0,1.06,0.52,0.17,0.35,0,1.2,-0.0010533, 0.0033029,-0.00105329,-0.00440884, 0.0050215,sell
2017-01-20,0.08,0,0.57,0,0.11,0.37,0,0.85, 0.0077797, 0.0082763, 0.00757290, 0.00512471, 0.0035474,buy
2017-01-21,0.21,0,0.3,0,0.26,0.39,0,0.47,-0.0069084,-0.0037544,-0.00766223,-0.00468205,-0.0091347,sell
2017-01-22,0.52,0,0,0,0.59,0.42,0,0.31,-0.0029437,-0.0023173,-0.00036874, 0.00042202,-0.0003687,buy
2017-01-23,0.99,0,0,0,1.34,0.46,0,0.23, 0.0071306, 0.0067037, 0.00723303, 0.00585889, 0.0054131,buy
2017-01-24,0.76,0,0.55,0,1.39,0.5,0,0.25, 0.0031721, 0.0031721, 0.00317211, 0.00239800, 0.0019191,buy
2017-01-25,0.36,0,1.19,0,0.64,0.71,0,0.39,-0.0043157,-0.0040746,-0.00396905,-0.00465777,-0.0042231,sell
2017-01-26,0.26,0,1.6,0,0.29,0.97,0,0.69,-0.0031949,-0.0017517,-0.00204907,-0.00243961,-0.0016019,sell
2017-01-27,0.43,0,0.95,0,0.31,1.5,0,1.2,-0.0014494,-0.0005551,-0.00143372, 0.00279625,-0.0004791,buy
2017-01-28,0.98,0,0.45,0,0.44,2.61,0,1, 0.0009601, 0.0007657, 0.00423794, 0.00076573, 0.0069224,buy
2017-01-29,0.94,0,0,0,1.04,2.86,0,0.59, 0.0049550, 0.0072182, 0.00468324, 0.00423227, 0.0066223,buy
2017-01-30,0.35,0,0,0,1.4,1.97,0,0.59,-0.0000232, 0.0025255, 0.00312124, 0.00269924, 0.0021358,buy
2017-01-31,0.13,0,0,0,0.75,1.65,0,1.23, 0.0036524, 0.0039015, 0.00417266, 0.00534704, 0.0039015,buy
2017-02-01,0.05,0,0,0,0.47,1.64,0,1.76,-0.0031640, 0.0047255, 0.00471542, 0.00398664, 0.0047154,buy
2017-02-02,0,0,0,1.03,0.61,2.07,0,1.64,-0.0033734,-0.0033369,-0.00065462,-0.00699015,-0.0063166,sell
2017-02-03,0,0,0,1.6,1.51,3,0,0.89, 0.0013985, 0.0034480, 0.00294604, 0.00213136, 0.0029252,buy
2017-02-04,0,0,0,0.53,1.49,3.83,0,0.26, 0.0033691, 0.0071436, 0.00576689, 0.00679617, 0.0071436,buy
2017-02-05,0,0,0,0,1.05,2.55,0,0.06,-0.0115086,-0.0035835,-0.01149093,-0.01200315,-0.0093015,sell
2017-02-06,0,0,0,0,1.49,1.49,0,0, 0.0013898, 0.0010994, 0.00352406, 0.00138983, 0.0013898,buy
2017-02-07,0.03,0,0,0,1.25,0.93,0,0,-0.0000937, 0.0011002, 0.00393848, 0.00178382, 0.0018513,buy
2017-02-08,0.09,0,0,0,0.68,0.72,0,0, 0.0061908, 0.0043887, 0.00493190, 0.00386535, 0.0024939,buy
2017-02-09,0.21,0,0.55,0,0.57,0.55,0,0,-0.0014072,-0.0079110,-0.00789505,-0.00968182,-0.0082193,sell
2017-02-10,0.53,0,1.59,0,0.69,0.57,0,0,-0.0063755, 0.0041227, 0.00006642,-0.00058215,-0.0012987,sell
2017-02-11,0.98,0,1.53,0,1.29,0.51,0,0, 0.0005185, 0.0003567, 0.00694550, 0.00250196, 0.0040726,buy
2017-02-12,0.72,0,0.53,0,1.53,0.78,0,0, 0.0067591, 0.0069656, 0.00675914, 0.00259351, 0.0011642,buy
2017-02-13,0.29,0,0,0,1.31,1.57,0,0, 0.0009834,-0.0014231, 0.00174713, 0.00154610, 0.0004901,buy
2017-02-14,0.11,0,0,0,1.81,2.44,0,0,-0.0012194,-0.0010692, 0.00203091,-0.00116383,-0.0034079,sell
2017-02-15,0.05,0,0,0,1.21,1.46,0,0, 0.0029666,-0.0021367, 0.00523489, 0.00296665, 0.0029666,buy
2017-02-16,0,0,0,0,0.51,0.94,0,0.04, 0.0011350,-0.0014477, 0.00080933, 0.00080933,-0.0014477,buy
2017-02-17,0,0,0,0,0.48,0.9,0,0.07,-0.0003952,-0.0006586,-0.00024221,-0.00024221,-0.0006227,sell
2017-02-18,0,0,0,0,1.32,1.15,0,0.14,-0.0027836,-0.0035285, 0.00602989,-0.00082857,-0.0020535,buy
2017-02-19,0.06,0,0.5,0,1.93,1.78,0,0.26, 0.0006628, 0.0012977, 0.00037183, 0.00042406, 0.0005399,buy
2017-02-20,0.29,0,1.57,0,1.24,2.65,0,0.55, 0.0061800, 0.0076550, 0.00749305, 0.00348168, 0.0072157,buy
2017-02-21,0.97,0,0.98,0,1.17,3.85,0,1.06, 0.0050832, 0.0067076, 0.00339138, 0.00502325, 0.0082723,buy
2017-02-22,0.69,0.14,0,0,1.4,4.35,0,1.47,-0.0091982,-0.0091982,-0.01009129,-0.00706505,-0.0054135,sell
2017-02-23,0.15,0.36,0,0,1.38,4.33,0,1.37,-0.0033318,-0.0033318,-0.00161309,-0.00312490,-0.0033439,sell
2017-02-24,0.03,0.55,0,0,1.06,4.76,0,1.59,-0.0009500,-0.0013338,-0.00172774,-0.00337306,-0.0023707,sell
2017-02-25,0,0.56,0,0.5,0.83,3.57,0,1.42,-0.0033427,-0.0044870,-0.00457065,-0.00355838,-0.0044870,sell
2017-02-26,0,0.39,0,1.02,0.69,2.31,0,0.71,-0.0061256,-0.0070999,-0.00524852,-0.00063039,-0.0057885,sell
2017-02-27,0.03,0.23,0,1.59,0.58,2.63,0,0.36,-0.0018341,-0.0090091,-0.00123679,-0.00072932,-0.0010780,sell
2017-02-28,0.05,0.47,0,1.21,0.68,2.97,0,0.17,-0.0088958,-0.0092264,-0.00780854,-0.00616133,-0.0074406,sell
2017-03-01,0.1,0.71,0,0.59,0.83,3.27,0,0.07, 0.0027868, 0.0007688,-0.00210202,-0.00084958, 0.0004654,buy
2017-03-02,0.17,0.39,0,0.29,1.28,3.35,0,0.04, 0.0046981, 0.0048639, 0.00162108, 0.00202680, 0.0057382,buy
2017-03-03,0.32,0.07,0,0,1.99,3.23,0,0, 0.0073116, 0.0094634, 0.00680771, 0.00814645, 0.0094634,buy
2017-03-04,0.58,0,0,0,2.32,2.97,0,0, 0.0051339, 0.0051032, 0.00489795, 0.00419840, 0.0048979,buy
2017-03-05,0.99,0,0,0,2.22,2.53,0,0, 0.0030445, 0.0037041,-0.00017177, 0.00304450, 0.0025808,buy
2017-03-06,1,0,0,0,1.01,1.83,0,0,-0.0012925,-0.0057567,-0.00575672,-0.00161355,-0.0044073,sell
2017-03-07,0.83,0,0,0,0.6,0.88,0,0,-0.0048771,-0.0034937,-0.00309909,-0.00121602,-0.0021585,sell
2017-03-08,1.5,0,0.48,0,0.93,0.48,0,0,-0.0006727,-0.0071355,-0.00163267,-0.00209630,-0.0018921,buy
2017-03-09,1.52,0,1.59,0,2.13,0.26,0,0,-0.0064170,-0.0087735,-0.00766257,-0.00977975,-0.0084665,sell
2017-03-10,1.2,0,1.49,0,2.79,0.14,0,0.08,-0.0062971,-0.0097146,-0.00211920,-0.00719784,-0.0045946,sell
2017-03-11,0.72,0,1.6,0,2.22,0,0,0.47, 0.0018692,-0.0003749, 0.00717568, 0.00508469, 0.0007950,buy
2017-03-12,0.29,0,1.36,0,2.5,0,0,1.19, 0.0062064, 0.0067667, 0.00620645, 0.00094843, 0.0073340,buy
2017-03-13,0.12,0,0.51,0,2.41,0,0,0.55,-0.0015837,-0.0000378,-0.00069714,-0.00136678,-0.0000378,sell
2017-03-14,0.05,0,0,0,1.65,0,0,0.19, 0.0010896, 0.0004682, 0.00254167, 0.00108961,-0.0005834,buy
2017-03-15,0,0,0,0,1.89,0,0,0.23, 0.0045886, 0.0030615, 0.00417541, 0.00441934, 0.0011629,buy
2017-03-16,0,0,0,0,1.77,0,0,0.53,-0.0051383,-0.0055038,-0.00111945,-0.00500024,-0.0056310,sell
2017-03-17,0,0,0,0,0.69,0,0,1.2, 0.0026036, 0.0043886, 0.00438859, 0.00409279, 0.0043886,buy
2017-03-18,0,0,0,0,0.59,0,0,1.11, 0.0091460,-0.0008550, 0.00455871, 0.00371914, 0.0103781,buy
2017-03-19,0,0,0,0,1.37,0,0,0.47,-0.0014310, 0.0003939,-0.00167218,-0.00015209,-0.0009205,sell
2017-03-20,0,0,0,0,2.77,0,0,0.2,-0.0017115,-0.0015730,-0.00169546,-0.00235694,-0.0017115,sell
2017-03-21,0,0,0,0,1.58,0,0,0.13, 0.0032860, 0.0021788, 0.00649455, 0.00328600,-0.0009689,buy
2017-03-22,0,0,0,0,0.36,0,0,0.32, 0.0068831, 0.0087813, 0.00689785, 0.01425077, 0.0063376,buy
2017-03-23,0,0,0,0.64,0.11,0,0,1.28,-0.0035479,-0.0018183,-0.00185509, 0.00076253,-0.0015948,sell
2017-03-24,0,0.07,0,1.57,0,0,0,1.97, 0.0041260, 0.0034014, 0.00438795, 0.00155533, 0.0043880,buy
2017-03-25,0,0.13,0,0.76,0,0,0,1.47, 0.0050685, 0.0016406, 0.00413480, 0.00097740, 0.0041348,buy
2017-03-26,0.03,0.24,0,0,0,0,0,0.53, 0.0030792, 0.0081627, 0.00994914, 0.01074420, 0.0089468,buy
2017-03-27,0.12,0.4,0,0,0,0.26,0,0.13,-0.0111964,-0.0102215,-0.00769885,-0.01083442,-0.0110108,sell
2017-03-28,0.4,0.35,0,0,0,0.83,0,0.04,-0.0071213,-0.0040205,-0.00374155,-0.00487733,-0.0015626,sell
2017-03-29,0.98,0.19,0,0,0,2.15,0,0,-0.0008540,-0.0013048,-0.00164625, 0.00291174,-0.0007458,sell
2017-03-30,0.77,0.1,0,0,0.33,2,0,0.04, 0.0020229, 0.0011003, 0.00031132, 0.00402202, 0.0052626,buy
2017-03-31,0.31,0,0,0,1.09,1.98,0,0.06,-0.0006038,-0.0032931,-0.00170567,-0.00213929,-0.0024793,buy
2017-04-01,0.18,0,0,0,2.34,2.18,0,0.1, 0.0029051, 0.0027559, 0.00521592, 0.00155345, 0.0036834,buy
2017-04-02,0.19,0,0.32,0,2.12,0.89,0,0.16,-0.0005272,-0.0050781,-0.00072416,-0.00025024,-0.0028232,buy
2017-04-03,0.25,0,0.67,0,1.07,0.3,0,0.25, 0.0021207, 0.0029435, 0.00227945, 0.00150833,-0.0000896,buy
2017-04-04,0.47,0,1.42,0,0.37,0,0,0.39,-0.0039230,-0.0033701,-0.00691394,-0.00506037,-0.0064192,sell
2017-04-05,0.87,0,1.6,0,0.27,0,0,0.6, 0.0049791, 0.0035186, 0.00193577, 0.00274173, 0.0012210,buy
2017-04-06,1,0,0.83,0.63,0.14,0,0,0.92,-0.0074046,-0.0060584,-0.00504705,-0.00730596,-0.0046672,sell
2017-04-07,0.6,0,0.4,1.57,0.18,0,0,1.43,-0.0115261,-0.0035574,-0.01173375,-0.00778058,-0.0097971,sell
2017-04-08,0.32,0,0,1.45,0.34,0,0,2.32, 0.0037196,-0.0039988, 0.00281013,-0.00723612, 0.0030328,buy
2017-04-09,0.21,0,0,0.54,0.5,0,0,2.41,-0.0010104,-0.0033226, 0.00061416,-0.00259382,-0.0011755,sell
2017-04-10,0.15,0,0,0,0.73,0,0,1.55, 0.0034475, 0.0059973, 0.00203203, 0.00252555, 0.0070521,buy
2017-04-11,0.13,0,0,0,1.22,0,0,1.19, 0.0042385, 0.0020013,-0.00216689,-0.00016064, 0.0020013,buy
2017-04-12,0.11,0,0,0,1.85,0,0,1.13, 0.0067779, 0.0024011, 0.00551917, 0.00441273, 0.0032958,buy
2017-04-13,0.19,0,0,0,2.48,0,0,1.35, 0.0037349, 0.0079664, 0.00701014, 0.00373487, 0.0058448,buy
2017-04-14,0.29,0,0,0,2.5,0,0,1.78, 0.0016597, 0.0086273, 0.00191280, 0.00165965, 0.0024783,buy
2017-04-15,0.49,0,0.41,0,2.78,0.3,0,1.64,-0.0086782,-0.0043655,-0.00873270,-0.00731800,-0.0006246,sell
2017-04-16,0.88,0,0.78,0,3.28,0.69,0,1.17,-0.0084237,-0.0071811,-0.00971103,-0.00730180,-0.0092937,sell
2017-04-17,1.32,0,1.48,0,2.63,1.61,0,0.96,-0.0075334,-0.0065306,-0.00447582,-0.00489167,-0.0044646,sell
2017-04-18,1.08,0,1.59,0,1.76,2.15,0,0.91,-0.0018933,-0.0025630,-0.00071615,-0.00537195, 0.0048883,buy
2017-04-19,0.75,0,0.9,0,1.41,1.31,0,0.97, 0.0008214,-0.0015870, 0.00146878, 0.00089208, 0.0001572,buy
2017-04-20,0.68,0.07,0.48,0,2.17,1.01,0,1.18, 0.0024653, 0.0058172, 0.00494122, 0.00500862, 0.0055313,buy
2017-04-21,0.75,0.15,0,0,2.33,1.28,0,1.35,-0.0077750,-0.0028706,-0.00226782,-0.00241551, 0.0002265,sell
2017-04-22,0.92,0.3,0,0,1.8,1.98,0,1.42, 0.0023753, 0.0045095, 0.00199647, 0.00301193,-0.0002149,buy
2017-04-23,1.27,0.4,0,0,1.77,1.88,0,1.66, 0.0060796, 0.0063670, 0.00535632, 0.00486463, 0.0016764,buy
2017-04-24,1.44,0.32,0,0,1.06,1.02,0,1.81, 0.0036044, 0.0039453, 0.00179194, 0.00006331, 0.0028689,buy
2017-04-25,1.14,0.25,0,0,0.52,0.56,0,1.19, 0.0022927,-0.0011119,-0.00357822, 0.00338440,-0.0001242,buy
2017-04-26,0.83,0.24,0,0,0.28,0.32,0,0.66, 0.0024483, 0.0016500, 0.00244830, 0.00244830, 0.0024483,buy
2017-04-27,0.64,0.4,0,0,0,0.2,0,0.39,-0.0072663,-0.0068912,-0.01090357,-0.00832938,-0.0070707,sell
2017-04-28,0.52,0.35,0,0,0,0,0,0.23,-0.0059115,-0.0040565,-0.00988494,-0.00728974,-0.0040565,sell
2017-04-29,0.42,0.19,0,0,0,0,0,0.15,-0.0081070,-0.0051829,-0.00716527,-0.00726230,-0.0051829,sell
2017-04-30,0.34,0.2,0,0,0,0.14,0,0.06,-0.0086966,-0.0077816,-0.00591910,-0.00860393,-0.0086039,sell
2017-05-01,0.3,0.25,0,0,0,0.3,0,0.04,-0.0073280,-0.0069540,-0.00481120,-0.00756956,-0.0076266,sell
2017-05-02,0.25,0.39,0,0,0,0.8,0,0,-0.0044453,-0.0015779,-0.00004427,-0.00196307,-0.0016410,sell
2017-05-03,0.21,0.25,0.44,0,0,1.47,0,0,-0.0034505,-0.0034218,-0.00300426, 0.00264959,-0.0058701,sell
2017-05-04,0.19,0.1,1.12,0,0,2.56,0,0,-0.0006704, 0.0011334, 0.00138449, 0.00171499, 0.0007766,buy
2017-05-05,0.23,0,1.6,0,0,3.06,0,0.04, 0.0043662, 0.0023135, 0.00564694, 0.00468261, 0.0038769,buy
2017-05-06,0.28,0,0.84,0,0,3.25,0,0.07,-0.0029149,-0.0022157,-0.00272096,-0.00110102,-0.0011010,sell
2017-05-07,0.48,0,0.33,0,0,3.02,0,0.13, 0.0078734, 0.0012272, 0.00850790, 0.00742379, 0.0066545,buy
2017-05-08,0.86,0,0,0,0,2.03,0,0.23,-0.0022347, 0.0000651, 0.00042788, 0.00076127,-0.0013496,sell
2017-05-09,1.57,0,0,0,0,1.44,0,0.42,-0.0023205,-0.0054782,-0.00102864,-0.00167246,-0.0032698,sell
2017-05-10,1.8,0,0,0,0,1.36,0,0.75,-0.0021604,-0.0048589,-0.00408943,-0.00039338,-0.0022037,sell
2017-05-11,2.06,0,0,0,0,1.37,0,1.2,-0.0004679,-0.0012368,-0.00330900, 0.00216837,-0.0003615,buy
2017-05-12,2.04,0,0,0,0,1.47,0,1.04,-0.0037295,-0.0037110,-0.00563459,-0.00319056,-0.0025284,sell
2017-05-13,1.23,0,0,0,0.12,2.1,0,0.57,-0.0014090,-0.0009407,-0.00084651,-0.00276558,-0.0025168,sell
2017-05-14,0.6,0,0,0,0.27,3.37,0,0.32, 0.0027182, 0.0010332, 0.00606948, 0.00208792, 0.0022799,buy
2017-05-15,0.3,0,0.5,0,0.61,3.6,0,0.18, 0.0009981,-0.0023060,-0.00181901,-0.00017408,-0.0019515,buy
2017-05-16,0.14,0,1.59,0,1.56,2.95,0,0.14, 0.0035233, 0.0039129, 0.00574795, 0.00510388, 0.0039129,buy
2017-05-17,0.05,0.08,2.18,0.44,1.75,2.85,0,0.11, 0.0003040,-0.0002020, 0.00219776, 0.00118612, 0.0025812,buy
2017-05-18,0,0.21,1.9,0.97,1.37,3.12,0,0.11, 0.0000708, 0.0006442,-0.00018522,-0.00020813,-0.0008176,sell
2017-05-19,0,0.4,1.92,1.6,1.66,3.59,0,0.2,-0.0018931,-0.0018931,-0.00215825,-0.00201160,-0.0018931,sell
2017-05-20,0,0.3,1.21,1.16,1.34,4.33,0,0.39, 0.0001004, 0.0027119,-0.00439693, 0.00265186, 0.0001004,buy
2017-05-21,0,0.12,0.66,0.52,0.58,5.05,0,0.84,-0.0013204, 0.0021204, 0.00006010,-0.00143448,-0.0035278,sell
2017-05-22,0,0,0.35,0,0.28,5.15,0,1.34, 0.0019693, 0.0001190, 0.00218492,-0.00111428,-0.0000987,buy
2017-05-23,0,0.14,0,0,0.13,4.69,0,1.16,-0.0022992,-0.0052646,-0.00275529,-0.00660618,-0.0054852,sell
2017-05-24,0,0.45,0,0,0,3.96,0,1.06,-0.0000804,-0.0007491,-0.00074907,-0.00420681,-0.0012276,buy
2017-05-25,0,0.78,0,0,0,3.11,0,1.36,-0.0010203,-0.0040305,-0.00415042,-0.00403046,-0.0049137,sell
2017-05-26,0,0.59,0.54,0.35,0,2.52,0,1,-0.0017126,-0.0012869,-0.00104004,-0.00128686,-0.0005729,sell
2017-05-27,0,0.19,1.57,0.67,0,1.98,0,0.41, 0.0088419, 0.0095457, 0.00269725, 0.00950211, 0.0095021,buy
2017-05-28,0.07,0,1.24,1.29,0,1.74,0,0.18,-0.0046343,-0.0045362,-0.00373347,-0.00399337,-0.0027123,sell
2017-05-29,0.21,0,0.33,1.6,0,1.54,0,0.08,-0.0004952, 0.0023411,-0.00065026, 0.00234113,-0.0068943,sell
2017-05-30,0.72,0,0,1,0,1.67,0,0.03,-0.0001144, 0.0017637, 0.00156415,-0.00040316,-0.0005142,buy
2017-05-31,1.63,0,0,0.52,0,1.89,0,0.05, 0.0014747, 0.0035798, 0.00423676, 0.00036325, 0.0061717,buy
2017-06-01,1.69,0,0,0.27,0,2.58,0,0.12, 0.0010267, 0.0019508, 0.00478391, 0.00124573, 0.0047865,buy
2017-06-02,1.37,0,0,0,0,3.38,0,0.28, 0.0018733, 0.0008302, 0.00243535, 0.00211716, 0.0021172,buy
2017-06-03,1.28,0,0.91,0,0.16,2.88,0,0.65,-0.0000995,-0.0007770,-0.00009954, 0.00338356, 0.0042545,buy
2017-06-04,0.87,0.08,1.56,0,0.93,2.73,0,1.19, 0.0045741, 0.0009438, 0.00388758,-0.00042643, 0.0022190,buy
2017-06-05,0.37,0.4,0.52,0,1.93,3.19,0,0.91,-0.0079643,-0.0042684,-0.00653598,-0.00775256,-0.0069384,sell
2017-06-06,0.13,0.38,0,0,1.74,2.33,0,0.39,-0.0014743,-0.0011474,-0.00115466,-0.00289743,-0.0011474,sell
2017-06-07,0.06,0.14,0.42,0,2.62,1.57,0,0.17, 0.0004517,-0.0005360, 0.00030602,-0.00090664, 0.0002256,buy
2017-06-08,0,0.39,1,0,2.42,1.29,0,0.07,-0.0039246,-0.0009141,-0.00476608,-0.00469668,-0.0014597,sell
2017-06-09,0,0.38,1.6,0,1.02,1.1,0,0,-0.0073463, 0.0014240,-0.00493866,-0.00135684,-0.0001267,sell
2017-06-10,0,0,1.03,0,0.38,1.14,0,0,-0.0038102,-0.0038102,-0.00311774,-0.00376410,-0.0030249,sell
2017-06-11,0.05,0,0.43,0,0,1.38,0,0, 0.0024992,-0.0005198, 0.00163585,-0.00001019, 0.0069954,buy
2017-06-12,0.28,0,0,0,0,2.32,0,0.13, 0.0017551, 0.0080486, 0.00265369, 0.00250536, 0.0006632,buy
2017-06-13,0.98,0.07,0,0.42,0,3.29,0,0.85, 0.0059721, 0.0036270, 0.00362697, 0.00408498, 0.0071528,buy
2017-06-14,0.53,0.18,0,1.04,0,1.97,0,1.16,-0.0063758,-0.0072294,-0.00649517,-0.00394959,-0.0066346,sell
2017-06-15,0.08,0.4,0.95,1.57,0,1.52,0,0.24,-0.0017270,-0.0059751,-0.00164269,-0.00172703,-0.0037893,sell
2017-06-16,0,0.31,1.56,0.95,0,1.61,0,0.04, 0.0059453, 0.0061416, 0.00335368, 0.00594526, 0.0057663,buy
2017-06-17,0,0.12,0.76,0.68,0,1.73,0,0, 0.0087001, 0.0058600, 0.00428922, 0.00661343, 0.0081354,buy
2017-06-18,0,0,0.98,1.59,0,1.86,0,0.04,-0.0034957,-0.0039106,-0.00365736,-0.00391065,-0.0045015,sell
2017-06-19,0,0,1.59,1.06,0,2.32,0,0.1,-0.0031096, 0.0028060, 0.00000924,-0.00058269,-0.0005827,sell
2017-06-20,0.08,0,1.02,0,0,2.86,0,0.18,-0.0058267,-0.0058673,-0.00533643,-0.00557327,-0.0041436,sell
2017-06-21,0.18,0,0.41,0,0,4.18,0,0.32, 0.0027415, 0.0042508, 0.00226718, 0.00245653, 0.0024565,buy
2017-06-22,0.4,0,0,0,0,4.61,0,0.54, 0.0034545, 0.0034545, 0.00145337, 0.00345448, 0.0034545,buy
2017-06-23,0.93,0,0,0,0,4.42,0,0.95, 0.0009837, 0.0010297, 0.00102975, 0.00498124, 0.0069722,buy
2017-06-24,1.46,0,0,0,0,2.93,0,1.64, 0.0014782,-0.0010358,-0.00082102, 0.00041130, 0.0008043,buy
2017-06-25,1.39,0,0,0,0,2.43,0,2.36, 0.0026424, 0.0028880, 0.00454816, 0.00277459, 0.0022753,buy
2017-06-26,1.34,0,0,0,0,2.8,0,2.27, 0.0008316, 0.0018506, 0.00242908, 0.00127854, 0.0006208,buy
2017-06-27,1.63,0,0.52,0,0,3.02,0,2.35, 0.0020446, 0.0019116, 0.00589501, 0.00191156, 0.0020446,buy
2017-06-28,1.36,0,1.46,0,0,2.36,0,1.45,-0.0007978, 0.0009392,-0.00064267, 0.00130942, 0.0039465,buy
2017-06-29,0.36,0,1.59,1.76,0,1.72,0,0.51, 0.0068873, 0.0027548, 0.00158342, 0.00475270, 0.0085312,buy
2017-06-30,0.11,0,0.6,2.19,0.35,1.3,0,0.22, 0.0008561,-0.0007664,-0.00417048,-0.00168235,-0.0015573,sell
2017-07-01,0.09,0,0.62,1.42,1.2,1.01,0,0.18,-0.0023638, 0.0019175, 0.00248895, 0.00264239, 0.0030900,buy
2017-07-02,0.1,0.13,1.54,1.59,2.39,0.8,0,0.18, 0.0046596, 0.0051363, 0.00316887, 0.00488828, 0.0006637,buy
2017-07-03,0.17,0.33,0.63,1.18,1.97,0.65,0,0.42,-0.0067535,-0.0073718,-0.00885293,-0.00838195,-0.0102672,sell
2017-07-04,0.4,0.54,0,0.65,0.88,0.45,0,1.54, 0.0027573,-0.0011173, 0.00059860,-0.00145663, 0.0032715,buy
2017-07-05,0.94,0.58,0,0.35,0.28,0.4,0,2.25, 0.0012109, 0.0028757,-0.00418328, 0.00097754, 0.0005583,buy
2017-07-06,0.99,0.42,0.33,0,0.11,0.35,0,1.44,-0.0013727, 0.0009599,-0.00028147, 0.00095111, 0.0005251,sell
2017-07-07,0.43,0.39,0.63,0,0,0.31,0,0.65, 0.0005197, 0.0006577, 0.00562840, 0.00051974, 0.0026632,buy
2017-07-08,0.18,0.36,1.19,0.54,0,0.27,0,0.28, 0.0024992,-0.0035053,-0.00010027,-0.00086332, 0.0001135,buy
2017-07-09,0.08,0.33,1.6,1.32,0,0.41,0,0.13,-0.0021068, 0.0013663,-0.00121952,-0.00146629, 0.0004494,sell
2017-07-10,0.03,0.39,1.11,1.59,0,0.47,0,0.06, 0.0011915, 0.0010855, 0.00162414, 0.00162414, 0.0024984,buy
2017-07-11,0,0.16,0.59,0.79,0.11,0.59,0,0.04, 0.0072711, 0.0089955, 0.00690402, 0.00380578, 0.0057395,buy
2017-07-12,0,0,0.62,0.33,0.13,0.77,0,0.07,-0.0028471,-0.0034362,-0.00349409,-0.00367576,-0.0015675,sell
2017-07-13,0,0,1.8,0,0.16,0.95,0,0.12,-0.0062296,-0.0054321,-0.00261363,-0.00105151, 0.0086371,sell
2017-07-14,0.03,0,3.14,0,0.19,1.69,0,0.29, 0.0034827,-0.0046486,-0.00029456,-0.00434570,-0.0038349,buy
2017-07-15,0.07,0.07,2.36,0,0.23,2.67,0,0.59, 0.0050725, 0.0046063, 0.00813292, 0.00261710, 0.0026171,buy
2017-07-16,0.18,0.12,2.11,0,0.27,3.6,0,1.3, 0.0039916, 0.0057904, 0.00587709, 0.00587709, 0.0061350,buy
2017-07-17,0.54,0.22,1.27,0,0.32,3.15,0,2.4,-0.0000626, 0.0011150, 0.00171577,-0.00084621,-0.0000753,buy
2017-07-18,1.34,0.4,0.34,0,0.38,1.55,0,2.2, 0.0031335, 0.0050823, 0.00087995,-0.00032993, 0.0029303,buy
2017-07-19,1.85,0.49,0.54,0,0.45,0.78,0,1.49, 0.0004574, 0.0050598,-0.00118555,-0.00138712,-0.0005354,buy
2017-07-20,1.13,0.45,1.52,0,0.63,0.32,0,1.65, 0.0038280, 0.0049616,-0.00033997, 0.00120597, 0.0036165,buy
2017-07-21,0.41,0.52,1.59,0,0.78,0.21,0,1.46, 0.0002217, 0.0010010,-0.00009721, 0.00682465, 0.0002217,buy
2017-07-22,0.28,0.27,0.57,0.27,0.99,0,0,0.65,-0.0047872, 0.0000199, 0.00076181, 0.00091441, 0.0009144,sell
2017-07-23,0.46,0.11,0,0.79,1.25,0,0,0.29, 0.0006628, 0.0005222, 0.00204010, 0.00207619,-0.0015879,buy
2017-07-24,0.98,0,0,1.6,1.61,0.26,0,0.14,-0.0014443,-0.0065314,-0.00500546,-0.00582964,-0.0060058,sell
2017-07-25,0.72,0,0,1.07,2.11,0.66,0,0.04, 0.0004585,-0.0025787, 0.00088692,-0.00168926, 0.0007204,buy
2017-07-26,0.26,0.09,0,0.37,2.8,1.6,0,0, 0.0047461, 0.0084994, 0.00792094, 0.00788682, 0.0018568,buy
2017-07-27,0.1,0.34,0,0,2.97,1.96,0,0,-0.0048336,-0.0029567,-0.00914114,-0.00262331,-0.0063565,sell
2017-07-28,0.04,0.73,0,0,2.35,1.05,0,0, 0.0019967,-0.0008944,-0.00122161,-0.00358371,-0.0012216,buy
2017-07-29,0,0.86,0,0,1.92,0.47,0,0, 0.0026516, 0.0011786, 0.00117859, 0.00013402, 0.0011786,buy
2017-07-30,0,0.8,0,0,1.66,0.22,0,0, 0.0036295, 0.0018244, 0.00182443, 0.00100299, 0.0018244,buy
2017-07-31,0,0.51,0,0,1.48,0,0,0, 0.0040080,-0.0024543,-0.00408358, 0.00153407,-0.0038505,buy
2017-08-01,0,0.2,0,0,1.35,0,0,0, 0.0074065, 0.0045253, 0.00667563, 0.00707063, 0.0045253,buy
2017-08-02,0,0.11,0,0,1.17,0,0,0, 0.0016647, 0.0028193, 0.00286606, 0.00295855, 0.0015710,buy
2017-08-03,0,0,0.29,0,1.04,0,0,0,-0.0013373,-0.0011139,-0.00111388,-0.00355561,-0.0011439,sell
2017-08-04,0,0,0.7,0,0.98,0,0,0,-0.0006573,-0.0006573,-0.00042327,-0.00261509,-0.0006573,sell
2017-08-05,0,0,1.57,0,0.93,0,0,0,-0.0027379,-0.0027162,-0.00271616,-0.00328520,-0.0027162,sell
2017-08-06,0,0,1.46,0,0.85,0,0,0,-0.0032463,-0.0028677,-0.00270312,-0.00360190,-0.0028677,sell
2017-08-07,0,0,1.26,0,0.76,0,0,0,-0.0007713,-0.0003928,-0.00022816,-0.00259685,-0.0003928,buy
2017-08-08,0.03,0,1.36,0,0.76,0,0,0,-0.0034287,-0.0024470,-0.00246486,-0.00328258,-0.0024470,sell
2017-08-09,0.12,0,2.71,0,0.7,0,0,0, 0.0074297, 0.0078608, 0.00694171, 0.00742973, 0.0072779,buy
2017-08-10,0.34,0,2.98,0,0.7,0,0,0, 0.0069941, 0.0078809, 0.00643537, 0.00699412, 0.0065294,buy
2017-08-11,0.95,0.07,1.82,0.29,0.77,0,0,0,-0.0019450, 0.0021938, 0.00310916, 0.00043240,-0.0000022,buy
2017-08-12,1.43,0.08,0.68,0.31,0.97,0,0,0,-0.0024380,-0.0017256,-0.00150787,-0.00335084,-0.0021056,sell
2017-08-13,1.44,0.08,0.75,0.64,1.3,0,0,0.06,-0.0028329,-0.0044395,-0.00371405,-0.00394469,-0.0040236,sell
2017-08-14,1.05,0.07,0.67,1.24,1.39,0,0,0.15,-0.0038108,-0.0004902,-0.00186761,-0.00171861,-0.0020339,sell
2017-08-15,0.43,0.07,1.2,1.85,1,0,0,0.36, 0.0049902, 0.0049902, 0.00452253, 0.00419571, 0.0042862,buy
2017-08-16,0.2,0,1.59,0.9,0.61,0,0,0.9,-0.0025874, 0.0031497, 0.00212771, 0.00255724, 0.0064364,buy
2017-08-17,0.2,0,1.82,0.31,0.38,0,0,1.19,-0.0048822,-0.0034460,-0.00488216,-0.00255472,-0.0048822,sell
2017-08-18,0.26,0,2.24,0,0.23,0,0,0.62,-0.0071391,-0.0054198,-0.00820301,-0.00460666,-0.0083151,sell
2017-08-19,0.54,0,1.64,0,0.14,0.38,0,0.25, 0.0005319,-0.0020498,-0.00629684,-0.00334834,-0.0051470,sell
2017-08-20,1.17,0,0.44,0,0,1.98,0,0.1,-0.0103628,-0.0103628,-0.00723531,-0.01049189,-0.0105773,sell
2017-08-21,1.69,0,0,0,0,2.01,0,0.1,-0.0078891,-0.0027386,-0.00359435,-0.00826859, 0.0016327,sell
2017-08-22,1.52,0,0,0,0,0.72,0,0.17,-0.0033559,-0.0051589,-0.00580442,-0.00219112,-0.0000758,sell
2017-08-23,1,0.33,0,0,0,0.95,0,0.49,-0.0034784,-0.0015081,-0.00230528,-0.00219092,-0.0030212,sell
2017-08-24,0.53,0.73,0,0,0,2,0,1.2,-0.0041567,-0.0051124,-0.00817032,-0.00511241,-0.0049903,sell
2017-08-25,0.29,0.66,0,0,0,1.73,0,0.96,-0.0026712,-0.0025900,-0.00409129,-0.00304134,-0.0026214,sell
2017-08-26,0.14,0.38,0,0,0.22,1.02,0,0.33,-0.0131217,-0.0108873,-0.00677876,-0.01192210,-0.0119221,sell
2017-08-27,0.12,0.29,0,0,0.86,1.05,0,0.11, 0.0048074, 0.0049453, 0.00175031, 0.00480743, 0.0044406,buy
2017-08-28,0.16,0.4,0,0,1.53,1.62,0,0.04, 0.0029374, 0.0030711, 0.00518015,-0.00138122, 0.0030711,buy
2017-08-29,0.19,0.44,0,0,0.57,2.88,0,0,-0.0033147,-0.0102415,-0.01024145,-0.00961971,-0.0095749,sell
2017-08-30,0.36,0.42,0,0,0.23,3.39,0,0, 0.0004027,-0.0021644,-0.00194542,-0.00205095,-0.0019454,buy
2017-08-31,0.64,0.49,0,0,0.28,2.82,0,0, 0.0032528, 0.0004087, 0.00040875, 0.00059177, 0.0004087,buy
2017-09-01,1.1,0.21,0,0,0.34,1.63,0,0, 0.0004471,-0.0020523, 0.00123219, 0.00434345,-0.0001370,buy
2017-09-02,1.53,0.07,0,0,0.42,0.86,0,0,-0.0022936,-0.0058139,-0.00471958,-0.00359921,-0.0045662,sell
2017-09-03,1.41,0.1,0,0.52,0.52,0.35,0,0,-0.0046857,-0.0046033,-0.00362998,-0.00356692,-0.0039284,sell
2017-09-04,1.16,0.25,0.57,1.26,0.63,0.18,0,0,-0.0020898, 0.0011416,-0.00058714,-0.00243606,-0.0038006,sell
2017-09-05,1.03,0.48,1.57,1.57,0.78,0,0,0, 0.0016197, 0.0009196,-0.00015291, 0.00090929, 0.0009046,buy
2017-09-06,0.97,0.42,1.42,0.81,0.96,0,0,0, 0.0010961, 0.0006987, 0.00182915,-0.00109706, 0.0010339,buy
2017-09-07,0.96,0.4,0.85,0.33,1.19,0,0,0, 0.0014229, 0.0015410,-0.00142546,-0.00608772, 0.0028353,buy
2017-09-08,1.15,0.39,1.1,0,1.4,0,0,0, 0.0018402, 0.0016988, 0.00085114,-0.00241772, 0.0055771,buy
2017-09-09,1.34,0.3,1.57,0,1.32,0,0,0.04, 0.0007669,-0.0004467,-0.00376676,-0.00114905, 0.0009843,buy
2017-09-10,0.91,0.29,0.76,0,1.07,0,0,0.08, 0.0048445, 0.0035687, 0.00197282,-0.00014979, 0.0032618,buy
2017-09-11,0.67,0.36,0,0,0.87,0,0,0.19,-0.0022162, 0.0001831,-0.00318974,-0.00180228,-0.0019994,sell
2017-09-12,1.07,0.39,0,0,0.7,0,0,0.45,-0.0006122,-0.0005066,-0.00340909,-0.00446042,-0.0006122,sell
2017-09-13,1.03,0.24,0,0,0.56,0,0,1.04, 0.0036662,-0.0002015,-0.00127743, 0.00404492, 0.0001675,buy
2017-09-14,0.36,0.09,0,0,0.63,0,0,1.2, 0.0067553, 0.0065689, 0.00768464, 0.00549662, 0.0060108,buy
2017-09-15,0.21,0,0,0,0.71,0,0,0.57, 0.0024300, 0.0016450, 0.00153775, 0.00243000, 0.0025895,buy
2017-09-16,0.3,0,0,0,0.98,0.38,0,0.25,-0.0034216,-0.0049700,-0.00484218,-0.00230793,-0.0066284,sell
2017-09-17,0.78,0,0,0,1.76,0.88,0,0.11, 0.0059230, 0.0079651, 0.00796514, 0.00978660, 0.0121414,buy
2017-09-18,0.98,0,0.42,0.27,1.9,2.34,0,0.05,-0.0018290,-0.0015741, 0.00177104,-0.00168114,-0.0018290,sell
2017-09-19,0.4,0.32,1.05,1.19,1.46,2.4,0,0,-0.0016602,-0.0012433,-0.00377622,-0.00090689,-0.0014890,sell
2017-09-20,0.19,0.6,1.57,1.59,1.63,1.34,0,0,-0.0064983,-0.0063806,-0.00257736,-0.00692551,-0.0052028,sell
2017-09-21,0.33,0.53,0.95,0.75,1.67,1.33,0,0,-0.0006273, 0.0008261,-0.00313173,-0.00337360, 0.0020532,sell
2017-09-22,1,0.36,0.39,0.53,0.87,1.75,0,0, 0.0003285,-0.0005570,-0.00065738, 0.00037717,-0.0005570,buy
2017-09-23,0.68,0.28,0,0.96,0.46,1.98,0,0.09,-0.0028785,-0.0028785,-0.00052622, 0.00392150,-0.0010476,sell
2017-09-24,0.14,0.37,0,1.59,0.24,1.54,0,0.43, 0.0047720, 0.0032520, 0.00325200, 0.00325200, 0.0032520,buy
2017-09-25,0.06,0.4,0,1.44,0.13,1.04,0,1.17, 0.0078626, 0.0095160, 0.00914319, 0.00963052, 0.0094804,buy
2017-09-26,0.06,0.23,0,0.8,0.12,0.72,0,0.65,-0.0009241,-0.0003713,-0.00149058, 0.00211097,-0.0023990,sell
2017-09-27,0.1,0.13,0.57,0.45,0.53,0.68,0,0.14, 0.0042891, 0.0088760, 0.00329405, 0.01042371, 0.0035905,buy
2017-09-28,0.18,0.18,1.59,0.5,1.36,0.81,0,0, 0.0020921,-0.0008797,-0.00081764, 0.00038692, 0.0013342,buy
2017-09-29,0.32,0.34,0.79,1.5,0.83,1.38,0,0,-0.0001164,-0.0001164,-0.00011639, 0.00303146,-0.0001419,buy
2017-09-30,0.6,0.4,0,1.59,0.2,2.12,0,0,-0.0008496, 0.0002895,-0.00032928, 0.00718324,-0.0002198,buy
2017-10-01,1.11,0.14,0,0.52,0,1.34,0,0, 0.0019887, 0.0027786, 0.00525453, 0.00384128, 0.0028289,buy
2017-10-02,1.39,0,0,0,0,0.54,0,0,-0.0036886,-0.0049126,-0.00491261,-0.00491261,-0.0050198,sell
2017-10-03,1.56,0,0.56,0,0,0.22,0,0,-0.0018701,-0.0061076,-0.00245900,-0.00266338,-0.0026634,sell
2017-10-04,1.12,0,1.36,0,0,0,0,0.04,-0.0032336,-0.0028110,-0.00088163,-0.00089233, 0.0005466,sell
2017-10-05,0.45,0,2.06,0,0,0,0,0.18, 0.0021548, 0.0020468, 0.00208962, 0.00064110, 0.0034922,buy
2017-10-06,0.19,0,2.3,0,0,0,0,0.43, 0.0064967, 0.0060378, 0.00587883, 0.00339177, 0.0066635,buy
2017-10-07,0.09,0,1.35,0,0,0,0,1.16, 0.0007807, 0.0009816, 0.00111546, 0.00091840,-0.0005707,buy
2017-10-08,0.03,0,0,0,0,0,0,2.51,-0.0029167,-0.0038121,-0.00428556,-0.00413432,-0.0041707,sell
2017-10-09,0,0,0,0,0,0,0,3.6, 0.0033255,-0.0008052, 0.00072734, 0.00032455, 0.0001250,buy
2017-10-10,0,0,0.56,0,0,0,0,2.91, 0.0031810, 0.0035887, 0.00199385, 0.00619458, 0.0033625,buy
2017-10-11,0,0,1.6,0,0.21,0,0,1.9, 0.0027232, 0.0019958, 0.00272319, 0.00272319, 0.0027232,buy
2017-10-12,0,0,1.4,0,0.72,0,0,1.18,-0.0041767,-0.0055690,-0.00321474,-0.00403944,-0.0043146,sell
2017-10-13,0,0,0.45,0,1.84,0,0,0.68,-0.0042325,-0.0039510, 0.00090736,-0.00431120,-0.0045318,sell
2017-10-14,0,0.2,0.36,0.91,2.44,0,0,0.39, 0.0017667,-0.0009912,-0.00443327,-0.00443327,-0.0014160,sell
2017-10-15,0,0.4,0.66,1.59,2.03,0,0,0.22,-0.0058337,-0.0048177,-0.00616272,-0.00643498,-0.0017493,sell
2017-10-16,0,0.17,1.21,0.58,1.06,0,0,0.13,-0.0026760,-0.0057437,-0.00655670,-0.00373714,-0.0033718,sell
2017-10-17,0,0,1.6,0.31,0.48,0,0,0.08,-0.0039904,-0.0039904,-0.00322370,-0.00496011,-0.0039904,sell
2017-10-18,0,0.16,1.12,0.78,0.48,0,0,0.05, 0.0026778, 0.0021176, 0.00268116, 0.00144916, 0.0026502,buy
2017-10-19,0,0.39,0.62,1.57,0.52,0,0,0, 0.0037101, 0.0041643, 0.00467241, 0.00555286, 0.0046724,buy
2017-10-20,0,0.39,0.34,1.25,0.7,0.17,0,0, 0.0007424, 0.0018394, 0.00173724, 0.00023927, 0.0034015,buy
2017-10-21,0,0.16,0,0.5,1.07,0.64,0,0, 0.0013474, 0.0029904, 0.00299041, 0.00488118, 0.0012343,buy
2017-10-22,0.09,0,0.59,0,1.47,1.95,0,0, 0.0009905, 0.0003913, 0.00382807, 0.00165259, 0.0014591,buy
2017-10-23,0.37,0,1.59,0,2.04,1.56,0,0,-0.0025980,-0.0020548,-0.00063615,-0.00071682,-0.0004695,sell
2017-10-24,1,0,1.34,0,2.29,0.41,0,0.04,-0.0030058,-0.0105351, 0.00043880,-0.00739882,-0.0014578,sell
2017-10-25,0.62,0,0.44,0,2.24,0,0,0.11,-0.0049554,-0.0019315,-0.00297165,-0.00394500,-0.0048494,sell
2017-10-26,0.16,0,0,0,2.39,0.24,0,0.33,-0.0025193,-0.0045198,-0.00277511,-0.00458999,-0.0019220,sell
2017-10-27,0.04,0,0,0,2.77,0.53,0,0.98, 0.0051862, 0.0007838, 0.00276205, 0.00530228, 0.0084435,buy
2017-10-28,0,0,0,0,3.23,1.17,0,1.18,-0.0066186,-0.0073808, 0.00037147,-0.00651243, 0.0044936,sell
2017-10-29,0,0,0,0,3.22,2.18,0,0.47, 0.0056293, 0.0067642, 0.00741993, 0.00720545, 0.0072632,buy
2017-10-30,0.03,0,0,0,3.16,1.9,0,0.16, 0.0050631, 0.0064966, 0.00663173, 0.00663173, 0.0066317,buy
2017-10-31,0.08,0,0,0,3.24,1.59,0,0.05, 0.0058146, 0.0062040, 0.00620026, 0.00674725, 0.0055486,buy
2017-11-01,0.19,0,0.37,0,2.92,2.29,0,0, 0.0068942, 0.0074893, 0.00819472, 0.00755126, 0.0064521,buy
2017-11-02,0.46,0,1.42,0.38,2.51,2.05,0,0, 0.0026439,-0.0001242, 0.00000564, 0.00000564, 0.0004172,buy
2017-11-03,0.98,0.17,1.59,1.2,1.27,0.85,0,0,-0.0002692,-0.0036902,-0.00156069,-0.00136846,-0.0048081,sell
2017-11-04,0.84,0.39,0.44,1.6,0.61,0.38,0,0, 0.0087247, 0.0104317, 0.01043168, 0.00876036, 0.0082858,buy
2017-11-05,0.34,0.3,0,0.64,0.36,0.51,0,0, 0.0006756, 0.0075958, 0.01084179, 0.00624627, 0.0007721,buy
2017-11-06,0.14,0.1,0.28,0,0.21,1.21,0,0, 0.0025446, 0.0042800, 0.00139964, 0.00428000, 0.0035374,buy
2017-11-07,0.06,0,0.5,0,0.17,1.95,0,0, 0.0061276, 0.0043449, 0.00612763, 0.00434486, 0.0127145,buy
2017-11-08,0,0,0.88,0,0.42,0.88,0,0,-0.0061066,-0.0053362,-0.00514343,-0.00837178,-0.0055153,sell
2017-11-09,0,0,1.56,0,0.91,0.25,0,0, 0.0062389, 0.0062876, 0.00628762, 0.00191273, 0.0019209,buy
2017-11-10,0,0,1.6,0,1.5,0,0,0,-0.0014189, 0.0016679,-0.00161052,-0.00579971,-0.0008347,sell
2017-11-11,0,0.08,0.9,0,0.83,0,0,0.1, 0.0004422, 0.0001805, 0.00007502,-0.00271863, 0.0001805,buy
2017-11-12,0,0.27,0.52,0,0.29,0,0,0.39,-0.0057065,-0.0014438,-0.00473344,-0.00408184,-0.0009724,sell
2017-11-13,0.05,0.39,0.29,0,0.1,0.41,0,1.25,-0.0061605,-0.0044258,-0.00886286,-0.00365968,-0.0053789,sell
2017-11-14,0.15,0.16,0,0,0,0.98,0,1.23,-0.0006762,-0.0010369,-0.00738015,-0.00067616,-0.0012478,sell
2017-11-15,0.46,0,0.35,0,0.18,2.35,0,0.51, 0.0035274,-0.0028209, 0.00974292, 0.00366985, 0.0021754,buy
2017-11-16,0.98,0,0.89,0,0.63,3.96,0,0.4, 0.0075333, 0.0029362, 0.00344442, 0.00298901, 0.0029362,buy
2017-11-17,0.66,0,1.6,0,1.61,2.87,0,0.52, 0.0016498, 0.0027319, 0.00296033,-0.00066826, 0.0072429,buy
2017-11-18,0.22,0,1.09,0,2.91,1.3,0,0.89, 0.0035503, 0.0031777, 0.00222801, 0.00586530, 0.0038776,buy
2017-11-19,0.07,0,0.43,0,2.02,0.48,0,1.2, 0.0037828, 0.0011136, 0.00362879, 0.00383599, 0.0038360,buy
2017-11-20,0,0,0,0,1.09,0.25,0,0.93,-0.0024334, 0.0029540,-0.00249147,-0.00341384, 0.0029540,sell
2017-11-21,0.04,0,0,0,0.93,0.51,0,0.54,-0.0052604, 0.0002735,-0.00125185,-0.00088332,-0.0051338,sell
2017-11-22,0.1,0,0,0,1.23,0.85,0,0.31,-0.0011427, 0.0001272, 0.00044683, 0.00016179,-0.0006390,sell
2017-11-23,0.26,0,0,0,1.6,1.92,0,0.18,-0.0002669, 0.0004956,-0.00530619, 0.00023865,-0.0075384,sell
2017-11-24,0.65,0,0,0,1.43,3.77,0,0.11, 0.0041556, 0.0078895, 0.00372971, 0.00405617, 0.0039465,buy
2017-11-25,1,0,0.28,0,1.23,3.75,0,0.06, 0.0054752, 0.0015057,-0.00000339,-0.00037619,-0.0000034,buy
2017-11-26,0.63,0,0.87,0,1.45,2.06,0,0.04, 0.0024348, 0.0009698, 0.00179975,-0.00428484, 0.0029569,buy
2017-11-27,0.29,0,1.59,0,2.09,1.28,0,0,-0.0006187,-0.0008630,-0.00150946,-0.00150946,-0.0009979,sell
2017-11-28,0.15,0,0.89,0.38,2.94,0.91,0,0, 0.0004973, 0.0012404, 0.00128672, 0.00128672, 0.0003236,buy
2017-11-29,0.08,0,0.28,0.68,3.62,0.98,0,0.05, 0.0005425, 0.0002034, 0.00020342, 0.00020342, 0.0019903,buy
2017-11-30,0.05,0.23,0,1.22,3.05,1.2,0,0.12,-0.0002232,-0.0002232,-0.00082507,-0.00022317,-0.0002277,buy
2017-12-01,0.03,0.53,0,1.6,1.92,1.87,0,0.3, 0.0018744,-0.0018558, 0.00612779, 0.00540340, 0.0061278,buy
2017-12-02,0,0.65,0,1.14,1.59,3.05,0,0.74,-0.0047636,-0.0065503, 0.00091827,-0.00161811, 0.0001447,sell
2017-12-03,0,0.56,0,0.64,1.68,4.16,0,1.19,-0.0033969,-0.0036298,-0.00423301,-0.00408574,-0.0022173,sell
2017-12-04,0,0.36,0,0.36,1.13,3.08,0,0.75,-0.0031603,-0.0015450,-0.00230705,-0.00294441,-0.0027684,sell
2017-12-05,0.03,0.21,0,0,0.5,1.95,0,0.31, 0.0041560, 0.0069693, 0.00033558, 0.00156816, 0.0046582,buy
2017-12-06,0.06,0.12,0,0,0.34,2.03,0,0.13, 0.0038614, 0.0038614, 0.00203035, 0.00205534, 0.0035209,buy
2017-12-07,0.11,0.17,0,0,0.47,3.14,0,0.12,-0.0111411,-0.0049516,-0.00947034,-0.01118070,-0.0114655,sell
2017-12-08,0.24,0.3,0,0,0.8,4.03,0,0.2,-0.0030827,-0.0038753,-0.00387529,-0.00334077,-0.0029301,sell
2017-12-09,0.63,0.39,0,0,2.03,2.44,0,0.6,-0.0054286,-0.0009245,-0.00564818,-0.00563126,-0.0062959,sell
2017-12-10,0.98,0.16,0,0,2.74,0.75,0,1.19,-0.0003222,-0.0000101,-0.00044346, 0.00081890, 0.0034123,buy
2017-12-11,0.51,0,0,0,3.34,0,0,0.75,-0.0061846,-0.0012089,-0.00577563,-0.00222696,-0.0022618,sell
2017-12-12,0.2,0,0,0,2.73,0.18,0,0.25,-0.0015749,-0.0017384,-0.00145522,-0.00173840,-0.0015749,sell
2017-12-13,0.15,0,0,0,1.65,0.62,0,0.08, 0.0001551, 0.0030863,-0.00346124,-0.00027456, 0.0064762,buy
2017-12-14,0.25,0,0,0,1.96,2.29,0,0,-0.0023221,-0.0008193,-0.00215268,-0.00322655,-0.0007990,sell
2017-12-15,0.62,0,0,0,3.11,2.96,0,0, 0.0065962, 0.0034032, 0.00276918, 0.00591339, 0.0031277,buy
2017-12-16,0.98,0,0,0,2.92,2.13,0,0, 0.0115173, 0.0095360, 0.01054571, 0.01188733, 0.0095360,buy
2017-12-17,0.65,0,0,0,2.67,1.98,0,0.05, 0.0064877, 0.0009213, 0.00198374, 0.00447835, 0.0013120,buy
2017-12-18,0.34,0,0,0,2.15,1.53,0,0.1, 0.0042429, 0.0005528, 0.00094335, 0.00347927, 0.0006042,buy
2017-12-19,0.42,0,0,0,1.38,1.24,0,0.17, 0.0047069, 0.0048322, 0.00495013, 0.00495013, 0.0039762,buy
2017-12-20,1.03,0,0,0,0.58,1.47,0,0.27,-0.0039446, 0.0002118,-0.00012997,-0.00264480,-0.0009890,sell
2017-12-21,0.99,0,0,0,0.33,2.37,0,0.34,-0.0010227,-0.0004238,-0.00032804, 0.00090953, 0.0011591,buy
2017-12-22,0.37,0,0,0,0.22,1.99,0,0.39, 0.0040399, 0.0038363, 0.00507465, 0.00315427, 0.0042015,buy
2017-12-23,0.2,0,0,0,0.17,1.51,0,0.39,-0.0071415,-0.0015134,-0.00650552,-0.00743502,-0.0064957,sell
2017-12-24,0.2,0,0,0,0.16,1.79,0,0.37,-0.0029746, 0.0015171,-0.00347830,-0.00601066,-0.0031507,sell
2017-12-25,0.29,0,0,0,0.18,3.15,0,0.31,-0.0011384,-0.0010769, 0.00004667,-0.00082089, 0.0018474,sell
2017-12-26,0.5,0,0,0,0.24,3.42,0,0.23,-0.0017374,-0.0017374,-0.00105377,-0.00121920, 0.0002141,sell
2017-12-27,0.85,0,0,0,0.35,2.87,0,0.15,-0.0046725,-0.0021822,-0.00040331,-0.00074418,-0.0052245,sell
2017-12-28,1,0,0,0,0.55,2.2,0,0.09,-0.0022902, 0.0004285,-0.00015798, 0.00199749,-0.0003250,sell
2017-12-29,0.66,0,0,0,1.08,1.68,0,0.05, 0.0005110,-0.0005659, 0.00170654, 0.00208297, 0.0026071,buy
2017-12-30,0.39,0,0,0,1.69,2.18,0,0,-0.0031387,-0.0001639,-0.00777272,-0.00371787,-0.0095569,sell
2017-12-31,0.23,0,0,0,1.75,2.63,0,0,-0.0065039,-0.0055897,-0.00355799,-0.00583563,-0.0071101,sell
2018-01-01,0.13,0,0,0,1.97,2.07,0,0, 0.0016039, 0.0018145, 0.00177689, 0.00123888, 0.0048200,buy
2018-01-02,0.08,0,0,0,1.52,1.53,0,0, 0.0049601, 0.0049262, 0.00261341, 0.00430520, 0.0040310,buy
2018-01-03,0.09,0,0,0,0.63,1.4,0,0, 0.0012393,-0.0046637,-0.00297844,-0.00143549,-0.0090732,sell
2018-01-04,0.12,0,0,0,0.3,1.82,0,0, 0.0027096, 0.0021206,-0.00244910, 0.00041578, 0.0013995,buy
2018-01-05,0.33,0,0,0,0.2,1.98,0,0, 0.0039011, 0.0031163, 0.00329037, 0.00232117, 0.0054509,buy
2018-01-06,0.97,0,0,0,0.37,1.52,0,0, 0.0011438,-0.0015651, 0.00278779, 0.00278779, 0.0036525,buy
2018-01-07,0.98,0,0,0,0.72,0.96,0,0, 0.0011284,-0.0011829, 0.00325211, 0.00228647, 0.0041121,buy
2018-01-08,0.33,0,0,0,1.39,0.61,0,0,-0.0007233,-0.0016146, 0.00351480, 0.00092658, 0.0001176,buy
2018-01-09,0.11,0,0,0,1.3,0.39,0,0,-0.0016769,-0.0016165, 0.00287020, 0.00089303,-0.0011486,buy
2018-01-10,0.03,0,0,0,0.63,0.25,0,0.09,-0.0011990, 0.0004475, 0.00050927,-0.00198962, 0.0017730,sell
2018-01-11,0,0,0,0,0.3,0.34,0,0.24, 0.0034135, 0.0034845, 0.00666067, 0.00254697, 0.0047425,buy
2018-01-12,0,0,0,0,0.14,0.53,0,0.68, 0.0046389, 0.0061994, 0.00653718, 0.00518979, 0.0071347,buy
2018-01-13,0,0,0,0,0,1.83,0,1.73, 0.0014242,-0.0027377,-0.00099972,-0.00240511,-0.0014794,buy
2018-01-14,0,0,0.32,0,0,3.08,0,2.15, 0.0034183, 0.0002554, 0.00323669, 0.00165484, 0.0028779,buy
2018-01-15,0,0,0.56,0,0,3.63,0,1.39,-0.0026283,-0.0054273,-0.00526937,-0.00408670,-0.0054273,sell
2018-01-16,0,0,0.96,0,0,4.03,0,0.53, 0.0001346,-0.0003675, 0.00143128,-0.00314041,-0.0006766,sell
2018-01-17,0,0,1.59,0,0,4.09,0,0.21,-0.0025937,-0.0027684, 0.00237101,-0.00268697,-0.0025584,sell
2018-01-18,0,0,1.52,0,0.18,3.47,0,0.07, 0.0022411, 0.0003686, 0.00425211, 0.00224106, 0.0021261,buy
2018-01-19,0,0,0.89,0,0.49,1.79,0,0,-0.0006771,-0.0006771,-0.00244133,-0.00153692,-0.0006771,sell
2018-01-20,0,0,0.52,0,1.47,0.81,0,0,-0.0113239,-0.0108449,-0.01279071,-0.01343716,-0.0123041,sell
2018-01-21,0,0,0.3,0,1.65,0.42,0,0,-0.0033163,-0.0147802,-0.00512549,-0.00350931,-0.0057609,sell
2018-01-22,0,0,0,0,1.07,0.35,0,0,-0.0027605,-0.0060503,-0.00595351,-0.00491952,-0.0097274,sell
2018-01-23,0,0,0,0,1.46,0.89,0,0, 0.0011139,-0.0001136,-0.00549015, 0.00344059,-0.0031283,sell
2018-01-24,0,0,0,0,1.38,1.98,0,0, 0.0009073,-0.0000131,-0.00001308,-0.00182662, 0.0003236,buy
2018-01-25,0,0,0,0,0.79,1.69,0,0.05,-0.0021808,-0.0091051,-0.01095055,-0.00744121,-0.0091051,sell
2018-01-26,0,0,0,0,0.68,0.66,0,0.19,-0.0010342,-0.0003082,-0.00114503,-0.00344114,-0.0018574,sell
2018-01-27,0,0,0,0,1.27,0.25,0,0.75,-0.0008616, 0.0036611,-0.00042896, 0.00033588, 0.0033065,buy
2018-01-28,0,0,0,0,1.38,0.4,0,1.2,-0.0007185, 0.0019382,-0.00261984, 0.00061153, 0.0022659,buy
2018-01-29,0,0,0,0,0.82,1.78,0,0.46,-0.0037562,-0.0020836,-0.00391987,-0.00391987,-0.0032616,sell
2018-01-30,0,0,0,0,0.71,2.29,0,0.12,-0.0128340,-0.0071973,-0.01129076,-0.01283400,-0.0158997,sell
2018-01-31,0,0,0,0,1.25,1.37,0,0.04,-0.0001731,-0.0020936, 0.00530584,-0.00017310,-0.0001731,buy
2018-02-01,0,0,0,0,2.58,1.71,0,0.11, 0.0041825, 0.0028365, 0.00457929, 0.00120301, 0.0042251,buy
2018-02-02,0,0,0,0,3.87,3.35,0,0.32,-0.0058788,-0.0038810, 0.00280865, 0.00137558,-0.0034104,sell
2018-02-03,0,0,0,0,4.49,3.94,0,0.89,-0.0064640,-0.0040021,-0.00018359,-0.00035609,-0.0041160,sell
2018-02-04,0,0,0,0,2.94,2.31,0,1.19,-0.0022660,-0.0033938,-0.00134308,-0.00212074, 0.0012105,sell
2018-02-05,0,0,0,0,1.34,1.2,0,0.56, 0.0010811, 0.0010259, 0.00108115, 0.00108115, 0.0010811,buy
2018-02-06,0,0,0,0,0.93,0.81,0,0.24,-0.0066505, 0.0010877,-0.00282916,-0.00614734,-0.0061473,sell
2018-02-07,0,0,0,0,1.57,0.9,0,0.17,-0.0080223,-0.0057403,-0.00460315,-0.00458043,-0.0086398,sell
2018-02-08,0,0.07,0,0,2.96,1.49,0,0.22, 0.0028696,-0.0001024, 0.00271730, 0.00112881, 0.0027173,buy
2018-02-09,0,0.12,0,0,2.12,1.98,0,0.51, 0.0013107,-0.0003356, 0.00131071, 0.00127194, 0.0009713,buy
2018-02-10,0,0.19,0,0,0.79,1.32,0,1.23,-0.0021609,-0.0015850,-0.00504261,-0.00261603,-0.0018350,sell
2018-02-11,0,0.33,0,0,0.68,0.92,0,1.3,-0.0005052, 0.0031155, 0.00155908, 0.00134724,-0.0038279,sell
2018-02-12,0,0.4,0,0,1.36,1.93,0,0.9,-0.0121909,-0.0000128,-0.00343343,-0.00311993,-0.0126333,sell
2018-02-13,0,0.29,0,0,0.87,2.49,0,1.59, 0.0077975, 0.0031401, 0.00192071,-0.00103729,-0.0016681,buy
2018-02-14,0,0.17,0,0,0.18,2.16,0,1.55, 0.0081445, 0.0081445, 0.00814721, 0.00339203, 0.0022664,buy
2018-02-15,0,0.1,0,0,0,2,0,0.84,-0.0017788,-0.0009595,-0.00142540,-0.00177876, 0.0007439,sell
2018-02-16,0,0,0,0,0,0.96,0,0.97, 0.0016504,-0.0019295,-0.00192948,-0.00192948,-0.0028430,buy
2018-02-17,0,0,0,0,0,0.7,0,1.2, 0.0067558,-0.0037560, 0.00280795,-0.00272865, 0.0042581,buy
2018-02-18,0,0,0,0,0,1.27,0,0.92, 0.0076295, 0.0016015, 0.00224014, 0.00104857, 0.0016015,buy
2018-02-19,0,0,0,0,0,2.3,0,0.61,-0.0004775,-0.0035971, 0.00159555,-0.00342559,-0.0026114,buy
2018-02-20,0,0,0,0,0,2.54,0,0.47, 0.0009522,-0.0003737, 0.00595435,-0.00041868,-0.0006381,buy
2018-02-21,0,0,0,0,0,2.62,0,0.44, 0.0062257,-0.0001404, 0.00019358,-0.00030805, 0.0056236,buy
2018-02-22,0,0,0,0,0,1.56,0,0.56, 0.0047832, 0.0042778, 0.00433971, 0.00384572, 0.0075663,buy
2018-02-23,0,0,0,0,0,3.64,0,0.92, 0.0051383, 0.0004289, 0.00256112, 0.00521162, 0.0018961,buy
2018-02-24,0,0,0,0,0.13,3.83,0,1.71, 0.0039687,-0.0016863, 0.00032130, 0.00033143,-0.0037958,buy
2018-02-25,0,0,0,0,0.22,1.32,0,2.48, 0.0001454,-0.0052546,-0.00192192,-0.00121114,-0.0009980,buy
2018-02-26,0.06,0,0,0,0.36,0.62,0,1.99,-0.0017640,-0.0054065,-0.00318341,-0.00574682,-0.0024880,sell
2018-02-27,0.19,0,0,0,0.59,0.66,0,1.82, 0.0019112, 0.0034234, 0.00015088,-0.00277340,-0.0007111,buy
2018-02-28,0.64,0,0,0,1.1,1.15,0,2.8, 0.0018113, 0.0002063,-0.00032124, 0.00231786,-0.0077276,sell
2018-03-01,1.36,0,0,0,1.76,1.98,0,2.08, 0.0072327, 0.0083993, 0.00711143, 0.00892542, 0.0037807,buy
2018-03-02,1.56,0,0,0,2.24,1.41,0,0.68,-0.0051004,-0.0040951, 0.00062036,-0.00384786,-0.0052307,sell
2018-03-03,0.66,0,0,0,3.66,0.61,0,0.22,-0.0002178, 0.0014368, 0.00056049, 0.00281109, 0.0028111,buy
2018-03-04,0.19,0,0,0,3.77,0.26,0,0.04,-0.0026169,-0.0026169,-0.00348368,-0.00261687,-0.0030458,sell
2018-03-05,0.07,0,0,0,2.36,0,0,0,-0.0009377,-0.0007420,-0.00164809,-0.00093767,-0.0028648,sell
2018-03-06,0.12,0,0,0,1.68,0,0,0, 0.0041687, 0.0054295, 0.00077542, 0.00264776, 0.0054295,buy
2018-03-07,0.19,0,0,0,0.84,0,0,0,-0.0107739,-0.0100140,-0.01073307,-0.01088279,-0.0090648,sell
2018-03-08,0.3,0,0,0,0.5,0,0,0.06,-0.0063898,-0.0068099,-0.00801145,-0.00768618,-0.0078693,sell
2018-03-09,0.52,0,0,0,0.3,0,0,0.27, 0.0032117, 0.0026171, 0.00221940, 0.00316723, 0.0032919,buy
2018-03-10,0.86,0.21,0,0,0.18,0,0,0.97, 0.0068751, 0.0060039, 0.00647865, 0.00687514, 0.0064787,buy
2018-03-11,1.17,0.39,0,0,0.1,0,0,1.59,-0.0039297, 0.0007506,-0.00129214,-0.00037402,-0.0008000,sell
2018-03-12,1.23,0.4,0,0,0,0,0,1.45,-0.0028074, 0.0012739,-0.00022572, 0.00035826,-0.0005061,sell
2018-03-13,1.48,0.4,0,0,0.11,0,0,1.86,-0.0014226, 0.0033510,-0.00129403,-0.00125378,-0.0008220,sell
2018-03-14,1.17,0.25,0,0,0.47,0,0,1.7,-0.0017488,-0.0003087,-0.00329876, 0.00007474,-0.0008278,sell
2018-03-15,0.54,0.08,0,0,1.12,0,0,1.47, 0.0022141, 0.0037997, 0.00110882, 0.00207788, 0.0007917,buy
2018-03-16,0.26,0,0,0,2.62,0,0,1.01,-0.0022526,-0.0008405, 0.00054953, 0.00218720, 0.0010082,sell
2018-03-17,0.13,0,0,0,3.37,0,0,0.56,-0.0113856,-0.0105692,-0.00709460,-0.00869124,-0.0070676,sell
2018-03-18,0.05,0,0,0,2.9,0,0,0.4,-0.0053611,-0.0056189, 0.00032445,-0.00668166, 0.0007980,sell
2018-03-19,0.03,0,0,0,1.72,0,0,0.34,-0.0000258, 0.0004056,-0.00470050,-0.00326689, 0.0004056,buy
2018-03-20,0,0,0,0,0.75,0,0,0.42,-0.0021706, 0.0003007, 0.00030074, 0.00107589, 0.0003007,sell
2018-03-21,0,0,0,0,0.33,0,0,0.6, 0.0078588, 0.0080219, 0.00574289, 0.00785880, 0.0073734,buy
2018-03-22,0,0,0,0,0.19,0,0,1.03,-0.0049027,-0.0008861,-0.00404826,-0.00404826,-0.0041955,sell
2018-03-23,0,0,0.32,0,0.2,0,0,2.11,-0.0028186,-0.0042244,-0.00308900,-0.00095861,-0.0057972,sell
2018-03-24,0,0,0.99,0,0.24,0,0,2.36, 0.0039841, 0.0019285, 0.00398411, 0.00474615, 0.0040785,buy
2018-03-25,0,0,1.6,0,0.33,0,0,1.5, 0.0050977, 0.0052604, 0.00509767, 0.00516246, 0.0050977,buy
2018-03-26,0.04,0.11,0.78,0,0.49,0.22,0,0.98, 0.0027935, 0.0029584, 0.00330529,-0.00137110, 0.0034269,buy
2018-03-27,0.1,0.27,0,0,0.81,0.38,0,0.83, 0.0020918, 0.0020470,-0.00111609, 0.00131370, 0.0013893,buy
2018-03-28,0.22,0.39,0,0,1.4,0.85,0,1.04,-0.0082684,-0.0059333,-0.00946481,-0.00920083,-0.0070271,sell
2018-03-29,0.52,0.23,0,0,1.33,1.71,0,1.42,-0.0033353, 0.0054901, 0.00039289, 0.00203837, 0.0048328,buy
2018-03-30,1,0.09,0,0,0.7,3.62,0,1, 0.0070664, 0.0092899, 0.00693214, 0.00222367, 0.0103138,buy
2018-03-31,0.77,0,0,0,0.35,3.98,0,0.51, 0.0044142, 0.0044142, 0.00506649, 0.00505951, 0.0044223,buy
2018-04-01,0.33,0,0,0,0.28,1.95,0,0.39, 0.0064809, 0.0036506, 0.00021390, 0.00405659, 0.0072743,buy
2018-04-02,0.14,0,0,0,0.26,0.93,0,0.57, 0.0042289, 0.0060488, 0.00646173, 0.00535920, 0.0068789,buy
2018-04-03,0.06,0,0,0,0.62,0.38,0,1.23, 0.0108261, 0.0019249, 0.00730648, 0.00533582, 0.0140998,buy
2018-04-04,0.06,0,0,0,1.39,0.22,0,2.11,-0.0029536,-0.0015097,-0.00363095,-0.00305967,-0.0012702,sell
2018-04-05,0.22,0.11,0,0,1.68,0,0,1.71, 0.0005431,-0.0042331, 0.00054308, 0.00054308,-0.0021017,buy
2018-04-06,0.59,0.18,0,0,1.95,0,0,0.92, 0.0013213, 0.0006129, 0.00356726,-0.00166275, 0.0007372,buy
2018-04-07,1.11,0.31,0,0,1.1,0,0,0.52, 0.0054671, 0.0034783, 0.00045860, 0.00592724, 0.0069656,buy
2018-04-08,0.87,0.4,0,0,0.26,0,0,0.39,-0.0010098,-0.0013876,-0.00409329,-0.00218558,-0.0010098,sell
2018-04-09,0.66,0.33,0.36,0,0,0,0,0.53, 0.0008621, 0.0024561, 0.00239958, 0.00086212, 0.0017011,buy
2018-04-10,0.91,0.23,0.94,0,0,0,0,1.1,-0.0015750, 0.0040458,-0.00038441, 0.00317903, 0.0021251,buy
2018-04-11,1,0.17,1.59,0,0,0,0,1.33, 0.0003350, 0.0011844, 0.00118439, 0.00192113, 0.0018977,buy
2018-04-12,0.62,0.21,1,0,0,0,0,0.76,-0.0015590, 0.0017603,-0.00250875,-0.00027715,-0.0001773,sell
2018-04-13,0.34,0.33,0.38,0,0,0.14,0,0.41, 0.0019733, 0.0015218, 0.00503743, 0.00250568,-0.0003137,buy
2018-04-14,0.24,0.51,0,0,0,0.45,0,0.31,-0.0067967,-0.0034944,-0.00043053, 0.00012224, 0.0000421,sell
2018-04-15,0.28,0.41,0,0.33,0,1.34,0,0.27,-0.0037724, 0.0001207,-0.00377237,-0.00542849, 0.0023031,sell
2018-04-16,0.58,0.26,0,1.07,0,1.96,0,0.25,-0.0018655,-0.0030741,-0.00067137, 0.00262044, 0.0004507,buy
2018-04-17,1,0.19,0,1.6,0,1.23,0,0.25, 0.0036977, 0.0071419, 0.00764562, 0.00092583, 0.0030207,buy
2018-04-18,0.61,0.4,0,0.69,0,0.86,0,0.29,-0.0048336,-0.0041736,-0.00592576,-0.00654521,-0.0048860,sell
2018-04-19,0.24,0.78,0,0,0,1.22,0,0.27, 0.0053070, 0.0133959, 0.01007407, 0.01113418, 0.0020463,buy
2018-04-20,0.14,0.76,0,0,0,1.96,0,0.27,-0.0004094, 0.0026098, 0.00475751, 0.00316696, 0.0019350,buy
2018-04-21,0.16,0.37,0,0,0.23,1.59,0,0.27,-0.0039588,-0.0016480,-0.00475874,-0.00395878,-0.0031762,sell
2018-04-22,0.34,0.15,0,0,0.66,0.69,0,0.31, 0.0081742, 0.0061946, 0.00788259, 0.00572924, 0.0066331,buy
2018-04-23,0.73,0.08,0,0,1.38,0.29,0,0.41, 0.0063920, 0.0041727, 0.00594438, 0.00328674, 0.0032431,buy
2018-04-24,0.99,0,0,0,1.02,0,0,0.69, 0.0010420, 0.0005955, 0.00144854,-0.00044261, 0.0024222,buy
2018-04-25,0.66,0,0,0,0.36,0,0,1.18, 0.0031996, 0.0019294, 0.00192941, 0.00450149, 0.0020701,buy
2018-04-26,0.39,0,0.37,0,0.13,0,0,1.12,-0.0011083,-0.0038578,-0.00165462,-0.00133744,-0.0013041,sell
2018-04-27,0.4,0,1.02,0,0,0,0,0.53, 0.0040653, 0.0060137, 0.00484555, 0.00593327, 0.0004141,buy
2018-04-28,0.73,0.15,1.6,0,0,0,0,0.25, 0.0013025, 0.0006388,-0.00150782, 0.00182383, 0.0012324,buy
2018-04-29,1,0.49,0.88,0,0,0,0,0.11,-0.0028878,-0.0011537, 0.00023940, 0.00076917, 0.0001870,buy
2018-04-30,0.6,0.53,0.78,0,0.3,0,0,0.04, 0.0014198, 0.0025510, 0.00384474, 0.00251213, 0.0031301,buy
2018-05-01,0.25,0.5,1.37,0,0.64,0,0,0,-0.0010399,-0.0005328,-0.00064271,-0.00081972, 0.0009620,sell
2018-05-02,0.1,0.4,1.57,0,1.51,0,0,0, 0.0028872, 0.0043631,-0.00047461, 0.00175683, 0.0051865,buy
2018-05-03,0.04,0.21,0.86,0,1.59,0,0,0, 0.0014648, 0.0043185, 0.00220977, 0.00140830,-0.0004834,buy
2018-05-04,0,0.11,0.88,0,0.76,0.35,0,0.13,-0.0013767,-0.0019150,-0.00093780,-0.00285453,-0.0017428,sell
2018-05-05,0,0,1.6,0,0.48,0.97,0,0.43,-0.0031434,-0.0037571,-0.00157707,-0.00160469,-0.0012251,sell
2018-05-06,0,0,0.83,0,0.37,2,0,1.23,-0.0012975, 0.0000546,-0.00083149,-0.00174931, 0.0066052,sell
2018-05-07,0.03,0,0,0.56,0.46,1.43,0,2.47,-0.0035614,-0.0006354,-0.00103896, 0.00008239,-0.0003449,sell
2018-05-08,0.07,0.09,0.61,1.49,0.57,0.51,0,1.84, 0.0058538,-0.0014226, 0.00143771, 0.00298401,-0.0050714,buy
2018-05-09,0.18,0.23,1.57,1.57,0.7,0.18,0,0.82,-0.0004419, 0.0007982, 0.00152652, 0.00075396, 0.0007540,buy
2018-05-10,0.41,0.4,1.63,0.62,0.87,0,0,0.66, 0.0016404,-0.0058817,-0.00161219,-0.00272633,-0.0049856,sell
2018-05-11,0.99,0.29,1.58,0,1.07,0.16,0,1.03, 0.0024229, 0.0065906,-0.00127687, 0.00681779, 0.0019055,buy
2018-05-12,0.97,0.23,1.59,0,1.32,0.57,0,1.6, 0.0001843, 0.0049536,-0.00190717, 0.00403797, 0.0001991,buy
2018-05-13,0.41,0.26,0.69,0,1.4,1.63,0,1.37,-0.0016124, 0.0025935, 0.00404916, 0.00123469, 0.0028009,buy
2018-05-14,0.28,0.4,0,0,1.18,2.41,0,1.09,-0.0024991,-0.0032254,-0.00368125,-0.00171840,-0.0037706,sell
2018-05-15,0.55,0.24,0,0,0.96,1.36,0,1.18,-0.0072878,-0.0058013,-0.00689137,-0.00666710,-0.0049594,sell
2018-05-16,1.09,0.1,0,0,0.78,1.07,0,1.23,-0.0008471,-0.0016110,-0.00257631,-0.00412530,-0.0018234,sell
2018-05-17,0.78,0,0,0,0.63,1.25,0,0.97,-0.0030851,-0.0030851,-0.00661983,-0.00308249,-0.0016046,sell
2018-05-18,1.13,0,0.33,0,0.7,1.72,0,0.73, 0.0018709, 0.0007104,-0.00210447,-0.00463321, 0.0010759,buy
2018-05-19,0.73,0.11,0.69,0,0.95,2,0,0.54, 0.0045342, 0.0054047, 0.00051248,-0.00013563, 0.0034937,buy
2018-05-20,0.31,0.34,1.46,0,1.47,1.69,0,0.41,-0.0135458,-0.0135919,-0.01251186,-0.00657092,-0.0068378,sell
2018-05-21,0.31,0.4,1.59,0.52,1.9,1.22,0,0.31, 0.0004908, 0.0054285, 0.00752000, 0.00163685, 0.0072069,buy
2018-05-22,0.53,0.14,0.81,2.52,1.45,0.9,0,0.23, 0.0003652, 0.0010002, 0.00034610, 0.00144510,-0.0015074,buy
2018-05-23,0.98,0.17,0.95,3.07,1.1,0.92,0,0.18, 0.0014357, 0.0025485, 0.00190198, 0.00150768, 0.0017358,buy
2018-05-24,1.34,0.39,1.52,1.23,1.15,0.98,0,0.14, 0.0025834, 0.0015998, 0.00227019, 0.00060842, 0.0006084,buy
2018-05-25,1.58,0.39,1.59,1.12,1.38,1.31,0,0.11, 0.0019331, 0.0015087, 0.00092390,-0.00096596,-0.0007534,buy
2018-05-26,0.82,0.68,0.61,1.57,1.49,2.19,0,0.08,-0.0073822,-0.0047597, 0.00028448,-0.00515766,-0.0047597,sell
2018-05-27,0.28,0.58,0.48,0.72,1.01,2.19,0,0.06,-0.0004778,-0.0004778,-0.00333546,-0.00642744, 0.0003665,buy
2018-05-28,0.11,0.23,1.2,0,0.78,1.13,0,0.05,-0.0008221,-0.0005894, 0.00130434, 0.00181074, 0.0018107,buy
2018-05-29,0.14,0.09,1.59,0,1.13,0.45,0,0.04, 0.0060904, 0.0072289, 0.00722892, 0.00383959, 0.0052516,buy
2018-05-30,0.33,0,1.6,0,1.78,0.2,0,0,-0.0012895, 0.0005481,-0.00098754,-0.00022338,-0.0043781,sell
2018-05-31,1.06,0.08,1.87,0,0.78,0,0,0, 0.0024625, 0.0009283, 0.00538405, 0.00734650, 0.0010303,buy
2018-06-01,2.63,0.39,0.88,0,0.36,0,0,0,-0.0012147, 0.0039868, 0.00041146, 0.00398677, 0.0004115,sell
2018-06-02,2.12,0.26,1.57,0,0.31,0,0,0,-0.0023199,-0.0013506,-0.00560858,-0.00208669,-0.0053725,sell
2018-06-03,0.8,0,0.93,0,0.42,0.19,0,0.07, 0.0012127,-0.0001131, 0.00535429, 0.00519818, 0.0043181,buy
2018-06-04,0.24,0,0.7,0.47,0.55,0.42,0,0.22,-0.0001558, 0.0001118,-0.00283926,-0.00015988, 0.0004086,buy
2018-06-05,0.06,0,3.13,1.37,0.72,1.78,0,0.75, 0.0006146, 0.0002630, 0.00349736, 0.00068796,-0.0041062,buy
2018-06-06,0,0,2.89,1.57,0.94,3.98,0,2.13, 0.0021094,-0.0029460,-0.00256003,-0.00386486,-0.0009135,buy
2018-06-07,0,0,1.02,0.61,1.22,2.45,0,1.72,-0.0009672, 0.0016965,-0.00201426,-0.00069915, 0.0002302,sell
2018-06-08,0,0.22,1.53,0,1.54,0.8,0,0.72,-0.0027659,-0.0030580,-0.00305801,-0.00305801,-0.0008776,sell
2018-06-09,0,0.4,1.02,0,1.6,0.35,0,0.27,-0.0063548,-0.0031042,-0.00615134,-0.00541247,-0.0003298,sell
2018-06-10,0,0.11,0.82,0,1.85,0.16,0,0.12,-0.0040155,-0.0047598,-0.00401551,-0.00435547,-0.0043322,sell
2018-06-11,0,0.18,1.59,0,2.16,0,0,0.1, 0.0015018, 0.0011860,-0.00169534, 0.00047476,-0.0005014,buy
2018-06-12,0,0.54,1.77,1.56,1.54,0,0,0.13,-0.0059420,-0.0039308,-0.00108048,-0.00295503,-0.0023274,sell
2018-06-13,0,0.59,2.08,1.32,0.89,0,0,0.36,-0.0043686,-0.0015131, 0.00120613,-0.00204273,-0.0022745,sell
2018-06-14,0,0.71,1.34,0,0.58,0,0,1,-0.0035965,-0.0044642,-0.00293788,-0.00377666,-0.0055444,sell
2018-06-15,0,0.64,0.38,1.29,0.34,0,0,1.18, 0.0026686,-0.0009194,-0.00328027,-0.00521309,-0.0052131,buy
2018-06-16,0,0.29,1.39,1.57,0.28,0,0,0.51,-0.0033946,-0.0004790,-0.00152668,-0.00318270,-0.0018045,sell
2018-06-17,0.04,0,1.9,0.29,0.24,0,0,0.19, 0.0043490, 0.0060477, 0.00312846, 0.00502368, 0.0056868,buy
2018-06-18,0.22,0.11,1.26,0.62,0.2,0,0,0.07,-0.0024391,-0.0000690,-0.00581292,-0.00542296,-0.0021738,sell
2018-06-19,1.11,0.28,1.6,1.87,0.17,0,0,0,-0.0001919, 0.0019743, 0.00144264,-0.00019187, 0.0035662,buy
2018-06-20,1.44,0.4,0.88,2.14,0.15,0,0,0,-0.0000236, 0.0013979, 0.00041791,-0.00076796, 0.0024875,buy
2018-06-21,1.13,0.22,0.29,2.06,0.13,0,0,0, 0.0030974, 0.0035033, 0.00350330, 0.00078902, 0.0021710,buy
2018-06-22,0.26,0.09,0,2,0.11,0,0,0.06, 0.0012789, 0.0003256, 0.00214559,-0.00100850,-0.0003889,buy
2018-06-23,0.05,0.19,0,1.99,0.1,0,0,0.18, 0.0008975, 0.0003138, 0.00207757, 0.00097426, 0.0009743,buy
2018-06-24,0,0.4,0,0.62,0,0,0,0.53,-0.0062280,-0.0008849,-0.00880118, 0.00087376,-0.0091739,sell
2018-06-25,0,0.24,0,0.37,0,0.16,0,1.19,-0.0046777,-0.0068933,-0.00721607,-0.00467772,-0.0032016,sell
2018-06-26,0,0.07,1.65,0.92,0,0.2,0,0.89,-0.0012847, 0.0002284,-0.00059274, 0.00082316, 0.0061414,buy
2018-06-27,0,0,2.88,1.57,0,0.24,0,0.35,-0.0027580, 0.0022856, 0.00209266,-0.00252230, 0.0022856,buy
2018-06-28,0,0.08,2.24,1.07,0,0.29,0,0.26,-0.0012666, 0.0030437, 0.00148561,-0.00381118, 0.0020688,sell
2018-06-29,0,0.29,1.63,0.43,0,0.35,0,0.6, 0.0031330, 0.0007358,-0.00085487, 0.00168161,-0.0008203,buy
2018-06-30,0,0.56,2.48,0,0,0.41,0,1.2,-0.0060298,-0.0117242,-0.00611481,-0.00417083,-0.0101318,sell
2018-07-01,0.05,0.53,3.59,0,0,0.47,0,0.67,-0.0074282,-0.0078365,-0.00783651,-0.00761656,-0.0076083,sell
2018-07-02,0.15,0.3,3.11,0,0,0.53,0,0.19,-0.0008978,-0.0008978,-0.00089778,-0.00185663, 0.0020961,sell
2018-07-03,0.41,0.1,1.93,0,0,0.59,0,0.06, 0.0020340, 0.0021448, 0.00216710, 0.00257825,-0.0013690,buy
2018-07-04,1.16,0.07,0.44,0.83,0,0.66,0,0,-0.0084051,-0.0071056,-0.00679829,-0.00686802,-0.0078170,sell
2018-07-05,2.07,0.25,0,1.59,0,0.71,0,0, 0.0002635, 0.0002635, 0.00047767,-0.00025364,-0.0021624,sell
2018-07-06,1.49,0.4,0,0.86,0,0.76,0,0.1, 0.0058777, 0.0001098, 0.00248478, 0.00015147, 0.0026473,buy
2018-07-07,1.03,0.17,0,0,0,0.8,0,0.28,-0.0024104,-0.0081024,-0.00810244,-0.00596168,-0.0062644,sell
2018-07-08,1.2,0,0,0,0,0.82,0,0.79, 0.0002477, 0.0011269, 0.00034750,-0.00288533, 0.0003574,buy
2018-07-09,0.89,0,0,0,0,0.99,0,1.19,-0.0067929,-0.0067929,-0.00645309,-0.00661460,-0.0039942,sell
2018-07-10,0.65,0,0.48,0.45,0,1.02,0,0.67,-0.0044433,-0.0036649,-0.00487184,-0.00444333,-0.0044433,sell
2018-07-11,1.06,0,1.17,1.07,0.1,1.05,0,0.26,-0.0072274,-0.0071107,-0.00645907,-0.00487717,-0.0080127,sell
2018-07-12,1.29,0.08,1.6,1.6,0.11,1.07,0,0.11,-0.0039051,-0.0041206,-0.00455875,-0.00344721,-0.0067431,sell
2018-07-13,1.14,0.3,0.91,0.96,0.12,1.09,0,0.05,-0.0037474,-0.0040401,-0.00334127,-0.00400705,-0.0020011,sell
2018-07-14,1.15,0.56,1.93,0.4,0.14,1.09,0,0,-0.0021005,-0.0018740, 0.00304159,-0.00304189, 0.0018737,buy
2018-07-15,0.56,0.62,3.64,0,0.16,1.09,0,0,-0.0090789,-0.0100252,-0.01002523,-0.00907887,-0.0094034,sell
2018-07-16,0.24,0.49,4.51,0,0.18,1.09,0,0,-0.0058013,-0.0075817,-0.00758168,-0.00580126,-0.0056270,sell
2018-07-17,0.2,0.21,2.49,0,0.21,1.1,0,0,-0.0034557,-0.0033842,-0.00199293,-0.00576378,-0.0028365,sell
2018-07-18,0.26,0.11,0.7,0,0.24,1.11,0,0.04, 0.0066075, 0.0060063, 0.00281952, 0.00623847, 0.0043442,buy
2018-07-19,0.46,0,0.41,0,0.28,1.12,0,0.05, 0.0033336, 0.0031913, 0.00390351, 0.00319134, 0.0038716,buy
2018-07-20,0.75,0,0,0,0.34,1.14,0,0.06, 0.0085507, 0.0089683, 0.00910623, 0.00724473, 0.0072447,buy
2018-07-21,0.99,0,0,0,0.4,1.17,0,0.14, 0.0075842, 0.0063864, 0.00638644, 0.00834848, 0.0090029,buy
2018-07-22,0.87,0.15,0,0,0.48,1.21,0,0.24, 0.0004703,-0.0044140,-0.00600438,-0.00262320, 0.0007871,sell
2018-07-23,0.62,0.35,0,0.7,0.57,1.28,0,0.45, 0.0024338, 0.0002596, 0.00013385, 0.00289407,-0.0009056,buy
2018-07-24,0.53,0.54,0.28,1.59,0.69,1.35,0,0.94,-0.0027689,-0.0026432,-0.00260095,-0.00264321,-0.0026432,sell
2018-07-25,0.53,0.55,0.68,1.73,0.83,1.44,0,1.38,-0.0017696,-0.0029007,-0.00232976,-0.00290068,-0.0029007,sell
2018-07-26,0.7,0.68,1.57,1.7,1,1.52,0,1.08,-0.0073636,-0.0050754,-0.00380776,-0.00474211,-0.0050754,sell
2018-07-27,1.28,0.55,1.46,1.59,1.21,1.68,0,0.79, 0.0014565, 0.0005230,-0.00009830, 0.00026856, 0.0002686,buy
2018-07-28,1.41,0.34,0.59,0.68,1.55,1.86,0,0.86,-0.0025739, 0.0006099,-0.00007907,-0.00085820,-0.0047587,sell
2018-07-29,0.94,0.35,0,0,1.8,2.06,0,1.38, 0.0034576, 0.0045353, 0.00169876, 0.00345760,-0.0028180,buy
2018-07-30,0.88,0.4,0,0,2.47,2.29,0,1.89, 0.0029920, 0.0070833, 0.00540786, 0.00487964, 0.0008360,buy
2018-07-31,1.05,0.23,0,0,1.99,2.39,0,1.6, 0.0027161, 0.0041286, 0.00404905, 0.00320485, 0.0011920,buy
2018-08-01,0.92,0.1,0,0,1.03,2.34,0,1.43,-0.0004129,-0.0015888,-0.00075438,-0.00224502,-0.0007496,buy
2018-08-02,0.59,0,0.43,0,0.61,2.3,0,1.35,-0.0011485,-0.0029507,-0.00501888, 0.00091965,-0.0045475,sell
2018-08-03,0.35,0.07,0.75,0,0.5,2.57,0,1.12,-0.0008334,-0.0013109,-0.00588415,-0.00048540,-0.0014070,sell
2018-08-04,0.22,0.13,1.36,0,0.42,2.97,0,1,-0.0020621,-0.0024065,-0.00455646,-0.00219524,-0.0016706,sell
2018-08-05,0.2,0.23,1.59,0,0.35,3.89,0,1.15, 0.0083072, 0.0083463, 0.00858421, 0.00623384, 0.0074016,buy
2018-08-06,0.35,0.4,1.4,0,0.29,4.64,0,1.77, 0.0053991, 0.0018922, 0.00163900, 0.00159951, 0.0018630,buy
2018-08-07,0.93,0.35,2.35,0,0.24,4.67,0,1.84, 0.0015890,-0.0026549,-0.00056001,-0.00393109,-0.0002718,buy
2018-08-08,0.98,0.26,3.42,0,0.21,5.67,0,1.49,-0.0042008,-0.0046598,-0.00253044,-0.00462135,-0.0021002,sell
2018-08-09,0.34,0.28,4.19,0,0.17,4.54,0,2.04,-0.0026083,-0.0041728,-0.00097448,-0.00241099,-0.0020548,sell
2018-08-10,0.11,0.4,3.54,0,0.15,2.95,0,2.45, 0.0014316, 0.0014998, 0.00374433, 0.00557436, 0.0038565,buy
2018-08-11,0.09,0.33,2.66,0,0.13,2.41,0,1.92, 0.0016562, 0.0054427, 0.00589313, 0.00564741, 0.0058931,buy
2018-08-12,0.11,0.14,1.99,0,0.11,2.17,0,1.07, 0.0062726, 0.0062978, 0.00517653,-0.00203927, 0.0059681,buy
2018-08-13,0.24,0,0.7,0,0.1,1.98,0,0.58, 0.0027230,-0.0016155, 0.00047633,-0.00191210,-0.0014725,buy
2018-08-14,0.51,0,0.29,0,0,1.82,0,0.31, 0.0056692, 0.0017683, 0.00973757, 0.00621655, 0.0012511,buy
2018-08-15,1,0,0,0,0,1.69,0,0.21, 0.0004620,-0.0010561,-0.00105609, 0.00074592,-0.0003141,buy
2018-08-16,0.88,0,0,0,0,1.6,0,0.15, 0.0039353, 0.0026536, 0.00265356, 0.00341397, 0.0034140,buy
2018-08-17,0.42,0,0,0,0,1.52,0,0.12, 0.0086115, 0.0046295, 0.00861145, 0.00820403, 0.0046295,buy
2018-08-18,0.2,0,0,0,0,1.47,0,0.1, 0.0004790, 0.0027772, 0.00037025, 0.00277718, 0.0034396,buy
2018-08-19,0.09,0,0,0,0.11,1.44,0,0.06, 0.0036008, 0.0039078, 0.00390775, 0.00390775, 0.0015652,buy
2018-08-20,0.04,0,0.94,0,0.23,1.42,0,0.05,-0.0022725,-0.0022725,-0.00218525,-0.00094552,-0.0006045,sell
2018-08-21,0.07,0,2.33,0,0.46,1.41,0,0.09, 0.0091668, 0.0091668, 0.00978657, 0.00853263, 0.0050966,buy
2018-08-22,0.16,0,3.12,0,0.95,1.43,0,0.15, 0.0038267, 0.0023648, 0.00131009, 0.00041209,-0.0001023,buy
2018-08-23,0.4,0,2.06,0,1.4,1.46,0,0.23,-0.0054619,-0.0023292,-0.00419780,-0.00615966,-0.0040043,sell
2018-08-24,0.96,0,0.95,0,0.99,1.5,0,0.43, 0.0086155, 0.0061818, 0.00019675, 0.00406300, 0.0072190,buy
2018-08-25,1.98,0.12,0.93,0,0.49,1.57,0,0.86,-0.0005373, 0.0001351, 0.00241277, 0.00342775,-0.0015318,buy
2018-08-26,1.69,0.28,1.52,0,0.25,1.66,0,1.65, 0.0049626, 0.0049626,-0.00017488, 0.00120755, 0.0041258,buy
2018-08-27,0.71,0.53,1.57,0,0.12,1.76,0,2.01, 0.0028994, 0.0027346, 0.00396839, 0.00396839, 0.0040983,buy
2018-08-28,0.29,0.6,1.05,0,0,1.89,0,1.68,-0.0041226,-0.0034945,-0.00374174,-0.00374174,-0.0030971,sell
2018-08-29,0.13,0.5,1.27,0,0,2.08,0,0.84,-0.0063972,-0.0047798,-0.00639721,-0.00430285,-0.0058641,sell
2018-08-30,0.03,0.14,1.57,0,0,2.28,0,0.37,-0.0004463,-0.0003545,-0.00041031,-0.00034396, 0.0002187,buy
2018-08-31,0,0,0.57,0,0,2.51,0,0.17, 0.0063912, 0.0046661, 0.00586374, 0.00676007, 0.0098040,buy
2018-09-01,0.08,0,0,0,0,2.51,0,0.05, 0.0065299, 0.0077847, 0.00382676, 0.00738065, 0.0079854,buy
2018-09-02,0.28,0,0,0,0.11,2.33,0,0.1, 0.0024876, 0.0060389, 0.00219909, 0.00349959, 0.0004281,buy
2018-09-03,0.98,0,0,0,0.12,2.18,0,0.14,-0.0033584,-0.0032052,-0.00278076,-0.00295604,-0.0030468,sell
2018-09-04,0.93,0.09,0.59,0,0.14,2.05,0,0.21,-0.0017129,-0.0029519,-0.00363736,-0.00501595,-0.0033413,sell
2018-09-05,0.44,0.18,1.57,0.32,0.15,1.96,0,0.33,-0.0020215,-0.0017658,-0.00453375,-0.00212005,-0.0020215,sell
2018-09-06,1.02,0.46,0.95,0.78,0.17,1.93,0,0.53,-0.0033061,-0.0043183,-0.00446227,-0.00372227,-0.0014891,sell
2018-09-07,2,0.87,0,1.57,0.18,1.94,0,0.86,-0.0039037, 0.0006238, 0.00062383, 0.00326433,-0.0025096,sell
2018-09-08,0.87,1.05,0,1.3,0.3,2,0,1.32, 0.0021440, 0.0037674, 0.00376835, 0.00123692,-0.0059968,buy
2018-09-09,0.38,1,0,0.88,0.34,2.14,0,1.27, 0.0003187,-0.0004623, 0.00085119,-0.00172921,-0.0073577,sell
2018-09-10,0.55,0.64,0,0.66,0.37,2.37,0,0.87, 0.0020820,-0.0005224,-0.00386642,-0.00007659, 0.0008593,buy
2018-09-11,0.98,0.29,0,1.24,0.42,2.31,0,0.65, 0.0015463,-0.0018161, 0.00418119, 0.00509219, 0.0045327,buy
2018-09-12,0.73,0.08,0,1.6,0.46,1.87,0,0.56, 0.0013223,-0.0006253, 0.00185297, 0.00173352, 0.0013766,buy
2018-09-13,0.31,0.18,0,2.43,0.52,1.51,0,0.53, 0.0052755, 0.0068019, 0.00106069, 0.00220948,-0.0003339,buy
2018-09-14,0.27,0.69,0,2.16,0.58,1.38,0,0.56,-0.0060405,-0.0076925,-0.00019522,-0.00769253,-0.0074634,sell
2018-09-15,0.81,0.58,0,0.66,0.65,1.8,0,0.64,-0.0017387,-0.0029383,-0.00245469,-0.00148342,-0.0009801,sell
2018-09-16,0.99,0.09,0,0,0.75,2.64,0,0.77,-0.0010858,-0.0008865,-0.00137292,-0.00532629,-0.0016610,sell
2018-09-17,0.23,0,0,0,0.86,1.76,0,0.96, 0.0019993, 0.0011004, 0.00425137, 0.00459100, 0.0013583,buy
2018-09-18,0.04,0,0,0,1.02,0.78,0,1.24, 0.0012277, 0.0007557,-0.00150141,-0.00172233,-0.0001954,buy
2018-09-19,0,0,0,0,1.2,0.3,0,1.24, 0.0026391,-0.0012864,-0.00142380,-0.00095289,-0.0000690,buy
2018-09-20,0,0,0,0,1.45,0.23,0,1.06, 0.0033917, 0.0033924, 0.00382612, 0.00403136, 0.0043650,buy
2018-09-21,0.09,0,0,0,1.73,0.17,0,1.26, 0.0053555, 0.0061133, 0.00496414, 0.00712777, 0.0061482,buy
2018-09-22,0.3,0,1.55,0,1.7,0,0,2.44, 0.0040946, 0.0038392, 0.00411368, 0.00696114, 0.0042441,buy
2018-09-23,0.97,0,2.32,0,1.39,0.21,0,3.43, 0.0013459,-0.0005912, 0.00145761, 0.00224703, 0.0027741,buy
2018-09-24,1.16,0,1.98,0,1.14,0.87,0,2.76, 0.0024925, 0.0011058, 0.00248322, 0.00389063, 0.0047201,buy
2018-09-25,0.63,0,1.34,0,1.12,1.95,0,2.8, 0.0031625, 0.0022176, 0.00327991, 0.00371925, 0.0037193,buy
2018-09-26,0.65,0,0.54,0,1.42,1.28,0,2.16, 0.0028304, 0.0032730, 0.00530198, 0.00158692, 0.0031275,buy
2018-09-27,0.99,0,0,0,2.06,0.7,0,1.08, 0.0020712,-0.0008801,-0.00083550, 0.00184382, 0.0021196,buy
2018-09-28,0.99,0,0,0,1.38,0.87,0,0.55, 0.0040090, 0.0044593, 0.00383246, 0.00349770, 0.0028881,buy
2018-09-29,0.58,0,0.78,0,0.71,1.77,0,0.29, 0.0045172, 0.0060021, 0.00325215, 0.00295801, 0.0045561,buy
2018-09-30,0.34,0,1.56,0,0.56,2,0,0.18,-0.0022500, 0.0029670,-0.00171382, 0.00209167,-0.0021246,sell
2018-10-01,0.23,0,0.67,0,0.65,1.07,0,0.31,-0.0039028,-0.0060449,-0.00495338,-0.00645341,-0.0055676,sell
2018-10-02,0.16,0,0,0,0.84,0.53,0,1.16, 0.0008678, 0.0027850,-0.00289778,-0.00191145, 0.0027850,buy
2018-10-03,0.11,0,0,0,1.73,0.26,0,1.24, 0.0018693, 0.0032739, 0.00167850, 0.00214894, 0.0032500,buy
2018-10-04,0.08,0,0,0,2.26,0,0,0.35, 0.0017341, 0.0004846, 0.00089905,-0.00100652, 0.0004781,buy
2018-10-05,0.04,0,0.35,0,2.25,0,0,0.16, 0.0001666, 0.0001687,-0.00001114, 0.00196009, 0.0001687,buy
2018-10-06,0.04,0,0.86,0,1.3,0,0,0.14, 0.0000287, 0.0002532,-0.00011391,-0.00024094,-0.0033336,buy
2018-10-07,0.04,0,1.59,0,0.54,0,0,0.22, 0.0005867, 0.0011713, 0.00117131, 0.00245886, 0.0037367,buy
2018-10-08,0.04,0.17,1.15,0,0.19,0,0,0.43,-0.0010865,-0.0002948,-0.00086772,-0.00317539,-0.0032633,sell
2018-10-09,0.04,0.39,0.47,0.53,0.18,0,0,0.79,-0.0070804,-0.0046311,-0.00841179,-0.00477871,-0.0084472,sell
2018-10-10,0.03,0.21,0,1.56,0.16,0,0,1.52, 0.0058334, 0.0014164, 0.00263057, 0.00381230,-0.0044607,buy
2018-10-11,0.03,0,0,1.09,0.15,0,0,2.18, 0.0046298,-0.0028756, 0.00380181,-0.00589955, 0.0035726,buy
2018-10-12,0,0,0,0.27,0.14,0,0,1.88,-0.0069310,-0.0062898,-0.00730490,-0.00415697,-0.0071221,sell
2018-10-13,0,0,0,0,0.28,0,0,0.93,-0.0052093,-0.0026466,-0.00208431,-0.00099705,-0.0028874,sell
2018-10-14,0,0,0,0,0.35,0,0,0.42, 0.0009690, 0.0022870, 0.00084874, 0.00796457, 0.0007502,buy
2018-10-15,0,0,0,0,0.62,0,0,0.23,-0.0010790, 0.0024254, 0.00281455, 0.00238284, 0.0028145,buy
2018-10-16,0.04,0,0,0,1,0,0,0.2,-0.0087273,-0.0058206,-0.00854004,-0.00915007,-0.0063839,sell
2018-10-17,0.15,0,0,0,1.56,0,0,0.27,-0.0002003,-0.0002614, 0.00388445, 0.00081518, 0.0012075,buy
2018-10-18,0.56,0,0,0,2.67,0,0,0.64,-0.0068837,-0.0013649,-0.00633299,-0.00231914,-0.0015501,sell
2018-10-19,0.99,0,0,0,2.7,0,0,1.19, 0.0006156, 0.0005759,-0.00149568, 0.00161540, 0.0050971,buy
2018-10-20,0.46,0.1,0,0,1.56,0.16,0,0.95, 0.0034619, 0.0008731,-0.00301481,-0.00664783, 0.0008731,buy
2018-10-21,0.13,0.25,0,0,0.87,0.53,0,0.42,-0.0051828, 0.0008687, 0.00092248, 0.00092248,-0.0053670,sell
2018-10-22,0.04,0.4,0,0.59,0.62,1.73,0,0.19,-0.0006309, 0.0004084, 0.00122290, 0.00266382, 0.0025300,buy
2018-10-23,0,0.25,0,1.49,0.39,2.18,0,0.09,-0.0111259,-0.0085752,-0.00833280,-0.00815140,-0.0099391,sell
2018-10-24,0,0.1,0,1.59,0.45,0.97,0,0.04, 0.0017360, 0.0005051, 0.00050515, 0.00175476, 0.0017548,buy
2018-10-25,0,0,0,0.66,0.53,0.67,0,0,-0.0034233, 0.0035613,-0.00400907,-0.00676505,-0.0034565,sell
2018-10-26,0,0,0,0,0.85,0.7,0,0, 0.0023481, 0.0002948, 0.00588351, 0.00657564, 0.0041439,buy
2018-10-27,0,0,0,0.3,1.36,1.06,0,0, 0.0088057,-0.0034952,-0.00382252,-0.00988258,-0.0007611,sell
2018-10-28,0,0,0,0.49,1.39,1.81,0,0, 0.0054528, 0.0076341, 0.00677599,-0.00176938, 0.0085968,buy
2018-10-29,0,0,0.3,0.81,1.01,2.36,0,0, 0.0017098, 0.0059616,-0.00223678, 0.00192892, 0.0047350,buy
2018-10-30,0,0.09,0.97,1.32,1.4,2.4,0,0, 0.0008999,-0.0027673,-0.00331146, 0.00113992,-0.0027592,buy
2018-10-31,0,0.16,1.56,1.59,2.04,2.67,0,0, 0.0025414, 0.0036027,-0.00069024, 0.00360268, 0.0013045,buy
2018-11-01,0,0.25,0.81,1.19,1.52,3.03,0,0, 0.0006841, 0.0019796,-0.00294539, 0.00208188, 0.0003841,buy
2018-11-02,0.05,0.39,0.27,0.76,1.84,2.68,0,0, 0.0049875, 0.0049875, 0.00318534, 0.00498751, 0.0048638,buy
2018-11-03,0.12,0.4,0,0.5,2.13,2.89,0,0, 0.0005164, 0.0005164,-0.00132056,-0.00034770, 0.0003209,buy
2018-11-04,0.3,0.26,0,0.33,2.17,1.83,0,0, 0.0026565, 0.0028511, 0.00214125, 0.00217240, 0.0024000,buy
2018-11-05,0.8,0.17,0,0,1.46,0.69,0,0,-0.0013064, 0.0001164,-0.00130636,-0.00145844,-0.0013064,sell
2018-11-06,1.09,0.12,0,0,0.68,0.2,0,0,-0.0077384,-0.0077384,-0.00879780,-0.00701725,-0.0072901,sell
2018-11-07,0.78,0.09,0,0,0.33,0,0,0,-0.0029006, 0.0000475,-0.00225630,-0.00540871,-0.0019967,sell
2018-11-08,0.8,0,0,0,0,0.37,0,0,-0.0014524, 0.0020025,-0.00000146,-0.00628145,-0.0000015,sell
2018-11-09,1.09,0,0,0,0,1,0,0.1,-0.0001156,-0.0004378,-0.00019401, 0.00040841,-0.0001156,buy
2018-11-10,0.78,0,0,0,0,2.22,0,0.16,-0.0005528,-0.0020703, 0.00039932,-0.00029627,-0.0002869,buy
2018-11-11,0.36,0,0,0,0,2.16,0,0.27, 0.0006787, 0.0041930, 0.00135448, 0.00290885,-0.0013551,buy
2018-11-12,0.17,0,0,0,0,2.03,0,0.44, 0.0003702, 0.0053930, 0.00219719, 0.00261910,-0.0006041,buy
2018-11-13,0.09,0.07,0,0,0,2.35,0,0.72,-0.0026062,-0.0026681,-0.00226835,-0.00038245,-0.0026322,sell
2018-11-14,0.05,0.1,0,0,0.12,1.55,0,1.01, 0.0074231, 0.0036670, 0.00237706, 0.00868279, 0.0088339,buy
2018-11-15,0,0.13,0,0,0.3,0.73,0,1.3,-0.0047085,-0.0049581,-0.00517389,-0.00470846,-0.0043750,sell
2018-11-16,0,0.15,0,0,0.74,0.26,0,1.58,-0.0034206,-0.0004271,-0.00331998,-0.00359112,-0.0014725,sell
2018-11-17,0,0.15,0,0,1.38,0,0,1.83,-0.0030225,-0.0019226,-0.00132495,-0.00258808,-0.0017421,sell
2018-11-18,0,0.14,0,0,1.08,0.38,0,2.11,-0.0062651,-0.0032942,-0.00727801,-0.00076707,-0.0031705,sell
2018-11-19,0,0.12,0.28,0,0.47,0.63,0,2.42,-0.0050484,-0.0017011,-0.00532461,-0.00052767,-0.0027196,sell
2018-11-20,0,0.09,0.71,0,0.21,1.38,0,2.38,-0.0046124,-0.0009805,-0.00244702,-0.00062888,-0.0014140,sell
2018-11-21,0,0,1.6,0,0.1,2.99,0,2.01, 0.0021888, 0.0033411, 0.00441441, 0.00111336, 0.0022595,buy
2018-11-22,0,0,1.36,0,0,5.84,0,1.81,-0.0008280, 0.0030569, 0.00351931, 0.00228441, 0.0036919,buy
2018-11-23,0,0,0.54,0,0.16,4.8,0,1.75, 0.0007445,-0.0019262, 0.00129622,-0.00346134,-0.0019262,buy
2018-11-24,0,0,0,0,0.51,2.33,0,1.66, 0.0026042, 0.0037378, 0.00271176, 0.00402100, 0.0006797,buy
2018-11-25,0,0.09,0,0,1.38,1.82,0,1.94,-0.0122016,-0.0048607,-0.00927632,-0.00831386,-0.0092602,sell
2018-11-26,0,0.12,0,0.28,1.15,3.11,0,2.42,-0.0030245,-0.0032650,-0.00532041,-0.00206591,-0.0068279,sell
2018-11-27,0,0.17,0,0.41,0.55,3.99,0,1.53,-0.0039860, 0.0018497,-0.00261901,-0.00036487,-0.0004295,sell
2018-11-28,0,0.24,0,0.62,0.61,2.35,0,1.24,-0.0013903, 0.0026431, 0.00578660, 0.00447269, 0.0071391,buy
2018-11-29,0,0.37,0,0.95,1.35,0.74,0,1.25,-0.0029517,-0.0041363,-0.00205850,-0.00276374,-0.0001530,sell
2018-11-30,0,0.4,0.47,1.5,1.79,0.14,0,1.38,-0.0049623,-0.0054153,-0.00354020,-0.00480525,-0.0029724,sell
2018-12-01,0,0.28,1.12,1.59,2.02,0,0,1.65,-0.0027801, 0.0050734, 0.00518966, 0.00580868, 0.0056628,buy
2018-12-02,0,0.18,1.59,1.03,1.53,0,0,2.12,-0.0010595, 0.0064760, 0.00500412, 0.00570065, 0.0050178,buy
2018-12-03,0,0.11,1.09,0.62,0.49,0.18,0,2.33,-0.0012929,-0.0022384,-0.00218804,-0.00001271, 0.0028856,buy
2018-12-04,0,0.19,0.63,0.37,0.13,0.33,0,2.4,-0.0025206,-0.0014102,-0.00336122,-0.00138479, 0.0003578,sell
2018-12-05,0,0.31,0.44,0,0,0.61,0,2.98,-0.0017934,-0.0027329,-0.00479696,-0.00121056,-0.0016364,sell
2018-12-06,0,0.4,0.36,0,0,1.46,0,2.78,-0.0040002,-0.0049452,-0.00501334,-0.00240883,-0.0039082,sell
2018-12-07,0,0.19,0.38,0,0,2.53,0,1.86, 0.0045876, 0.0008384, 0.00225111, 0.00166724, 0.0010428,buy
2018-12-08,0,0.08,0.49,0,0.1,2.76,0,1.34, 0.0004645,-0.0032319,-0.00153123, 0.00470359,-0.0005601,buy
2018-12-09,0,0,0.72,0,0.38,2.31,0,1.01,-0.0027416, 0.0000616,-0.00299381,-0.00274162, 0.0017686,sell
2018-12-10,0,0,1.17,0,0.77,2.47,0,0.75,-0.0057997,-0.0053832,-0.00629002,-0.00579972,-0.0034186,sell
2018-12-11,0,0,1.59,0,1.66,3.04,0,0.6, 0.0017599, 0.0015193, 0.00172177, 0.00150766, 0.0019210,buy
2018-12-12,0,0,1.15,0,2,3.08,0,0.48,-0.0030102,-0.0014054,-0.00140536,-0.00140536,-0.0033231,sell
2018-12-13,0,0,0.57,0,1.6,2.47,0,0.37, 0.0025654, 0.0014256, 0.00296862,-0.00104262, 0.0014459,buy
2018-12-14,0,0,0,0,1.65,2.34,0,0.28,-0.0010579,-0.0000055, 0.00000605,-0.00219026,-0.0026009,sell
2018-12-15,0,0,0,0,1.28,2.7,0,0.19,-0.0005345, 0.0025951, 0.00343460,-0.00254353, 0.0016027,buy
2018-12-16,0.06,0,0,0,0.7,3.18,0,0.14,-0.0055244,-0.0020545,-0.00496609,-0.00809957,-0.0018198,sell
2018-12-17,0.14,0,0,0,0.42,4.02,0,0.11, 0.0022863,-0.0029863,-0.00020336, 0.00047599,-0.0007723,buy
2018-12-18,0.32,0,0,0,0.24,3.9,0,0.08, 0.0024724,-0.0006047, 0.00124696, 0.00185050, 0.0008601,buy
2018-12-19,0.77,0,0,0,0.28,2.58,0,0.06,-0.0025371,-0.0026717, 0.00282513,-0.00245079,-0.0040688,sell
2018-12-20,1.54,0,0,0,0.37,1.94,0,0.04,-0.0013649, 0.0015817, 0.00326876, 0.00233769, 0.0041479,buy
2018-12-21,1.74,0,0,0,1.05,1.59,0,0,-0.0047274,-0.0025860, 0.00063967,-0.00297097, 0.0006720,sell
2018-12-22,1.1,0,0,0,1.39,1.58,0,0.1, 0.0029726, 0.0022477, 0.00208168,-0.00069690, 0.0034853,buy
2018-12-23,0.49,0.14,0,0,0.62,1.61,0,0.34, 0.0031162, 0.0041430, 0.00408854, 0.00385130, 0.0057788,buy
2018-12-24,0.22,0.39,0,0,0.31,1.67,0,1.11, 0.0030114, 0.0024928, 0.00323107, 0.00161259, 0.0030276,buy
2018-12-25,0.08,0.32,0,0,0.27,1.78,0,1.17, 0.0048296, 0.0041732, 0.00484061, 0.00362486, 0.0041718,buy
2018-12-26,0.03,0.09,0,0,0.45,1.93,0,0.37,-0.0000529,-0.0015219,-0.00421644,-0.00421644,-0.0027772,buy
2018-12-27,0,0,0,0,0.9,2.11,0,0.11,-0.0085806,-0.0047675,-0.00738691,-0.00900988,-0.0080927,sell
2018-12-28,0,0,0,0,1.81,2.36,0,0,-0.0005175, 0.0002235, 0.00155333,-0.00229714,-0.0033836,buy
2018-12-29,0,0,0,0,3.52,2.48,0,0,-0.0028442,-0.0021943, 0.00568649, 0.00085075,-0.0018529,buy
2018-12-30,0,0,0,0,3.76,2.26,0,0,-0.0034425, 0.0025169, 0.00505859, 0.00505859, 0.0028582,buy
2018-12-31,0,0,0,0,2.81,2.12,0,0, 0.0070030, 0.0069331, 0.00706819, 0.00717593, 0.0070682,buy
2019-01-01,0.05,0,0,0,2.18,2.06,0,0, 0.0045599, 0.0073134, 0.00529036, 0.00731343, 0.0074265,buy
2019-01-02,0.19,0,0,0,2.29,2.21,0,0, 0.0019291, 0.0059920, 0.00306098, 0.00599195, 0.0049911,buy
2019-01-03,0.71,0,0,0,1.96,3.05,0,0.04, 0.0021566, 0.0024124, 0.00232194,-0.00236936, 0.0023206,buy
2019-01-04,0.99,0,0.57,0,1.11,3.64,0,0.09, 0.0043555, 0.0013817, 0.00031320,-0.00004909,-0.0000887,buy
2019-01-05,0.35,0,1.4,0,0.82,3.29,0,0.19, 0.0050608, 0.0065472, 0.00506085, 0.00614262, 0.0054418,buy
2019-01-06,0.09,0,1.57,0,0.82,3.45,0,0.4, 0.0054214, 0.0053875, 0.00532439, 0.00514501, 0.0061370,buy
2019-01-07,0,0,0.7,0,0.87,2.53,0,0.85,-0.0044466,-0.0033935,-0.00642178,-0.00444656,-0.0018341,sell
2019-01-08,0.03,0,0.28,0,1.4,1.39,0,1.2, 0.0034260, 0.0023803,-0.00123160,-0.00030123, 0.0018248,buy
2019-01-09,0.05,0,0,0,1.38,0.98,0,0.77, 0.0011882,-0.0008733, 0.00137716, 0.00118816, 0.0011882,buy
2019-01-10,0.07,0,0,0,0.86,0.97,0,0.36, 0.0052884,-0.0043405,-0.00090463,-0.00279603,-0.0038228,buy
2019-01-11,0.09,0,0,0,0.53,1.31,0,0.17,-0.0015230,-0.0029929, 0.00428297,-0.00013560, 0.0020744,buy
2019-01-12,0.13,0,0,0,0.52,2.22,0,0.08, 0.0023189, 0.0013875,-0.00046510,-0.00215566, 0.0040675,buy
2019-01-13,0.19,0,0,0,0.81,2.61,0,0.04, 0.0036718,-0.0005509, 0.00312058,-0.00017981, 0.0042857,buy
2019-01-14,0.26,0,0,0,1.49,1.61,0,0.05, 0.0076053, 0.0073209, 0.00601970,-0.00409945, 0.0069640,buy
2019-01-15,0.38,0,0,0,0.9,0.88,0,0.14, 0.0018642, 0.0030351, 0.00256903, 0.00250526,-0.0005072,buy
2019-01-16,0.53,0,0,0,0.27,0.81,0,0.3,-0.0009540, 0.0008078,-0.00235283,-0.00157917,-0.0015792,sell
2019-01-17,0.8,0,0,0,0.18,1.08,0,0.71, 0.0004368, 0.0002064,-0.00036865, 0.00003221, 0.0015423,buy
2019-01-18,1.05,0.11,0,0,0.85,1.82,0,1.59, 0.0102453, 0.0045492, 0.00440539, 0.00636938, 0.0045039,buy
2019-01-19,0.98,0.28,0,0,2,3.4,0,2.12, 0.0106794, 0.0099293, 0.00607301, 0.00993391, 0.0083979,buy
2019-01-20,0.74,0.39,0,0,3.28,4.24,0,2.42, 0.0050941, 0.0081893, 0.00791447, 0.00663638, 0.0096721,buy
2019-01-21,0.62,0.21,0,0,2.66,3.49,0,2.74, 0.0046074, 0.0057187, 0.00269507, 0.00520779, 0.0055166,buy
2019-01-22,0.58,0.08,0,0,2.09,2.58,0,2.14,-0.0036285, 0.0077855, 0.00112555, 0.00658207, 0.0029008,buy
2019-01-23,0.66,0,0,0,1.47,3.52,0,2,-0.0070408, 0.0015636,-0.00023700, 0.00053865,-0.0034345,sell
2019-01-24,0.85,0,0,0,0.81,4.85,0,0.97, 0.0017129, 0.0017129, 0.00171293, 0.00543840, 0.0106564,sell
2019-01-25,1.09,0,0,0,0.73,3.76,0,0.34, 0.0102611, 0.0060116, 0.00605019, 0.00605019, 0.0060502,buy
2019-01-26,0.95,0,0,0,1.13,2.27,0,0.15, 0.0009048, 0.0021743, 0.00165982, 0.00363820, 0.0028046,buy
2019-01-27,0.62,0,0,0,1.5,2.25,0,0.13, 0.0010029, 0.0024797,-0.00076933, 0.00218341,-0.0002965,buy
2019-01-28,0.4,0,0,0,0.78,2.8,0,0.16,-0.0070103,-0.0028537, 0.00266123,-0.00320222,-0.0028512,sell
2019-01-29,0.24,0,0,0,0.29,3.41,0,0.19,-0.0016023,-0.0016023,-0.00021246,-0.00085735, 0.0005735,sell
2019-01-30,0.2,0,0,0,0.11,3.09,0,0.34,-0.0017717,-0.0017717, 0.00197848, 0.00106293, 0.0018769,buy
2019-01-31,0.23,0,0,0,0.54,2.63,0,0.61,-0.0058796,-0.0021449,-0.00257225,-0.00618463,-0.0061010,sell
2019-02-01,0.42,0,0,0,2.77,2.46,0,1.08,-0.0032668,-0.0003475, 0.00056215,-0.00104430, 0.0039619,sell
2019-02-02,1.01,0,0,0,3.66,2.31,0,1.19,-0.0009194, 0.0057196,-0.00089783, 0.00278511, 0.0055099,buy
2019-02-03,0.99,0,0,0,2.79,2.04,0,0.73, 0.0046790, 0.0038223, 0.00811318, 0.00774822, 0.0079859,buy
2019-02-04,0.37,0,0,0,3.12,1.66,0,0.41, 0.0025537, 0.0002757, 0.00141341, 0.00170977, 0.0014134,buy
2019-02-05,0.14,0,0,0,2.93,1.49,0,0.23, 0.0023568, 0.0001616, 0.00235676, 0.00099001, 0.0023568,buy
2019-02-06,0.05,0,0,0,1.87,1.32,0,0.13,-0.0022617,-0.0015814,-0.00022019,-0.00167802,-0.0033284,sell
2019-02-07,0,0,0,0,0.65,1.18,0,0.07,-0.0003165,-0.0026046,-0.00000502,-0.00079011,-0.0024694,buy
2019-02-08,0,0,0,0,0.24,1.04,0,0.04, 0.0008987, 0.0014342, 0.00074701, 0.00093221, 0.0011459,buy
2019-02-09,0,0,0,0,0.57,1.32,0,0, 0.0008170, 0.0007293, 0.00288999, 0.00104184, 0.0005710,buy
2019-02-10,0,0,0,0,1.38,2.84,0,0,-0.0009898, 0.0019702, 0.00390663, 0.00281188,-0.0033960,buy
2019-02-11,0,0,0,0,1.38,3.01,0,0, 0.0024967, 0.0005596, 0.00386190, 0.00220363, 0.0025693,buy
2019-02-12,0,0,0,0,0.57,1.9,0,0, 0.0019762,-0.0001713,-0.00017709, 0.00061228, 0.0016468,buy
2019-02-13,0,0,0,0,0.24,2.69,0,0, 0.0078127, 0.0048537, 0.00570595, 0.00509931, 0.0061549,buy
2019-02-14,0,0,0,0,0.1,4.29,0,0,-0.0003893, 0.0015032, 0.00286756, 0.00288881,-0.0003893,buy
2019-02-15,0,0,0,0,0,3.13,0,0,-0.0074273,-0.0072807, 0.00082407,-0.00190726,-0.0016668,sell
2019-02-16,0,0,0,0,0,1.87,0,0,-0.0017374, 0.0019937,-0.00289216,-0.00513371,-0.0026756,sell
2019-02-17,0,0,0,0,0,2,0,0, 0.0049406, 0.0055578, 0.00098818, 0.00374253, 0.0041408,buy
2019-02-18,0,0,0,0,0,3.14,0,0, 0.0070215, 0.0034055, 0.00441210, 0.00431656, 0.0056081,buy
2019-02-19,0,0.07,0,0,0.2,2.72,0,0, 0.0058591, 0.0047427, 0.00416530, 0.00373100, 0.0048667,buy
2019-02-20,0,0.11,0,0,0.5,3.2,0,0.12,-0.0083740,-0.0070147,-0.00544786,-0.00811862,-0.0074760,sell
2019-02-21,0,0.18,0,0,1.26,3.66,0,0.42,-0.0043023,-0.0025708,-0.00518746, 0.00017387,-0.0030054,sell
2019-02-22,0,0.29,0,0,1.39,3.02,0,1.18, 0.0041561, 0.0036222, 0.00339476, 0.00422791, 0.0041147,buy
2019-02-23,0,0.4,0,0,0.59,2.03,0,1.02,-0.0035678,-0.0035678,-0.00562482,-0.00460776,-0.0025401,sell
2019-02-24,0,0.34,0,0,0.23,1.73,0,0.34, 0.0002355, 0.0002049,-0.00164801, 0.00043517,-0.0015440,buy
2019-02-25,0,0.21,0,0,0,2.41,0,0.12,-0.0023325,-0.0009772,-0.00578651,-0.00139599,-0.0015590,sell
2019-02-26,0,0.13,0,0,0,3.15,0,0.14, 0.0000586, 0.0010386,-0.00382110, 0.00202997,-0.0002415,buy
2019-02-27,0,0.08,0,0,0.13,3.08,0,0.24,-0.0003337, 0.0006827,-0.00015723, 0.00443179,-0.0010413,buy
2019-02-28,0,0,0,0,0.26,2.96,0,0.67,-0.0053643,-0.0038396,-0.00629947,-0.00420474,-0.0068568,sell
2019-03-01,0,0,0,0,0.44,2.55,0,1.18,-0.0060963, 0.0040916,-0.00426171,-0.00425564,-0.0050309,sell
2019-03-02,0,0,0,0,0.68,2.97,0,0.73,-0.0014484, 0.0033694, 0.00013097, 0.00304905, 0.0007855,sell
2019-03-03,0,0,0,0,0.9,2.2,0,0.27,-0.0067127, 0.0006783,-0.00700276,-0.00671274,-0.0000723,sell
2019-03-04,0,0,0,0,1.03,1.87,0,0.1,-0.0008997, 0.0047916, 0.00267255,-0.00140278, 0.0050550,buy
2019-03-05,0,0,0,0,1.06,2.9,0,0.03,-0.0014011,-0.0022129, 0.00201757, 0.00222054, 0.0022536,buy
2019-03-06,0,0,0,0,1.04,3.45,0,0, 0.0018100, 0.0022384, 0.00566602, 0.00285217, 0.0018100,buy
2019-03-07,0.03,0,0,0,0.9,4.43,0,0, 0.0004484, 0.0036293, 0.00517125, 0.00406929, 0.0003107,buy
2019-03-08,0.06,0,0,0,0.69,3.93,0,0,-0.0040911,-0.0006527, 0.00331251,-0.00007923,-0.0040911,sell
2019-03-09,0.09,0,0,0,0.46,1.64,0,0.04, 0.0009933, 0.0002390,-0.00642197, 0.00240374,-0.0011118,sell
2019-03-10,0.16,0,0,0,0.27,0.97,0,0.1,-0.0051729,-0.0043223,-0.00587481,-0.00956454,-0.0073312,sell
2019-03-11,0.27,0,0,0,0.15,1.98,0,0.26,-0.0002820,-0.0017236, 0.00279760,-0.00050082, 0.0021397,buy
2019-03-12,0.46,0,0,0,0.1,1.5,0,0.57,-0.0004902, 0.0012862, 0.00012105, 0.00276082,-0.0002520,buy
2019-03-13,0.78,0,0,0,0.27,0.25,0,1.34,-0.0050105,-0.0049940,-0.00563686,-0.00430572,-0.0022393,sell
2019-03-14,1.04,0,0,0,0.76,0,0,1.71, 0.0038024, 0.0048845, 0.00488452, 0.00467925, 0.0036749,buy
2019-03-15,0.8,0,0,0,1.64,0,0,1.84, 0.0050858, 0.0069252, 0.00427320, 0.00432767, 0.0042732,buy
2019-03-16,0.56,0,0,0,1.56,0,0,1.57, 0.0022597, 0.0028512, 0.00210891, 0.00177669, 0.0063234,buy
2019-03-17,0.48,0,0,0,2.07,0,0,0.82, 0.0035840, 0.0030823, 0.00579318, 0.00845692, 0.0034886,buy
2019-03-18,0.56,0,0.35,0,3.11,0,0,0.63,-0.0036202,-0.0063963,-0.00469324,-0.00304784,-0.0082640,sell
2019-03-19,0.83,0,0.59,0,3.03,0,0,0.7,-0.0091950,-0.0082775,-0.00690708,-0.00864621,-0.0052634,sell
2019-03-20,1.04,0,1.01,0,3.46,0,0,1.04,-0.0098094,-0.0089864,-0.00899198,-0.00666193,-0.0092551,sell
2019-03-21,0.78,0,1.6,0,4.01,0.21,0,1.2,-0.0080915,-0.0103433,-0.01131582,-0.00975039,-0.0113158,sell
2019-03-22,0.41,0,1.45,0,2.53,0.38,0,0.88, 0.0056324, 0.0054845, 0.00644211, 0.00237570, 0.0052684,buy
2019-03-23,0.23,0,0.85,0,1.18,0.63,0,0.54,-0.0059371,-0.0059371,-0.00619073,-0.00713825,-0.0056085,sell
2019-03-24,0.13,0,0.49,0,0.5,0.95,0,0.34, 0.0111243, 0.0074873, 0.00889230, 0.00889230, 0.0088733,buy
2019-03-25,0.07,0,0.29,0,0.16,1.32,0,0.21, 0.0036709, 0.0078063, 0.00370914, 0.00413231, 0.0017081,buy
2019-03-26,0.04,0,0,0,0,1.66,0,0.13,-0.0034843, 0.0036466,-0.00410098,-0.00582489,-0.0039777,sell
2019-03-27,0,0,0,0,0,1.93,0,0.08,-0.0018165, 0.0007091,-0.00207949,-0.00537729,-0.0026534,sell
2019-03-28,0,0,0,0,0.13,2.3,0,0.05,-0.0021872,-0.0012146,-0.00219942,-0.00782775,-0.0021872,sell
2019-03-29,0,0,0,0,0.23,2.84,0,0,-0.0041142,-0.0043410,-0.00057127,-0.00555607,-0.0042768,sell
2019-03-30,0,0,0,0,0.39,3.98,0,0, 0.0010877, 0.0010233, 0.00039527, 0.00109655, 0.0000442,buy
2019-03-31,0,0,0,0,0.67,3.77,0,0,-0.0015932,-0.0015932, 0.00107561,-0.00159317,-0.0015991,sell
2019-04-01,0,0,0,0,1.15,3.2,0,0,-0.0006021,-0.0018907,-0.00003349, 0.00261828, 0.0031480,buy
2019-04-02,0,0,0,0,1.39,3.31,0,0, 0.0019252,-0.0000135, 0.00013873, 0.00369036, 0.0031531,buy
2019-04-03,0,0,0,0,0.97,1.99,0,0,-0.0014198,-0.0031622,-0.00351681,-0.00640213,-0.0035168,sell
2019-04-04,0,0.07,0,0,0.73,0.95,0,0, 0.0004088, 0.0011376, 0.00062664,-0.00596492,-0.0074793,sell
2019-04-05,0,0.13,0,0,0.74,0.64,0,0, 0.0024273, 0.0038435, 0.00378321,-0.00005588,-0.0010795,buy
2019-04-06,0,0.22,0,0,1.24,0.41,0,0.07,-0.0020051,-0.0036648,-0.00063896,-0.00113737,-0.0053060,sell
2019-04-07,0,0.39,0,0,1.63,0.59,0,0.2,-0.0010124, 0.0010209, 0.00339724, 0.00311493, 0.0031539,buy
2019-04-08,0,0.4,0,0,1.11,1.26,0,0.44,-0.0067417,-0.0030416,-0.00678868,-0.00661278,-0.0067417,sell
2019-04-09,0,0.32,0,0,0.65,2.44,0,1.09,-0.0017597,-0.0016277,-0.00170017,-0.00325571,-0.0011861,sell
2019-04-10,0.04,0.29,0,0,0.48,2.17,0,1.75, 0.0025059, 0.0003659,-0.00055613, 0.00010032,-0.0030655,buy
2019-04-11,0.1,0.36,0,0,0.35,1.4,0,2.05,-0.0046307,-0.0069031,-0.00621296,-0.00487465,-0.0054020,sell
2019-04-12,0.24,0.4,0,0,0.39,1.34,0,2.39,-0.0046756,-0.0041469,-0.00149041,-0.00134364,-0.0015159,sell
2019-04-13,0.59,0.31,0,0,0.43,1.52,0,2.03, 0.0031420, 0.0030657, 0.00259085, 0.00323453, 0.0033993,buy
2019-04-14,0.99,0.17,0,0,0.48,2,0,1.34,-0.0003594,-0.0006890,-0.00386374,-0.00068897,-0.0000551,buy
2019-04-15,0.68,0.1,0,0,0.54,1.95,0,1.54, 0.0019374, 0.0004509,-0.00101253, 0.00045089, 0.0003529,buy
2019-04-16,0.28,0,0,0,0.77,1.46,0,1.29, 0.0024743, 0.0025302, 0.00204619, 0.00119153, 0.0009734,buy
2019-04-17,0.12,0,0,0,1.12,1.1,0,0.44,-0.0014385,-0.0003352,-0.00078021,-0.00078021,-0.0014170,sell
2019-04-18,0.05,0,0,0,1.95,0.83,0,0.13,-0.0052109,-0.0081348,-0.00537613,-0.00367220,-0.0096758,sell
2019-04-19,0,0,0,0,2.3,0.62,0,0.04, 0.0023414, 0.0003173, 0.00093850, 0.00309477, 0.0003173,buy
2019-04-20,0,0,0,0,1.88,0.75,0,0,-0.0042613,-0.0045221,-0.00480256, 0.00430683,-0.0059154,sell
2019-04-21,0,0,0,0,2.19,1.02,0,0.05, 0.0089205, 0.0079032, 0.00788898, 0.00838774, 0.0079032,buy
2019-04-22,0,0,0,0,2.77,2.02,0,0.09,-0.0013408, 0.0005993, 0.00176721, 0.00012041,-0.0008320,sell
2019-04-23,0,0,0,0,2.19,2.54,0,0.16, 0.0010651, 0.0012761, 0.00077004, 0.00084731,-0.0012068,buy
2019-04-24,0,0,0,0,1.29,1.78,0,0.28, 0.0035779, 0.0009875, 0.00398232, 0.00526413, 0.0048183,buy
2019-04-25,0,0,0,0,0.87,1.44,0,0.5, 0.0027432,-0.0005103, 0.00006169, 0.00195497, 0.0013257,buy
2019-04-26,0,0,0,0,0.59,1.86,0,0.86, 0.0014078, 0.0022534, 0.00337775, 0.00211218, 0.0020836,buy
2019-04-27,0,0.11,0,0,0.58,1.98,0,1.2, 0.0026271, 0.0079704, 0.00479538, 0.00231229, 0.0022230,buy
2019-04-28,0,0.26,0.36,0,0.78,1.39,0,0.97, 0.0043097, 0.0056280, 0.00156964, 0.00412746, 0.0043218,buy
2019-04-29,0,0.4,0.65,0,1.8,0.81,0,0.68,-0.0014103,-0.0002137,-0.00045752,-0.00035986,-0.0018595,sell
2019-04-30,0.03,0.23,1.16,0,1.51,0.48,0,1.02, 0.0052230, 0.0047180, 0.00293933, 0.00362147, 0.0046487,buy
2019-05-01,0.15,0.09,1.59,0,0.7,0.28,0,1.64,-0.0054978, 0.0006964,-0.00532563,-0.00549781,-0.0065644,sell
2019-05-02,0.72,0,1.57,0,0.54,0.17,0,1.76,-0.0029900,-0.0073668,-0.00758829,-0.00208322,-0.0020832,sell
2019-05-03,1,0,1.31,0.46,0.98,0,0,1.21,-0.0019094, 0.0021922, 0.00309961, 0.00308847, 0.0016503,buy
2019-05-04,0.26,0,1.52,0.86,1.76,0,0,0.29, 0.0019386, 0.0026356, 0.00169108, 0.00291711, 0.0025466,buy
2019-05-05,0.05,0,1.59,1.6,2.77,0,0,0.26, 0.0031545, 0.0034416, 0.00465249, 0.00424675, 0.0021144,buy
2019-05-06,0.04,0,1.2,1.5,2.22,0.16,0,0.68, 0.0040703, 0.0033743, 0.00390366, 0.00354880, 0.0022369,buy
2019-05-07,0.18,0,0.68,0.8,1.13,0.83,0,1.36, 0.0024584, 0.0017095,-0.00080239,-0.00251221,-0.0013903,buy
2019-05-08,0.54,0,0.38,0.42,0.61,1.96,0,1.26,-0.0007964, 0.0024722,-0.00046524,-0.00047516, 0.0033347,buy
2019-05-09,1.28,0,0,0,0.32,0.85,0,1.43,-0.0030113,-0.0051055,-0.00510549,-0.00189212,-0.0114187,sell
2019-05-10,1.46,0.4,0,0,0.2,0.16,0,0.97, 0.0034357, 0.0024705, 0.00192469, 0.00442997, 0.0026055,buy
2019-05-11,1.36,0.37,0.29,0,0.13,0.25,0,0.3,-0.0051175,-0.0018476,-0.00185729,-0.00563520, 0.0005552,sell
2019-05-12,1.01,0,0.74,0,0,0.83,0,0.1, 0.0022584,-0.0003565, 0.00543729, 0.00448118, 0.0054725,buy
2019-05-13,1.11,0,1.57,0,0,2,0,0,-0.0044275,-0.0063107,-0.00414821,-0.00497540,-0.0048949,sell
2019-05-14,1.1,0,1.28,0,0,1.32,0,0,-0.0022370,-0.0036218,-0.00189979,-0.00460758,-0.0026817,sell
2019-05-15,0.66,0,0.5,0,0.41,0.55,0,0,-0.0032966,-0.0036494,-0.00291783,-0.00291783,-0.0011222,sell
2019-05-16,1.28,0,0,0,1.39,0.53,0,0,-0.0039563,-0.0039421,-0.00116348,-0.00627250,-0.0035797,sell
2019-05-17,1.6,0,1.57,0,1.02,1.53,0,0,-0.0012821,-0.0049129,-0.00323220,-0.00200806,-0.0037879,sell
2019-05-18,1.15,0,1.34,0,0.23,1.98,0,0, 0.0026169, 0.0004393, 0.00282143, 0.00709212, 0.0086464,buy
2019-05-19,0.23,0.1,0,0,0,0.87,0,0, 0.0027240, 0.0033660, 0.00243282, 0.00177371, 0.0023368,buy
2019-05-20,0.03,0.32,0,0,0,0.3,0,0,-0.0108013,-0.0062244,-0.00427918,-0.00710904,-0.0071090,sell
2019-05-21,0,0.39,0,0,0.13,0,0,0,-0.0144194,-0.0031153,-0.00412331,-0.00014786,-0.0001479,sell
2019-05-22,0,0.22,0,0,1.4,0,0,0, 0.0004678, 0.0006382,-0.00005436, 0.00046785, 0.0004456,buy
2019-05-23,0,0.39,0,0,3.25,0.2,0,0,-0.0007039,-0.0037414, 0.00003454,-0.00085870,-0.0004158,buy
2019-05-24,0,0.67,0,0,2.19,0.98,0,0, 0.0029255, 0.0061001, 0.00292551, 0.00208027, 0.0020803,buy
2019-05-25,0,0.64,0,0,1.97,2,0,0,-0.0015757, 0.0000584,-0.00085869,-0.00158907,-0.0015757,sell
2019-05-26,0,0.4,0,0,1.83,0.81,0,0,-0.0005067, 0.0003839, 0.00566299, 0.00132431, 0.0016909,buy
2019-05-27,0,0.36,0,0,1.54,0.17,0,0,-0.0066164,-0.0046197,-0.00377774,-0.00406154,-0.0040652,sell
2019-05-28,0.05,0.34,0,0,2.05,0.15,0,0.16,-0.0066755,-0.0100120,-0.00139914,-0.00649474,-0.0104525,sell
2019-05-29,0.15,0.39,0.44,0,2.32,0.95,0,1,-0.0068958,-0.0056962,-0.00758695,-0.00542268,-0.0067805,sell
2019-05-30,0.49,0.26,1.85,1.15,1.8,2.4,0,1.16, 0.0048994, 0.0053036, 0.00594329, 0.00530358, 0.0039850,buy
2019-05-31,1.07,0.11,2.93,1.59,1.75,1.52,0,0.21,-0.0014547,-0.0016272, 0.00436130,-0.00152329,-0.0004024,buy
2019-06-01,0.94,0,3.14,0.3,1.55,1.18,0,0.04, 0.0062532, 0.0025960, 0.00866355, 0.00439616, 0.0043962,buy
2019-06-02,1.03,0,1.11,0,1.03,1.67,0,0, 0.0054361, 0.0054300, 0.00570329, 0.00406952, 0.0051943,buy
2019-06-03,1.06,0,0,0,0.78,2,0,0, 0.0025011, 0.0043878, 0.00065298, 0.00539942, 0.0036700,buy
2019-06-04,0.39,0,0,0,0.58,1.62,0,0, 0.0003350, 0.0025586, 0.00213863, 0.00267216, 0.0026722,buy
2019-06-05,0.13,0,0,0,0.61,1.17,0,0.05,-0.0024235,-0.0036341, 0.00082201,-0.00295466,-0.0032169,sell
2019-06-06,0.04,0,0,0,0.68,1.03,0,0.11,-0.0003123,-0.0013724, 0.00013436,-0.00092358,-0.0013724,buy
2019-06-07,0.03,0,0,0,0.97,1.14,0,0.25,-0.0045787,-0.0015630,-0.00430091,-0.00466483,-0.0043009,sell
2019-06-08,0.05,0,0.44,0.32,1.58,1.84,0,0.58,-0.0030913,-0.0016038,-0.00356165,-0.00100976,-0.0022690,sell
2019-06-09,0.09,0,1.09,0.82,1.43,2.65,0,1.19,-0.0033188, 0.0001286, 0.00079180,-0.00371342,-0.0011447,sell
2019-06-10,0.16,0.07,1.6,1.57,0.85,3.21,0,1.03, 0.0007805, 0.0004978, 0.00228168, 0.00120331, 0.0000615,buy
2019-06-11,0.27,0.23,1.2,1.43,0.62,3.02,0,0.44, 0.0019748, 0.0008500, 0.00422440,-0.00102241, 0.0009370,buy
2019-06-12,0.48,0.39,1.57,0.98,1.06,1.79,0,0.19, 0.0017740, 0.0013932,-0.00055920, 0.00162789, 0.0013932,buy
2019-06-13,0.88,0.3,2.58,1.03,1.38,0.89,0,0.08, 0.0048551,-0.0014640, 0.00492570,-0.00590284,-0.0014640,buy
2019-06-14,1.14,0.35,3.06,1.6,0.72,0.45,0,0.03, 0.0033056,-0.0017417, 0.00521361,-0.00303410,-0.0001744,buy
2019-06-15,1.19,0.39,2.67,2.02,0.25,0,0,0, 0.0007969,-0.0018076,-0.00024387,-0.00332899,-0.0025129,buy
2019-06-16,1.37,0.18,2.23,2.29,0,0,0,0,-0.0006444,-0.0010932, 0.00147247,-0.00255112,-0.0020483,sell
2019-06-17,0.76,0,1.15,2.06,0,0,0,0,-0.0019933,-0.0042045,-0.00680992,-0.00602777,-0.0030858,sell
2019-06-18,0.29,0,0,2.01,0,0,0,0,-0.0063062,-0.0043639,-0.00721695,-0.00835445,-0.0045665,sell
2019-06-19,0.13,0,0,3.04,0,0,0,0, 0.0053632, 0.0045334, 0.00388924, 0.00453847, 0.0056701,buy
2019-06-20,0.04,0,0,2.49,0,0,0,0, 0.0045356, 0.0036712, 0.00022866, 0.00348199, 0.0036531,buy
2019-06-21,0,0,0,1.29,0,0,0,0.08, 0.0007446, 0.0002683, 0.00112253, 0.00055145, 0.0015282,buy
2019-06-22,0,0,0.43,1.2,0,0,0,0.25, 0.0015420, 0.0030011, 0.00268980, 0.00051084, 0.0020514,buy
2019-06-23,0,0,1.35,1.87,0,0.41,0,0.73,-0.0032583,-0.0032284,-0.00522210,-0.00367134,-0.0029892,sell
2019-06-24,0,0,1.57,1.12,0,1.02,0,1.2, 0.0016198, 0.0019742,-0.00098164, 0.00465394, 0.0056800,buy
2019-06-25,0,0,0.91,0.34,0,2.65,0,0.63,-0.0058565,-0.0017283,-0.00718672,-0.00735654,-0.0006676,sell
2019-06-26,0,0,1.04,0,0,3.76,0,0.21,-0.0019928,-0.0015373,-0.00057336,-0.00328031,-0.0020052,sell
2019-06-27,0,0.09,1.57,0,0,2.72,0,0.07, 0.0036371, 0.0014605, 0.00388788, 0.00388788, 0.0038744,buy
2019-06-28,0,0.19,0.78,0,0,1.28,0,0, 0.0001101, 0.0005455,-0.00041204,-0.00041204,-0.0013869,sell
2019-06-29,0,0.46,0,0,0,0.48,0,0.04, 0.0009725, 0.0013370, 0.00304269, 0.00331111, 0.0044008,buy
2019-06-30,0,0.55,0,0,0.13,0.23,0,0.06,-0.0017361,-0.0003618, 0.00470584, 0.00991415, 0.0045002,buy
2019-07-01,0,0.53,0,0,0.23,0,0,0.09, 0.0015745, 0.0004076, 0.00610964, 0.01068349, 0.0047560,buy
2019-07-02,0,0.61,0,0,0.38,0,0,0.13,-0.0004815, 0.0002220, 0.00539564, 0.01138966, 0.0080397,buy
2019-07-03,0,0.77,0,0,0.64,0,0,0.17, 0.0015808,-0.0006865, 0.00200752, 0.00687547, 0.0066359,buy
2019-07-04,0,0.82,0,0,1.24,0,0,0.22, 0.0048546, 0.0042645, 0.00437043, 0.00725879, 0.0061088,buy
2019-07-05,0,0.71,0,0,1.77,0,0,0.3, 0.0047851, 0.0045770, 0.00477168, 0.00478510, 0.0047851,buy
2019-07-06,0,0.64,0.32,0,2.06,0,0,0.36, 0.0035021, 0.0008738, 0.00230572, 0.00230572, 0.0023057,buy
2019-07-07,0.06,0.68,0.83,0.32,2,0,0,0.43, 0.0027962, 0.0014080, 0.00140802, 0.00102062, 0.0012128,buy
2019-07-08,0.15,0.54,1.59,0.81,1,0,0,0.53, 0.0007640, 0.0002423, 0.00069529, 0.00549825, 0.0000835,buy
2019-07-09,0.35,0.41,1.16,1.59,0.43,0,0,0.71, 0.0029356, 0.0028827, 0.00036195, 0.00240198, 0.0008945,buy
2019-07-10,0.82,0.37,0.46,1.22,0.13,0,0,1.01,-0.0007571,-0.0026657, 0.00133584, 0.00041900, 0.0007677,buy
2019-07-11,0.98,0.32,0,0.49,0,0,0,1.39,-0.0009290,-0.0014824,-0.00221902,-0.00159117,-0.0002212,sell
2019-07-12,0.49,0.4,0,0.38,0,0,0,1.18, 0.0034554, 0.0004192,-0.00042597,-0.00029174, 0.0034554,buy
2019-07-13,0.21,0.36,0,0.9,0,0,0,0.71,-0.0026869, 0.0057599,-0.00487445, 0.00574417,-0.0041814,sell
2019-07-14,0.09,0.32,0.32,1.59,0,0,0,0.42, 0.0030518, 0.0039520, 0.00451670, 0.00369833, 0.0045513,buy
2019-07-15,0.09,0.27,1.04,1.5,0,0,0,0.24,-0.0013876, 0.0023496, 0.00032942, 0.00004434, 0.0035882,sell
2019-07-16,0.14,0.26,1.59,1.65,0,0,0,0.12,-0.0016862, 0.0023550,-0.00134191,-0.00145902, 0.0013025,sell
2019-07-17,0.42,0.27,0.73,1.56,0,0,0,0.07, 0.0046996, 0.0076117, 0.00720641, 0.00720641, 0.0087560,buy
2019-07-18,1,0.4,0,0.66,0,0,0,0.07, 0.0088141,-0.0047703, 0.00401086,-0.00718995, 0.0055971,buy
2019-07-19,0.79,0.35,0,0.34,0,0,0,0.04, 0.0051827,-0.0065270,-0.00242237,-0.00957259,-0.0009265,sell
2019-07-20,0.31,0.2,0,1.02,0,0,0,0.06, 0.0000368, 0.0015040, 0.00150402, 0.00167919, 0.0038729,buy
2019-07-21,0.19,0.25,0,1.57,0,0,0,0.08,-0.0038902, 0.0039071,-0.00147638,-0.00297958, 0.0058084,sell
2019-07-22,0.21,0.39,0,0.78,0,0,0,0.1,-0.0058173,-0.0007986,-0.00544457, 0.00013482,-0.0059559,sell
2019-07-23,0.38,0.4,0,0,0,0,0,0.14,-0.0080974,-0.0060475,-0.00404501,-0.00613401,-0.0052945,sell
2019-07-24,0.71,0.28,0.42,0,0,0,0,0.18,-0.0073564,-0.0064339,-0.00952061,-0.00709363,-0.0068906,sell
2019-07-25,0.99,0.29,0.78,0,0,0,0,0.28,-0.0075012,-0.0113521,-0.00640486,-0.00629952,-0.0074408,sell
2019-07-26,0.75,0.52,1.45,0,0,0,0,0.43, 0.0038801, 0.0048875, 0.00308699, 0.00906272, 0.0018721,buy
2019-07-27,0.41,0.69,1.89,0,0,0,0,0.65,-0.0034206,-0.0036453,-0.00721691,-0.00604415,-0.0051973,sell
2019-07-28,0.22,0.51,1.45,0,0,0,0,1.1, 0.0047194,-0.0048519, 0.00281629, 0.00264007,-0.0018628,buy
2019-07-29,0.12,0.28,1.44,0,0,0,0,1.99,-0.0025725,-0.0008099,-0.00151279,-0.00794692,-0.0019738,sell
2019-07-30,0.07,0.4,1.6,0,0,0,0,2.32,-0.0050472, 0.0006288,-0.00302057,-0.00461474, 0.0013276,sell
2019-07-31,0.04,0.31,1.46,0,0,0,0,1.96,-0.0064993,-0.0045898,-0.00570592,-0.00753353,-0.0024440,sell
2019-08-01,0,0.1,1.14,0,0,0,0,1.91, 0.0062027, 0.0032855, 0.00620267, 0.00454267, 0.0042969,buy
2019-08-02,0,0,1.05,0,0,0,0,2.01, 0.0055477, 0.0029740, 0.00554769, 0.00554769, 0.0044810,buy
2019-08-03,0.05,0,1.06,0,0,0,0,1.19, 0.0069094, 0.0049964, 0.00690944, 0.00892616, 0.0073451,buy
2019-08-04,0.13,0,1.59,0,0,0,0,0.59, 0.0004533, 0.0024921,-0.00069025, 0.00033293, 0.0020648,buy
2019-08-05,0.35,0,1.32,0,0.1,0,0,0.35,-0.0038637, 0.0003863,-0.00640404,-0.00386371,-0.0002088,sell
2019-08-06,0.85,0,1.34,0,0.11,0,0,0.2, 0.0072034, 0.0076383, 0.00799024, 0.00799024, 0.0076598,buy
2019-08-07,1.35,0,2.25,0,0.11,0,0,0.14, 0.0084339, 0.0043401, 0.00795046, 0.00783879, 0.0055183,buy
2019-08-08,1.53,0,2.59,0,0.1,0,0,0.1, 0.0081371, 0.0047304, 0.00790234, 0.00890603, 0.0067666,buy
2019-08-09,1.08,0.11,2.86,0,0,0,0,0.07, 0.0005622, 0.0038755, 0.00056219, 0.00333396, 0.0027914,buy
2019-08-10,0.38,0.27,2.93,0,0,0,0,0.1, 0.0018642, 0.0038950, 0.00389495, 0.00280114, 0.0021314,buy
2019-08-11,0.13,0.4,3.18,0,0,0,0,0.2,-0.0014370, 0.0031770, 0.00317705, 0.00333793, 0.0020793,buy
2019-08-12,0.03,0.31,2.76,0,0,0,0,0.33, 0.0027107, 0.0079088, 0.00625047, 0.00805260, 0.0061806,buy
2019-08-13,0,0.35,3.03,0,0,0,0,0.71, 0.0099565, 0.0111907, 0.01084330, 0.01084330, 0.0087513,buy
2019-08-14,0,0.47,3.18,0,0,0,0,1.59, 0.0041351, 0.0076000, 0.00834411, 0.00804466, 0.0006158,buy
2019-08-15,0,0.29,1.52,0,0,0,0,2.8, 0.0026033,-0.0024641, 0.00208914, 0.00251543, 0.0020450,buy
2019-08-16,0,0.25,0.35,0,0,0,0,2.98,-0.0007581,-0.0009366,-0.00241935, 0.00092077,-0.0002777,buy
2019-08-17,0,0.4,0,0,0,0,0,1.65,-0.0091301,-0.0095255,-0.00998314,-0.00721638,-0.0067344,sell
2019-08-18,0,0.34,0,0,0,0,0,0.6, 0.0019818, 0.0046512, 0.00032364, 0.00248536, 0.0040234,buy
2019-08-19,0.1,0.31,0,0,0,0,0,0.24,-0.0043457,-0.0019264,-0.00281853,-0.00073543,-0.0018575,sell
2019-08-20,0.48,0.55,0.83,0,0,0,0,0.08, 0.0004458,-0.0070980, 0.00461857, 0.00292875, 0.0020246,buy
2019-08-21,1,0.58,1.54,0,0,0,0,0.04, 0.0023849, 0.0034557, 0.00572910, 0.00522597, 0.0054388,buy
2019-08-22,0.43,0.52,1.79,0,0,0,0,0, 0.0067909, 0.0085478, 0.00568242, 0.00831898, 0.0091743,buy
2019-08-23,0.2,0.35,1.95,0,0,0,0,0, 0.0087008, 0.0096169, 0.01064607, 0.01064607, 0.0088451,buy
2019-08-24,0.28,0.33,1.91,0,0,0,0,0.07, 0.0122718, 0.0138275, 0.01252846, 0.01303693, 0.0120645,buy
2019-08-25,0.7,0.47,1.05,0,0,0,0,0.32,-0.0064449,-0.0056274,-0.00871211,-0.00730896,-0.0065838,sell
2019-08-26,1.46,0.68,0,0,0,0,0,1.19, 0.0036752, 0.0017723, 0.00208531, 0.00367524, 0.0007265,buy
2019-08-27,1.58,0.73,0,0,0,0,0,0.86, 0.0044587, 0.0013417, 0.00413204, 0.00399056,-0.0036857,buy
2019-08-28,1.58,0.94,0,0,0,0,0,0.17,-0.0005045,-0.0050201,-0.00454539,-0.00399834,-0.0028410,buy
2019-08-29,1.69,0.93,0,0,0,0,0,0,-0.0000777,-0.0056701,-0.00567668,-0.00560970,-0.0000889,sell
2019-08-30,1.59,0.37,0,0,0,0,0,0.07,-0.0003208,-0.0011372,-0.00113722,-0.00008301,-0.0004733,buy
2019-08-31,1.43,0.33,0,0,0,0,0,0.2,-0.0008259,-0.0018923,-0.00126677, 0.00326902,-0.0012668,buy
2019-09-01,2.29,0.4,0,0,0,0,0,0.56, 0.0025959, 0.0006462, 0.00130639, 0.00285235, 0.0026269,buy
2019-09-02,1.46,0.12,0,0.29,0,0,0,1.18,-0.0018016,-0.0053117,-0.00523770, 0.00214302,-0.0058254,sell
2019-09-03,0.59,0,0,0.9,0,0,0,0.86, 0.0027234, 0.0036549, 0.00342170, 0.00506569, 0.0021523,buy
2019-09-04,0.82,0,0,1.57,0,0,0,0.5, 0.0018802, 0.0014546,-0.00362588, 0.00227120, 0.0005351,buy
2019-09-05,1.81,0,0,0.89,0,0,0,0.99,-0.0077572,-0.0090292,-0.00999327,-0.00711708,-0.0121963,sell
2019-09-06,2.51,0.2,0,1.19,0,0,0,1.62,-0.0124089,-0.0123890,-0.01106315,-0.00956381,-0.0126550,sell
2019-09-07,2.62,0.4,0,1.57,0,0,0,1.23,-0.0102836,-0.0099396,-0.00894916,-0.00812437,-0.0118830,sell
2019-09-08,2.44,0.44,0,0.97,0,0,0,1.49,-0.0109950,-0.0102186,-0.01021040,-0.00956775,-0.0101022,sell
2019-09-09,2.39,0.48,0,1.17,0,0,0,1.27,-0.0100444,-0.0100444,-0.00929253,-0.00867601,-0.0103687,sell
2019-09-10,1.38,0.15,0,1.57,0,0,0,1.01, 0.0026931, 0.0042482,-0.00392589,-0.00324546,-0.0034555,buy
2019-09-11,1.65,0,0,1.28,0,0,0,1.17,-0.0045631,-0.0043552,-0.00484987,-0.00508342,-0.0098559,sell
2019-09-12,2.63,0.12,0,1.1,0,0,0,1.29,-0.0135900,-0.0138058,-0.01257548,-0.01041604,-0.0127261,sell
2019-09-13,2.24,0.3,0,1.36,0,0,0,0.93,-0.0135543,-0.0135543,-0.01305462,-0.01173582,-0.0139909,sell
2019-09-14,1.29,0.4,0,1.59,0,0,0,0.55,-0.0020307, 0.0028285, 0.00464131,-0.00176146,-0.0008629,sell
2019-09-15,0.6,0.21,0,1.01,0,0,0,0.34,-0.0035669,-0.0050874,-0.00356001, 0.00032170, 0.0003875,sell
2019-09-16,0.4,0.09,0.4,0.55,0,0,0,0.21,-0.0038698,-0.0019504,-0.00256889,-0.00386980,-0.0019354,sell
2019-09-17,0.53,0.11,1.89,0.31,0,0,0,0.13, 0.0019258, 0.0012783,-0.00120854, 0.00192575,-0.0024740,buy
2019-09-18,0.87,0.19,2.26,0,0,0,0,0.08,-0.0116002, 0.0001196,-0.01136965,-0.01286702,-0.0116002,sell
2019-09-19,1.46,0.35,1.86,0,0,0,0,0.05,-0.0091641,-0.0057043,-0.00539921,-0.00789361,-0.0038661,sell
2019-09-20,1.8,0.51,0.84,0,0,0,0,0.1,-0.0064660, 0.0020802, 0.01083079, 0.00005300, 0.0093352,buy
2019-09-21,1.37,0.64,0.27,0,0,0,0,0.43, 0.0024911, 0.0064346, 0.00820222, 0.00591428, 0.0082668,buy
2019-09-22,0.65,0.46,0,0,0,0,0,1.23, 0.0023656, 0.0019428, 0.00025605, 0.00333492, 0.0023183,buy
2019-09-23,0.31,0.32,0.66,0,0,0,0,0.93,-0.0007616, 0.0010361, 0.00126120,-0.00076163, 0.0013138,sell
2019-09-24,0.19,0.4,1.59,0,0,0,0,0.73, 0.0042718,-0.0006243, 0.00007661, 0.00267124,-0.0034055,buy
2019-09-25,0.15,0.31,0.89,0,0,0,0,1.52,-0.0105061,-0.0105369,-0.00876615,-0.01270916,-0.0075504,sell
2019-09-26,0.13,0.1,0.43,0,0,0,0,2.12,-0.0041250,-0.0037871,-0.00439440,-0.00073428,-0.0038413,sell
2019-09-27,0.24,0,1.87,0,0,0,0,1.51, 0.0013068, 0.0016511, 0.00130683, 0.00219120, 0.0013068,buy
2019-09-28,0.44,0,2.91,0,0,0,0,0.52,-0.0056516,-0.0051821,-0.00603754,-0.00516732,-0.0059390,sell
2019-09-29,0.8,0,2.18,0,0.2,0,0,0.43, 0.0057811, 0.0036374, 0.00363738, 0.00281528,-0.0043800,buy
2019-09-30,0.99,0,1.46,0,0.41,0,0,0.93,-0.0011277,-0.0010999,-0.00109991,-0.00109991,-0.0013731,sell
2019-10-01,0.66,0,1.87,0,0.85,0,0,1.19,-0.0040163, 0.0046717, 0.00467171,-0.00216566, 0.0018338,buy
2019-10-02,0.35,0,0.9,0,1.39,0,0,0.48, 0.0051342, 0.0052342, 0.00373999, 0.00413113, 0.0032629,buy
2019-10-03,0.19,0.27,0,0,1.1,0.18,0,0.21,-0.0093077,-0.0014257, 0.00056814, 0.00043666,-0.0097751,sell
2019-10-04,0.1,0.59,0.3,0,0.55,0.54,0,0.16,-0.0044451,-0.0042656,-0.00169661, 0.00373892, 0.0059026,buy
2019-10-05,0.05,0.62,0.97,0.31,0.28,1.63,0,0.25,-0.0014922,-0.0014922,-0.00179586,-0.00157320, 0.0045693,buy
2019-10-06,0,0.3,1.59,1.1,0.14,1.95,0,0.59, 0.0052883, 0.0053614, 0.00223665, 0.00515108, 0.0049196,buy
2019-10-07,0,0.12,0.76,1.57,0,0.79,0,1.2, 0.0025113,-0.0034147,-0.00417209,-0.00231378,-0.0047630,buy
2019-10-08,0,0.13,0.55,0.64,0.12,0.27,0,1.01, 0.0027635, 0.0025695, 0.00235319, 0.00062843, 0.0021212,buy
2019-10-09,0,0.4,1.72,0,0.2,0.14,0,0.43,-0.0004372,-0.0024618,-0.00056341,-0.00073915,-0.0054773,sell
2019-10-10,0,0.38,2.26,0,0.34,0.38,0,0.24,-0.0064193,-0.0047942,-0.00641934,-0.00644455,-0.0063626,sell
2019-10-11,0,0.12,2.01,0.53,0.58,1,0,0.23, 0.0020683, 0.0078230, 0.00592852, 0.00024329, 0.0013452,buy
2019-10-12,0.04,0,1.9,1.6,1,1.96,0,0.39, 0.0061015, 0.0046167, 0.00531321, 0.00519090, 0.0041910,buy
2019-10-13,0.12,0,1.07,1.46,1.39,1.46,0,0.88,-0.0030635,-0.0041190,-0.00510366,-0.00608480,-0.0027358,sell
2019-10-14,0.35,0,0.58,0.47,1.13,0.56,0,1.18,-0.0029270,-0.0042345,-0.00990872,-0.00751018,-0.0087043,sell
2019-10-15,0.99,0,0.31,0,0.67,0.22,0,0.66,-0.0054958,-0.0072810,-0.00502014,-0.00780456,-0.0072810,sell
2019-10-16,0.95,0,0,0,0.39,0,0,0.27,-0.0059483,-0.0040134,-0.00315069,-0.00609707,-0.0040134,sell
2019-10-17,0.34,0.09,0.51,0,0.44,0,0,0.11, 0.0043063,-0.0021629,-0.00085343, 0.00132857, 0.0024535,buy
2019-10-18,0.17,0.19,1.44,0,0.6,0,0,0.05, 0.0031678, 0.0025064,-0.00173365, 0.00157879, 0.0012484,buy
2019-10-19,0.17,0.4,1.57,0,0.96,0,0,0, 0.0012470, 0.0036456,-0.00647681, 0.00123220, 0.0035974,buy
2019-10-20,0.38,0.39,0.59,0,1.39,0,0,0.04,-0.0042550,-0.0042218,-0.00422455,-0.00699479,-0.0045911,sell
2019-10-21,0.98,0.19,0,0,0.97,0,0,0.06,-0.0062091,-0.0067714,-0.00616250,-0.00394135,-0.0067223,sell
2019-10-22,0.82,0.09,0,0.58,0.5,0,0,0.1,-0.0055200,-0.0051049,-0.00573575,-0.00365611,-0.0055996,sell
2019-10-23,0.26,0.16,0,1.45,0.37,0,0,0.18, 0.0010927, 0.0011398, 0.00113985, 0.00113985, 0.0010927,buy
2019-10-24,0.09,0.4,0,1.59,0.42,0,0,0.3, 0.0039331, 0.0059929, 0.00408493, 0.00392116, 0.0062073,buy
2019-10-25,0,0.39,0,0.73,0.69,0,0,0.51,-0.0086042, 0.0021197,-0.00545609, 0.00140418,-0.0086096,sell
2019-10-26,0,0.16,0.43,1.39,1.39,0,0,0.86, 0.0061776,-0.0024518,-0.00060458,-0.00110552, 0.0007306,buy
2019-10-27,0,0,0.78,2.71,1.05,0,0,1.19,-0.0042023,-0.0086910,-0.00516126, 0.00113713,-0.0021816,sell
2019-10-28,0,0,1.41,2.67,0.41,0.2,0,0.97,-0.0058891,-0.0060664,-0.00766645,-0.00266939,-0.0034977,sell
2019-10-29,0,0,1.59,1.16,0.16,0.58,0,0.58,-0.0014498, 0.0013746,-0.00515316,-0.00458975, 0.0052328,sell
2019-10-30,0,0,0.97,0.35,0,1.22,0,0.39,-0.0006623,-0.0028480,-0.00565969,-0.00039392,-0.0045313,sell
2019-10-31,0,0,0.54,0,0,2.48,0,0.29, 0.0045149, 0.0009786, 0.00489085,-0.00233074, 0.0034451,buy
2019-11-01,0,0,0.3,0,0,3.58,0,0.29, 0.0029972,-0.0006439,-0.00009111, 0.00299718, 0.0018020,buy
2019-11-02,0,0,0,0,0,3.31,0,0.36,-0.0019628,-0.0042042, 0.00170796,-0.00058033,-0.0002424,sell
2019-11-03,0,0,0.64,0,0.11,1.7,0,0.56, 0.0031760,-0.0000550, 0.00199845, 0.00082200, 0.0018780,buy
2019-11-04,0.03,0,1.74,0,0.21,1.33,0,0.91, 0.0020249, 0.0038963, 0.00083140,-0.00434183, 0.0006465,buy
2019-11-05,0.08,0,3.06,0,0.49,1.69,0,1.19,-0.0046270,-0.0069688,-0.00653885,-0.00699084,-0.0041762,sell
2019-11-06,0.2,0,2.28,0,1.41,3.2,0,0.87, 0.0021452, 0.0046534, 0.00173682, 0.00165903, 0.0046122,buy
2019-11-07,0.49,0,0.74,0,1.95,3.28,0,0.49,-0.0009864,-0.0016872,-0.00177574,-0.00232745, 0.0097216,sell
2019-11-08,1,0,0.33,0.31,1.84,2.34,0,0.28, 0.0024131, 0.0006667, 0.00434009, 0.00390707,-0.0007755,buy
2019-11-09,0.79,0,0,0.75,0.78,1.27,0,0.16, 0.0015774, 0.0045296, 0.00186384, 0.00187973, 0.0000031,buy
2019-11-10,0.35,0,0,1.89,0.12,0.67,0,0.09, 0.0046890,-0.0001577,-0.00082242,-0.00085408,-0.0008308,buy
2019-11-11,0.24,0,0,2.28,0,0.39,0,0.11,-0.0035850,-0.0022932,-0.00683650,-0.00605613,-0.0032774,sell
2019-11-12,0.39,0,0,2.1,0.15,0.23,0,0.17, 0.0045947,-0.0003285,-0.00263118,-0.00087335,-0.0001162,buy
2019-11-13,0.98,0,0,0.78,1.03,0.14,0,0.52,-0.0001329, 0.0025163, 0.00084435, 0.00033650, 0.0009122,buy
2019-11-14,0.94,0,0,0,2.53,0,0,1.2, 0.0025136, 0.0019174, 0.00109408, 0.00274466, 0.0059584,buy
2019-11-15,0.35,0.12,0.54,0,1.71,0.22,0,0.87, 0.0044033, 0.0037974, 0.00260032, 0.00226624, 0.0039547,buy
2019-11-16,0.14,0.38,1.56,0,0.93,0.56,0,0.29,-0.0015021, 0.0008261,-0.00434810, 0.00026501, 0.0008170,sell
2019-11-17,0.07,0.48,1.17,0,1.09,1.19,0,0.09,-0.0060557,-0.0056511,-0.00256512,-0.00256992,-0.0026117,sell
2019-11-18,0.04,0.27,0.31,0,2.14,1.98,0,0, 0.0027286, 0.0012776, 0.00204929,-0.00020231, 0.0027286,buy
2019-11-19,0,0.25,0,0,2.65,1.81,0,0, 0.0027607, 0.0003100,-0.00042204,-0.00059152, 0.0011334,buy
2019-11-20,0,0.4,0,0,1.78,1.36,0,0, 0.0017288, 0.0024081, 0.00451685, 0.00094365, 0.0024081,buy
2019-11-21,0,0.34,0,0.29,0.91,1.54,0,0, 0.0013013, 0.0017999, 0.00164221, 0.00517507, 0.0015425,buy
2019-11-22,0.03,0.19,0,0.54,0.52,2.3,0,0,-0.0068150,-0.0079315,-0.00656987,-0.00604198,-0.0040316,sell
2019-11-23,0.04,0.11,0,1.01,0.46,4.01,0,0,-0.0041413,-0.0001828,-0.00284079,-0.00032151,-0.0006886,sell
2019-11-24,0.07,0,0.56,1.59,0.42,5.47,0,0,-0.0044712,-0.0016187,-0.00145430,-0.00131275,-0.0012447,sell
2019-11-25,0.18,0.12,1.42,1.33,0.57,5.22,0,0, 0.0008653, 0.0013311, 0.00066033, 0.00089893, 0.0006603,buy
2019-11-26,0.42,0.4,1.6,1.15,0.78,3.5,0,0, 0.0034122, 0.0036254, 0.00350524, 0.00399975, 0.0034122,buy
2019-11-27,1.07,0.34,0.68,1.58,1.18,2.62,0,0, 0.0006121, 0.0006679, 0.00165805, 0.00054228, 0.0003299,buy
2019-11-28,1.97,0.09,0,1.57,1.51,2.99,0,0,-0.0008963,-0.0015271, 0.00004314,-0.00301472,-0.0044469,sell
2019-11-29,1.36,0,0,0.69,1.47,2.44,0,0, 0.0025326, 0.0060627, 0.00507278, 0.00406078, 0.0009421,buy
2019-11-30,0.47,0,0,0,1.14,1.06,0,0, 0.0071763, 0.0052762, 0.00691053, 0.00668581, 0.0050078,buy
2019-12-01,0.16,0,0,0,0.92,0.57,0,0,-0.0003943, 0.0056015, 0.00560154, 0.00340092, 0.0032459,buy
2019-12-02,0,0,0,0,0.79,0.23,0,0, 0.0063584, 0.0057626, 0.00317526, 0.00669621, 0.0057266,buy
2019-12-03,0,0,0,0,0.69,0.24,0,0, 0.0065336, 0.0062596, 0.00383580, 0.00668990, 0.0050692,buy
2019-12-04,0.05,0,0.29,0,0.67,0.26,0,0.06, 0.0027452,-0.0009869,-0.00207899,-0.00215457,-0.0021548,buy
2019-12-05,0.18,0,0.84,0,0.68,0.29,0,0.14, 0.0013143,-0.0022646,-0.00226456,-0.00636459,-0.0043401,sell
2019-12-06,0.63,0,1.57,0,0.74,0.33,0,0.34,-0.0029609, 0.0033953, 0.00101566,-0.00141980, 0.0002241,sell
2019-12-07,1.02,0,1.02,0.39,0.83,0.38,0,0.83,-0.0064841,-0.0021503, 0.00098529, 0.00081663, 0.0009571,sell
2019-12-08,0.49,0.1,0.35,0.82,1.29,0.46,0,1.2, 0.0022889,-0.0046623,-0.00577822, 0.00122718,-0.0052615,buy
2019-12-09,0.25,0.25,0,1.6,2.15,0.68,0,0.68,-0.0046184,-0.0034473,-0.00421220,-0.00466631,-0.0028539,sell
2019-12-10,0.27,0.4,0.78,1.48,3.65,1.29,0,0.28,-0.0034767,-0.0034767, 0.00072940,-0.00347668,-0.0034282,sell
2019-12-11,0.41,0.24,1.59,0.71,3.9,2.51,0,0.11, 0.0041716, 0.0041716, 0.00417160, 0.00570827, 0.0042408,buy
2019-12-12,0.73,0.1,0.82,0.35,2.93,3.93,0,0.05,-0.0009792,-0.0018266,-0.00197016, 0.00698319, 0.0029674,buy
2019-12-13,1,0,0,0,2.69,4.52,0,0, 0.0003613, 0.0015090, 0.00142996, 0.00743252, 0.0039515,buy
2019-12-14,0.74,0,0,0,2.39,4.81,0,0, 0.0047154, 0.0055154, 0.00327830, 0.00898695, 0.0086835,buy
2019-12-15,0.41,0,0,0,1.35,4.06,0,0, 0.0011414, 0.0047392, 0.00166380, 0.00410359, 0.0019008,buy
2019-12-16,0.23,0,0.41,0,0.84,4.1,0,0, 0.0008323,-0.0018283,-0.00169818,-0.00032540,-0.0010856,buy
2019-12-17,0.13,0.07,1.6,0,0.58,3.34,0,0.06, 0.0055510, 0.0053943, 0.00555096, 0.00553107, 0.0057226,buy
2019-12-18,0.07,0.19,1.42,0,0.38,2.6,0,0.23, 0.0030430, 0.0029202, 0.00307001, 0.00247618, 0.0031871,buy
2019-12-19,0.04,0.4,0.34,0,0.32,2.3,0,0.96, 0.0036102, 0.0024028, 0.00230992, 0.00164586, 0.0035967,buy
2019-12-20,0,0.54,0,0,0.37,2.89,0,1.38, 0.0036359, 0.0013867, 0.00138671, 0.00044988, 0.0013471,buy
2019-12-21,0.07,0.51,0,0,0.89,2.93,0,1, 0.0079057, 0.0033327, 0.00168676, 0.00317663, 0.0037508,buy
2019-12-22,0.17,0.16,0,0,2.53,1.49,0,1.28, 0.0016925, 0.0037206,-0.00234765, 0.00048854, 0.0039563,buy
2019-12-23,0.42,0,0,0,4.2,0.76,0,0.74,-0.0010744,-0.0012742,-0.00064823,-0.00077793,-0.0091238,sell
2019-12-24,0.99,0,0,0,4.4,0.25,0,0.24,-0.0007719,-0.0051390, 0.00075893, 0.00238371,-0.0058757,sell
2019-12-25,0.92,0,0,0,2.76,0.19,0,0.08,-0.0101923,-0.0092272,-0.00627899,-0.00939595,-0.0056034,sell
2019-12-26,0.37,0.23,0,0,1.18,0.14,0,0.04, 0.0039819, 0.0036573, 0.00099334, 0.00288988, 0.0026352,buy
2019-12-27,0.15,0.39,0,0,0.47,0,0,0.11,-0.0105813,-0.0046987,-0.00354561,-0.00221714,-0.0023211,sell
2019-12-28,0.12,0.16,0,0,0.16,0,0,0.34, 0.0014321, 0.0114614, 0.00672683, 0.01116340, 0.0067536,buy
2019-12-29,0.26,0,0,0,0,0,0,1.02,-0.0005723, 0.0033956,-0.00033675,-0.00149682,-0.0012613,sell
2019-12-30,1.04,0,0,0,0,0,0,1.18,-0.0042938,-0.0049429,-0.00454609,-0.00092314,-0.0006028,sell
2019-12-31,1.06,0,0,0,0.26,0,0,0.46,-0.0032573,-0.0036252,-0.00288421,-0.00641545,-0.0036252,sell
2020-01-01,0.58,0,0,0,0.75,0,0,0.15, 0.0010593,-0.0001153,-0.00100128,-0.00112991,-0.0011204,buy
2020-01-02,0.93,0,0,0,1.39,0.18,0,0.05,-0.0033779,-0.0003755,-0.00037546, 0.00237481, 0.0003608,buy
2020-01-03,1.04,0,0,0,0.85,0.25,0,0,-0.0076836,-0.0026742,-0.00271816,-0.00459127,-0.0078582,sell
2020-01-04,0.71,0,0.38,0,0.43,0.33,0,0,-0.0052832,-0.0042457,-0.00513444,-0.00508955,-0.0037594,sell
2020-01-05,1.18,0,0.69,0,0.69,0.71,0,0,-0.0070290,-0.0063127,-0.00193686,-0.00665179,-0.0042641,sell
2020-01-06,1.03,0,1.27,0,1.62,1.23,0,0,-0.0009155,-0.0006982, 0.00527579,-0.00042578,-0.0004609,buy
2020-01-07,0.27,0,1.59,0,2.78,2.5,0,0, 0.0011659,-0.0011688, 0.00082340, 0.00138900, 0.0011551,buy
2020-01-08,0.06,0,1.07,0,1.74,3.56,0,0,-0.0038745,-0.0049961,-0.00335947,-0.00648427,-0.0058994,sell
2020-01-09,0,0,0.59,0,0.62,3.72,0,0,-0.0044019,-0.0054021,-0.00070376,-0.00313066,-0.0033975,sell
2020-01-10,0,0,0.32,0,0.22,4.8,0,0,-0.0021932, 0.0026309, 0.00349338, 0.00353896,-0.0021932,sell
2020-01-11,0,0,0,0,0,4.31,0,0, 0.0052270, 0.0048891, 0.00513045, 0.00522700, 0.0039153,buy
2020-01-12,0,0,0,0,0.1,3.22,0,0, 0.0001600, 0.0003902, 0.00339810, 0.00339597, 0.0004638,buy
2020-01-13,0,0,0,0,0.15,3.36,0,0, 0.0009766, 0.0004770, 0.00399298, 0.00396439, 0.0003467,buy
2020-01-14,0,0,0,0,0.22,4.26,0,0, 0.0023087, 0.0042301, 0.00534300, 0.00458325, 0.0022613,buy
2020-01-15,0,0,0,0,0.33,4.67,0,0, 0.0024551, 0.0024551, 0.00245513, 0.00227851, 0.0004454,buy
2020-01-16,0,0,0,0,0.5,3.66,0,0.15, 0.0010013, 0.0008824, 0.00002426, 0.00104182, 0.0010418,buy
2020-01-17,0,0,0,0,0.74,3.98,0,0.66, 0.0021494, 0.0051827, 0.00244844, 0.00498082, 0.0026900,buy
2020-01-18,0,0,0,0,1.25,3.21,0,1.17, 0.0023976,-0.0026584,-0.00597421,-0.00088923,-0.0007575,buy
2020-01-19,0,0,0,0,1.62,3.21,0,0.55, 0.0032383, 0.0041818, 0.00508753, 0.00418176, 0.0047556,buy
2020-01-20,0,0,0.3,0,1.5,4.65,0,0.32,-0.0008741, 0.0000334,-0.00019945, 0.00090373, 0.0000334,buy
2020-01-21,0,0,0.48,0,1.45,4.43,0,0.47, 0.0016276, 0.0017698, 0.00170612, 0.00333390, 0.0017698,buy
2020-01-22,0,0,0.77,0,1.87,3.14,0,1.17, 0.0011341, 0.0006470,-0.00190007, 0.00039370, 0.0003438,buy
2020-01-23,0,0,1.22,0,3.06,1.44,0,1.78, 0.0089545, 0.0097683, 0.00922979, 0.00740722, 0.0087553,buy
2020-01-24,0,0,1.6,0,2.7,0.48,0,2.08, 0.0087871, 0.0083243, 0.00914598, 0.00732078, 0.0091638,buy
2020-01-25,0,0,1.29,0,1.78,0.2,0,2.45, 0.0060371, 0.0048031, 0.00525788, 0.00726168, 0.0052740,buy
2020-01-26,0,0.08,0.82,0,2.05,0.38,0,2.16, 0.0017836, 0.0012255, 0.00251219, 0.00158684, 0.0019003,buy
2020-01-27,0,0.15,0.52,0,1.18,1.1,0,2.24,-0.0030986,-0.0033070,-0.00429880,-0.00309512,-0.0046839,sell
2020-01-28,0,0.26,0.33,0,0.56,1.98,0,1.97, 0.0036273,-0.0011830,-0.00118296,-0.00134249,-0.0023167,buy
2020-01-29,0,0.4,0,0,1.02,1.22,0,1.36,-0.0088200,-0.0040552,-0.00513747,-0.00513724,-0.0096614,sell
2020-01-30,0,0.33,0,0,2.23,0.43,0,0.8,-0.0053848,-0.0041166,-0.00336085,-0.00381778,-0.0039177,sell
2020-01-31,0,0.18,0,0,2.18,0.32,0,0.47,-0.0032038,-0.0026475,-0.00029876, 0.00008699,-0.0028507,sell
2020-02-01,0,0.1,0,0,1.18,0.62,0,0.34,-0.0009317,-0.0039651,-0.00190496,-0.00190496,-0.0022418,sell
2020-02-02,0,0,0,0,1.15,1.96,0,0.29,-0.0034637,-0.0046244,-0.00189613,-0.00346375,-0.0021369,sell
2020-02-03,0,0,0,0,1.76,1.78,0,0.36,-0.0029597, 0.0029478,-0.00126072,-0.00295969,-0.0031862,sell
2020-02-04,0,0,0,0,1.79,0.53,0,0.52,-0.0061394,-0.0059737,-0.00449023,-0.00589112,-0.0075902,sell
2020-02-05,0,0,0,0,2.12,0.16,0,1.06, 0.0026888, 0.0017060, 0.00133219, 0.00254972, 0.0025406,buy
2020-02-06,0,0,0,0,3.08,0.14,0,1.19,-0.0079371,-0.0032054,-0.00268203,-0.00298475,-0.0026820,sell
2020-02-07,0,0,0,0,2.95,0.61,0,0.65,-0.0079006,-0.0077947,-0.00455491,-0.00532228,-0.0045549,sell
2020-02-08,0,0,0,0,2.12,1.57,0,0.33,-0.0019925, 0.0011024,-0.00199715,-0.00308817,-0.0025092,sell
2020-02-09,0,0,0,0,2.4,3.95,0,0.16,-0.0035694,-0.0038131, 0.00023629,-0.00113702,-0.0031242,sell
2020-02-10,0,0,0,0,3.26,4.3,0,0.08,-0.0053359,-0.0057166,-0.00269675,-0.00424582,-0.0049126,sell
2020-02-11,0,0,0,0,2.79,3.1,0,0.04,-0.0012934,-0.0019388, 0.00464666,-0.00110999,-0.0012001,buy
2020-02-12,0,0,0,0,2.49,2.94,0,0,-0.0000165,-0.0028355, 0.00467817, 0.00003265,-0.0000165,buy
2020-02-13,0,0,0,0,2.24,2.42,0,0, 0.0010201, 0.0008480, 0.00527872, 0.00095206, 0.0010788,buy
2020-02-14,0,0,0,0,1.54,1.42,0,0, 0.0001212,-0.0001186, 0.00280557, 0.00012115, 0.0001212,buy
2020-02-15,0.04,0,0,0,1.83,1.15,0,0,-0.0025719,-0.0033562,-0.00133578,-0.00173940,-0.0038724,sell
2020-02-16,0.08,0,0,0,1.75,1.09,0,0,-0.0026808,-0.0029049,-0.00196511,-0.00175409,-0.0040241,sell
2020-02-17,0.14,0,0,0,1.16,1.25,0,0, 0.0019785,-0.0025683, 0.00440981, 0.00231783, 0.0023178,buy
2020-02-18,0.24,0,0,0,1.67,1.82,0,0, 0.0004454, 0.0004454,-0.00262874, 0.00141687,-0.0038681,sell
2020-02-19,0.43,0,0,0,1.08,2.81,0,0.05, 0.0020544, 0.0014909,-0.00143008, 0.00193367, 0.0017315,buy
2020-02-20,0.78,0,0,0,0.38,3.46,0,0.12, 0.0043219, 0.0030978, 0.00691157, 0.00375931, 0.0043463,buy
2020-02-21,1,0,0,0,0.39,3.64,0,0.28, 0.0075590, 0.0078365, 0.00736494, 0.00736494, 0.0073649,buy
2020-02-22,0.69,0.09,0,0,1.03,3.99,0,0.64, 0.0135366, 0.0124670, 0.01353655, 0.01353655, 0.0133218,buy
2020-02-23,0.39,0.13,0,0,1.5,4.09,0,1.2,-0.0042317,-0.0053089, 0.00023783,-0.00458405,-0.0050078,sell
2020-02-24,0.22,0.18,0,0,0.94,3.31,0,0.93,-0.0054043,-0.0048772,-0.00196767,-0.00602570,-0.0043253,sell
2020-02-25,0.12,0.26,0,0,0.78,2.91,0,0.48,-0.0091705, 0.0004513,-0.01031742,-0.01006589,-0.0091705,sell
2020-02-26,0.07,0.37,0,0,1.19,4.17,0,0.36, 0.0042463, 0.0031721, 0.00045636, 0.00182722, 0.0042463,buy
2020-02-27,0.04,0.4,0,0,1.39,4.27,0,0.55,-0.0054899,-0.0058173,-0.00583513,-0.00583168,-0.0002315,sell
2020-02-28,0,0.3,0,0,0.83,5.2,0,1.23, 0.0015564,-0.0005472, 0.00085277,-0.00254893,-0.0029519,buy
2020-02-29,0,0.21,0,0,0.41,3.95,0,1.21,-0.0021233,-0.0047403,-0.00195884,-0.00675974,-0.0069979,sell
2020-03-01,0,0.15,0,0,0.2,2.95,0,0.67,-0.0076579,-0.0076749,-0.00792916,-0.00699704,-0.0053410,sell
2020-03-02,0,0.11,0,0,0.22,3.26,0,0.78,-0.0065544,-0.0053054,-0.00545945,-0.00537019,-0.0063306,sell
2020-03-03,0,0.08,0,0,0.26,3.78,0,1.24,-0.0066053,-0.0060668,-0.00696602,-0.00798273,-0.0064687,sell
2020-03-04,0,0,0,0,0.5,3.51,0,0.91,-0.0017113, 0.0029013,-0.00193854, 0.00205834,-0.0033718,sell
2020-03-05,0,0,0,0,0.87,3.41,0,0.37, 0.0035261, 0.0043367, 0.00380871, 0.00457198, 0.0059548,buy
2020-03-06,0,0,0,0,1.35,4.56,0,0.2,-0.0047566,-0.0038346,-0.00417525,-0.00310984,-0.0038346,sell
2020-03-07,0,0,0,0,1.4,5.99,0,0.14, 0.0021478, 0.0059290, 0.00613311, 0.00613311, 0.0009600,buy
2020-03-08,0,0,0,0,1.02,6.35,0,0.13,-0.0028412, 0.0013947, 0.00190432, 0.00600770,-0.0028335,sell
2020-03-09,0,0,0,0,0.8,4.92,0,0.19,-0.0059793, 0.0030812, 0.00504203, 0.00318031,-0.0061951,sell
2020-03-10,0,0,0,0,0.69,3,0,0.24,-0.0052812,-0.0051258, 0.00441771,-0.00733133,-0.0047413,sell
2020-03-11,0,0,0,0,0.69,2,0,0.29,-0.0088449,-0.0046041,-0.00776120,-0.00884489,-0.0022420,sell
2020-03-12,0,0,0,0,0.78,1.39,0,0.32,-0.0047775,-0.0026035,-0.00456927,-0.00456927,-0.0045693,sell
2020-03-13,0,0,0,0,0.95,1.15,0,0.33,-0.0046907,-0.0016223,-0.00469067,-0.00469067,-0.0046907,sell
2020-03-14,0,0,0,0,1.27,1.09,0,0.33, 0.0006112, 0.0002280, 0.00051854, 0.00049077, 0.0006112,buy
2020-03-15,0,0,0,0,1.39,1.04,0,0.31,-0.0066157,-0.0037716,-0.00040588,-0.00455210,-0.0066157,sell
2020-03-16,0,0,0,0,1.06,0.99,0,0.27,-0.0050289,-0.0033177,-0.00611318,-0.00562315,-0.0061132,sell
2020-03-17,0,0,0,0,0.69,0.95,0,0.23, 0.0000221, 0.0004561, 0.00005852,-0.00254208,-0.0029411,buy
2020-03-18,0,0,0,0,0.53,0.92,0,0.17,-0.0008092,-0.0013437, 0.00030514,-0.00385874,-0.0063746,sell
2020-03-19,0,0,0,0,0.37,0.89,0,0.13, 0.0103008, 0.0084210, 0.01194522, 0.01261651, 0.0079312,buy
2020-03-20,0,0,0,0,0.28,0.87,0,0.09,-0.0006772,-0.0025782, 0.00817863,-0.00004678, 0.0045039,buy
2020-03-21,0,0,0,0,0.28,0.85,0,0.06,-0.0004328,-0.0029990, 0.00869461, 0.00039215, 0.0038669,buy
2020-03-22,0,0,0,0,0.44,0.83,0,0.04,-0.0029423,-0.0032584, 0.00581746,-0.00240020, 0.0037096,buy
2020-03-23,0.04,0,0,0,0.78,1.09,0,0,-0.0027157,-0.0018347, 0.00382508, 0.00161588, 0.0034400,buy
2020-03-24,0.12,0,0,0,1.55,1.57,0,0, 0.0062342, 0.0030160, 0.00263159,-0.00880658, 0.0037680,sell
2020-03-25,0.26,0,0,0,1.57,2.55,0,0,-0.0055093,-0.0035043,-0.00653906,-0.00709677,-0.0055434,sell
2020-03-26,0.56,0,0,0,0.78,4.01,0,0, 0.0074259, 0.0075592, 0.00704036, 0.00742595, 0.0062423,buy
2020-03-27,1.22,0,0,0,0.42,4.29,0,0, 0.0054694,-0.0002503, 0.00035227, 0.00011673, 0.0001167,buy
2020-03-28,1.86,0,0,0,0.25,2.87,0,0, 0.0001332, 0.0003607, 0.00069101,-0.00041611, 0.0006842,buy
2020-03-29,1.61,0,0,0,0.12,2.13,0,0, 0.0001572, 0.0026442, 0.00474659, 0.00182467, 0.0049158,buy
2020-03-30,0.83,0,0,0,0,2.28,0,0,-0.0042141,-0.0010862, 0.00145133,-0.00082365,-0.0030433,sell
2020-03-31,0.51,0,0,0,0,3.55,0,0,-0.0057755,-0.0066122,-0.00628941,-0.00545266,-0.0060135,sell
2020-04-01,0.42,0,0,0,0,5.16,0,0.04, 0.0107839, 0.0107839, 0.00688686, 0.01078393, 0.0101438,buy
2020-04-02,0.53,0,0,0,0,4.45,0,0.08, 0.0063212, 0.0063212, 0.00196413, 0.00586508, 0.0063212,buy
2020-04-03,0.8,0,0,0,0,3.85,0,0.14, 0.0007251, 0.0007251, 0.00080404, 0.00149416, 0.0004339,buy
2020-04-04,1.29,0,0,0,0,4.78,0,0.24, 0.0064081, 0.0076860, 0.00580920, 0.00753449, 0.0074577,buy
2020-04-05,1.19,0,0,0,0.11,4.94,0,0.43, 0.0054071, 0.0046324, 0.00463245, 0.00362729, 0.0039848,buy
2020-04-06,0.88,0,0,0,0.4,4.15,0,0.75, 0.0067720, 0.0067720, 0.00677204, 0.00897488, 0.0111228,buy
2020-04-07,0.81,0,0,0,0.89,3.02,0,1.2,-0.0072368,-0.0075148,-0.00719076,-0.00819933,-0.0060909,sell
2020-04-08,0.86,0,0,0,1.95,2.91,0,1.07,-0.0037752,-0.0039702,-0.00047328,-0.00397019, 0.0008073,sell
2020-04-09,1.02,0,0,0,2.46,2.78,0,0.6, 0.0046094, 0.0046094, 0.00993255, 0.00481365, 0.0074966,buy
2020-04-10,1.25,0,0,0,1.95,2.64,0,0.43, 0.0029353, 0.0029353, 0.00594178, 0.00447181, 0.0033535,buy
2020-04-11,1.29,0,0,0,1.09,2.67,0,0.41, 0.0030961, 0.0033190, 0.00265027, 0.00261037,-0.0017773,buy
2020-04-12,1.09,0,0,0,0.65,3.25,0,0.61, 0.0101843, 0.0091245, 0.00947996, 0.00694817, 0.0099001,buy
2020-04-13,0.92,0.12,0,0,0.63,3.11,0,1.21, 0.0091629, 0.0119759, 0.00916289, 0.00642695, 0.0099985,buy
2020-04-14,0.8,0.34,0,0,1.51,2.13,0,2.04,-0.0012001, 0.0094814, 0.00011624, 0.00576047, 0.0060999,buy
2020-04-15,0.72,0.59,0,0,1.11,1.48,0,1.94,-0.0052216, 0.0006697,-0.00905215,-0.00227529, 0.0007182,sell
2020-04-16,0.66,0.67,0,0,0.26,1.05,0,1.1,-0.0022115,-0.0017111,-0.01096243,-0.00208605,-0.0021952,sell
2020-04-17,0.61,0.57,0,0,0,0.76,0,0.55,-0.0040634, 0.0007238,-0.00836070,-0.00406337,-0.0035717,sell
2020-04-18,0.56,0.35,0,0,0,0.55,0,0.39,-0.0086572,-0.0066268,-0.00546225,-0.00802193,-0.0074427,sell
2020-04-19,0.53,0.15,0,0,0,0.31,0,0.46, 0.0039403, 0.0069649, 0.00148794, 0.00287169, 0.0039192,buy
2020-04-20,0.49,0.09,0,0,0,0.24,0,0.9, 0.0033454, 0.0079135, 0.00293213, 0.00350743, 0.0027036,buy
2020-04-21,0.46,0,0,0,0.4,0.36,0,1.2, 0.0086778, 0.0049231, 0.00867781, 0.00582842, 0.0056533,buy
2020-04-22,0.43,0.08,0,0,1.39,0.43,0,0.66, 0.0070115, 0.0049888, 0.00455346, 0.00356446, 0.0051061,buy
2020-04-23,0.4,0.14,0,0,0.87,1,0,0.4, 0.0066708, 0.0066082, 0.00595191, 0.00610962, 0.0050083,buy
2020-04-24,0.36,0.23,0,0,0.3,2,0,0.95,-0.0070507,-0.0034460,-0.00390324,-0.00705067,-0.0052423,sell
2020-04-25,0.3,0.36,0,0,0.25,1.9,0,2.08,-0.0009353,-0.0028546,-0.00121233,-0.00208069,-0.0046994,sell
2020-04-26,0.26,0.4,0,0,0.45,1.64,0,1.66,-0.0009161,-0.0007139,-0.00349681,-0.00052922,-0.0060861,sell
2020-04-27,0.23,0.27,0,0,0.81,2.54,0,0.8,-0.0041415,-0.0006163,-0.00382292,-0.00378446,-0.0038229,sell
2020-04-28,0.2,0.18,0,0,1.39,2.03,0,1.42, 0.0054105,-0.0019105,-0.00349355,-0.00113035,-0.0009763,buy
2020-04-29,0.16,0.12,0,0,1.29,3.14,0,1.04, 0.0036818, 0.0019752, 0.00331265, 0.00359710, 0.0035842,buy
2020-04-30,0.13,0.08,0,0,0.72,3.1,0,0.56,-0.0114188,-0.0061716,-0.01083348,-0.01147765,-0.0122704,sell
2020-05-01,0.11,0,0,0,0.53,1.08,0,0.63, 0.0074495, 0.0060171, 0.00975572, 0.00877324, 0.0075979,buy
2020-05-02,0.08,0,0,0,0.46,0.31,0,0.86, 0.0057643, 0.0056078, 0.00537271, 0.00576432, 0.0056078,buy
2020-05-03,0.06,0,0,0,0.56,0.4,0,1.13, 0.0031628, 0.0032050, 0.00320504, 0.00320504, 0.0032050,buy
2020-05-04,0.05,0,0,0,1.24,0.51,0,1.2, 0.0054036, 0.0078132, 0.00978144, 0.00978144, 0.0091249,buy
2020-05-05,0.03,0,0,0,2.64,0.62,0,0.97, 0.0064837, 0.0018146, 0.00167414, 0.00593865, 0.0089772,buy
2020-05-06,0,0,0,0,3.77,0.74,0,0.77,-0.0054449,-0.0052340,-0.00413166,-0.00451307,-0.0091278,sell
2020-05-07,0.05,0,0,0,3.94,0.85,0,0.63, 0.0001490, 0.0001490, 0.00014896, 0.00039843,-0.0088958,sell
2020-05-08,0.36,0,0,0,4.11,0.95,0,0.59,-0.0031278,-0.0029605,-0.00255527,-0.00268559,-0.0080607,sell
2020-05-09,1.26,0,0,0,3.43,1.03,0,0.67, 0.0013272,-0.0022505, 0.00115764, 0.00097184, 0.0016478,buy
2020-05-10,1.42,0,0,0,2.55,1.08,0,1.17, 0.0030902, 0.0022287, 0.00196351, 0.00408511, 0.0040181,buy
2020-05-11,0.79,0,0,0,2.47,1.1,0,1.56,-0.0081517,-0.0025241,-0.00607610,-0.00533519, 0.0046666,sell
2020-05-12,1.18,0,0,0,2.26,1.1,0,0.87, 0.0039057, 0.0043615, 0.00457694, 0.00526505, 0.0062190,buy
2020-05-13,1.11,0,0,0,1.41,1.07,0,0.52, 0.0063468, 0.0064036, 0.00708258, 0.00437299, 0.0058683,buy
2020-05-14,0.96,0,0,0,1.58,1.01,0,0.44, 0.0036930, 0.0095473, 0.00989888, 0.00855234, 0.0100667,buy
2020-05-15,1.21,0.1,0,0,2.82,0.92,0,0.44,-0.0047791,-0.0042231,-0.00050811,-0.00006356,-0.0038538,sell
2020-05-16,1.07,0.47,0,0,2.14,0.81,0,0.5,-0.0005801,-0.0038649,-0.00337952, 0.00078785, 0.0007015,buy
2020-05-17,1.22,0.65,0,0,0.89,0.69,0,0.59,-0.0094646, 0.0017396,-0.00598342,-0.00789120, 0.0033828,sell
2020-05-18,0.92,0.37,0,0,0.41,0.56,0,0.72,-0.0001720, 0.0008485,-0.00100302, 0.00008181, 0.0000149,buy
2020-05-19,0.47,0.25,0,0,0.22,0.45,0,0.92, 0.0030036, 0.0101473, 0.00282676, 0.00300364, 0.0006514,buy
2020-05-20,0.39,0.39,0,0,0.12,0.34,0,1.29, 0.0015602, 0.0014466,-0.00001522, 0.00126992, 0.0019370,buy
2020-05-21,0.68,0.17,0,0,0,0.25,0,1.61,-0.0061584,-0.0056642,-0.00327068,-0.00814068,-0.0063072,sell
2020-05-22,1,0,0,0,0,0.55,0,2.05, 0.0038498, 0.0042178, 0.00292276, 0.00262085, 0.0010599,buy
2020-05-23,0.65,0,0.28,0,0,1.76,0,1.34, 0.0060561, 0.0054586, 0.00261850, 0.00764214, 0.0058821,buy
2020-05-24,0.27,0,1.17,0,0,2.35,0,0.64, 0.0007047, 0.0027459, 0.00031682, 0.00026860, 0.0032768,buy
2020-05-25,0.11,0.07,2.18,0,0,1.37,0,0.38,-0.0036049, 0.0044897, 0.00177610,-0.00141309,-0.0036049,sell
2020-05-26,0.05,0.11,2.08,0,0.2,1.72,0,0.26,-0.0079454,-0.0008400,-0.00674121,-0.01011988,-0.0083088,sell
2020-05-27,0,0.18,1.01,0,0.46,2.33,0,0.21, 0.0031835, 0.0060537, 0.00564548, 0.00201054, 0.0014661,buy
2020-05-28,0,0.37,0.72,0,1.03,2.22,0,0.19,-0.0017754,-0.0034141,-0.00018974,-0.00508078,-0.0047715,sell
2020-05-29,0,0.61,1.5,0,1.4,2.1,0,0.19,-0.0002635,-0.0042204, 0.00222056, 0.00282324, 0.0022206,buy
2020-05-30,0,0.81,1.57,0,0.83,2.44,0,0.23, 0.0033835, 0.0050016, 0.00575192, 0.00319480, 0.0032717,buy
2020-05-31,0,0.71,0.52,0,0.37,1.91,0,0.36,-0.0028993,-0.0006137, 0.00132070, 0.00131767, 0.0034654,buy
2020-06-01,0,0.65,0,0,0.16,0.87,0,0.68,-0.0010029,-0.0006397,-0.00039214,-0.00365803, 0.0007858,sell
2020-06-02,0,0.4,0,0,0,0.67,0,1.54,-0.0085584,-0.0069258,-0.00692577,-0.00276734,-0.0030534,sell
2020-06-03,0,0.21,0,0,0,0.62,0,1.74,-0.0050996,-0.0071820,-0.00910173,-0.00985741,-0.0092282,sell
2020-06-04,0,0.22,0,0,0,0.71,0,1.12,-0.0038380,-0.0071662,-0.00965326,-0.00585647,-0.0054408,sell
2020-06-05,0,0.42,0,0,0.1,1.33,0,1.08, 0.0000615, 0.0003030, 0.00014191,-0.00024538,-0.0000268,buy
2020-06-06,0,0.8,0,0,0.48,1.98,0,1.24,-0.0078024,-0.0054660,-0.00482565,-0.00496900,-0.0051919,sell
2020-06-07,0,0.81,0,0,1.46,1.59,0,1.2, 0.0023173,-0.0019754, 0.00240173,-0.00204191, 0.0023364,buy
2020-06-08,0,0.6,0,0,1.74,0.85,0,1.02, 0.0020835,-0.0021095, 0.00179519,-0.00367595, 0.0016672,buy
2020-06-09,0,0.5,0,0,1.14,0.46,0,1.01, 0.0005206,-0.0036526,-0.00069642,-0.00365255, 0.0005206,buy
2020-06-10,0,0.52,0,0,1.27,0.25,0,1.34,-0.0050222,-0.0068805,-0.00524335,-0.00693959,-0.0050222,sell
2020-06-11,0,0.4,0,0,1.4,0.19,0,1.56,-0.0084758,-0.0101490,-0.00921660,-0.01007501,-0.0097717,sell
2020-06-12,0,0.21,0,0,1.04,0.43,0,1.02, 0.0073081, 0.0030501,-0.00037166,-0.00037166, 0.0016401,buy
2020-06-13,0,0.14,0.61,0,0.65,0.97,0,0.53,-0.0068347,-0.0068337,-0.00578693,-0.00525352,-0.0068347,sell
2020-06-14,0,0.09,1.89,0,0.56,2.19,0,0.3,-0.0082442, 0.0025616,-0.01098511,-0.00978551,-0.0081391,sell
2020-06-15,0,0,2.75,0,0.56,2.17,0,0.19, 0.0060240,-0.0008681, 0.00587633, 0.00460263, 0.0048540,buy
2020-06-16,0,0,2.29,0,0.76,1.45,0,0.1, 0.0073329, 0.0075745, 0.00773965, 0.00769831, 0.0055400,buy
2020-06-17,0,0,1.14,0,1.25,1.48,0,0.07,-0.0040594,-0.0054226,-0.00664201,-0.00664201,-0.0023273,sell
2020-06-18,0,0,0.33,0,1.5,2.08,0,0.05, 0.0005158,-0.0003666, 0.00258113, 0.00162692,-0.0022472,buy
2020-06-19,0,0,0.37,0,0.92,1.98,0,0.04, 0.0039404, 0.0044386, 0.00460998,-0.00267295, 0.0015482,buy
2020-06-20,0,0,0.9,0,0.51,1.2,0,0,-0.0056911,-0.0056911,-0.00406865,-0.00681067,-0.0043984,sell
2020-06-21,0,0,1.59,0,0.29,0.71,0,0, 0.0016802, 0.0046832, 0.00372133, 0.00436928, 0.0084020,buy
2020-06-22,0,0,1.11,0,0.17,0.42,0,0, 0.0007374, 0.0030192, 0.00413148, 0.00239504, 0.0059667,buy
2020-06-23,0,0,0.45,0,0.27,0.25,0,0, 0.0025581, 0.0009087,-0.00009462,-0.00015331,-0.0001533,buy
2020-06-24,0,0,0,0,0.38,0.15,0,0, 0.0107626, 0.0101258, 0.00957892, 0.00998777, 0.0079589,buy
2020-06-25,0,0,0,0,0.87,0,0,0, 0.0043537, 0.0040234,-0.00029999, 0.00976059, 0.0045476,buy
2020-06-26,0,0,0,0,1.39,0,0,0, 0.0008452,-0.0010486, 0.00118330,-0.00596195, 0.0010324,buy
2020-06-27,0,0,0,0,0.95,0,0,0,-0.0098643,-0.0109739,-0.01140712,-0.01238951,-0.0119537,sell
2020-06-28,0,0,0,0,0.44,0,0,0, 0.0002548, 0.0035177, 0.00338842, 0.00678053, 0.0043344,buy
2020-06-29,0,0,0,0,0.21,0,0,0,-0.0007871, 0.0004509, 0.00596534, 0.00094404, 0.0023642,buy
2020-06-30,0,0,0,0,0.1,0,0,0, 0.0020944, 0.0021693, 0.00624282, 0.00181133, 0.0033169,buy
2020-07-01,0,0,0,0,0,0,0,0, 0.0020942, 0.0019482, 0.00449908,-0.00112356, 0.0031247,buy
2020-07-02,0,0,0,0,0.19,0,0,0, 0.0014842, 0.0000234,-0.00382826, 0.00292514, 0.0014842,buy
2020-07-03,0,0.07,0,0,0.41,0,0,0,-0.0041077,-0.0038961,-0.00609789,-0.00306223,-0.0021928,sell
2020-07-04,0,0.17,0,0,0.96,0,0,0.05, 0.0068099, 0.0064158, 0.00241665, 0.00710640, 0.0068564,buy
2020-07-05,0,0.26,0,0,1.52,0,0,0.14, 0.0014789,-0.0024568,-0.00159927, 0.00247353,-0.0026367,buy
2020-07-06,0,0.39,0,0,1.23,0,0,0.35, 0.0008124,-0.0077516,-0.00775157,-0.00560546,-0.0099484,sell
2020-07-07,0,0.6,0,0,0.76,0,0,0.82, 0.0002884,-0.0006062,-0.00103633,-0.00060618, 0.0002884,buy
2020-07-08,0.04,0.69,0,0,0.61,0,0,1.19,-0.0041725,-0.0057555,-0.00358286,-0.00666650,-0.0041725,sell
2020-07-09,0.09,0.64,0,0,0.65,0,0,0.79,-0.0017489,-0.0023104,-0.00172623,-0.00209639,-0.0015914,sell
2020-07-10,0.21,0.48,0,0,0.91,0,0,0.38, 0.0017675, 0.0014457, 0.00144568, 0.00176746, 0.0017675,buy
2020-07-11,0.49,0.29,0,0,1.41,0,0,0.2,-0.0047819,-0.0011861,-0.00055932,-0.00267120,-0.0047819,sell
2020-07-12,0.99,0.13,0,0.42,1.73,0,0,0.12,-0.0041131,-0.0017948, 0.00516278,-0.00038301,-0.0032315,buy
2020-07-13,0.83,0.08,0,1.43,1.56,0,0,0.07,-0.0033273,-0.0053490,-0.00537366,-0.00488964,-0.0059877,sell
2020-07-14,0.35,0,0,2.37,1.5,0,0,0.05, 0.0039500, 0.0038991, 0.00429391, 0.00242712,-0.0016147,buy
2020-07-15,0.15,0.09,0,2.42,1.77,0,0,0.03, 0.0022727, 0.0018109, 0.00217564, 0.00232434,-0.0026837,buy
2020-07-16,0.06,0.16,0,1.66,1.63,0,0,0, 0.0013790,-0.0053889,-0.00522671, 0.00090077,-0.0002329,buy
2020-07-17,0,0.3,0,0.56,1.03,0.17,0,0,-0.0002275, 0.0053296, 0.00227657, 0.00633839,-0.0047794,buy
2020-07-18,0,0.4,0,0,0.56,0.22,0,0, 0.0102055, 0.0104661, 0.01004081, 0.01004081, 0.0109491,buy
2020-07-19,0,0.27,0,0.66,0.36,0.29,0,0, 0.0047107, 0.0106317, 0.01075739, 0.00994495, 0.0043703,buy
2020-07-20,0,0.14,0,1.57,0.23,0.36,0,0, 0.0009415, 0.0006543, 0.00098863, 0.00079497, 0.0013705,buy
2020-07-21,0,0.07,0,1.52,0.15,0.46,0,0.04, 0.0028156, 0.0023474, 0.00327159, 0.00234743, 0.0028481,buy
2020-07-22,0,0,0,0.6,0,0.56,0,0.1, 0.0068090, 0.0075034, 0.00278660,-0.00495719, 0.0082858,buy
2020-07-23,0,0,0,0,0,0.69,0,0.17, 0.0045061, 0.0070078,-0.00099690, 0.00825354, 0.0074294,buy
2020-07-24,0,0,0,0,0,0.81,0,0.33, 0.0000321, 0.0034063,-0.00254968, 0.00287000, 0.0049154,buy
2020-07-25,0,0,0.38,0,0,0.97,0,0.63,-0.0023903, 0.0019570, 0.00019299,-0.00018221, 0.0016658,sell
2020-07-26,0,0.13,0.85,0,0,1.13,0,1.26, 0.0019839,-0.0025314, 0.00442929, 0.00198478, 0.0008184,buy
2020-07-27,0,0.31,1.57,0,0.11,1.32,0,2.38,-0.0008156, 0.0055575, 0.00366125, 0.00205174, 0.0041750,buy
2020-07-28,0.08,0.4,1.6,0,0.16,1.5,0,2.17,-0.0004559, 0.0063725, 0.00537561, 0.00394342, 0.0060883,buy
2020-07-29,0.32,0.21,1.25,0.62,0.22,1.69,0,1.09, 0.0046749, 0.0015686, 0.00528198, 0.00149101,-0.0065912,buy
2020-07-30,0.99,0.09,1.46,1.57,0.58,2.16,0,0.7,-0.0053357, 0.0016049,-0.00319267,-0.00297367,-0.0005878,sell
2020-07-31,0.73,0,1.59,1.62,0.95,2.53,0,0.73,-0.0050296, 0.0016843,-0.00028232,-0.00154568,-0.0001291,sell
2020-08-01,0.17,0,0.78,1.59,1.6,3.02,0,1.18, 0.0008025, 0.0024044, 0.00152605, 0.00079508, 0.0002261,buy
2020-08-02,0.04,0,0.66,1.04,2.7,3.7,0,1.75, 0.0064561, 0.0149073, 0.01459833, 0.00654334, 0.0147364,buy
2020-08-03,0,0,0.7,1.6,3.14,3.2,0,1.72, 0.0063123, 0.0144862, 0.01297098, 0.00631234, 0.0144862,buy
2020-08-04,0,0,1.6,1.29,2.74,2.23,0,1.59, 0.0107351, 0.0157153, 0.01606705, 0.01185196, 0.0158295,buy
2020-08-05,0,0,1.5,0,2.38,1.73,0,1.2, 0.0063977, 0.0048628, 0.00486284, 0.00592942, 0.0063977,buy
2020-08-06,0,0.07,0.63,0,2.01,1.45,0,0.8,-0.0048012,-0.0043449,-0.00416105,-0.00266130,-0.0031035,sell
2020-08-07,0,0.38,0,0,1.49,1.24,0,0.58,-0.0116019,-0.0016481,-0.00596804,-0.00817242,-0.0113986,sell
2020-08-08,0,0.36,0,0,1.01,1.19,0,0.59,-0.0071483, 0.0010085,-0.00658634,-0.00685369,-0.0071856,sell
2020-08-09,0,0,0.46,0,0.7,1.15,0,0.97,-0.0020179,-0.0021445, 0.00024090, 0.00050728,-0.0019711,sell
2020-08-10,0.04,0,1.57,0,0.47,1.12,0,1.85,-0.0001447, 0.0005899,-0.00014468,-0.00192754,-0.0001447,buy
2020-08-11,0.08,0,2.47,0,0.26,1.09,0,1.35,-0.0046745,-0.0109413,-0.01092395,-0.01169983,-0.0103994,sell
2020-08-12,0.13,0,2.38,0,0.18,1.08,0,1.21, 0.0019403,-0.0072141,-0.00738791,-0.00848281,-0.0072076,sell
2020-08-13,0.22,0,2.48,0,0.13,1.07,0,1.25, 0.0015892,-0.0019748,-0.00197477,-0.00301986,-0.0018757,buy
2020-08-14,0.42,0,4.06,0,0,1.37,0,1.03,-0.0048875,-0.0085339,-0.00850785,-0.00817331,-0.0074808,sell
2020-08-15,0.83,0,4.27,0,0,1.85,0,0.79, 0.0021524,-0.0079080, 0.00018556,-0.00519656,-0.0073472,buy
2020-08-16,1.66,0,2.91,0,0,3.04,0,0.65, 0.0038018, 0.0039826, 0.00483815, 0.00562432, 0.0015751,buy
2020-08-17,1.76,0,2.41,0,0,3.13,0,0.57, 0.0012823, 0.0004884, 0.00162126, 0.00563649, 0.0047607,buy
2020-08-18,0.74,0,2.9,0,0,1.97,0,0.54,-0.0051430,-0.0070748,-0.00199615, 0.00520434,-0.0034662,sell
2020-08-19,0.31,0,2.11,0,0,1.53,0,0.55, 0.0026772, 0.0026772, 0.00477419, 0.00556139, 0.0026772,buy
2020-08-20,0.13,0.11,0.74,0,0.17,1.4,0,0.61, 0.0043822, 0.0030593, 0.00274344, 0.00280751, 0.0027434,buy
2020-08-21,0.07,0.39,0.3,0,0.64,1.3,0,0.71, 0.0030450, 0.0056660, 0.00320948, 0.00256933, 0.0003866,buy
2020-08-22,0.04,0.23,0,0,1.4,1.38,0,0.86,-0.0088759,-0.0022590,-0.00769304,-0.00908660,-0.0074798,sell
2020-08-23,0.06,0.37,0,0,0.77,1.44,0,1.07, 0.0035000, 0.0037247, 0.00427274, 0.00405102, 0.0024265,buy
2020-08-24,0.38,0.73,0,0.62,0.21,1.53,0,1.27,-0.0088899,-0.0062713,-0.00457521,-0.00627132,-0.0051155,sell
2020-08-25,1.14,1.19,0,1.57,0,1.63,0,1.19,-0.0039993,-0.0007568,-0.00072552,-0.00038339,-0.0099102,sell
2020-08-26,0.96,1.08,0,1.5,0.14,1.73,0,0.94,-0.0024080, 0.0002917, 0.00070207,-0.00083897,-0.0071937,sell
2020-08-27,1.17,0.31,0,0.57,0.23,1.86,0,0.76,-0.0026341, 0.0025169, 0.00043799, 0.00138243,-0.0010955,sell
2020-08-28,1.28,0.09,0,0.35,0.36,2,0,0.59,-0.0010005, 0.0045786, 0.00455607, 0.00017422, 0.0007411,buy
2020-08-29,1.35,0.21,0,1.34,0.58,2,0,0.48, 0.0072266, 0.0048386, 0.00746232, 0.00595478, 0.0063093,buy
2020-08-30,0.82,0.4,0,3.14,0.94,1.86,0,0.4,-0.0000561, 0.0028118,-0.00080717,-0.00081255,-0.0008072,sell
2020-08-31,0.86,0.38,0,2.53,1.4,2.04,0,0.4, 0.0002722, 0.0008707,-0.00323473,-0.00381194,-0.0032837,sell
2020-09-01,1.69,0.37,0,1.34,1.27,2.63,0,0.44, 0.0008528,-0.0007329, 0.00018018,-0.00073291,-0.0007329,sell
2020-09-02,2.01,0.8,0,1.57,0.78,3.4,0,0.59, 0.0022093, 0.0042799, 0.00321557, 0.00377364, 0.0026557,buy
2020-09-03,1.76,0.93,0.7,0.99,0.48,2.5,0,1.05, 0.0004423,-0.0000514,-0.00100229,-0.00056595,-0.0043134,sell
2020-09-04,0.64,0.62,1.57,0.36,0.3,1.58,0,1.38, 0.0034732,-0.0003634, 0.00232704, 0.00232704, 0.0023067,buy
2020-09-05,0.24,0.4,0.86,0,0.18,1.08,0,0.87,-0.0056125,-0.0037047,-0.00302906,-0.00474218,-0.0032060,sell
2020-09-06,0.14,0.19,0,0,0.11,0.97,0,0.44, 0.0148009, 0.0136723, 0.01672735, 0.01227201, 0.0117031,buy
2020-09-07,0.22,0.08,0,0,0,0.88,0,0.26, 0.0041042, 0.0093168, 0.00245623, 0.00548886, 0.0119445,buy
2020-09-08,0.54,0.08,0,0,0,0.78,0,0.18, 0.0011868, 0.0009096, 0.00062117, 0.00088919, 0.0008892,buy
2020-09-09,1,0.23,0,0.3,0,0.7,0,0.13,-0.0010725,-0.0044834,-0.01078563,-0.01011308,-0.0043162,sell
2020-09-10,0.78,0.4,0,0.72,0,0.63,0,0.13, 0.0087496,-0.0058518, 0.00424738,-0.00588381, 0.0044099,buy
2020-09-11,0.38,0.24,0.75,1.57,0,0.56,0,0.13, 0.0044845, 0.0062826, 0.00543954, 0.00645236, 0.0078775,buy
2020-09-12,0.3,0.09,1.57,1.4,0,0.5,0,0.21,-0.0002181, 0.0030973, 0.00102276, 0.00072020, 0.0014023,buy
2020-09-13,0.5,0,0.85,0.57,0,0.44,0,0.34,-0.0016645,-0.0013348,-0.00178865,-0.00157346,-0.0015517,sell
2020-09-14,1.06,0,0,0,0,0.39,0,0.79, 0.0002897,-0.0001630, 0.00007253,-0.00442455,-0.0006930,buy
2020-09-15,1.15,0.08,0,0,0,0.35,0,1.51, 0.0019685,-0.0080487, 0.00205902, 0.00417438, 0.0058560,buy
2020-09-16,0.83,0.2,0,0,0,0.3,0,1.66, 0.0075011, 0.0034342, 0.00879604, 0.00554152, 0.0083651,buy
2020-09-17,1.15,0.4,0.53,0,0,0.26,0,1.64,-0.0035625,-0.0006980,-0.00244688,-0.00133176,-0.0015546,sell
2020-09-18,0.98,0.31,2.22,0,0,0.23,0,0.98, 0.0062989, 0.0076427, 0.00438897, 0.00438897, 0.0044661,buy
2020-09-19,0.41,0.13,2.92,0,0,0.2,0,0.69,-0.0054038,-0.0046067,-0.00490065,-0.00478794,-0.0050589,sell
2020-09-20,0.16,0,2.4,0,0,0.18,0,1.24, 0.0019066,-0.0027609,-0.00279001,-0.00040777,-0.0027900,buy
2020-09-21,0.06,0,2.29,0,0,0.15,0,1.66,-0.0017037,-0.0020061,-0.00201065, 0.00030382,-0.0057277,sell
2020-09-22,0,0,2.47,0,0,0.16,0,1.49,-0.0010966,-0.0016064, 0.00088651, 0.00169404,-0.0010680,sell
2020-09-23,0,0,2.22,0.85,0,0.27,0,1.7,-0.0022540,-0.0024377,-0.00312975,-0.00026220,-0.0003247,sell
2020-09-24,0,0,1.35,1.59,0,0.44,0,1.15,-0.0002422, 0.0006810,-0.00747452, 0.00055906, 0.0025970,sell
2020-09-25,0,0,1.38,0.8,0,0.73,0,0.77,-0.0060660,-0.0032966,-0.00659116,-0.00328955, 0.0056463,sell
2020-09-26,0.07,0,1.59,0,0,1.2,0,0.75,-0.0007365, 0.0018635,-0.00051845,-0.00224476,-0.0001766,buy
2020-09-27,0.26,0,1.5,0,0,2,0,0.84, 0.0022375, 0.0047433, 0.00408443, 0.00122554, 0.0040858,buy
2020-09-28,0.9,0,1.87,0,0,1.96,0,1.05,-0.0051127,-0.0059315,-0.00573527,-0.00382954,-0.0051006,sell
2020-09-29,1,0.14,1.37,0,0,1.18,0,1.3,-0.0021459,-0.0013898,-0.00197131,-0.00175014,-0.0020439,sell
2020-09-30,0.34,0.36,0.86,0,0,0.71,0,1.29,-0.0096309,-0.0094491,-0.00884168,-0.00963090,-0.0028235,sell
2020-10-01,0.16,0.4,0.93,0,0,0.43,0,1.09,-0.0044309,-0.0061981,-0.00382821,-0.00443095,-0.0045785,sell
2020-10-02,0.15,0.17,1.57,0,0,0.26,0,0.92, 0.0028628, 0.0010305, 0.00170517, 0.00297568, 0.0019717,buy
2020-10-03,0.27,0.15,1.08,0,0,0.15,0,0.82,-0.0009599,-0.0007827,-0.00299503,-0.00276406,-0.0027910,sell
2020-10-04,0.51,0.21,0.44,0,0,0,0,0.77,-0.0009745, 0.0065231,-0.00398278,-0.00097451,-0.0045883,sell
2020-10-05,0.95,0.4,0,0.47,0,0,0,0.77, 0.0008651,-0.0032523, 0.00220110,-0.00325227, 0.0026107,buy
2020-10-06,1,0.28,0,0.91,0,0,0,0.83,-0.0041434,-0.0092347, 0.00153499,-0.00550004,-0.0018349,sell
2020-10-07,0.58,0.2,0,1.59,0,0,0,1.02,-0.0109522,-0.0039337,-0.01073203,-0.00564450,-0.0097576,sell
2020-10-08,0.4,0.54,0,1.49,0,0,0,1.3, 0.0027067,-0.0017066,-0.00229673,-0.00466317,-0.0046632,buy
2020-10-09,0.48,0.79,0.35,0.87,0,0,0,1.67, 0.0040748, 0.0024588,-0.00503478,-0.00248696,-0.0037637,buy
2020-10-10,1.07,0.51,0.86,0.55,0,0,0,1.93, 0.0037499, 0.0054258,-0.00085675, 0.00467983, 0.0017679,buy
2020-10-11,1,0.39,1.57,0.38,0.1,0,0,2.17, 0.0068875, 0.0081309, 0.00951030, 0.00960032, 0.0068019,buy
2020-10-12,0.32,0.31,1.16,0.77,0.13,0,0,1.74,-0.0078551,-0.0089796,-0.00829906,-0.01084378,-0.0072882,sell
2020-10-13,0.11,0.11,0.47,1.57,0.17,0,0,1.33, 0.0046409,-0.0005326,-0.00005472, 0.00349726,-0.0056310,buy
2020-10-14,0.04,0,0,1.56,0.22,0,0,1.6, 0.0072998, 0.0024827, 0.00506367, 0.00257349, 0.0028799,buy
2020-10-15,0.04,0,0,0.48,0.29,0,0,2.01,-0.0044655,-0.0070457,-0.00569978,-0.00311496,-0.0045559,sell
2020-10-16,0.1,0,0,0.31,0.37,0,0,1.77,-0.0046566,-0.0045671,-0.00459682,-0.00317092,-0.0035925,sell
2020-10-17,0.27,0,0.27,1.24,0.48,0,0,1.89, 0.0044401,-0.0011124, 0.00020415,-0.00821256, 0.0012587,sell
2020-10-18,0.75,0,1.02,2.35,0.62,0,0,2.52,-0.0042263,-0.0024951,-0.00450351,-0.00480763,-0.0051789,sell
2020-10-19,1.11,0,1.6,2.47,0.79,0,0,2.16,-0.0050176, 0.0027485,-0.00504299,-0.00043506,-0.0114176,sell
2020-10-20,0.88,0,0.62,1.95,1.01,0.35,0,1.32,-0.0036157, 0.0030292,-0.01103561,-0.00801739,-0.0018411,sell
2020-10-21,1.23,0.11,0,0.81,1.27,1.93,0,0.84,-0.0049753, 0.0028660, 0.00286612,-0.00168848,-0.0016548,sell
2020-10-22,1.14,0.33,0,0.34,1.39,1.49,0,0.55, 0.0024426, 0.0064086, 0.00245438, 0.00360805, 0.0034281,buy
2020-10-23,0.83,0.5,0,0,1.22,0.19,0,0.32,-0.0034937,-0.0029346,-0.00635158,-0.00386158,-0.0034937,sell
2020-10-24,1.09,0.63,0,0,0.98,0,0,0.22,-0.0046723, 0.0068477,-0.00650826,-0.00465921, 0.0068477,sell
2020-10-25,0.74,0.78,0,0,0.79,0,0,0.16,-0.0115311,-0.0113257,-0.00804136,-0.00975372,-0.0130453,sell
2020-10-26,0.25,0.79,0,0,0.77,0,0,0.12, 0.0123931, 0.0112409, 0.01410960, 0.01479911, 0.0049817,buy
2020-10-27,0.09,0.63,0,0,1.82,0,0,0.08, 0.0033758, 0.0040828, 0.00337582, 0.00337582, 0.0033758,buy
2020-10-28,0.03,0.5,0,0,2.18,0,0,0.14,-0.0020865,-0.0060962,-0.00053645,-0.00184709,-0.0007801,sell
2020-10-29,0,0.24,0,0.33,1.41,0,0,0.25,-0.0064627,-0.0057821,-0.00451750,-0.00534913,-0.0081874,sell
2020-10-30,0,0.14,0,0.83,1.69,0,0,0.45, 0.0081302, 0.0071415, 0.00405959, 0.00371393, 0.0016378,buy
2020-10-31,0,0.09,0,1.59,1.35,0,0,0.86, 0.0036318,-0.0049010,-0.00551906,-0.00415388,-0.0032913,buy
2020-11-01,0,0,0,1.17,0.73,0,0,1.25, 0.0059207, 0.0003068,-0.00233814, 0.00186752, 0.0018067,buy
2020-11-02,0,0,0.44,0.46,0.44,0,0,1.19,-0.0045712, 0.0006932,-0.00212387, 0.00212347, 0.0024136,sell
2020-11-03,0,0,1.36,0,0.29,0,0,0.93, 0.0025631, 0.0005764, 0.00224151, 0.00283185, 0.0022415,buy
2020-11-04,0,0,1.57,0,0.16,0,0,0.9, 0.0014122, 0.0001412, 0.00141219, 0.00240460, 0.0014122,buy
2020-11-05,0,0,0.94,0,0.15,0,0,1.1, 0.0090738, 0.0079434, 0.01006716, 0.00982372, 0.0088249,buy
2020-11-06,0.05,0,0.95,0,0.23,0,0,1.25, 0.0103661, 0.0091503, 0.01036606, 0.01051655, 0.0101395,buy
2020-11-07,0.13,0,1.59,0,0.24,0,0,0.93, 0.0007915,-0.0019199, 0.00079149, 0.00330574, 0.0007915,buy
2020-11-08,0.32,0,0.97,0.7,0.26,0,0,0.57,-0.0032169,-0.0012552,-0.00373922, 0.00030428, 0.0009255,sell
2020-11-09,0.79,0,0.37,1.59,0.29,0,0,0.31,-0.0002294,-0.0002318,-0.00031528,-0.00031528, 0.0007021,buy
2020-11-10,0.99,0,0.5,1.1,0.32,0,0,0.15,-0.0008526,-0.0015065,-0.00074701, 0.00081277, 0.0004390,buy
2020-11-11,0.49,0,1.5,0.35,0.37,0,0,0.07,-0.0052923,-0.0042782,-0.00618344,-0.00449834,-0.0051272,sell
2020-11-12,0.2,0.17,1.57,0,0.43,0,0,0.1, 0.0037324, 0.0021870,-0.00185093, 0.00101012, 0.0008447,buy
2020-11-13,0.08,0.4,0.54,0,0.5,0.21,0,0.3,-0.0027405,-0.0019765,-0.00197472,-0.00297598, 0.0090915,sell
2020-11-14,0.03,0.3,0,0,0.59,0.46,0,0.83, 0.0078423, 0.0080799, 0.00529856, 0.00789426, 0.0035834,buy
2020-11-15,0,0.1,0,0.28,0.7,1.02,0,2.12,-0.0069778,-0.0013267,-0.00426915,-0.00101241,-0.0012332,sell
2020-11-16,0,0,0,0.98,0.83,2,0,2.26,-0.0055310,-0.0050028,-0.00354371,-0.00706401,-0.0059753,sell
2020-11-17,0,0,0,1.59,1.01,1.7,0,1.17, 0.0018068,-0.0046074,-0.00553234,-0.00622194,-0.0065245,sell
2020-11-18,0,0,0,0.68,1.21,0.75,0,1.03,-0.0051968,-0.0063828,-0.00643520,-0.00340805,-0.0054573,sell
2020-11-19,0,0,0,0,1.45,0.34,0,1.31, 0.0015622, 0.0020503,-0.00075753, 0.00137493, 0.0023521,buy
2020-11-20,0,0.11,0,0,1.53,0.15,0,0.73,-0.0030418, 0.0004993,-0.00196575,-0.00358921, 0.0004993,sell
2020-11-21,0.05,0.24,0.73,0,1.34,0,0,0.25,-0.0028309,-0.0021871,-0.00011209,-0.00156064,-0.0048520,sell
2020-11-22,0.19,0.5,1.59,0,1.13,0,0,0.09, 0.0006925, 0.0024642,-0.00405949,-0.00090460, 0.0029006,buy
2020-11-23,0.73,0.61,0.95,0,0.97,0,0,0, 0.0101446, 0.0088906, 0.00889332, 0.00200788, 0.0072618,buy
2020-11-24,0.98,0.53,0.27,0,0.85,0,0,0, 0.0006828, 0.0063433,-0.00681150,-0.00025133, 0.0061785,buy
2020-11-25,0.33,0.15,0,0,0.76,0,0,0, 0.0043105,-0.0108361,-0.00338332,-0.00326777,-0.0014526,buy
2020-11-26,0.08,0,0,0.68,0.7,0,0,0, 0.0064079, 0.0084171, 0.00162288, 0.00002863, 0.0060704,buy
2020-11-27,0,0,0.44,1.59,0.66,0.33,0,0, 0.0062989, 0.0045208, 0.00647311, 0.00464343, 0.0062849,buy
2020-11-28,0,0,1.11,1.16,0.66,0.79,0,0,-0.0028015, 0.0060116,-0.00115096,-0.00266739, 0.0052934,buy
2020-11-29,0,0,1.59,0.37,0.68,2.08,0,0, 0.0038116, 0.0043723, 0.00430879, 0.00549979, 0.0038145,buy
2020-11-30,0,0,0.87,0,0.71,2.33,0,0, 0.0020146, 0.0040834, 0.00189633, 0.00203881, 0.0027735,buy
2020-12-01,0,0,0.34,0,0.78,1.57,0,0.05, 0.0083999, 0.0083999, 0.00865866, 0.00186067, 0.0064023,buy
2020-12-02,0,0.21,0,0,0.88,2.13,0,0.1,-0.0036907,-0.0047432,-0.00455952,-0.00446815,-0.0039251,sell
2020-12-03,0.08,0.4,0,0,1.02,2.7,0,0.19,-0.0039379,-0.0109254,-0.01067189,-0.01044874,-0.0111107,sell
2020-12-04,0.25,0.22,0.5,0,1.14,2.49,0,0.37, 0.0009807,-0.0009668, 0.00080698,-0.00151246, 0.0005857,buy
2020-12-05,0.79,0.07,1.91,0,1.4,2.92,0,0.76, 0.0045878, 0.0012276, 0.00200907,-0.00410142, 0.0074280,buy
2020-12-06,1.06,0,3.14,0,1.38,3.01,0,1.28,-0.0036628,-0.0033371,-0.00035751,-0.00520359,-0.0050036,sell
2020-12-07,0.53,0,1.67,0,1.09,2.82,0,1.22, 0.0027133, 0.0016769, 0.00288268,-0.00043085, 0.0054906,buy
2020-12-08,0.37,0,0.35,0,0.87,1.44,0,1.06, 0.0010844, 0.0018509, 0.00107306,-0.00000894,-0.0012454,sell
2020-12-09,0.49,0,0,0,0.68,2.27,0,1.52, 0.0033101,-0.0002983,-0.00089174,-0.00029830,-0.0015341,buy
2020-12-10,0.83,0,0,0,0.53,3.8,0,1.45,-0.0071122,-0.0065395,-0.00576193,-0.00603561,-0.0019257,sell
2020-12-11,1,0.08,0,0,0.41,2.66,0,1.41,-0.0041622,-0.0034567,-0.00724002,-0.00413762,-0.0037845,sell
2020-12-12,0.7,0.2,0,0,0.52,0.76,0,1.99, 0.0034533, 0.0050465, 0.00452934, 0.00546498, 0.0056684,buy
2020-12-13,0.59,0.4,0,0,0.71,0.15,0,1.87,-0.0027729,-0.0020115,-0.00277292,-0.00222417, 0.0008375,sell
2020-12-14,0.96,0.4,0,0,1.31,0,0,0.85, 0.0032904, 0.0026793,-0.00283044, 0.00349776, 0.0038733,buy
2020-12-15,1.08,0.52,0,0,1.86,0,0,0.32,-0.0083984, 0.0010633,-0.00388614, 0.00037018, 0.0000328,sell
2020-12-16,0.46,0.37,0,0,2.15,0,0,0.2,-0.0099074,-0.0102737,-0.00252281,-0.01100380,-0.0098841,sell
2020-12-17,0.17,0.09,0,0,1.67,0,0,0.22, 0.0015928,-0.0017621, 0.00243359, 0.00193798, 0.0004498,buy
2020-12-18,0.05,0,0,0,0.77,0,0,0.29,-0.0096319,-0.0085756,-0.01526138,-0.01297470,-0.0079813,sell
2020-12-19,0,0,0.36,0,1.2,0,0,0.39,-0.0024237,-0.0024237,-0.00121104,-0.00410832,-0.0024237,sell
2020-12-20,0,0.12,1.13,0,3.36,0.27,0,0.52, 0.0067166, 0.0055279, 0.00475619, 0.00578434, 0.0063830,buy
2020-12-21,0,0.27,1.59,0,5.52,0.81,0,0.72, 0.0038055, 0.0072653, 0.00380547, 0.00717982, 0.0003418,buy
2020-12-22,0.03,0.4,0.69,0,3.68,2,0,0.97,-0.0018058,-0.0020614,-0.00187590,-0.00264275,-0.0066589,sell
2020-12-23,0.15,0.26,0,0,1.53,1.6,0,1.2,-0.0028369,-0.0037098,-0.00394454,-0.00388063,-0.0045647,sell
2020-12-24,0.67,0.12,0,0,0.58,0.54,0,1.06, 0.0086527, 0.0057631, 0.00866576, 0.00865272, 0.0120395,buy
2020-12-25,1.13,0,0,0,0.27,0.18,0,0.77,-0.0009194,-0.0006256,-0.00047347,-0.00519957,-0.0007560,sell
2020-12-26,0.69,0,0,0,0,0.56,0,0.55,-0.0047034,-0.0047034,-0.00608117,-0.00635307,-0.0047034,sell
2020-12-27,0.93,0,0,0,0,1.48,0,0.48,-0.0001993,-0.0001993,-0.00019927,-0.00019927,-0.0001993,buy
2020-12-28,0.98,0,0,0,0,3.27,0,0.6, 0.0046766, 0.0042646, 0.00441078, 0.00403214, 0.0045467,buy
2020-12-29,0.46,0,0,0,0,3.4,0,1.11,-0.0070630,-0.0017119,-0.00197531,-0.00533349,-0.0024414,sell
2020-12-30,0.21,0,0,0,0,1.71,0,1.87,-0.0010872, 0.0029564, 0.00333458, 0.00444173, 0.0038548,buy
2020-12-31,0.18,0.11,0,0,0.12,0.67,0,1.93,-0.0093861,-0.0094462,-0.00856323,-0.00427701,-0.0089715,sell
2021-01-01,0.44,0.34,0,0,0.32,0.19,0,1.26, 0.0017404, 0.0027998, 0.00121695, 0.00081978, 0.0032498,buy
2021-01-02,0.98,0.39,0,0,0.66,0,0,0.52, 0.0008369, 0.0016326,-0.00342155,-0.00123290, 0.0002789,sell
2021-01-03,0.59,0.14,0,0,1.56,0,0,0.22, 0.0064574, 0.0030425, 0.00645938, 0.00293836, 0.0034882,buy
2021-01-04,0.19,0,0,0,1.87,0,0,0.13, 0.0049011, 0.0058253, 0.00009892, 0.00326058, 0.0060378,buy
2021-01-05,0.11,0,0,0,1.22,0,0,0.15,-0.0011987,-0.0011987,-0.00213238,-0.00238922,-0.0018267,sell
2021-01-06,0.18,0,0,0,1.15,0,0,0.27,-0.0010920,-0.0032666, 0.00332781, 0.00151880, 0.0014943,buy
2021-01-07,0.37,0,0,0,1.38,0,0,0.61, 0.0018553, 0.0032411, 0.00224379, 0.00282165, 0.0045749,buy
2021-01-08,0.77,0,0,0,1.6,0.33,0,1.35, 0.0009435,-0.0063504,-0.00387699,-0.00658092,-0.0045860,sell
2021-01-09,1.36,0,0,0,1.55,0.91,0,1.63, 0.0055245, 0.0058883, 0.00588825, 0.00577841, 0.0011865,buy
2021-01-10,1.66,0,0,0,2.29,2.4,0,1.19, 0.0004091, 0.0017745, 0.00522873, 0.00087815,-0.0030594,buy
2021-01-11,1.49,0.25,0,0,2.2,1.98,0,1.44, 0.0008682, 0.0024574, 0.00640698, 0.00413607, 0.0002265,buy
2021-01-12,1,0.4,0,0,2.02,1.24,0,2.39,-0.0014413, 0.0094186,-0.00067528, 0.00554638, 0.0047022,buy
2021-01-13,1.25,0.15,0,0,1.8,1.34,0,2.03, 0.0073354, 0.0105565, 0.00791636, 0.00970836, 0.0088415,buy
2021-01-14,1.12,0,0,0,0.82,2,0,1.35, 0.0091439, 0.0049156, 0.00403946, 0.00630496, 0.0044132,buy
2021-01-15,0.37,0,0,0,0.39,1.93,0,0.97, 0.0064007, 0.0017066, 0.00341483, 0.00322168, 0.0058947,buy
2021-01-16,0.11,0.1,0,0,0.21,1.28,0,0.78,-0.0014016,-0.0005075,-0.00066766,-0.00140157, 0.0002798,sell
2021-01-17,0.04,0.15,0,0,0,0.83,0,0.7, 0.0089546, 0.0124291, 0.00732855, 0.00571903, 0.0111261,buy
2021-01-18,0,0.23,0,0,0.16,0.55,0,0.69, 0.0033754, 0.0093101, 0.00320953, 0.00231847, 0.0042222,buy
2021-01-19,0,0.36,0,0,0.55,0.36,0,0.72, 0.0039391, 0.0040050,-0.00262532, 0.00364544, 0.0036454,buy
2021-01-20,0,0.4,0,0,1.4,0.4,0,0.8,-0.0048745,-0.0079242,-0.00551916,-0.00468874,-0.0079130,sell
2021-01-21,0,0.28,0.72,0,1.05,0.54,0,0.96,-0.0074338,-0.0024738,-0.00086379,-0.00228640,-0.0070951,sell
2021-01-22,0.05,0.17,1.59,0,0.35,0.94,0,1.22,-0.0045658,-0.0030842,-0.00463043,-0.00563165,-0.0056568,sell
2021-01-23,0.15,0.11,1.16,0,0.32,1.96,0,1.37,-0.0046831,-0.0024187,-0.00382761,-0.00556142,-0.0048427,sell
2021-01-24,0.48,0.15,0.43,0,0.45,1.7,0,1.35, 0.0019635, 0.0009084, 0.00126955, 0.00108158, 0.0046038,buy
2021-01-25,0.98,0.39,0,0,1.05,0.7,0,1.59,-0.0086362,-0.0038019,-0.00877792,-0.00770425,-0.0023441,sell
2021-01-26,0.62,0.39,0,0,1.57,0.29,0,1.92,-0.0038570,-0.0053046,-0.00895181,-0.00299177,-0.0058977,sell
2021-01-27,0.2,0.15,0,0,1.46,0,0,1.44, 0.0072126, 0.0078938, 0.00929188, 0.00929188, 0.0087733,buy
2021-01-28,0.06,0,0,0,1.4,0,0,0.96, 0.0003280, 0.0008720, 0.00083635, 0.00061765, 0.0034974,buy
2021-01-29,0,0,0,0,1.89,0,0,0.84, 0.0000026, 0.0036666, 0.00385533, 0.00352459, 0.0036666,buy
2021-01-30,0,0,0,0,1.5,0,0,0.91, 0.0040183,-0.0006948,-0.00073832, 0.00006460, 0.0040183,buy
2021-01-31,0,0,0,0,0.88,0,0,1.15, 0.0052803, 0.0044245, 0.00442453, 0.00442453, 0.0044245,buy
2021-02-01,0,0,0,0,0.81,0,0,1.32, 0.0059165, 0.0076747, 0.00642942, 0.00688392, 0.0076747,buy
2021-02-02,0,0,0,0,1.16,0.2,0,1.04,-0.0014595, 0.0028643,-0.00272699,-0.00365382, 0.0028643,sell
2021-02-03,0,0,0,0,1.39,0.58,0,0.73, 0.0018397, 0.0020492, 0.00183970, 0.00352091, 0.0042474,buy
2021-02-04,0,0.15,0,0,0.86,1.7,0,0.57, 0.0038852, 0.0031554, 0.00407512, 0.00407512, 0.0034289,buy
2021-02-05,0,0.4,0,0,0.61,1.96,0,0.63,-0.0047743,-0.0047743,-0.00519269,-0.00374837,-0.0016639,sell
2021-02-06,0,0.29,0.67,0,0.85,0.75,0,1.18,-0.0108759,-0.0037720,-0.00486389,-0.00341718,-0.0070596,sell
2021-02-07,0.04,0.08,1.76,0,1.73,0.25,0,1.3,-0.0044293, 0.0017928,-0.00373152,-0.00336004,-0.0038665,sell
2021-02-08,0.08,0,3.2,0,2.74,0,0,0.66, 0.0042622, 0.0035334, 0.00357176, 0.00573168, 0.0050666,buy
2021-02-09,0.15,0,2.16,0,2,0,0,0.72, 0.0066910, 0.0062111, 0.00621113, 0.00088516, 0.0065674,buy
2021-02-10,0.28,0,0.82,0,0.72,0,0,1.23,-0.0047362,-0.0051672,-0.00469338, 0.00331379,-0.0049494,sell
2021-02-11,0.54,0,0,0,0.48,0,0,0.57,-0.0011054, 0.0034796,-0.00117736,-0.00062537,-0.0074653,sell
2021-02-12,0.99,0,0,0,0.52,0,0,0.13,-0.0003417,-0.0032291,-0.00067996, 0.00185924, 0.0009729,buy
2021-02-13,0.93,0,0,0,1.24,0,0,0, 0.0011204,-0.0001902, 0.00294409, 0.00339802, 0.0019838,buy
2021-02-14,0.48,0,0.3,0,1.48,0,0,0.06, 0.0045911, 0.0061692, 0.00434767, 0.00566925, 0.0007411,buy
2021-02-15,0.24,0,1.08,0,0.93,0,0,0.1,-0.0005663, 0.0004045, 0.00040445,-0.00141322, 0.0004045,buy
2021-02-16,0.12,0,1.59,0,1.12,0,0,0.19,-0.0004682,-0.0004895,-0.00048950,-0.00404720,-0.0030209,buy
2021-02-17,0.09,0,0.61,0,1.51,0,0,0.35, 0.0014584,-0.0015688, 0.00064196,-0.00026115,-0.0003793,buy
2021-02-18,0.08,0,0,0,0.74,0,0,0.65,-0.0028014,-0.0003053,-0.00286307, 0.00003825,-0.0040481,sell
2021-02-19,0.08,0,0,0,0.37,0,0,1.24,-0.0009241, 0.0024037, 0.00129952, 0.00129952, 0.0024037,buy
2021-02-20,0.14,0,0,0,0.35,0,0,1.21,-0.0006333, 0.0015960, 0.00106246, 0.00101866, 0.0014020,buy
2021-02-21,0.22,0,0,0,1.04,0,0,0.68,-0.0000120, 0.0029305, 0.00265201, 0.00406099, 0.0039367,buy
2021-02-22,0.36,0,0,0,1.38,0,0,0.39, 0.0042008,-0.0006936, 0.00298269, 0.00261462, 0.0052129,buy
2021-02-23,0.58,0,0,0,0.78,0,0,0.23,-0.0022215, 0.0032789,-0.00095721,-0.00089081,-0.0011489,sell
2021-02-24,0.95,0,0,0,0.58,0,0,0.1,-0.0065633,-0.0054116,-0.00515173,-0.00671535,-0.0034792,sell
2021-02-25,1,0,0,0,0.83,0,0,0.06,-0.0067147,-0.0069326,-0.00341819,-0.00850552,-0.0046073,sell
2021-02-26,0.63,0,0,0,1.38,0.23,0,0, 0.0054781, 0.0094858, 0.00543379, 0.00363702, 0.0054569,buy
2021-02-27,0.39,0,0,0,1.02,0.56,0,0, 0.0074360, 0.0043191, 0.00906100, 0.00888561, 0.0030855,buy
2021-02-28,0.24,0,0.51,0,0.46,1.34,0,0, 0.0091791, 0.0030691, 0.00353241,-0.00054750, 0.0066770,buy
2021-03-01,0.15,0,1.22,0,0.21,2,0,0,-0.0018734,-0.0017723,-0.00408076, 0.00022301, 0.0025806,sell
2021-03-02,0.09,0,1.6,0,0.25,1.2,0,0,-0.0009630,-0.0008099, 0.00246745, 0.00407740, 0.0082535,buy
2021-03-03,0.05,0,0.78,0.65,0.81,0.51,0,0,-0.0022913,-0.0012734, 0.00199264,-0.00229127,-0.0022913,sell
2021-03-04,0.03,0,0.29,1.6,1.61,0.59,0,0, 0.0014266, 0.0019145,-0.00082109,-0.00167428,-0.0008211,sell
2021-03-05,0,0,0,1.21,1.5,1.12,0,0,-0.0001659, 0.0003730,-0.00176886,-0.00229246,-0.0020997,buy
2021-03-06,0,0,0,0.39,1.39,1.96,0,0, 0.0032512, 0.0048901, 0.00057933,-0.00063196, 0.0017009,buy
2021-03-07,0,0,0,0.99,2.32,1.15,0,0,-0.0013027,-0.0014668,-0.00286274,-0.00166906,-0.0031267,sell
2021-03-08,0,0,0,1.56,2.91,0.38,0,0,-0.0024035,-0.0055121,-0.00702094,-0.00549010,-0.0059842,sell
2021-03-09,0,0,0,0.64,1.86,0,0,0, 0.0090164, 0.0076639, 0.00709196, 0.00037016, 0.0055896,buy
2021-03-10,0,0,0,0,1.17,0.23,0,0,-0.0016354,-0.0014216,-0.00105462,-0.00044084,-0.0006617,sell
2021-03-11,0,0,0,0,1.25,0.55,0,0,-0.0054707,-0.0054281,-0.00283419,-0.00237945, 0.0013818,sell
2021-03-12,0,0,0,0,2.83,1.59,0,0, 0.0056637, 0.0076277, 0.00762768, 0.00762768, 0.0071236,buy
2021-03-13,0,0,0,0,2.94,2.84,0,0, 0.0016238, 0.0025173, 0.00192304, 0.00120529, 0.0025173,buy
2021-03-14,0.04,0,0,0,1.32,3.35,0,0, 0.0013746,-0.0012925, 0.00062898, 0.00357966, 0.0028462,buy
2021-03-15,0.06,0,0,0,0.82,4.48,0,0, 0.0034686, 0.0034686, 0.00146988, 0.00362713, 0.0011831,buy
2021-03-16,0.1,0,0,0,0.7,4.3,0,0.04, 0.0015240, 0.0007289,-0.00045198, 0.00166509, 0.0020069,buy
2021-03-17,0.16,0,0,0,1.15,3.3,0,0.09, 0.0013633, 0.0059645,-0.00137630, 0.00300876, 0.0054765,buy
2021-03-18,0.24,0,0,0,1.39,1.97,0,0.18,-0.0000048, 0.0017901, 0.00416249, 0.00518262,-0.0014120,buy
2021-03-19,0.38,0,0,0,1.02,0.53,0,0.42, 0.0079105, 0.0027786, 0.00556320, 0.00825079, 0.0020362,buy
2021-03-20,0.6,0.1,0,0,0.63,0.19,0,0.89, 0.0097191, 0.0087371, 0.00800589, 0.00783029, 0.0067877,buy
2021-03-21,0.94,0.16,0,0.37,0.61,0,0,1.39, 0.0044371, 0.0038782, 0.00346463, 0.00421356,-0.0043969,buy
2021-03-22,0.99,0.27,0,1.59,1.02,0.51,0,1.3,-0.0011542, 0.0038258,-0.00162587, 0.00062601, 0.0018125,sell
2021-03-23,0.67,0.4,0,1.4,1.54,1.91,0,1.43,-0.0037989,-0.0049835,-0.00439738,-0.00498348,-0.0039423,sell
2021-03-24,0.42,0.35,0,0.3,0.67,2.41,0,1.38,-0.0026074,-0.0025601,-0.00477971,-0.00234699,-0.0047967,sell
2021-03-25,0.27,0.21,0,0,0.18,1.5,0,0.68,-0.0031687,-0.0034804,-0.00380176,-0.00477822,-0.0007598,sell
2021-03-26,0.17,0.12,0,0,0.41,2.25,0,0.3, 0.0040139, 0.0036062, 0.00488863, 0.00036329, 0.0041520,buy
2021-03-27,0.11,0.07,1.13,0,1.07,3.98,0,0.1, 0.0029864, 0.0005002, 0.00050023, 0.00424587, 0.0042459,buy
2021-03-28,0.07,0,2.86,0,2.4,3.1,0,0.04, 0.0020975, 0.0075130, 0.00301721, 0.00664460, 0.0069027,buy
2021-03-29,0.04,0,2.61,0,2.68,1.55,0,0,-0.0004178,-0.0010738,-0.00107380, 0.00256012,-0.0006021,buy
2021-03-30,0,0,0.96,0,2.24,1.3,0,0,-0.0012963, 0.0029957,-0.00067912, 0.00093955,-0.0022525,sell
2021-03-31,0,0,0,0,1.87,2.55,0,0,-0.0000125, 0.0013775, 0.00027328,-0.00037468,-0.0001503,buy
2021-04-01,0,0,0,0,0.61,2.82,0,0,-0.0106474,-0.0102259,-0.00568667,-0.01064739,-0.0110030,sell
2021-04-02,0,0,0,0,0.12,2.24,0,0.04, 0.0053955, 0.0053965, 0.00368496, 0.00539647, 0.0032537,buy
2021-04-03,0,0,0,0,0,0.56,0,0.06, 0.0002768,-0.0000112,-0.00641979,-0.00252412,-0.0030707,sell
2021-04-04,0,0,0,0,0,0,0,0.1, 0.0146202, 0.0057034, 0.00454944, 0.00570336, 0.0045032,buy
2021-04-05,0,0,0,0,0.15,0,0,0.17, 0.0132672, 0.0118642, 0.01135122, 0.01256628, 0.0101628,buy
2021-04-06,0,0,0,0,0.44,0,0,0.29, 0.0015524, 0.0032797, 0.00236808, 0.01083608, 0.0012767,buy
2021-04-07,0.03,0.2,1.16,0,1.45,0.2,0,0.47,-0.0048164,-0.0030606,-0.00386162,-0.00386162,-0.0014134,sell
2021-04-08,0.04,0.39,1.57,0,2.4,0.9,0,0.82,-0.0045119, 0.0002170,-0.00233917,-0.00115858,-0.0011586,sell
2021-04-09,0.06,0.31,0.35,0,2.25,2.14,0,1.3,-0.0047390,-0.0018236,-0.00210209,-0.00075486,-0.0059544,sell
2021-04-10,0.09,0.27,0,0,1.5,1.18,0,1.41,-0.0020624,-0.0032058,-0.00011120,-0.00352556,-0.0040472,sell
2021-04-11,0.13,0.39,0,0,1.4,0.67,0,1.63,-0.0089995,-0.0083118,-0.00897967,-0.00890000,-0.0090787,sell
2021-04-12,0.2,0.3,0,0,0.89,0.8,0,1.62,-0.0062574,-0.0046138,-0.00502231,-0.00519497,-0.0037552,sell
2021-04-13,0.28,0.12,0,0,0.38,1.29,0,0.84, 0.0053371, 0.0000184, 0.00196500, 0.00594134, 0.0057895,buy
2021-04-14,0.42,0.15,0.29,0,0.63,1.98,0,0.6, 0.0010515,-0.0002134, 0.00025108, 0.00072824, 0.0008508,buy
2021-04-15,0.61,0.47,0.49,0,1.35,1.86,0,0.86,-0.0073761,-0.0022404,-0.00345972,-0.00438183,-0.0037743,sell
2021-04-16,0.9,0.27,0.83,0,0.64,1.14,0,1.44,-0.0036057,-0.0030521,-0.00360963,-0.00444401,-0.0033696,sell
2021-04-17,1.08,0.19,1.42,0,0.1,0.7,0,2, 0.0043034, 0.0029118, 0.00020181, 0.00360147, 0.0044492,buy
2021-04-18,1,0.3,1.59,0,0,0.82,0,1.35,-0.0041810,-0.0054206,-0.00564713,-0.00545802,-0.0058311,sell
2021-04-19,1.29,0.4,1.03,0,0,1.39,0,0.31,-0.0081269,-0.0075929, 0.00398397,-0.00482778,-0.0081269,sell
2021-04-20,1.38,0.32,0.61,0,0,2.14,0,0.06,-0.0077192,-0.0003968, 0.00087358, 0.00029158,-0.0063406,sell
2021-04-21,0.94,0.19,0.35,0,0,1.57,0,0.04,-0.0007002,-0.0018987, 0.00370876, 0.00482775,-0.0007558,buy
2021-04-22,1.3,0.12,0,0,0,2.37,0,0.11, 0.0025695,-0.0016150, 0.00369814, 0.00256949, 0.0025778,buy
2021-04-23,0.7,0.07,0,0,0,1.38,0,0.4, 0.0018066, 0.0008537, 0.00097062, 0.00147720, 0.0014142,buy
2021-04-24,0.34,0,0,0,0,0.48,0,1.39, 0.0022773, 0.0004498, 0.00211653, 0.00159965, 0.0025605,buy
2021-04-25,0.51,0,0,0,0,1,0,2.38,-0.0047130,-0.0053935,-0.00579246,-0.00572741,-0.0064428,sell
2021-04-26,1.02,0,0,0,0,2.51,0,0.99, 0.0109042, 0.0102794, 0.01090415, 0.00780129, 0.0109042,buy
2021-04-27,0.92,0,0,0,0,4.53,0,0.25, 0.0070174, 0.0055251, 0.00552511, 0.00595587, 0.0060222,buy
2021-04-28,0.41,0,0,0,0,3.56,0,0.06, 0.0032263, 0.0020884, 0.00246262, 0.00106368, 0.0017024,buy
2021-04-29,0.18,0,0,0,0,2.62,0,0.07,-0.0037881,-0.0045040,-0.00261198,-0.00394968,-0.0032692,sell
2021-04-30,0.17,0,0,0,0,2.19,0,0.15, 0.0031877, 0.0026884, 0.00601030, 0.00057551, 0.0031877,buy
2021-05-01,0.53,0,0,0,0,1.29,0,0.49, 0.0027314, 0.0053234, 0.00120034, 0.00217744, 0.0026890,buy
2021-05-02,0.98,0,0,0,0,0.74,0,1.43,-0.0067188,-0.0067188,-0.00656726, 0.00018205,-0.0060847,sell
2021-05-03,0.42,0,0,0,0,0.42,0,2.37, 0.0059239, 0.0064173,-0.00033475, 0.00670656,-0.0075836,buy
2021-05-04,0.26,0,0,0,0,0.24,0,1.24, 0.0039709,-0.0027849, 0.00220546, 0.00257260, 0.0014246,buy
2021-05-05,0.57,0,0,0,0,0.14,0,0.52,-0.0059035,-0.0044186,-0.00610682,-0.00451111,-0.0059035,sell
2021-05-06,0.98,0,0,0,0,0,0,0.48,-0.0046867,-0.0044855,-0.00466183,-0.00691270,-0.0044855,sell
2021-05-07,0.56,0,0,0,0.18,0,0,1.07, 0.0065080,-0.0010293, 0.00630053, 0.00096434, 0.0037298,buy
2021-05-08,0.19,0,0,0,0.43,0,0,2.38,-0.0038740,-0.0019266,-0.00397595, 0.00045154,-0.0038142,sell
2021-05-09,0.09,0,0,0,1.27,0,0,1.87,-0.0004306, 0.0015286,-0.00109274, 0.00031543, 0.0015286,buy
2021-05-10,0.12,0.2,0,0,2.5,0,0,0.62,-0.0081350,-0.0018119,-0.00212834,-0.00337665,-0.0028009,sell
2021-05-11,0.39,0.39,0,0,2.36,0,0,0.21,-0.0099376,-0.0103641,-0.00252454,-0.00872656,-0.0082751,sell
2021-05-12,0.98,0.22,0.39,0,1.03,0,0,0.12,-0.0057225,-0.0057225,-0.00438695,-0.00270267,-0.0057225,sell
2021-05-13,0.83,0.07,0.66,0,0.45,0,0,0.1,-0.0062749,-0.0058097,-0.00169721, 0.00255013, 0.0003031,sell
2021-05-14,0.38,0,1.13,0,0.16,0,0,0.25,-0.0054502,-0.0013099,-0.00595247,-0.00518963, 0.0000724,sell
2021-05-15,0.38,0.1,1.6,0,0,0,0,0.64,-0.0011726,-0.0011881,-0.00273189,-0.00195851,-0.0021100,sell
2021-05-16,0.75,0.16,1.3,0,0.25,0,0,1.19,-0.0004267, 0.0004004,-0.00012258, 0.00207943,-0.0006955,buy
2021-05-17,1.09,0.44,0.76,0,0.71,0.19,0,0.98,-0.0011777, 0.0010694, 0.00096449,-0.00156349, 0.0008378,sell
2021-05-18,0.89,0.79,0.45,0,1.38,0.26,0,0.59,-0.0027926, 0.0026716,-0.00273668,-0.00279257,-0.0013657,sell
2021-05-19,1.12,0.66,0,0,1.05,0.35,0,0.67,-0.0083703,-0.0024302,-0.00830478,-0.00818138,-0.0024108,sell
2021-05-20,1.11,0.34,0,0,0.52,0.48,0,1.15,-0.0006970,-0.0022262,-0.00438882, 0.00026338,-0.0020845,sell
2021-05-21,0.41,0.16,0,0,0.47,0.66,0,1.88,-0.0000509, 0.0025040, 0.00082805, 0.00193332, 0.0020275,buy
2021-05-22,0.12,0.1,0,0,0.61,0.9,0,2.01,-0.0078630,-0.0045131,-0.00462187, 0.00011554,-0.0040684,sell
2021-05-23,0.04,0,0,0,1.06,1.22,0,1.61, 0.0041386, 0.0026799, 0.00079202, 0.00183379, 0.0026799,buy
2021-05-24,0.04,0,0,0,1.39,1.67,0,1.07, 0.0011193,-0.0003668,-0.00042238,-0.00314767, 0.0004136,buy
2021-05-25,0.06,0,0,0,1.04,2.14,0,0.82, 0.0005070, 0.0032929, 0.00275064, 0.00009165,-0.0003879,buy
2021-05-26,0.1,0,0,0,0.61,1.9,0,0.94, 0.0000713,-0.0003222, 0.00137041, 0.00211887,-0.0006302,buy
2021-05-27,0.17,0,0,0,0.35,1.47,0,1.52, 0.0076507, 0.0085135, 0.00776271, 0.00679944, 0.0076626,buy
2021-05-28,0.3,0,0.29,0,0.2,1.29,0,1.27, 0.0020205,-0.0005539,-0.00143950,-0.00029235, 0.0010206,buy
2021-05-29,0.51,0,0.98,0,0.27,1.32,0,0.65,-0.0065666,-0.0062732,-0.00627316,-0.00264242, 0.0011281,sell
2021-05-30,0.91,0.17,1.9,0,0.41,1.95,0,0.48, 0.0004098,-0.0081122,-0.00307711, 0.00148291,-0.0012179,buy
2021-05-31,1.12,0.47,1.5,0,0.83,2.55,0,0.53,-0.0105581,-0.0062648,-0.00736808,-0.00930516,-0.0034304,sell
2021-06-01,0.98,0.8,0.67,0,1.75,1.52,0,0.71, 0.0029009, 0.0030178, 0.00025489, 0.00303881, 0.0003707,buy
2021-06-02,1.21,0.53,0,0.32,2.79,0.59,0,1.08,-0.0030968,-0.0056773,-0.00664115,-0.00145541,-0.0028397,sell
2021-06-03,2.21,0.14,0,0.56,2.07,0.15,0,1.76,-0.0054504,-0.0041057, 0.00236133, 0.00202104,-0.0066446,sell
2021-06-04,1.94,0,0,0.98,0.91,0.14,0,2.07,-0.0087816,-0.0066837,-0.00081904, 0.00048336,-0.0119343,sell
2021-06-05,0.78,0,0,1.6,0.4,0.19,0,1.88,-0.0088514,-0.0019979,-0.01029450,-0.00678679,-0.0061115,sell
2021-06-06,0.31,0,0,1.45,0.11,0.25,0,1.48,-0.0090701,-0.0022106,-0.00880642,-0.00426462,-0.0074483,sell
2021-06-07,0.1,0,0,0.83,0,0.33,0,0.93,-0.0004744, 0.0001156,-0.00022736, 0.00310351, 0.0000027,buy
2021-06-08,0,0,0,0.47,0,0.44,0,0.57, 0.0079829, 0.0082531, 0.00868148, 0.00608038, 0.0054083,buy
2021-06-09,0,0,0,0,0,0.58,0,0.38, 0.0037254, 0.0082049, 0.00104669, 0.00270489, 0.0024473,buy
2021-06-10,0,0,0,0,0,0.76,0,0.3, 0.0055437, 0.0094598, 0.00651725, 0.00769746, 0.0067780,buy
2021-06-11,0,0,0.66,0,0,1,0,0.35, 0.0034368, 0.0031217, 0.00100997, 0.00418769,-0.0015007,buy
2021-06-12,0,0,1.57,0,0,1.3,0,0.65, 0.0008846, 0.0029888, 0.00107398, 0.00067972, 0.0012632,buy
2021-06-13,0,0,2.5,0,0,1.96,0,1.4,-0.0016767,-0.0064828,-0.00608899,-0.00605525,-0.0048760,sell
2021-06-14,0,0.07,2.31,0,0,2.7,0,1.56, 0.0044595, 0.0039322, 0.00464816, 0.00135079, 0.0034760,buy
2021-06-15,0,0.2,2.12,0,0.38,3.65,0,1.29, 0.0080692, 0.0083557, 0.00859479, 0.00799816, 0.0087594,buy
2021-06-16,0,0.4,2.22,0,1.39,3.66,0,1.41, 0.0035263, 0.0021032, 0.00045717, 0.00346041, 0.0016016,buy
2021-06-17,0,0.43,2.12,0,1.11,2.54,0,1.01,-0.0034375,-0.0034761,-0.00384604,-0.00385790,-0.0025498,sell
2021-06-18,0.1,0.47,1.13,0,0.27,2.6,0,0.53,-0.0064235,-0.0016366,-0.00642348,-0.00461848,-0.0025272,sell
2021-06-19,0.26,0.4,0.34,0,0,2.79,0,0.28,-0.0064339,-0.0075914,-0.00680223,-0.00837064,-0.0072976,sell
2021-06-20,0.68,0.17,0,0,0.11,1.73,0,0.16, 0.0030183,-0.0012038,-0.00117674, 0.00118686, 0.0028871,buy
2021-06-21,1.32,0.15,0,0,0.12,0.94,0,0.1, 0.0012957,-0.0042926,-0.00354705, 0.00248071, 0.0005719,buy
2021-06-22,1.36,0.14,0,0.52,0.13,0.56,0,0.07,-0.0041465,-0.0047093,-0.00743784,-0.00101782,-0.0044826,sell
2021-06-23,1.26,0.24,0,1.54,0.13,0.25,0,0.05, 0.0039598, 0.0039598, 0.00395983, 0.00150701, 0.0005097,buy
2021-06-24,0.73,0.4,0,1.59,0.13,0.2,0,0.04, 0.0102301, 0.0106784, 0.01067837, 0.01100408, 0.0109339,buy
2021-06-25,0.3,0.37,0,0.52,0.12,0.3,0,0,-0.0003675, 0.0019723, 0.00754667, 0.00053432,-0.0006335,buy
2021-06-26,0.14,0.21,0,0,0.11,0.32,0,0, 0.0059913, 0.0003212, 0.00170614, 0.00135941, 0.0064650,buy
2021-06-27,0.05,0.12,0.57,0,0,0.69,0,0.05, 0.0049888, 0.0050628, 0.00111286, 0.00550966, 0.0026171,buy
2021-06-28,0,0.07,1.56,0.34,0,1.39,0,0.08,-0.0044996,-0.0079635,-0.00699239,-0.00575304, 0.0031114,sell
2021-06-29,0,0,1.42,0.61,0.1,2,0,0.14,-0.0014017, 0.0035933, 0.00190310, 0.00359327, 0.0035933,buy
2021-06-30,0,0,0.47,1.12,0.13,1.52,0,0.28,-0.0024351,-0.0018595,-0.00148408,-0.00148408,-0.0100021,sell
2021-07-01,0,0,0,1.59,0.18,1.15,0,0.49, 0.0058614, 0.0060563, 0.00612055, 0.00612055, 0.0029481,buy
2021-07-02,0,0.14,0.65,1.21,0.24,1.11,0,0.81,-0.0028794,-0.0055282,-0.00412505,-0.00699911,-0.0044069,sell
2021-07-03,0,0.39,1.59,0.66,0.33,1.55,0,1.38, 0.0004392, 0.0007720, 0.00052574, 0.00433191,-0.0092126,sell
2021-07-04,0,0.37,1.54,0.36,0.44,2.24,0,1.7, 0.0000743, 0.0054410, 0.00370262, 0.00701951, 0.0020526,buy
2021-07-05,0,0.13,0.62,0.44,0.59,1.76,0,1.9, 0.0002292, 0.0007086, 0.00317756,-0.00199492, 0.0018641,buy
2021-07-06,0,0.09,0.28,1.35,0.8,0.92,0,2.25, 0.0030917,-0.0001445,-0.00092330,-0.00733158,-0.0010854,buy
2021-07-07,0,0.29,0.76,1.57,1.17,0.5,0,2.23, 0.0041716, 0.0035076, 0.00318790, 0.01016493, 0.0000317,buy
2021-07-08,0,0.61,1.57,0.58,1.52,0.33,0,2.75, 0.0031813, 0.0073452, 0.00755729, 0.00763177, 0.0072953,buy
2021-07-09,0,0.69,1.08,0,1.49,0.44,0,1.96, 0.0029837, 0.0011921, 0.00273394, 0.00049877, 0.0021519,buy
2021-07-10,0.08,0.35,0.35,0,1.19,1.56,0,0.77,-0.0096796, 0.0018313,-0.00037507,-0.00223813,-0.0073043,sell
2021-07-11,0.36,0,0,0,0.98,2.17,0,0.29,-0.0088104,-0.0005572,-0.00315998,-0.00414984, 0.0005117,sell
2021-07-12,1.11,0,0,0,0.85,1.19,0,0.11,-0.0028893, 0.0018785, 0.00187848,-0.00359224, 0.0009611,sell
2021-07-13,1.08,0,0,0,0.79,0.87,0,0,-0.0053289,-0.0026801,-0.00268014,-0.00313385,-0.0039975,sell
2021-07-14,0.9,0,0.38,0,0.79,1.27,0,0,-0.0047820,-0.0021783,-0.00217834,-0.00244146,-0.0017749,sell
2021-07-15,1.04,0,1.46,0.28,0.82,2.58,0,0, 0.0055304,-0.0013594, 0.00476272, 0.00225951, 0.0055304,buy
2021-07-16,0.58,0,2.52,0.68,0.91,2.77,0,0, 0.0069804, 0.0101242, 0.00623217, 0.00797178, 0.0072905,buy
2021-07-17,0.25,0,3.27,1.59,1.06,2.29,0,0,-0.0040456,-0.0028185, 0.00720084,-0.00442230,-0.0005237,buy
2021-07-18,0.1,0,4.75,1.53,1.16,2.22,0,0, 0.0021372,-0.0076996, 0.00887257, 0.00265770, 0.0042094,buy
2021-07-19,0.04,0,3.5,0.64,1.52,1.39,0,0, 0.0004742, 0.0006724, 0.00761293, 0.00591836, 0.0076355,buy
2021-07-20,0,0.31,1.41,0,1.58,0.77,0,0,-0.0030286,-0.0014808,-0.00294720,-0.00236812, 0.0010731,sell
2021-07-21,0,0.4,2.08,0.83,1.54,0.4,0,0, 0.0011332,-0.0056031,-0.00409944,-0.00399918,-0.0034233,sell
2021-07-22,0.04,0.08,2.9,1.59,1.81,0.2,0,0,-0.0015701, 0.0010823, 0.00291723, 0.00185351, 0.0037995,buy
2021-07-23,0.26,0,2.85,0.93,2.08,0,0,0,-0.0042228,-0.0002111, 0.00840553, 0.00322599, 0.0041932,buy
2021-07-24,0.96,0,1.45,0.59,1.57,0,0,0,-0.0068688,-0.0042205,-0.00563078, 0.00060381,-0.0063333,sell
2021-07-25,0.57,0,0.68,1.57,1.22,0,0,0,-0.0006775,-0.0005582,-0.00089501,-0.00084218,-0.0057394,sell
2021-07-26,0.09,0,0,1.46,1.53,0,0,0, 0.0026119,-0.0016050,-0.00165899, 0.00325430,-0.0013063,buy
2021-07-27,0,0,1.28,0.52,1.81,0,0,0,-0.0034566, 0.0001871,-0.00411387,-0.00413793,-0.0028130,sell
2021-07-28,0,0.15,1.57,1.02,0.77,0,0,0,-0.0058040,-0.0020824,-0.00764070,-0.00567455,-0.0007583,sell
2021-07-29,0,0.38,0.7,1.6,0.34,0,0,0, 0.0039864, 0.0029520, 0.00398645, 0.00437414, 0.0053618,buy
2021-07-30,0.03,0.87,1.56,1.28,0.15,0,0,0, 0.0006834, 0.0024972, 0.00331135, 0.00117611, 0.0027354,buy
2021-07-31,0.09,1.01,1.12,1.14,0.12,0,0,0,-0.0041611,-0.0041611,-0.00497612,-0.00416106,-0.0033902,sell
2021-08-01,0.25,0.51,0.36,3.14,0.22,0,0,0, 0.0043965, 0.0036670, 0.00357577, 0.00375857, 0.0042350,buy
2021-08-02,0.71,0,0,2.91,0.26,0,0,0.2, 0.0045958, 0.0038411, 0.00306610, 0.00309665, 0.0046307,buy
2021-08-03,1,0,0,0.81,0.55,0,0,1.05, 0.0016233, 0.0021393, 0.00162332, 0.00162332,-0.0049854,sell
2021-08-04,0.47,0,0,0.32,1.17,0,0,1.41,-0.0025302,-0.0065465,-0.00618029,-0.00518275,-0.0062880,sell
2021-08-05,0.17,0,0,0,1.39,0,0,0.73,-0.0027297, 0.0010176,-0.00006106,-0.00251212, 0.0008977,sell
2021-08-06,0.06,0,0,0,0.78,0.17,0,1.2, 0.0010417, 0.0051038,-0.00014739, 0.00206401, 0.0057392,buy
2021-08-07,0,0,1.25,0,0.48,0.66,0,1.2, 0.0036236, 0.0035795, 0.00333973, 0.00253521, 0.0036236,buy
2021-08-08,0.04,0,2.43,0.51,0.31,1.98,0,0.51, 0.0032124, 0.0085615, 0.00450674, 0.00392298, 0.0040527,buy
2021-08-09,0.12,0.07,1.93,1.5,0.23,1.54,0,0.22, 0.0051648, 0.0004247, 0.00322375, 0.00258453, 0.0029505,buy
2021-08-10,0.35,0.21,0.76,2.91,0.16,0.42,0,0.09, 0.0049034, 0.0024763, 0.00632380, 0.00573082, 0.0057308,buy
2021-08-11,0.99,0.49,0.54,2.12,0.18,0,0,0.04, 0.0015287, 0.0030925, 0.00310712, 0.00104949, 0.0048713,buy
2021-08-12,0.95,0.39,1.29,0.3,0.21,0,0,0,-0.0012233, 0.0077107,-0.00287815, 0.00066732,-0.0007688,buy
2021-08-13,0.32,0.36,3.03,0,0.24,0,0,0, 0.0028997, 0.0028997, 0.00224458, 0.00231844, 0.0033306,buy
2021-08-14,0.11,0.53,4.23,0,0.28,0,0,0,-0.0064188,-0.0081905,-0.00819050,-0.00641882,-0.0068493,sell
2021-08-15,0.04,0.7,3.82,0,0.32,0,0,0,-0.0091572,-0.0108900,-0.01089000,-0.00915724,-0.0095563,sell
2021-08-16,0.05,0.77,3.63,0,0.38,0,0,0,-0.0099451,-0.0119947,-0.01199470,-0.00994506,-0.0102858,sell
2021-08-17,0.12,0.64,3.47,0,0.58,0,0,0,-0.0113499,-0.0119708,-0.01197429,-0.01134988,-0.0113600,sell
2021-08-18,0.28,0.16,1.41,0.57,0.92,0.19,0,0, 0.0019033, 0.0001066, 0.00214788, 0.00191830, 0.0021851,buy
2021-08-19,0.84,0,0.46,1.5,1.8,0.3,0,0, 0.0010853,-0.0013598, 0.00110919, 0.00004835, 0.0011092,buy
2021-08-20,1.53,0,0,1.57,2.06,0.46,0,0,-0.0029482,-0.0059655,-0.00431212,-0.00611323,-0.0054834,sell
2021-08-21,1.39,0,0,0.62,1.3,0.7,0,0,-0.0009444, 0.0000588, 0.00186390, 0.00209632, 0.0005885,sell
2021-08-22,1.61,0,0,0,1.07,1.09,0,0, 0.0056391,-0.0074129, 0.00169562, 0.00409348, 0.0008635,buy
2021-08-23,1.65,0,0,0.34,1.02,1.67,0,0, 0.0023361, 0.0011603, 0.00220708, 0.00194637, 0.0030840,buy
2021-08-24,1.08,0.25,0,1.41,1.16,1.98,0,0, 0.0050247,-0.0003330, 0.00362000, 0.00223846, 0.0014266,buy
2021-08-25,0.82,0.79,0,1.59,1.33,1.54,0,0,-0.0043012,-0.0033914,-0.00320715,-0.00325028,-0.0037826,sell
2021-08-26,1.16,0.67,0.61,0.43,1.4,1,0,0, 0.0007077, 0.0052493,-0.00083921,-0.00050314, 0.0064328,buy
2021-08-27,0.65,0.19,2.29,0,1.27,0.65,0,0,-0.0027899,-0.0027768,-0.00468221,-0.00452608, 0.0040588,sell
2021-08-28,0.19,0.1,2.51,0,1.11,0.42,0,0,-0.0002618, 0.0033930, 0.00378806, 0.00339305, 0.0029975,buy
2021-08-29,0.04,0.36,1.65,0,0.98,0.28,0,0, 0.0033085, 0.0044354,-0.00157936, 0.00349985, 0.0049524,buy
2021-08-30,0,0.48,1.52,0.31,0.95,0.18,0,0, 0.0069881, 0.0007229,-0.00265450, 0.00015888, 0.0060492,buy
2021-08-31,0.04,0.3,1.59,0.55,0.9,0,0,0,-0.0001719,-0.0026112,-0.00501059, 0.00605751, 0.0014219,buy
2021-09-01,0.07,0.51,0.89,1,0.91,0,0,0, 0.0020658, 0.0017026, 0.00077559,-0.00105509, 0.0033198,buy
2021-09-02,0.21,0.55,0.88,1.59,0.97,0,0,0.04, 0.0020162, 0.0020162, 0.00072109, 0.00298277,-0.0000164,buy
2021-09-03,0.61,0.51,1.52,1.37,1.14,0,0,0.12, 0.0007142, 0.0001984,-0.00214142, 0.00435382,-0.0001954,buy
2021-09-04,1.6,0.4,1.95,0.76,1.46,0,0,0.35, 0.0014650,-0.0005989, 0.00343307,-0.00029410,-0.0019489,buy
2021-09-05,2.59,0.39,1.27,0.42,1.77,0,0,1, 0.0030340,-0.0002966,-0.00027887, 0.00211074,-0.0031293,buy
2021-09-06,3.23,0.51,1.4,0,1.53,0,0,1.2, 0.0026569,-0.0029363,-0.00271078, 0.00349513,-0.0017038,buy
2021-09-07,2.43,0.29,1.59,0,1.05,0,0,0.48, 0.0037478, 0.0019470,-0.00089557, 0.00257687,-0.0032493,buy
2021-09-08,1.08,0.09,1.18,0,0.73,0,0,0.17, 0.0078578, 0.0081411, 0.00770794, 0.00839443, 0.0063851,buy
2021-09-09,0.47,0,1.24,0,0.53,0,0,0.06,-0.0077116,-0.0014044,-0.00265436,-0.00548353,-0.0022145,sell
2021-09-10,0.21,0,1.59,0,0.39,0,0,0, 0.0033222, 0.0035685, 0.00146177, 0.00346123, 0.0036460,buy
2021-09-11,0.1,0.1,1.17,0,0.3,0,0,0, 0.0042943, 0.0051147, 0.00375650, 0.00259131, 0.0058107,buy
2021-09-12,0.04,0.18,0.44,0.44,0.16,0.14,0,0, 0.0065132, 0.0090776, 0.00750049, 0.00901864, 0.0060328,buy
2021-09-13,0.06,0.48,0,1.09,0.14,0.16,0,0.04,-0.0012833, 0.0043403,-0.00215135, 0.00466463,-0.0023709,sell
2021-09-14,0.16,0.77,0.33,1.57,0.12,0.19,0,0.11,-0.0000082,-0.0010522,-0.00254038,-0.00240389,-0.0024953,buy
2021-09-15,0.37,0.84,1.16,0.93,0.11,0.23,0,0.31, 0.0026740, 0.0043309, 0.00461153, 0.00044042, 0.0034914,buy
2021-09-16,0.96,0.71,2.23,0.38,0,0.26,0,0.92, 0.0058292,-0.0001259,-0.00231501, 0.00199584,-0.0004876,buy
2021-09-17,1.13,0.45,2.45,0,0,0.3,0,1.28, 0.0069558, 0.0059998, 0.00532123, 0.00631554, 0.0057261,buy
2021-09-18,0.71,0.11,2.01,0,0.11,0.35,0,0.73, 0.0027101,-0.0029853,-0.00298525,-0.00296584,-0.0033977,buy
2021-09-19,0.73,0,0.92,0,0.16,0.4,0,0.52, 0.0050178, 0.0055834, 0.00755599, 0.00755599, 0.0067715,buy
2021-09-20,1.13,0.14,0.49,0,0.25,0.46,0,0.64,-0.0027166,-0.0036930,-0.00168553,-0.00394130,-0.0030148,sell
2021-09-21,1.09,0.34,0.28,0.36,0.38,0.53,0,0.93, 0.0015198, 0.0022980,-0.00220427, 0.00245055, 0.0021587,buy
2021-09-22,0.73,0.39,0,1.02,0.57,0.61,0,1.2,-0.0029377,-0.0053675,-0.00141489, 0.00053500, 0.0004724,buy
2021-09-23,0.66,0.19,0,1.57,0.87,0.7,0,1, 0.0030446,-0.0017424,-0.00206666,-0.00168296, 0.0033285,buy
2021-09-24,0.79,0.16,0,0.86,1.32,0.8,0,0.72, 0.0022670, 0.0025007, 0.00221217, 0.00202187, 0.0018503,buy
2021-09-25,1.19,0.16,0,0.31,1.39,0.9,0,0.56,-0.0026579,-0.0023494,-0.00277186,-0.00188976,-0.0050086,sell
2021-09-26,1.21,0.3,0,0,0.96,1.03,0,0.47, 0.0045373, 0.0044083, 0.00226231, 0.00650428, 0.0057211,buy
2021-09-27,0.98,0.4,0,0,0.64,1.17,0,0.5,-0.0007408, 0.0053363, 0.00499791, 0.00517480, 0.0044855,buy
2021-09-28,1.3,0.35,0,0,0.42,1.33,0,0.66,-0.0043237, 0.0032319, 0.00322573, 0.00306600,-0.0012788,sell
2021-09-29,2.29,0.32,0,0,0.28,1.5,0,1.06, 0.0014061, 0.0018251, 0.00054562, 0.00192133,-0.0012788,buy
2021-09-30,1.95,0.48,0,0,0.45,1.89,0,2.07, 0.0037331, 0.0051962, 0.00024227, 0.00005279, 0.0021548,buy
2021-10-01,1,0.33,0,0,1.28,2.18,0,2.36, 0.0086298, 0.0087955, 0.00959234, 0.00919298, 0.0059252,buy
2021-10-02,0.76,0.13,0,0,1.4,2.46,0,1.41,-0.0052272,-0.0056404,-0.00576863,-0.00522715,-0.0012728,sell
2021-10-03,1.06,0,0.8,0,0.33,2.57,0,0.7,-0.0005510,-0.0005510, 0.00319695,-0.00131133, 0.0031513,buy
2021-10-04,1,0,1.61,0,0,2.71,0,0.33,-0.0071909,-0.0072637,-0.00693127,-0.00619962,-0.0057222,sell
2021-10-05,0.47,0,3.44,0,0,3.05,0,0.12, 0.0011528,-0.0017469, 0.00115279,-0.00398715,-0.0049542,sell
2021-10-06,0.2,0,4.28,0,0,3.36,0,0.05, 0.0011499,-0.0016104, 0.00112627,-0.00448985,-0.0045051,sell
2021-10-07,0.08,0,3.07,0,0,3,0,0,-0.0036384,-0.0052899,-0.00337555,-0.00533927,-0.0049837,sell
2021-10-08,0.03,0,1.22,0,0,3.27,0,0,-0.0021287, 0.0018950, 0.00519678, 0.00018508, 0.0002741,buy
2021-10-09,0,0,0.32,0,0,3.78,0,0, 0.0033522, 0.0029254, 0.00314154, 0.00335222, 0.0022309,buy
2021-10-10,0,0,0.48,0,0,1.98,0,0, 0.0084771, 0.0075965, 0.00700195, 0.00677279, 0.0078874,buy
2021-10-11,0.04,0,1.26,0,0.1,1.23,0,0, 0.0063612, 0.0064961, 0.00627892, 0.00649615, 0.0064961,buy
2021-10-12,0.1,0,2.11,0,0.38,1.05,0,0, 0.0053422, 0.0053422, 0.00758497, 0.00790328, 0.0052305,buy
2021-10-13,0.3,0,2.17,0,1.34,1.17,0,0.05,-0.0023264, 0.0006782,-0.00404469,-0.00428152,-0.0047433,sell
2021-10-14,0.7,0,2.42,0,1.4,1.35,0,0.13, 0.0017557, 0.0003525,-0.00110604,-0.00155212,-0.0013714,sell
2021-10-15,1.17,0,1.57,0,0.45,2.38,0,0.31,-0.0019659,-0.0051826,-0.00496192,-0.00322435,-0.0048257,sell
2021-10-16,0.95,0,1.83,0,0.17,2.54,0,0.8,-0.0047847,-0.0080713,-0.00744358,-0.00825613,-0.0048718,sell
2021-10-17,0.83,0,1.59,0,0.11,1.39,0,1.29,-0.0059619,-0.0053414,-0.00534138,-0.00086139,-0.0056726,sell
2021-10-18,1.08,0,1.48,0,0.18,0.84,0,0.96,-0.0054240,-0.0042993,-0.00429928,-0.00314436,-0.0039786,sell
2021-10-19,1.09,0,2.07,0,0.28,0.48,0,0.65, 0.0041798, 0.0023851, 0.00354262, 0.00329684,-0.0003307,buy
2021-10-20,0.64,0,1.54,0,0.45,0.46,0,0.72, 0.0008838,-0.0000712,-0.00007125, 0.00053176,-0.0013475,buy
2021-10-21,0.37,0,0.59,0,0.7,0.44,0,1.12,-0.0088497,-0.0081310,-0.00918514,-0.00561180,-0.0107843,sell
2021-10-22,0.18,0,0.39,0,1.11,0.42,0,1.19, 0.0021586,-0.0007500,-0.01201533,-0.00479005,-0.0007500,sell
2021-10-23,0.1,0,0.83,0,1.39,0.4,0,0.81,-0.0072657,-0.0072657,-0.00652717,-0.00723168,-0.0072657,sell
2021-10-24,0.06,0,1.59,0,1.11,0.39,0,0.58, 0.0017389,-0.0036730,-0.00367301,-0.00264012,-0.0045093,sell
2021-10-25,0.03,0,1.26,0,0.71,0.61,0,0.67,-0.0068091,-0.0078722,-0.00787218,-0.00729464,-0.0078722,sell
2021-10-26,0,0,0.48,0,0.46,0.92,0,1.29, 0.0016602,-0.0001652,-0.00152675, 0.00169384, 0.0019790,buy
2021-10-27,0,0.17,0,0,0.55,1.7,0,1.41, 0.0012728, 0.0022948,-0.00045677, 0.00196075, 0.0012728,buy
2021-10-28,0,0.4,0,0,0.74,2.36,0,0.88, 0.0024709, 0.0039444, 0.00284459, 0.00289185, 0.0024709,buy
2021-10-29,0.06,0.38,0.54,0,1.37,1.57,0,1.01,-0.0113254, 0.0029729,-0.00179553,-0.00150166,-0.0115204,sell
2021-10-30,0.22,0.15,1.57,0,2.58,0.87,0,1.32, 0.0099028, 0.0090241, 0.00932404, 0.00733736, 0.0097108,buy
2021-10-31,0.76,0,1.26,0,2.51,0.58,0,0.9,-0.0023826,-0.0012492,-0.00041675, 0.00522188,-0.0039476,sell
2021-11-01,0.99,0.13,0.34,0,1.18,0.37,0,0.97,-0.0133467,-0.0141999,-0.00662878,-0.00468843,-0.0133467,sell
2021-11-02,0.35,0.32,0,0,0.5,0.38,0,1.31, 0.0023023, 0.0033994, 0.00151225, 0.00318390, 0.0032860,buy
2021-11-03,0.09,0.4,0,0.61,0.13,0.39,0,0.59,-0.0073206,-0.0019812,-0.00887562,-0.00109111,-0.0100594,sell
2021-11-04,0,0.27,0,1.53,0,0.41,0,0.18, 0.0007709, 0.0025748, 0.00257480, 0.00257480, 0.0022692,buy
2021-11-05,0,0.21,0,1.59,0,0.42,0,0.1, 0.0006047, 0.0015127, 0.00151265, 0.00112593, 0.0013270,buy
2021-11-06,0,0.23,0,0.63,0,0.45,0,0.13, 0.0064271, 0.0115535, 0.00813297, 0.00995296, 0.0054736,buy
2021-11-07,0,0.4,0,0,0,0.48,0,0.22, 0.0049089, 0.0009451, 0.00161776, 0.00151993, 0.0049089,buy
2021-11-08,0.03,0.58,0,0,0,0.51,0,0.49, 0.0036416, 0.0043058, 0.00634176, 0.01194691, 0.0080975,buy
2021-11-09,0.08,0.59,0,0,0,0.55,0,1.1, 0.0025015, 0.0070506,-0.00620119, 0.00376675, 0.0000045,buy
2021-11-10,0.21,0.28,0,0,0.14,0.61,0,2.38,-0.0078378,-0.0096316,-0.00922051,-0.00902890,-0.0092254,sell
2021-11-11,0.52,0,0,0,0.3,0.91,0,2.03, 0.0025258, 0.0032621,-0.00247396,-0.00294595,-0.0056424,buy
2021-11-12,0.99,0,0,0.56,0.64,1.25,0,0.98,-0.0025848, 0.0029841,-0.00236037,-0.00292707,-0.0048548,sell
2021-11-13,0.75,0,0,1.6,1.33,1.86,0,0.7, 0.0024295, 0.0023246, 0.00559488, 0.00387011, 0.0052358,buy
2021-11-14,0.34,0,0,1.24,1.39,2.93,0,0.81, 0.0025838, 0.0071040, 0.00734676, 0.00399885, 0.0061242,buy
2021-11-15,0.2,0,0,0.52,0.7,2.96,0,1.33,-0.0070409,-0.0024850,-0.00521424,-0.00654347,-0.0079737,sell
2021-11-16,0.31,0,0,0.98,0.34,2.22,0,1.12,-0.0047165,-0.0041252,-0.00321048,-0.00930931,-0.0079900,sell
2021-11-17,0.75,0,0,1.59,0.17,1.97,0,0.5, 0.0005425,-0.0026485, 0.00156585, 0.00183210,-0.0021577,buy
2021-11-18,1.77,0,0,1.34,0,2.03,0,0.29, 0.0036890, 0.0045064, 0.00366883, 0.00003146, 0.0020725,buy
2021-11-19,1.61,0,0,0.7,0,2,0,0.39, 0.0006981, 0.0063744, 0.00609189,-0.00064350, 0.0037062,buy
2021-11-20,0.71,0,0,0.37,0,1.88,0,1.2,-0.0077983,-0.0077983,-0.00779832,-0.00752801,-0.0057415,sell
2021-11-21,0.31,0,0,0,0,1.53,0,1.18, 0.0064689, 0.0047569, 0.00175994, 0.00743254, 0.0053310,buy
2021-11-22,0.13,0,0,0,0,1.41,0,0.32, 0.0011129,-0.0038018, 0.00129220, 0.00097337, 0.0017054,buy
2021-11-23,0.1,0,0,0,0,1.34,0,0.08,-0.0016352,-0.0012286,-0.00214577,-0.00089831,-0.0010001,sell
2021-11-24,0.09,0,0,0,0,1.7,0,0,-0.0043296,-0.0038613,-0.00298758,-0.00432957,-0.0039580,sell
2021-11-25,0.11,0,0,0,0,2.48,0,0,-0.0034602,-0.0026268,-0.00395156,-0.00448834,-0.0035158,sell
2021-11-26,0.2,0,0,0,0,2.59,0,0, 0.0026382, 0.0026382, 0.00794489, 0.00213355, 0.0029295,buy
2021-11-27,0.37,0,0,0,0,1.56,0,0, 0.0081608, 0.0081776, 0.00715510, 0.00689149, 0.0080205,buy
2021-11-28,0.68,0,0,0,0,0.93,0,0,-0.0049103,-0.0029636,-0.00031302,-0.00113292,-0.0025107,sell
2021-11-29,1,0,0,0,0,1.4,0,0,-0.0028179,-0.0046767, 0.00097477, 0.00019215,-0.0006648,sell
2021-11-30,0.77,0,0.32,0,0,2.85,0,0, 0.0016534, 0.0015364,-0.00085859,-0.00085859, 0.0016534,buy
2021-12-01,0.42,0,1.65,0,0,4.07,0,0.05, 0.0044309, 0.0058113, 0.00546945, 0.00443087, 0.0053140,buy
2021-12-02,0.23,0,2.44,0,0,2.77,0,0.09,-0.0016497,-0.0046257,-0.00230386,-0.00413653,-0.0036984,sell
2021-12-03,0.12,0,2.03,0,0,1.14,0,0.15, 0.0009716,-0.0005921, 0.00507782, 0.00640572, 0.0039594,buy
2021-12-04,0.07,0,1.14,0,0,0.63,0,0.24, 0.0036551, 0.0060755, 0.00577049, 0.00355653, 0.0077059,buy
2021-12-05,0.04,0,0.44,0,0.1,0.41,0,0.51, 0.0021726, 0.0059583,-0.00272705, 0.00074075, 0.0003828,buy
2021-12-06,0,0,0,0,0.13,0.25,0,1.1,-0.0038330,-0.0003078,-0.00388629,-0.00385132,-0.0038863,sell
2021-12-07,0,0,0,0,0.17,0.23,0,2.22, 0.0003959,-0.0002548,-0.00147637, 0.00243413,-0.0089518,sell
2021-12-08,0,0,0,0,0.59,0.51,0,1.97,-0.0051728,-0.0061813,-0.00621291,-0.00554572,-0.0095331,sell
2021-12-09,0,0,0,0,1.49,1.29,0,1.17, 0.0052883, 0.0016981, 0.00122489, 0.00148497, 0.0034203,buy
2021-12-10,0,0.19,0,0,3.21,2.13,0,0.93,-0.0045703,-0.0059054,-0.00711820,-0.00368886,-0.0072273,sell
2021-12-11,0,0.4,0,0,2.44,0.91,0,1.23, 0.0011831, 0.0016885, 0.00305754, 0.00085786, 0.0016347,buy
2021-12-12,0,0.19,0,0,1.51,0.24,0,1.38, 0.0041772, 0.0054062, 0.00082674, 0.00080271, 0.0002676,buy
2021-12-13,0,0,0,0,1.75,0.15,0,0.74, 0.0005306,-0.0036676,-0.00473740,-0.00425610, 0.0005306,buy
2021-12-14,0,0,0,0,2.09,0.34,0,0.33,-0.0062193,-0.0054609,-0.00456700,-0.00592832,-0.0054609,sell
2021-12-15,0,0,0,0,1.74,0.76,0,0.15, 0.0007624, 0.0016048, 0.00157091, 0.00325421,-0.0004239,buy
2021-12-16,0,0.16,0,0,2.32,1.75,0,0.04, 0.0008768, 0.0011601, 0.00030664, 0.00236380, 0.0010153,buy
2021-12-17,0,0.4,0,0,3.06,2,0,0, 0.0035406, 0.0027373, 0.00151802, 0.00183409, 0.0015180,buy
2021-12-18,0.07,0.39,0,0,2.61,0.97,0,0,-0.0060323,-0.0058619,-0.00603230,-0.00475794,-0.0060323,sell
2021-12-19,0.28,0.15,0,0,1.93,0.43,0,0, 0.0025045,-0.0039463,-0.00246950, 0.00250452,-0.0062513,buy
2021-12-20,0.98,0,0,0,2.05,0.49,0,0, 0.0001687, 0.0007338, 0.00080861,-0.00063833,-0.0006383,sell
2021-12-21,0.81,0,0,0,1.11,1.02,0,0,-0.0015292,-0.0006122,-0.00037934,-0.00272047, 0.0001994,sell
2021-12-22,0.19,0,0,0,0.39,2,0,0, 0.0060296, 0.0037738, 0.00174767,-0.00306441, 0.0034593,buy
2021-12-23,0.05,0,0,0,0.14,1.07,0,0,-0.0047071, 0.0070381,-0.00491611,-0.00329115,-0.0037917,sell
2021-12-24,0,0,0,0,0.1,0.69,0,0, 0.0074244, 0.0084357, 0.00752257, 0.01036775, 0.0058222,buy
2021-12-25,0,0,0,0,0.21,0.77,0,0, 0.0078877, 0.0039261, 0.00917771, 0.00926935, 0.0064353,buy
2021-12-26,0,0,0.41,0,0.51,1.64,0,0, 0.0038958, 0.0028127, 0.00184798, 0.00690822, 0.0026693,buy
2021-12-27,0,0,0.79,0,1.37,3.15,0,0,-0.0007820,-0.0010743,-0.00130345,-0.00003360, 0.0010323,buy
2021-12-28,0.04,0,1.52,0,1.68,3.82,0,0,-0.0045009, 0.0001249,-0.00417709,-0.00341509,-0.0033816,sell
2021-12-29,0.1,0,1.6,0,1.33,2.92,0,0, 0.0018960, 0.0034353, 0.00828817, 0.00403812, 0.0038955,buy
2021-12-30,0.26,0,0.86,0,1.94,2.28,0,0, 0.0032053, 0.0031944,-0.00013394, 0.00453346,-0.0004811,buy
2021-12-31,0.66,0,0.45,0,1.97,2.51,0,0, 0.0044714, 0.0044708, 0.00269519, 0.00214571, 0.0044714,buy
2022-01-01,1,0,0,0,2.02,2.15,0,0,-0.0013903,-0.0021419, 0.00528011, 0.00320567,-0.0021419,buy
2022-01-02,0.58,0,0,0,3.17,1.16,0,0, 0.0022295,-0.0022339, 0.00127121, 0.00391868, 0.0003449,buy
2022-01-03,0.23,0,0,0,2.65,0.76,0,0, 0.0016244, 0.0004085, 0.00150824, 0.00172352, 0.0012993,buy
2022-01-04,0.09,0,0,0,1.35,1.01,0,0, 0.0005973,-0.0006477, 0.00613519, 0.00230712, 0.0009684,buy
2022-01-05,0.04,0,0,0,0.93,1.82,0,0,-0.0055681,-0.0047872,-0.00425041,-0.00606409,-0.0047898,sell
2022-01-06,0,0,0,0,0.85,3.75,0,0.06, 0.0023905, 0.0008762,-0.00219190, 0.00121896, 0.0022150,buy
2022-01-07,0,0,0,0,1.38,4.13,0,0.1,-0.0030865,-0.0019828,-0.00307811,-0.00089814,-0.0017910,sell
2022-01-08,0,0,0,0,2.62,2.31,0,0.26, 0.0027568, 0.0057383, 0.00630697, 0.00592339, 0.0059575,buy
2022-01-09,0,0,0,0,2.72,1.85,0,0.51,-0.0030014, 0.0000249, 0.00060090, 0.00002494,-0.0017937,sell
2022-01-10,0,0,0,0,1.6,2.41,0,0.96, 0.0044220, 0.0037867, 0.00639165, 0.00448793, 0.0042395,buy
2022-01-11,0,0,0,0,1.03,1.91,0,1.64, 0.0042604, 0.0021071, 0.00212308, 0.00045018, 0.0021071,buy
2022-01-12,0,0,0,0,0.7,0.93,0,1.77,-0.0084281, 0.0002379,-0.00090133,-0.00334067, 0.0012531,sell
2022-01-13,0,0,0,0,0.69,0.6,0,1.36,-0.0010746, 0.0030868,-0.00100061,-0.00100061, 0.0030868,sell
2022-01-14,0,0,0,0,0.7,0.5,0,1.11, 0.0026891, 0.0035868, 0.00358683, 0.00358683, 0.0035868,buy
2022-01-15,0.03,0,0,0,0.97,0.61,0,0.94, 0.0073177,-0.0013694, 0.00099152, 0.00158981, 0.0050647,buy
2022-01-16,0.05,0.13,0,0,1.38,1.64,0,0.73,-0.0016382,-0.0065032,-0.00539689,-0.00151464,-0.0015146,sell
2022-01-17,0.07,0.24,0,0,2.04,1.96,0,0.5,-0.0097909,-0.0082587,-0.01179493,-0.01000898,-0.0117949,sell
2022-01-18,0.11,0.4,0,0,2.27,1.12,0,0.27, 0.0016767, 0.0007697, 0.00176661, 0.00211684, 0.0021168,buy
2022-01-19,0.16,0.34,0,0,2.49,1.01,0,0.14,-0.0059061,-0.0055213, 0.00119905,-0.00770196,-0.0050066,sell
2022-01-20,0.22,0.18,0,0,2.47,1.95,0,0.06, 0.0023099,-0.0008721, 0.00271720,-0.00004880, 0.0023099,buy
2022-01-21,0.29,0.09,0,0,3.41,2.69,0,0,-0.0029110,-0.0034928, 0.00408159, 0.00049158,-0.0030876,buy
2022-01-22,0.38,0,0,0,3.03,2.08,0,0, 0.0072177, 0.0014599, 0.00145991, 0.00489198, 0.0014599,buy
2022-01-23,0.47,0,0,0,1.48,2.53,0,0, 0.0101874, 0.0101295, 0.00653809, 0.01013641, 0.0101295,buy
2022-01-24,0.57,0,0,0,1.77,2.49,0,0,-0.0032703,-0.0004925,-0.00349250,-0.00350748,-0.0026208,sell
2022-01-25,0.65,0,0,0,3.04,2.61,0,0, 0.0096795, 0.0060524, 0.00605240, 0.00723771, 0.0060524,buy
2022-01-26,0.73,0,0,0,2.25,2.59,0,0.04, 0.0059595, 0.0038968, 0.00602791, 0.00478970, 0.0043783,buy
2022-01-27,0.79,0,0,0,1.37,1.41,0,0.09, 0.0017833, 0.0036991, 0.00401425, 0.00156806, 0.0040142,buy
2022-01-28,0.82,0,0,0,1.52,0.65,0,0.23, 0.0002510, 0.0045685, 0.00456853, 0.00800767, 0.0094328,buy
2022-01-29,0.83,0,0,0,2.09,0.18,0,0.56,-0.0022711, 0.0033119, 0.00489625, 0.00548638, 0.0043624,buy
2022-01-30,0.83,0,0,0,2.53,0,0,1.18,-0.0001296, 0.0022992,-0.00029810,-0.00002302,-0.0007682,sell
2022-01-31,0.81,0,0,0,2.19,0.15,0,1.02, 0.0026307, 0.0045300, 0.00413436, 0.00414500, 0.0041527,buy
2022-02-01,0.75,0,0,0,1.16,0.26,0,0.42,-0.0026743,-0.0035017,-0.00184241, 0.00559026,-0.0005265,buy
2022-02-02,0.68,0,0,0,0.62,0.4,0,0.17,-0.0036511,-0.0050899,-0.00508992,-0.00034470,-0.0067784,sell
2022-02-03,0.65,0,0,0,0.35,0.53,0,0.07,-0.0066821,-0.0084071,-0.00816716,-0.00641995,-0.0084009,sell
2022-02-04,0.61,0,0,0,0.14,0.64,0,0,-0.0029293, 0.0009642, 0.00047379, 0.00002905, 0.0002882,sell
2022-02-05,0.6,0,0,0,0,0.68,0,0,-0.0060981,-0.0061583,-0.00844804,-0.00641344,-0.0081464,sell
2022-02-06,0.68,0,0,0,0,0.68,0,0,-0.0012051,-0.0014018,-0.00973728,-0.00120112,-0.0034927,sell
2022-02-07,0.91,0,0,0,0.15,0.66,0,0,-0.0018459,-0.0006479,-0.00549407,-0.00120158,-0.0022140,sell
2022-02-08,1.2,0,0,0,0.36,0.58,0,0,-0.0053468,-0.0022321,-0.00223209,-0.00606423,-0.0068205,sell
2022-02-09,0.93,0,0,0,0.96,0.48,0,0,-0.0034313, 0.0002476, 0.00024762,-0.00049261,-0.0013630,sell
2022-02-10,0.52,0,0,0,1.51,0.36,0,0, 0.0058838, 0.0067133, 0.00275046, 0.00610511, 0.0043325,buy
2022-02-11,0.29,0,0,0,1.09,0.25,0,0, 0.0017415, 0.0030255, 0.00452893, 0.00452893,-0.0006895,buy
2022-02-12,0.17,0,0,0,0.74,0.17,0,0, 0.0013496, 0.0015891, 0.00537184, 0.00239974,-0.0013246,buy
2022-02-13,0.09,0,0,0,0.91,0,0,0,-0.0006144, 0.0027691, 0.00360658, 0.00380466,-0.0012757,buy
2022-02-14,0.03,0,0,0,1.35,0,0,0, 0.0021149, 0.0031894, 0.00226320, 0.00350682, 0.0025040,buy
2022-02-15,0,0,0,0,2.56,0,0,0,-0.0056710,-0.0064274,-0.00337838,-0.00715538,-0.0046310,sell
2022-02-16,0,0,0,0,3.59,0,0,0,-0.0007703, 0.0012661, 0.00236165,-0.00077029, 0.0012661,buy
2022-02-17,0,0,0,0,3.44,0,0,0,-0.0042107,-0.0044256,-0.00022649,-0.00482976,-0.0042107,sell
2022-02-18,0,0,0,0,2.42,0.14,0,0,-0.0054149,-0.0057007,-0.00218533,-0.00707360,-0.0045492,sell
2022-02-19,0,0,0,0,1.41,0.55,0,0,-0.0017726,-0.0000040,-0.00023722,-0.00131964, 0.0031244,sell
2022-02-20,0,0,0,0,0.79,1.42,0,0,-0.0008385,-0.0012991, 0.00051848,-0.00082278, 0.0025326,buy
2022-02-21,0,0,0,0,0.48,2.52,0,0.04, 0.0038530, 0.0024109, 0.00294763, 0.00147713, 0.0077751,buy
2022-02-22,0,0,0,0,0.28,2.21,0,0.12, 0.0054692, 0.0015031, 0.00156585, 0.00190756, 0.0070205,buy
2022-02-23,0,0,0,0,0.23,1.6,0,0.34, 0.0065733, 0.0055448, 0.00223254, 0.00401263, 0.0075749,buy
2022-02-24,0,0,0,0,0.32,1.66,0,1.03, 0.0036173, 0.0027598, 0.00163294, 0.00268358, 0.0038710,buy
2022-02-25,0,0,0,0,0.83,2,0,1.18,-0.0007798, 0.0018173,-0.00104266, 0.00009941, 0.0016901,sell
2022-02-26,0,0,0,0,1.39,2.68,0,0.43, 0.0054004, 0.0048799, 0.00397778, 0.00540042, 0.0022571,buy
2022-02-27,0,0,0,0,0.87,3.59,0,0.14, 0.0031780, 0.0031896, 0.00250888, 0.00317800, 0.0020992,buy
2022-02-28,0,0,0,0,0.32,5.09,0,0.04, 0.0032809, 0.0034267, 0.00308075, 0.00487799, 0.0032213,buy
2022-03-01,0,0,0,0,0.12,6.02,0,0, 0.0044648, 0.0045294, 0.00449010, 0.00587347, 0.0044648,buy
2022-03-02,0,0,0,0,0,6.79,0,0, 0.0033772, 0.0039343, 0.00338565, 0.00441956, 0.0033772,buy
2022-03-03,0,0,0,0,0.31,7.57,0,0, 0.0042177, 0.0047748, 0.00422667, 0.00532319, 0.0042177,buy
2022-03-04,0,0,0,0,1.08,6.92,0,0, 0.0044631, 0.0046473, 0.00409917, 0.00569654, 0.0044631,buy
2022-03-05,0,0,0,0,1.39,6.67,0,0, 0.0012463, 0.0012463, 0.00127837, 0.00588327, 0.0012463,buy
2022-03-06,0,0,0,0,0.71,6.69,0,0, 0.0022892, 0.0026307, 0.00282872, 0.00801803, 0.0022892,buy
2022-03-07,0,0,0,0,1.06,5.1,0,0,-0.0050603, 0.0032538, 0.00491943, 0.00388918,-0.0049363,sell
2022-03-08,0,0,0,0,2.47,3.56,0,0, 0.0014124, 0.0014124, 0.00149571,-0.00242001, 0.0014212,buy
2022-03-09,0,0,0,0,3.44,2.57,0,0, 0.0046991, 0.0063500, 0.00596553, 0.00503835, 0.0063500,buy
2022-03-10,0,0,0,0,3.09,1.92,0,0, 0.0032263, 0.0048560, 0.00713357, 0.00597622, 0.0045421,buy
2022-03-11,0,0,0,0,2.01,1.68,0,0, 0.0038986, 0.0063354, 0.00506539, 0.00408089, 0.0063354,buy
2022-03-12,0,0,0,0,1.95,1.7,0,0,-0.0040465,-0.0049798,-0.00507966,-0.00497983, 0.0015200,sell
2022-03-13,0,0,0,0,2.31,2.05,0,0, 0.0003805, 0.0009630,-0.00204869, 0.00096304,-0.0017453,buy
2022-03-14,0,0,0,0,2.23,3.5,0,0, 0.0020969, 0.0026622, 0.00266222, 0.00223170, 0.0026893,buy
2022-03-15,0,0,0,0,1.79,4.13,0,0.07, 0.0018404, 0.0028576, 0.00377444, 0.00324204, 0.0029989,buy
2022-03-16,0,0,0,0,0.9,4.73,0,0.15,-0.0040045,-0.0044296,-0.00506563,-0.00441642,-0.0044354,sell
2022-03-17,0,0,0,0,0.38,6.54,0,0.39,-0.0025351,-0.0018570,-0.00087612,-0.00425160,-0.0020803,sell
2022-03-18,0,0,0,0,0.2,5.44,0,0.88, 0.0037974, 0.0011220, 0.00349999,-0.00098039,-0.0001381,buy
2022-03-19,0,0,0,0,0.1,2.43,0,1.38, 0.0008142, 0.0062690,-0.00334747, 0.00141756,-0.0058960,buy
2022-03-20,0,0,0,0,0.12,1.58,0,1.13, 0.0028289,-0.0028523,-0.00221745,-0.00208537,-0.0014006,buy
2022-03-21,0,0,0,0,0.55,2.35,0,1.01,-0.0074176,-0.0061757,-0.00484979,-0.00503989,-0.0077976,sell
2022-03-22,0,0,0,0,1.38,2.49,0,1.33,-0.0059389,-0.0027078,-0.00803304,-0.00152804,-0.0072407,sell
2022-03-23,0,0,0,0,0.85,1.4,0,1.17, 0.0013698, 0.0010777, 0.00220920, 0.00220920, 0.0039969,buy
2022-03-24,0,0,0,0,0.42,1.39,0,0.58, 0.0009148, 0.0027431, 0.00080183, 0.00080183, 0.0003117,buy
2022-03-25,0,0,0,0,0.54,3.16,0,0.31,-0.0021589,-0.0016425,-0.00178573, 0.00173845, 0.0001435,buy
2022-03-26,0,0,0,0,1.09,4.71,0,0.17,-0.0032497,-0.0040921,-0.00408794,-0.00328187,-0.0040921,sell
2022-03-27,0,0,0,0,1.53,4.88,0,0.09,-0.0076928,-0.0056746,-0.00576047,-0.00531553,-0.0062927,sell
2022-03-28,0,0,0,0,1.22,3.72,0,0.05, 0.0016043,-0.0007852, 0.00021680, 0.00249803, 0.0027403,buy
2022-03-29,0,0,0,0,1.28,2.43,0,0,-0.0043793, 0.0023235, 0.00244004, 0.00256218, 0.0024855,buy
2022-03-30,0,0,0,0,1.89,3.47,0,0,-0.0000161, 0.0008151, 0.00253633, 0.00074954, 0.0011332,buy
2022-03-31,0,0,0,0,1.55,3.18,0,0, 0.0000529, 0.0002033, 0.00068892,-0.00024039,-0.0023255,sell
2022-04-01,0,0,0,0,1.92,3.02,0,0, 0.0005099, 0.0009083, 0.00189236, 0.00005712, 0.0005800,buy
2022-04-02,0,0,0,0,4.07,2.64,0,0, 0.0027303, 0.0037693, 0.00505839, 0.00172673, 0.0037693,buy
2022-04-03,0,0,0,0,4.54,1.63,0,0, 0.0012648, 0.0010881, 0.00199776, 0.00133873, 0.0010881,buy
2022-04-04,0,0,0,0,3.85,1.23,0,0, 0.0033999, 0.0029914, 0.00470668, 0.00337018, 0.0030385,buy
2022-04-05,0,0,0,0,2.88,0.99,0,0,-0.0030623, 0.0028916, 0.00267098, 0.00289157,-0.0035776,sell
2022-04-06,0,0,0,0,3.06,1.07,0,0, 0.0045226, 0.0045235, 0.00452354, 0.00495694, 0.0049569,buy
2022-04-07,0,0,0,0,4.35,1.17,0,0,-0.0006109, 0.0003735, 0.00037351, 0.00045048,-0.0022940,buy
2022-04-08,0,0,0,0,3.12,1.27,0,0.09, 0.0047111, 0.0035815, 0.00507782, 0.00481268, 0.0050778,buy
2022-04-09,0,0,0,0,1.14,1.39,0,0.57,-0.0022471,-0.0018098,-0.00224715,-0.00224715,-0.0022471,sell
2022-04-10,0,0,0,0,0.88,1.53,0,1.18, 0.0006127, 0.0008854, 0.00008614, 0.00213374, 0.0008854,buy
2022-04-11,0,0,0,0,1.25,1.69,0,0.37,-0.0019880,-0.0019975,-0.00037898,-0.00198797,-0.0021205,sell
2022-04-12,0,0,0,0,2.33,1.86,0,0.06, 0.0039803, 0.0031225, 0.00452972, 0.00109573, 0.0040008,buy
2022-04-13,0,0,0,0,3.82,2,0,0,-0.0019646,-0.0015210, 0.00315164, 0.00315164,-0.0009914,buy
2022-04-14,0,0,0,0,3.6,2.97,0,0.05,-0.0049702,-0.0033576, 0.00540885, 0.00031847,-0.0035851,sell
2022-04-15,0,0,0,0,1.92,5.82,0,0.12,-0.0074937,-0.0060163,-0.00597068,-0.00592429,-0.0070102,sell
2022-04-16,0,0,0,0,0.93,5.29,0,0.28,-0.0055428,-0.0055428,-0.00323645,-0.00329370,-0.0055428,sell
2022-04-17,0,0,0,0,0.46,3.87,0,0.71,-0.0051679, 0.0024050,-0.00405499,-0.00578842,-0.0064819,sell
2022-04-18,0,0,0,0,0.12,3.22,0,1.33, 0.0048422,-0.0030708, 0.00025889, 0.00405478, 0.0001603,buy
2022-04-19,0,0,0,0,0.18,1.9,0,1.32, 0.0048730, 0.0084423, 0.00312587, 0.00545540, 0.0026446,buy
2022-04-20,0,0,0,0,0.34,1.27,0,1.56,-0.0085129, 0.0017868, 0.00100863,-0.00215788, 0.0029978,sell
2022-04-21,0,0,0,0,0.64,0.87,0,1.21, 0.0014990, 0.0025414,-0.00032708,-0.00032708, 0.0025414,buy
2022-04-22,0,0,0,0,1.22,0.76,0,0.6, 0.0030521, 0.0042138, 0.00421382, 0.00435187, 0.0032555,buy
2022-04-23,0,0,0,0,1.4,0.67,0,0.71, 0.0028671, 0.0045754, 0.00309798, 0.00364027, 0.0047104,buy
2022-04-24,0,0,0,0,0.95,0.58,0,1.24,-0.0004752, 0.0017329,-0.00492549,-0.00273005, 0.0019393,buy
2022-04-25,0.07,0,0,0,0.76,0.51,0,0.74, 0.0002941, 0.0036261, 0.00211839, 0.00161761, 0.0007711,buy
2022-04-26,0.22,0,0,0,1.1,0.62,0,0.25, 0.0063803, 0.0048862, 0.00425266,-0.00282137, 0.0019425,buy
2022-04-27,0.6,0,0,0,1.5,0.79,0,0.09, 0.0031856, 0.0034439, 0.00364590, 0.00406318, 0.0111462,buy
2022-04-28,1,0,0,0,0.83,1.26,0,0.04,-0.0034775,-0.0039187,-0.00363885,-0.00100759,-0.0046279,sell
2022-04-29,0.63,0,0,0,0.32,2.71,0,0,-0.0061397,-0.0062697,-0.00789939,-0.00579352,-0.0060404,sell
2022-04-30,0.27,0,0,0,0.12,3.3,0,0,-0.0090413,-0.0090086,-0.00738737,-0.00850538,-0.0086300,sell
2022-05-01,0.13,0,0,0,0,3.76,0,0,-0.0095303,-0.0095303,-0.00597969,-0.00716295,-0.0071630,sell
2022-05-02,0.06,0,0,0,0,5.23,0,0, 0.0010463, 0.0020317, 0.00078682, 0.00104634, 0.0008133,buy
2022-05-03,0.03,0,0,0,0,5.18,0,0,-0.0004774, 0.0002027,-0.00047743,-0.00046285,-0.0010157,buy
2022-05-04,0,0,0,0,0,3.63,0,0,-0.0087516,-0.0075014, 0.00163788,-0.00257269,-0.0019919,sell
2022-05-05,0,0,0,0,0,1.79,0,0, 0.0068999, 0.0068999, 0.00560640, 0.00678453, 0.0079844,buy
2022-05-06,0,0,0,0,0,0.83,0,0,-0.0035351, 0.0008351,-0.00516479,-0.00420123,-0.0021087,sell
2022-05-07,0,0,0,0,0,0.42,0,0, 0.0002014,-0.0035731,-0.00682826,-0.00865096,-0.0067245,sell
2022-05-08,0,0,0,0,0,0.51,0,0, 0.0006879, 0.0016445,-0.00507532, 0.00162208, 0.0025653,buy
2022-05-09,0,0,0,0,0,0.89,0,0,-0.0013712, 0.0006558,-0.00354428, 0.00178708, 0.0012889,sell
2022-05-10,0,0,0,0,0,2.21,0,0, 0.0064474, 0.0083558, 0.00578868, 0.00835577, 0.0066757,buy
2022-05-11,0,0,0,0,0,3.24,0,0.05, 0.0013785, 0.0006787,-0.00078716, 0.00488619, 0.0011379,buy
2022-05-12,0,0,0,0,0,2.88,0,0.12, 0.0043845, 0.0049434, 0.00391566, 0.00712522, 0.0056873,buy
2022-05-13,0,0,0,0,0.17,1.79,0,0.31, 0.0054613, 0.0062593, 0.00752600, 0.00752600, 0.0054826,buy
2022-05-14,0,0,0,0,0.63,0.7,0,0.69, 0.0033278, 0.0039198, 0.00361803, 0.00361803, 0.0032325,buy
2022-05-15,0.05,0,0,0,1.54,0.33,0,1.34, 0.0049637, 0.0003193, 0.00014742, 0.00127295, 0.0001904,buy
2022-05-16,0.11,0,0,0,1.98,0.54,0,1.26, 0.0091253, 0.0060035, 0.00527222, 0.00798318, 0.0081871,buy
2022-05-17,0.26,0,0,0,1.71,1.61,0,0.91,-0.0041990,-0.0011762,-0.00045343, 0.00026009,-0.0003239,sell
2022-05-18,0.65,0,0,0,1.71,1.95,0,1.06, 0.0042404, 0.0054371, 0.00560818, 0.00703971, 0.0064312,buy
2022-05-19,1.04,0,0,0,1.04,0.53,0,1.36,-0.0013727, 0.0024149, 0.00257937, 0.00114572,-0.0002240,buy
2022-05-20,0.74,0,0,0,0.7,0,0,1.15,-0.0007363, 0.0021654, 0.00197739, 0.00019901, 0.0014682,buy
2022-05-21,0.42,0,0,0,0.7,0.14,0,0.88, 0.0095370, 0.0003837, 0.00874472, 0.00990635, 0.0095370,buy
2022-05-22,0.35,0,0,0,0.97,0.26,0,1.09, 0.0080077, 0.0022490, 0.00363951, 0.00350384, 0.0079924,buy
2022-05-23,0.45,0,0,0,1.66,0.47,0,1.4, 0.0021396, 0.0030624, 0.00271347,-0.00123194, 0.0018052,buy
2022-05-24,0.65,0,0,0,2.58,0.87,0,1.06,-0.0020968, 0.0034028,-0.00316617,-0.00067445, 0.0051282,sell
2022-05-25,1,0,0,0,2.54,1.63,0,0.81, 0.0044148, 0.0026892, 0.00588848, 0.00517108, 0.0058370,buy
2022-05-26,0.96,0,0,0,2.72,1.98,0,1.15,-0.0019722, 0.0033917,-0.00164411,-0.00054766, 0.0060410,sell
2022-05-27,0.63,0,0,0,2.06,1.3,0,1.44,-0.0096765,-0.0028823,-0.00617548,-0.00617548, 0.0036252,sell
2022-05-28,0.43,0,0,0,0.98,0.7,0,0.83, 0.0067503, 0.0021423, 0.00330446, 0.00326811, 0.0069878,buy
2022-05-29,0.31,0,0,0,0.77,0.38,0,0.49, 0.0026443, 0.0003178, 0.00031785, 0.00295585, 0.0003178,buy
2022-05-30,0.23,0,0,0,1.17,0.21,0,0.46,-0.0032739,-0.0056025,-0.00438254,-0.00438254,-0.0032739,sell
2022-05-31,0.19,0,0,0,1.96,0,0,0.47,-0.0117994,-0.0116578,-0.00958850,-0.01179942,-0.0117994,sell
2022-06-01,0.16,0.07,0,0,1.8,0,0,0.53,-0.0011128,-0.0013865, 0.00074885,-0.00198387,-0.0012759,sell
2022-06-02,0.14,0.17,0,0,1.44,0,0,0.57, 0.0049593,-0.0052406,-0.00521488,-0.00479574,-0.0045715,buy
2022-06-03,0.14,0.4,0,0,1.58,0.32,0,0.57,-0.0046874, 0.0001350,-0.00677603,-0.00450522,-0.0050949,sell
2022-06-04,0.15,0.38,0,0,1.54,0.76,0,0.56,-0.0069953,-0.0020736,-0.00632872,-0.00632184,-0.0067666,sell
2022-06-05,0.18,0.16,0,0,1.34,2.09,0,0.52,-0.0037580,-0.0070459,-0.00500142,-0.00889660,-0.0033891,sell
2022-06-06,0.22,0,0,0,1.59,3.45,0,0.45, 0.0047040, 0.0068252, 0.00425814, 0.00600764, 0.0062047,buy
2022-06-07,0.29,0,0,0,1.79,3.57,0,0.36, 0.0000979, 0.0018757, 0.00120944, 0.00019846, 0.0015381,buy
2022-06-08,0.42,0,0,0,1.14,2.85,0,0.28, 0.0031876, 0.0056533, 0.00054903, 0.00264274, 0.0026515,buy
2022-06-09,0.64,0,0,0,0.57,1.81,0,0.19, 0.0032995, 0.0048625, 0.00396382, 0.00500218, 0.0050022,buy
2022-06-10,0.99,0,0,0,0.3,1.55,0,0.13, 0.0027518, 0.0039329, 0.00393290, 0.00305989, 0.0027888,buy
2022-06-11,0.94,0,0,0,0,1.46,0,0.08,-0.0025251,-0.0019779,-0.00378462,-0.00106824,-0.0022099,sell
2022-06-12,0.61,0,0,0,0.11,1.52,0,0.11, 0.0028809, 0.0014762,-0.00288401,-0.00029488, 0.0017951,buy
2022-06-13,0.43,0,0,0,0.19,1.9,0,0.13, 0.0003170,-0.0006888, 0.00528926, 0.00120092, 0.0042490,buy
2022-06-14,0.46,0,0,0,0.35,2.79,0,0.35,-0.0018571,-0.0048543, 0.00298788,-0.00134184,-0.0016117,sell
2022-06-15,0.82,0,0,0,0.65,3.19,0,0.84, 0.0028474, 0.0034707, 0.00347070, 0.00245331, 0.0099083,buy
2022-06-16,1.02,0,0,0,1.28,2.07,0,1.48, 0.0032964, 0.0002340, 0.00393510,-0.00238799,-0.0014799,buy
2022-06-17,0.54,0,0.48,0,1.51,1.46,0,1.56, 0.0073032, 0.0073052, 0.00775472, 0.00458797, 0.0049470,buy
2022-06-18,0.31,0,1.14,0,1.03,1.14,0,2.2,-0.0012789,-0.0016360,-0.00212542, 0.00027118,-0.0001031,sell
2022-06-19,0.32,0,1.59,0,0.66,1.03,0,2.4,-0.0080824,-0.0086662,-0.00864411,-0.00581038,-0.0064586,sell
2022-06-20,0.69,0,0.9,0,0.49,1.39,0,1.31,-0.0056520,-0.0058532,-0.00541488,-0.00053789,-0.0057773,sell
2022-06-21,0.98,0,0.38,0,0.42,2.09,0,0.46, 0.0004918, 0.0008709,-0.00025801,-0.00081526,-0.0009672,sell
2022-06-22,0.5,0,0,0,0.34,3.06,0,0.17, 0.0004530,-0.0043601, 0.00169353, 0.00045296,-0.0016304,buy
2022-06-23,0.21,0.07,0,0,0.42,3.55,0,0.04, 0.0025411,-0.0016981, 0.00148511, 0.00102000, 0.0004205,buy
2022-06-24,0.14,0.25,0,0,0.64,2.83,0,0.09,-0.0044031,-0.0111959,-0.01144387,-0.01065018,-0.0110393,sell
2022-06-25,0.17,0.39,0,0,0.88,1.38,0,0.2, 0.0038776, 0.0045636, 0.00456358, 0.00715920, 0.0045636,buy
2022-06-26,0.37,0.16,0,0,1.44,0.69,0,0.53, 0.0060376, 0.0036826, 0.00178911, 0.00314311, 0.0035665,buy
2022-06-27,0.81,0,0,0,2.6,0.35,0,1.28, 0.0024454, 0.0027953,-0.00031491, 0.00248791, 0.0063468,buy
2022-06-28,0.99,0,0,0,4,0,0,2.47,-0.0063102,-0.0034818,-0.00585932,-0.00291044,-0.0050038,sell
2022-06-29,0.55,0.1,0,0,3.19,0.14,0,2.25,-0.0106352,-0.0077018,-0.01063519,-0.00969109,-0.0047290,sell
2022-06-30,0.34,0.24,0,0,2.06,0.21,0,1.48, 0.0017449,-0.0014053, 0.00046652, 0.00104660, 0.0001046,buy
2022-07-01,0.56,0.4,0,0,1.38,0.33,0,1.74,-0.0076552,-0.0063154,-0.00765520,-0.00787627,-0.0046604,sell
2022-07-02,1.02,0.45,0,0,1.01,0.51,0,2.54, 0.0020930,-0.0026408,-0.00734292,-0.00640384,-0.0029861,buy
2022-07-03,0.39,0.51,1.27,0,0.77,0.79,0,1.7, 0.0036103, 0.0042874, 0.00420618, 0.00358075, 0.0042062,buy
2022-07-04,0.07,0.29,1.57,0,0.54,1.24,0,0.53,-0.0069163,-0.0025543,-0.00642589,-0.00291638,-0.0042048,sell
2022-07-05,0,0.1,0.33,0,0.59,2.42,0,0.18,-0.0089880,-0.0051530,-0.01012387,-0.01097573,-0.0097184,sell
2022-07-06,0.04,0,0,0,0.78,3.95,0,0.1, 0.0037885,-0.0010570, 0.00060401, 0.00247935, 0.0018894,buy
2022-07-07,0.26,0,0,0,1.49,2.62,0,0.17,-0.0032273, 0.0004106, 0.00050560,-0.00221238,-0.0048041,sell
2022-07-08,0.96,0.07,0,0,1.61,1.05,0,0.7, 0.0014523, 0.0020062, 0.00145225, 0.00244909,-0.0023421,buy
2022-07-09,0.56,0.4,0,0,0.73,0.53,0,1.18, 0.0027879, 0.0027020, 0.00176367, 0.00270202, 0.0042464,buy
2022-07-10,0.16,0.29,0,0,0.35,0.34,0,0.35, 0.0135432, 0.0111959, 0.01270639, 0.01074960, 0.0112867,buy
2022-07-11,0.25,0,0,0,0.12,0.22,0,0.15, 0.0053570, 0.0054506, 0.00538902, 0.00602090, 0.0053643,buy
2022-07-12,0.77,0.13,0,0,0.1,0,0,0.31,-0.0065297,-0.0052305,-0.00525945,-0.00652971,-0.0052305,sell
2022-07-13,1,0.33,0,0,0.18,0,0,0.89, 0.0014004, 0.0013550, 0.00024986, 0.00124808, 0.0014191,buy
2022-07-14,0.48,0.51,0.95,0,0.31,0,0,1.18,-0.0008006,-0.0004149,-0.00007883,-0.00080063, 0.0023161,buy
2022-07-15,0.38,0.58,2.99,0,0.55,0.14,0,0.52,-0.0130127,-0.0127552,-0.01294769,-0.01275518,-0.0130127,sell
2022-07-16,0.95,0.27,4.68,0,0.98,0.27,0,0.18, 0.0055071, 0.0060846, 0.00407821, 0.00387102, 0.0058045,buy
2022-07-17,1.99,0,2.33,0.84,1.4,0.49,0,0.06,-0.0053271,-0.0045545,-0.00036542,-0.00610806, 0.0002936,sell
2022-07-18,1.24,0,0.41,2.21,1.28,1.16,0,0,-0.0018647,-0.0072956,-0.00690437,-0.00723672,-0.0076279,sell
2022-07-19,0.45,0,0,1.86,1.03,2.41,0,0,-0.0012843,-0.0110513,-0.00172306,-0.00099487,-0.0029404,sell
2022-07-20,0.26,0,0,1.59,1.25,3.98,0,0, 0.0053431,-0.0023979,-0.00225161, 0.00405282,-0.0019273,buy
2022-07-21,0.39,0,0.62,0.7,1.6,3.08,0,0.04,-0.0003281,-0.0004921,-0.00049207,-0.00246544,-0.0005404,buy
2022-07-22,1.2,0,1.59,0.3,1.1,1.32,0,0.1,-0.0013917,-0.0013917, 0.00437155, 0.00445163, 0.0050819,buy
2022-07-23,1.96,0.26,0.56,0,0.48,0.59,0,0.34, 0.0038849, 0.0019947, 0.00362734, 0.00411950, 0.0014385,buy
2022-07-24,0.94,0.78,0,0,0.23,0.21,0,1.02, 0.0063695, 0.0048861,-0.00132668, 0.00506475,-0.0012082,buy
2022-07-25,0.21,0.57,0,0,0.12,0,0,1.65,-0.0057781,-0.0043029,-0.00611984,-0.00440894,-0.0028609,sell
2022-07-26,0.03,0.13,0.41,0,0,0,0,1.78,-0.0054089,-0.0050904,-0.00452741,-0.00435321,-0.0066270,sell
2022-07-27,0.03,0,1.09,0,0,0,0,1.4, 0.0078490, 0.0054824, 0.00799615, 0.00827886, 0.0074083,buy
2022-07-28,0.08,0,1.59,0,0,0,0,1.56, 0.0018950, 0.0028115,-0.00070645, 0.00337578, 0.0018950,buy
2022-07-29,0.18,0,0.83,0,0,0,0,1.11, 0.0081347, 0.0076670, 0.00696892, 0.00684587, 0.0068253,buy
2022-07-30,0.43,0.13,0.3,0.97,0,0,0,0.23,-0.0000339,-0.0001750, 0.00079687, 0.00020700, 0.0041164,buy
2022-07-31,0.98,0.51,0.7,1.59,0,0,0,0.04, 0.0021510, 0.0085341, 0.00886615, 0.00221325, 0.0023330,buy
2022-08-01,0.95,0.61,2.18,0.46,0,0,0,0, 0.0031916, 0.0036491, 0.00402008, 0.00447525, 0.0040201,buy
2022-08-02,0.4,0.8,2.26,0,0,0,0,0.06, 0.0010944, 0.0015423, 0.00154231, 0.00227676, 0.0015423,buy
2022-08-03,0.17,0.62,0.81,0,0,0,0,0.11, 0.0059725, 0.0004507, 0.00687654, 0.00503709, 0.0058957,buy
2022-08-04,0.12,0.21,0.69,0,0,0,0,0.2,-0.0008167, 0.0000491,-0.00062655,-0.00226226, 0.0031345,buy
2022-08-05,0.18,0,1.57,0.73,0,0.24,0,0.37,-0.0063898,-0.0021085,-0.00789194,-0.00691917, 0.0014691,sell
2022-08-06,0.44,0,1.11,1.56,0,0.44,0,0.7, 0.0004933, 0.0003063,-0.00127491,-0.00333341, 0.0003063,buy
2022-08-07,0.99,0,0.35,1.04,0,0.78,0,1.25,-0.0089833,-0.0093770,-0.00922038,-0.00922038,-0.0062401,sell
2022-08-08,0.74,0,0.7,1.2,0,1.41,0,1.22,-0.0120690,-0.0081830,-0.01285258,-0.01060112,-0.0092658,sell
2022-08-09,0.3,0,1.6,1.57,0,1.98,0,0.9,-0.0018010,-0.0028825,-0.00369745, 0.00256887, 0.0026524,buy
2022-08-10,0.19,0.14,0.85,0.67,0,1.54,0,1.05, 0.0086518, 0.0045293, 0.00679853, 0.00228440,-0.0016192,buy
2022-08-11,0.19,0.4,0,0,0,0.86,0,1.37,-0.0045336,-0.0044425,-0.00458037,-0.00237381,-0.0024969,sell
2022-08-12,0.34,0.29,0.9,0.32,0,0.64,0,0.91,-0.0027869,-0.0007251,-0.00055163,-0.00278687,-0.0025374,sell
2022-08-13,0.63,0.08,1.56,0.79,0,0.45,0,0.4,-0.0075978,-0.0075978,-0.00701482,-0.00686723,-0.0061201,sell
2022-08-14,1.1,0.15,0.72,1.59,0,0.38,0,0.15, 0.0028271, 0.0029288, 0.00292879, 0.00136488, 0.0018092,buy
2022-08-15,1.4,0.37,0.33,1.24,0,0.26,0,0.09, 0.0060883, 0.0023358, 0.00285875, 0.00041434, 0.0025469,buy
2022-08-16,1.74,0.4,0.8,0.49,0,0.29,0,0.11,-0.0023589, 0.0031402, 0.00834025, 0.00030186, 0.0082180,buy
2022-08-17,1.7,0.17,2.52,0,0,0.32,0,0.21, 0.0057588, 0.0044643, 0.00581178, 0.00553300, 0.0026282,buy
2022-08-18,1.4,0.24,3.74,0,0,0.34,0,0.41, 0.0005316, 0.0005077,-0.00128914, 0.00104783, 0.0009796,buy
2022-08-19,0.67,0.4,3.37,0.35,0,0.35,0,0.81,-0.0067059,-0.0067059,-0.00670589,-0.00655335,-0.0056661,sell
2022-08-20,0.33,0.3,1.58,1.07,0,0.35,0,1.33, 0.0003067,-0.0017099,-0.00244243,-0.00223615,-0.0036836,sell
2022-08-21,0.46,0.1,0.5,2.23,0,0.35,0,1.12,-0.0088454,-0.0063585,-0.00847473,-0.00957404,-0.0088454,sell
2022-08-22,1,0,0,2.35,0,0.34,0,0.71,-0.0044084,-0.0025530,-0.00816989,-0.00574327,-0.0055759,sell
2022-08-23,0.91,0,0.39,1.27,0,0.32,0,0.61,-0.0056442,-0.0053113,-0.00409275,-0.00564425,-0.0053516,sell
2022-08-24,0.36,0,1.27,0.43,0.11,0.29,0,0.73,-0.0066775,-0.0061929,-0.00667749,-0.00747926,-0.0030545,sell
2022-08-25,0.17,0,1.57,0,0.11,0.26,0,1.11,-0.0009122,-0.0010135,-0.00033174, 0.00175343,-0.0007749,sell
2022-08-26,0.13,0,0.6,0,0.12,0.22,0,2.02, 0.0000405,-0.0021743, 0.00001058, 0.00220352,-0.0019072,buy
2022-08-27,0.11,0,0,0.62,0.12,0.18,0,2.37, 0.0037588,-0.0047368, 0.00337925,-0.00312141, 0.0020511,buy
2022-08-28,0.15,0.3,0.4,1.57,0.12,0.14,0,1.4, 0.0045710,-0.0019079, 0.00370292, 0.00441253,-0.0022142,buy
2022-08-29,0.2,0.71,1.03,1.22,0.11,0,0,0.79, 0.0024542, 0.0003415,-0.00248598,-0.00332173,-0.0035537,buy
2022-08-30,0.26,0.84,2.3,0.38,0.1,0,0,0.48,-0.0034078,-0.0038504,-0.00400735,-0.00870482,-0.0050735,sell
2022-08-31,0.32,0.6,2.87,0.37,0,0,0,0.3,-0.0109270,-0.0107310,-0.01134776,-0.01109927,-0.0110993,sell
2022-09-01,0.37,0.59,2.61,1.32,0,0,0,0.2,-0.0045830,-0.0016361,-0.00152825,-0.00096220,-0.0016039,sell
2022-09-02,0.41,0.45,1.94,3.08,0,0,0,0.14,-0.0063939,-0.0043491,-0.00523026,-0.00210343,-0.0045220,sell
2022-09-03,0.42,0.54,0.71,2.76,0,0,0,0.09,-0.0032215,-0.0032163,-0.00318698,-0.00179743,-0.0027296,sell
2022-09-04,0.42,0.46,0,1.24,0,0,0,0.06, 0.0038389, 0.0085559, 0.00600634, 0.01006674, 0.0049011,buy
2022-09-05,0.41,0.16,0,0.53,0,0,0,0.04,-0.0046638,-0.0047753,-0.00285794,-0.00275856,-0.0025539,sell
2022-09-06,0.38,0.09,0,0.33,0,0,0,0,-0.0032484,-0.0058740,-0.00593337,-0.00593337,-0.0032484,sell
2022-09-07,0.37,0.14,0,0,0,0,0,0,-0.0003944,-0.0051816,-0.00567575,-0.00454220,-0.0001723,sell
2022-09-08,0.36,0.31,0.5,0,0,0,0,0,-0.0065156,-0.0072316,-0.00651557,-0.00658851,-0.0069788,sell
2022-09-09,0.44,0.45,1.59,0,0.1,0,0,0, 0.0048408, 0.0086757, 0.00433792, 0.00674400, 0.0046860,buy
2022-09-10,0.72,0.51,1.78,0,0.3,0,0,0, 0.0095422, 0.0095945, 0.00631033, 0.00574214, 0.0057031,buy
2022-09-11,1.07,0.41,1.26,0,1.02,0,0,0.04, 0.0025062, 0.0024733, 0.00230004,-0.00553092, 0.0063994,buy
2022-09-12,0.72,0.39,1.6,0,1.39,0,0,0.08,-0.0021512,-0.0021512,-0.00214368,-0.00876469, 0.0022726,sell
2022-09-13,0.28,0.52,1.18,0,0.48,0,0,0.17,-0.0044901,-0.0041157, 0.00259815,-0.00251218,-0.0041101,sell
2022-09-14,0.12,0.57,0.47,0.28,0.12,0,0,0.33,-0.0004659,-0.0002968, 0.00495459, 0.00496824, 0.0036980,buy
2022-09-15,0.11,0.24,0.46,0.95,0,0,0,0.67, 0.0035464, 0.0064371, 0.00269725, 0.00643707, 0.0026973,buy
2022-09-16,0.14,0.08,1.22,2.03,0,0,0,1.19,-0.0014310,-0.0014605,-0.00759086,-0.00143099,-0.0017324,sell
2022-09-17,0.43,0.23,1.59,2.33,0,0,0,1.03,-0.0051931,-0.0027839,-0.00586191,-0.00428909,-0.0041470,sell
2022-09-18,1.09,0.48,0.74,2.21,0,0,0,0.51, 0.0005514, 0.0023774, 0.00178007, 0.00029593, 0.0032033,buy
2022-09-19,1.81,0.76,0.85,1.54,0.11,0,0,0.25,-0.0000845, 0.0030564, 0.00207143, 0.00360449, 0.0048003,buy
2022-09-20,1.52,0.6,1.59,0.73,0.16,0,0,0.12,-0.0067098,-0.0067564, 0.00792546,-0.00675636, 0.0053437,buy
2022-09-21,0.7,0.25,1.34,0.33,0.25,0,0,0.06,-0.0055688,-0.0045750,-0.00850043,-0.00376850,-0.0058038,sell
2022-09-22,0.34,0.07,0.83,0.32,0.36,0,0,0,-0.0030107,-0.0032456,-0.00370098,-0.00301070,-0.0021200,sell
2022-09-23,0.4,0,1.33,1.01,0.53,0,0,0,-0.0029616,-0.0016309, 0.00216694,-0.00165720,-0.0016572,sell
2022-09-24,0.66,0.09,1.57,1.59,0.77,0,0,0, 0.0032708, 0.0022634, 0.00402214, 0.00069467, 0.0010451,buy
2022-09-25,1.46,0.34,0.56,1.46,1.11,0,0,0,-0.0003045, 0.0020332, 0.00090542, 0.00150990, 0.0015041,buy
2022-09-26,2.26,0.7,0,1.57,1.4,0,0,0,-0.0083941,-0.0067614,-0.00252242,-0.00672741,-0.0080323,sell
2022-09-27,2.33,0.67,0,1.33,1.2,0,0,0,-0.0070289,-0.0066860,-0.00373702,-0.00517064,-0.0087040,sell
2022-09-28,1.92,0.31,0,0.91,0.85,0,0,0,-0.0008518,-0.0012781,-0.00127808,-0.00033960,-0.0026119,sell
2022-09-29,1.28,0.2,0.38,0.64,0.59,0,0,0.04,-0.0022139,-0.0040940, 0.00101677, 0.00439664,-0.0028782,sell
2022-09-30,0.89,0.5,0.5,1.44,0.42,0,0,0.05, 0.0097893, 0.0095892, 0.01041296, 0.01003796, 0.0107734,buy
2022-10-01,0.69,1,0.56,2.54,0.3,0,0,0.11,-0.0076157,-0.0079533,-0.00728755,-0.00632320,-0.0091597,sell
2022-10-02,0.59,0.99,0.56,2.13,0.22,0,0,0.14,-0.0062029,-0.0068097,-0.00723660,-0.00490934,-0.0068097,sell
2022-10-03,0.6,0.43,0.53,1.25,0.16,0,0,0.19, 0.0089179, 0.0100681, 0.01006808, 0.00929537, 0.0102580,buy
2022-10-04,0.68,0.24,0.44,0.74,0.12,0,0,0.23,-0.0014026,-0.0081257,-0.00415962,-0.00888450,-0.0041386,sell
2022-10-05,0.9,0.4,0.32,0.52,0,0,0,0.29, 0.0079826,-0.0058787, 0.00326246,-0.00834233, 0.0047653,sell
2022-10-06,1.36,0.29,0,0.32,0,0,0,0.36, 0.0018280,-0.0019336,-0.00262460,-0.00608655, 0.0016294,buy
2022-10-07,1.58,0.1,0,0,0,0,0,0.41, 0.0024364,-0.0009006,-0.00031815, 0.00252039, 0.0019863,buy
2022-10-08,1.29,0,0,0,0,0,0,0.53, 0.0017790,-0.0033449,-0.00327445,-0.00134132, 0.0011276,buy
2022-10-09,1.21,0,0.44,0,0,0,0,0.69, 0.0012395,-0.0027670,-0.00214839,-0.00166415, 0.0012364,buy
2022-10-10,1.44,0,1.09,0.3,0,0,0,0.89,-0.0043705,-0.0045218,-0.00303404,-0.00081767,-0.0032710,sell
2022-10-11,2.03,0.08,1.59,1.02,0,0,0,1.13, 0.0052385, 0.0062459, 0.00611419, 0.00744021, 0.0046088,buy
2022-10-12,2.15,0.43,1.59,1.56,0,0,0,1.2,-0.0047299, 0.0037499, 0.00328837, 0.00689825,-0.0030293,buy
2022-10-13,2.01,0.79,1.96,0.64,0,0,0,1.01, 0.0006789, 0.0048896, 0.01081636, 0.00323503, 0.0078599,buy
2022-10-14,2.15,0.44,1.5,0,0,0,0,0.82,-0.0018857, 0.0023344, 0.00399674,-0.00039037, 0.0047805,buy
2022-10-15,1.93,0.19,1.5,0,0,0,0,0.71,-0.0063439,-0.0008802,-0.00056437,-0.00041811,-0.0008427,sell
2022-10-16,2.57,0.4,2.43,0,0,0,0,0.66, 0.0006508,-0.0005119,-0.00138526, 0.00573037, 0.0001598,buy
2022-10-17,3.49,0.34,3.15,0,0,0,0,0.83, 0.0058616, 0.0045510, 0.00249762, 0.00867221, 0.0043857,buy
2022-10-18,3.6,0.09,2.36,0,0,0,0,1.37, 0.0013737,-0.0035631,-0.00774464, 0.00550811, 0.0000145,sell
2022-10-19,2.42,0,0.96,0,0,0,0,2.36, 0.0017092,-0.0073021,-0.00327522,-0.00039192, 0.0014094,buy
2022-10-20,1.26,0,0.56,0,0,0,0,2.29, 0.0018705, 0.0028754, 0.00358424, 0.00176710, 0.0006717,buy
2022-10-21,0.91,0,1.34,0,0,0,0,1.1,-0.0030583,-0.0034991,-0.00376102,-0.00305826,-0.0030583,sell
2022-10-22,1.35,0,3.62,0,0,0,0,0.52, 0.0062948, 0.0062948, 0.00622394, 0.00632596, 0.0035329,buy
2022-10-23,1.37,0,4.62,0,0,0,0,0.3, 0.0072829, 0.0076191, 0.00587689, 0.00661406, 0.0068298,buy
2022-10-24,0.78,0,3.76,0,0,0,0,0.17, 0.0058429, 0.0073145, 0.00584292, 0.00584292, 0.0058429,buy
2022-10-25,1.07,0,3.21,0,0,0,0,0.26, 0.0038266, 0.0035345, 0.00419614, 0.00472421, 0.0034909,buy
2022-10-26,2.18,0,1.87,0,0,0,0,0.64,-0.0013740,-0.0060584,-0.00209369,-0.00057825,-0.0047421,sell
2022-10-27,2.01,0,0.9,0,0,0,0,1.32,-0.0003771,-0.0027245,-0.00412058, 0.00126350,-0.0015598,buy
2022-10-28,0.98,0.17,1.41,0,0,0,0,0.73, 0.0040242, 0.0056420,-0.00064139, 0.00620694, 0.0043637,buy
2022-10-29,0.73,0.5,2.49,0,0,0,0,0.26, 0.0016977, 0.0016977,-0.00096717, 0.00229526, 0.0016977,buy
2022-10-30,0.73,0.72,1.97,0,0,0,0,0.12, 0.0081948, 0.0065205, 0.00538686, 0.00507940, 0.0030908,buy
2022-10-31,0.85,0.89,0.91,0,0,0,0,0.11, 0.0044767, 0.0030828, 0.00178101, 0.00472340, 0.0057548,buy
2022-11-01,1,0.69,0.9,0,0,0,0,0.11,-0.0011308, 0.0003751, 0.00749069,-0.00028496, 0.0058193,buy
2022-11-02,0.96,0.88,0.86,0,0,0,0,0.12, 0.0018697, 0.0004382, 0.00151825, 0.00406101, 0.0040535,buy
2022-11-03,0.79,1.25,0.83,0,0,0,0,0.15,-0.0039986,-0.0047462,-0.00720172,-0.00361782,-0.0036741,sell
2022-11-04,0.63,1.11,0.78,0.52,0,0,0,0.25, 0.0010986, 0.0011700,-0.00131867, 0.00093642, 0.0020358,buy
2022-11-05,0.49,0.7,0.72,1.57,0,0,0,0.4, 0.0002348,-0.0020661,-0.00304262,-0.00326193,-0.0034834,sell
2022-11-06,0.38,0.69,0.66,1.48,0,0,0,0.96, 0.0006778,-0.0002365,-0.00352856,-0.00327449,-0.0032536,sell
2022-11-07,0.35,0.71,0.59,1.2,0,0,0,1.44, 0.0090601, 0.0061526, 0.00394983, 0.00339003, 0.0033900,buy
2022-11-08,0.39,0.3,0.53,2.38,0,0,0,1.07,-0.0062164,-0.0006400,-0.00706144,-0.00664693,-0.0087166,sell
2022-11-09,0.69,0,0.47,3.14,0,0,0,1.47,-0.0040158,-0.0059938,-0.00481211,-0.00461415,-0.0038654,sell
2022-11-10,1.16,0,0.89,1.3,0,0,0,2.33, 0.0060560, 0.0047553, 0.00443075, 0.00504555, 0.0010645,buy
2022-11-11,1.03,0,1.94,0.34,0,0,0,2.01,-0.0026798,-0.0024496,-0.00270630,-0.00150519,-0.0015052,sell
2022-11-12,1.42,0,2.18,0,0,0,0,1.29,-0.0045681,-0.0037009,-0.00362799,-0.00360294,-0.0036280,sell
2022-11-13,1.36,0,1.97,0,0,0,0,1.15,-0.0041653,-0.0037190,-0.00338251,-0.00338251,-0.0034875,sell
2022-11-14,1.71,0,1.41,0,0,0,0,1.85,-0.0003954,-0.0017282,-0.00215874,-0.00158061, 0.0013488,buy
2022-11-15,2.37,0,1.45,0,0,0,0,2.3,-0.0003063,-0.0093688,-0.00434351,-0.00091687,-0.0019406,buy
2022-11-16,1.94,0,1.6,0,0,0,0,2.33, 0.0009375,-0.0045730,-0.00134857,-0.00142070, 0.0009775,buy
2022-11-17,1.01,0,0.55,0,0,0,0,1.85, 0.0005061,-0.0036339,-0.00069339,-0.00190499, 0.0003881,buy
2022-11-18,0.45,0,0,0,0,0,0,1.43, 0.0054660, 0.0019616, 0.00417019, 0.00324796, 0.0053694,buy
2022-11-19,0.45,0,0,0,0,0,0,1.49, 0.0039673, 0.0043418, 0.00769353, 0.00275328, 0.0043418,buy
2022-11-20,0.9,0,0,0,0,0,0,1.44,-0.0033371,-0.0034593,-0.00239250,-0.00728913,-0.0044994,sell
2022-11-21,1.09,0,0,0,0,0,0,1.51, 0.0037401, 0.0047377, 0.00045882, 0.00254590,-0.0038036,buy
2022-11-22,0.6,0,0,0,0,0.15,0,1.84, 0.0065219, 0.0053293, 0.00143784, 0.00019681,-0.0000386,buy
2022-11-23,0.37,0,0,0,0,0.94,0,1.63, 0.0049489, 0.0031942, 0.00485125, 0.00157615, 0.0023603,buy
2022-11-24,0.33,0,0,0,0,3.01,0,0.97, 0.0031427, 0.0001262, 0.00118178, 0.00348880, 0.0037757,buy
2022-11-25,0.39,0,0,0,0,3.64,0,0.59, 0.0046721, 0.0010289, 0.00501733, 0.00488659, 0.0053402,buy
2022-11-26,0.51,0,0.49,0,0,1.64,0,0.37,-0.0045750,-0.0106896,-0.00079856,-0.00404348, 0.0016502,buy
2022-11-27,0.75,0,2.02,0,0,0.41,0,0.24, 0.0038510, 0.0020689, 0.00206893, 0.00066411,-0.0057520,buy
2022-11-28,1,0,2.57,0.35,0,0,0,0.16,-0.0031692,-0.0031004,-0.00345239,-0.00229712,-0.0022971,sell
2022-11-29,0.91,0,1.87,1.54,0,0,0,0.15, 0.0008053, 0.0037570, 0.00352690, 0.00126727, 0.0063397,buy
2022-11-30,0.62,0,0.56,2.33,0.11,0,0,0.33, 0.0019782,-0.0031173,-0.00243958,-0.00401876,-0.0038893,buy
2022-12-01,0.42,0,0,1.56,0.15,0.32,0,1.19,-0.0145122,-0.0039935,-0.01451225,-0.00752908,-0.0127519,sell
2022-12-02,0.28,0,0,0.52,0.32,0.76,0,1.46,-0.0054692,-0.0063689,-0.00361303,-0.00175448,-0.0049042,sell
2022-12-03,0.19,0,0,0,0.72,1.85,0,1.22, 0.0035035, 0.0042774, 0.00334599, 0.00376400, 0.0018706,buy
2022-12-04,0.13,0,0,0,1.76,1.96,0,1.48, 0.0026111,-0.0014313,-0.00136404,-0.00037588,-0.0007005,buy
2022-12-05,0.08,0,0,0,1.85,0.87,0,1.33, 0.0067881, 0.0074593, 0.00209448, 0.00779409, 0.0078287,buy
2022-12-06,0.06,0.2,0.64,0.32,1.61,0.36,0,1.45,-0.0012875,-0.0031615,-0.00187354, 0.00056269, 0.0010307,buy
2022-12-07,0.04,0.4,1.57,1.13,2.35,0.15,0,0.76,-0.0042405,-0.0092117,-0.00884342,-0.01001840,-0.0086887,sell
2022-12-08,0,0.19,1.5,1.57,2.37,0.24,0,0.77, 0.0015418, 0.0043575, 0.00509024, 0.00511738, 0.0036452,buy
2022-12-09,0,0.17,0.59,0.62,1.75,0.83,0,1.24,-0.0010603,-0.0010971, 0.00092956, 0.00111366, 0.0056411,buy
2022-12-10,0,0.39,0,0,1.18,2,0,0.77,-0.0101404, 0.0023914,-0.00302341,-0.00268880,-0.0101404,sell
2022-12-11,0,0.29,0,0,0.79,1.33,0,0.35, 0.0024049, 0.0070177, 0.00568835, 0.00618286, 0.0051557,buy
2022-12-12,0,0.09,0,0,0.58,0.67,0,0.34, 0.0054085, 0.0061710,-0.00282586, 0.00389286,-0.0027974,buy
2022-12-13,0,0.08,0,0,0.43,0.81,0,0.61,-0.0006950, 0.0002758, 0.00062368, 0.00220690, 0.0000828,buy
2022-12-14,0.03,0.11,0.27,0,0.32,2,0,1.19, 0.0060347, 0.0042476,-0.00144343, 0.00723493, 0.0071220,buy
2022-12-15,0.1,0.15,1.24,0,0.24,1.67,0,0.93,-0.0045678,-0.0008970, 0.00393564,-0.00608754,-0.0025481,buy
2022-12-16,0.33,0.21,1.59,0,0.37,0.59,0,0.38, 0.0012000, 0.0007647,-0.00173225,-0.00004803,-0.0024191,sell
2022-12-17,0.98,0.29,0.44,0,0.6,0.21,0,0.23, 0.0025759, 0.0037492, 0.00359606,-0.00118562, 0.0033979,buy
2022-12-18,0.89,0.4,0.54,0,1.21,0,0,0.22, 0.0035105, 0.0036387, 0.00163760,-0.00508294, 0.0035291,buy
2022-12-19,0.35,0.39,1.56,0,1.38,0,0,0.34,-0.0006443, 0.0008549,-0.00847926,-0.00404106,-0.0016126,sell
2022-12-20,0.29,0.41,1.1,0,0.88,0,0,0.73,-0.0031178,-0.0047141,-0.00311458,-0.00216206,-0.0045585,sell
2022-12-21,0.64,0.51,0.28,0,0.71,0,0,1.56, 0.0035864, 0.0040485, 0.00358638, 0.00241671, 0.0049360,buy
2022-12-22,0.99,0.56,0,0,1.04,0,0,1.97,-0.0022816, 0.0036380,-0.00404700,-0.00209001, 0.0011107,sell
2022-12-23,0.51,0.32,0,0,1.39,0,0,1.73,-0.0042389, 0.0007531, 0.00082257, 0.00124936, 0.0029697,buy
2022-12-24,0.16,0.17,0,0,1.03,0,0,1.26, 0.0029334, 0.0020713, 0.00303708, 0.00066018, 0.0019122,buy
2022-12-25,0.05,0.14,0,0,0.8,0.18,0,0.69,-0.0017330,-0.0007148,-0.00209849, 0.00081840,-0.0010354,sell
2022-12-26,0,0.14,0,0,1.01,0.41,0,0.38, 0.0024488,-0.0024646,-0.00014569,-0.00045679,-0.0017721,buy
2022-12-27,0,0.22,0,0,1.64,0.94,0,0.19,-0.0047302,-0.0052345,-0.00482297,-0.00398066,-0.0053278,sell
2022-12-28,0,0.47,0,0,1.24,1.98,0,0.11,-0.0010505,-0.0009302,-0.00106935, 0.00227565,-0.0009302,sell
2022-12-29,0,0.76,0.54,0,0.58,1.81,0,0.07, 0.0088791,-0.0008675,-0.00086748, 0.00372979,-0.0058425,buy
2022-12-30,0,0.64,1.57,0,0.41,1.01,0,0.04, 0.0074700, 0.0052136, 0.00547033, 0.00592826, 0.0049958,buy
2022-12-31,0,0.43,1.56,0,0.44,0.8,0,0, 0.0099168, 0.0097983, 0.00991676, 0.00921370, 0.0092812,buy
