Date,a0,a103,a120,a135,a150,a180,a30,a45,a60,a90,JUY,MAY,NEY,PLY,SAY,URY,VEY,DiffPred1,DiffPred2,DiffPred3,DiffPred4,DiffPred5,EffPred
2010-01-01,1,1,1,3,3,0,1,5,0,1,4,2,4,2,3,1,0,-0.0416209,-0.0410673,-0.0363749,-0.0397680,-0.02144060,sell
2010-01-02,0,1,0,2,5,0,0,5,1,1,3,1,3,2,4,1,1,-0.0172444,-0.0147536,-0.0147536,-0.0135514,-0.00525502,sell
2010-01-03,2,1,0,3,3,2,0,7,0,0,4,2,3,2,3,1,3, 0.0137312, 0.0165516, 0.0135780, 0.0090838, 0.01425359,buy
2010-01-04,1,2,2,2,2,2,1,6,0,0,4,2,3,2,4,0,3, 0.0187625, 0.0201849, 0.0201849, 0.0164307, 0.01876252,buy
2010-01-05,1,4,1,1,4,1,1,6,0,0,4,3,3,2,4,1,2,-0.0123052,-0.0127730, 0.0214190,-0.0240436,-0.01212870,sell
2010-01-06,2,3,0,3,4,1,0,6,0,2,5,3,3,2,4,1,3,-0.0120269,-0.0051177, 0.0087186,-0.0054068,-0.00511767,sell
2010-01-07,1,2,2,3,3,0,0,5,1,1,5,3,3,1,3,1,2, 0.0073722, 0.0180755, 0.0205457, 0.0180755, 0.01556903,buy
2010-01-08,0,2,2,2,3,0,1,4,1,1,3,2,2,2,5,2,0,-0.0226473,-0.0183465,-0.0154497,-0.0261811, 0.00768912,sell
2010-01-09,1,4,1,2,2,0,1,5,2,3,2,3,3,3,6,3,1,-0.0068081,-0.0124694, 0.0042258,-0.0240949,-0.01054458,sell
2010-01-10,1,3,1,1,2,0,1,5,4,4,1,4,2,4,6,3,2, 0.0082059, 0.0083789, 0.0125740, 0.0061024, 0.00979691,buy
2010-01-11,1,4,1,1,1,0,3,3,3,2,1,3,3,3,5,3,1,-0.0023393, 0.0133692, 0.0133692, 0.0116654, 0.02604073,buy
2010-01-12,1,0,1,1,0,0,3,2,4,2,1,1,4,2,2,3,1,-0.0041251,-0.0041251,-0.0062596,-0.0063049,-0.00630490,sell
2010-01-13,2,0,0,2,0,0,2,3,4,3,1,1,5,3,3,3,0, 0.0015195,-0.0018910, 0.0015940, 0.0015195, 0.00638497,buy
2010-01-14,2,1,0,1,1,0,3,3,3,2,2,1,3,2,4,3,1, 0.0001057, 0.0009811, 0.0009811,-0.0041092, 0.00382850,sell
2010-01-15,2,1,1,1,0,0,7,0,3,1,3,0,3,3,3,3,1, 0.0189856, 0.0128141, 0.0198017, 0.0218609, 0.01980174,buy
2010-01-16,1,0,1,1,0,1,6,1,2,1,3,1,2,3,2,3,0, 0.0018475, 0.0026127, 0.0024194, 0.0024194,-0.00945810,sell
2010-01-17,3,0,0,1,0,1,6,1,1,1,3,1,3,2,2,2,1, 0.0256669, 0.0194369, 0.0243135, 0.0255391, 0.02422450,buy
2010-01-18,3,0,1,0,1,0,6,1,1,1,3,0,3,3,3,1,1, 0.0199190, 0.0204552, 0.0199190, 0.0155136, 0.01724453,buy
2010-01-19,2,0,2,0,1,0,4,2,0,1,2,1,2,2,3,1,1, 0.0170462, 0.0049419, 0.0040625, 0.0093901, 0.00644364,buy
2010-01-20,2,0,2,1,0,1,6,2,1,2,3,1,2,4,4,1,2, 0.0015514,-0.0067355, 0.0094241,-0.0050317,-0.00614727,sell
2010-01-21,1,1,3,0,0,1,6,3,1,2,4,1,2,5,4,0,2, 0.0096713, 0.0020327, 0.0113018, 0.0020327, 0.00041891,buy
2010-01-22,1,2,3,1,1,0,6,3,1,1,3,3,2,4,3,3,1, 0.0067859, 0.0070898, 0.0163394, 0.0183934, 0.00575181,buy
2010-01-23,1,1,3,1,2,0,5,3,2,3,2,3,2,4,4,4,2, 0.0278923, 0.0042428, 0.0423540, 0.0500138, 0.03422879,buy
2010-01-24,0,1,2,3,1,1,4,3,1,4,1,3,2,3,4,4,3, 0.0023160, 0.0039606, 0.0011959, 0.0044183, 0.00119595,buy
2010-01-25,0,2,4,1,2,1,4,3,1,2,2,2,3,3,3,4,3,-0.0015234,-0.0043115,-0.0046266, 0.0165486,-0.00431870,sell
2010-01-26,0,3,5,1,2,2,2,3,1,1,1,4,3,2,4,4,2, 0.0286220, 0.0092274, 0.0100129, 0.0168232, 0.01968767,buy
2010-01-27,0,2,3,2,1,3,2,4,0,2,1,4,2,2,3,5,2,-0.0162890,-0.0171469,-0.0072481,-0.0135271,-0.01940348,sell
2010-01-28,0,2,3,3,2,3,3,4,0,1,3,4,2,2,3,5,2, 0.0203356, 0.0173029, 0.0169377, 0.0173029, 0.01424419,buy
2010-01-29,1,1,2,3,3,2,1,4,1,0,3,3,2,1,3,5,1, 0.0066590, 0.0045772, 0.0064904, 0.0054240, 0.00485490,buy
2010-01-30,1,1,0,4,3,4,1,4,1,0,2,3,1,3,4,4,2, 0.0052358, 0.0034138, 0.0130339, 0.0060679, 0.00523578,buy
2010-01-31,0,1,1,3,1,3,3,4,0,0,2,2,1,3,4,3,1, 0.0096278, 0.0052582, 0.0102588, 0.0096278, 0.00962780,buy
2010-02-01,0,2,1,2,1,3,3,4,0,0,2,3,0,3,3,3,2,-0.0028363,-0.0083078,-0.0033306,-0.0031560,-0.00283631,sell
2010-02-02,1,2,0,3,4,2,1,4,2,1,2,3,1,4,4,3,3,-0.0153483, 0.0112468,-0.0132436, 0.0112468, 0.00056105,buy
2010-02-03,1,1,1,5,3,0,2,2,3,1,4,1,1,3,4,3,3,-0.0164546,-0.0197188,-0.0184047,-0.0203060,-0.01564712,sell
2010-02-04,1,0,3,4,3,0,4,3,3,1,4,1,3,4,4,4,2, 0.0224841, 0.0109028, 0.0214976, 0.0166778, 0.02352581,buy
2010-02-05,1,3,1,4,2,0,4,5,3,1,3,2,3,5,5,4,2, 0.0010721, 0.0130354, 0.0010721, 0.0104879, 0.01642681,buy
2010-02-06,1,2,1,3,2,0,3,4,2,2,2,1,3,4,4,4,2,-0.0254234,-0.0121650,-0.0179946,-0.0113023,-0.01863548,sell
2010-02-07,1,1,1,2,2,0,4,1,3,2,2,1,3,3,3,4,1,-0.0141088,-0.0040856,-0.0046192,-0.0040856,-0.00349822,sell
2010-02-08,1,1,0,3,2,0,3,1,4,1,1,1,3,2,2,5,2,-0.0273632,-0.0186680,-0.0186680,-0.0258001,-0.01851932,sell
2010-02-09,3,0,1,3,3,0,4,1,5,2,2,2,4,3,4,5,2,-0.0042434,-0.0042434,-0.0063886,-0.0048385,-0.00424336,sell
2010-02-10,3,1,1,1,3,1,5,4,2,1,3,2,4,4,5,2,2,-0.0036983,-0.0012919,-0.0012919, 0.0044081, 0.00314673,buy
2010-02-11,2,1,2,1,3,1,6,2,2,0,3,1,3,3,6,2,2, 0.0025759, 0.0020933, 0.0059512, 0.0118432, 0.01069113,buy
2010-02-12,3,0,2,0,4,2,7,2,2,0,4,3,2,5,4,2,2, 0.0050231, 0.0050231, 0.0014533, 0.0017958, 0.00440354,buy
2010-02-13,3,0,1,1,4,1,5,2,2,0,3,2,2,4,4,3,1,-0.0070991,-0.0042696,-0.0003219, 0.0026171,-0.00043144,sell
2010-02-14,5,0,1,0,6,1,5,1,3,0,4,3,2,4,4,3,2, 0.0068421, 0.0068421, 0.0069295, 0.0121471, 0.01004638,buy
2010-02-15,4,0,1,1,6,1,4,1,3,0,4,4,1,4,4,2,2, 0.0125442, 0.0134361, 0.0150074, 0.0251046, 0.01526742,buy
2010-02-16,3,0,2,1,4,2,5,1,2,0,3,4,2,3,4,3,1,-0.0031036, 0.0030582, 0.0053213, 0.0046996, 0.00025624,buy
2010-02-17,3,0,1,0,5,1,6,2,2,1,4,3,3,3,3,3,2, 0.0022925, 0.0022925,-0.0001434, 0.0044043, 0.00229251,buy
2010-02-18,2,2,0,0,3,0,3,4,3,0,2,2,3,3,2,2,3,-0.0187661,-0.0194716,-0.0201004,-0.0203038,-0.01429491,sell
2010-02-19,2,0,1,0,4,0,2,4,4,1,3,2,2,3,3,3,2,-0.0131908,-0.0109837,-0.0109837, 0.0061729,-0.01042495,sell
2010-02-20,2,0,1,3,4,0,1,1,4,1,2,2,1,4,5,1,2,-0.0276184,-0.0176513,-0.0123058,-0.0164674,-0.02669508,sell
2010-02-21,2,0,1,3,4,0,0,1,4,1,2,2,1,5,5,1,0,-0.0271606,-0.0199101,-0.0229563,-0.0379871,-0.02684837,sell
2010-02-22,2,1,1,2,4,0,0,2,3,2,3,4,1,4,4,0,1,-0.0215065,-0.0215065,-0.0256600,-0.0179956,-0.01815735,sell
2010-02-23,1,3,1,2,3,0,1,2,2,3,2,4,1,3,5,1,2,-0.0001815,-0.0025711,-0.0006616, 0.0023588,-0.00075912,buy
2010-02-24,2,2,3,3,3,1,2,1,2,2,2,3,3,4,4,3,2,-0.0228373, 0.0053451,-0.0017986,-0.0017986,-0.00179861,sell
2010-02-25,3,0,2,3,3,0,1,1,2,0,2,2,3,3,2,2,1, 0.0079041, 0.0113809, 0.0003723, 0.0107945, 0.01136592,buy
2010-02-26,3,0,1,3,4,0,1,1,3,0,2,2,2,4,2,3,1,-0.0005069,-0.0002483,-0.0047062,-0.0117084,-0.00205188,sell
2010-02-27,2,0,0,3,4,1,2,1,2,0,1,3,2,3,2,3,1, 0.0325366, 0.0313907, 0.0179741,-0.0011620, 0.02954048,buy
2010-02-28,3,0,1,0,3,2,3,1,1,0,2,3,2,1,3,3,0,-0.0042418, 0.0105141, 0.0115809,-0.0035940, 0.01278320,buy
2010-03-01,4,1,0,0,3,3,2,1,2,0,2,3,3,1,3,3,1, 0.0194554, 0.0149120, 0.0166569, 0.0190245, 0.01945545,buy
2010-03-02,4,0,1,2,5,1,1,0,3,1,2,3,5,2,3,3,0, 0.0200557, 0.0227715, 0.0127623, 0.0209173, 0.02631411,buy
2010-03-03,2,0,2,3,5,0,1,0,2,1,2,3,4,1,2,3,1, 0.0193708, 0.0253539, 0.0129982, 0.0190190, 0.02317035,buy
2010-03-04,3,2,4,4,5,0,2,0,3,1,4,5,4,2,3,4,2, 0.0000864, 0.0149081,-0.0006695, 0.0175086,-0.01237982,sell
2010-03-05,3,3,5,3,2,1,1,2,2,1,4,3,4,2,4,4,2, 0.0253217, 0.0279761, 0.0248369, 0.0270504, 0.00920931,buy
2010-03-06,3,1,5,1,1,1,2,0,3,2,4,3,3,2,3,3,1,-0.0126288,-0.0156725,-0.0133521,-0.0127744, 0.00226461,sell
2010-03-07,3,2,2,4,1,1,2,0,1,2,4,4,2,2,2,3,1, 0.0201099, 0.0419426, 0.0308203, 0.0233839, 0.02010986,buy
2010-03-08,3,1,2,3,2,1,1,0,2,4,2,4,3,2,3,3,2, 0.0035247, 0.0041884, 0.0032980, 0.0034589, 0.00345894,buy
2010-03-09,2,1,2,3,2,1,0,1,2,3,3,4,2,2,4,1,1,-0.0400878,-0.0400878,-0.0190440,-0.0444770,-0.01877227,sell
2010-03-10,1,1,2,3,1,2,1,2,3,1,4,4,3,1,3,2,0, 0.0040111, 0.0015590, 0.0084425, 0.0002607, 0.01764032,buy
2010-03-11,1,0,3,2,1,2,2,2,3,1,3,3,2,2,3,3,1, 0.0045845, 0.0077465, 0.0081175, 0.0106236, 0.00799623,buy
2010-03-12,1,0,1,3,1,1,2,3,2,1,2,1,1,3,3,3,2,-0.0265625, 0.0256875,-0.0254917,-0.0072938,-0.01480599,sell
2010-03-13,3,0,1,2,3,1,2,2,2,1,1,1,3,3,4,4,1, 0.0265754, 0.0353554, 0.0199780, 0.0228939,-0.00199716,buy
2010-03-14,3,0,1,2,3,0,4,1,2,1,3,2,4,2,2,3,1,-0.0263046,-0.0320095, 0.0065965,-0.0263046,-0.03709338,sell
2010-03-15,4,0,3,2,1,0,4,1,1,1,3,3,5,1,1,4,0,-0.0258040,-0.0260889,-0.0088960,-0.0251548,-0.02705727,sell
2010-03-16,4,0,4,1,1,2,4,2,1,1,2,3,6,1,3,4,1, 0.0027764, 0.0006891,-0.0152009,-0.0127821, 0.00149459,sell
2010-03-17,3,2,3,1,1,2,4,2,1,2,3,3,5,3,3,3,1,-0.0254171,-0.0276896,-0.0159825,-0.0188193,-0.02514938,sell
2010-03-18,2,3,4,1,2,2,4,2,2,2,3,5,5,3,4,4,0,-0.0198056,-0.0212993,-0.0329008,-0.0181708,-0.01979090,sell
2010-03-19,1,2,4,2,2,2,3,2,2,2,3,4,3,3,5,3,1,-0.0067357,-0.0036460,-0.0023214,-0.0067357,-0.00030560,sell
2010-03-20,1,2,4,3,1,2,3,2,4,2,3,4,4,3,5,3,2, 0.0376896, 0.0450871, 0.0376896, 0.0380957, 0.02341212,buy
2010-03-21,1,3,3,1,2,1,2,3,3,4,3,4,5,4,3,3,1,-0.0031468,-0.0072585,-0.0041752,-0.0045040,-0.01033626,sell
2010-03-22,1,5,3,1,1,1,2,2,2,4,4,3,5,3,3,3,1, 0.0065092,-0.0057102,-0.0078179,-0.0072576,-0.00501136,sell
2010-03-23,0,4,3,2,1,2,2,1,1,3,3,3,4,3,3,3,0, 0.0123339, 0.0160685, 0.0124701, 0.0153430, 0.04417969,buy
2010-03-24,0,5,4,2,3,2,1,1,1,2,3,3,4,5,2,3,1,-0.0043860,-0.0044254,-0.0047207, 0.0003501,-0.00953181,sell
2010-03-25,1,5,3,2,4,1,1,1,2,2,3,4,3,5,3,2,2, 0.0011820,-0.0046918,-0.0040635,-0.0012428,-0.00415923,sell
2010-03-26,0,3,3,3,3,2,2,1,2,1,3,2,2,5,3,3,2,-0.0232195,-0.0159353,-0.0175328,-0.0189194,-0.01840155,sell
2010-03-27,0,2,4,3,2,1,4,0,2,1,2,3,2,5,2,3,2,-0.0355016,-0.0269147,-0.0354554,-0.0313463,-0.03303807,sell
2010-03-28,1,3,2,2,1,2,1,1,2,1,2,2,1,5,1,3,2,-0.0127961, 0.0116387, 0.0116103, 0.0145996, 0.02050217,buy
2010-03-29,2,3,1,1,4,1,2,2,4,3,2,3,4,5,3,4,2, 0.0169232, 0.0084700, 0.0132401, 0.0172870, 0.00417673,buy
2010-03-30,1,0,0,2,3,0,2,2,3,3,3,1,4,3,2,2,1,-0.0105179,-0.0104142,-0.0122815,-0.0031999,-0.01753951,sell
2010-03-31,1,0,1,2,4,1,3,2,4,3,3,2,4,3,4,3,2,-0.0056578,-0.0127022,-0.0094940,-0.0127022,-0.01416510,sell
2010-04-01,1,2,2,2,3,0,2,5,4,3,4,4,4,4,4,3,1, 0.0064571, 0.0064754,-0.0326535,-0.0309353,-0.03151216,sell
2010-04-02,1,1,5,1,4,0,2,4,4,3,5,3,4,5,4,2,2, 0.0088666, 0.0145550, 0.0124027, 0.0084437, 0.01455500,buy
2010-04-03,1,2,3,3,4,0,3,3,3,3,6,4,2,4,4,2,3, 0.0135382, 0.0131433, 0.0094883, 0.0022704, 0.01346036,buy
2010-04-04,1,2,2,3,3,0,1,3,2,5,5,3,2,4,4,2,2,-0.0015863, 0.0014889, 0.0029841,-0.0086658, 0.00530833,buy
2010-04-05,2,2,3,1,3,0,1,4,2,4,4,3,3,5,4,1,2, 0.0267844,-0.0006871, 0.0245113, 0.0193203, 0.02683769,buy
2010-04-06,1,3,2,1,1,0,1,4,2,2,5,2,2,4,2,0,2,-0.0059496, 0.0056511, 0.0058759, 0.0051263,-0.00024616,buy
2010-04-07,1,3,3,1,1,1,3,3,1,3,4,4,1,5,1,2,3, 0.0100087, 0.0079876, 0.0140770, 0.0139060, 0.01031727,buy
2010-04-08,1,2,2,2,1,1,3,5,0,3,5,4,0,6,1,2,2,-0.0016041, 0.0049032, 0.0007647, 0.0007647, 0.00020927,buy
2010-04-09,2,2,2,3,2,0,3,3,0,1,3,2,1,5,3,3,1,-0.0199962,-0.0218054,-0.0167014,-0.0215678,-0.02180574,sell
2010-04-10,2,2,1,2,3,0,2,2,2,1,2,3,1,4,2,3,2,-0.0165341,-0.0199035,-0.0176117,-0.0168843,-0.01303246,sell
2010-04-11,2,2,1,3,1,0,1,2,1,1,3,3,0,3,1,2,2, 0.0012312,-0.0107015, 0.0087546,-0.0016912, 0.00099429,sell
2010-04-12,3,2,1,4,1,1,2,3,0,2,3,4,1,3,3,3,2, 0.0138633, 0.0218185, 0.0162089, 0.0229332, 0.02025518,buy
2010-04-13,1,2,1,3,1,0,3,3,1,1,4,2,1,3,2,2,2, 0.0065745, 0.0139511, 0.0066952, 0.0066952, 0.00912333,buy
2010-04-14,1,3,0,4,2,0,5,2,3,0,4,2,2,3,3,4,2,-0.0138651,-0.0084604,-0.0084604,-0.0019193,-0.00758054,sell
2010-04-15,0,1,1,5,3,0,2,3,3,1,3,2,2,3,5,4,0, 0.0082594, 0.0081313,-0.0000941, 0.0082594, 0.00031821,buy
2010-04-16,1,1,1,5,2,0,1,2,4,1,3,1,2,3,4,4,1,-0.0082982,-0.0079469,-0.0070787,-0.0087675,-0.00794688,sell
2010-04-17,0,2,1,3,3,0,1,1,4,1,2,2,3,3,3,3,0, 0.0003375,-0.0048512,-0.0062350,-0.0082405,-0.00623498,sell
2010-04-18,0,3,0,3,2,0,2,2,3,2,3,4,2,2,3,2,1, 0.0028399, 0.0031020, 0.0037267, 0.0028399,-0.01090532,sell
2010-04-19,0,2,1,3,2,1,3,3,2,5,4,4,3,3,3,3,2,-0.0332691,-0.0341475,-0.0311772,-0.0246568,-0.02286598,sell
2010-04-20,0,2,3,4,2,1,2,2,3,2,4,2,3,4,3,4,1,-0.0074607, 0.0019864,-0.0050795,-0.0059784, 0.00198644,sell
2010-04-21,1,0,4,3,4,0,1,1,5,2,4,2,3,3,4,4,1,-0.0074589,-0.0264723,-0.0266269,-0.0264723,-0.02647226,sell
2010-04-22,1,0,2,5,4,0,1,2,2,2,3,2,2,4,4,4,0,-0.0101139, 0.0022639,-0.0100327,-0.0101139,-0.01022384,sell
2010-04-23,0,0,3,4,3,1,1,3,1,3,4,1,2,3,4,4,1, 0.0058578, 0.0114293,-0.0000538, 0.0023662, 0.00801739,buy
2010-04-24,0,1,3,3,0,0,1,4,1,3,3,2,1,2,3,3,2,-0.0001543, 0.0109780, 0.0001591, 0.0050345, 0.01518385,buy
2010-04-25,1,1,4,3,1,2,0,5,1,4,4,3,2,4,4,4,1, 0.0213956, 0.0090499, 0.0108844, 0.0169836, 0.02567335,buy
2010-04-26,1,0,4,5,2,1,0,4,2,4,3,3,3,4,4,4,2, 0.0145135, 0.0123161, 0.0152609, 0.0148956, 0.01256497,buy
2010-04-27,0,0,4,4,4,0,1,3,1,3,4,2,3,3,3,3,2, 0.0216294, 0.0216294, 0.0189309, 0.0195625, 0.02153792,buy
2010-04-28,0,1,4,4,3,0,2,4,1,4,4,3,3,4,4,3,2, 0.0139454, 0.0115801, 0.0076523, 0.0011711, 0.01071142,buy
2010-04-29,0,2,4,3,1,0,1,5,1,4,4,4,2,4,3,3,1, 0.0367433, 0.0428027, 0.0413130, 0.0393687, 0.04034725,buy
2010-04-30,0,2,5,3,1,1,2,4,1,3,5,4,1,4,3,3,2, 0.0049278,-0.0063052, 0.0000807,-0.0117326,-0.00537300,sell
2010-05-01,0,3,2,4,1,1,1,4,0,4,5,3,1,2,3,4,2,-0.0122140,-0.0055114,-0.0064960,-0.0058738,-0.00330539,sell
2010-05-02,1,1,1,4,2,0,1,4,2,4,4,3,2,3,3,3,2, 0.0004379, 0.0024212, 0.0024332, 0.0000609, 0.00464905,buy
2010-05-03,1,2,1,2,2,0,1,5,1,1,2,3,2,2,3,2,2, 0.0116187, 0.0149696, 0.0146185, 0.0099821, 0.00706917,buy
2010-05-04,0,3,2,3,0,0,1,2,3,1,1,3,2,1,4,3,1, 0.0003304, 0.0230970, 0.0204219, 0.0001564, 0.02158931,buy
2010-05-05,0,3,3,3,0,1,2,4,2,1,1,4,2,2,5,4,1,-0.0071795,-0.0071082,-0.0072991,-0.0147599,-0.00556052,sell
2010-05-06,1,3,2,4,1,1,1,5,1,1,2,4,2,3,5,3,1, 0.0014956,-0.0027985,-0.0054710,-0.0050270, 0.00151903,sell
2010-05-07,1,4,1,3,1,0,3,3,2,1,1,3,2,3,4,4,2,-0.0040717,-0.0004965, 0.0148138, 0.0020169,-0.00006216,buy
2010-05-08,0,3,1,2,1,0,1,3,2,2,0,4,1,3,2,3,2, 0.0086073, 0.0125427, 0.0099458, 0.0086073, 0.00229731,buy
2010-05-09,2,2,1,4,1,1,2,3,1,3,1,5,1,4,3,4,2, 0.0112477, 0.0052557, 0.0071920, 0.0119782, 0.00841154,buy
2010-05-10,1,2,2,4,0,1,2,3,1,2,0,5,2,4,3,3,1,-0.0032582,-0.0036278,-0.0034611,-0.0144469, 0.00018184,sell
2010-05-11,0,3,2,3,1,0,3,3,3,1,1,4,2,4,3,3,2,-0.0020145,-0.0026992,-0.0026992,-0.0009587, 0.00359395,sell
2010-05-12,0,2,2,3,1,0,3,3,3,2,4,4,1,4,1,3,2,-0.0087116,-0.0079822,-0.0081699,-0.0086371,-0.00861379,sell
2010-05-13,0,1,3,5,0,0,2,4,2,3,3,4,0,5,2,3,3, 0.0040635,-0.0055131, 0.0028866, 0.0093177, 0.00291064,buy
2010-05-14,0,1,4,4,1,0,2,0,3,6,3,3,3,5,3,3,1, 0.0260724, 0.0279292, 0.0333500, 0.0382642, 0.03489629,buy
2010-05-15,0,3,3,1,1,0,1,0,2,4,2,2,3,3,3,2,0, 0.0040524, 0.0064583, 0.0040334, 0.0042612, 0.00405235,buy
2010-05-16,1,1,4,1,0,1,1,1,3,7,3,3,3,3,3,4,1,-0.0043719,-0.0014566,-0.0096789,-0.0002956, 0.00151756,sell
2010-05-17,0,3,4,2,0,1,1,1,2,5,3,3,4,3,2,4,0, 0.0477943, 0.0439007, 0.0477943, 0.0444810, 0.05562116,buy
2010-05-18,0,1,5,2,2,0,2,0,3,4,3,2,4,3,3,3,1, 0.0409367, 0.0409367, 0.0419747, 0.0417518, 0.04093675,buy
2010-05-19,0,1,5,3,2,0,1,2,3,4,4,1,3,3,4,4,2, 0.0453624, 0.0312405, 0.0329785, 0.0337149, 0.03854211,buy
2010-05-20,1,1,3,4,2,2,1,2,3,4,4,2,3,4,4,4,2,-0.0080663,-0.0110342,-0.0120858,-0.0003735, 0.00143288,sell
2010-05-21,0,1,4,1,2,2,1,0,3,4,3,1,3,4,3,3,1,-0.0277189, 0.0032619,-0.0054164,-0.0000922,-0.00699245,sell
2010-05-22,1,2,3,1,2,3,1,1,3,4,3,3,3,5,3,3,1, 0.0084299, 0.0151279,-0.0063425, 0.0156430, 0.02343457,buy
2010-05-23,1,1,3,2,2,3,0,2,3,4,2,3,4,5,2,3,2, 0.0066610, 0.0210208, 0.0122949, 0.0232824, 0.02140127,buy
2010-05-24,0,2,3,2,2,1,1,1,3,2,1,3,3,4,2,2,2, 0.0098998, 0.0181067, 0.0134689, 0.0049494, 0.01284266,buy
2010-05-25,0,1,3,3,3,2,1,3,4,0,3,3,2,5,3,2,2, 0.0024203,-0.0005651,-0.0022013,-0.0026191,-0.00283077,sell
2010-05-26,0,3,2,5,1,2,1,4,1,1,3,3,2,5,3,1,3, 0.0011634,-0.0124539,-0.0039596,-0.0063379,-0.01835601,sell
2010-05-27,0,4,2,2,3,2,2,4,2,2,4,4,2,4,3,3,3,-0.0090597,-0.0105408,-0.0121086,-0.0113071,-0.01054081,sell
2010-05-28,0,6,0,2,3,2,2,3,1,0,4,3,2,3,2,3,2, 0.0171776, 0.0075340, 0.0068519, 0.0073332, 0.00633484,buy
2010-05-29,1,5,1,2,2,1,1,3,2,3,4,3,4,2,3,4,1, 0.0127465, 0.0078372, 0.0050090, 0.0101164, 0.00264865,buy
2010-05-30,1,5,0,3,3,2,1,4,1,3,4,3,4,2,4,4,2,-0.0136806,-0.0212625,-0.0419247,-0.0105912,-0.01244783,sell
2010-05-31,0,4,1,4,3,2,2,4,3,0,4,4,5,1,3,4,2, 0.0032524, 0.0058773, 0.0052633, 0.0034324, 0.00415998,buy
2010-06-01,0,5,1,4,3,1,3,3,3,0,4,3,4,2,5,4,1, 0.0017787, 0.0147819, 0.0010477,-0.0004157, 0.00838534,buy
2010-06-02,0,5,0,3,3,1,1,6,1,0,4,2,3,2,3,4,2, 0.0137671, 0.0104103, 0.0091081, 0.0037184, 0.02184829,buy
2010-06-03,1,3,0,3,3,2,3,3,2,0,2,2,4,3,3,4,2,-0.0026663,-0.0020502, 0.0019197,-0.0051610,-0.00195169,sell
2010-06-04,1,2,1,2,2,2,3,0,2,0,2,1,3,2,2,2,3, 0.0021162,-0.0125064,-0.0000185,-0.0052912,-0.00092306,sell
2010-06-05,2,2,2,1,3,2,2,0,1,0,2,1,3,1,4,2,2,-0.0029839, 0.0013586, 0.0031932, 0.0031932, 0.00462361,buy
2010-06-06,2,3,2,1,3,2,2,0,1,2,2,1,4,3,4,2,2, 0.0103791, 0.0187483, 0.0187483, 0.0216218, 0.02339520,buy
2010-06-07,0,3,2,1,2,1,1,1,3,4,2,2,3,3,3,2,3, 0.0196711, 0.0196711, 0.0106014,-0.0067736, 0.01654558,buy
2010-06-08,0,1,4,0,3,1,3,0,4,3,3,2,3,2,4,3,2, 0.0203897, 0.0203897, 0.0425569, 0.0203897, 0.02365028,buy
2010-06-09,0,2,4,2,3,1,1,2,3,2,3,3,3,3,5,3,0, 0.0083889, 0.0135848, 0.0096738, 0.0035623, 0.01445335,buy
2010-06-10,0,1,5,1,4,1,1,2,6,4,5,3,4,3,4,5,1,-0.0031019,-0.0076249, 0.0020257, 0.0037764, 0.00275862,buy
2010-06-11,0,2,5,0,5,1,0,1,5,4,4,2,5,3,4,4,1, 0.0093219, 0.0078955, 0.0076103, 0.0076103, 0.00663152,buy
2010-06-12,0,2,4,0,4,1,1,1,3,5,4,1,5,2,3,4,2, 0.0293178, 0.0298952, 0.0302501, 0.0334262, 0.02020715,buy
2010-06-13,0,2,4,1,4,2,1,0,3,4,5,2,4,3,2,4,1, 0.0236511, 0.0197602, 0.0244736, 0.0197602, 0.01780963,buy
2010-06-14,1,3,6,1,6,1,1,1,2,2,4,3,6,3,3,4,1, 0.0146213, 0.0146213, 0.0113611, 0.0101969, 0.01064494,buy
2010-06-15,1,1,6,1,6,0,2,1,2,2,3,3,4,3,4,4,1, 0.0181512, 0.0161788, 0.0017099, 0.0070462, 0.01443525,buy
2010-06-16,0,2,4,3,3,1,2,1,1,2,3,1,4,3,5,3,0,-0.0089440,-0.0178748,-0.0151920,-0.0129899,-0.01520077,sell
2010-06-17,1,2,5,0,4,1,3,0,0,3,4,2,3,3,3,3,1,-0.0192033,-0.0233698,-0.0316074,-0.0282823,-0.02782404,sell
2010-06-18,1,3,4,0,1,0,1,1,0,3,2,1,2,3,3,2,1, 0.0333987, 0.0091299, 0.0247351, 0.0259108, 0.03420534,buy
2010-06-19,1,2,4,0,2,2,2,1,1,4,3,2,2,4,3,3,2, 0.0056666, 0.0011537, 0.0046852, 0.0063695, 0.00552898,buy
2010-06-20,0,1,3,1,1,1,2,2,1,4,2,3,2,4,2,1,2, 0.0258455, 0.0173553, 0.0225165, 0.0096792, 0.02448796,buy
2010-06-21,0,0,3,0,3,1,2,2,2,4,2,3,2,4,2,2,2, 0.0140209, 0.0193804, 0.0142464,-0.0107891, 0.01407778,buy
2010-06-22,0,2,3,2,0,1,1,4,2,5,2,2,3,4,4,2,3,-0.0032879, 0.0054248,-0.0112073, 0.0025167,-0.00313830,sell
2010-06-23,0,1,5,1,0,1,2,3,1,6,3,1,3,4,4,3,2, 0.0089539, 0.0094543, 0.0146110, 0.0074763, 0.00811730,buy
2010-06-24,0,2,6,1,0,1,2,2,0,8,4,2,3,3,3,5,2,-0.0000837,-0.0011089,-0.0053370,-0.0013627,-0.00008368,sell
2010-06-25,0,3,3,3,0,2,1,2,1,9,5,2,3,2,4,5,3,-0.0030440, 0.0066538, 0.0048297, 0.0118461, 0.00399850,buy
2010-06-26,1,1,2,3,1,2,1,3,1,8,4,2,3,3,4,4,3,-0.0187758,-0.0191079,-0.0160800,-0.0176249,-0.01899245,sell
2010-06-27,0,1,2,4,1,2,1,3,0,5,3,3,2,3,3,3,2,-0.0303679,-0.0083324,-0.0091329,-0.0179392,-0.00724785,sell
2010-06-28,0,0,1,4,0,2,2,1,2,2,4,1,1,4,2,2,0,-0.0069532,-0.0039002,-0.0071248,-0.0047835,-0.00116600,sell
2010-06-29,0,1,0,5,1,3,1,4,2,1,4,2,1,5,2,3,1, 0.0145102,-0.0189684,-0.0108865, 0.0112753, 0.00879237,buy
2010-06-30,1,2,0,5,1,2,2,3,2,0,4,2,2,3,2,4,1,-0.0143350,-0.0177897,-0.0065175,-0.0158534,-0.01778967,sell
2010-07-01,1,3,0,5,1,1,2,0,3,0,3,3,3,2,1,4,0, 0.0079551,-0.0041072,-0.0038984,-0.0038984,-0.00410722,sell
2010-07-02,0,3,0,4,1,1,0,0,2,0,2,3,2,1,0,2,1, 0.0157518, 0.0157518, 0.0121285, 0.0157518, 0.01966711,buy
2010-07-03,2,4,0,5,1,1,1,0,2,1,4,2,3,2,1,3,2,-0.0028828,-0.0033509,-0.0101112,-0.0030281,-0.01697872,sell
2010-07-04,2,4,0,3,1,1,1,1,2,1,3,3,3,3,0,2,2,-0.0234722,-0.0028664, 0.0074962,-0.0019134,-0.00351158,sell
2010-07-05,0,3,2,2,2,1,3,1,2,0,2,3,4,2,1,2,2, 0.0242640, 0.0237829, 0.0221239, 0.0222319, 0.02255415,buy
2010-07-06,0,3,3,3,2,1,4,1,2,0,2,3,4,1,3,3,3,-0.0093331, 0.0012064,-0.0034208,-0.0036137, 0.00011028,sell
2010-07-07,0,4,3,3,2,1,2,2,2,2,2,2,4,2,4,4,3, 0.0123124,-0.0109775,-0.0015632,-0.0058241,-0.00325907,sell
2010-07-08,0,5,3,1,3,1,2,1,4,2,3,3,5,2,3,4,2, 0.0082492, 0.0159782, 0.0161406, 0.0140197, 0.01486173,buy
2010-07-09,0,5,3,1,4,1,2,1,2,1,3,3,4,3,3,3,1, 0.0018832, 0.0019192, 0.0018832,-0.0015209, 0.00188321,sell
2010-07-10,0,2,4,0,4,2,2,1,3,4,4,3,3,4,3,3,2, 0.0071509, 0.0069417, 0.0108369, 0.0064673, 0.01011875,buy
2010-07-11,0,4,3,1,3,2,2,2,3,1,5,3,2,4,2,3,2, 0.0075237, 0.0040390, 0.0053472, 0.0014951, 0.00128582,buy
2010-07-12,0,2,5,0,5,1,3,2,3,0,4,4,2,4,2,3,2, 0.0086235, 0.0116229, 0.0117268, 0.0110023, 0.01056204,buy
2010-07-13,0,1,3,3,4,1,3,3,1,0,4,4,1,5,2,2,1, 0.0044491, 0.0015370, 0.0007325, 0.0018535, 0.00181505,buy
2010-07-14,1,1,3,2,4,1,2,1,1,0,4,3,1,4,1,2,1, 0.0003875, 0.0027189, 0.0021462, 0.0020219, 0.00463619,buy
2010-07-15,2,2,2,0,2,0,0,2,1,0,2,3,0,4,1,0,1,-0.0159303,-0.0324845,-0.0116942,-0.0156191,-0.00326411,sell
2010-07-16,2,2,1,1,3,2,1,1,1,1,2,2,2,4,2,2,1,-0.0002380,-0.0073983,-0.0151655,-0.0002380,-0.00023801,sell
2010-07-17,0,1,1,4,2,1,2,1,1,1,3,2,2,4,1,1,1,-0.0080857,-0.0077713,-0.0092914,-0.0092914,-0.00063552,sell
2010-07-18,0,1,3,3,3,0,2,2,3,0,2,2,2,4,3,3,1,-0.0051638,-0.0009103,-0.0011241, 0.0001919,-0.00022971,sell
2010-07-19,0,2,1,5,3,0,1,4,4,0,3,2,2,4,4,4,1,-0.0085741,-0.0012874,-0.0407029,-0.0154664,-0.02325666,sell
2010-07-20,0,2,3,5,2,0,1,3,4,1,3,2,4,4,4,4,0, 0.0086496,-0.0153590,-0.0216828,-0.0162745,-0.01508943,sell
2010-07-21,1,0,4,2,2,0,2,0,3,2,3,2,3,2,3,2,1, 0.0284365, 0.0305191, 0.0394789, 0.0305191, 0.02892578,buy
2010-07-22,1,3,2,2,3,1,1,0,3,2,3,3,3,2,2,3,2, 0.0035601,-0.0106033,-0.0149173,-0.0080506,-0.01531246,sell
2010-07-23,2,2,2,0,3,2,1,0,2,4,2,3,4,2,3,3,1, 0.0069320,-0.0023869,-0.0025752, 0.0137197,-0.00325322,buy
2010-07-24,2,2,3,0,3,2,1,1,1,1,2,2,4,2,3,2,1,-0.0030512, 0.0159276,-0.0047307, 0.0124843,-0.00305115,sell
2010-07-25,1,1,5,1,4,2,4,0,3,0,2,2,4,3,4,4,2, 0.0429016, 0.0279616, 0.0269710, 0.0279472, 0.04302453,buy
2010-07-26,1,1,5,3,3,2,3,1,3,0,2,3,2,4,5,5,1, 0.0289092,-0.0088731, 0.0127713, 0.0176530, 0.00092355,buy
2010-07-27,2,1,3,2,6,3,2,3,1,1,4,3,3,5,4,4,1, 0.0088878,-0.0023036, 0.0026210, 0.0108988, 0.00497913,buy
2010-07-28,2,1,3,0,6,3,4,0,1,1,4,2,3,5,3,4,0,-0.0110575,-0.0111892,-0.0043467,-0.0113695,-0.01147311,sell
2010-07-29,1,1,2,0,4,4,2,0,0,1,3,1,2,4,2,2,1, 0.0065647, 0.0070814, 0.0169467, 0.0414596, 0.00580129,buy
2010-07-30,3,1,2,0,4,6,3,0,0,2,4,2,3,5,3,3,1, 0.0005482,-0.0025810, 0.0051889, 0.0229698, 0.00020840,buy
2010-07-31,3,2,2,0,3,4,3,1,0,2,4,2,3,5,3,3,0,-0.0052484,-0.0128746,-0.0114101,-0.0059226,-0.00519062,sell
2010-08-01,1,2,1,0,4,2,0,1,1,1,2,0,4,4,1,1,1, 0.0003817, 0.0083405,-0.0129739, 0.0014247,-0.00383132,sell
2010-08-02,1,0,2,1,5,3,2,0,1,1,3,1,2,3,2,3,2,-0.0267010,-0.0259912,-0.0377431,-0.0246485,-0.02974450,sell
2010-08-03,2,0,2,5,1,3,0,2,0,1,2,1,1,4,3,4,1,-0.0084460,-0.0101069,-0.0150700,-0.0102122,-0.00699109,sell
2010-08-04,2,0,3,3,2,3,0,2,2,2,3,2,2,3,4,4,1,-0.0153171,-0.0087366,-0.0087366, 0.0105978, 0.01367116,buy
2010-08-05,2,3,2,1,2,4,0,1,2,2,3,1,2,3,5,4,1, 0.0038112,-0.0050407,-0.0015373, 0.0022655, 0.00381120,buy
2010-08-06,2,3,1,3,1,5,0,1,0,7,4,2,2,4,5,4,2,-0.0054174,-0.0049142,-0.0008185,-0.0021390,-0.00491419,sell
2010-08-07,3,2,1,4,1,5,0,1,0,7,5,2,3,4,4,5,1,-0.0083206,-0.0086665,-0.0067363,-0.0074879,-0.00967559,sell
2010-08-08,3,2,2,4,3,3,0,1,2,2,5,1,3,4,4,4,1, 0.0176242,-0.0076581, 0.0150530, 0.0150800, 0.00878852,buy
2010-08-09,3,0,2,6,2,3,0,3,3,2,5,2,1,5,5,4,2, 0.0351871, 0.0370228, 0.0346795, 0.0374865, 0.03702285,buy
2010-08-10,2,0,1,6,2,4,2,4,0,2,5,2,1,5,4,4,2, 0.0368665, 0.0294992, 0.0446146, 0.0397181, 0.02949925,buy
2010-08-11,2,0,1,3,2,4,3,2,0,2,4,3,1,4,3,3,1,-0.0112153,-0.0047053,-0.0053402, 0.0002875, 0.00368249,sell
2010-08-12,3,2,0,3,1,4,0,2,0,3,3,2,2,6,3,2,0,-0.0097131,-0.0097131,-0.0097131, 0.0078896, 0.00759488,sell
2010-08-13,5,1,0,4,1,3,0,2,0,2,3,3,3,4,3,1,1,-0.0221641,-0.0240568,-0.0167586,-0.0032900,-0.01614575,sell
2010-08-14,2,1,1,4,2,1,1,2,1,1,3,2,3,4,3,1,0, 0.0370456, 0.0361979, 0.0432711, 0.0466747, 0.03528778,buy
2010-08-15,1,2,1,3,2,1,3,1,1,1,1,3,5,3,1,2,1, 0.0021997, 0.0032263, 0.0100997, 0.0091025, 0.00068594,buy
2010-08-16,1,2,1,4,0,1,1,5,0,1,1,4,5,2,1,2,1,-0.0146031,-0.0152775,-0.0146031,-0.0217173,-0.00190085,sell
2010-08-17,1,1,2,2,0,1,1,3,3,1,1,4,4,2,1,1,2,-0.0083547,-0.0028941, 0.0034908,-0.0046695,-0.00092465,sell
2010-08-18,1,3,0,2,1,1,0,1,2,0,1,3,3,1,0,2,1, 0.0046763, 0.0041680, 0.0046869, 0.0058211, 0.00416800,buy
2010-08-19,2,2,0,2,1,1,0,1,1,3,2,2,4,2,1,2,0,-0.0199476,-0.0184233,-0.0197576,-0.0199476,-0.02363277,sell
2010-08-20,2,2,0,2,1,1,0,2,0,4,1,3,4,2,2,1,1,-0.0063439,-0.0048949,-0.0082792,-0.0057944,-0.00010364,sell
2010-08-21,1,4,2,2,2,1,1,1,2,2,2,4,4,2,2,2,2, 0.0022392,-0.0116329,-0.0149982,-0.0120385,-0.01111933,sell
2010-08-22,1,3,3,2,2,1,5,1,2,0,2,5,4,3,2,2,2,-0.0103191, 0.0028649, 0.0008229,-0.0052630,-0.00784669,sell
2010-08-23,2,1,3,3,2,1,3,4,0,0,2,4,4,3,2,2,2, 0.0166073, 0.0128022, 0.0177629, 0.0189241, 0.01998442,buy
2010-08-24,2,1,1,3,3,1,5,1,1,0,2,4,3,3,2,2,2, 0.0260647, 0.0078172, 0.0110592, 0.0057377, 0.02308629,buy
2010-08-25,1,1,1,2,5,1,4,1,1,0,2,5,1,3,2,1,3, 0.0101315,-0.0005607,-0.0074217, 0.0003789, 0.00783040,buy
2010-08-26,3,1,1,0,4,0,4,1,0,1,2,4,1,3,1,2,2, 0.0136831, 0.0120266, 0.0089392, 0.0147591, 0.01127015,buy
2010-08-27,3,1,1,0,1,1,4,2,0,1,2,3,2,3,2,1,1, 0.0125149, 0.0120991,-0.0030677, 0.0031553, 0.01187831,buy
2010-08-28,1,2,1,0,1,2,3,2,0,0,1,4,1,3,1,0,2,-0.0207893,-0.0161294,-0.0150093,-0.0300654,-0.01342177,sell
2010-08-29,1,1,2,0,1,2,4,1,1,0,1,4,1,3,2,1,1,-0.0163236,-0.0169347,-0.0153609,-0.0356618,-0.01564761,sell
2010-08-30,1,0,3,2,2,0,2,3,0,0,2,3,1,3,3,1,0, 0.0075294, 0.0052297,-0.0018665,-0.0116697,-0.00186648,sell
2010-08-31,1,0,3,2,3,0,1,3,2,1,2,3,2,3,3,2,1, 0.0164459, 0.0169987, 0.0130287, 0.0207668, 0.01261145,buy
2010-09-01,1,1,2,2,1,0,0,2,2,1,1,3,3,1,1,1,2,-0.0039117, 0.0065338, 0.0204785,-0.0044174, 0.00403694,buy
2010-09-02,1,2,5,1,1,0,0,2,0,1,0,3,4,0,1,2,3, 0.0274207, 0.0251310, 0.0251104, 0.0252827, 0.00359017,buy
2010-09-03,1,3,5,1,1,1,0,3,0,3,1,5,4,1,1,3,3, 0.0139756, 0.0095225, 0.0173141, 0.0088558, 0.01161286,buy
2010-09-04,1,4,2,1,3,0,0,3,0,2,2,5,4,0,0,2,3, 0.0087195,-0.0181406,-0.0048378,-0.0048378, 0.00030238,buy
2010-09-05,1,0,4,0,4,0,1,3,1,2,2,4,3,1,2,2,2, 0.0268506, 0.0313600, 0.0250280, 0.0286098, 0.01115703,buy
2010-09-06,1,0,2,3,2,1,1,2,1,0,2,3,3,1,2,2,0,-0.0012959, 0.0119819, 0.0075169, 0.0007272, 0.02089234,buy
2010-09-07,1,0,4,0,5,1,2,3,3,0,2,4,3,3,3,3,1, 0.0005251, 0.0137518, 0.0044187, 0.0173699, 0.01030489,buy
2010-09-08,1,2,3,0,5,0,2,3,1,0,2,4,3,4,1,2,1, 0.0195020, 0.0322894, 0.0271230, 0.0375952, 0.02037864,buy
2010-09-09,2,1,3,1,5,2,3,0,1,1,3,2,4,4,2,3,1,-0.0156467,-0.0157953,-0.0128555,-0.0101038,-0.01250511,sell
2010-09-10,3,1,4,1,4,0,2,0,2,0,2,2,4,3,3,2,1, 0.0079326, 0.0066100,-0.0099816, 0.0134873, 0.00567196,buy
2010-09-11,3,1,3,0,6,0,3,0,3,0,3,2,2,4,3,3,2,-0.0101263,-0.0103019,-0.0146113, 0.0075525,-0.01252584,sell
2010-09-12,1,2,2,2,4,0,3,2,2,1,3,1,3,4,4,3,1,-0.0016583,-0.0054018, 0.0002278,-0.0029633,-0.00171369,sell
2010-09-13,1,1,4,0,3,0,5,1,4,1,3,2,2,5,4,2,2, 0.0019107, 0.0019107, 0.0019107, 0.0016839,-0.00071641,buy
2010-09-14,1,3,2,0,2,0,4,2,4,0,2,2,1,5,3,2,3,-0.0213408,-0.0157930,-0.0176494,-0.0166154,-0.01579302,sell
2010-09-15,2,3,2,0,3,0,2,1,6,3,3,2,3,5,3,3,3, 0.0169329, 0.0099110, 0.0162779, 0.0135352,-0.00412269,buy
2010-09-16,2,1,2,0,3,1,2,1,5,3,2,2,3,5,3,3,2, 0.0036496, 0.0024930, 0.0023675, 0.0110700,-0.00584741,buy
2010-09-17,1,1,2,0,3,2,3,1,5,0,3,1,4,3,3,3,1,-0.0031287, 0.0032176, 0.0032176, 0.0072685,-0.01070190,sell
2010-09-18,1,0,2,0,3,2,5,0,5,2,3,2,2,4,4,3,2,-0.0032078,-0.0017810, 0.0021106,-0.0019663, 0.00223927,sell
2010-09-19,1,2,1,1,3,2,3,3,2,1,3,2,1,2,5,3,3,-0.0121481,-0.0115364,-0.0119285,-0.0163835,-0.01532745,sell
2010-09-20,2,2,1,1,1,2,5,1,3,1,2,3,2,4,4,2,2, 0.0443329, 0.0526738, 0.0457798, 0.0539765, 0.04987849,buy
2010-09-21,1,0,2,0,2,2,5,0,3,1,2,2,1,3,4,2,2, 0.0345786, 0.0569817, 0.0711853, 0.0366594, 0.03724159,buy
2010-09-22,3,0,0,2,1,2,3,0,2,1,2,2,2,2,2,2,2, 0.0001016,-0.0045857,-0.0038715, 0.0033734,-0.01585693,sell
2010-09-23,3,1,0,3,3,3,3,0,2,2,3,2,3,3,3,3,3,-0.0215707,-0.0355003,-0.0318778,-0.0299892,-0.03322792,sell
2010-09-24,1,2,0,2,2,3,2,1,1,2,2,2,2,4,3,2,1,-0.0239433,-0.0248035,-0.0191526,-0.0197378,-0.01991948,sell
2010-09-25,2,3,1,2,0,2,4,0,2,1,3,1,2,5,3,3,0,-0.0054293,-0.0066199,-0.0000541,-0.0021125, 0.00692768,sell
2010-09-26,2,2,1,2,1,3,3,2,0,1,2,2,1,3,4,4,1, 0.0033423, 0.0007427, 0.0016561, 0.0024708, 0.00329771,buy
2010-09-27,2,2,0,5,0,1,2,3,2,2,4,2,2,3,4,3,1, 0.0015155, 0.0015149, 0.0021839, 0.0015149, 0.00284298,buy
2010-09-28,2,4,1,4,3,0,3,1,2,2,3,4,4,3,4,3,1, 0.0312252, 0.0050617,-0.0103677,-0.0001643,-0.00372699,buy
2010-09-29,2,5,2,5,3,2,2,2,0,1,3,5,5,2,4,3,2,-0.0027243,-0.0033482,-0.0033504,-0.0041249,-0.00018977,sell
2010-09-30,2,4,1,7,1,3,2,2,0,4,4,4,5,3,4,4,2, 0.0093361, 0.0022399, 0.0084126, 0.0014739, 0.00779558,buy
2010-10-01,2,4,2,6,1,3,2,2,0,2,4,4,5,2,3,4,2, 0.0047739,-0.0025445, 0.0089210, 0.0045863, 0.00383820,buy
2010-10-02,2,4,2,5,3,2,2,2,0,1,4,4,5,2,2,4,2,-0.0030784,-0.0056409,-0.0202985,-0.0039473, 0.00904284,sell
2010-10-03,2,3,0,8,2,2,1,2,1,3,4,4,4,3,2,4,3,-0.0028485,-0.0064744,-0.0001695, 0.0010828,-0.00501617,sell
2010-10-04,2,2,1,6,2,3,1,3,0,3,4,4,4,3,2,4,2, 0.0020233,-0.0012865, 0.0013623, 0.0085519, 0.00468125,buy
2010-10-05,3,3,1,5,0,1,2,2,2,1,2,4,3,4,3,3,1,-0.0133895,-0.0135198, 0.0102362,-0.0109031,-0.00979633,sell
2010-10-06,3,3,0,5,1,2,1,3,1,2,3,4,4,4,2,3,1, 0.0019938,-0.0102830,-0.0102830, 0.0043928, 0.00602529,buy
2010-10-07,3,2,0,7,0,1,3,2,0,2,2,4,5,3,2,3,1,-0.0243094,-0.0320452,-0.0249301,-0.0243043,-0.00536421,sell
2010-10-08,2,2,1,5,2,0,3,1,1,1,2,3,5,3,1,3,1,-0.0307359,-0.0162842,-0.0127176,-0.0169486,-0.01112178,sell
2010-10-09,4,3,0,6,0,0,3,2,1,0,2,3,4,3,2,3,2, 0.0016578,-0.0040765, 0.0016170, 0.0092663, 0.00110612,buy
2010-10-10,4,3,2,3,0,0,3,3,0,1,2,3,5,3,2,2,2, 0.0068286, 0.0001670, 0.0025272, 0.0036420, 0.00977643,buy
2010-10-11,2,3,1,3,0,0,6,1,1,1,2,3,3,2,3,3,2, 0.0072846, 0.0136463, 0.0111625, 0.0182510, 0.02061921,buy
2010-10-12,0,3,0,3,0,0,6,2,1,2,3,3,3,1,1,3,3, 0.0332561, 0.0355187, 0.0065243, 0.0272437, 0.03373614,buy
2010-10-13,1,1,0,2,0,0,4,4,2,3,2,3,3,2,2,2,3, 0.0243013, 0.0015924, 0.0214370, 0.0214137, 0.02444490,buy
2010-10-14,0,2,2,2,1,0,4,3,3,1,4,3,4,1,4,1,1, 0.0055461, 0.0153084,-0.0019098,-0.0012588,-0.00225865,sell
2010-10-15,0,2,3,2,2,0,5,2,3,1,5,3,5,2,3,2,0,-0.0027114,-0.0067459,-0.0080294,-0.0041548,-0.00415480,sell
2010-10-16,0,1,4,2,2,0,4,5,0,2,5,2,4,3,3,2,1,-0.0110886,-0.0164823,-0.0316308,-0.0229055,-0.02329185,sell
2010-10-17,1,2,4,3,4,0,5,3,0,2,5,3,5,2,3,5,1, 0.0042265, 0.0016140, 0.0042265, 0.0218571,-0.00518205,buy
2010-10-18,1,2,5,3,5,0,5,1,1,1,5,3,5,1,4,5,1,-0.0027038,-0.0045756,-0.0062752,-0.0057961,-0.00107045,sell
2010-10-19,1,1,6,3,5,0,3,1,0,1,5,3,4,0,3,4,2, 0.0050743, 0.0059687,-0.0017738,-0.0017738, 0.00556815,buy
2010-10-20,2,1,5,3,4,0,3,1,1,2,5,2,5,2,2,5,1, 0.0010820,-0.0045896,-0.0040825, 0.0009893, 0.00173087,sell
2010-10-21,0,2,4,3,4,1,2,2,1,2,3,2,5,3,3,4,1,-0.0032979,-0.0240274,-0.0144048,-0.0266746,-0.02550623,sell
2010-10-22,0,2,4,2,3,0,4,1,3,1,4,2,4,4,2,4,0, 0.0136741, 0.0164518, 0.0153526, 0.0136741, 0.01367406,buy
2010-10-23,1,1,4,2,3,1,3,3,3,1,3,2,4,3,3,5,2, 0.0228006, 0.0205706, 0.0152744, 0.0167532, 0.02394036,buy
2010-10-24,1,0,3,5,2,2,2,3,3,2,5,2,3,3,4,4,2, 0.0152429, 0.0145401, 0.0078092, 0.0043078, 0.01260422,buy
2010-10-25,1,1,3,3,2,1,3,1,4,2,4,2,3,3,5,2,2, 0.0392125, 0.0392125, 0.0392125, 0.0362881, 0.02100062,buy
2010-10-26,1,2,3,4,2,0,2,1,2,1,3,0,3,3,4,2,3,-0.0242859,-0.0059045,-0.0116640,-0.0114097,-0.00112305,sell
2010-10-27,1,2,4,4,1,1,2,1,2,3,4,1,3,4,3,3,3,-0.0206392,-0.0033468,-0.0129710,-0.0127998, 0.00764210,sell
2010-10-28,0,3,2,6,1,1,2,1,2,2,4,2,3,4,3,3,1, 0.0023085, 0.0100594, 0.0058506, 0.0100594, 0.01015462,buy
2010-10-29,0,2,4,5,1,0,3,1,2,2,4,3,3,4,2,3,1,-0.0077249, 0.0030468,-0.0028105,-0.0077249, 0.00143936,sell
2010-10-30,0,1,3,4,2,0,4,1,3,1,2,2,2,5,3,4,1, 0.0015922, 0.0002148, 0.0014375, 0.0030728, 0.00021483,buy
2010-10-31,0,2,1,4,2,1,3,2,2,0,2,2,2,4,3,4,0,-0.0104446,-0.0116371,-0.0095502,-0.0116371,-0.01928931,sell
2010-11-01,0,1,2,2,2,1,4,2,2,1,3,2,2,4,3,2,1,-0.0091713,-0.0094418, 0.0035801,-0.0068408,-0.00648705,sell
2010-11-02,0,2,1,2,1,2,4,2,1,0,3,1,2,4,2,2,1,-0.0156330,-0.0149990,-0.0015150,-0.0169358,-0.01172361,sell
2010-11-03,1,1,2,3,1,2,4,1,2,2,3,2,4,4,2,3,1,-0.0244931,-0.0175514,-0.0109237,-0.0120229,-0.01877682,sell
2010-11-04,1,1,3,3,2,0,3,3,1,1,3,2,4,3,3,3,0,-0.0143705,-0.0220334,-0.0088334,-0.0034701,-0.00609278,sell
2010-11-05,1,2,3,4,3,0,4,1,2,1,4,1,4,3,3,5,1, 0.0164164, 0.0120293, 0.0164164, 0.0169085, 0.01641642,buy
2010-11-06,0,3,5,3,1,0,4,3,1,2,4,0,5,3,4,5,1, 0.0191217, 0.0649948, 0.0223994, 0.0430167, 0.03087825,buy
2010-11-07,1,3,5,1,1,0,5,3,2,2,4,1,4,4,4,4,2, 0.0048209, 0.0065599,-0.0013354, 0.0045806, 0.00457110,buy
2010-11-08,1,4,3,1,1,0,3,3,4,2,4,1,4,3,4,4,2, 0.0014448, 0.0018716,-0.0029513, 0.0048529, 0.00306642,buy
2010-11-09,1,2,2,0,1,0,2,2,4,3,2,0,4,4,2,3,2, 0.0006549, 0.0033070, 0.0044459, 0.0044459, 0.00222440,buy
2010-11-10,1,1,2,0,1,0,3,2,1,1,1,1,2,3,2,2,1, 0.0006562,-0.0003109, 0.0321245,-0.0012829,-0.00053992,buy
2010-11-11,0,3,2,0,1,0,3,3,3,1,3,2,2,3,2,3,1, 0.0058002, 0.0063319, 0.0012855, 0.0013895, 0.00128548,buy
2010-11-12,0,3,3,0,1,0,2,4,3,1,3,2,1,3,2,4,2,-0.0138805,-0.0054056,-0.0304024,-0.0004760,-0.01388050,sell
2010-11-13,2,4,4,1,1,0,3,4,2,1,4,3,3,3,3,4,2, 0.0184757, 0.0207779, 0.0181189, 0.0179937, 0.00598792,buy
2010-11-14,2,3,4,1,1,0,3,2,2,1,4,2,3,3,2,4,1, 0.0313721, 0.0356781, 0.0355502, 0.0345960, 0.03549905,buy
2010-11-15,1,4,3,1,2,0,0,3,3,2,3,3,2,2,3,4,2, 0.0004408, 0.0066183, 0.0013589, 0.0009679, 0.00428810,buy
2010-11-16,3,5,3,0,2,0,1,3,2,3,4,4,3,1,3,5,2, 0.0079934, 0.0063967, 0.0154610, 0.0008470, 0.00718787,buy
2010-11-17,2,5,4,0,2,1,0,4,2,2,3,4,3,1,4,5,2, 0.0025201, 0.0036835, 0.0225240, 0.0018851,-0.01180944,sell
2010-11-18,1,4,4,0,1,2,2,4,3,1,3,3,4,1,4,5,2, 0.0062017, 0.0138178, 0.0302018, 0.0259063, 0.01035043,buy
2010-11-19,1,2,4,1,1,1,2,4,3,1,3,3,3,1,3,5,2, 0.0245160, 0.0120341, 0.0173361, 0.0103560, 0.00850920,buy
2010-11-20,1,2,4,1,3,0,0,5,2,1,2,3,2,2,4,5,1, 0.0104985, 0.0174633, 0.0135834, 0.0315452, 0.01450094,buy
2010-11-21,1,2,2,2,4,0,0,1,4,3,2,2,3,2,4,5,1,-0.0012756,-0.0083699,-0.0012756,-0.0071588,-0.00655506,sell
2010-11-22,1,1,3,1,2,1,1,1,0,3,2,2,3,2,2,2,1,-0.0073063,-0.0141124,-0.0114306,-0.0036467,-0.01400579,sell
2010-11-23,1,1,5,1,1,1,1,1,0,5,3,2,3,1,3,3,2, 0.0082795, 0.0083924, 0.0099265, 0.0080623, 0.00664981,buy
2010-11-24,1,4,4,1,1,1,1,1,1,5,3,1,4,2,3,5,2, 0.0483634, 0.0122947, 0.0142237, 0.0267770, 0.04604529,buy
2010-11-25,1,2,3,1,3,0,1,1,1,5,3,2,4,1,2,4,2, 0.0054713, 0.0022688, 0.0018860, 0.0048460,-0.00860566,buy
2010-11-26,1,0,3,3,3,0,1,0,2,5,4,2,3,2,0,5,2, 0.0268582,-0.0138522,-0.0053364, 0.0188290, 0.02134189,buy
2010-11-27,1,0,2,4,3,1,1,0,4,4,4,3,4,2,1,5,1,-0.0171169,-0.0198330,-0.0427877,-0.0155749,-0.01724125,sell
2010-11-28,1,1,3,0,3,1,1,1,4,4,3,3,4,2,1,4,2, 0.0213202, 0.0313317, 0.0266544, 0.0210360, 0.01875785,buy
2010-11-29,1,3,2,0,2,2,2,1,3,5,4,3,4,3,1,4,2, 0.0026449, 0.0014363,-0.0006967, 0.0015111,-0.01481030,sell
2010-11-30,2,2,1,0,2,2,2,0,4,5,3,2,4,5,0,4,2,-0.0109647,-0.0278331, 0.0220932, 0.0190432,-0.01901850,sell
2010-12-01,2,1,1,1,2,0,0,0,4,4,3,0,4,3,1,3,1,-0.0083107,-0.0093716,-0.0093531,-0.0063012,-0.00757300,sell
2010-12-02,2,2,2,1,2,0,0,0,5,3,4,1,3,3,0,4,2, 0.0274235, 0.0152092, 0.0245116, 0.0262988, 0.01662434,buy
2010-12-03,2,3,1,2,0,0,1,2,5,2,4,1,2,4,2,3,2, 0.0288106, 0.0133937, 0.0125019, 0.0084666, 0.01767247,buy
2010-12-04,1,2,2,0,0,0,3,2,4,3,3,1,2,4,2,3,2, 0.0368966, 0.0049497, 0.0096314, 0.0110856, 0.00963140,buy
2010-12-05,1,4,0,0,0,0,2,2,5,2,3,0,1,3,3,3,3,-0.0096034,-0.0062475,-0.0134107,-0.0018604,-0.00130648,sell
2010-12-06,3,3,0,0,0,0,0,1,7,4,3,1,2,3,2,4,3, 0.0255974, 0.0160308, 0.0159007, 0.0265999, 0.01125546,buy
2010-12-07,4,2,0,0,0,0,0,1,5,3,1,1,2,4,2,3,2, 0.0276127, 0.0309164,-0.0103915, 0.0302964, 0.03251691,buy
2010-12-08,2,2,0,0,0,0,1,1,7,2,1,1,3,3,3,3,1, 0.0115481, 0.0113215, 0.0001834, 0.0076913, 0.01135408,buy
2010-12-09,3,2,0,1,0,0,3,2,6,2,3,3,1,4,2,4,2,-0.0101937, 0.0002738,-0.0028282,-0.0164499,-0.01842898,sell
2010-12-10,3,1,1,1,0,0,1,4,4,2,2,3,0,5,2,2,3,-0.0511460,-0.0527475,-0.0486971,-0.0511460,-0.04731767,sell
2010-12-11,4,1,1,2,0,0,2,2,6,1,3,4,1,5,2,1,3,-0.0243160,-0.0269329,-0.0300743,-0.0354754, 0.00420395,sell
2010-12-12,3,0,1,2,1,0,0,0,5,1,2,3,0,4,2,0,2, 0.0052579, 0.0043902, 0.0058362, 0.0026387, 0.00177986,buy
2010-12-13,5,0,0,3,1,0,1,0,3,2,3,2,1,3,1,3,2,-0.0008232, 0.0011525, 0.0006713, 0.0039523, 0.00396588,buy
2010-12-14,5,0,0,3,1,0,1,1,4,4,3,3,3,4,0,3,3,-0.0168983,-0.0058799,-0.0083222,-0.0038627,-0.01072875,sell
2010-12-15,3,3,0,2,1,1,0,1,2,4,2,4,3,4,1,2,1, 0.0083659, 0.0187675, 0.0124253, 0.0080144, 0.01297993,buy
2010-12-16,3,3,2,2,0,1,2,0,3,2,3,4,3,4,1,3,0, 0.0187730, 0.0168061, 0.0167486, 0.0186408, 0.03233270,buy
2010-12-17,3,1,2,2,1,1,0,3,2,3,3,3,3,3,1,4,1,-0.0242672,-0.0080468,-0.0077438,-0.0212131,-0.01076690,sell
2010-12-18,2,1,0,5,1,1,0,3,5,5,4,2,5,3,2,5,2,-0.0392271,-0.0689643,-0.0701527,-0.0565155,-0.05632612,sell
2010-12-19,1,2,0,3,3,0,1,2,5,5,4,2,6,2,2,4,2,-0.0048942,-0.0160965,-0.0153605,-0.0160965,-0.03922015,sell
2010-12-20,1,2,2,2,2,0,1,2,3,6,4,2,6,1,2,4,2, 0.0125411, 0.0081701, 0.0103789,-0.0002044,-0.01298663,buy
2010-12-21,2,4,1,4,0,2,1,2,3,6,5,2,6,3,2,5,2,-0.0342160,-0.0623488,-0.0637588,-0.0631167,-0.06508284,sell
2010-12-22,1,3,3,2,0,2,1,1,3,6,4,2,5,2,3,5,1,-0.0538362,-0.0543894,-0.0345263,-0.0279362,-0.03365050,sell
2010-12-23,1,2,2,1,2,0,1,2,2,4,2,1,4,3,2,4,1, 0.0080259, 0.0023129, 0.0091548, 0.0094873, 0.00434688,buy
2010-12-24,1,2,0,3,2,0,1,2,3,4,2,2,3,4,3,2,2,-0.0197690,-0.0254427,-0.0204975,-0.0206326,-0.02544267,sell
2010-12-25,1,1,1,2,2,1,2,3,0,4,2,1,3,4,3,2,2, 0.0169582, 0.0100131,-0.0033009, 0.0261300,-0.00501952,buy
2010-12-26,1,1,2,0,0,0,3,3,1,2,1,1,1,4,4,0,2,-0.0051096,-0.0057060,-0.0034888,-0.0032591,-0.00327555,sell
2010-12-27,1,2,0,0,1,2,3,3,2,2,1,1,2,4,4,1,3,-0.0121921,-0.0111882,-0.0062072, 0.0004867,-0.01439920,sell
2010-12-28,2,1,0,1,0,0,4,3,1,3,0,3,2,3,4,0,3, 0.0019334, 0.0045710, 0.0046774, 0.0048433, 0.00448864,buy
2010-12-29,2,0,2,0,2,0,3,2,2,2,2,2,2,3,3,1,2,-0.0018199,-0.0026528, 0.0005252,-0.0016860,-0.00265275,sell
2010-12-30,1,1,2,2,0,0,3,2,3,2,2,2,3,3,3,2,1, 0.0035834, 0.0064204, 0.0039970, 0.0025567, 0.00811456,buy
2010-12-31,2,1,4,1,0,0,3,4,2,3,2,2,4,3,4,3,2, 0.0023932,-0.0005325,-0.0046184,-0.0002835,-0.00028351,sell
2011-01-01,1,2,4,0,0,0,3,4,1,3,3,2,3,3,3,3,1,-0.0132970,-0.0131612,-0.0264677,-0.0115932,-0.00937804,sell
2011-01-02,0,2,2,0,0,0,3,1,3,5,3,2,3,0,4,3,1,-0.0010815,-0.0008070,-0.0036266,-0.0034418,-0.00720163,sell
2011-01-03,1,0,2,0,0,0,2,3,2,5,2,1,4,1,3,2,2, 0.0123962, 0.0113707, 0.0000597, 0.0113707, 0.00289853,buy
2011-01-04,2,0,2,0,0,0,1,3,0,4,1,2,3,1,3,1,1, 0.0089692, 0.0015680, 0.0098630, 0.0092585, 0.00465565,buy
2011-01-05,1,1,2,0,0,0,3,2,3,6,3,2,3,1,5,3,1, 0.0034298, 0.0061730,-0.0006851,-0.0006851,-0.00010782,buy
2011-01-06,0,0,3,0,0,0,3,4,1,4,3,1,4,1,3,3,0, 0.0081297, 0.0071282, 0.0003441, 0.0081297,-0.00332668,buy
2011-01-07,1,0,3,1,0,0,5,3,3,5,5,2,4,1,4,4,1,-0.0053619,-0.0053619,-0.0024147,-0.0053619,-0.00404190,sell
2011-01-08,1,0,2,1,0,0,4,2,4,5,4,2,4,1,3,4,1,-0.0017049, 0.0027056, 0.0035381, 0.0027056, 0.00294810,buy
2011-01-09,0,1,2,0,1,0,3,2,4,4,3,3,3,1,3,3,1, 0.0002315, 0.0062756, 0.0025649, 0.0053860, 0.00595271,buy
2011-01-10,2,1,2,0,0,0,4,1,4,4,4,2,3,2,3,3,1, 0.0100246, 0.0121139, 0.0118949, 0.0109304, 0.01464480,buy
2011-01-11,0,2,1,1,0,1,3,2,3,4,2,1,3,3,4,2,2,-0.0262551,-0.0211598,-0.0215670,-0.0143954,-0.02224518,sell
2011-01-12,0,2,0,1,0,1,5,1,4,4,3,2,3,2,4,3,1,-0.0037903,-0.0101516,-0.0040192,-0.0103509,-0.00649312,sell
2011-01-13,0,2,1,0,1,0,6,3,5,3,4,3,4,2,2,5,1,-0.0290491,-0.0311681,-0.0348042,-0.0327257,-0.03623413,sell
2011-01-14,2,2,1,1,2,0,4,2,4,3,3,3,4,4,2,4,1,-0.0131720,-0.0072470,-0.0116015,-0.0233048,-0.01408862,sell
2011-01-15,2,1,1,2,1,1,4,0,6,3,4,3,3,4,2,4,1, 0.0082096,-0.0035880,-0.0025200,-0.0050907,-0.00279805,sell
2011-01-16,2,3,1,2,1,1,4,0,4,1,3,3,3,3,4,2,1, 0.0017279,-0.0011975,-0.0204265, 0.0017279, 0.00172789,sell
2011-01-17,2,4,2,1,1,1,4,0,4,2,3,4,3,3,4,4,0,-0.0191346,-0.0191346,-0.0241215,-0.0195070,-0.01685568,sell
2011-01-18,2,6,0,1,2,1,2,0,3,2,4,2,2,3,4,3,1, 0.0113428, 0.0151986, 0.0060730, 0.0235658,-0.01009698,buy
2011-01-19,2,4,2,1,1,1,2,0,3,1,4,2,2,2,3,3,1, 0.0284101, 0.0263417, 0.0265430, 0.0401121, 0.02481961,buy
2011-01-20,2,4,3,3,2,1,2,1,5,0,5,2,3,3,4,4,2, 0.0273724, 0.0282296, 0.0262079, 0.0207603, 0.02029841,buy
2011-01-21,2,5,1,3,2,1,2,2,4,0,4,1,3,3,5,4,2, 0.0213264, 0.0226920, 0.0210642, 0.0003233, 0.02406950,buy
2011-01-22,2,4,1,0,3,1,4,2,2,2,3,2,2,4,5,2,3, 0.0114391,-0.0008593,-0.0065644, 0.0115086,-0.00888622,buy
2011-01-23,1,4,0,1,1,2,4,2,2,2,3,3,2,3,4,2,2,-0.0019524, 0.0010410,-0.0006928, 0.0044754, 0.00566910,buy
2011-01-24,2,3,1,1,1,2,3,2,2,2,3,3,3,3,4,2,1,-0.0000899,-0.0048395,-0.0000899,-0.0068912, 0.00379380,sell
2011-01-25,2,3,1,1,2,0,3,2,2,1,2,3,3,2,3,2,2,-0.0225937,-0.0264129,-0.0136683,-0.0241855,-0.02160296,sell
2011-01-26,1,3,1,2,2,0,3,2,2,2,3,4,2,3,2,2,2, 0.0005144,-0.0003963,-0.0012309,-0.0003964,-0.00732337,sell
2011-01-27,1,2,1,2,0,0,5,3,1,3,2,3,2,3,3,3,2, 0.0411533, 0.0340981, 0.0416087, 0.0447240, 0.04323325,buy
2011-01-28,1,1,2,0,0,0,4,3,1,3,2,3,1,3,2,3,1, 0.0300333, 0.0191545, 0.0328846, 0.0317378, 0.03280574,buy
2011-01-29,2,2,0,0,0,0,4,3,3,2,1,3,1,3,2,4,2, 0.0000830, 0.0068855, 0.0103338, 0.0152637, 0.01437852,buy
2011-01-30,3,0,0,0,0,0,3,4,2,3,1,3,3,2,0,4,2, 0.0130605, 0.0128330, 0.0044539, 0.0105177, 0.01306054,buy
2011-01-31,2,0,1,0,0,0,3,4,2,3,1,3,3,1,2,4,1,-0.0063160,-0.0089571, 0.0010618,-0.0013213, 0.00485804,sell
2011-02-01,1,2,2,0,0,0,4,4,4,3,3,2,3,0,5,5,2, 0.0044834, 0.0043121, 0.0044834, 0.0057756, 0.00622564,buy
2011-02-02,2,2,2,0,0,0,5,7,5,2,5,3,3,1,4,6,3, 0.0126527, 0.0030076, 0.0143091, 0.0149691, 0.01406437,buy
2011-02-03,3,1,3,0,0,0,3,9,3,2,5,3,3,1,4,6,2,-0.0054141,-0.0047907,-0.0047907, 0.0033674,-0.00479074,sell
2011-02-04,2,1,2,1,0,0,4,6,5,2,5,2,3,2,4,5,2, 0.0091416, 0.0095459, 0.0043475, 0.0095142, 0.00434749,buy
2011-02-05,2,1,2,0,1,0,4,5,4,2,4,3,2,3,4,4,1,-0.0099242, 0.0024710, 0.0040485, 0.0005787, 0.00057870,sell
2011-02-06,4,1,2,0,1,0,4,7,1,3,5,4,1,3,4,4,2, 0.0212723, 0.0126200, 0.0156926, 0.0302056, 0.01172993,buy
2011-02-07,4,0,2,0,0,0,3,7,1,4,5,3,2,5,2,2,2, 0.0099559, 0.0005697, 0.0046380, 0.0071168, 0.00752926,buy
2011-02-08,2,2,2,0,0,1,2,6,2,1,4,3,1,5,3,0,2,-0.0047754, 0.0024091, 0.0028602, 0.0028602, 0.00326796,buy
2011-02-09,2,0,4,0,0,0,4,6,1,1,4,2,1,5,2,2,2,-0.0087425, 0.0109373,-0.0079267,-0.0010732,-0.00686640,sell
2011-02-10,2,0,4,1,1,0,3,8,0,2,5,3,0,6,3,2,2, 0.0042440, 0.0062078, 0.0063430, 0.0057529, 0.00599542,buy
2011-02-11,2,1,3,3,1,0,1,7,2,3,5,4,1,4,5,2,2, 0.0170682, 0.0166766, 0.0246505, 0.0189526, 0.02457759,buy
2011-02-12,3,2,3,1,2,0,0,7,2,2,4,3,4,4,4,2,1, 0.0469213, 0.0257018, 0.0448151, 0.0123977, 0.04068323,buy
2011-02-13,3,1,4,0,1,0,1,7,0,1,2,3,4,3,2,3,1,-0.0134736, 0.0097279, 0.0112558, 0.0103336,-0.01731810,sell
2011-02-14,4,2,3,2,0,2,1,8,0,3,3,4,5,5,3,4,1, 0.0138980, 0.0162189, 0.0156079, 0.0219451, 0.02157325,buy
2011-02-15,4,2,2,2,1,2,1,5,0,2,2,5,4,3,3,3,1, 0.0477865, 0.0545553, 0.0430538, 0.0534679, 0.05073732,buy
2011-02-16,4,0,3,1,3,0,2,4,0,1,2,3,4,3,3,3,0, 0.0034589, 0.0161716,-0.0051156, 0.0099913,-0.00333343,buy
2011-02-17,4,0,2,4,2,1,2,4,1,1,3,3,3,4,4,3,1, 0.0115906, 0.0145262,-0.0114650, 0.0333543, 0.03039060,buy
2011-02-18,5,0,1,4,2,2,2,4,0,1,3,3,5,3,3,3,1, 0.0068916, 0.0045644, 0.0034052, 0.0045644, 0.00405809,buy
2011-02-19,5,1,2,1,2,0,4,2,0,1,1,3,4,3,3,3,1, 0.0099936, 0.0068589, 0.0039216, 0.0065324, 0.00272255,buy
2011-02-20,5,2,0,3,2,2,4,0,0,2,2,3,4,2,4,4,1,-0.0068652, 0.0001839, 0.0001839,-0.0050438, 0.01318325,sell
2011-02-21,6,1,1,5,0,1,4,0,1,3,2,3,5,2,5,3,2, 0.0021746, 0.0005232,-0.0012949, 0.0001724, 0.00204072,sell
2011-02-22,5,0,2,3,2,0,4,0,2,2,2,3,4,2,4,4,1, 0.0073061, 0.0055696, 0.0070542, 0.0082248, 0.00730606,buy
2011-02-23,4,2,0,5,1,0,5,2,4,0,4,3,3,4,4,3,2, 0.0464881, 0.0464548, 0.0323879, 0.0362058, 0.03684251,buy
2011-02-24,3,0,2,4,0,0,4,4,3,2,4,3,2,4,4,2,3, 0.0001483, 0.0001483, 0.0001483,-0.0010007, 0.00014828,sell
2011-02-25,3,1,1,1,0,0,5,2,3,1,3,3,2,3,2,2,2,-0.0223847, 0.0061060,-0.0237919,-0.0201365,-0.02410444,sell
2011-02-26,2,3,0,1,0,0,5,1,7,1,3,2,3,3,3,4,2, 0.0079028, 0.0011056, 0.0082032,-0.0089794,-0.00934917,sell
2011-02-27,3,1,0,1,0,0,5,2,6,3,4,2,4,4,3,3,1, 0.0115286, 0.0042773,-0.0101099,-0.0258166,-0.02376121,sell
2011-02-28,1,2,0,1,1,0,5,3,4,1,3,1,3,2,5,2,2,-0.0021682, 0.0017857,-0.0040875,-0.0027155,-0.00375670,sell
2011-03-01,1,2,0,1,1,0,6,1,5,0,3,1,2,3,4,2,2,-0.0134283,-0.0006678,-0.0131281,-0.0113103,-0.01345292,sell
2011-03-02,0,1,1,0,1,0,4,4,4,0,4,0,1,4,3,2,1,-0.0020011,-0.0082956,-0.0069921,-0.0070062,-0.00850609,sell
2011-03-03,2,1,0,1,2,0,5,3,2,0,3,1,2,2,4,2,2,-0.0098590,-0.0076948,-0.0044778,-0.0179078,-0.00757937,sell
2011-03-04,2,1,0,1,3,0,5,2,3,0,2,1,2,3,5,1,3,-0.0064238,-0.0073936,-0.0058698,-0.0162641,-0.00584210,sell
2011-03-05,1,0,0,0,2,0,3,2,2,0,1,0,1,2,2,2,2,-0.0255703,-0.0070778,-0.0159397, 0.0213875,-0.00906827,sell
2011-03-06,2,0,0,0,1,0,5,1,3,1,3,2,1,3,1,1,2, 0.0102012, 0.0107934, 0.0068791, 0.0091182, 0.01049833,buy
2011-03-07,2,1,0,0,1,1,5,2,3,1,3,2,2,4,2,1,2, 0.0194356, 0.0181070, 0.0024310, 0.0065826, 0.01772679,buy
2011-03-08,1,1,1,0,1,0,5,1,3,0,2,2,2,4,1,2,0, 0.0329569, 0.0321867, 0.0328560, 0.0313702, 0.01505892,buy
2011-03-09,1,0,1,0,3,0,6,1,4,1,3,2,2,3,3,3,1,-0.0182132,-0.0105316,-0.0102265,-0.0125144,-0.01006044,sell
2011-03-10,1,1,0,2,3,0,4,2,3,2,3,2,2,3,4,3,1, 0.0140808,-0.0075726, 0.0083014, 0.0134595, 0.00731016,buy
2011-03-11,1,2,2,1,2,0,4,2,3,3,4,2,3,3,3,3,2, 0.0327294,-0.0006095, 0.0341788, 0.0326418, 0.03347064,buy
2011-03-12,2,1,3,0,2,0,2,1,2,2,4,2,1,2,3,2,1, 0.0132155, 0.0192016, 0.0105655, 0.0068028, 0.01145165,buy
2011-03-13,1,2,2,1,1,1,2,1,1,2,3,2,1,2,3,2,1, 0.0040501, 0.0040501, 0.0075160,-0.0014651,-0.00026852,buy
2011-03-14,1,2,2,1,2,1,1,1,1,3,3,2,1,2,4,2,1, 0.0140523, 0.0163737, 0.0158953, 0.0379417, 0.01457976,buy
2011-03-15,1,1,3,1,3,1,1,2,0,2,2,3,2,1,4,2,1, 0.0122335, 0.0383131, 0.0304326, 0.0389272, 0.00961636,buy
2011-03-16,2,0,3,2,4,2,2,2,1,1,2,3,3,2,4,4,1, 0.0160859, 0.0180383, 0.0123864, 0.0120051, 0.01707673,buy
2011-03-17,2,0,1,3,3,3,3,4,1,0,2,3,3,2,5,4,1, 0.0026856, 0.0002073, 0.0330130, 0.0351580, 0.03415994,buy
2011-03-18,2,0,2,0,4,3,4,4,0,0,2,3,3,2,5,3,1, 0.0045293, 0.0235077, 0.0228170, 0.0239825,-0.01063906,buy
2011-03-19,2,2,1,0,3,3,4,2,0,0,1,3,3,3,4,2,1,-0.0039229,-0.0019422, 0.0157591, 0.0011501,-0.00553821,sell
2011-03-20,3,1,0,2,2,3,3,2,0,1,2,3,4,3,2,2,1, 0.0172384, 0.0193885, 0.0155785, 0.0183577, 0.01723841,buy
2011-03-21,2,1,2,2,2,1,3,2,0,0,0,4,4,2,2,2,1,-0.0102939,-0.0030259,-0.0014640,-0.0026916,-0.00698770,sell
2011-03-22,2,3,2,2,2,1,4,2,1,0,2,4,4,3,2,3,1, 0.0370852, 0.0489820, 0.0400605, 0.0383046, 0.04092290,buy
2011-03-23,2,2,2,3,0,0,4,4,0,3,2,3,4,4,3,3,1, 0.0352453, 0.0352453, 0.0358788, 0.0363626, 0.03682256,buy
2011-03-24,2,3,2,2,0,0,5,3,1,2,3,3,3,4,3,4,0, 0.0343811, 0.0409628, 0.0320330, 0.0312134, 0.03547861,buy
2011-03-25,2,3,1,1,0,0,3,1,3,3,3,3,2,2,2,4,1, 0.0226413, 0.0160092, 0.0183113, 0.0142883, 0.02274780,buy
2011-03-26,3,2,0,1,0,0,2,3,2,5,3,2,3,3,2,3,2, 0.0013191,-0.0100994,-0.0049268,-0.0049268,-0.00068907,sell
2011-03-27,3,2,0,1,0,0,3,3,1,3,2,2,3,3,3,2,1,-0.0073191,-0.0191386, 0.0000105,-0.0107536,-0.00899865,sell
2011-03-28,2,2,0,1,0,0,6,1,2,1,1,2,3,3,2,3,1, 0.0273645, 0.0219423, 0.0275191, 0.0265445, 0.03561239,buy
2011-03-29,2,1,1,1,0,0,4,3,1,1,2,2,2,3,2,3,0, 0.0155545, 0.0153195, 0.0142566, 0.0153195, 0.00803965,buy
2011-03-30,5,1,1,2,0,1,5,4,1,1,3,2,3,4,4,4,1, 0.0135605, 0.0094024,-0.0013376, 0.0084679,-0.00133762,buy
2011-03-31,5,1,0,1,1,1,6,2,2,1,3,2,3,4,3,3,2,-0.0180223,-0.0120188,-0.0101382,-0.0101619,-0.01734667,sell
2011-04-01,2,1,0,0,1,1,2,2,1,1,2,0,2,3,2,1,1, 0.0318131, 0.0187676, 0.0313064, 0.0323720, 0.03555044,buy
2011-04-02,4,1,0,0,0,1,3,2,1,2,1,1,3,4,1,2,2,-0.0080212, 0.0026141, 0.0367866, 0.0105399, 0.00261412,buy
2011-04-03,3,2,0,0,0,2,2,3,1,1,2,0,3,4,2,1,2, 0.0054101, 0.0070942, 0.0073932, 0.0070942, 0.00842905,buy
2011-04-04,3,2,0,0,1,2,3,4,2,0,2,1,4,3,3,2,2, 0.0042776, 0.0131685, 0.0123449, 0.0102810, 0.01251622,buy
2011-04-05,2,1,1,0,2,1,3,2,3,1,1,1,3,4,3,2,2,-0.0064857, 0.0105668, 0.0067793, 0.0088470, 0.01056685,buy
2011-04-06,2,2,1,1,2,1,3,3,1,1,3,1,2,5,3,2,1,-0.0010702,-0.0016317, 0.0047821,-0.0015985,-0.00154588,sell
2011-04-07,3,2,0,2,2,1,2,2,2,2,4,1,3,5,3,2,0, 0.0043482, 0.0007206, 0.0054494, 0.0024567, 0.00313312,buy
2011-04-08,3,3,1,0,2,1,1,1,2,2,4,1,2,4,3,1,1,-0.0090748,-0.0339930, 0.0121761,-0.0296561,-0.03440195,sell
2011-04-09,3,4,1,0,1,0,2,1,1,4,4,1,2,3,2,2,3, 0.0091941, 0.0076633, 0.0080953, 0.0086395, 0.00863950,buy
2011-04-10,3,5,2,1,1,1,2,1,0,5,4,1,3,4,3,3,3, 0.0057505, 0.0058650, 0.0010437,-0.0030199, 0.00575052,buy
2011-04-11,2,5,2,1,1,1,2,1,0,3,5,1,3,3,2,2,2, 0.0386622, 0.0266629, 0.0325414, 0.0326412, 0.02775993,buy
2011-04-12,2,3,2,1,2,2,2,1,1,1,4,1,2,4,3,1,2,-0.0094228,-0.0064285,-0.0061857,-0.0094110,-0.02376418,sell
2011-04-13,2,2,2,3,1,3,2,2,1,1,4,2,2,4,4,1,2,-0.0526068,-0.0493405,-0.0247324,-0.0260830,-0.04434028,sell
2011-04-14,1,1,1,3,2,3,2,2,0,1,3,2,2,4,4,1,0, 0.0155554, 0.0155554, 0.0155554, 0.0205002, 0.02120156,buy
2011-04-15,2,1,1,0,2,3,1,1,0,1,2,2,1,3,3,0,1,-0.0196238,-0.0190787,-0.0211150,-0.0217453,-0.01907867,sell
2011-04-16,3,1,0,0,1,5,0,2,1,2,1,2,4,3,3,1,1, 0.0145533, 0.0109080, 0.0061952, 0.0149915, 0.01461660,buy
2011-04-17,3,0,1,1,1,4,0,2,1,2,2,2,5,2,3,0,1, 0.0062409, 0.0131879, 0.0012241, 0.0066781, 0.01186245,buy
2011-04-18,2,0,1,1,3,2,3,2,2,1,0,2,5,2,3,3,2, 0.0119638, 0.0178781, 0.0070936, 0.0048080, 0.01787811,buy
2011-04-19,2,1,1,3,2,2,3,4,2,0,1,3,5,2,4,3,2, 0.0049540, 0.0093454, 0.0229398, 0.0256446, 0.02326382,buy
2011-04-20,2,0,3,2,0,2,3,4,2,1,1,3,5,2,4,3,1, 0.0044347, 0.0125859, 0.0116928, 0.0052272, 0.00432431,buy
2011-04-21,3,2,2,0,0,2,3,2,2,0,2,2,4,1,3,3,1,-0.0104935,-0.0194549,-0.0144188,-0.0144188,-0.01413624,sell
2011-04-22,4,2,2,0,0,2,2,2,2,2,3,2,5,2,2,3,1, 0.0071961,-0.0088271, 0.0084677, 0.0071961, 0.00710354,buy
2011-04-23,4,2,1,0,0,2,2,3,1,4,3,2,5,4,3,2,0,-0.0084004, 0.0043900,-0.0055650,-0.0024084,-0.00840035,sell
2011-04-24,3,2,1,0,0,2,3,2,3,3,2,2,5,3,3,3,1, 0.0314482, 0.0474184, 0.0381322, 0.0264227, 0.04303632,buy
2011-04-25,3,1,2,0,0,1,3,3,4,1,1,2,4,4,2,4,1,-0.0151322,-0.0038341,-0.0176212,-0.0151322,-0.01544595,sell
2011-04-26,3,1,2,1,0,1,1,5,2,1,2,1,3,4,3,3,1, 0.0239380, 0.0291517,-0.0073071, 0.0239380,-0.00470685,buy
2011-04-27,3,1,1,1,1,2,3,4,1,1,2,1,3,4,4,3,1, 0.0285115, 0.0304627, 0.0032365, 0.0297428, 0.00651051,buy
2011-04-28,2,1,1,0,2,2,3,2,1,1,3,1,1,4,4,0,2,-0.0058353,-0.0049003,-0.0252152,-0.0225619,-0.00490030,sell
2011-04-29,3,1,1,0,1,2,3,1,0,2,2,1,2,4,3,1,1,-0.0208649,-0.0197720,-0.0199201,-0.0204064,-0.01743653,sell
2011-04-30,4,1,1,0,1,3,1,3,0,2,1,0,4,4,4,1,2,-0.0011908,-0.0018967,-0.0035150,-0.0128265,-0.00380169,sell
2011-05-01,5,2,1,0,1,3,0,3,0,1,2,1,3,4,4,0,2,-0.0004317,-0.0006465,-0.0006465,-0.0073088, 0.00134874,sell
2011-05-02,4,2,2,0,2,2,1,2,1,0,2,1,3,4,4,1,1,-0.0002152,-0.0003977,-0.0101167, 0.0117465,-0.01305680,sell
2011-05-03,2,2,2,1,2,2,3,3,0,0,2,1,2,5,4,1,2,-0.0176626,-0.0210597,-0.0164236,-0.0151174,-0.01731700,sell
2011-05-04,2,2,0,2,1,1,2,5,1,1,2,1,3,3,3,3,2,-0.0139863,-0.0103396,-0.0103396,-0.0132972,-0.01329720,sell
2011-05-05,3,3,1,0,2,0,0,6,2,1,3,1,4,3,2,2,3,-0.0020314,-0.0052615, 0.0009186,-0.0033102,-0.00247599,sell
2011-05-06,4,4,2,0,1,0,0,3,4,1,4,1,5,2,3,2,2,-0.0075663,-0.0222396, 0.0105404,-0.0067414,-0.00137929,sell
2011-05-07,4,3,1,0,0,1,0,2,2,2,3,1,3,3,2,2,1,-0.0045052,-0.0105061, 0.0482442,-0.0100348,-0.00872958,sell
2011-05-08,4,3,0,1,0,1,0,1,1,4,4,1,2,3,1,2,2, 0.0052003,-0.0009787,-0.0009502, 0.0019633,-0.00005058,buy
2011-05-09,4,4,1,1,2,0,0,1,2,3,5,1,2,4,1,2,3, 0.0036768,-0.0015603,-0.0019657, 0.0006064,-0.00140488,buy
2011-05-10,4,5,3,3,1,0,1,1,2,0,5,1,1,5,1,4,3, 0.0063905, 0.0067218, 0.0087683, 0.0035480, 0.00658046,buy
2011-05-11,3,2,4,3,1,1,2,2,1,0,4,1,2,5,1,4,2, 0.0057915,-0.0144621, 0.0111198,-0.0122586,-0.01224892,sell
2011-05-12,4,0,1,4,1,0,3,1,1,0,4,2,1,2,1,3,2, 0.0323793, 0.0324029, 0.0325313, 0.0360533, 0.03396088,buy
2011-05-13,5,1,0,2,4,1,2,1,3,1,4,3,4,3,1,3,2, 0.0320474, 0.0234009, 0.0215824, 0.0282621, 0.03718751,buy
2011-05-14,6,0,1,3,1,1,2,0,3,1,3,3,4,3,2,2,1, 0.0180683, 0.0192980, 0.0160407, 0.0180425, 0.01667230,buy
2011-05-15,5,0,2,3,1,3,4,0,4,0,4,3,5,3,1,4,2, 0.0104576,-0.0074367, 0.0088940, 0.0056657, 0.00513370,buy
2011-05-16,5,1,2,3,1,2,5,1,4,0,3,3,5,4,2,5,2, 0.0121006, 0.0058376, 0.0099976, 0.0091346, 0.01175856,buy
2011-05-17,3,1,4,3,3,0,5,2,3,2,2,3,6,6,2,5,2, 0.0133627, 0.0108899, 0.0079350, 0.0099237, 0.00663180,buy
2011-05-18,3,1,4,4,2,0,5,0,3,2,2,4,4,4,2,5,3,-0.0114192, 0.0004868,-0.0105929,-0.0157210,-0.01059287,sell
2011-05-19,3,1,6,3,0,0,4,0,3,2,2,4,4,3,1,5,3, 0.0098388, 0.0110620, 0.0071736, 0.0126192, 0.00995046,buy
2011-05-20,4,1,5,1,2,0,4,1,2,3,2,3,3,4,4,5,2, 0.0068277,-0.0031453, 0.0085992, 0.0075959, 0.00729790,buy
2011-05-21,3,4,3,1,3,0,5,1,1,3,3,3,3,3,6,4,2,-0.0109962,-0.0143059,-0.0125734,-0.0143059,-0.01122032,sell
2011-05-22,3,1,4,0,3,0,4,0,2,4,2,4,2,4,4,3,2, 0.0584983, 0.0422577, 0.0508854, 0.0596282, 0.05867380,buy
2011-05-23,3,0,4,1,3,0,0,2,1,3,0,3,1,4,5,2,2,-0.0217420, 0.0059592, 0.0056847, 0.0052612, 0.00488088,buy
2011-05-24,4,0,3,1,4,0,1,1,3,1,1,2,2,6,4,2,1,-0.0010001,-0.0028416,-0.0093943, 0.0199036,-0.02195125,sell
2011-05-25,4,0,2,0,5,0,1,2,4,1,1,3,2,4,4,3,2,-0.0182285,-0.0146631,-0.0150206, 0.0059044,-0.01502062,sell
2011-05-26,4,0,1,0,3,0,2,3,1,1,1,3,2,2,2,3,2, 0.0089566, 0.0089090, 0.0082676, 0.0081193, 0.00692301,buy
2011-05-27,3,0,2,1,3,1,4,3,1,2,1,3,2,4,4,3,3, 0.0112360, 0.0172520, 0.0133085, 0.0235193, 0.01003212,buy
2011-05-28,2,1,1,1,2,1,2,3,1,1,0,2,1,4,3,3,2,-0.0173381,-0.0118022,-0.0126086,-0.0095429,-0.01303621,sell
2011-05-29,3,1,2,2,2,0,1,2,2,0,1,1,1,4,3,4,1, 0.0169242, 0.0193991,-0.0083774, 0.0213347,-0.01011443,buy
2011-05-30,3,0,2,3,3,0,1,3,0,0,0,2,0,4,4,4,1, 0.0180004, 0.0254203, 0.0043599, 0.0109549, 0.00435990,buy
2011-05-31,3,1,1,5,1,0,2,3,0,2,2,2,3,4,3,3,1,-0.0063055,-0.0135841,-0.0114320,-0.0110301,-0.01418693,sell
2011-06-01,1,2,2,2,2,0,2,4,1,2,4,1,4,3,3,3,0,-0.0510988,-0.0602510,-0.0610070,-0.0530802,-0.04557245,sell
2011-06-02,1,3,2,3,0,0,3,4,1,1,3,2,3,1,5,3,1, 0.0084768, 0.0019581, 0.0134516, 0.0074872, 0.01005656,buy
2011-06-03,0,2,2,2,0,1,2,5,2,3,3,1,3,2,4,4,2,-0.0054331, 0.0081443,-0.0099855,-0.0045841, 0.00094289,sell
2011-06-04,0,2,1,4,1,1,1,3,3,3,2,1,3,4,3,4,2,-0.0122835,-0.0091089,-0.0072354,-0.0100258,-0.01101846,sell
2011-06-05,0,1,3,3,3,0,0,2,3,2,2,1,3,4,3,3,1, 0.0043635,-0.0291686,-0.0266629,-0.0061786,-0.00632697,sell
2011-06-06,0,2,3,5,2,0,2,2,2,3,4,2,2,5,4,4,0, 0.0145616, 0.0144886, 0.0214128, 0.0087109, 0.01499131,buy
2011-06-07,0,3,3,4,2,1,2,3,0,3,3,3,4,4,3,3,1,-0.0133728,-0.0059579, 0.0081082,-0.0135332,-0.01195359,sell
2011-06-08,0,4,3,3,1,1,3,3,0,2,5,2,4,2,3,2,2,-0.0102097,-0.0061973, 0.0043826,-0.0075735,-0.00783587,sell
2011-06-09,0,3,3,4,2,1,2,3,1,1,5,2,4,2,3,3,1, 0.0046164, 0.0050596, 0.0052477, 0.0070913, 0.00461642,buy
2011-06-10,1,1,2,5,2,1,2,3,1,2,4,2,4,2,3,3,2, 0.0027257, 0.0020222,-0.0021018,-0.0021018, 0.00202224,sell
2011-06-11,1,1,1,4,3,1,2,3,1,1,4,2,4,2,2,2,2,-0.0144456,-0.0201010,-0.0181848,-0.0198107,-0.01625539,sell
2011-06-12,0,0,1,2,3,1,4,1,2,1,3,2,2,3,2,2,1, 0.0096200, 0.0066060, 0.0154888, 0.0017168, 0.00513165,buy
2011-06-13,0,2,0,3,1,1,4,2,1,2,1,3,3,3,4,2,0,-0.0300553,-0.0297878,-0.0117346,-0.0085636,-0.03925887,sell
2011-06-14,0,2,3,2,2,2,4,1,2,2,2,3,3,3,6,2,1,-0.0245310,-0.0101326,-0.0057581,-0.0101326,-0.01462016,sell
2011-06-15,0,3,2,2,2,0,2,0,2,1,1,3,2,1,5,2,0,-0.0008627,-0.0115278,-0.0034038,-0.0115806,-0.00927573,sell
2011-06-16,1,2,3,2,3,0,2,0,3,4,2,4,3,2,5,3,1,-0.0171404,-0.0024470,-0.0190902,-0.0159518,-0.00374572,sell
2011-06-17,1,5,4,3,2,1,2,1,1,3,2,4,5,3,6,1,2, 0.0266583, 0.0311744, 0.0260197, 0.0261043, 0.02665828,buy
2011-06-18,0,4,5,2,1,1,3,0,2,3,3,2,5,3,5,2,1, 0.0164437, 0.0158492, 0.0160140, 0.0215446, 0.01644365,buy
2011-06-19,0,3,5,1,0,1,3,2,2,4,3,2,4,3,5,3,1, 0.0045271, 0.0030119, 0.0015706, 0.0057574, 0.00448245,buy
2011-06-20,1,4,2,2,0,1,3,2,3,4,4,3,4,2,5,3,1,-0.0033851,-0.0175790,-0.0110557,-0.0059717,-0.00460100,sell
2011-06-21,1,3,2,0,1,1,3,1,4,6,4,2,4,2,4,4,2, 0.0109739, 0.0109739, 0.0035803, 0.0048752, 0.00519973,buy
2011-06-22,0,2,2,1,1,1,3,3,2,4,4,2,4,1,4,2,2, 0.0045521,-0.0018655, 0.0039716,-0.0053147,-0.00123722,buy
2011-06-23,1,3,1,1,0,2,5,2,3,4,4,3,5,2,3,4,1,-0.0239095,-0.0324701,-0.0301660,-0.0314305,-0.03283373,sell
2011-06-24,1,3,1,1,1,2,3,4,3,4,3,3,5,4,2,4,2,-0.0176297,-0.0383700,-0.0383700,-0.0383700,-0.03278368,sell
2011-06-25,1,2,1,1,1,1,5,5,4,2,4,4,5,3,0,4,3, 0.0013599, 0.0088234, 0.0047581, 0.0047581, 0.00314592,buy
2011-06-26,1,1,2,1,2,1,5,3,3,2,4,3,4,3,1,4,2, 0.0034358,-0.0241959,-0.0200121,-0.0217638,-0.02488954,sell
2011-06-27,0,1,1,2,2,1,4,3,2,3,3,2,2,3,3,4,2, 0.0334817,-0.0006596, 0.0337817, 0.0379452, 0.03267935,buy
2011-06-28,1,0,1,1,2,1,5,2,3,4,4,3,2,3,3,3,2, 0.0331301, 0.0130155, 0.0434723, 0.0510599, 0.04333162,buy
2011-06-29,2,2,2,0,2,1,4,2,3,3,4,3,2,3,4,3,2, 0.0033309, 0.0119698, 0.0173107, 0.0367719, 0.01606749,buy
2011-06-30,1,2,3,0,2,2,4,1,3,3,4,2,3,3,4,3,2, 0.0373546, 0.0373546, 0.0383762, 0.0373546, 0.03664579,buy
2011-07-01,0,2,4,1,2,2,4,0,3,4,3,2,4,3,4,5,1, 0.0202259, 0.0218099, 0.0215257, 0.0237557, 0.02020285,buy
2011-07-02,0,2,4,1,3,1,4,1,1,3,3,2,4,2,3,4,2, 0.0296108, 0.0240641, 0.0280351, 0.0289313, 0.02653175,buy
2011-07-03,0,2,4,0,5,1,4,1,3,4,4,2,3,4,4,4,3,-0.0068865,-0.0071201,-0.0068865,-0.0068865,-0.00712013,sell
2011-07-04,0,3,3,3,3,1,3,2,1,3,3,1,5,3,4,3,3,-0.0010878,-0.0110993,-0.0085626,-0.0112774,-0.01155030,sell
2011-07-05,0,3,5,1,4,2,3,1,2,4,3,2,5,4,5,4,2, 0.0175183, 0.0170626, 0.0178972, 0.0145942, 0.01399977,buy
2011-07-06,0,4,3,2,2,1,3,0,3,4,3,4,4,3,4,3,1,-0.0067675,-0.0057610,-0.0074697,-0.0045324,-0.00048505,sell
2011-07-07,1,3,4,1,3,2,1,0,3,5,3,4,4,3,4,4,1,-0.0223395, 0.0034817,-0.0213183, 0.0016258, 0.00456669,sell
2011-07-08,1,3,4,3,1,1,1,0,3,3,2,4,4,2,4,3,1,-0.0135947,-0.0138306,-0.0038528,-0.0151999,-0.00412850,sell
2011-07-09,0,2,3,2,2,2,2,0,4,3,3,4,3,2,4,3,1,-0.0353771, 0.0011810,-0.0353771,-0.0002662, 0.00041227,sell
2011-07-10,0,3,2,3,1,2,1,2,3,2,2,2,3,2,5,3,2, 0.0218785, 0.0270674, 0.0377195, 0.0218785, 0.00831336,buy
2011-07-11,0,2,2,2,2,1,1,2,4,3,2,1,3,3,5,3,2,-0.0094250, 0.0044719, 0.0091196,-0.0003246,-0.00376718,sell
2011-07-12,0,4,2,3,2,2,1,0,4,1,4,2,2,2,4,4,1,-0.0055288,-0.0077916,-0.0140651,-0.0055288,-0.00713335,sell
2011-07-13,1,4,2,4,0,1,0,0,2,2,3,1,3,3,2,4,0, 0.0225906, 0.0107485, 0.0075232, 0.0072526, 0.02259062,buy
2011-07-14,1,3,2,3,1,1,1,1,1,3,2,3,3,2,3,3,1,-0.0033369,-0.0095029, 0.0018931,-0.0084383,-0.00300346,sell
2011-07-15,0,5,0,4,1,0,2,1,2,1,2,4,4,1,2,3,0, 0.0156472, 0.0156373, 0.0154050, 0.0131850, 0.01630313,buy
2011-07-16,0,2,2,4,1,0,3,0,2,2,2,4,2,2,2,3,1, 0.0125957, 0.0077717,-0.0324620, 0.0030645, 0.00549327,buy
2011-07-17,1,2,2,4,1,0,1,3,1,1,2,3,2,2,3,3,1,-0.0106316, 0.0107604, 0.0109639,-0.0121493, 0.00425674,sell
2011-07-18,1,3,0,5,1,0,2,2,3,0,3,3,2,2,3,3,1, 0.0050491, 0.0050491, 0.0071504, 0.0046554, 0.00426981,buy
2011-07-19,0,3,1,3,2,0,1,3,3,1,4,4,2,2,2,2,1,-0.0014855,-0.0043389, 0.0029791,-0.0060119, 0.01549095,buy
2011-07-20,1,2,1,1,1,0,2,3,1,2,3,3,2,2,1,2,1, 0.0022595, 0.0002744, 0.0036018, 0.0205050, 0.00263779,buy
2011-07-21,1,4,0,0,1,2,4,3,1,1,3,2,4,2,2,2,2,-0.0240852,-0.0368704,-0.0236673,-0.0297675,-0.00586521,sell
2011-07-22,0,1,1,0,1,2,2,3,3,1,1,3,4,1,2,1,2,-0.0033485,-0.0037850,-0.0083875, 0.0005679, 0.00082887,sell
2011-07-23,1,0,2,0,2,1,3,3,1,1,2,2,3,1,2,2,2,-0.0035953,-0.0043460,-0.0052360, 0.0154189,-0.01714098,sell
2011-07-24,1,0,2,1,3,1,3,4,0,0,2,3,2,3,2,2,1, 0.0097245, 0.0300633, 0.0300294, 0.0309623, 0.00968305,buy
2011-07-25,0,0,1,2,4,1,3,3,2,1,1,2,4,3,2,3,2,-0.0039751,-0.0085165,-0.0100500,-0.0080951,-0.00397509,sell
2011-07-26,0,1,2,0,4,1,3,3,1,2,3,1,5,2,2,2,2,-0.0207910,-0.0105163,-0.0197627,-0.0020050,-0.02880808,sell
2011-07-27,1,3,4,0,3,1,3,4,1,1,3,3,6,1,4,1,3, 0.0077484, 0.0095512, 0.0089361, 0.0087248, 0.00874187,buy
2011-07-28,1,2,4,1,2,2,3,2,2,3,3,3,5,2,4,3,2, 0.0342594, 0.0351344, 0.0364929, 0.0396647, 0.03545246,buy
2011-07-29,0,2,4,1,4,1,2,2,2,2,3,2,4,3,3,4,1, 0.0257071,-0.0032388,-0.0007464,-0.0035777,-0.02056917,sell
2011-07-30,1,1,5,0,6,1,2,3,2,2,3,3,4,4,3,4,2, 0.0000444, 0.0032018,-0.0147437, 0.0021086, 0.02166752,buy
2011-07-31,0,2,4,2,4,1,1,4,3,3,5,2,3,4,5,4,1, 0.0088703, 0.0010220, 0.0008185,-0.0157206,-0.00262064,sell
2011-08-01,0,2,6,0,4,2,3,2,3,2,4,2,3,4,5,4,2, 0.0209082, 0.0209082, 0.0095219, 0.0109914, 0.01262724,buy
2011-08-02,0,2,5,1,2,1,2,2,2,3,4,1,2,4,4,3,2, 0.0082942,-0.0106661, 0.0046291, 0.0422432, 0.00436961,buy
2011-08-03,1,2,3,1,4,3,0,2,3,5,4,2,3,5,4,4,2, 0.0165192, 0.0090830, 0.0021572, 0.0079834, 0.00958864,buy
2011-08-04,1,2,3,1,3,3,0,2,4,4,3,3,3,4,5,4,1, 0.0266778, 0.0295743, 0.0263786, 0.0334194, 0.02252234,buy
2011-08-05,0,1,5,0,3,3,0,2,4,4,3,3,3,4,4,4,1, 0.0168197, 0.0301485, 0.0130431, 0.0182280, 0.01913127,buy
2011-08-06,0,3,2,2,2,3,1,3,4,4,3,3,3,4,5,4,2, 0.0061684,-0.0022095, 0.0061684, 0.0061684,-0.00276043,buy
2011-08-07,0,2,3,2,2,2,1,4,3,4,2,4,3,4,5,4,1,-0.0051789, 0.0117128,-0.0037348, 0.0073795, 0.00675975,buy
2011-08-08,0,2,3,1,2,2,1,2,4,2,2,3,2,2,5,4,1, 0.0073433, 0.0101871, 0.0073433, 0.0063193, 0.01905172,buy
2011-08-09,1,2,2,5,0,3,0,2,3,3,2,2,3,3,4,5,2, 0.0027375, 0.0037102, 0.0014833,-0.0002938, 0.00371017,buy
2011-08-10,1,0,2,5,1,3,0,4,3,3,1,3,4,4,4,4,2, 0.0147842, 0.0233114, 0.0154844, 0.0136760, 0.01478418,buy
2011-08-11,0,3,0,4,1,2,1,4,1,2,2,2,3,3,4,3,1, 0.0010598, 0.0007926,-0.0012371, 0.0015689, 0.00073695,buy
2011-08-12,0,4,1,4,1,2,2,3,2,2,5,3,2,4,3,4,0, 0.0076962, 0.0088578, 0.0088578, 0.0086826, 0.00885775,buy
2011-08-13,0,3,1,5,0,3,0,5,1,2,5,3,1,4,2,4,1, 0.0049647, 0.0083391, 0.0059554, 0.0019906, 0.00539791,buy
2011-08-14,2,3,1,6,0,3,1,5,2,1,4,5,2,5,2,4,2, 0.0086869, 0.0127118, 0.0126610, 0.0083751, 0.01690088,buy
2011-08-15,1,3,1,4,1,2,1,4,3,1,5,4,1,4,2,4,1, 0.0034198,-0.0009045, 0.0052201, 0.0004540, 0.00414871,buy
2011-08-16,2,4,0,5,1,1,1,5,1,2,5,4,1,4,2,4,2, 0.0091269, 0.0054689, 0.0074424, 0.0091269, 0.01004435,buy
2011-08-17,2,4,0,4,0,4,2,5,1,3,5,5,4,5,3,1,2, 0.0105237, 0.0103756, 0.0273507, 0.0299519, 0.01379120,buy
2011-08-18,1,4,1,3,0,4,1,6,1,2,5,4,3,3,4,1,3,-0.0070709,-0.0193605, 0.0072088,-0.0029138,-0.00707094,sell
2011-08-19,1,3,2,3,0,2,1,5,2,1,4,3,4,2,3,2,2, 0.0126298, 0.0161121, 0.0178109, 0.0173198, 0.01593518,buy
2011-08-20,1,3,1,4,1,2,1,5,2,1,4,3,3,3,4,3,1, 0.0033482, 0.0027837, 0.0031632, 0.0051094, 0.00382472,buy
2011-08-21,0,2,0,5,2,2,0,6,1,3,2,3,4,2,5,3,2,-0.0008785,-0.0013403, 0.0051140,-0.0093463,-0.00068759,sell
2011-08-22,0,3,2,4,2,2,2,5,2,3,3,4,5,3,5,4,1,-0.0078479,-0.0055561,-0.0059703,-0.0078479,-0.00764795,sell
2011-08-23,0,3,3,3,2,2,2,5,1,1,4,3,4,3,4,4,0,-0.0443916,-0.0405243,-0.0433484,-0.0447354,-0.04439160,sell
2011-08-24,0,2,3,3,2,3,0,5,3,2,3,2,4,4,4,5,1,-0.0065207,-0.0130997,-0.0071316,-0.0072688,-0.00652071,sell
2011-08-25,1,2,2,4,2,3,1,3,3,3,2,3,4,4,3,6,2, 0.0055618,-0.0090111, 0.0053098, 0.0075168, 0.00556185,buy
2011-08-26,0,2,4,3,4,1,2,3,0,1,1,2,3,4,2,6,2,-0.0016816,-0.0032686,-0.0079097,-0.0002066,-0.01894378,sell
2011-08-27,0,1,4,5,3,1,3,2,2,2,2,3,2,5,4,6,1, 0.0037298,-0.0079904,-0.0001396,-0.0022351,-0.01064812,sell
2011-08-28,0,2,4,5,3,2,2,3,1,1,2,4,3,5,3,6,0,-0.0230536,-0.0424044,-0.0361429,-0.0419111,-0.04431617,sell
2011-08-29,1,1,6,3,2,1,2,3,1,1,3,4,2,4,3,4,1, 0.0161327, 0.0039217, 0.0026301, 0.0039217,-0.00518992,buy
2011-08-30,0,3,3,4,2,1,3,1,1,2,4,3,2,4,3,4,0, 0.0107670, 0.0177489, 0.0276287, 0.0169846, 0.01774887,buy
2011-08-31,1,2,3,4,2,1,3,0,0,3,4,2,2,3,3,4,1,-0.0099772,-0.0150312,-0.0204658,-0.0130501,-0.01438616,sell
2011-09-01,1,3,4,2,1,0,2,1,1,2,3,3,1,3,3,3,1,-0.0264781,-0.0328150,-0.0261451,-0.0271838,-0.02424538,sell
2011-09-02,0,4,5,3,1,1,3,1,2,1,4,3,2,4,3,4,1,-0.0079167,-0.0079167,-0.0093933,-0.0079167,-0.01119014,sell
2011-09-03,0,3,4,3,0,0,4,2,1,2,3,2,2,3,4,4,1, 0.0145432, 0.0022577, 0.0297736, 0.0230201, 0.02302015,buy
2011-09-04,0,1,2,2,1,0,4,1,2,2,3,3,1,2,4,1,1,-0.0100539,-0.0099141,-0.0124510,-0.0097730,-0.01399186,sell
2011-09-05,0,4,1,1,1,1,3,0,3,1,3,3,2,1,3,1,2, 0.0180354, 0.0061664, 0.0105308, 0.0051774,-0.00420574,buy
2011-09-06,1,3,2,1,0,1,3,1,2,2,4,2,3,2,3,1,1, 0.0207388, 0.0296509, 0.0208130, 0.0308544, 0.02073882,buy
2011-09-07,0,3,3,0,0,2,1,2,1,1,4,2,2,1,3,0,1, 0.0158947, 0.0233531, 0.0230586, 0.0043440, 0.01123254,buy
2011-09-08,0,3,2,2,1,2,3,1,2,1,4,2,2,2,3,2,2, 0.0067560, 0.0098181, 0.0090586,-0.0193269, 0.01092604,buy
2011-09-09,0,1,2,2,1,1,2,3,1,1,2,1,1,4,3,2,1,-0.0059912,-0.0092208,-0.0092022,-0.0060133,-0.00599120,sell
2011-09-10,1,1,2,2,3,1,2,3,2,0,1,2,2,4,4,3,1, 0.0028034,-0.0006188, 0.0003638, 0.0074099, 0.00239292,buy
2011-09-11,1,2,1,3,4,1,2,1,3,0,2,2,4,4,4,2,0, 0.0016556,-0.0020900,-0.0046663,-0.0069222,-0.01120034,sell
2011-09-12,0,1,3,2,4,1,2,2,1,0,3,3,3,2,3,1,1,-0.0000119, 0.0030995,-0.0013776, 0.0037071,-0.00077843,buy
2011-09-13,1,1,3,1,3,2,3,2,1,1,4,3,3,3,1,3,1, 0.0003840, 0.0000522,-0.0021401,-0.0070237, 0.00037870,sell
2011-09-14,0,3,2,2,2,2,1,2,1,1,4,3,3,4,1,1,0, 0.0109878, 0.0071967, 0.0069142, 0.0108715, 0.01498284,buy
2011-09-15,0,2,4,1,3,2,1,1,2,2,2,3,3,5,1,3,1,-0.0096784, 0.0019302,-0.0104239,-0.0195629,-0.01819451,sell
2011-09-16,1,1,3,2,4,1,2,1,2,2,3,3,3,3,2,3,2, 0.0169283, 0.0183317, 0.0171470, 0.0142827, 0.01692831,buy
2011-09-17,1,1,2,3,3,1,1,2,2,2,3,3,3,3,2,3,1, 0.0144992, 0.0187499, 0.0076668, 0.0126701, 0.01525217,buy
2011-09-18,0,1,2,2,3,1,2,1,2,2,2,2,3,3,2,3,1, 0.0007721, 0.0057240, 0.0019733, 0.0057472, 0.00095413,buy
2011-09-19,0,4,3,1,4,1,2,2,1,1,3,3,3,4,2,2,2, 0.0093156, 0.0153413, 0.0137664, 0.0135751, 0.01028384,buy
2011-09-20,0,3,3,2,4,2,2,2,1,2,4,3,3,4,3,3,1, 0.0018443, 0.0078200, 0.0094732, 0.0097795, 0.00761436,buy
2011-09-21,0,3,2,3,4,3,2,0,2,4,4,2,4,4,3,5,1,-0.0148902,-0.0153385,-0.0153385,-0.0187194,-0.02052927,sell
2011-09-22,1,2,2,3,5,1,0,0,1,2,2,2,5,3,1,4,0, 0.0154115, 0.0211871, 0.0207101, 0.0203178, 0.02440354,buy
2011-09-23,1,1,2,2,7,1,0,0,2,3,3,2,5,5,0,3,1, 0.0162158, 0.0185487, 0.0286191, 0.0201532, 0.02725779,buy
2011-09-24,0,1,1,4,4,3,0,1,3,2,4,1,4,3,1,4,2, 0.0065229,-0.0023689,-0.0128032, 0.0065229, 0.00631728,buy
2011-09-25,1,0,3,1,5,3,2,2,1,2,2,2,4,4,2,4,2, 0.0005783, 0.0154443,-0.0202253,-0.0195757, 0.00731571,sell
2011-09-26,1,1,2,2,4,2,2,1,2,3,3,3,4,4,2,3,1, 0.0401487, 0.0481839, 0.0467633, 0.0401487, 0.04446457,buy
2011-09-27,2,0,1,3,4,3,0,0,3,4,3,3,4,4,1,4,1, 0.0246706, 0.0253321, 0.0287867, 0.0297866, 0.02995032,buy
2011-09-28,3,0,2,2,4,2,0,0,2,3,4,2,3,3,2,3,1, 0.0157574, 0.0209312, 0.0042043, 0.0118741, 0.04315114,buy
2011-09-29,1,1,2,1,4,3,0,0,3,4,4,3,3,4,1,4,0, 0.0090345, 0.0030165, 0.0186085,-0.0005941, 0.02976810,buy
2011-09-30,1,2,1,1,3,3,2,1,2,4,4,3,2,4,2,4,1, 0.0440716, 0.0407104, 0.0380459, 0.0385324, 0.04487964,buy
2011-10-01,1,0,3,1,4,0,1,2,2,4,4,3,2,4,2,2,1,-0.0035065, 0.0035468, 0.0016123,-0.0061624,-0.00276717,sell
2011-10-02,1,1,1,3,4,0,0,0,5,2,5,4,2,2,2,1,1, 0.0331410, 0.0070778, 0.0040429, 0.0040600, 0.02983049,buy
2011-10-03,3,0,1,4,3,0,0,0,3,3,4,3,3,3,2,1,1,-0.0020306, 0.0056627,-0.0123352,-0.0039435, 0.00566266,sell
2011-10-04,3,0,2,2,3,0,0,1,1,3,3,2,4,2,3,0,1,-0.0193659, 0.0046311,-0.0212375,-0.0193659, 0.01791083,sell
2011-10-05,1,2,1,2,1,0,2,0,2,4,4,1,4,1,3,1,1,-0.0016899,-0.0057553,-0.0105765,-0.0068418,-0.00371354,sell
2011-10-06,1,2,2,1,0,1,1,2,2,2,2,2,2,2,3,2,1, 0.0034575, 0.0034575, 0.0124177, 0.0034575,-0.00105829,buy
2011-10-07,2,0,3,1,1,0,1,2,1,1,1,1,3,1,2,3,1,-0.0248925,-0.0222640, 0.0130187,-0.0197725,-0.01982490,sell
2011-10-08,3,0,2,3,2,0,1,0,3,1,2,2,3,1,3,2,2, 0.0016349, 0.0084573,-0.0036218, 0.0129841, 0.00563697,buy
2011-10-09,2,0,2,2,3,0,0,1,2,1,3,2,3,0,3,1,1, 0.0087715, 0.0187629, 0.0118304, 0.0076495, 0.01620698,buy
2011-10-10,3,0,2,3,3,0,2,1,2,2,3,2,4,2,3,3,1, 0.0032391, 0.0137873, 0.0168947, 0.0032391, 0.00209579,buy
2011-10-11,2,1,3,2,2,2,1,1,1,1,2,1,4,3,2,3,1,-0.0209419,-0.0178890,-0.0130603,-0.0132126,-0.02094049,sell
2011-10-12,1,2,2,1,2,2,1,0,2,0,1,2,2,2,2,4,0,-0.0195305,-0.0228833,-0.0055881,-0.0208945,-0.02263257,sell
2011-10-13,2,1,2,1,2,2,1,0,2,1,2,2,2,2,1,4,1,-0.0298660,-0.0298660, 0.0027336,-0.0298660,-0.02986604,sell
2011-10-14,3,0,1,2,2,2,0,1,2,1,3,1,1,3,2,3,1,-0.0068624,-0.0082248, 0.0054611,-0.0068667,-0.00769768,sell
2011-10-15,2,0,1,3,4,2,1,0,3,1,3,0,2,4,3,3,2,-0.0046524,-0.0070206,-0.0021996,-0.0062314,-0.01092047,sell
2011-10-16,2,2,1,3,3,2,1,0,4,0,4,1,1,4,3,3,2, 0.0064596, 0.0054746, 0.0049243,-0.0011187, 0.02911065,buy
2011-10-17,2,1,3,3,1,2,0,2,3,1,4,2,2,2,3,3,2, 0.0061254, 0.0059546, 0.0047245, 0.0052949, 0.00398021,buy
2011-10-18,2,4,3,4,0,3,0,1,3,1,4,1,4,3,3,3,3, 0.0265153, 0.0115705, 0.0070583, 0.0073078, 0.01443744,buy
2011-10-19,2,4,2,4,0,1,1,0,2,2,2,2,3,2,4,3,2,-0.0006835,-0.0103741,-0.0122319,-0.0118687,-0.01089354,sell
2011-10-20,1,4,2,3,2,1,0,0,1,3,3,1,4,2,2,3,2, 0.0079011, 0.0036938,-0.0027613, 0.0072885,-0.00657174,buy
2011-10-21,2,4,1,6,2,0,0,0,2,3,3,2,3,3,2,5,2, 0.0100782, 0.0097979, 0.0013199, 0.0094517, 0.00285160,buy
2011-10-22,2,4,3,5,2,1,0,2,2,1,3,2,4,4,3,5,1, 0.0201539,-0.0050397, 0.0130954, 0.0109143, 0.01281212,buy
2011-10-23,1,4,3,5,1,0,3,2,2,2,3,3,3,4,4,4,2, 0.0061852,-0.0097335,-0.0076000,-0.0096622,-0.00966215,sell
2011-10-24,1,4,1,5,3,2,4,4,2,3,4,4,4,5,4,5,3, 0.0181022, 0.0077749, 0.0167067,-0.0103806, 0.01599851,buy
2011-10-25,2,2,1,4,2,2,3,4,3,3,3,4,3,5,4,4,3, 0.0123447, 0.0124335, 0.0087737, 0.0021052, 0.01238973,buy
2011-10-26,2,2,2,2,2,2,3,2,4,2,3,3,3,5,4,3,2, 0.0112951, 0.0169916, 0.0125078, 0.0107526, 0.00885766,buy
2011-10-27,2,2,0,2,1,2,3,3,3,4,3,3,2,6,4,2,2,-0.0294573,-0.0322606,-0.0073329,-0.0114829, 0.00003966,sell
2011-10-28,2,1,1,1,2,1,4,4,2,6,2,4,3,6,5,2,2,-0.0069130,-0.0069130,-0.0181512,-0.0136597,-0.00691295,sell
2011-10-29,1,2,2,2,2,2,3,2,3,4,3,4,3,4,5,3,1,-0.0093899, 0.0070892,-0.0093899, 0.0115625, 0.01557074,buy
2011-10-30,2,1,3,2,0,2,3,0,4,5,3,3,4,3,4,3,2, 0.0055481, 0.0076178, 0.0028065, 0.0103232, 0.00947594,buy
2011-10-31,2,0,3,2,0,2,0,2,2,5,2,3,4,3,1,3,2, 0.0172709, 0.0190130, 0.0190130,-0.0001633, 0.01439975,buy
2011-11-01,1,1,2,0,1,2,1,0,4,6,3,3,4,1,2,3,2, 0.0110664, 0.0125852, 0.0101585, 0.0122489, 0.01145209,buy
2011-11-02,1,1,2,0,1,2,2,1,4,5,3,2,4,2,2,4,2, 0.0104315, 0.0015381, 0.0021837, 0.0019705,-0.00208421,buy
2011-11-03,2,1,3,0,2,2,2,2,1,4,2,3,5,3,2,3,1, 0.0230774, 0.0230774, 0.0206622,-0.0011099, 0.02313887,buy
2011-11-04,2,1,3,2,2,2,3,0,3,3,3,1,5,3,3,4,2, 0.0371287, 0.0377381, 0.0319078, 0.0315843, 0.04484125,buy
2011-11-05,1,2,2,2,4,1,2,3,2,1,3,0,3,3,5,4,2,-0.0076863,-0.0257654, 0.0040312,-0.0244289,-0.02383098,sell
2011-11-06,2,2,3,1,5,1,4,3,0,1,4,1,3,3,3,5,3, 0.0054044,-0.0031733, 0.0035472, 0.0073144, 0.00127068,buy
2011-11-07,2,1,3,2,3,1,3,3,0,1,3,1,3,3,2,5,2,-0.0081854,-0.0134169,-0.0035576,-0.0008738,-0.01543942,sell
2011-11-08,1,4,2,3,3,2,2,3,1,0,3,4,4,3,3,2,2,-0.0067478, 0.0056069, 0.0013175,-0.0000984,-0.00669513,sell
2011-11-09,2,3,3,2,2,2,3,3,1,0,2,3,3,4,3,3,3,-0.0005000,-0.0037033, 0.0086186,-0.0008370, 0.00051804,buy
2011-11-10,2,4,2,2,2,1,2,4,0,0,2,3,2,5,2,3,2, 0.0122206, 0.0012803, 0.0145202, 0.0122206, 0.01079274,buy
2011-11-11,1,4,1,2,2,1,1,4,1,2,2,4,3,2,3,4,1,-0.0147292,-0.0105229,-0.0113905,-0.0122478, 0.00505064,sell
2011-11-12,1,3,2,2,2,2,2,3,1,2,2,3,3,3,4,3,2,-0.0336611,-0.0309065,-0.0095192,-0.0309065,-0.02953447,sell
2011-11-13,1,4,4,1,1,2,1,2,0,0,3,2,3,2,2,2,2, 0.0198705, 0.0194799, 0.0275554, 0.0187627, 0.01987046,buy
2011-11-14,1,5,4,2,1,2,1,1,2,1,4,3,2,3,3,4,1, 0.0179214,-0.0003875, 0.0180468, 0.0196056, 0.01808313,buy
2011-11-15,1,6,2,3,2,2,1,2,0,2,3,3,3,3,3,4,2,-0.0044534,-0.0259353,-0.0107577,-0.0102515,-0.01086897,sell
2011-11-16,1,4,3,3,3,1,2,2,0,3,4,4,3,3,2,4,2,-0.0176335,-0.0204060,-0.0073555,-0.0182560,-0.02721921,sell
2011-11-17,1,5,4,4,2,1,2,1,0,2,5,3,2,3,1,5,3, 0.0025022, 0.0026406,-0.0114841,-0.0036883, 0.00292074,sell
2011-11-18,2,5,5,4,2,1,1,0,2,1,5,3,2,2,3,6,2, 0.0011617, 0.0011617, 0.0030116, 0.0023788, 0.00280603,buy
2011-11-19,2,5,5,3,2,1,1,1,1,1,5,3,2,2,3,5,2, 0.0069136,-0.0003736, 0.0064115, 0.0077507, 0.00775074,buy
2011-11-20,1,3,3,2,3,1,2,0,1,2,4,1,2,2,3,4,2,-0.0003931,-0.0276609, 0.0016285,-0.0092410, 0.00494130,sell
2011-11-21,1,2,3,2,4,1,2,0,2,2,4,2,4,2,2,4,1,-0.0097281,-0.0241653,-0.0221396,-0.0216535,-0.01972058,sell
2011-11-22,2,2,4,2,2,1,0,1,3,1,4,2,4,1,2,3,2,-0.0044172,-0.0044172,-0.0042858, 0.0011694, 0.00832067,sell
2011-11-23,1,3,4,2,2,1,0,2,5,3,4,3,4,2,3,5,2, 0.0186963, 0.0071992, 0.0154659, 0.0122854, 0.01337572,buy
2011-11-24,0,3,5,2,2,0,3,3,2,4,5,2,4,3,3,5,2, 0.0035084,-0.0092014,-0.0014283, 0.0002253,-0.00650119,sell
2011-11-25,0,2,5,2,2,0,4,2,2,5,6,3,3,3,4,4,1,-0.0036068,-0.0118034,-0.0059142,-0.0059463,-0.01321941,sell
2011-11-26,1,4,4,2,1,0,1,2,3,3,5,3,2,2,3,5,1,-0.0030633,-0.0026629, 0.0002058,-0.0005389, 0.00246037,sell
2011-11-27,3,2,5,1,1,0,1,2,3,3,4,3,3,4,2,4,1,-0.0133188,-0.0126000,-0.0144125,-0.0172635, 0.02110058,sell
2011-11-28,1,3,4,2,1,0,2,2,1,3,4,4,3,3,2,3,0, 0.0366824, 0.0276283, 0.0380825, 0.0334259, 0.04544030,buy
2011-11-29,1,3,3,2,1,0,4,2,1,4,3,5,1,4,4,3,1, 0.0063341, 0.0092471, 0.0071483, 0.0069330,-0.00098972,buy
2011-11-30,1,2,4,1,1,0,2,5,0,2,2,3,0,5,4,3,1,-0.0112562,-0.0041234,-0.0037108,-0.0159321,-0.01406139,sell
2011-12-01,2,1,4,1,0,0,2,4,3,2,3,2,1,5,3,3,2, 0.0187314, 0.0192476,-0.0042074,-0.0010929, 0.03497121,buy
2011-12-02,1,1,2,2,0,1,1,4,3,2,3,4,0,4,4,1,1, 0.0057831,-0.0022732, 0.0028728,-0.0012025,-0.00136834,buy
2011-12-03,2,1,2,1,1,0,3,4,0,2,3,3,1,2,4,2,1, 0.0200440, 0.0142247, 0.0042231, 0.0112860,-0.00165217,buy
2011-12-04,2,0,2,2,2,0,3,5,0,4,3,4,3,3,4,1,2, 0.0144908, 0.0141251, 0.0141251, 0.0255947, 0.03978704,buy
2011-12-05,1,2,2,1,1,1,2,5,0,4,1,4,2,5,4,0,3, 0.0021030, 0.0040621,-0.0011091, 0.0045169, 0.00406213,buy
2011-12-06,1,3,2,2,0,1,3,4,1,2,2,4,2,3,4,2,2, 0.0086798, 0.0162563, 0.0099677, 0.0185737, 0.01745955,buy
2011-12-07,1,2,4,2,0,0,2,5,0,2,4,4,1,2,3,3,1, 0.0085047, 0.0139893, 0.0153730, 0.0082940, 0.00778841,buy
2011-12-08,0,3,3,4,1,0,2,3,1,2,4,4,2,2,2,3,2,-0.0114706,-0.0120933,-0.0087084,-0.0110794,-0.01011875,sell
2011-12-09,0,4,2,4,2,0,2,3,1,3,4,4,3,2,3,3,2,-0.0317801,-0.0348049,-0.0241670,-0.0314402,-0.03455326,sell
2011-12-10,0,3,3,3,2,0,1,4,0,2,5,3,2,1,3,2,2, 0.0155913, 0.0173614, 0.0179987, 0.0173485, 0.01490232,buy
2011-12-11,0,2,4,2,1,1,1,2,1,1,5,1,1,2,2,3,1, 0.0047677, 0.0159342,-0.0012918, 0.0103072, 0.01731905,buy
2011-12-12,0,4,1,3,1,2,1,2,1,1,4,1,1,2,2,4,2, 0.0118681, 0.0039386, 0.0183191, 0.0153981, 0.01804600,buy
2011-12-13,0,2,2,1,2,1,1,3,0,2,4,1,1,1,2,3,2,-0.0008437, 0.0068493, 0.0012720,-0.0029123, 0.00507129,sell
2011-12-14,0,2,2,2,3,0,2,3,0,3,4,2,1,2,3,4,1, 0.0026561,-0.0067971,-0.0001621, 0.0026561, 0.00738511,buy
2011-12-15,0,1,2,3,3,1,2,2,2,1,4,1,1,2,4,3,2,-0.0142058, 0.0184168,-0.0154310,-0.0039826, 0.02807529,sell
2011-12-16,1,1,3,2,3,1,2,2,3,1,3,2,3,2,5,2,2,-0.0075089, 0.0252609, 0.0101775, 0.0036211, 0.00886385,buy
2011-12-17,1,2,4,3,1,0,3,2,2,2,4,2,3,3,5,1,2, 0.0016732, 0.0146200,-0.0011017, 0.0047747, 0.00425276,buy
2011-12-18,0,2,3,2,2,1,3,1,3,4,4,2,3,3,4,4,1, 0.0051051, 0.0135442, 0.0311730, 0.0051051, 0.02718384,buy
2011-12-19,1,2,2,3,0,0,3,1,3,4,3,3,3,2,4,3,1, 0.0044647,-0.0016941,-0.0046966,-0.0015760,-0.00252905,sell
2011-12-20,1,1,2,2,1,1,2,1,4,4,4,3,3,2,3,3,1, 0.0080919, 0.0016362,-0.0001959, 0.0041326,-0.00085861,buy
2011-12-21,0,2,1,3,0,0,2,1,5,3,3,3,3,3,2,3,0,-0.0215122,-0.0176827,-0.0217632,-0.0217632,-0.01953285,sell
2011-12-22,0,1,2,2,1,0,4,2,4,4,4,2,3,3,4,3,1, 0.0088930,-0.0058774, 0.0130130, 0.0091289, 0.00670937,buy
2011-12-23,0,2,1,3,0,0,3,3,3,3,4,3,1,3,3,3,1,-0.0007603,-0.0264642,-0.0221738,-0.0159909,-0.01657816,sell
2011-12-24,2,2,2,2,0,0,3,2,4,4,4,4,2,4,2,3,2,-0.0178138,-0.0058386,-0.0308220,-0.0302629,-0.02887315,sell
2011-12-25,2,2,2,3,0,0,2,2,0,2,5,3,1,3,1,1,1, 0.0030595, 0.0031289, 0.0023107, 0.0023340, 0.00055215,buy
2011-12-26,2,3,2,4,0,0,3,1,1,3,5,4,1,3,3,2,1,-0.0032350,-0.0026727,-0.0061528,-0.0027856,-0.00267266,sell
2011-12-27,2,4,1,4,1,0,2,2,1,3,4,5,0,3,3,4,1, 0.0082070,-0.0139603,-0.0126787,-0.0097648,-0.00777481,sell
2011-12-28,2,3,1,2,1,0,2,3,1,1,3,3,1,3,3,3,0,-0.0066537,-0.0076185,-0.0041842,-0.0076185,-0.01743585,sell
2011-12-29,2,2,1,3,0,0,3,2,2,1,4,1,1,3,4,2,1,-0.0235711,-0.0053207,-0.0211168,-0.0230998,-0.02110339,sell
2011-12-30,1,2,0,2,1,1,1,3,0,1,2,2,0,1,3,2,2,-0.0086713,-0.0084854,-0.0105784,-0.0090692,-0.00906921,sell
2011-12-31,2,2,0,1,1,0,2,3,0,2,2,1,2,2,2,3,1,-0.0054768,-0.0066446, 0.0005486,-0.0067382,-0.00542167,sell
2012-01-01,1,3,0,0,1,0,0,3,1,2,0,2,2,3,1,2,1,-0.0051562,-0.0095884,-0.0098124,-0.0058283,-0.00515618,sell
2012-01-02,2,4,0,0,1,1,1,2,2,1,1,2,2,3,2,3,1,-0.0126046,-0.0126526,-0.0116770,-0.0176388,-0.01090601,sell
2012-01-03,2,1,1,1,1,1,1,3,1,1,1,3,2,3,1,3,0,-0.0043290,-0.0043290,-0.0013540,-0.0088641,-0.00348791,sell
2012-01-04,0,2,1,1,1,0,0,4,2,3,1,3,3,3,1,2,1, 0.0015184, 0.0151978, 0.0010922, 0.0021178, 0.01048318,buy
2012-01-05,0,4,2,1,3,0,1,3,3,3,3,4,3,4,2,3,1,-0.0178716,-0.0112482,-0.0178716,-0.0223129,-0.00750912,sell
2012-01-06,0,5,2,1,2,0,0,4,2,2,3,3,3,3,2,2,2, 0.0066913, 0.0112503, 0.0161658,-0.0041562, 0.01599537,buy
2012-01-07,0,2,5,0,1,0,0,3,3,3,4,3,3,2,2,2,1, 0.0038044, 0.0117718, 0.0063117, 0.0038044, 0.01059773,buy
2012-01-08,0,5,4,2,1,1,0,2,3,2,3,3,4,3,3,3,1,-0.0181656,-0.0182544,-0.0079417,-0.0163950,-0.00665356,sell
2012-01-09,1,5,4,1,3,0,0,2,3,3,3,4,5,2,4,3,1, 0.0058882, 0.0379920, 0.0265186, 0.0314795, 0.03214374,buy
2012-01-10,2,4,4,0,4,0,0,2,2,3,4,4,3,4,3,2,1, 0.0411853, 0.0246398, 0.0381365, 0.0240217, 0.03813645,buy
2012-01-11,2,4,3,2,2,1,2,2,1,1,4,5,1,5,1,3,1, 0.0070194, 0.0061505, 0.0072158, 0.0063541, 0.00576979,buy
2012-01-12,2,3,5,1,1,2,2,0,2,1,4,3,2,4,2,3,1, 0.0070809, 0.0134295, 0.0088188, 0.0061640, 0.00793694,buy
2012-01-13,3,3,3,1,0,0,1,1,1,0,2,3,1,4,2,1,0,-0.0438119,-0.0346024,-0.0351389,-0.0346024,-0.03217184,sell
2012-01-14,3,3,2,0,3,1,2,0,1,2,2,3,2,4,3,2,1, 0.0110002, 0.0131843, 0.0184695, 0.0104352, 0.01535833,buy
2012-01-15,2,1,2,2,0,1,2,1,1,2,1,2,3,3,2,2,1,-0.0248779,-0.0241836,-0.0209308,-0.0237935,-0.02468786,sell
2012-01-16,3,1,4,1,1,1,3,2,1,2,3,3,4,2,3,2,2,-0.0091206,-0.0175175,-0.0245217,-0.0091206,-0.00358199,sell
2012-01-17,1,4,3,1,1,1,2,2,3,2,4,2,4,3,2,3,2, 0.0100849, 0.0092479, 0.0105184, 0.0091200, 0.01286220,buy
2012-01-18,0,4,2,1,1,0,3,2,4,4,4,2,4,3,2,4,2, 0.0051760, 0.0040055, 0.0042384, 0.0042384,-0.00688362,buy
2012-01-19,0,3,1,1,1,0,3,2,2,4,4,0,3,3,3,3,1,-0.0138521,-0.0134935,-0.0121291,-0.0116875,-0.01906900,sell
2012-01-20,0,3,2,1,0,0,1,2,4,4,4,2,3,2,3,3,0,-0.0102857,-0.0001045,-0.0029218,-0.0044370,-0.00307198,sell
2012-01-21,1,3,2,0,0,0,1,2,5,3,3,2,3,3,2,2,2, 0.0334238, 0.0254170, 0.0011552,-0.0131983, 0.03351771,buy
2012-01-22,0,3,2,1,0,0,2,3,3,4,4,2,3,2,3,2,2,-0.0008567,-0.0034999,-0.0012032,-0.0069429,-0.00301573,sell
2012-01-23,0,3,1,2,0,0,4,2,3,4,3,2,2,3,4,2,3, 0.0269776,-0.0004528, 0.0246211, 0.0204894, 0.02446667,buy
2012-01-24,0,2,2,3,1,0,4,4,2,3,2,4,1,5,5,2,2,-0.0047457, 0.0035535, 0.0035535, 0.0024550,-0.00492201,sell
2012-01-25,1,1,2,2,1,0,3,3,3,3,4,3,2,4,3,2,1, 0.0209265,-0.0078118, 0.0112845, 0.0057098, 0.01156925,buy
2012-01-26,1,1,1,3,0,1,2,3,3,3,4,3,1,3,3,2,2, 0.0124121,-0.0052182, 0.0266474, 0.0128027, 0.01362666,buy
2012-01-27,1,1,0,2,1,1,4,3,1,3,5,2,2,2,3,2,1, 0.0061966, 0.0059935, 0.0088295, 0.0132926, 0.00723236,buy
2012-01-28,1,2,0,2,1,0,5,3,1,3,3,1,3,3,4,2,2, 0.0256031, 0.0128677, 0.0343149, 0.0163349, 0.02777725,buy
2012-01-29,0,3,0,2,1,2,3,3,2,2,2,3,3,3,4,1,2,-0.0097555,-0.0073881, 0.0034362, 0.0003733,-0.00738813,sell
2012-01-30,1,2,1,3,1,2,4,3,2,2,3,5,2,4,3,2,2,-0.0040016, 0.0063286,-0.0070208, 0.0116223, 0.01981117,buy
2012-01-31,0,2,2,4,0,1,2,4,2,1,2,5,0,5,1,2,3,-0.0047881,-0.0038750,-0.0047881,-0.0033093, 0.00399137,sell
2012-02-01,0,3,1,3,1,1,3,3,2,2,3,4,1,4,3,2,2, 0.0039040, 0.0039716, 0.0038281,-0.0005610, 0.00022782,buy
2012-02-02,0,5,0,2,2,1,2,3,1,1,2,3,2,3,4,2,1,-0.0057523, 0.0096647, 0.0070776, 0.0070574,-0.00811713,sell
2012-02-03,0,4,2,2,0,1,1,3,0,2,1,3,2,2,4,1,2,-0.0045104,-0.0143986,-0.0006617,-0.0110087,-0.00693369,sell
2012-02-04,0,4,2,0,1,2,2,3,1,3,1,2,2,3,4,3,3,-0.0014037, 0.0031478, 0.0054602, 0.0060851, 0.00532198,buy
2012-02-05,1,6,0,2,1,2,1,3,1,0,1,2,2,2,4,4,2, 0.0012975,-0.0083944, 0.0061171,-0.0028797,-0.00132048,sell
2012-02-06,1,2,2,1,3,0,1,4,1,2,2,2,2,2,3,4,2,-0.0313018,-0.0225149,-0.0319667, 0.0086549,-0.02974982,sell
2012-02-07,1,2,1,3,4,0,3,4,0,1,4,4,1,2,1,5,2, 0.0171592, 0.0144923, 0.0107239, 0.0101567, 0.01213828,buy
2012-02-08,1,2,1,3,5,1,3,3,1,0,4,3,2,3,2,5,1,-0.0083234,-0.0163167,-0.0074999,-0.0111239,-0.01543757,sell
2012-02-09,2,0,2,2,5,1,2,5,0,0,4,3,2,3,2,4,1, 0.0014975,-0.0016559,-0.0005760, 0.0005823,-0.00765499,sell
2012-02-10,2,1,0,2,5,2,3,4,0,0,4,3,2,3,3,3,1, 0.0215103, 0.0284499, 0.0218222, 0.0314416, 0.03050736,buy
2012-02-11,2,0,1,2,5,2,3,2,0,2,3,2,4,4,3,2,1, 0.0152507, 0.0071460, 0.0109789, 0.0250494, 0.02139776,buy
2012-02-12,3,0,2,2,2,1,2,2,0,1,3,2,3,3,2,2,0,-0.0122225,-0.0026344,-0.0302779,-0.0122225,-0.00746744,sell
2012-02-13,3,1,3,2,3,1,2,2,1,1,3,2,3,3,3,4,1, 0.0145197, 0.0216530, 0.0163464, 0.0107297, 0.01451971,buy
2012-02-14,3,1,3,3,0,0,3,2,2,2,3,1,4,3,3,4,1,-0.0123590,-0.0123590,-0.0011692,-0.0189331,-0.00968812,sell
2012-02-15,2,0,4,1,1,0,4,2,1,2,4,0,3,3,4,2,1, 0.0085176, 0.0056273, 0.0055644, 0.0108665, 0.00562725,buy
2012-02-16,2,2,3,2,0,0,1,2,4,2,3,1,3,3,4,2,2,-0.0431175,-0.0372410,-0.0429964,-0.0109515,-0.03740372,sell
2012-02-17,3,2,2,1,0,0,2,1,4,3,3,1,3,4,2,3,2, 0.0068270, 0.0131695, 0.0213142,-0.0076947, 0.01967053,buy
2012-02-18,2,1,2,1,0,0,2,2,2,2,3,1,3,3,1,1,2,-0.0069033,-0.0050277,-0.0051881,-0.0047535, 0.02111937,sell
2012-02-19,1,1,1,3,0,0,4,1,3,3,4,1,3,3,3,2,1, 0.0015234, 0.0011003,-0.0059119,-0.0066230,-0.00463709,sell
2012-02-20,1,1,1,2,2,0,3,4,3,2,3,2,2,4,4,2,2, 0.0033392,-0.0140261, 0.0045428, 0.0045428, 0.00333920,buy
2012-02-21,2,0,2,2,2,1,3,5,3,0,3,3,3,2,4,3,2, 0.0309413, 0.0361856, 0.0360288, 0.0289626, 0.03372108,buy
2012-02-22,2,0,2,3,1,2,4,3,3,0,3,3,3,1,5,2,3, 0.0105444, 0.0303078, 0.0284169, 0.0206803, 0.03337782,buy
2012-02-23,2,1,1,3,2,2,4,4,1,0,4,3,3,1,5,2,2, 0.0042420, 0.0035231, 0.0166533, 0.0099367, 0.01331667,buy
2012-02-24,2,1,0,2,2,1,4,3,2,1,4,2,3,3,3,2,1, 0.0166767, 0.0096471, 0.0264573, 0.0176254,-0.00461833,buy
2012-02-25,2,2,0,0,2,1,2,4,2,1,2,3,3,4,1,1,2,-0.0181234,-0.0216237,-0.0181234,-0.0167683,-0.00787036,sell
2012-02-26,2,2,1,1,0,1,3,2,3,0,3,1,1,4,2,2,2, 0.0117981, 0.0163865, 0.0035951, 0.0009801, 0.01864238,buy
2012-02-27,1,1,2,1,0,0,2,3,3,0,3,2,1,3,1,2,1, 0.0236990, 0.0249585, 0.0236990, 0.0299633, 0.01064052,buy
2012-02-28,0,1,1,1,2,0,2,3,2,1,2,1,1,3,3,1,2,-0.0005291,-0.0013162,-0.0040620, 0.0246770,-0.00034026,buy
2012-02-29,0,2,0,1,3,2,3,2,3,1,2,2,2,3,5,1,2, 0.0168115, 0.0171492, 0.0193893, 0.0223130, 0.04092886,buy
2012-03-01,1,2,0,3,2,2,3,3,2,1,3,3,2,3,5,1,2,-0.0067449, 0.0087379,-0.0085598, 0.0091032, 0.01299355,buy
2012-03-02,1,0,3,2,1,2,2,2,4,1,2,2,3,2,5,2,2, 0.0302380, 0.0159358, 0.0198941, 0.0198941, 0.02526883,buy
2012-03-03,1,2,2,3,1,3,2,1,4,1,1,3,4,3,5,3,1, 0.0102503, 0.0126054, 0.0195543, 0.0195214, 0.00202614,buy
2012-03-04,1,2,2,3,2,2,3,2,2,2,0,4,4,1,6,4,2,-0.0097848,-0.0091353, 0.0042925, 0.0034793, 0.00368167,buy
2012-03-05,1,1,3,2,2,2,4,2,1,3,2,4,3,2,4,3,3, 0.0168131, 0.0215572, 0.0162198, 0.0142950, 0.02061705,buy
2012-03-06,1,2,3,4,0,3,5,1,2,1,3,3,3,3,4,3,3, 0.0035833, 0.0113534,-0.0032886, 0.0049844, 0.00979802,buy
2012-03-07,2,0,5,2,1,3,4,2,2,1,3,2,3,4,5,3,2, 0.0208326, 0.0111583, 0.0146789, 0.0111583,-0.00411415,buy
2012-03-08,3,1,4,2,0,1,4,2,1,1,5,1,1,4,4,2,2,-0.0020545,-0.0027078,-0.0025815,-0.0020545,-0.00097759,sell
2012-03-09,2,1,3,1,3,1,5,2,1,2,6,1,2,5,2,3,2,-0.0009874,-0.0002079,-0.0005235,-0.0028650,-0.00125987,sell
2012-03-10,3,0,4,1,1,0,4,3,1,2,5,3,2,4,2,2,1, 0.0089087, 0.0114027, 0.0088693, 0.0094533,-0.00857591,buy
2012-03-11,3,0,5,0,2,2,3,3,2,1,5,4,1,4,2,3,2, 0.0045404, 0.0014107, 0.0032691, 0.0041239, 0.00494915,buy
2012-03-12,2,1,4,1,1,2,4,3,2,1,5,3,1,5,2,3,2,-0.0026600, 0.0011814, 0.0019544, 0.0014143, 0.00228461,buy
2012-03-13,2,0,5,0,3,0,4,4,0,3,5,3,1,5,3,2,2, 0.0079595, 0.0086099, 0.0085644,-0.0002747, 0.00397138,buy
2012-03-14,2,2,4,2,4,0,3,3,0,2,6,4,0,4,3,2,3, 0.0116908, 0.0067471, 0.0061787, 0.0054251, 0.01340052,buy
2012-03-15,3,2,7,2,2,0,1,1,2,2,6,4,1,4,2,3,2,-0.0102114,-0.0136174,-0.0096001,-0.0176635,-0.00882046,sell
2012-03-16,3,0,7,1,2,0,1,2,0,2,4,4,2,4,1,2,1, 0.0018886, 0.0011027, 0.0151653, 0.0108262, 0.00756683,buy
2012-03-17,2,2,4,1,2,0,3,1,1,2,4,3,3,3,2,2,1, 0.0326288, 0.0425896, 0.0413536, 0.0323245, 0.03692864,buy
2012-03-18,2,2,3,0,4,0,4,2,1,3,4,2,3,4,2,4,2, 0.0075708, 0.0058720,-0.0015434, 0.0070754, 0.00575423,buy
2012-03-19,4,0,3,0,2,0,2,5,0,1,3,0,3,2,2,5,2,-0.0167380,-0.0135629, 0.0001151,-0.0088142,-0.02693314,sell
2012-03-20,4,0,3,1,2,1,3,2,2,0,3,1,3,2,3,5,1, 0.0266845, 0.0329962, 0.0307299, 0.0243954, 0.02147944,buy
2012-03-21,2,0,2,1,4,0,2,3,3,0,3,0,2,2,4,4,2,-0.0391640,-0.0063816,-0.0133292, 0.0191123,-0.01174079,sell
2012-03-22,3,0,2,0,5,0,3,4,0,1,2,1,3,2,3,5,2,-0.0002103,-0.0003238, 0.0089567, 0.0069766,-0.00021027,buy
2012-03-23,3,2,2,1,4,1,4,5,0,1,3,4,4,3,1,5,3, 0.0137462,-0.0004064, 0.0086974, 0.0075008, 0.00627383,buy
2012-03-24,2,2,1,2,3,2,4,3,1,1,1,3,5,4,2,5,1,-0.0127733,-0.0206365,-0.0091483,-0.0021852,-0.02459606,sell
2012-03-25,2,1,3,1,3,2,3,2,1,1,2,3,4,4,2,4,0,-0.0150002, 0.0021507, 0.0186466,-0.0046138,-0.01460375,sell
2012-03-26,3,2,2,2,4,1,2,3,0,1,2,3,3,5,2,4,1, 0.0088271, 0.0077618, 0.0287311, 0.0060865, 0.01524207,buy
2012-03-27,2,2,1,2,6,1,0,2,2,3,1,4,2,5,3,4,2,-0.0143738, 0.0003039,-0.0015311, 0.0086912,-0.00048340,sell
2012-03-28,1,2,1,2,5,1,2,2,2,3,3,3,3,4,3,4,1, 0.0138927, 0.0220924, 0.0184948, 0.0211712, 0.02961133,buy
2012-03-29,1,2,3,1,4,1,2,2,1,2,3,2,3,3,3,3,2, 0.0088172, 0.0064466, 0.0099380, 0.0047346, 0.00872115,buy
2012-03-30,1,2,3,1,3,2,1,3,3,2,4,2,2,4,4,3,2, 0.0134281, 0.0140412, 0.0081464, 0.0019199, 0.01387911,buy
2012-03-31,0,2,1,2,3,2,1,3,3,3,3,1,3,4,4,2,3,-0.0011456, 0.0005374, 0.0052552, 0.0072614, 0.00179090,buy
2012-04-01,0,0,2,1,5,1,2,1,2,3,2,1,3,4,3,2,2, 0.0265231,-0.0178017, 0.0271304, 0.0293310,-0.01763886,buy
2012-04-02,0,0,2,3,4,1,2,1,0,3,2,1,3,5,2,3,0, 0.0076006,-0.0047368, 0.0125719, 0.0110905, 0.00772886,buy
2012-04-03,1,1,1,2,4,2,1,1,1,4,2,2,4,3,3,3,1, 0.0173592, 0.0085282, 0.0097258, 0.0353093, 0.01553229,buy
2012-04-04,1,1,2,1,4,2,1,2,1,2,2,3,4,1,3,3,1, 0.0184914, 0.0388812, 0.0331371, 0.0371757, 0.01759245,buy
2012-04-05,0,1,1,2,3,2,3,1,1,3,2,3,4,2,2,3,1,-0.0029814,-0.0057852,-0.0008484, 0.0009157,-0.00351055,sell
2012-04-06,0,0,1,3,4,2,2,2,1,3,2,4,5,1,1,3,2, 0.0021863, 0.0030736, 0.0062000, 0.0033816, 0.01364628,buy
2012-04-07,1,0,1,3,4,1,1,2,2,2,1,4,5,0,2,3,2, 0.0068353, 0.0133874, 0.0122239, 0.0068986, 0.01687655,buy
2012-04-08,0,2,1,2,4,2,1,1,3,2,2,3,5,2,1,4,1, 0.0232354, 0.0110387, 0.0088573, 0.0096848, 0.01338375,buy
2012-04-09,0,2,1,2,3,2,1,2,1,4,0,3,5,3,2,4,1,-0.0022813,-0.0043039,-0.0030392,-0.0045558,-0.00660981,sell
2012-04-10,0,3,1,1,4,2,1,2,1,4,1,4,4,3,2,4,1,-0.0226946,-0.0241303,-0.0254346,-0.0188600,-0.03298784,sell
2012-04-11,0,3,1,2,4,2,0,0,3,3,1,4,3,2,3,4,1, 0.0278662, 0.0250063, 0.0153412, 0.0277513, 0.03190873,buy
2012-04-12,1,1,2,4,4,2,0,1,2,3,2,4,4,3,3,3,1,-0.0068058,-0.0075791,-0.0075245, 0.0037880,-0.00184518,sell
2012-04-13,0,2,1,3,4,2,1,2,1,2,3,3,3,2,4,2,1,-0.0354537,-0.0138760,-0.0138760,-0.0106226,-0.03044636,sell
2012-04-14,0,3,1,1,4,2,2,1,2,2,3,1,2,3,5,3,1,-0.0145969,-0.0138743, 0.0024749,-0.0081364,-0.01291172,sell
2012-04-15,0,2,2,1,3,2,1,3,0,1,2,0,2,3,4,2,2,-0.0214790,-0.0084175,-0.0250640,-0.0073497,-0.01625549,sell
2012-04-16,1,3,1,2,4,3,2,2,1,1,2,2,3,4,5,2,2,-0.0147752,-0.0143319,-0.0076245,-0.0136580,-0.02069536,sell
2012-04-17,1,2,0,2,4,2,2,1,2,1,3,1,3,2,4,3,1,-0.0101468,-0.0242708, 0.0008837,-0.0104142,-0.00958264,sell
2012-04-18,2,2,1,1,5,2,2,2,1,0,3,3,5,1,3,3,0, 0.0175241, 0.0343654, 0.0198451, 0.0234440, 0.04490131,buy
2012-04-19,2,2,1,2,4,2,3,3,2,1,4,4,6,2,2,3,1,-0.0201091,-0.0093300,-0.0059387,-0.0203095, 0.02989320,sell
2012-04-20,1,3,1,2,2,3,3,3,2,0,4,3,5,1,3,2,2,-0.0017690,-0.0024702,-0.0064029,-0.0068586, 0.01293188,buy
2012-04-21,1,2,3,1,2,2,4,2,2,1,3,3,5,2,2,4,1, 0.0245891, 0.0203568, 0.0286336, 0.0204966, 0.04730890,buy
2012-04-22,2,3,2,1,2,1,5,2,1,1,4,3,4,3,0,5,1,-0.0027097,-0.0188852,-0.0171916,-0.0103018,-0.00061563,sell
2012-04-23,2,3,1,1,3,1,3,2,2,3,4,4,5,2,1,5,0,-0.0289024,-0.0266721,-0.0289024,-0.0289024,-0.03769444,sell
2012-04-24,2,3,2,1,3,1,2,1,2,3,3,3,5,3,1,4,1, 0.0186535,-0.0255457,-0.0148382, 0.0045645,-0.03339607,sell
2012-04-25,2,3,4,0,1,1,3,0,1,1,3,1,4,3,1,3,1, 0.0389266, 0.0389266, 0.0448156, 0.0366198, 0.03447584,buy
2012-04-26,1,3,5,0,1,2,2,1,2,2,3,2,4,4,2,4,0, 0.0175070, 0.0249188, 0.0213922, 0.0215954, 0.01705461,buy
2012-04-27,1,4,3,1,1,2,3,1,1,3,3,2,3,4,2,5,1, 0.0067797,-0.0101249, 0.0055932, 0.0053063, 0.00658463,buy
2012-04-28,0,3,4,1,2,1,4,3,1,2,3,3,5,3,1,4,2,-0.0065512, 0.0004883,-0.0103057,-0.0086862,-0.00532030,sell
2012-04-29,0,2,4,0,3,1,3,2,1,2,3,2,4,4,0,3,2, 0.0093488, 0.0070444, 0.0099428, 0.0065880,-0.00685508,buy
2012-04-30,0,3,4,3,1,2,3,1,3,1,5,2,4,3,2,3,2, 0.0292283, 0.0282816, 0.0283202, 0.0020850, 0.02246958,buy
2012-05-01,1,2,4,1,2,2,2,2,1,0,4,2,3,3,2,2,1, 0.0040356, 0.0127025, 0.0191963, 0.0163951, 0.00262809,buy
2012-05-02,0,3,5,1,1,1,3,1,1,1,4,1,2,5,2,1,2, 0.0046727, 0.0208359, 0.0194199, 0.0119162, 0.01691717,buy
2012-05-03,0,4,3,2,2,3,4,2,1,1,4,2,3,5,4,2,2, 0.0116545, 0.0103176, 0.0099638, 0.0133618, 0.01052241,buy
2012-05-04,1,2,5,2,2,2,2,3,1,1,4,2,4,4,4,1,2, 0.0151977, 0.0197516, 0.0005135, 0.0050470, 0.00559085,buy
2012-05-05,1,2,3,2,2,2,2,1,3,0,3,2,2,3,4,2,2, 0.0264961, 0.0092392, 0.0113852, 0.0083283, 0.00925996,buy
2012-05-06,1,3,2,2,2,3,3,2,1,1,5,1,3,3,4,2,2,-0.0046473,-0.0040340,-0.0073517,-0.0061831,-0.00403396,sell
2012-05-07,1,2,3,0,1,2,2,2,1,2,3,1,2,3,4,2,1,-0.0143473,-0.0036089,-0.0136050,-0.0099156,-0.01059248,sell
2012-05-08,1,3,2,0,2,3,1,2,2,0,4,1,2,1,4,3,1, 0.0058450,-0.0156566, 0.0076274, 0.0058450, 0.00526281,buy
2012-05-09,2,1,3,1,1,1,1,2,2,1,4,1,3,2,2,3,0,-0.0045343,-0.0042042,-0.0071349,-0.0076915,-0.00968504,sell
2012-05-10,2,2,4,2,3,1,2,3,1,1,4,3,3,3,4,3,1,-0.0125974,-0.0044391,-0.0514051,-0.0205896,-0.01902016,sell
2012-05-11,1,4,5,2,4,1,4,3,2,1,5,3,3,4,5,4,3, 0.0053251, 0.0096656, 0.0063251, 0.0005565, 0.01051339,buy
2012-05-12,1,4,6,2,3,1,3,5,2,1,5,3,2,5,5,5,3, 0.0189006, 0.0097837, 0.0246453, 0.0193759, 0.01667158,buy
2012-05-13,2,2,6,2,2,1,3,5,2,1,4,3,2,5,5,5,2, 0.0269942, 0.0079545, 0.0047569, 0.0012684, 0.00777125,buy
2012-05-14,2,3,4,2,2,1,3,3,1,0,3,3,1,4,4,4,2,-0.0245212,-0.0228363,-0.0259392,-0.0204643,-0.01120335,sell
2012-05-15,1,2,4,1,3,0,3,3,1,1,4,2,1,3,4,3,2, 0.0150835, 0.0018876, 0.0157602, 0.0164242, 0.01377025,buy
2012-05-16,2,2,4,1,3,0,2,4,0,1,4,3,1,4,3,3,1, 0.0229228, 0.0262027, 0.0194997,-0.0038329, 0.01360899,buy
2012-05-17,1,3,2,2,3,1,2,2,1,1,4,3,1,4,4,1,1,-0.0180997,-0.0089451,-0.0118466,-0.0198556,-0.01980991,sell
2012-05-18,1,3,4,2,2,1,3,3,2,1,4,3,2,4,4,3,2, 0.0119512, 0.0154664, 0.0097773,-0.0014361, 0.00351431,buy
2012-05-19,2,2,4,1,2,0,3,3,1,1,4,2,2,3,3,3,2, 0.0086529, 0.0081042, 0.0091802, 0.0062876, 0.00945764,buy
2012-05-20,3,3,2,2,3,0,3,3,0,2,5,2,2,3,4,3,2, 0.0142717, 0.0065871, 0.0027800,-0.0170003, 0.00644258,buy
2012-05-21,1,4,2,2,3,0,2,2,1,3,3,4,2,3,4,3,1, 0.0010654,-0.0140624,-0.0138224,-0.0173733,-0.01276076,sell
2012-05-22,2,4,3,2,3,0,3,2,0,2,4,3,2,3,5,2,2,-0.0096090,-0.0099779,-0.0099779,-0.0105394,-0.00997786,sell
2012-05-23,2,3,4,1,2,1,3,1,0,3,4,2,3,3,4,2,2, 0.0035969, 0.0133590, 0.0123022, 0.0098715, 0.00987150,buy
2012-05-24,1,4,3,1,0,1,1,2,2,3,4,2,4,2,3,3,0,-0.0073172,-0.0079254,-0.0020189,-0.0009392,-0.00338237,sell
2012-05-25,0,3,2,2,2,0,2,2,2,3,3,2,4,2,4,2,1,-0.0020814,-0.0118594,-0.0068272,-0.0014175,-0.00360932,sell
2012-05-26,0,2,3,2,4,0,1,3,2,2,1,3,3,4,4,3,1,-0.0184620,-0.0238070,-0.0237000, 0.0044932,-0.02470103,sell
2012-05-27,0,1,2,4,2,0,1,0,4,3,2,1,2,4,4,3,1,-0.0126918,-0.0120631,-0.0090777,-0.0046493,-0.00907771,sell
2012-05-28,1,2,3,4,3,1,0,1,3,4,3,2,3,5,5,4,0, 0.0051990, 0.0046434, 0.0099001, 0.0053185, 0.00464340,buy
2012-05-29,1,4,4,2,3,0,1,1,2,4,3,3,2,5,5,3,1,-0.0116778,-0.0123873,-0.0123873,-0.0146998,-0.01828095,sell
2012-05-30,0,5,3,2,3,1,1,0,1,4,2,2,3,5,4,2,2,-0.0107008,-0.0104444,-0.0108845,-0.0106837,-0.01234017,sell
2012-05-31,2,2,2,3,1,1,1,0,1,4,1,4,3,2,3,2,2, 0.0092886, 0.0069775, 0.0066605, 0.0024017, 0.00756423,buy
2012-06-01,2,2,4,2,3,0,0,1,2,3,1,4,3,2,4,2,3,-0.0174214,-0.0006427,-0.0213222,-0.0186980,-0.01575687,sell
2012-06-02,1,4,3,3,3,0,1,1,2,3,0,4,5,3,4,2,3,-0.0106660,-0.0056945,-0.0110357,-0.0106660,-0.01252900,sell
2012-06-03,1,3,2,1,1,1,2,2,0,3,1,2,4,3,3,2,1,-0.0121303,-0.0065223,-0.0079670, 0.0009043,-0.01252794,sell
2012-06-04,0,3,2,0,0,1,2,1,1,4,1,3,3,1,3,2,1, 0.0093440, 0.0089516, 0.0180616, 0.0108854, 0.00921169,buy
2012-06-05,1,4,1,0,1,0,1,0,2,3,2,3,3,1,2,2,0, 0.0029336, 0.0026745, 0.0038885, 0.0025258, 0.00497494,buy
2012-06-06,1,2,3,1,1,0,1,1,1,4,2,3,5,1,2,1,1,-0.0275561, 0.0125998,-0.0264276,-0.0181257, 0.01476171,sell
2012-06-07,0,3,3,2,0,0,3,1,1,3,2,4,5,1,2,1,1,-0.0047192,-0.0045858,-0.0069907,-0.0037987, 0.00151373,sell
2012-06-08,0,4,4,1,1,0,3,0,1,2,2,4,4,1,3,1,1,-0.0140905,-0.0114490,-0.0114419,-0.0097855,-0.00676426,sell
2012-06-09,1,4,3,0,1,1,1,2,0,4,3,3,4,2,2,2,1,-0.0110379,-0.0108452,-0.0141626,-0.0091102, 0.00058934,sell
2012-06-10,1,4,2,1,0,2,2,0,1,4,1,2,4,2,4,2,2, 0.0109092, 0.0046344, 0.0127608, 0.0109092, 0.01433842,buy
2012-06-11,0,2,2,0,2,2,2,0,1,3,1,2,2,2,4,1,2, 0.0185883, 0.0203592, 0.0253731, 0.0192175, 0.02506837,buy
2012-06-12,1,2,1,1,1,1,3,0,3,3,1,1,2,3,4,3,2,-0.0159361, 0.0196887, 0.0223690, 0.0241543, 0.01968871,buy
2012-06-13,1,3,1,1,2,2,2,3,2,3,2,3,1,4,5,3,2,-0.0037706, 0.0010418, 0.0056567,-0.0047225, 0.00601427,buy
2012-06-14,0,3,1,2,2,2,3,3,2,2,2,4,2,3,5,2,2,-0.0122548,-0.0031437,-0.0030292,-0.0032149,-0.00945393,sell
2012-06-15,0,1,2,3,1,0,5,1,2,1,2,3,2,2,3,2,2,-0.0376606,-0.0370251,-0.0376606,-0.0395200,-0.03547111,sell
2012-06-16,1,2,2,3,2,0,1,2,1,1,2,3,1,3,4,2,0,-0.0006520, 0.0055908,-0.0009906,-0.0143527,-0.00336309,sell
2012-06-17,2,4,1,4,2,0,1,1,3,3,2,4,2,4,5,3,1,-0.0367213,-0.0161135,-0.0141603,-0.0364094,-0.03497302,sell
2012-06-18,1,5,2,3,2,0,2,2,3,3,2,5,2,3,6,3,2,-0.0184940,-0.0083936,-0.0179800,-0.0179602,-0.01933524,sell
2012-06-19,0,3,3,2,1,0,3,2,2,2,3,3,3,2,4,2,1,-0.0055506, 0.0030713, 0.0044076,-0.0008016,-0.00575266,sell
2012-06-20,0,4,2,3,1,1,4,2,2,2,3,2,4,3,4,3,2, 0.0194582, 0.0180886, 0.0150550, 0.0191562, 0.00919748,buy
2012-06-21,0,4,1,2,1,0,2,3,3,2,2,3,2,2,4,3,2, 0.0129194, 0.0083278, 0.0247973, 0.0153824, 0.02530674,buy
2012-06-22,0,3,2,1,3,0,2,2,5,2,2,4,3,3,3,3,2, 0.0142625,-0.0054543, 0.0157621, 0.0240811,-0.00040666,buy
2012-06-23,0,2,2,3,2,0,3,2,4,2,1,4,2,4,4,3,2, 0.0003357, 0.0047191, 0.0052266, 0.0042639, 0.00665811,buy
2012-06-24,1,1,2,3,2,2,3,1,3,5,3,2,3,5,5,4,1,-0.0293655,-0.0156228,-0.0187159, 0.0018866, 0.02271139,sell
2012-06-25,1,3,2,1,3,2,3,1,3,4,5,1,4,4,4,3,2, 0.0021945,-0.0063955,-0.0079043,-0.0123487,-0.00253268,sell
2012-06-26,2,4,3,1,3,1,3,0,3,2,5,2,4,4,3,2,2, 0.0505805, 0.0364783, 0.0351086, 0.0376716, 0.03318355,buy
2012-06-27,1,2,3,3,3,2,2,0,2,3,5,0,5,4,3,3,1,-0.0279766,-0.0096449,-0.0122200,-0.0005872,-0.01791567,sell
2012-06-28,2,2,2,4,3,1,2,0,2,2,5,1,5,3,3,2,1,-0.0182580,-0.0192901,-0.0306843,-0.0223432,-0.01919624,sell
2012-06-29,1,2,3,1,6,1,1,1,4,2,4,1,4,5,2,4,2, 0.0052310, 0.0004214,-0.0091813,-0.0003894, 0.00315605,buy
2012-06-30,1,3,1,2,3,2,1,2,4,3,3,2,4,5,3,4,1, 0.0014657, 0.0078595, 0.0121112, 0.0018750, 0.00240839,buy
2012-07-01,1,2,2,1,4,3,1,1,4,3,3,1,4,5,3,4,2, 0.0150516, 0.0212793, 0.0144248, 0.0144248, 0.01591992,buy
2012-07-02,1,3,2,1,4,1,0,0,5,3,3,1,4,4,3,4,1, 0.0135700,-0.0080572, 0.0211894, 0.0148129,-0.00872643,buy
2012-07-03,2,2,2,1,5,1,0,1,4,3,4,2,3,4,2,4,2,-0.0064252,-0.0002453,-0.0099677,-0.0016522,-0.02114449,sell
2012-07-04,1,2,3,3,3,1,1,1,3,2,4,2,3,3,3,3,2,-0.0005463, 0.0048437, 0.0007178,-0.0014932, 0.00770024,buy
2012-07-05,1,2,5,3,3,0,2,0,4,1,4,2,3,3,3,4,2, 0.0211681, 0.0198043, 0.0220263, 0.0216192, 0.01122532,buy
2012-07-06,1,2,3,3,3,0,0,2,2,0,3,1,2,3,2,3,2, 0.0073657,-0.0076253,-0.0058712, 0.0056137, 0.00475359,buy
2012-07-07,2,1,3,3,4,0,1,1,3,2,3,1,3,3,3,4,3, 0.0012666,-0.0056541,-0.0012222,-0.0046816,-0.00075053,sell
2012-07-08,1,0,2,3,4,0,1,1,3,1,3,0,2,3,3,3,2,-0.0086529,-0.0128542,-0.0062645,-0.0101730,-0.00822535,sell
2012-07-09,2,1,2,2,4,1,1,1,3,3,4,1,3,4,3,4,1, 0.0324259, 0.0292974, 0.0324837, 0.0367030, 0.03966583,buy
2012-07-10,2,2,2,2,3,2,1,3,4,3,5,1,4,5,2,5,2, 0.0154134, 0.0142418, 0.0110138, 0.0091299, 0.01676191,buy
2012-07-11,1,2,2,2,3,2,0,4,3,2,4,0,4,4,3,4,2,-0.0108964, 0.0044898, 0.0029046, 0.0067701,-0.00391855,sell
2012-07-12,1,1,3,2,3,1,3,1,3,2,4,1,3,3,2,5,2, 0.0120371, 0.0166958, 0.0089042, 0.0041532, 0.01812397,buy
2012-07-13,1,2,3,4,3,1,2,2,2,2,3,1,3,4,3,6,2,-0.0146222,-0.0188660,-0.0142353,-0.0153705,-0.01537051,sell
2012-07-14,1,2,3,4,3,1,0,2,3,3,3,2,3,3,4,6,1, 0.0012951,-0.0035572,-0.0060136,-0.0035572,-0.00011187,sell
2012-07-15,2,3,3,1,2,1,0,1,2,3,3,1,4,2,2,4,2, 0.0351803, 0.0080236, 0.0113421, 0.0150404, 0.02865283,buy
2012-07-16,1,4,4,0,0,1,0,1,1,2,2,1,3,1,2,3,2, 0.0222578, 0.0092462, 0.0306598, 0.0097603, 0.02475180,buy
2012-07-17,0,3,3,0,0,2,2,1,1,4,3,1,2,2,2,4,2, 0.0002020,-0.0036078,-0.0030420, 0.0077469,-0.00123591,buy
2012-07-18,0,3,2,1,0,2,1,2,2,5,3,2,2,2,3,4,2,-0.0108058,-0.0053901, 0.0097120, 0.0014876, 0.00288930,buy
2012-07-19,0,2,3,0,3,1,0,3,5,3,5,2,2,3,2,4,2, 0.0073545, 0.0010994, 0.0071748, 0.0071748, 0.00577973,buy
2012-07-20,0,1,3,2,2,1,0,0,7,2,3,2,1,4,2,4,2, 0.0179824,-0.0087226, 0.0082010,-0.0090170, 0.01432182,buy
2012-07-21,0,1,3,2,2,2,0,1,3,1,2,2,3,4,1,3,0,-0.0094184,-0.0065591,-0.0026456,-0.0152486,-0.00746750,sell
2012-07-22,0,1,3,0,3,2,1,1,2,3,3,2,3,3,1,3,1,-0.0070371,-0.0007374,-0.0054929,-0.0057100,-0.00955554,sell
2012-07-23,0,4,2,0,3,1,1,0,2,2,3,1,3,3,1,2,2, 0.0181002, 0.0241708, 0.0297884, 0.0347520, 0.00646671,buy
2012-07-24,1,2,5,1,3,2,0,0,2,2,3,2,4,3,1,3,2, 0.0242074, 0.0233649, 0.0218961, 0.0075262, 0.00460818,buy
2012-07-25,2,1,5,2,2,1,0,1,2,1,3,2,4,2,2,2,2, 0.0124748, 0.0106359, 0.0121149, 0.0160874, 0.02141074,buy
2012-07-26,0,0,5,1,5,1,1,1,2,1,3,1,2,4,1,4,2, 0.0019629,-0.0065341,-0.0102744,-0.0065341,-0.00624899,sell
2012-07-27,0,1,4,2,5,1,2,3,1,0,3,2,3,3,2,4,2, 0.0103915, 0.0071636, 0.0118796, 0.0103648, 0.00895622,buy
2012-07-28,0,0,5,2,4,1,2,3,3,1,4,2,4,3,3,4,1, 0.0011722,-0.0205387,-0.0223979,-0.0236469,-0.02391430,sell
2012-07-29,0,1,5,1,4,2,1,2,4,0,4,1,3,3,3,4,2,-0.0089882,-0.0036781,-0.0055559,-0.0000294,-0.00881290,sell
2012-07-30,1,1,4,1,4,1,0,1,3,1,3,0,3,3,2,4,2, 0.0002349, 0.0070630, 0.0071761, 0.0063235,-0.00332108,buy
2012-07-31,1,0,3,2,5,0,0,2,1,3,3,1,3,3,2,3,2, 0.0091627, 0.0060255, 0.0010309, 0.0063172, 0.01006663,buy
2012-08-01,0,2,4,3,4,0,2,0,2,1,3,1,3,3,3,3,2, 0.0188565, 0.0024364, 0.0061369, 0.0055221, 0.01601390,buy
2012-08-02,0,1,6,2,2,0,1,2,2,0,2,1,2,3,3,3,2, 0.0088630, 0.0336878, 0.0223918, 0.0397574,-0.01451370,buy
2012-08-03,1,1,5,3,2,0,1,2,2,0,2,2,3,3,3,3,1, 0.0299670, 0.0183788, 0.0318564, 0.0296467, 0.01195267,buy
2012-08-04,1,1,3,3,2,0,1,0,2,1,2,2,4,1,2,2,1, 0.0252718, 0.0458097, 0.0213585, 0.0275988, 0.02431842,buy
2012-08-05,0,0,3,1,3,0,2,0,1,1,1,1,4,0,2,1,2,-0.0248574,-0.0065995,-0.0166120,-0.0092009,-0.02584088,sell
2012-08-06,2,0,2,1,1,0,2,1,2,2,2,0,5,1,2,1,2,-0.0203506, 0.0077134,-0.0115328,-0.0203506, 0.00862991,sell
2012-08-07,1,1,1,1,1,2,1,2,2,0,3,1,4,1,2,0,1, 0.0007541, 0.0007136, 0.0001065, 0.0007263, 0.00296727,buy
2012-08-08,1,0,2,1,1,1,3,1,2,0,2,0,4,1,2,1,2, 0.0021518, 0.0026892, 0.0116036, 0.0031213, 0.00268924,buy
2012-08-09,1,0,2,2,2,0,3,2,1,0,1,2,3,2,1,2,2,-0.0149742,-0.0149150,-0.0149742, 0.0084944,-0.02190591,sell
2012-08-10,1,0,1,2,3,1,2,2,1,1,0,2,3,3,2,1,3, 0.0010706, 0.0030430,-0.0003608,-0.0003101, 0.00555535,buy
2012-08-11,2,1,1,4,2,1,2,0,2,2,1,2,4,3,2,3,2, 0.0015438, 0.0099634, 0.0076740, 0.0116872, 0.01044550,buy
2012-08-12,2,1,3,3,1,1,1,0,1,1,2,2,3,2,2,2,1,-0.0174900,-0.0298180,-0.0161302,-0.0171149,-0.01613020,sell
2012-08-13,2,1,5,3,2,2,1,0,2,2,1,3,3,4,3,4,2,-0.0294681,-0.0300251,-0.0302653,-0.0247318,-0.02755798,sell
2012-08-14,2,3,2,4,2,2,2,0,2,4,2,3,3,4,4,5,2, 0.0177263,-0.0120624, 0.0055972, 0.0058263, 0.00146800,buy
2012-08-15,1,1,2,4,3,1,1,1,2,3,2,2,4,3,3,4,1,-0.0086480,-0.0062826,-0.0007785,-0.0090565,-0.00864803,sell
2012-08-16,1,1,2,3,4,1,2,0,3,1,2,1,2,4,3,4,2,-0.0041139,-0.0093271,-0.0143648,-0.0153747,-0.00549951,sell
2012-08-17,1,2,1,5,2,2,2,1,5,1,3,3,2,4,4,4,2,-0.0029339, 0.0108661, 0.0333135, 0.0189453, 0.01497534,buy
2012-08-18,1,2,3,3,2,2,2,2,4,2,3,4,2,4,4,4,2,-0.0063561,-0.0021042,-0.0021042, 0.0016998,-0.00248738,sell
2012-08-19,1,4,2,2,1,2,4,2,4,2,5,4,2,3,5,3,2,-0.0169273, 0.0038704,-0.0158869,-0.0141233,-0.01751503,sell
2012-08-20,1,4,3,1,2,3,4,0,3,3,5,3,3,4,4,3,2, 0.0038508, 0.0033334, 0.0009848, 0.0044875, 0.00252581,buy
2012-08-21,3,3,3,4,1,2,2,0,3,3,5,3,4,2,4,3,3, 0.0114874,-0.0020565,-0.0020611,-0.0017671,-0.00230254,buy
2012-08-22,3,3,3,3,1,1,2,0,4,0,4,3,4,1,4,2,2,-0.0044148, 0.0053078,-0.0041558,-0.0046109, 0.00862695,sell
2012-08-23,1,3,2,3,2,1,3,1,3,0,4,2,4,2,3,2,2, 0.0032181, 0.0186394,-0.0035453,-0.0035453, 0.00525744,buy
2012-08-24,1,2,3,4,0,1,5,2,2,1,3,3,4,3,4,2,2, 0.0335541, 0.0313120, 0.0329639, 0.0311043, 0.02121999,buy
2012-08-25,0,3,3,3,1,2,3,2,2,0,4,3,3,3,1,3,2,-0.0002745,-0.0023871,-0.0045619, 0.0035766,-0.00616809,sell
2012-08-26,1,3,2,4,1,1,2,0,4,1,2,3,4,3,1,5,1,-0.0096860,-0.0056299,-0.0066351,-0.0046033,-0.00936852,sell
2012-08-27,1,2,2,4,2,2,1,1,3,1,2,3,4,3,1,4,2,-0.0005174,-0.0010281,-0.0099506,-0.0019994,-0.01583521,sell
2012-08-28,0,2,2,5,1,2,3,1,3,2,2,3,5,4,2,3,2,-0.0207683,-0.0207550,-0.0172302,-0.0200337,-0.01851345,sell
2012-08-29,0,4,3,2,2,1,3,0,4,2,1,4,3,4,3,5,1,-0.0049404,-0.0241073,-0.0119333,-0.0120962,-0.01229883,sell
2012-08-30,1,4,5,2,3,1,0,3,3,1,2,4,3,4,4,5,1, 0.0121295, 0.0189084, 0.0189084, 0.0197556, 0.01747580,buy
2012-08-31,1,3,4,2,2,1,1,1,4,2,2,3,3,3,5,4,1,-0.0080092,-0.0028411,-0.0080092, 0.0131636,-0.00443521,sell
2012-09-01,0,2,3,2,3,1,0,1,3,3,2,3,2,2,5,3,1, 0.0017023, 0.0106732, 0.0025239, 0.0041299, 0.01100830,buy
2012-09-02,1,2,4,0,5,1,1,2,3,3,2,4,3,4,3,4,2,-0.0051026,-0.0054362,-0.0051026,-0.0276080,-0.00062905,sell
2012-09-03,1,3,2,0,4,2,0,3,3,3,3,3,2,5,3,4,1, 0.0006086,-0.0032009,-0.0006829,-0.0115567,-0.00113757,sell
2012-09-04,0,2,3,0,3,3,1,3,3,3,3,3,3,5,3,3,1,-0.0038219, 0.0033492, 0.0006090,-0.0028837,-0.00140685,sell
2012-09-05,0,1,2,0,3,1,2,3,3,2,3,3,2,3,3,3,0, 0.0123963, 0.0241421, 0.0234666,-0.0044933, 0.02293781,buy
2012-09-06,0,1,1,1,4,0,1,5,3,4,4,2,2,3,4,3,2, 0.0051906, 0.0049617, 0.0044075, 0.0106886, 0.00496167,buy
2012-09-07,0,0,1,1,5,0,0,4,4,4,3,2,2,3,5,2,2,-0.0099728,-0.0097368,-0.0099728,-0.0111932,-0.00855651,sell
2012-09-08,1,1,1,1,4,0,0,5,3,3,4,2,2,2,4,3,2,-0.0042150,-0.0012819,-0.0046089,-0.0012819, 0.01334821,buy
2012-09-09,0,0,3,1,3,1,1,3,1,3,3,1,2,3,2,3,2,-0.0054630, 0.0062551,-0.0068600, 0.0068366,-0.00398723,sell
2012-09-10,0,1,3,1,3,1,2,2,0,3,5,1,3,2,1,2,2, 0.0211566, 0.0171980, 0.0199548, 0.0189515,-0.00352153,buy
2012-09-11,0,4,2,1,4,0,1,2,0,3,5,2,3,2,2,2,1,-0.0186967,-0.0178963,-0.0251803,-0.0195465,-0.01663337,sell
2012-09-12,1,3,2,0,4,0,0,2,0,3,3,2,1,4,1,2,2, 0.0028715, 0.0038514, 0.0044011, 0.0007738, 0.00659165,buy
2012-09-13,1,2,2,2,2,0,1,1,2,2,3,1,0,4,2,3,2,-0.0049284,-0.0031919,-0.0102920,-0.0092910, 0.00005518,sell
2012-09-14,0,4,2,2,3,1,2,2,1,0,2,1,2,5,2,3,2,-0.0055894, 0.0260217, 0.0255341, 0.0255419, 0.02160266,buy
2012-09-15,0,5,2,0,4,0,2,4,1,1,3,2,2,5,2,2,3,-0.0030434, 0.0052083, 0.0052083, 0.0071983, 0.00423459,buy
2012-09-16,0,5,1,0,4,1,3,4,0,2,3,3,3,4,3,2,2,-0.0281118,-0.0301685,-0.0281118,-0.0280810,-0.02720885,sell
2012-09-17,0,4,2,1,2,1,3,2,2,2,5,3,3,2,2,2,2,-0.0217781,-0.0277979,-0.0218053,-0.0181399, 0.00369462,sell
2012-09-18,1,4,1,1,3,1,2,1,2,2,5,2,3,3,3,2,0, 0.0276900,-0.0079280, 0.0011076,-0.0129680,-0.00472535,sell
2012-09-19,1,4,1,2,5,1,1,3,2,3,4,3,5,5,1,4,1, 0.0132863, 0.0126250, 0.0248627, 0.0276482, 0.01502536,buy
2012-09-20,1,5,1,2,2,1,3,3,1,3,3,3,4,5,2,4,1,-0.0030995,-0.0030995,-0.0017264,-0.0156460,-0.00324756,sell
2012-09-21,0,2,2,1,2,2,3,3,1,3,4,3,3,3,2,3,1, 0.0006547, 0.0000537, 0.0092089,-0.0048583, 0.00475036,buy
2012-09-22,1,3,1,4,2,2,2,2,3,3,4,3,3,4,2,5,2, 0.0156073,-0.0018880, 0.0108634, 0.0018763, 0.01147549,buy
2012-09-23,1,2,1,5,4,1,1,3,2,3,5,2,5,4,1,4,2,-0.0001113, 0.0055427,-0.0141049, 0.0145100, 0.00628167,buy
2012-09-24,0,2,1,5,3,1,2,2,2,3,5,2,5,3,2,3,1,-0.0086710,-0.0065284,-0.0040663, 0.0067231,-0.00262667,sell
2012-09-25,0,3,2,5,1,1,3,2,1,3,4,2,4,4,3,4,0, 0.0131940, 0.0079712, 0.0018453, 0.0114130, 0.00545847,buy
2012-09-26,1,1,3,4,1,2,0,4,0,3,2,3,3,4,2,4,1, 0.0022683, 0.0015406, 0.0125858, 0.0068478, 0.00142977,buy
2012-09-27,1,2,2,4,1,2,1,2,1,3,2,4,3,4,1,4,1,-0.0140243,-0.0124420,-0.0133399,-0.0298431,-0.01244198,sell
2012-09-28,0,1,2,5,1,1,1,2,1,3,2,4,1,4,1,4,1, 0.0029660, 0.0047201, 0.0095775, 0.0075423, 0.00690389,buy
2012-09-29,1,0,2,3,2,2,2,2,1,3,1,4,2,4,2,4,1,-0.0005646,-0.0026317,-0.0076231,-0.0259837,-0.00276108,sell
2012-09-30,1,1,0,3,0,2,2,3,2,3,1,4,2,4,2,3,1, 0.0001613, 0.0012909, 0.0009531, 0.0037243, 0.00086800,buy
2012-10-01,1,1,1,0,1,3,2,4,4,3,2,4,4,3,4,1,2, 0.0024805, 0.0005155, 0.0003198, 0.0024805, 0.00081666,buy
2012-10-02,1,0,3,0,1,3,3,2,3,3,1,4,4,2,4,2,2, 0.0094832, 0.0134094, 0.0105640, 0.0078209, 0.00958521,buy
2012-10-03,1,1,1,2,0,3,3,2,2,3,2,4,3,2,3,2,2,-0.0073866, 0.0271390,-0.0034781, 0.0168681, 0.01874044,buy
2012-10-04,1,0,2,3,2,3,2,2,3,5,2,4,5,3,4,3,2, 0.0091000, 0.0040859,-0.0025214, 0.0040859, 0.00419211,buy
2012-10-05,2,1,3,3,2,1,2,1,3,3,3,3,5,2,4,2,2, 0.0434570, 0.0398998, 0.0386930, 0.0383743, 0.04071443,buy
2012-10-06,2,0,5,3,2,1,2,1,2,2,3,4,5,1,5,1,1, 0.0089157, 0.0319418, 0.0292885, 0.0089157, 0.00891572,buy
2012-10-07,1,0,5,2,3,2,2,1,3,3,2,4,5,3,3,3,2, 0.0165169, 0.0268076, 0.0076838, 0.0090785, 0.00612959,buy
2012-10-08,1,2,4,4,2,2,3,2,2,2,3,4,5,3,3,4,2, 0.0022254, 0.0013326, 0.0068392, 0.0031893, 0.00747469,buy
2012-10-09,1,0,6,2,4,0,3,3,2,2,3,3,4,3,3,4,3, 0.0113042, 0.0110885, 0.0111303, 0.0130916, 0.01309163,buy
2012-10-10,0,1,5,3,3,0,2,1,3,1,2,3,2,4,1,5,2,-0.0049720,-0.0049586,-0.0049720,-0.0049586,-0.00497197,sell
2012-10-11,0,1,3,3,2,1,2,1,4,2,2,3,3,4,2,4,1,-0.0155439, 0.0021598,-0.0166935,-0.0164264,-0.01696972,sell
2012-10-12,1,0,4,1,2,1,2,2,3,4,3,2,3,4,3,3,2,-0.0006001, 0.0066075,-0.0011549,-0.0000634, 0.00013130,sell
2012-10-13,1,2,3,0,1,0,3,3,2,3,4,1,2,4,4,1,2,-0.0010179, 0.0053260, 0.0001696, 0.0077918, 0.00016775,buy
2012-10-14,0,1,3,1,2,1,4,2,2,3,5,2,3,2,3,2,2, 0.0297815, 0.0562319, 0.0261705, 0.0310261, 0.03102615,buy
2012-10-15,1,1,3,2,1,0,2,4,1,1,4,2,3,1,2,1,3, 0.0382931, 0.0349179, 0.0298094, 0.0298094, 0.01696848,buy
2012-10-16,1,2,2,1,3,0,2,3,3,1,4,2,3,2,2,2,3, 0.0038408,-0.0011110, 0.0041816,-0.0007094,-0.00050480,buy
2012-10-17,0,2,1,2,2,0,2,3,2,2,3,1,3,2,2,3,2,-0.0054622,-0.0101079,-0.0065191,-0.0066183,-0.00641588,sell
2012-10-18,1,1,3,1,1,1,3,4,1,3,3,2,3,3,3,3,2,-0.0019523,-0.0032578, 0.0033398,-0.0032578,-0.00427147,sell
2012-10-19,1,2,2,1,1,1,1,4,3,2,3,1,3,2,4,3,2,-0.0122945,-0.0147196,-0.0125575,-0.0051448,-0.01315511,sell
2012-10-20,2,3,2,2,1,0,2,4,3,2,3,2,4,4,3,3,2,-0.0185984,-0.0097249,-0.0391409,-0.0184034,-0.01840340,sell
2012-10-21,1,2,3,2,1,0,3,4,1,1,3,3,4,3,1,2,2, 0.0064166, 0.0125972, 0.0141340, 0.0153677, 0.00387452,buy
2012-10-22,1,1,3,4,0,1,3,3,3,1,3,3,2,4,2,3,3, 0.0297911, 0.0300503, 0.0166482, 0.0283604, 0.03368670,buy
2012-10-23,1,2,2,3,1,1,1,4,2,0,3,2,1,4,2,2,3, 0.0021031, 0.0013182, 0.0021031, 0.0021031, 0.00024190,buy
2012-10-24,2,3,2,1,2,1,1,4,2,1,4,1,3,4,2,3,2,-0.0052864,-0.0085680,-0.0047864,-0.0059166,-0.00829591,sell
2012-10-25,1,2,2,2,2,1,1,2,2,3,4,1,3,3,4,2,1,-0.0059901, 0.0074200, 0.0132034,-0.0050347, 0.00614868,sell
2012-10-26,2,3,1,2,3,2,1,1,2,2,4,1,4,2,4,2,2,-0.0167757,-0.0321719,-0.0271119,-0.0321719,-0.03050983,sell
2012-10-27,2,2,2,1,3,2,3,2,3,2,4,1,5,3,5,2,2, 0.0172223, 0.0179296, 0.0186584, 0.0188411, 0.01499372,buy
2012-10-28,1,2,2,0,2,2,2,2,3,1,3,1,4,2,4,2,1, 0.0101748, 0.0162498, 0.0171503, 0.0115103, 0.00258526,buy
2012-10-29,1,1,2,1,3,3,3,2,3,1,3,1,3,2,5,4,2, 0.0519101, 0.0417446, 0.0417446, 0.0417446, 0.04465679,buy
2012-10-30,1,1,2,2,3,2,4,2,2,2,3,1,2,4,4,5,2,-0.0044344,-0.0071193, 0.0077827, 0.0201907,-0.00271472,buy
2012-10-31,1,0,2,2,4,2,2,2,3,3,1,1,3,3,5,5,3,-0.0082425, 0.0048036, 0.0056605, 0.0112291, 0.01090182,buy
2012-11-01,1,2,2,0,4,3,2,1,3,3,2,1,4,3,4,5,2, 0.0372701, 0.0430647, 0.0354846, 0.0378874, 0.03727010,buy
2012-11-02,1,3,2,1,0,3,2,1,2,2,2,1,3,2,4,3,2,-0.0063946,-0.0248479,-0.0066188,-0.0063946,-0.00608902,sell
2012-11-03,0,2,3,0,1,3,3,1,2,4,2,0,2,4,4,4,3, 0.0051241, 0.0085309, 0.0078442, 0.0049072, 0.00598153,buy
2012-11-04,0,3,2,1,2,2,3,1,0,4,2,1,2,3,4,5,1,-0.0124004,-0.0159077,-0.0142560,-0.0133536,-0.01396408,sell
2012-11-05,0,4,3,0,3,1,2,2,0,3,3,1,3,2,4,5,0,-0.0020942,-0.0020942,-0.0020942,-0.0075605,-0.00217892,sell
2012-11-06,0,2,3,2,3,0,2,2,2,3,4,1,4,3,3,3,1, 0.0352113, 0.0198163, 0.0198163, 0.0203382, 0.01788004,buy
2012-11-07,0,2,3,3,1,1,2,2,2,2,3,1,4,3,2,3,2,-0.0068218, 0.0449206,-0.0037934,-0.0039282, 0.02202283,buy
2012-11-08,0,3,4,2,2,1,3,1,1,2,3,2,4,2,2,4,2, 0.0292895, 0.0043723, 0.0235282, 0.0098536, 0.02926207,buy
2012-11-09,0,5,3,2,1,0,3,2,0,3,4,2,3,3,2,3,2,-0.0038058,-0.0063215,-0.0029751,-0.0039368,-0.00161887,sell
2012-11-10,0,4,2,2,2,1,2,2,0,3,3,1,4,3,2,4,1, 0.0011530, 0.0005482,-0.0185335,-0.0039141, 0.00004873,sell
2012-11-11,1,2,3,3,0,1,1,2,1,2,2,1,4,2,1,4,2,-0.0114761,-0.0098437,-0.0268416,-0.0128100,-0.00870179,sell
2012-11-12,1,1,3,3,1,0,1,2,3,1,2,1,5,2,2,3,1,-0.0106791, 0.0147449, 0.0103692,-0.0107043,-0.00731085,sell
2012-11-13,1,2,2,3,2,0,3,4,2,1,2,2,5,3,2,4,2,-0.0131331,-0.0104349,-0.0147076,-0.0132524,-0.01313305,sell
2012-11-14,0,0,2,2,0,0,5,3,1,2,0,2,3,3,1,4,2, 0.0100998, 0.0112598, 0.0071463, 0.0157699, 0.00556547,buy
2012-11-15,0,1,1,1,0,1,3,3,2,1,1,1,2,2,2,3,2,-0.0484699,-0.0320041,-0.0443198,-0.0281156,-0.03945152,sell
2012-11-16,2,1,0,0,0,0,2,3,4,2,0,2,3,3,2,2,2,-0.0015406, 0.0046782, 0.0042946, 0.0007116, 0.00438212,buy
2012-11-17,1,0,0,1,1,0,2,3,2,5,2,1,4,3,1,2,2,-0.0141943,-0.0347050,-0.0252455,-0.0089501,-0.01919451,sell
2012-11-18,0,1,1,2,0,0,4,2,3,4,2,1,4,3,2,2,3,-0.0133513,-0.0307171,-0.0282888,-0.0280261,-0.01827649,sell
2012-11-19,0,2,2,2,0,0,2,4,3,3,2,1,3,3,3,4,2,-0.0358397,-0.0357301,-0.0379409,-0.0367857,-0.03794090,sell
2012-11-20,1,2,3,2,0,0,2,5,3,2,2,4,4,2,3,4,1, 0.0004599, 0.0021486, 0.0021486, 0.0063590,-0.00398181,sell
2012-11-21,2,2,3,3,0,0,2,2,5,3,3,4,5,3,2,4,1, 0.0018722,-0.0159975,-0.0001753,-0.0212743,-0.00233897,sell
2012-11-22,2,1,2,4,2,0,2,2,3,3,2,3,5,2,3,4,2, 0.0272742, 0.0122437, 0.0099453, 0.0121457, 0.01091219,buy
2012-11-23,3,1,2,2,3,0,3,2,3,4,2,4,4,3,4,5,1,-0.0172776,-0.0171436,-0.0173340,-0.0166624, 0.00032147,sell
2012-11-24,2,3,2,1,1,0,2,2,3,3,1,4,4,3,3,4,0, 0.0028897, 0.0029435, 0.0050784, 0.0034518, 0.00023626,buy
2012-11-25,2,2,4,1,1,2,3,2,4,2,1,4,4,4,4,5,1, 0.0003980,-0.0018639, 0.0042621, 0.0028326,-0.00235770,buy
2012-11-26,2,1,4,1,1,2,5,2,3,2,1,4,3,4,4,6,1, 0.0009333,-0.0054950, 0.0120919, 0.0121212,-0.00414431,buy
2012-11-27,2,1,1,3,2,0,3,1,3,3,1,3,3,4,3,5,0, 0.0149707,-0.0247054, 0.0098759, 0.0098759, 0.00987586,buy
2012-11-28,3,2,1,1,7,1,3,0,4,2,4,3,3,4,4,5,1,-0.0382088,-0.0386356,-0.0350888,-0.0386356,-0.01103300,sell
2012-11-29,3,2,1,3,6,1,3,0,3,1,4,3,2,4,4,4,2, 0.0037552, 0.0129283, 0.0123822, 0.0160409, 0.01752496,buy
2012-11-30,2,1,3,3,2,2,3,1,3,1,3,2,2,5,5,3,1,-0.0258460,-0.0266246,-0.0130978, 0.0018699,-0.01495211,sell
2012-12-01,2,2,4,2,2,3,4,1,3,1,4,3,3,5,4,4,1,-0.0055480,-0.0060405,-0.0060405,-0.0007361,-0.00111864,sell
2012-12-02,1,5,1,2,3,1,3,3,1,0,4,2,5,3,2,2,2, 0.0125292, 0.0100535, 0.0083993,-0.0147549, 0.01529710,buy
2012-12-03,1,3,1,1,5,1,2,3,2,2,5,3,4,4,1,2,2,-0.0075319,-0.0031523,-0.0072135,-0.0048259,-0.00337786,sell
2012-12-04,1,1,0,4,4,1,2,2,2,2,4,3,2,5,1,3,1,-0.0134308,-0.0102452,-0.0244656,-0.0063488, 0.00928939,sell
2012-12-05,0,1,1,4,2,2,1,2,2,1,3,3,3,3,1,3,0,-0.0014393,-0.0071012, 0.0123864, 0.0049883, 0.00520124,buy
2012-12-06,0,1,2,1,2,1,1,3,3,1,3,3,2,2,2,2,1, 0.0015080, 0.0058499, 0.0174955,-0.0000618, 0.01977883,buy
2012-12-07,0,4,1,1,1,2,1,5,2,1,2,4,4,3,1,2,2, 0.0188265, 0.0188265, 0.0188265, 0.0220087, 0.02233106,buy
2012-12-08,0,2,1,2,1,1,2,4,1,3,1,4,5,3,1,2,1,-0.0294921,-0.0296876,-0.0294921, 0.0014110,-0.02949207,sell
2012-12-09,0,2,1,3,1,0,2,4,0,2,1,3,5,2,0,3,1,-0.0004942,-0.0024079,-0.0004942, 0.0003545,-0.00273604,sell
2012-12-10,1,2,2,1,2,0,1,4,2,1,1,3,4,2,2,4,0, 0.0138512, 0.0018505, 0.0018505,-0.0143910,-0.00182560,sell
2012-12-11,1,2,2,2,0,0,1,6,1,2,0,4,4,2,1,5,1,-0.0076795,-0.0095001,-0.0070880,-0.0141198,-0.01596906,sell
2012-12-12,0,1,2,0,0,1,3,5,0,3,1,3,4,2,2,3,0, 0.0091595, 0.0139075, 0.0098403,-0.0154602, 0.00946463,buy
2012-12-13,0,2,1,0,0,0,3,4,1,3,0,3,3,1,2,4,1, 0.0339920, 0.0355898, 0.0399298, 0.0151487, 0.03709607,buy
2012-12-14,1,1,1,1,1,1,3,5,2,3,3,2,4,3,3,3,1,-0.0071136,-0.0055642,-0.0056675,-0.0075572,-0.00525523,sell
2012-12-15,1,1,2,2,0,1,4,4,2,2,3,3,4,1,2,4,2, 0.0008413,-0.0133255,-0.0061259,-0.0061259,-0.01533108,sell
2012-12-16,0,1,3,1,0,1,5,2,2,2,3,2,2,2,3,4,1,-0.0169317,-0.0279675,-0.0279675,-0.0287069,-0.03032684,sell
2012-12-17,1,3,2,1,0,1,4,4,0,2,3,3,2,2,3,4,1,-0.0022705,-0.0062734,-0.0003445,-0.0068499,-0.00427117,sell
2012-12-18,1,1,3,1,0,1,4,3,2,3,4,3,3,2,3,3,1,-0.0106906,-0.0325199,-0.0289114,-0.0338066,-0.03072191,sell
2012-12-19,0,1,2,2,0,2,4,2,2,2,4,4,2,1,4,1,1,-0.0062752,-0.0041177, 0.0007954,-0.0094839,-0.00222499,sell
2012-12-20,1,0,2,2,1,2,5,1,3,2,4,3,3,3,3,2,1,-0.0056371,-0.0146736,-0.0023717,-0.0082969,-0.01748393,sell
2012-12-21,1,1,2,2,1,1,3,3,2,2,4,2,2,3,2,3,2, 0.0410979,-0.0084145, 0.0324657, 0.0255853, 0.02823428,buy
2012-12-22,0,1,1,2,0,1,5,2,2,2,3,3,3,2,1,3,1, 0.0092883,-0.0078258,-0.0064816,-0.0201106,-0.00609261,sell
2012-12-23,0,2,2,1,1,2,6,1,2,1,3,3,3,2,2,4,1, 0.0009820, 0.0056386, 0.0054970, 0.0040621, 0.00560759,buy
2012-12-24,0,2,1,1,0,1,3,2,1,2,1,3,3,2,1,3,0, 0.0095331, 0.0097574, 0.0146301, 0.0004734, 0.00953313,buy
2012-12-25,2,1,1,1,3,2,3,2,2,2,3,2,3,4,3,3,1, 0.0341658, 0.0389814, 0.0380594, 0.0413609, 0.04518424,buy
2012-12-26,2,2,0,1,3,2,3,2,4,1,3,2,3,3,4,4,1, 0.0380465, 0.0392874, 0.0380465, 0.0394807, 0.03823780,buy
2012-12-27,1,1,1,1,2,0,1,2,2,2,1,2,2,1,3,4,0, 0.0111159, 0.0047992, 0.0135822,-0.0050454, 0.00900495,buy
2012-12-28,1,1,2,1,3,1,2,2,2,2,2,2,3,2,3,4,1,-0.0051782,-0.0036301, 0.0151843,-0.0036301,-0.00444637,sell
2012-12-29,1,2,2,1,2,1,1,3,3,1,3,1,3,2,4,3,1,-0.0027928,-0.0002287, 0.0095591,-0.0004364, 0.00047472,buy
2012-12-30,1,2,2,1,3,1,1,3,4,2,4,2,3,2,4,4,1,-0.0045106,-0.0053004,-0.0023516,-0.0054710,-0.00443883,sell
2012-12-31,1,1,3,1,2,1,1,1,4,4,3,2,2,2,3,6,1, 0.0042196, 0.0069994, 0.0073808, 0.0057792, 0.00428097,buy
2013-01-01,1,1,2,2,3,1,3,2,3,3,3,3,3,3,3,5,1, 0.0226494, 0.0292574, 0.0281071, 0.0290564, 0.03767939,buy
2013-01-02,1,2,2,0,3,1,2,3,4,3,3,3,3,3,4,4,1,-0.0132985,-0.0157604,-0.0100332,-0.0160189,-0.00344191,sell
2013-01-03,2,3,1,1,2,0,2,4,3,3,3,3,3,4,4,3,1,-0.0315739, 0.0005257,-0.0319516,-0.0303948,-0.02792567,sell
2013-01-04,2,2,3,0,2,1,3,3,2,3,3,3,2,5,4,4,0,-0.0088948, 0.0052242,-0.0088335,-0.0320882,-0.01787445,sell
2013-01-05,1,2,2,2,1,0,3,3,3,3,3,4,2,3,4,3,1,-0.0051103, 0.0060171,-0.0091642,-0.0091642,-0.00757817,sell
2013-01-06,2,1,2,0,3,0,2,4,4,3,3,4,2,3,4,3,2,-0.0237509, 0.0318577, 0.0267331, 0.0337558, 0.02646376,buy
2013-01-07,2,1,1,1,2,0,2,5,3,2,3,3,3,4,4,1,1, 0.0056032, 0.0027411, 0.0056032,-0.0100051, 0.00190727,buy
2013-01-08,1,0,2,1,0,1,5,5,3,2,3,3,4,4,4,1,1,-0.0063915,-0.0092309,-0.0088446,-0.0147203, 0.00889915,sell
2013-01-09,1,1,2,1,0,1,4,5,3,2,3,4,3,3,4,3,0, 0.0054308, 0.0105366, 0.0083765, 0.0047990,-0.00086859,buy
2013-01-10,2,1,1,1,1,0,3,4,3,3,3,3,4,2,3,3,1,-0.0124059,-0.0036709,-0.0030426,-0.0016770,-0.00314240,sell
2013-01-11,1,0,0,3,2,0,3,2,2,3,5,2,3,2,2,2,0,-0.0088043,-0.0199945,-0.0327692,-0.0109528,-0.00765344,sell
2013-01-12,1,0,1,3,1,0,4,1,2,3,5,0,3,3,2,2,1, 0.0000946,-0.0120746, 0.0001045, 0.0004179,-0.00366778,sell
2013-01-13,2,2,1,2,1,0,1,4,1,3,5,1,2,3,3,2,1, 0.0112071, 0.0040487, 0.0047239, 0.0055296, 0.00619166,buy
2013-01-14,2,2,1,2,1,0,1,3,3,3,5,0,1,3,4,3,2,-0.0031176,-0.0056841,-0.0056962,-0.0022161,-0.00568409,sell
2013-01-15,1,0,1,2,1,0,2,1,3,2,4,1,0,2,2,3,1,-0.0016486,-0.0052038,-0.0011813,-0.0048239, 0.00027494,sell
2013-01-16,2,0,0,2,1,0,1,2,2,1,3,1,1,1,2,3,0,-0.0040130,-0.0087482,-0.0106788,-0.0092670,-0.00987200,sell
2013-01-17,2,0,0,0,2,0,3,3,3,3,2,2,4,2,2,3,1,-0.0211115,-0.0072960,-0.0211115,-0.0040589,-0.01892669,sell
2013-01-18,1,2,0,0,0,0,2,3,3,0,1,1,4,2,1,1,1, 0.0006718, 0.0006718, 0.0002608, 0.0002137, 0.00067184,sell
2013-01-19,1,2,2,0,0,1,4,2,2,0,2,0,4,2,2,2,2, 0.0199796, 0.0241227, 0.0268016, 0.0257043, 0.02581437,buy
2013-01-20,1,2,3,1,0,1,2,3,2,1,2,1,3,3,3,3,1,-0.0153325,-0.0152915,-0.0172976,-0.0113279,-0.01533254,sell
2013-01-21,2,3,2,2,0,0,2,4,4,2,4,2,4,3,2,5,1,-0.0299797,-0.0261096,-0.0273604,-0.0316630,-0.03167714,sell
2013-01-22,1,4,2,1,3,0,3,3,3,2,4,1,5,3,3,4,2, 0.0038249, 0.0018778, 0.0036178, 0.0003363, 0.00529102,buy
2013-01-23,0,3,4,2,1,0,2,3,2,1,4,1,4,2,3,3,1, 0.0174225, 0.0379663, 0.0177857, 0.0280123, 0.01708558,buy
2013-01-24,0,2,4,3,0,1,4,3,2,2,5,2,3,3,4,4,0, 0.0157413,-0.0073501,-0.0065592,-0.0048917,-0.00285678,sell
2013-01-25,0,3,3,3,1,2,3,4,1,2,5,3,3,3,4,3,1,-0.0037637,-0.0008858, 0.0002065,-0.0035672,-0.00550692,sell
2013-01-26,0,3,2,1,2,1,3,3,2,2,5,2,1,3,4,3,1,-0.0147578,-0.0067076,-0.0083929,-0.0115924,-0.01349967,sell
2013-01-27,0,2,2,2,2,0,3,1,2,3,4,1,1,4,4,3,0,-0.0051637,-0.0041388,-0.0049400,-0.0062612,-0.00328605,sell
2013-01-28,0,2,1,3,1,2,2,2,1,2,3,2,1,3,3,3,1, 0.0040017, 0.0053523, 0.0024419, 0.0040017, 0.00356013,buy
2013-01-29,1,2,2,2,1,2,2,2,2,2,4,2,2,3,3,3,1, 0.0016870, 0.0031221, 0.0110032, 0.0016870, 0.00708833,buy
2013-01-30,1,4,3,1,1,0,2,3,1,1,3,2,1,4,4,1,2, 0.0008594, 0.0162909, 0.0168299,-0.0011787,-0.00017568,buy
2013-01-31,1,3,3,0,2,1,4,4,0,2,3,2,3,5,4,2,1, 0.0013884,-0.0031538,-0.0076833,-0.0017917,-0.00298801,sell
2013-02-01,1,3,1,3,0,1,4,3,0,2,3,2,3,4,3,2,1, 0.0184870, 0.0184870, 0.0161301, 0.0106068, 0.01848702,buy
2013-02-02,1,2,2,1,2,0,3,2,0,2,3,2,3,2,2,2,1, 0.0018221,-0.0085764,-0.0028283,-0.0029226,-0.01126911,sell
2013-02-03,3,4,2,1,2,0,3,1,2,2,4,3,4,3,3,3,0, 0.0395602, 0.0136588, 0.0334280, 0.0148051, 0.03335355,buy
2013-02-04,3,4,2,1,0,1,3,2,2,4,4,4,5,2,2,4,1,-0.0133764,-0.0061677,-0.0055553,-0.0061617, 0.00914317,sell
2013-02-05,3,0,2,0,0,1,5,3,2,4,3,3,4,2,2,4,2, 0.0014225, 0.0227136,-0.0017852,-0.0067323,-0.00188763,sell
2013-02-06,3,1,1,0,1,0,6,3,3,3,4,3,4,0,1,6,3,-0.0091856, 0.0071936,-0.0113699,-0.0125446,-0.01295398,sell
2013-02-07,4,0,1,1,1,0,7,3,4,4,5,4,5,2,2,5,2, 0.0148551, 0.0222060,-0.0034571,-0.0122529,-0.00345706,buy
2013-02-08,3,1,2,1,0,0,7,3,2,3,6,4,4,1,1,5,1, 0.0055892,-0.0047576,-0.0021844,-0.0179577,-0.00139271,sell
2013-02-09,4,2,3,0,0,0,8,1,3,4,5,3,3,3,4,5,2, 0.0091499, 0.0150210, 0.0100121, 0.0103518, 0.01723047,buy
2013-02-10,4,4,3,0,0,0,5,4,3,3,5,2,3,5,5,5,1,-0.0041089,-0.0080691,-0.0087223,-0.0040167,-0.00657694,sell
2013-02-11,4,2,4,0,0,0,6,2,3,4,5,2,2,5,5,4,2,-0.0044700,-0.0056583,-0.0017704,-0.0054042,-0.00027662,sell
2013-02-12,1,2,3,1,0,0,4,3,2,3,3,1,0,4,6,2,3, 0.0258595, 0.0123177, 0.0348311, 0.0321313, 0.03161220,buy
2013-02-13,2,2,2,1,1,0,5,3,4,3,3,2,1,5,6,3,3, 0.0002868,-0.0024874, 0.0002868, 0.0049239, 0.00028683,buy
2013-02-14,1,3,2,0,1,0,3,4,3,3,3,3,1,5,5,1,2,-0.0077374,-0.0101875,-0.0117517,-0.0217217,-0.00750916,sell
2013-02-15,1,3,3,0,0,1,4,4,3,2,4,2,1,5,5,3,1, 0.0044484, 0.0271251, 0.0195641,-0.0068015, 0.00771348,buy
2013-02-16,2,2,3,0,0,1,3,3,2,2,3,2,1,3,4,3,2, 0.0038760, 0.0000030, 0.0192969, 0.0066864, 0.02274577,buy
2013-02-17,2,2,1,1,0,0,1,3,1,3,1,1,2,3,2,2,3,-0.0235298,-0.0194085,-0.0187760,-0.0198109,-0.02181121,sell
2013-02-18,3,4,1,0,2,0,1,2,2,2,2,2,3,3,3,2,2,-0.0425358,-0.0413611,-0.0158014,-0.0414476,-0.04618734,sell
2013-02-19,2,4,2,1,2,0,1,2,1,1,1,3,2,3,4,1,2, 0.0001624, 0.0030946, 0.0107132, 0.0037518,-0.00154833,buy
2013-02-20,2,3,3,2,0,1,2,2,1,2,3,2,2,3,3,2,3,-0.0159635,-0.0117605,-0.0151465,-0.0149401,-0.00758903,sell
2013-02-21,2,3,4,2,0,1,2,2,1,2,3,2,3,3,3,4,1,-0.0008259, 0.0013774,-0.0008259,-0.0008259, 0.01283279,buy
2013-02-22,2,4,2,2,2,0,1,3,0,1,3,3,3,1,3,3,1, 0.0114330, 0.0098743, 0.0121222,-0.0009791, 0.06224248,buy
2013-02-23,2,3,2,1,2,0,1,1,1,2,3,2,2,2,4,2,0, 0.0192485, 0.0149334, 0.0175829, 0.0157267, 0.01727089,buy
2013-02-24,3,2,1,2,2,1,1,1,0,2,2,2,2,3,3,2,1, 0.0100796, 0.0061831, 0.0147846, 0.0096900, 0.00973269,buy
2013-02-25,3,0,2,1,1,2,1,1,2,2,2,1,3,4,2,2,1,-0.0046567,-0.0069065,-0.0084887, 0.0074758, 0.00966870,buy
2013-02-26,3,1,2,0,1,1,1,1,2,2,3,2,2,3,2,2,0, 0.0137933, 0.0123058, 0.0190829, 0.0137933,-0.02217591,buy
2013-02-27,2,2,2,0,2,2,1,1,1,1,3,2,2,2,2,2,1,-0.0280152,-0.0257369, 0.0054115,-0.0261983,-0.02749548,sell
2013-02-28,2,0,2,3,3,1,3,0,1,3,4,2,3,2,2,3,2, 0.0297652, 0.0253701, 0.0253567, 0.0253567, 0.02963824,buy
2013-03-01,2,0,3,4,2,0,2,0,1,2,3,3,3,1,1,3,2, 0.0461673, 0.0459278, 0.0302854, 0.0459278, 0.04592780,buy
2013-03-02,2,1,4,2,2,0,1,0,2,2,3,1,3,2,4,2,1, 0.0119663, 0.0118451, 0.0080044, 0.0119377, 0.00800442,buy
2013-03-03,1,2,4,2,0,0,1,1,3,3,2,1,3,4,4,2,1,-0.0228697,-0.0224801,-0.0228318, 0.0000860,-0.02174147,sell
2013-03-04,1,1,4,1,0,1,3,0,3,3,2,1,2,4,5,2,1,-0.0303140,-0.0126758,-0.0129518, 0.0343429,-0.01026531,sell
2013-03-05,1,1,3,1,0,0,1,1,3,3,2,1,0,3,5,2,1,-0.0226440,-0.0221101, 0.0293921,-0.0015687, 0.02946452,buy
2013-03-06,2,0,3,1,1,0,1,1,5,4,3,1,1,3,6,2,2,-0.0227798,-0.0148633,-0.0233251,-0.0188921,-0.03320275,sell
2013-03-07,2,0,2,2,0,0,2,2,5,2,3,1,1,3,4,2,3, 0.0155912, 0.0077884,-0.0041165, 0.0185673, 0.01559120,buy
2013-03-08,1,0,3,1,0,0,4,2,4,3,3,2,1,3,4,2,3, 0.0314763, 0.0183917, 0.0240371, 0.0290337, 0.04351829,buy
2013-03-09,1,2,3,1,0,0,4,3,2,2,3,2,0,4,5,2,2, 0.0022989,-0.0016036, 0.0099986, 0.0032963, 0.00999862,buy
2013-03-10,2,2,3,1,0,0,3,2,3,2,3,1,2,4,5,3,0,-0.0214809,-0.0219288,-0.0164879,-0.0035004,-0.01387492,sell
2013-03-11,2,0,3,2,0,0,3,0,2,2,2,0,2,2,5,2,1, 0.0056711, 0.0056711, 0.0021097, 0.0116111, 0.00495539,buy
2013-03-12,3,0,1,3,0,0,3,0,2,2,2,1,3,2,4,2,0, 0.0005113,-0.0004371, 0.0005113, 0.0005113, 0.00154653,sell
2013-03-13,2,0,1,1,1,0,4,1,1,2,2,0,4,1,3,2,1,-0.0278802,-0.0282797, 0.0157646,-0.0282797,-0.02827973,sell
2013-03-14,1,1,1,1,0,0,5,2,1,1,2,2,4,1,2,1,1, 0.0031106, 0.0010100, 0.0143958, 0.0016893,-0.00019394,buy
2013-03-15,2,0,2,2,0,1,6,2,1,1,2,3,3,1,4,3,1,-0.0028098, 0.0017879, 0.0025523, 0.0052673, 0.00352492,buy
2013-03-16,2,0,1,3,0,1,3,2,1,1,1,2,2,2,3,3,1, 0.0036492, 0.0033364, 0.0038330, 0.0062619, 0.00365941,buy
2013-03-17,3,0,0,3,2,0,3,0,3,2,2,2,3,2,3,3,1,-0.0141043,-0.0161556,-0.0050172,-0.0147123,-0.01410434,sell
2013-03-18,3,1,0,2,2,0,3,0,1,1,2,1,3,1,3,3,0,-0.0104719,-0.0125025, 0.0025401,-0.0125025,-0.00955896,sell
2013-03-19,2,1,2,3,0,0,3,0,0,3,1,2,4,0,4,2,1, 0.0072485, 0.0024338, 0.0100898, 0.0047575, 0.00670473,buy
2013-03-20,2,1,3,2,0,1,5,0,1,4,3,2,4,2,4,3,1,-0.0002159, 0.0030523,-0.0002159,-0.0002761, 0.00178644,sell
2013-03-21,2,4,3,2,1,1,4,1,1,2,3,2,4,2,5,3,2, 0.0016805, 0.0049709, 0.0020067, 0.0030910, 0.00549471,buy
2013-03-22,2,1,4,0,3,0,5,1,2,3,4,2,5,2,4,3,1, 0.0073290, 0.0062586, 0.0052666, 0.0035805, 0.00794634,buy
2013-03-23,3,0,3,3,2,0,4,0,2,3,3,3,3,2,3,5,1,-0.0005908,-0.0011946,-0.0019362,-0.0011946,-0.00228322,sell
2013-03-24,4,0,1,3,2,1,4,0,2,2,2,2,4,3,2,5,1, 0.0287430, 0.0159723, 0.0222931, 0.0169730, 0.01697298,buy
2013-03-25,4,0,2,0,4,1,5,0,3,3,3,2,4,3,3,5,2,-0.0021209,-0.0044305,-0.0052763,-0.0021870, 0.00614568,sell
2013-03-26,5,2,1,0,2,0,5,1,2,2,3,2,4,3,3,4,1, 0.0157971, 0.0206634, 0.0119014, 0.0116203, 0.01206940,buy
2013-03-27,5,1,2,0,4,3,6,0,4,5,5,4,3,6,5,5,2,-0.0060666,-0.0054482,-0.0060666,-0.0058662, 0.00331608,sell
2013-03-28,5,0,2,2,3,1,5,0,4,5,6,4,3,5,4,4,1,-0.0123281,-0.0082106,-0.0134707,-0.0123281,-0.00679076,sell
2013-03-29,6,0,2,1,7,0,3,0,5,4,6,4,1,5,5,5,2,-0.0154612,-0.0157566,-0.0157566,-0.0157737,-0.01344291,sell
2013-03-30,5,1,1,3,6,0,3,1,5,4,5,5,1,6,5,4,3,-0.0035682,-0.0035682,-0.0015606,-0.0015606, 0.00654535,sell
2013-03-31,4,0,4,2,2,1,4,1,4,5,5,5,1,6,4,3,3,-0.0074038,-0.0095140,-0.0065506,-0.0066700,-0.00799709,sell
2013-04-01,4,1,4,0,2,1,4,2,4,4,5,4,1,5,5,4,2,-0.0045715,-0.0090575,-0.0045715,-0.0060288, 0.00032224,sell
2013-04-02,5,3,1,0,3,0,2,2,6,6,5,4,2,5,5,4,3,-0.0028135,-0.0028135,-0.0050740,-0.0041979,-0.00302215,sell
2013-04-03,4,0,0,1,2,0,2,3,3,6,5,4,3,3,2,2,2,-0.0096812,-0.0024657,-0.0172403,-0.0169581,-0.01562696,sell
2013-04-04,2,0,1,1,0,0,4,2,3,4,5,3,3,3,1,1,1, 0.0022650, 0.0024866, 0.0048461, 0.0016274,-0.00275861,buy
2013-04-05,2,1,1,0,0,0,3,4,4,2,2,4,3,2,2,2,2, 0.0114454, 0.0042891, 0.0105757, 0.0093378, 0.01180345,buy
2013-04-06,3,2,1,0,0,0,3,7,2,1,2,5,4,2,2,2,2, 0.0190478, 0.0150864, 0.0122497, 0.0143459, 0.01802899,buy
2013-04-07,3,1,1,1,0,0,5,5,1,1,1,5,4,2,2,1,3, 0.0137476, 0.0224835, 0.0071023, 0.0173933, 0.01651435,buy
2013-04-08,2,2,0,2,0,0,5,3,0,0,0,4,4,2,2,0,2,-0.0098993,-0.0122104,-0.0134043,-0.0099080,-0.00879791,sell
2013-04-09,3,2,0,1,1,0,3,3,1,1,1,3,4,3,2,1,1, 0.0008722, 0.0017501,-0.0034786, 0.0037832, 0.00177434,buy
2013-04-10,4,4,0,1,0,0,2,6,1,1,3,4,4,5,1,0,2,-0.0056072,-0.0035021, 0.0018606,-0.0198534,-0.00350206,sell
2013-04-11,3,4,1,1,0,1,4,4,1,0,3,3,3,5,2,1,2,-0.0008165,-0.0008624,-0.0008624,-0.0005680, 0.00248267,sell
2013-04-12,2,3,1,1,0,1,5,3,0,0,2,4,1,4,2,2,1, 0.0022879, 0.0025878,-0.0272932, 0.0018767, 0.00228786,sell
2013-04-13,2,3,0,1,0,0,3,3,0,1,1,3,2,4,0,1,2,-0.0217075,-0.0180337,-0.0171241,-0.0162749,-0.01770716,sell
2013-04-14,3,4,0,0,2,0,2,4,1,1,3,3,3,4,1,1,2,-0.0133755,-0.0195220, 0.0061483,-0.0253168,-0.01419230,sell
2013-04-15,3,3,0,1,0,0,2,4,3,0,4,3,3,2,1,0,3,-0.0033192,-0.0033192, 0.0010980,-0.0033192,-0.00331922,sell
2013-04-16,2,2,2,0,0,1,2,3,3,1,3,3,3,3,1,1,2,-0.0150261, 0.0078362, 0.0206173, 0.0161528, 0.01615282,buy
2013-04-17,3,3,1,1,1,1,3,3,1,1,4,2,3,3,2,3,1,-0.0071692,-0.0423918, 0.0141644,-0.0460453, 0.00040802,sell
2013-04-18,2,4,0,1,2,1,2,4,1,4,4,2,4,3,4,2,2, 0.0364246, 0.0273690,-0.0010532, 0.0287285, 0.00467193,buy
2013-04-19,2,2,1,0,3,1,3,2,2,3,3,2,3,2,3,3,3, 0.0146348, 0.0251748, 0.0048044, 0.0146348, 0.00399270,buy
2013-04-20,2,1,2,2,1,1,2,2,3,1,3,2,2,3,2,3,2, 0.0112142, 0.0078176, 0.0078176, 0.0102201, 0.02141504,buy
2013-04-21,2,0,4,1,2,2,2,2,5,2,4,2,4,4,3,3,2, 0.0315757, 0.0256511, 0.0412416, 0.0264719, 0.01664981,buy
2013-04-22,2,2,3,2,2,1,1,3,5,2,5,2,3,4,4,3,2, 0.0226266, 0.0087350, 0.0151505, 0.0126195, 0.01948209,buy
2013-04-23,2,2,1,1,3,3,2,3,3,2,4,2,3,4,4,3,2, 0.0090702, 0.0107200, 0.0058589, 0.0190272, 0.01113697,buy
2013-04-24,1,0,2,1,1,3,2,3,3,2,4,1,4,3,3,2,1, 0.0219545, 0.0132214, 0.0204246, 0.0141968, 0.01604857,buy
2013-04-25,2,0,2,2,1,4,2,3,4,0,5,2,5,2,4,2,0, 0.0318096,-0.0032892, 0.0092654, 0.0111215,-0.00827634,buy
2013-04-26,2,2,3,1,2,5,3,2,4,0,4,2,5,4,4,4,1,-0.0026888, 0.0197656, 0.0227701, 0.0264538, 0.02237466,buy
2013-04-27,1,2,3,1,1,2,3,3,2,1,2,2,5,4,3,3,0, 0.0041854,-0.0028459, 0.0042287, 0.0011747, 0.00393188,buy
2013-04-28,1,1,3,1,2,3,5,3,2,1,3,3,4,4,4,3,1, 0.0093827, 0.0132114, 0.0070727, 0.0070727, 0.00106269,buy
2013-04-29,1,2,3,2,0,2,3,1,4,1,1,3,3,3,4,4,1,-0.0032716, 0.0019553, 0.0002305,-0.0038853,-0.00137258,sell
2013-04-30,2,2,4,1,1,2,3,2,3,1,3,3,3,4,3,3,2,-0.0078292, 0.0020887,-0.0027765,-0.0067127,-0.00376406,sell
2013-05-01,1,2,3,1,0,2,4,2,1,2,3,3,3,2,3,2,2, 0.0131162, 0.0183807, 0.0338747, 0.0150964, 0.01745846,buy
2013-05-02,1,2,3,1,0,2,5,2,3,3,4,2,3,3,4,4,2,-0.0059124,-0.0087530,-0.0093026,-0.0159536,-0.00975557,sell
2013-05-03,2,2,3,1,0,3,3,4,1,1,4,1,2,4,4,4,1,-0.0201682,-0.0026891,-0.0187213,-0.0202045,-0.02016821,sell
2013-05-04,3,1,4,1,0,2,5,2,3,1,4,3,2,5,3,5,0,-0.0099202,-0.0181156,-0.0088207,-0.0087419,-0.00454251,sell
2013-05-05,2,0,3,2,0,2,3,3,2,1,3,3,1,4,3,3,1, 0.0071666, 0.0078365, 0.0084609, 0.0079155, 0.00874510,buy
2013-05-06,3,0,3,1,1,2,5,3,2,1,1,4,2,5,3,4,2,-0.0052982, 0.0348517,-0.0027795,-0.0003319,-0.00254569,sell
2013-05-07,3,1,2,1,0,2,5,3,1,1,2,3,1,5,2,4,2,-0.0259748, 0.0004721,-0.0163012,-0.0256588,-0.02472731,sell
2013-05-08,2,1,3,1,0,1,4,2,1,0,2,2,1,5,1,3,1,-0.0067750,-0.0079760,-0.0157028,-0.0194273,-0.01779961,sell
2013-05-09,3,0,3,1,0,1,5,2,1,1,4,3,2,4,1,3,0, 0.0187752, 0.0159589, 0.0157326, 0.0211986, 0.00383767,buy
2013-05-10,3,0,1,1,0,0,4,1,0,2,3,2,2,2,0,2,1, 0.0165013, 0.0159863, 0.0172062, 0.0165013, 0.01425545,buy
2013-05-11,2,0,1,0,2,0,4,0,1,2,3,2,2,2,1,1,1,-0.0021667,-0.0026222, 0.0109087,-0.0026222,-0.00969433,sell
2013-05-12,1,1,1,3,2,0,4,2,1,1,4,1,2,4,2,3,0,-0.0118860,-0.0118860,-0.0145677,-0.0118860,-0.01188598,sell
2013-05-13,0,0,2,3,1,1,4,3,0,2,3,1,2,3,3,3,1, 0.0172958,-0.0008142,-0.0008963,-0.0011617,-0.00116171,buy
2013-05-14,0,0,2,3,1,1,4,3,1,2,3,1,3,3,2,3,2,-0.0105187, 0.0091646,-0.0128540,-0.0103812, 0.00884567,sell
2013-05-15,0,2,0,3,2,0,3,3,2,1,3,1,2,3,2,4,1,-0.0211490,-0.0291951,-0.0286598,-0.0203347,-0.01260844,sell
2013-05-16,0,0,1,2,4,0,1,2,2,3,2,0,3,4,2,3,1,-0.0065240,-0.0065240,-0.0065240,-0.0019395,-0.01052123,sell
2013-05-17,0,0,1,3,4,0,1,1,3,3,2,1,2,4,2,4,1,-0.0005862,-0.0038503,-0.0038503,-0.0073485,-0.00473811,sell
2013-05-18,1,1,1,3,3,1,1,1,3,3,2,2,2,4,3,3,2,-0.0207646,-0.0172693,-0.0204594,-0.0229736,-0.00529030,sell
2013-05-19,1,1,2,1,4,1,1,2,3,3,2,2,2,4,3,4,2,-0.0080872,-0.0010943, 0.0004696,-0.0001359,-0.00107302,sell
2013-05-20,1,3,1,2,4,0,2,3,2,2,3,1,2,5,3,4,2,-0.0270349,-0.0068376,-0.0183062, 0.0001354,-0.00327137,sell
2013-05-21,1,2,2,4,3,1,2,2,2,2,3,1,4,5,1,5,2,-0.0124930,-0.0059770,-0.0039066,-0.0061247,-0.00856673,sell
2013-05-22,1,2,3,3,3,0,1,1,2,1,2,1,5,3,0,3,3, 0.0028434, 0.0065434,-0.0033309, 0.0065434, 0.00743223,buy
2013-05-23,3,2,1,4,4,0,1,1,2,1,3,0,4,3,3,3,3,-0.0078699,-0.0043658, 0.0177001, 0.0160892, 0.01256602,buy
2013-05-24,3,3,0,4,3,1,1,2,0,2,4,1,5,2,3,2,2,-0.0021713,-0.0109755,-0.0027434,-0.0107274,-0.00379038,sell
2013-05-25,3,2,1,3,1,1,3,1,0,2,3,0,4,2,4,2,2,-0.0226177,-0.0236696,-0.0042280,-0.0334751,-0.02348737,sell
2013-05-26,3,3,0,3,2,2,1,2,0,1,4,1,3,1,4,2,2, 0.0170125, 0.0075073, 0.0172626, 0.0134277, 0.01342770,buy
2013-05-27,4,2,0,4,1,0,2,1,2,2,3,2,3,2,4,3,1, 0.0028783,-0.0003485, 0.0010136, 0.0021713, 0.00257676,buy
2013-05-28,3,0,1,3,4,0,1,2,1,1,3,2,2,2,3,2,2, 0.0103184, 0.0239305, 0.0188249, 0.0268245, 0.01901792,buy
2013-05-29,3,2,1,4,2,0,4,1,2,2,3,4,2,3,4,3,2, 0.0710345, 0.0582065, 0.0546504, 0.0582065, 0.05777931,buy
2013-05-30,3,2,2,2,2,0,2,3,1,2,3,4,1,3,3,3,2, 0.0162061, 0.0346212, 0.0223756, 0.0407234, 0.01887751,buy
2013-05-31,3,2,4,1,2,0,3,3,2,3,2,3,4,4,3,4,3, 0.0230000, 0.0084994, 0.0137487, 0.0084994, 0.00346350,buy
2013-06-01,2,2,2,1,1,0,3,1,2,3,3,2,2,2,2,3,3,-0.0103297,-0.0058367,-0.0082247,-0.0098812,-0.00350991,sell
2013-06-02,3,0,2,0,3,0,3,0,2,4,2,3,3,2,3,2,2, 0.0161931, 0.0105783, 0.0140432, 0.0133249, 0.01053357,buy
2013-06-03,2,1,4,0,3,0,3,2,2,2,1,3,5,3,4,2,1, 0.0024887, 0.0143742, 0.0049414, 0.0115658, 0.00248872,buy
2013-06-04,1,2,4,0,2,2,3,1,4,2,1,3,6,3,4,2,2, 0.0123682, 0.0136508, 0.0152641, 0.0123008, 0.01330519,buy
2013-06-05,1,1,5,0,2,2,4,2,3,2,1,3,5,3,4,3,3, 0.0282418, 0.0311033, 0.0267165, 0.0390525, 0.04102077,buy
2013-06-06,1,1,4,1,1,1,2,2,1,2,1,1,4,2,3,3,2, 0.0455930, 0.0464469, 0.0662677, 0.0494004, 0.02776328,buy
2013-06-07,2,1,4,2,3,2,3,1,1,3,1,2,5,4,5,3,2, 0.0142705, 0.0291779, 0.0276547, 0.0159042, 0.02223426,buy
2013-06-08,3,2,2,2,2,2,1,0,1,4,1,2,5,3,4,3,1, 0.0011831,-0.0085120,-0.0027184,-0.0054862,-0.00462806,sell
2013-06-09,2,2,4,2,1,2,2,0,0,3,1,2,5,2,5,2,1, 0.0316792, 0.0202121, 0.0212781, 0.0208233, 0.02033769,buy
2013-06-10,2,1,4,1,2,3,2,0,0,4,0,2,4,4,4,3,2, 0.0068246, 0.0209600, 0.0138621, 0.0195372, 0.01457671,buy
2013-06-11,1,3,2,2,2,3,2,1,1,4,1,2,4,4,4,5,1, 0.0075525,-0.0011580, 0.0066240, 0.0062733, 0.00191496,buy
2013-06-12,2,2,1,2,4,2,3,1,2,4,3,2,4,4,3,5,2, 0.0376281, 0.0341502, 0.0356871, 0.0376281, 0.03762811,buy
2013-06-13,2,1,1,2,3,1,2,1,2,4,2,2,3,3,3,4,2, 0.0098869, 0.0168366, 0.0092919, 0.0099836, 0.00948533,buy
2013-06-14,2,0,0,4,1,2,1,1,3,2,2,1,3,3,2,3,2,-0.0154487,-0.0158887,-0.0139082,-0.0113622,-0.01338875,sell
2013-06-15,2,1,1,2,2,2,0,0,3,3,1,1,3,3,3,3,2,-0.0082140,-0.0128391,-0.0074097,-0.0074097,-0.01292430,sell
2013-06-16,2,3,0,2,1,0,0,1,2,2,2,1,2,2,2,2,2, 0.0029349, 0.0060620, 0.0079146, 0.0029349, 0.00615336,buy
2013-06-17,2,3,1,2,2,1,1,0,1,3,3,1,3,3,2,3,1, 0.0254034, 0.0161516, 0.0229865, 0.0239706, 0.01713561,buy
2013-06-18,2,3,2,4,1,1,0,0,1,2,3,2,3,2,2,2,2,-0.0113970,-0.0221051,-0.0163838,-0.0172093,-0.02065023,sell
2013-06-19,3,4,2,4,2,0,0,0,2,0,3,1,3,2,3,3,2,-0.0005281,-0.0017421, 0.0204232, 0.0193541, 0.01786244,buy
2013-06-20,2,6,2,4,3,0,0,1,2,0,2,1,5,3,2,5,2, 0.0088266, 0.0025588, 0.0056777, 0.0141853, 0.00453982,buy
2013-06-21,2,6,4,4,2,0,2,1,1,1,2,0,6,3,4,5,3, 0.0022364,-0.0041280, 0.0013063,-0.0071508,-0.00102065,sell
2013-06-22,2,5,3,3,1,1,1,1,1,1,1,1,5,1,4,4,3, 0.0011275,-0.0015190, 0.0092252, 0.0080488, 0.00120486,buy
2013-06-23,3,6,2,3,1,1,0,0,3,1,2,0,5,1,5,5,2, 0.0109970, 0.0123474, 0.0055911, 0.0145006, 0.01189210,buy
2013-06-24,3,5,2,2,1,1,1,1,0,1,2,1,4,1,4,3,2, 0.0125653, 0.0037804, 0.0176220, 0.0258605, 0.01322279,buy
2013-06-25,2,4,2,3,1,1,3,0,1,1,3,1,4,1,4,3,2,-0.0114653,-0.0038458,-0.0140613,-0.0133321,-0.00384580,sell
2013-06-26,2,5,3,3,0,1,2,2,1,0,3,1,3,3,4,4,1, 0.0544448, 0.0362583, 0.0531281, 0.0498530, 0.05386339,buy
2013-06-27,1,5,4,2,1,1,3,2,1,1,2,2,4,3,5,4,1,-0.0032907, 0.0002397, 0.0007542, 0.0017720, 0.00001155,buy
2013-06-28,1,5,3,4,1,1,3,1,1,3,2,4,5,2,6,3,1,-0.0182847,-0.0091535,-0.0146097,-0.0168167,-0.01726785,sell
2013-06-29,0,3,3,3,2,1,3,1,0,5,2,3,5,2,6,2,1,-0.0030444,-0.0103336,-0.0163426,-0.0000679,-0.00751862,sell
2013-06-30,1,4,3,2,2,1,3,2,1,3,1,3,6,2,5,3,2, 0.0110287,-0.0043207, 0.0094222, 0.0092873, 0.01667760,buy
2013-07-01,0,5,2,2,1,2,2,2,2,3,2,3,5,2,5,2,2, 0.0394560, 0.0232695, 0.0315733, 0.0329787, 0.04810159,buy
2013-07-02,0,3,1,2,2,2,3,3,2,3,3,3,4,3,4,3,1,-0.0158145,-0.0171872,-0.0174319,-0.0188383,-0.02433511,sell
2013-07-03,0,2,2,3,2,1,3,3,0,2,1,3,2,4,3,5,0,-0.0169454,-0.0162444,-0.0119473,-0.0187987,-0.02180320,sell
2013-07-04,0,1,1,3,4,1,3,2,1,3,1,3,3,4,4,3,1,-0.0038685,-0.0041350,-0.0009715,-0.0011567, 0.00410346,sell
2013-07-05,0,2,1,2,4,1,1,1,2,3,0,2,4,3,4,3,1, 0.0039232, 0.0083205, 0.0092783, 0.0098251, 0.01111518,buy
2013-07-06,2,2,3,2,1,1,0,2,0,1,1,2,3,2,3,2,1, 0.0180262, 0.0157829, 0.0286455, 0.0287641, 0.02922312,buy
2013-07-07,1,1,3,1,1,2,1,1,0,2,1,1,2,3,2,3,1,-0.0196315,-0.0336309, 0.0154831,-0.0204377,-0.01964081,sell
2013-07-08,0,3,1,3,1,1,2,1,0,2,0,2,3,2,2,4,1,-0.0105954,-0.0220225,-0.0173319,-0.0172207,-0.00939334,sell
2013-07-09,0,4,1,2,3,0,3,2,0,2,2,2,3,2,4,3,1,-0.0340529,-0.0380748,-0.0340665,-0.0385242,-0.01225439,sell
2013-07-10,1,1,2,2,2,0,2,4,0,2,3,2,3,1,2,3,2, 0.0227731, 0.0269944, 0.0229924, 0.0229924, 0.00339084,buy
2013-07-11,2,1,1,4,0,1,1,3,2,1,4,2,3,1,1,3,2, 0.0005994, 0.0037213, 0.0018608, 0.0037213, 0.00535557,buy
2013-07-12,1,1,2,3,1,1,1,2,3,1,3,2,3,1,2,4,1, 0.0041874, 0.0056184,-0.0008392, 0.0041874, 0.00709544,buy
2013-07-13,1,3,3,1,1,0,2,3,0,2,2,2,2,2,3,3,2,-0.0130645,-0.0070076, 0.0257800,-0.0065026,-0.01696611,sell
2013-07-14,1,3,2,1,1,2,1,2,0,4,3,1,3,3,3,3,1, 0.0025842, 0.0051832, 0.0009920, 0.0123757, 0.00518324,buy
2013-07-15,1,4,2,3,1,2,1,2,1,3,4,1,4,3,3,3,2,-0.0242250, 0.0020069,-0.0002621, 0.0067723, 0.00285862,buy
2013-07-16,2,2,5,3,0,1,0,1,1,1,3,1,4,2,3,2,1, 0.0287731, 0.0245123, 0.0244036, 0.0247479, 0.02877312,buy
2013-07-17,2,3,5,4,1,1,0,1,1,1,4,2,3,3,3,4,0, 0.0571077, 0.0529822, 0.0575836, 0.0565657, 0.05931482,buy
2013-07-18,1,3,2,5,2,1,1,2,0,3,3,2,3,3,3,4,2, 0.0117428, 0.0063384, 0.0077180, 0.0114985, 0.01098710,buy
2013-07-19,1,2,3,2,2,1,2,2,0,2,2,1,2,3,3,4,2,-0.0131177, 0.0363966,-0.0092993, 0.0223051,-0.00581698,sell
2013-07-20,1,2,3,2,0,4,0,2,2,1,2,1,2,3,3,4,2,-0.0064600, 0.0003319,-0.0041529,-0.0064600,-0.00709607,sell
2013-07-21,2,2,2,3,0,4,0,2,2,2,2,1,3,4,2,5,2,-0.0095033,-0.0152831,-0.0066990,-0.0078466,-0.00672953,sell
2013-07-22,1,1,2,1,3,3,1,2,0,3,2,1,4,2,3,3,2, 0.0028684, 0.0095415, 0.0106194, 0.0095415, 0.00800534,buy
2013-07-23,1,1,2,3,4,3,2,1,2,3,3,2,4,3,5,3,2, 0.0042975, 0.0064831, 0.0008762,-0.0008589,-0.00145539,buy
2013-07-24,2,1,5,2,1,4,0,3,2,3,4,2,4,3,5,3,2, 0.0386175, 0.0012788, 0.0092455, 0.0471156, 0.04145535,buy
2013-07-25,2,0,5,1,1,4,2,1,3,3,4,1,4,3,5,3,2, 0.0140089, 0.0110973, 0.0025312, 0.0101305, 0.01234005,buy
2013-07-26,1,2,3,1,1,3,2,0,3,3,4,2,4,3,4,2,0,-0.0093429,-0.0164409, 0.0001087,-0.0326685,-0.01587230,sell
2013-07-27,2,0,3,1,3,2,2,0,3,6,4,2,5,3,4,3,1, 0.0180305, 0.0176390, 0.0186962, 0.0094269, 0.01889242,buy
2013-07-28,2,1,3,2,2,2,1,1,3,4,3,2,5,4,3,3,1,-0.0010136, 0.0214395, 0.0071689, 0.0249682, 0.02380415,buy
2013-07-29,1,0,3,1,3,3,2,0,6,3,4,2,4,4,3,4,1, 0.0163180, 0.0233329, 0.0214371, 0.0336391, 0.00838078,buy
2013-07-30,1,1,4,2,3,3,3,1,5,2,5,3,3,5,4,4,1,-0.0080962, 0.0046917,-0.0046822, 0.0038587,-0.00597264,sell
2013-07-31,1,2,2,2,4,1,2,3,2,3,4,3,3,4,3,4,1, 0.0097585, 0.0160661, 0.0123438, 0.0097610, 0.01693600,buy
2013-08-01,1,2,2,1,4,1,4,0,3,4,4,3,3,4,3,4,1,-0.0129223,-0.0005181, 0.0011371,-0.0129223, 0.00096882,sell
2013-08-02,1,3,2,2,2,1,3,0,2,3,2,3,2,3,3,5,1, 0.0239336,-0.0049823,-0.0041447,-0.0039696,-0.00396964,sell
2013-08-03,1,2,4,1,2,2,2,0,1,2,2,2,2,4,2,5,0,-0.0427514,-0.0385979,-0.0373995,-0.0376304,-0.03331171,sell
2013-08-04,2,3,2,2,2,2,2,0,2,2,2,3,2,3,3,5,1, 0.0129365, 0.0123960, 0.0131046, 0.0177536, 0.01235861,buy
2013-08-05,0,4,1,2,3,0,2,2,1,2,1,2,3,1,4,5,1,-0.0132243,-0.0243814,-0.0100986,-0.0253600,-0.00263158,sell
2013-08-06,0,2,2,1,2,0,4,2,1,2,1,3,2,1,3,4,2,-0.0040859, 0.0015742, 0.0063235, 0.0019858, 0.00445525,buy
2013-08-07,0,1,2,3,0,0,3,2,1,1,1,3,1,1,1,5,1, 0.0190374, 0.0119841, 0.0308982, 0.0274658, 0.03055260,buy
2013-08-08,0,1,2,3,2,1,1,3,3,2,2,3,3,2,3,5,0, 0.0035417, 0.0018756, 0.0002213, 0.0008369, 0.00261481,buy
2013-08-09,1,1,2,1,2,0,1,2,3,1,1,3,2,2,3,2,1, 0.0052342, 0.0232012, 0.0141026, 0.0011922, 0.02233009,buy
2013-08-10,1,3,0,1,2,0,2,3,1,3,1,2,3,3,5,0,2, 0.0348240, 0.0325558, 0.0035297, 0.0354211, 0.00724758,buy
2013-08-11,0,2,0,2,3,1,2,2,0,4,1,2,4,3,4,1,1, 0.0161954, 0.0061146,-0.0001320, 0.0252163,-0.00429129,buy
2013-08-12,1,4,2,3,2,0,3,2,0,2,2,3,4,3,4,1,2,-0.0042463,-0.0012585,-0.0013461, 0.0025637,-0.00424631,sell
2013-08-13,1,3,3,2,3,0,2,2,1,1,2,2,3,4,3,2,2, 0.0009333, 0.0017438, 0.0058056, 0.0017438, 0.00253047,buy
2013-08-14,0,4,3,4,2,0,2,4,1,1,4,2,2,4,2,4,3, 0.0186635, 0.0021212, 0.0110964, 0.0124941, 0.01238632,buy
2013-08-15,0,3,2,6,2,0,4,2,1,1,4,2,2,4,2,5,2, 0.0064345, 0.0008752, 0.0013321, 0.0021307, 0.00133206,buy
2013-08-16,0,4,2,3,3,0,2,3,0,1,3,2,2,2,2,5,2,-0.0005462,-0.0090385,-0.0050054,-0.0016896, 0.00514172,sell
2013-08-17,1,4,1,3,1,1,1,2,2,2,2,1,3,2,2,5,3, 0.0048293,-0.0190232,-0.0018212,-0.0223612,-0.01174387,sell
2013-08-18,1,3,0,2,1,2,2,3,0,1,2,2,2,2,2,3,2,-0.0262244,-0.0175625,-0.0177270,-0.0175625,-0.01756252,sell
2013-08-19,0,2,1,3,2,1,5,2,1,1,2,3,2,3,3,3,2, 0.0188740, 0.0017952, 0.0017952, 0.0020884, 0.01443960,buy
2013-08-20,0,3,0,6,3,0,4,5,1,1,4,3,1,5,3,5,2, 0.0070471, 0.0058350, 0.0104646, 0.0055414, 0.00704881,buy
2013-08-21,1,2,2,6,3,0,4,5,1,1,4,4,2,5,3,5,2, 0.0501242, 0.0502597, 0.0435665, 0.0485611, 0.04597774,buy
2013-08-22,0,2,2,5,1,2,4,2,1,2,4,4,2,3,3,5,0,-0.0107527,-0.0108155,-0.0130405,-0.0092826,-0.01163021,sell
2013-08-23,1,3,1,3,2,4,4,2,0,4,5,3,4,3,3,5,1,-0.0073512,-0.0087679,-0.0054332,-0.0054506,-0.00495886,sell
2013-08-24,1,4,0,1,1,4,3,3,0,4,4,3,3,3,3,4,1, 0.0099763, 0.0182811, 0.0322321, 0.0089453, 0.01762885,buy
2013-08-25,0,2,1,0,0,4,2,1,3,3,1,2,4,3,4,2,0, 0.0016568, 0.0022227, 0.0001084, 0.0019284, 0.00212550,buy
2013-08-26,0,1,2,0,1,4,1,0,4,2,2,0,3,3,3,3,1, 0.0098593, 0.0087007, 0.0114554, 0.0114554, 0.01039152,buy
2013-08-27,0,0,2,2,0,3,0,2,3,3,2,1,3,4,2,2,1,-0.0000257,-0.0006919,-0.0006919, 0.0032466, 0.00159422,buy
2013-08-28,0,0,3,1,4,3,1,3,5,3,4,2,4,4,3,4,2, 0.0363840, 0.0448804, 0.0407802, 0.0406555, 0.01446389,buy
2013-08-29,0,1,3,2,3,2,1,1,4,1,3,1,4,3,3,3,1, 0.0024166, 0.0071331, 0.0071331, 0.0338338,-0.02512721,sell
2013-08-30,0,1,4,2,2,3,2,1,2,1,2,2,4,3,3,2,2, 0.0146271, 0.0170011, 0.0139699, 0.0139699, 0.01478051,buy
2013-08-31,1,1,4,2,3,2,1,1,2,4,3,1,5,3,3,3,3, 0.0074046, 0.0063454, 0.0057955, 0.0191364, 0.01385981,buy
2013-09-01,2,2,1,2,3,1,1,1,2,3,3,2,4,1,3,3,2,-0.0026630,-0.0046570,-0.0043361,-0.0029409,-0.00323707,sell
2013-09-02,1,0,2,1,4,0,2,2,3,2,3,2,3,2,4,2,1, 0.0036631, 0.0067007, 0.0093764, 0.0036631, 0.00879843,buy
2013-09-03,0,0,2,3,3,0,2,2,3,2,2,1,2,3,4,3,2,-0.0345645,-0.0025825,-0.0214464,-0.0078435,-0.02210739,sell
2013-09-04,0,1,2,3,2,1,2,4,3,1,2,2,3,4,3,2,3,-0.0174044,-0.0123029,-0.0115680,-0.0174508,-0.01285656,sell
2013-09-05,0,2,2,0,4,1,2,5,3,1,3,3,2,4,4,2,2,-0.0123721,-0.0220298,-0.0120025, 0.0060367,-0.02787571,sell
2013-09-06,0,3,1,0,4,0,2,4,1,1,2,2,2,4,3,1,2, 0.0038247, 0.0038247, 0.0064259, 0.0045473, 0.00342683,buy
2013-09-07,0,2,1,1,4,1,2,1,2,3,3,1,3,3,3,3,1,-0.0090456,-0.0068750,-0.0058628,-0.0090456,-0.00293345,sell
2013-09-08,1,3,1,1,3,1,1,0,1,2,4,0,2,2,1,3,2, 0.0266720, 0.0221335, 0.0229218, 0.0219805, 0.01001295,buy
2013-09-09,2,3,3,0,4,0,1,0,2,2,4,1,3,3,2,2,2, 0.0074913, 0.0149962, 0.0102209, 0.0074913,-0.00100993,buy
2013-09-10,1,3,3,1,3,0,1,1,2,2,3,2,3,3,2,3,1, 0.0408450, 0.0240189, 0.0406971, 0.0461179, 0.03221367,buy
2013-09-11,0,1,4,2,2,0,5,2,1,3,3,1,3,4,4,3,2,-0.0070413,-0.0037829,-0.0058984, 0.0028055,-0.00637116,sell
2013-09-12,0,1,4,1,3,0,4,3,1,2,3,2,2,3,5,2,2,-0.0104939, 0.0070170, 0.0076479, 0.0201264, 0.00325632,buy
2013-09-13,1,2,2,1,3,1,1,2,4,3,1,3,3,3,5,4,1,-0.0139128, 0.0087883,-0.0142824,-0.0088873,-0.00209137,sell
2013-09-14,2,1,2,0,2,2,1,2,2,3,1,2,2,4,5,3,0,-0.0030311, 0.0082551, 0.0038520, 0.0087027, 0.00853643,buy
2013-09-15,1,1,2,0,1,1,3,2,2,4,0,2,2,5,5,2,1, 0.0003342, 0.0044368, 0.0044368, 0.0013757, 0.00314189,buy
2013-09-16,1,3,2,0,2,2,4,3,3,5,3,3,2,6,6,3,2,-0.0043407,-0.0080698,-0.0047288,-0.0056610, 0.00009024,sell
2013-09-17,2,3,4,1,2,1,2,4,3,3,3,2,2,6,6,4,2,-0.0104113,-0.0041249,-0.0056054,-0.0085193,-0.00851934,sell
2013-09-18,2,1,5,1,2,1,2,2,3,4,3,4,3,4,4,4,1,-0.0029561, 0.0120844,-0.0003979, 0.0110840, 0.01108399,buy
2013-09-19,1,2,2,4,1,1,2,2,2,2,4,4,2,2,3,3,1, 0.0127826, 0.0127826, 0.0009225, 0.0127826, 0.01082090,buy
2013-09-20,2,2,2,1,3,0,2,3,2,4,4,4,3,3,3,3,1, 0.0203461,-0.0135707, 0.0196153, 0.0083682, 0.01876705,buy
2013-09-21,1,3,3,1,1,0,1,2,3,3,4,5,3,3,1,2,0,-0.0138377,-0.0168688,-0.0183065,-0.0168688, 0.00165628,sell
2013-09-22,1,2,3,1,2,2,2,1,2,3,3,4,3,3,2,3,1,-0.0091104,-0.0043688,-0.0091104,-0.0097199, 0.00559663,sell
2013-09-23,1,0,2,2,2,2,2,2,1,3,4,3,2,2,2,3,1,-0.0096972,-0.0101219, 0.0000930,-0.0123543,-0.01033770,sell
2013-09-24,0,0,1,1,4,0,1,3,1,2,3,2,2,2,1,3,0,-0.0409096,-0.0434707,-0.0351023,-0.0552077,-0.05655937,sell
2013-09-25,0,2,1,0,4,0,2,1,2,1,3,3,3,1,1,1,1,-0.0218590, 0.0083068,-0.0190358, 0.0132286,-0.02306509,sell
2013-09-26,0,1,2,2,2,0,2,2,1,2,3,4,3,1,1,0,2, 0.0004836,-0.0009468, 0.0012704, 0.0020307, 0.00533094,buy
2013-09-27,1,2,3,1,1,1,1,2,0,3,4,3,3,2,1,1,1,-0.0045042,-0.0041090,-0.0051476,-0.0041090, 0.00426119,sell
2013-09-28,1,4,4,1,1,1,3,2,0,3,4,3,4,2,3,3,1,-0.0113097,-0.0258943,-0.0216581,-0.0162559,-0.01232555,sell
2013-09-29,0,5,3,1,3,1,2,2,0,3,3,2,4,4,3,3,1,-0.0084156,-0.0091094,-0.0090961,-0.0245743,-0.00961139,sell
2013-09-30,1,3,3,2,2,1,3,2,0,4,4,3,3,4,2,3,2, 0.0008234,-0.0091257,-0.0032118, 0.0001611,-0.00298374,sell
2013-10-01,1,2,2,5,0,2,3,3,0,3,5,3,3,4,1,4,1, 0.0092036, 0.0128335, 0.0127119, 0.0120927, 0.01342813,buy
2013-10-02,0,2,2,3,1,2,2,3,2,2,4,2,3,4,2,4,0,-0.0205001,-0.0185209, 0.0048423,-0.0200331,-0.01729889,sell
2013-10-03,1,2,1,3,0,1,3,3,3,2,3,3,1,5,3,3,1, 0.0003970,-0.0032034, 0.0019897, 0.0003980, 0.00039798,sell
2013-10-04,1,2,1,3,2,2,2,5,2,3,1,3,2,6,4,5,2, 0.0028784, 0.0057340, 0.0052954, 0.0049582, 0.00529723,buy
2013-10-05,1,0,1,4,1,2,3,4,2,5,1,4,3,5,3,5,2, 0.0081215, 0.0039159, 0.0094679, 0.0095923, 0.01022805,buy
2013-10-06,2,1,2,3,2,1,2,1,3,3,1,3,3,4,3,5,1, 0.0109577, 0.0177329, 0.0099962, 0.0127679, 0.01159339,buy
2013-10-07,2,1,1,6,2,1,1,2,2,5,3,3,3,5,3,6,0,-0.0121510, 0.0007237,-0.0003620,-0.0017694, 0.00300437,sell
2013-10-08,2,2,2,6,1,1,1,1,1,5,4,3,4,4,1,5,1,-0.0228295,-0.0069165,-0.0041706,-0.0020893,-0.00321256,sell
2013-10-09,1,1,1,5,2,0,2,0,1,3,4,1,3,3,2,3,0,-0.0049718,-0.0085276,-0.0104865, 0.0032597, 0.00368197,sell
2013-10-10,2,1,1,4,2,0,1,1,2,2,3,1,3,3,2,3,1,-0.0029442, 0.0097946, 0.0108918,-0.0029442,-0.00308875,sell
2013-10-11,2,0,0,5,1,2,1,2,3,3,3,1,5,3,2,3,2,-0.0169676,-0.0169676,-0.0169676,-0.0135702,-0.01357018,sell
2013-10-12,1,0,2,4,2,2,2,2,1,2,4,1,5,2,1,3,2, 0.0239572, 0.0062624, 0.0026996, 0.0353472, 0.02324103,buy
2013-10-13,1,0,2,3,1,1,3,0,2,3,4,0,4,2,2,3,1,-0.0144127,-0.0132234,-0.0141492,-0.0147271,-0.01221731,sell
2013-10-14,2,2,2,3,1,2,2,2,0,2,5,1,5,2,3,2,0,-0.0659566,-0.0655497,-0.0559971,-0.0692545,-0.06554969,sell
2013-10-15,2,1,4,3,0,2,3,0,1,2,5,1,4,2,3,2,1,-0.0206958,-0.0249815,-0.0162112, 0.0050430,-0.02498148,sell
2013-10-16,0,3,4,1,1,1,2,1,0,1,4,2,2,1,3,1,1, 0.0091330, 0.0108594, 0.0074610,-0.0025996, 0.00835874,buy
2013-10-17,1,3,3,1,2,1,3,1,0,2,4,2,3,2,3,2,1, 0.0191775, 0.0220928, 0.0086572, 0.0038337, 0.00852324,buy
2013-10-18,1,3,3,2,1,1,2,2,0,3,4,2,3,3,2,2,2,-0.0036316, 0.0006377,-0.0063820,-0.0003877, 0.00023407,sell
2013-10-19,0,3,4,1,0,2,3,1,1,0,2,2,3,3,2,2,1, 0.0165201, 0.0189135, 0.0201832, 0.0022818, 0.01841124,buy
2013-10-20,0,3,3,1,1,2,2,2,1,0,3,2,2,2,2,3,1, 0.0055816, 0.0021415, 0.0085308, 0.0081479, 0.00591440,buy
2013-10-21,0,3,3,1,0,1,2,3,1,2,4,3,4,1,1,2,1, 0.0044227, 0.0053092, 0.0050385, 0.0043674, 0.00328038,buy
2013-10-22,0,4,3,0,3,2,2,2,1,2,5,2,5,2,2,1,2, 0.0220036, 0.0205387, 0.0214597, 0.0089093, 0.02455686,buy
2013-10-23,0,4,4,1,2,2,3,1,0,0,5,1,5,1,3,0,2, 0.0353142, 0.0379712, 0.0363782,-0.0060406, 0.03507750,buy
2013-10-24,1,3,5,1,1,2,1,1,2,1,4,3,4,2,3,1,1, 0.0110639, 0.0118799, 0.0098220,-0.0141332, 0.01175536,buy
2013-10-25,2,4,4,1,3,2,1,2,1,1,5,3,4,2,2,3,2, 0.0207317, 0.0019045, 0.0066676,-0.0090020, 0.00763049,buy
2013-10-26,2,5,3,1,4,1,2,2,1,0,5,4,4,1,2,2,3, 0.0011238,-0.0012184,-0.0009526,-0.0006080,-0.00347746,sell
2013-10-27,1,4,4,1,4,1,1,1,1,1,4,3,4,2,3,2,1,-0.0184533,-0.0229459,-0.0278735,-0.0249128,-0.02251613,sell
2013-10-28,1,3,3,2,3,1,1,1,2,1,4,2,2,3,2,4,1, 0.0058097, 0.0050702, 0.0192884, 0.0058097, 0.00495960,buy
2013-10-29,2,4,3,2,5,1,0,2,4,0,4,3,2,5,2,6,1,-0.0080910,-0.0050576,-0.0078524, 0.0008750,-0.00785236,sell
2013-10-30,2,5,3,0,5,0,0,3,6,1,4,4,1,5,3,5,3,-0.0048647,-0.0046842,-0.0092661,-0.0048647, 0.01422033,sell
2013-10-31,2,3,1,0,4,1,1,4,6,2,2,4,1,5,5,5,2, 0.0097943, 0.0112618, 0.0104312, 0.0119997, 0.00952494,buy
2013-11-01,2,2,1,1,4,1,2,2,5,2,1,4,2,4,5,5,1, 0.0088992, 0.0249163, 0.0085025, 0.0151175, 0.00158890,buy
2013-11-02,2,3,2,1,3,0,0,3,6,1,2,4,2,3,4,4,2, 0.0181831, 0.0140936, 0.0195074, 0.0188942, 0.00720070,buy
2013-11-03,2,5,4,0,4,0,0,2,8,0,3,4,4,4,4,5,1,-0.0109335, 0.0012650, 0.0003790, 0.0266539,-0.00132241,buy
2013-11-04,2,3,3,2,3,0,1,2,5,1,3,1,4,4,4,5,1,-0.0094208,-0.0102077,-0.0079646, 0.0005146,-0.00866283,sell
2013-11-05,1,2,3,1,3,0,3,1,5,2,2,2,3,4,4,5,1,-0.0055379,-0.0135486,-0.0122052,-0.0103777,-0.01220523,sell
2013-11-06,2,3,2,0,2,0,1,2,5,1,2,3,3,1,5,2,2, 0.0286704, 0.0168788, 0.0090888, 0.0278637, 0.01717904,buy
2013-11-07,3,2,4,0,1,0,0,3,6,1,2,2,5,2,5,2,2, 0.0028013,-0.0020648,-0.0059109,-0.0018382, 0.00361798,sell
2013-11-08,1,2,4,1,0,1,2,3,5,0,3,4,5,1,4,0,2, 0.0000839, 0.0021005,-0.0028774, 0.0032936, 0.00811576,buy
2013-11-09,1,2,3,1,1,0,3,2,5,2,2,4,4,2,4,2,2,-0.0056663, 0.0126567,-0.0055298,-0.0061188,-0.00695056,sell
2013-11-10,3,3,2,0,2,0,0,4,4,2,3,3,4,2,4,2,2, 0.0277982, 0.0225730, 0.0156373, 0.0326571, 0.02330115,buy
2013-11-11,3,3,3,1,0,1,1,2,6,1,3,3,4,3,4,2,2, 0.0071487, 0.0032590,-0.0004515, 0.0049847, 0.01195401,buy
2013-11-12,2,2,4,1,0,1,1,2,6,1,4,3,3,3,3,3,1, 0.0352406, 0.0130927, 0.0215926, 0.0376700, 0.01669579,buy
2013-11-13,2,3,2,2,0,0,1,2,2,3,4,1,3,3,2,3,1,-0.0236960,-0.0227908,-0.0109612,-0.0484310,-0.01863097,sell
2013-11-14,2,5,2,1,2,0,0,3,2,4,5,2,3,4,2,3,2, 0.0071244, 0.0001179,-0.0003893,-0.0138015,-0.00123402,sell
2013-11-15,1,4,2,2,0,0,0,2,3,2,4,2,3,3,1,2,1,-0.0083127,-0.0083127, 0.0048505,-0.0105773,-0.00831271,sell
2013-11-16,1,1,5,2,1,1,1,2,4,1,4,3,2,3,2,4,1, 0.0048803,-0.0091775, 0.0077521, 0.0021571, 0.01557104,buy
2013-11-17,1,1,3,3,1,1,0,3,4,2,4,2,2,4,2,4,1, 0.0099369,-0.0080102,-0.0002015, 0.0000720, 0.00049633,buy
2013-11-18,1,3,1,2,3,0,0,3,5,2,3,2,3,4,2,4,2, 0.0085568, 0.0050022, 0.0097393, 0.0097393, 0.00254609,buy
2013-11-19,1,1,1,1,4,0,1,2,4,3,2,2,3,4,2,4,1, 0.0113891, 0.0106498, 0.0113891, 0.0146730, 0.00702863,buy
2013-11-20,1,0,1,2,1,1,0,3,3,4,1,2,3,4,2,4,0,-0.0004051,-0.0302771,-0.0378565,-0.0290737,-0.01281130,sell
2013-11-21,2,0,2,1,1,2,0,3,5,2,2,2,4,4,2,2,2, 0.0292437, 0.0398260, 0.0291710, 0.0243549,-0.03535859,buy
2013-11-22,3,2,1,1,2,2,0,1,5,1,3,1,4,2,4,2,2, 0.0412973, 0.0379546, 0.0415379, 0.0374147,-0.00707787,buy
2013-11-23,1,1,1,1,3,1,0,2,4,2,3,1,3,2,4,2,1, 0.0433575, 0.0398447, 0.0459423, 0.0398447, 0.00355417,buy
2013-11-24,1,1,2,3,2,1,2,1,4,2,5,1,2,4,3,2,2, 0.0081273, 0.0106217, 0.0047171,-0.0044010, 0.00162271,buy
2013-11-25,1,2,3,4,1,2,2,2,3,1,6,1,4,3,2,3,2,-0.0241807,-0.0253785,-0.0260210,-0.0228434,-0.02437092,sell
2013-11-26,1,2,4,2,1,2,0,2,5,1,6,0,4,2,3,2,3,-0.0040354,-0.0085955,-0.0064030,-0.0071283,-0.00497208,sell
2013-11-27,2,3,3,1,1,1,0,2,4,1,4,1,4,2,4,1,2, 0.0066763,-0.0021784,-0.0061494,-0.0001326, 0.00363412,buy
2013-11-28,1,4,2,2,1,2,2,2,2,2,3,0,4,4,4,3,2,-0.0091242,-0.0099606, 0.0027009, 0.0027009,-0.00390392,sell
2013-11-29,1,2,2,3,0,1,3,2,3,4,4,2,4,4,3,2,2,-0.0248712,-0.0253244,-0.0185940,-0.0104369,-0.02762261,sell
2013-11-30,0,3,4,2,1,1,2,3,4,0,4,4,3,4,1,3,1, 0.0080217, 0.0067150, 0.0082249, 0.0028590, 0.00379884,buy
2013-12-01,1,2,4,2,1,1,1,4,5,0,3,4,2,5,1,4,2, 0.0576208, 0.0565841, 0.0294018, 0.0286030, 0.06265322,buy
2013-12-02,0,1,3,3,0,1,2,3,4,1,2,3,1,5,0,4,3, 0.0184908, 0.0184908,-0.0072540,-0.0063263, 0.02458245,buy
2013-12-03,0,2,3,1,1,1,4,2,1,2,2,3,1,4,1,4,2,-0.0243840,-0.0194012,-0.0201326,-0.0179708,-0.03284595,sell
2013-12-04,1,3,2,0,0,1,2,2,2,3,1,4,2,4,1,3,1, 0.0105626, 0.0085031, 0.0155959, 0.0168333, 0.00565764,buy
2013-12-05,2,2,3,1,1,2,2,2,2,2,3,4,3,3,3,2,1,-0.0188152,-0.0186027,-0.0174032,-0.0186027, 0.00810856,sell
2013-12-06,1,1,2,1,1,0,4,1,2,1,1,3,3,3,2,1,1,-0.0083943,-0.0083374,-0.0083943,-0.0356571,-0.00839433,sell
2013-12-07,0,1,2,2,3,0,3,3,2,2,3,3,2,3,3,3,1,-0.0032791, 0.0011403, 0.0011403,-0.0001175, 0.00052749,buy
2013-12-08,1,2,2,2,3,0,3,4,1,1,3,2,3,3,3,3,2,-0.0100832,-0.0275177,-0.0128490,-0.0060964, 0.00621113,sell
2013-12-09,0,1,4,1,2,0,3,3,1,1,3,1,2,3,3,2,2, 0.0452757, 0.0486517, 0.0493095, 0.0450089,-0.00410579,buy
2013-12-10,1,2,4,2,2,1,3,2,1,1,4,2,3,2,4,2,2, 0.0223643, 0.0475916, 0.0336880, 0.0156062, 0.01966371,buy
2013-12-11,1,1,2,1,3,1,3,3,0,2,3,2,3,2,4,2,1, 0.0135603, 0.0007445, 0.0000783, 0.0033347, 0.00007828,buy
2013-12-12,0,1,2,0,4,0,2,3,1,2,2,2,3,2,3,1,2,-0.0097469, 0.0108359,-0.0129781, 0.0196074,-0.01827210,sell
2013-12-13,0,2,2,0,3,1,3,2,1,1,1,1,2,2,3,3,3,-0.0250333,-0.0002562,-0.0243902, 0.0019475,-0.02603386,sell
2013-12-14,0,2,2,2,3,2,3,3,1,0,3,1,1,3,4,3,3,-0.0107347,-0.0149485,-0.0102444,-0.0169282,-0.02309996,sell
2013-12-15,0,1,2,1,3,1,1,4,1,1,2,1,2,2,2,4,2,-0.0472103,-0.0359699,-0.0439797,-0.0067709,-0.04718127,sell
2013-12-16,0,3,1,1,4,1,2,2,1,0,2,2,2,1,3,3,2,-0.0309636,-0.0169971,-0.0214986,-0.0214986,-0.00598868,sell
2013-12-17,0,2,1,1,4,1,2,1,0,1,2,2,2,0,4,2,1,-0.0113347, 0.0242158, 0.0317385, 0.0195419, 0.00037864,buy
2013-12-18,1,1,2,2,2,2,1,1,0,2,2,1,3,1,4,3,0, 0.0088994, 0.0021467, 0.0086075, 0.0032886, 0.00163676,buy
2013-12-19,1,3,1,1,2,3,1,1,0,1,2,0,2,2,3,4,1,-0.0410190,-0.0254643,-0.0076915,-0.0261109,-0.02621326,sell
2013-12-20,0,3,1,0,3,2,1,1,2,1,0,1,3,2,3,4,1,-0.0212193,-0.0292310, 0.0025404,-0.0207272,-0.02037064,sell
2013-12-21,0,3,1,1,2,1,3,2,2,2,1,2,3,2,3,5,1,-0.0011785, 0.0046499, 0.0261976,-0.0028458,-0.00248981,sell
2013-12-22,0,1,0,2,1,2,2,4,1,2,2,1,2,2,3,3,2,-0.0217036,-0.0088185,-0.0319813,-0.0088185,-0.03608611,sell
2013-12-23,0,1,1,1,2,2,2,3,3,1,2,1,3,2,2,3,3,-0.0095658,-0.0088577,-0.0098392,-0.0080831,-0.01029276,sell
2013-12-24,0,2,2,1,0,1,1,3,4,1,1,0,2,3,4,2,3,-0.0029138, 0.0108932,-0.0082903,-0.0019204,-0.00662802,sell
2013-12-25,1,1,1,0,1,2,1,4,2,4,0,2,3,3,4,3,2,-0.0026304,-0.0041068,-0.0013240, 0.0088268,-0.03656318,sell
2013-12-26,1,1,0,1,0,2,2,2,2,6,1,2,3,2,3,4,2,-0.0138865,-0.0132670,-0.0095685,-0.0132670,-0.00893954,sell
2013-12-27,1,1,1,0,1,1,1,2,2,6,1,2,3,2,3,4,1, 0.0086198,-0.0029060,-0.0016221, 0.0065480, 0.00861981,buy
2013-12-28,3,1,2,0,1,1,1,2,3,5,1,3,4,4,3,4,0,-0.0043043,-0.0055030, 0.0000039,-0.0070746,-0.00627797,sell
2013-12-29,3,2,1,2,0,1,0,4,1,6,2,4,2,4,3,4,1, 0.0029605, 0.0055962, 0.0029605, 0.0035573, 0.00528413,buy
2013-12-30,2,1,1,1,1,1,2,3,1,6,2,4,1,4,3,4,1,-0.0008510, 0.0004589, 0.0004506,-0.0068612,-0.00279401,sell
2013-12-31,2,2,0,0,1,2,2,1,1,6,3,3,1,3,2,4,1, 0.0190729, 0.0249496, 0.0190675, 0.0180718, 0.02696080,buy
2014-01-01,3,1,0,0,0,4,0,2,2,8,4,4,2,4,2,4,0, 0.0002954,-0.0016014, 0.0081400,-0.0109538,-0.00127083,sell
2014-01-02,3,2,0,0,0,4,1,2,1,5,4,4,3,3,1,2,1, 0.0049178, 0.0030293, 0.0021342,-0.0158484, 0.00511559,buy
2014-01-03,2,1,1,0,1,3,2,1,2,6,4,4,2,4,2,3,0, 0.0151897, 0.0132951, 0.0117065,-0.0042294, 0.02026959,buy
2014-01-04,2,2,0,2,1,3,1,4,1,6,5,4,3,3,3,3,1, 0.0049078,-0.0000034, 0.0056598,-0.0017097, 0.00348400,buy
2014-01-05,3,2,2,1,1,3,1,3,3,3,5,3,3,3,4,2,2,-0.0195063,-0.0201552,-0.0080555, 0.0122542,-0.01950625,sell
2014-01-06,2,2,2,0,0,2,1,2,3,3,5,2,3,2,3,0,2,-0.0186858,-0.0271838,-0.0187251,-0.0181903,-0.01974198,sell
2014-01-07,2,2,0,2,0,2,1,3,3,5,4,3,5,2,4,1,1, 0.0179500, 0.0186827, 0.0209478, 0.0175673, 0.01395245,buy
2014-01-08,1,2,0,1,1,2,0,2,3,6,3,3,3,3,4,0,2, 0.0148530, 0.0150567, 0.0133815, 0.0009042, 0.01523381,buy
2014-01-09,1,2,1,1,0,1,1,2,3,3,2,2,4,2,2,1,2,-0.0019904,-0.0036605,-0.0060026, 0.0022428,-0.00168779,sell
2014-01-10,1,1,2,2,1,2,1,3,3,3,3,3,3,3,3,2,2,-0.0161022,-0.0090604, 0.0151315, 0.0106264,-0.00802374,sell
2014-01-11,0,1,1,4,0,1,1,4,3,5,2,4,5,2,3,2,2,-0.0127439,-0.0167651,-0.0095759,-0.0140248,-0.01543032,sell
2014-01-12,0,2,1,2,3,0,2,2,3,4,2,3,6,2,3,1,2, 0.0005219,-0.0080443, 0.0003428, 0.0131315,-0.01349618,sell
2014-01-13,0,2,2,1,2,0,2,1,2,3,2,3,5,1,3,0,1,-0.0373833,-0.0250286,-0.0420263,-0.0179745,-0.03200435,sell
2014-01-14,1,2,1,2,0,2,1,1,3,3,3,3,4,1,3,2,0, 0.0025651, 0.0036294, 0.0025704, 0.0025651, 0.00343495,buy
2014-01-15,1,1,1,2,0,3,2,1,3,4,3,2,4,1,4,3,1,-0.0235660,-0.0237309,-0.0252421, 0.0066824,-0.02373088,sell
2014-01-16,0,2,2,1,1,1,3,1,2,2,2,1,4,1,4,3,0,-0.0157950,-0.0164953,-0.0123578,-0.0105423,-0.01082277,sell
2014-01-17,0,2,1,1,4,1,3,1,3,3,4,3,3,2,4,2,1,-0.0016652,-0.0001081, 0.0114139,-0.0083544, 0.00799396,buy
2014-01-18,0,1,0,4,2,2,3,2,2,3,5,3,3,2,2,2,2,-0.0144708,-0.0107365,-0.0106872,-0.0108094,-0.01068720,sell
2014-01-19,1,1,1,3,2,2,4,3,2,1,4,3,4,4,1,2,2,-0.0062142,-0.0062142,-0.0159649,-0.0101804,-0.00603143,sell
2014-01-20,1,1,3,1,2,1,5,1,2,1,3,4,3,3,2,1,2,-0.0010906,-0.0013972,-0.0013642,-0.0120534,-0.00142117,sell
2014-01-21,1,3,1,1,2,2,5,2,1,1,2,4,4,3,3,1,2,-0.0112997, 0.0054216, 0.0122050, 0.0054216,-0.01101668,sell
2014-01-22,2,2,1,2,2,2,3,2,0,5,3,4,5,2,3,1,3, 0.0053525, 0.0067213, 0.0096604,-0.0039329, 0.00535251,buy
2014-01-23,2,2,2,2,0,1,4,1,0,2,2,3,5,1,3,0,2,-0.0014208,-0.0100003, 0.0006288,-0.0010384,-0.00199558,sell
2014-01-24,1,1,3,1,1,1,2,1,2,1,2,2,3,2,2,2,1, 0.0000771, 0.0058073, 0.0072999, 0.0046268, 0.00755990,buy
2014-01-25,2,2,2,3,0,1,3,3,3,1,3,3,3,3,3,3,2, 0.0574057, 0.0567207, 0.0574057, 0.0574057, 0.05824418,buy
2014-01-26,1,1,2,4,1,1,4,5,1,3,4,3,3,4,2,5,2, 0.0199198, 0.0083145, 0.0163170, 0.0124110,-0.00884864,buy
2014-01-27,1,3,2,2,1,1,5,3,2,2,4,3,2,3,3,5,2, 0.0180278, 0.0157170, 0.0157858, 0.0055123,-0.00971105,buy
2014-01-28,3,3,1,2,1,2,3,4,2,3,5,2,3,4,3,5,2, 0.0124330, 0.0141105, 0.0167407, 0.0185162, 0.01411048,buy
2014-01-29,3,2,1,2,1,2,2,4,2,4,5,3,2,4,3,4,2, 0.0041661, 0.0115429, 0.0133725, 0.0150806, 0.00353253,buy
2014-01-30,2,2,0,2,2,1,5,3,2,2,5,2,3,4,1,4,2,-0.0231674,-0.0221637,-0.0219297,-0.0418044,-0.01114523,sell
2014-01-31,2,1,1,3,2,1,4,5,2,2,6,1,2,5,2,4,3, 0.0070761, 0.0037687, 0.0059132, 0.0066953, 0.00456475,buy
2014-02-01,3,2,2,4,1,1,3,5,3,1,6,2,3,5,2,4,3, 0.0119568, 0.0004609, 0.0172406,-0.0063990, 0.01392212,buy
2014-02-02,2,3,2,0,2,1,3,2,3,1,5,1,1,4,3,3,2, 0.0045249, 0.0121088, 0.0091226,-0.0026319, 0.00452491,buy
2014-02-03,3,3,1,1,2,1,3,1,0,4,5,1,2,3,4,2,2, 0.0117165, 0.0039638,-0.0007548, 0.0000135, 0.00420181,buy
2014-02-04,3,4,0,1,2,2,2,2,0,4,4,1,2,4,4,2,3, 0.0072826, 0.0104815, 0.0002627, 0.0125072,-0.00060422,buy
2014-02-05,2,4,0,0,1,2,3,0,1,1,2,1,2,3,3,2,1,-0.0021907,-0.0054542, 0.0017658,-0.0090891,-0.00095349,sell
2014-02-06,2,2,2,0,0,2,2,0,2,2,3,0,2,2,4,2,1, 0.0003592,-0.0012536,-0.0012132,-0.0012536, 0.00307025,sell
2014-02-07,2,2,0,2,1,2,1,3,0,3,3,1,2,2,4,2,2, 0.0018574,-0.0002731,-0.0046046,-0.0035027,-0.00610951,sell
2014-02-08,2,3,0,2,2,1,2,1,1,3,3,1,3,2,3,2,3, 0.0188346, 0.0168553, 0.0030363, 0.0168553, 0.00230812,buy
2014-02-09,2,3,2,0,3,1,2,2,0,1,3,2,2,2,4,1,2, 0.0072753, 0.0154506, 0.0142718, 0.0098672, 0.00602456,buy
2014-02-10,3,2,3,1,1,2,1,2,0,2,3,2,2,2,5,2,1,-0.0028547, 0.0037912,-0.0028547,-0.0073677,-0.00421761,sell
2014-02-11,3,3,3,3,0,3,1,4,0,2,4,2,4,3,4,3,2,-0.0065344,-0.0053739, 0.0161890, 0.0178914,-0.00537389,buy
2014-02-12,2,2,3,3,1,2,1,5,0,2,4,3,4,3,3,2,2, 0.0031280, 0.0033181, 0.0081624, 0.0168510, 0.00358785,buy
2014-02-13,2,2,3,2,3,0,2,5,0,1,4,2,3,4,3,2,2, 0.0179823, 0.0196458, 0.0213277, 0.0198324, 0.01845469,buy
2014-02-14,1,1,3,4,2,0,2,7,1,3,5,3,1,5,4,4,2, 0.0196519, 0.0097924, 0.0220661, 0.0151190, 0.01986889,buy
2014-02-15,1,1,3,5,1,1,1,7,2,3,5,4,2,5,4,4,1, 0.0314256, 0.0295347, 0.0341482, 0.0324603, 0.03146919,buy
2014-02-16,1,1,4,2,1,1,1,6,2,2,4,3,2,4,4,3,1, 0.0090028, 0.0099650, 0.0129905, 0.0015433, 0.00443046,buy
2014-02-17,0,3,3,2,1,0,2,5,1,1,3,3,2,3,3,2,2,-0.0030249,-0.0035032, 0.0192557,-0.0035032,-0.01364398,sell
2014-02-18,1,3,2,2,1,1,1,5,1,4,4,2,3,4,4,2,2, 0.0134859, 0.0146813, 0.0089658, 0.0034092, 0.01468125,buy
2014-02-19,2,2,2,2,0,0,3,3,1,4,4,3,3,2,4,1,2,-0.0032882,-0.0029647,-0.0055171,-0.0118652,-0.00367709,sell
2014-02-20,2,1,4,1,1,0,2,3,2,1,3,3,3,2,3,2,1, 0.0347543, 0.0431318, 0.0562563, 0.0435052, 0.03215572,buy
2014-02-21,2,3,1,2,1,0,3,2,3,1,3,1,3,1,5,3,2,-0.0117295,-0.0155088,-0.0113801,-0.0157104,-0.01149414,sell
2014-02-22,2,3,1,2,1,0,3,3,2,2,3,1,4,1,5,2,3, 0.0060950, 0.0067656, 0.0060041, 0.0002046, 0.00573011,buy
2014-02-23,1,2,1,0,1,0,5,3,1,3,2,2,3,1,5,1,3,-0.0002904,-0.0029740,-0.0024478,-0.0073542,-0.00263462,sell
2014-02-24,1,3,1,0,0,0,3,2,3,3,2,2,3,0,5,2,2, 0.0047629, 0.0038883, 0.0054634, 0.0030210, 0.00479078,buy
2014-02-25,3,2,1,0,0,1,1,3,3,3,3,1,4,1,5,2,1, 0.0147430, 0.0180075, 0.0167627, 0.0167627, 0.01749829,buy
2014-02-26,2,2,1,0,0,0,2,2,2,3,2,2,4,0,4,1,1,-0.0124715,-0.0221399,-0.0218555,-0.0021684,-0.01257005,sell
2014-02-27,1,3,1,1,1,0,3,0,3,2,3,3,2,2,3,2,0,-0.0268297,-0.0266221,-0.0376411,-0.0268776,-0.02642903,sell
2014-02-28,2,2,2,2,0,0,2,2,2,2,2,3,2,2,4,2,1,-0.0154473, 0.0225026, 0.0132495, 0.0062188, 0.01644218,buy
2014-03-01,1,2,3,2,0,0,2,1,3,1,2,3,1,2,4,2,1,-0.0080948, 0.0012065, 0.0421657,-0.0090905, 0.04300787,buy
2014-03-02,0,1,2,2,1,0,2,0,3,2,2,3,1,1,4,1,1,-0.0101523,-0.0065277, 0.0017478,-0.0160773, 0.00308321,sell
2014-03-03,1,0,1,2,0,0,2,1,1,4,2,2,2,2,2,2,0,-0.0513127,-0.0613930,-0.0521530,-0.0344136,-0.05096588,sell
2014-03-04,0,1,1,1,1,1,1,1,2,3,1,3,2,2,2,1,1,-0.0047660,-0.0045800,-0.0056051,-0.0387761, 0.00458280,sell
2014-03-05,0,2,2,1,0,0,2,0,3,3,3,2,1,2,1,2,2, 0.0075738, 0.0140328, 0.0096853, 0.0142818, 0.01156567,buy
2014-03-06,0,2,3,2,1,1,0,2,1,2,3,3,0,3,2,1,2, 0.0128685, 0.0143846, 0.0176267,-0.0001911, 0.01207401,buy
2014-03-07,0,1,1,3,2,0,3,2,2,3,3,4,2,3,2,2,1, 0.0456268, 0.0454966, 0.0297179, 0.0273704, 0.03660776,buy
2014-03-08,0,2,2,3,2,0,3,0,1,2,3,3,2,1,4,1,1,-0.0054254,-0.0179217,-0.0058065,-0.0194692,-0.00491321,sell
2014-03-09,0,1,4,2,2,0,2,1,0,1,2,2,2,0,5,1,1, 0.0010775,-0.0039883,-0.0001803, 0.0030178, 0.00129737,sell
2014-03-10,1,2,3,2,1,1,2,1,0,2,3,2,2,1,4,2,1, 0.0114301, 0.0076798, 0.0122681, 0.0058540, 0.00896439,buy
2014-03-11,0,3,3,2,0,1,2,1,0,2,2,3,2,1,4,2,0, 0.0095539, 0.0080576, 0.0168870, 0.0084308, 0.00716474,buy
2014-03-12,0,3,3,1,2,1,3,2,0,2,3,3,2,2,4,2,1,-0.0131856, 0.0154360, 0.0146487, 0.0136640,-0.01121646,sell
2014-03-13,0,3,3,1,3,1,3,3,0,2,5,3,1,2,5,2,1, 0.0174227, 0.0184259, 0.0161214, 0.0164387, 0.01303679,buy
2014-03-14,0,3,2,3,3,1,2,3,2,2,5,4,2,2,4,3,1,-0.0040220,-0.0057700,-0.0004545,-0.0071743,-0.00222658,sell
2014-03-15,0,3,3,1,4,1,2,3,2,1,5,4,2,2,3,3,1,-0.0013079, 0.0001936,-0.0047335,-0.0017475, 0.00534751,sell
2014-03-16,0,4,3,2,2,0,4,2,2,1,4,4,1,4,4,2,1,-0.0114008, 0.0000265, 0.0008292, 0.0000265,-0.01158105,sell
2014-03-17,0,4,3,1,3,1,3,3,1,2,5,4,1,4,3,3,1, 0.0013363,-0.0028176,-0.0033567,-0.0044880,-0.00226956,sell
2014-03-18,2,4,3,1,2,1,3,2,1,2,5,4,2,3,3,3,1, 0.0567943, 0.0661380, 0.0550551, 0.0364145, 0.05034317,buy
2014-03-19,2,6,2,0,2,0,3,1,1,0,5,3,2,2,3,1,1, 0.0560882, 0.0729280, 0.0588496, 0.0473537, 0.05381934,buy
2014-03-20,2,4,2,0,3,0,2,0,2,1,4,1,3,2,3,2,1, 0.0588768, 0.0469355, 0.0539651, 0.0469355, 0.05607474,buy
2014-03-21,2,4,0,3,1,0,3,1,1,1,4,1,4,2,3,2,0,-0.0446643,-0.0312989,-0.0255015,-0.0305347,-0.03540954,sell
2014-03-22,1,3,2,2,2,0,4,1,2,1,5,2,4,2,2,2,1, 0.0380483, 0.0430857, 0.0368409, 0.0384285, 0.03780047,buy
2014-03-23,1,3,1,2,0,0,4,1,3,0,2,2,3,1,3,2,2,-0.0355714,-0.0368885,-0.0395091,-0.0329155,-0.03551915,sell
2014-03-24,2,3,1,3,0,1,5,2,1,1,3,1,4,2,4,3,2, 0.0100232,-0.0001833, 0.0170848,-0.0022276, 0.00629922,buy
2014-03-25,2,2,1,3,0,0,4,1,2,3,2,2,4,2,5,2,1,-0.0104121,-0.0042316,-0.0110584,-0.0115586,-0.01155864,sell
2014-03-26,1,2,2,3,1,0,5,0,2,2,4,3,4,2,3,2,0,-0.0458039,-0.0327303,-0.0328377,-0.0470574,-0.03283768,sell
2014-03-27,2,1,3,4,0,0,4,2,2,3,4,3,2,3,4,4,1,-0.0037649,-0.0143076,-0.0124572,-0.0160840,-0.01205148,sell
2014-03-28,2,2,3,4,0,0,4,2,2,2,5,2,3,3,4,4,0,-0.0091822,-0.0091275,-0.0077215,-0.0059884,-0.00293191,sell
2014-03-29,1,2,4,3,1,0,5,0,2,3,6,2,2,3,4,3,1, 0.0108952, 0.0257417, 0.0159298, 0.0109012, 0.01119550,buy
2014-03-30,2,2,2,4,0,0,4,2,1,5,6,1,3,3,4,4,1,-0.0194459,-0.0205716,-0.0127850,-0.0289303, 0.00010806,sell
2014-03-31,2,2,2,3,2,1,2,3,1,5,4,3,3,4,5,3,1,-0.0229795,-0.0126561,-0.0067531, 0.0045118, 0.01660429,buy
2014-04-01,1,2,3,3,1,0,2,2,3,3,4,2,2,4,4,3,1,-0.0050504,-0.0135357,-0.0176609, 0.0007877,-0.01008943,sell
2014-04-02,1,1,3,2,2,1,2,3,1,4,5,3,1,3,4,3,1,-0.0002677, 0.0007495, 0.0066841,-0.0156039,-0.00548912,sell
2014-04-03,1,1,1,4,2,1,1,4,0,5,4,3,2,3,4,3,1, 0.0085891, 0.0091391, 0.0138130, 0.0095757, 0.00858910,buy
2014-04-04,1,4,2,3,3,0,3,2,1,3,5,3,3,3,3,3,2, 0.0020226,-0.0091265,-0.0009292,-0.0067086,-0.00808352,sell
2014-04-05,1,2,3,2,1,1,2,2,0,2,3,2,2,2,3,2,2,-0.0142268,-0.0019120,-0.0038572, 0.0047064,-0.00424804,sell
2014-04-06,2,2,3,5,0,2,2,2,0,3,4,3,2,3,3,3,3, 0.0058980, 0.0102496, 0.0089558, 0.0009779, 0.01415077,buy
2014-04-07,3,3,1,4,0,2,2,3,0,3,2,3,4,3,3,4,2,-0.0142515,-0.0221415,-0.0136070,-0.0146992,-0.01425153,sell
2014-04-08,1,4,1,3,3,1,2,2,0,1,1,2,5,2,5,1,2, 0.0015259,-0.0114324, 0.0007390, 0.0012738, 0.00132653,sell
2014-04-09,1,3,1,3,4,1,4,1,1,2,2,3,5,2,6,1,2,-0.0057698,-0.0129939,-0.0004403, 0.0015866,-0.00306200,sell
2014-04-10,1,1,0,5,1,1,3,3,1,2,1,4,4,2,5,1,1,-0.0185876,-0.0167433,-0.0092239,-0.0050823,-0.01424373,sell
2014-04-11,1,1,1,5,2,4,3,3,1,2,3,3,5,3,4,3,2, 0.0054346, 0.0046268, 0.0147128, 0.0125881, 0.01721612,buy
2014-04-12,2,2,2,3,2,2,3,1,2,4,4,3,4,4,4,3,1,-0.0246074,-0.0221239,-0.0146829, 0.0110721, 0.01839931,buy
2014-04-13,2,3,1,1,3,1,2,2,1,4,3,0,4,4,5,2,2, 0.0075393,-0.0120058,-0.0106385,-0.0122372,-0.02648828,sell
2014-04-14,3,2,1,1,3,3,3,2,1,6,4,2,4,5,4,4,2, 0.0056108, 0.0108522, 0.0150880, 0.0105656, 0.00561082,buy
2014-04-15,3,2,2,2,1,2,3,1,1,4,4,2,4,4,2,3,2,-0.0160680,-0.0132530, 0.0028648, 0.0018612,-0.01269250,sell
2014-04-16,3,1,4,0,2,2,2,0,2,4,4,3,2,5,1,4,1,-0.0116893,-0.0063146,-0.0113690,-0.0121567,-0.00182705,sell
2014-04-17,2,3,2,2,2,2,2,3,1,4,5,4,2,5,2,4,1,-0.0015913,-0.0030929,-0.0010153,-0.0017999,-0.00092775,sell
2014-04-18,0,2,2,2,3,2,2,3,2,4,4,4,2,5,1,4,2, 0.0014054,-0.0011379,-0.0005134,-0.0064328,-0.00296816,sell
2014-04-19,0,3,2,0,3,1,3,1,2,3,3,2,1,5,2,4,1,-0.0189512,-0.0189512,-0.0189512,-0.0204669,-0.02992268,sell
2014-04-20,1,3,1,0,2,2,1,2,3,4,3,2,2,5,2,4,1,-0.0007188,-0.0129945,-0.0024895,-0.0116365, 0.00088155,sell
2014-04-21,1,2,2,0,2,2,1,2,3,4,3,3,2,4,3,3,1, 0.0049959, 0.0002913,-0.0036012, 0.0013448, 0.01965837,buy
2014-04-22,0,2,3,0,2,1,3,1,2,2,3,3,1,4,1,3,1,-0.0179155,-0.0154676,-0.0113626,-0.0134877,-0.01995960,sell
2014-04-23,0,1,3,2,1,1,2,3,2,3,4,2,1,4,2,3,2, 0.0310269, 0.0227546, 0.0322269, 0.0284088, 0.04839205,buy
2014-04-24,1,1,2,2,1,1,0,3,2,3,3,2,3,2,3,2,1,-0.0122819,-0.0246541,-0.0170536,-0.0138353,-0.03199788,sell
2014-04-25,2,0,3,0,1,1,1,1,3,2,2,1,3,2,2,2,2, 0.0086320, 0.0126117, 0.0086320, 0.0098387, 0.01261175,buy
2014-04-26,1,1,2,1,0,2,1,1,2,2,2,1,3,1,3,1,2, 0.0023782, 0.0040263, 0.0064307, 0.0064307, 0.00664752,buy
2014-04-27,1,0,2,1,2,2,2,2,2,4,2,2,4,3,3,2,2, 0.0293595, 0.0132746, 0.0140197, 0.0150880, 0.02870457,buy
2014-04-28,0,1,3,0,3,1,2,2,4,2,2,2,4,4,2,2,2, 0.0023111, 0.0023111, 0.0080885, 0.0122800, 0.00280127,buy
2014-04-29,0,0,4,0,3,2,2,2,4,2,3,3,2,4,2,3,2,-0.0126564, 0.0008267,-0.0037920,-0.0049423, 0.00155955,sell
2014-04-30,0,0,2,2,2,3,2,3,4,2,4,3,1,4,2,4,2,-0.0014978,-0.0014978,-0.0014978,-0.0025721, 0.00029656,sell
2014-05-01,0,1,3,1,3,2,3,3,5,3,6,2,3,5,1,5,2, 0.0068875, 0.0060403, 0.0052899, 0.0017890, 0.00597659,buy
2014-05-02,0,3,3,0,4,2,2,0,3,3,5,3,2,4,2,3,1, 0.0133128, 0.0133128, 0.0105195,-0.0055018, 0.01048846,buy
2014-05-03,0,2,2,2,2,3,1,0,1,4,3,4,2,3,2,2,1, 0.0170624, 0.0227815, 0.0159257, 0.0157375, 0.01818919,buy
2014-05-04,1,2,3,5,2,3,1,0,1,4,4,3,3,4,4,3,1,-0.0364336,-0.0063050,-0.0080474, 0.0121540, 0.01215398,buy
2014-05-05,0,2,3,4,2,2,2,1,1,1,2,2,3,3,3,4,1,-0.0334719,-0.0323955,-0.0309270,-0.0387046,-0.03445119,sell
2014-05-06,0,2,3,3,3,2,3,2,2,1,4,2,3,4,3,4,1,-0.0303838,-0.0289459,-0.0094850,-0.0378589,-0.03118164,sell
2014-05-07,0,1,2,6,2,3,3,3,1,2,4,3,2,5,3,5,1,-0.0079860, 0.0095284, 0.0086707, 0.0065869, 0.00412588,buy
2014-05-08,0,1,1,4,2,4,3,4,1,2,4,3,4,4,2,4,1,-0.0053684,-0.0051733, 0.0110867,-0.0181863,-0.00772598,sell
2014-05-09,0,1,2,1,3,4,3,2,4,2,4,2,4,3,3,4,2, 0.0042924, 0.0258148, 0.0059863, 0.0161448, 0.00326069,buy
2014-05-10,0,1,1,1,1,3,1,2,3,3,2,2,3,3,4,1,1, 0.0022898, 0.0023257, 0.0023257, 0.0037923, 0.00232567,buy
2014-05-11,2,1,1,1,2,4,1,1,2,5,2,4,4,4,2,2,2, 0.0138582, 0.0138265, 0.0074584,-0.0005482, 0.01072058,buy
2014-05-12,1,1,1,2,2,3,2,0,1,5,2,3,4,4,2,2,1, 0.0007942, 0.0099723,-0.0053309,-0.0121478, 0.00122909,sell
2014-05-13,1,1,3,1,4,2,2,0,3,4,3,4,4,4,1,3,2, 0.0126435, 0.0142163, 0.0125335, 0.0132014, 0.01320140,buy
2014-05-14,2,1,2,3,4,2,1,2,3,4,2,5,3,5,2,4,3,-0.0206076,-0.0146785,-0.0188209,-0.0028527,-0.01547026,sell
2014-05-15,1,1,3,5,2,2,2,2,3,4,3,5,3,6,1,4,3,-0.0111638,-0.0119946,-0.0105536,-0.0077573,-0.01076907,sell
2014-05-16,1,0,2,2,5,0,3,1,3,4,3,2,2,5,3,4,2, 0.0001502,-0.0016715,-0.0009883,-0.0011298, 0.00030752,sell
2014-05-17,2,3,0,2,4,0,1,2,3,4,2,2,3,5,3,4,2,-0.0075341,-0.0013908,-0.0039139, 0.0002188,-0.00257496,sell
2014-05-18,2,2,0,2,3,1,1,2,4,6,3,3,4,4,3,4,2,-0.0195121,-0.0297723,-0.0261218,-0.0062010,-0.01818116,sell
2014-05-19,1,2,1,2,3,0,2,3,1,3,2,3,5,3,2,2,1,-0.0274468,-0.0277462,-0.0233927, 0.0101485,-0.02583144,sell
2014-05-20,1,1,1,2,4,0,3,3,3,3,4,2,4,3,3,3,2, 0.0037758, 0.0125166, 0.0066446, 0.0100599, 0.01121357,buy
2014-05-21,1,3,0,3,4,0,1,6,2,3,4,3,4,3,4,2,3, 0.0117769, 0.0146919, 0.0092950, 0.0095891, 0.01605440,buy
2014-05-22,1,3,2,2,4,0,2,4,2,2,4,2,4,4,3,2,3, 0.0194742, 0.0284135, 0.0206522, 0.0290919, 0.02853015,buy
2014-05-23,0,4,2,2,2,0,2,3,1,3,4,1,5,3,3,1,2,-0.0067617,-0.0056600,-0.0041018,-0.0078435,-0.00701549,sell
2014-05-24,1,3,0,1,2,1,1,3,1,4,3,2,4,3,2,2,1,-0.0093880,-0.0003111,-0.0079043,-0.0090685,-0.00953017,sell
2014-05-25,2,3,1,0,2,0,0,4,1,4,2,2,4,4,1,2,2, 0.0152613, 0.0046008,-0.0026481, 0.0068640,-0.00237176,buy
2014-05-26,1,2,2,0,2,1,1,2,2,2,1,3,4,3,1,1,2,-0.0084932,-0.0062304,-0.0086126,-0.0018893,-0.00849320,sell
2014-05-27,0,2,2,2,1,1,2,2,2,2,2,3,2,4,1,2,2,-0.0006592, 0.0276582, 0.0147065, 0.0171510, 0.01242079,buy
2014-05-28,0,2,2,3,2,0,1,3,1,3,2,4,3,4,1,1,2, 0.0225166, 0.0276370, 0.0071224, 0.0014024, 0.02341460,buy
2014-05-29,0,3,2,1,3,0,1,2,2,3,2,3,4,3,2,1,2,-0.0070432,-0.0094321,-0.0116542,-0.0017123,-0.00545058,sell
2014-05-30,0,3,2,2,2,0,1,1,2,2,2,3,4,2,2,0,2,-0.0003459,-0.0072765, 0.0026306, 0.0044541, 0.00344306,buy
2014-05-31,1,0,3,2,2,1,0,0,2,4,1,2,3,3,3,1,2,-0.0002928, 0.0043840,-0.0041828,-0.0404788,-0.00034423,sell
2014-06-01,1,1,2,2,2,1,0,0,2,3,1,1,4,3,2,2,1,-0.0319737,-0.0257421,-0.0333181,-0.0399886,-0.01507666,sell
2014-06-02,0,2,1,1,4,0,0,0,4,3,0,2,4,3,2,2,2, 0.0082904, 0.0007474, 0.0077970, 0.0125696,-0.00290712,buy
2014-06-03,0,1,3,1,5,0,1,1,4,3,1,4,5,3,2,2,2, 0.0032595, 0.0032595, 0.0016681, 0.0019849, 0.00161195,buy
2014-06-04,0,1,4,3,4,1,1,2,2,2,2,3,4,4,3,2,2, 0.0183071,-0.0091171,-0.0092215,-0.0115138,-0.01290402,sell
2014-06-05,0,0,5,1,5,2,1,1,3,1,1,3,4,4,3,3,1,-0.0008380, 0.0020732, 0.0000092,-0.0033154,-0.00830522,sell
2014-06-06,0,1,4,2,5,1,0,0,4,1,1,2,3,5,3,3,1, 0.0016497,-0.0079181,-0.0079662,-0.0077858,-0.00807852,sell
2014-06-07,1,2,2,2,6,2,0,1,2,2,0,2,5,5,3,3,2, 0.0040791, 0.0038472, 0.0093422, 0.0032570, 0.00093313,buy
2014-06-08,1,1,2,2,5,2,3,0,1,3,2,2,5,3,3,4,1, 0.0331130, 0.0285020, 0.0284515, 0.0325287, 0.03311301,buy
2014-06-09,0,2,3,2,3,2,2,1,1,2,3,1,5,2,3,3,1, 0.0405529, 0.0352423, 0.0342315, 0.0352423, 0.04055288,buy
2014-06-10,1,3,4,1,3,3,3,1,2,1,3,3,3,3,4,4,2, 0.0231429, 0.0393283, 0.0396293, 0.0451614, 0.03958100,buy
2014-06-11,1,3,3,3,2,2,2,3,0,2,3,3,4,3,4,3,1,-0.0148853,-0.0283922,-0.0280638,-0.0143827,-0.01620353,sell
2014-06-12,0,2,2,2,3,2,4,1,1,2,3,2,2,3,4,3,2, 0.0155222, 0.0139183, 0.0195762, 0.0195762, 0.01460725,buy
2014-06-13,0,3,2,2,2,2,3,2,1,1,2,1,2,2,4,4,3,-0.0208783, 0.0198837,-0.0225398, 0.0032792,-0.01211210,sell
2014-06-14,1,3,1,2,0,3,2,2,3,3,3,2,2,2,4,4,3,-0.0062732,-0.0155149,-0.0082000,-0.0105393,-0.01110799,sell
2014-06-15,0,3,1,1,0,3,2,2,2,2,3,2,2,1,3,3,2,-0.0015276,-0.0157795,-0.0006017,-0.0010141,-0.00906221,sell
2014-06-16,0,2,1,1,0,2,3,0,2,3,2,2,1,2,3,2,2, 0.0020474,-0.0042948, 0.0020474,-0.0035000, 0.00058173,sell
2014-06-17,1,2,0,2,1,2,2,2,2,3,3,2,1,2,5,3,1, 0.0041851, 0.0043820, 0.0004382, 0.0041851, 0.01274843,buy
2014-06-18,1,3,1,3,1,1,3,1,2,1,3,3,1,3,4,3,0,-0.0090210,-0.0063417, 0.0015467,-0.0063788,-0.01196828,sell
2014-06-19,0,2,2,5,1,1,4,0,2,1,3,4,0,2,5,2,2, 0.0136927, 0.0091905, 0.0006461, 0.0105724, 0.02765169,buy
2014-06-20,1,3,0,5,1,2,4,1,1,2,3,4,1,3,5,2,2, 0.0024144, 0.0106917, 0.0021080, 0.0201342, 0.01097303,buy
2014-06-21,1,4,0,3,1,2,4,3,1,3,4,4,1,4,3,3,3,-0.0023523,-0.0046897,-0.0040959,-0.0119876,-0.00571664,sell
2014-06-22,0,2,1,3,0,1,4,1,2,2,3,2,1,4,2,2,2,-0.0191270, 0.0167532,-0.0014796,-0.0018275, 0.00170694,sell
2014-06-23,0,1,1,4,1,2,4,1,2,1,2,3,1,4,3,3,1, 0.0008475,-0.0135201,-0.0097929,-0.0050397,-0.00898228,sell
2014-06-24,1,1,1,5,0,1,2,2,1,2,2,3,2,3,2,3,1,-0.0029220,-0.0028710,-0.0021604,-0.0020366, 0.00626323,sell
2014-06-25,1,2,2,2,2,1,2,2,1,3,2,3,4,2,3,3,1, 0.0148614,-0.0002675, 0.0082213, 0.0073584, 0.00471192,buy
2014-06-26,0,3,2,3,1,1,4,1,1,2,2,4,3,1,4,3,1,-0.0148874,-0.0053045,-0.0053045,-0.0053045,-0.01119792,sell
2014-06-27,0,2,3,3,0,2,3,1,0,4,1,4,3,2,4,3,1, 0.0010108,-0.0064521,-0.0077313,-0.0046329,-0.00604754,sell
2014-06-28,1,1,2,2,0,2,2,1,0,4,2,3,3,2,2,2,1, 0.0054786,-0.0002637, 0.0069408, 0.0040828, 0.00023204,buy
2014-06-29,1,4,1,2,1,2,2,1,1,1,3,2,5,1,2,2,1, 0.0045417, 0.0033182, 0.0110352, 0.0082318, 0.01191869,buy
2014-06-30,0,3,2,0,3,2,2,1,2,2,2,2,4,3,3,2,1,-0.0162275, 0.0013543,-0.0080825, 0.0120953,-0.02208092,sell
2014-07-01,0,2,2,3,1,2,3,2,1,2,3,3,4,3,2,3,0, 0.0008519,-0.0092265, 0.0023620,-0.0061659,-0.00254043,sell
2014-07-02,0,1,2,3,2,3,2,3,0,2,3,1,5,4,1,3,1, 0.0336083, 0.0332061, 0.0267070, 0.0354422, 0.04150316,buy
2014-07-03,0,1,3,1,2,2,3,2,3,3,4,1,3,3,3,4,2, 0.0331748, 0.0323645, 0.0269177, 0.0294624, 0.03227433,buy
2014-07-04,0,2,3,1,3,2,2,2,2,1,3,1,3,3,4,3,1,-0.0182900,-0.0168822,-0.0137689,-0.0008433,-0.01911318,sell
2014-07-05,1,0,3,2,3,3,3,1,1,2,2,2,3,3,4,4,1, 0.0004733, 0.0018180, 0.0080248, 0.0195308, 0.00198981,buy
2014-07-06,1,0,4,3,2,3,3,1,1,2,3,3,2,2,4,4,2, 0.0291039, 0.0292198, 0.0299268, 0.0339295, 0.03046694,buy
2014-07-07,1,2,4,2,4,2,1,1,2,2,4,2,3,3,3,4,2, 0.0401605, 0.0455573, 0.0416511, 0.0303912, 0.02961651,buy
2014-07-08,1,2,4,2,3,2,2,1,2,2,2,4,3,3,3,5,1,-0.0223841,-0.0207181,-0.0240660,-0.0119838,-0.02406597,sell
2014-07-09,0,1,5,3,1,1,2,2,1,3,3,4,3,3,2,4,0, 0.0422461, 0.0403180, 0.0403954, 0.0364751, 0.04508941,buy
2014-07-10,0,1,3,4,2,1,3,0,2,2,3,3,3,1,4,3,1, 0.0097374, 0.0106171, 0.0152769, 0.0189059, 0.01363353,buy
2014-07-11,1,2,2,3,1,0,1,1,1,3,2,2,4,1,3,3,0, 0.0301031, 0.0073066, 0.0168262, 0.0178377, 0.02327083,buy
2014-07-12,1,1,2,3,1,1,1,1,1,4,2,3,4,1,3,2,1, 0.0110765, 0.0008805, 0.0048403, 0.0052816, 0.00088045,buy
2014-07-13,0,2,2,4,0,1,3,0,1,4,2,4,4,1,3,2,1,-0.0223297,-0.0224053,-0.0076231,-0.0224053,-0.02031589,sell
2014-07-14,0,1,4,4,1,0,2,2,1,2,2,3,2,2,4,2,2, 0.0056814, 0.0069932, 0.0064781, 0.0128977, 0.00716385,buy
2014-07-15,1,2,5,5,1,0,3,2,1,2,5,4,4,2,3,2,2,-0.0095514,-0.0136272,-0.0114731,-0.0095514,-0.00705595,sell
2014-07-16,0,1,4,6,1,0,3,0,1,3,5,4,3,1,3,1,2,-0.0107265,-0.0143399,-0.0053102,-0.0120578,-0.01292148,sell
2014-07-17,0,0,3,5,1,0,2,0,0,4,3,3,4,1,3,0,1, 0.0036115, 0.0129180, 0.0035683, 0.0076597, 0.02265518,buy
2014-07-18,2,3,2,4,1,1,1,1,0,3,4,3,4,2,3,2,0,-0.0123633,-0.0039181,-0.0263932,-0.0002714,-0.01513905,sell
2014-07-19,1,2,3,1,0,2,1,1,2,3,4,3,3,3,1,1,1, 0.0034763, 0.0215879, 0.0122575, 0.0132706, 0.02938251,buy
2014-07-20,1,1,4,1,0,2,2,1,1,2,3,2,3,2,2,2,1, 0.0059360, 0.0132430, 0.0145513, 0.0055357, 0.01440793,buy
2014-07-21,1,2,2,2,1,2,2,2,1,3,4,3,3,2,2,2,2, 0.0010143, 0.0037394, 0.0143141,-0.0025386, 0.00551666,buy
2014-07-22,1,3,3,2,2,1,2,2,2,4,5,3,3,2,4,4,1,-0.0122004,-0.0152951,-0.0053460,-0.0201019,-0.00191869,sell
2014-07-23,1,4,3,3,1,1,2,1,1,3,5,4,2,1,5,3,0, 0.0017579, 0.0075130, 0.0044485, 0.0068588, 0.00896028,buy
2014-07-24,2,3,4,1,0,3,1,0,0,3,3,3,2,3,3,2,1, 0.0145821, 0.0108770, 0.0099214, 0.0130896, 0.01367106,buy
2014-07-25,2,4,4,2,0,3,0,0,0,4,2,3,4,3,3,3,1, 0.0165120, 0.0112929, 0.0115647, 0.0114912, 0.01647755,buy
2014-07-26,2,5,2,2,2,1,0,0,0,4,3,3,5,1,3,3,0, 0.0234766, 0.0240565, 0.0228322, 0.0240565, 0.01222386,buy
2014-07-27,2,3,3,1,3,1,1,0,0,5,3,3,4,2,4,2,1,-0.0207442,-0.0258144,-0.0353362,-0.0089058,-0.02649136,sell
2014-07-28,1,1,3,3,1,1,0,1,1,4,2,2,3,2,3,3,1,-0.0416342,-0.0427972,-0.0397102,-0.0386911,-0.04680752,sell
2014-07-29,1,2,3,3,1,2,1,1,1,3,3,2,4,3,2,3,1,-0.0157405, 0.0012652,-0.0134588,-0.0134588,-0.01345885,sell
2014-07-30,1,2,3,0,3,2,0,2,2,4,3,3,3,3,3,3,1, 0.0033208, 0.0190599, 0.0072027, 0.0113979, 0.01310954,buy
2014-07-31,2,4,2,0,3,1,1,2,1,3,5,3,3,3,3,2,0, 0.0414137,-0.0061548, 0.0069776,-0.0086831, 0.00259239,buy
2014-08-01,1,3,2,0,3,2,2,1,1,5,3,3,3,3,4,3,1, 0.0222800, 0.0137192, 0.0137617,-0.0134608, 0.01535986,buy
2014-08-02,1,4,2,2,3,1,1,0,0,5,2,2,5,2,3,3,2,-0.0000021, 0.0022607,-0.0038864, 0.0041311,-0.00066815,buy
2014-08-03,2,3,4,1,3,0,0,0,1,4,3,3,5,2,2,2,1,-0.0262423,-0.0317484,-0.0318647,-0.0326921,-0.02852217,sell
2014-08-04,2,4,5,1,4,0,0,1,1,4,3,2,5,4,4,3,1,-0.0031471,-0.0092678,-0.0093863, 0.0013885,-0.02194551,sell
2014-08-05,1,2,5,3,3,0,1,1,0,5,3,3,5,3,2,3,2,-0.0029939,-0.0150802,-0.0138194,-0.0082052,-0.01780642,sell
2014-08-06,0,1,5,3,4,0,3,1,0,5,3,4,4,3,3,3,2,-0.0017627,-0.0151154,-0.0051663,-0.0051663,-0.00771496,sell
2014-08-07,0,2,3,2,4,0,0,2,2,3,3,3,3,2,3,3,1, 0.0052235, 0.0095999,-0.0012051, 0.0117792, 0.02076089,buy
2014-08-08,1,3,3,1,3,0,0,1,4,4,2,2,4,4,3,5,0, 0.0204375,-0.0026585, 0.0214568, 0.0194239, 0.00187521,buy
2014-08-09,0,2,3,0,0,2,1,1,1,5,2,2,3,1,2,4,1, 0.0043035, 0.0020917, 0.0054954, 0.0026508, 0.00514197,buy
2014-08-10,0,3,3,0,0,1,2,0,2,5,2,3,2,2,3,4,0, 0.0017024, 0.0002769, 0.0022852, 0.0005019, 0.00043223,buy
2014-08-11,1,4,4,1,2,0,0,2,1,4,2,3,2,3,4,4,1, 0.0141186,-0.0012971, 0.0141186, 0.0134931, 0.01411862,buy
2014-08-12,1,3,4,4,1,0,1,0,2,2,3,3,2,3,3,3,1,-0.0269665,-0.0352689,-0.0349140,-0.0294778,-0.02515088,sell
2014-08-13,1,3,5,4,0,0,1,0,1,2,4,2,2,2,4,2,1, 0.0012219,-0.0077292,-0.0046373,-0.0054811,-0.00374482,sell
2014-08-14,2,4,4,2,3,0,1,1,1,3,4,1,4,3,3,4,2,-0.0049903,-0.0149632,-0.0143371,-0.0099926,-0.02574930,sell
2014-08-15,2,4,1,3,2,0,1,1,2,4,4,0,4,4,3,2,3,-0.0072754,-0.0003597,-0.0009273, 0.0014155,-0.00150209,sell
2014-08-16,2,1,1,2,2,3,2,0,2,3,3,1,3,3,3,3,2,-0.0031428,-0.0145287,-0.0098140, 0.0027997,-0.01110513,sell
2014-08-17,2,1,0,3,2,2,3,1,1,0,2,0,2,3,3,4,1,-0.0081545,-0.0201530,-0.0055406,-0.0105194,-0.00629764,sell
2014-08-18,2,1,0,2,5,1,2,1,4,1,3,1,3,4,2,4,2,-0.0006190,-0.0002407,-0.0017784, 0.0011473, 0.01051410,buy
2014-08-19,2,2,1,1,6,1,2,2,2,1,3,2,3,5,3,2,2,-0.0159149, 0.0092945,-0.0208578, 0.0076024, 0.00937018,sell
2014-08-20,2,0,2,4,3,2,4,2,1,1,4,2,3,5,2,2,3,-0.0013111,-0.0079099,-0.0129796,-0.0230645,-0.00128835,sell
2014-08-21,2,0,5,3,2,2,4,0,2,2,3,3,3,5,2,4,2,-0.0181251,-0.0146543,-0.0181251,-0.0189470,-0.01425414,sell
2014-08-22,2,3,4,3,3,0,2,0,1,3,2,4,1,3,4,6,1, 0.0013058,-0.0138351,-0.0131919,-0.0175122,-0.01319189,sell
2014-08-23,4,3,3,2,5,0,1,0,2,4,2,4,1,4,5,6,2,-0.0143598,-0.0155736,-0.0148147,-0.0148147,-0.01481468,sell
2014-08-24,3,0,3,2,4,1,1,0,2,4,1,3,1,4,4,5,2, 0.0003914, 0.0150776, 0.0040929, 0.0122129, 0.00527215,buy
2014-08-25,1,0,2,3,2,2,2,0,2,2,1,2,2,2,3,5,1,-0.0010834,-0.0058987,-0.0032357, 0.0063023,-0.00358044,sell
2014-08-26,1,1,2,1,3,2,3,0,4,2,2,3,2,1,4,5,2, 0.0172905, 0.0322490, 0.0200785, 0.0325146, 0.01704383,buy
2014-08-27,1,2,1,1,2,1,2,5,4,2,3,4,1,1,5,4,3, 0.0168897, 0.0283947, 0.0183503, 0.0283799, 0.01843674,buy
2014-08-28,1,3,1,1,2,2,2,4,3,3,4,3,3,2,4,4,2,-0.0011879, 0.0006473,-0.0119978, 0.0092996, 0.00133223,buy
2014-08-29,1,3,2,1,1,2,4,1,3,3,4,3,3,3,3,3,2,-0.0159238,-0.0142112,-0.0058317,-0.0159474,-0.01509374,sell
2014-08-30,1,3,2,1,0,1,2,1,2,3,4,1,3,4,2,0,2,-0.0029084,-0.0031407,-0.0041639,-0.0025162, 0.00073570,sell
2014-08-31,3,5,2,1,1,1,2,1,1,4,5,2,4,4,3,1,2, 0.0222147, 0.0306566, 0.0147898, 0.0241505, 0.02123274,buy
2014-09-01,3,5,1,2,0,1,2,4,0,3,4,2,4,5,3,1,2, 0.0324609, 0.0146486, 0.0124631,-0.0007090, 0.01478318,buy
2014-09-02,1,4,3,2,0,1,3,2,0,2,3,1,3,5,3,2,1, 0.0168325, 0.0181548, 0.0163839, 0.0207014, 0.01994114,buy
2014-09-03,1,4,3,3,1,1,3,3,0,1,3,2,3,4,4,3,1,-0.0245432,-0.0115426,-0.0179145,-0.0108961,-0.00565042,sell
2014-09-04,1,3,2,3,3,0,1,4,2,2,3,2,3,4,3,4,2,-0.0000415, 0.0067665,-0.0131392, 0.0105215, 0.00676647,buy
2014-09-05,1,2,1,3,3,0,1,3,2,2,2,2,3,4,2,3,2, 0.0000075, 0.0088909,-0.0106496, 0.0088909, 0.01393844,buy
2014-09-06,0,2,1,1,3,2,3,3,1,2,3,1,4,4,2,3,1,-0.0003917,-0.0031159, 0.0081143,-0.0080803,-0.00533840,sell
2014-09-07,0,3,1,1,2,3,2,5,3,3,4,2,3,5,4,4,1, 0.0039125, 0.0069895, 0.0069639, 0.0015979, 0.00726239,buy
2014-09-08,1,4,2,2,3,2,2,3,3,2,4,3,4,4,3,5,1,-0.0246044,-0.0191405,-0.0204045,-0.0210707,-0.02460441,sell
2014-09-09,0,2,2,3,3,2,1,2,2,1,4,2,3,2,2,5,0,-0.0125145,-0.0093498,-0.0018445,-0.0113677,-0.00940765,sell
2014-09-10,1,1,3,4,2,2,1,2,2,2,4,3,2,4,2,4,1,-0.0184759,-0.0097905,-0.0098586,-0.0144503,-0.01517599,sell
2014-09-11,1,3,2,3,3,2,0,3,2,2,4,3,2,5,2,4,1, 0.0003919, 0.0004498, 0.0052816,-0.0025321, 0.00039191,sell
2014-09-12,0,2,3,1,2,2,3,2,3,2,5,2,2,4,2,4,1,-0.0011827, 0.0019237,-0.0008481,-0.0015200,-0.00049814,sell
2014-09-13,0,2,3,2,0,4,3,2,2,2,4,2,1,5,3,3,2, 0.0018074,-0.0017630, 0.0201964, 0.0201964, 0.00198712,buy
2014-09-14,0,1,1,3,2,3,2,2,2,2,2,2,3,3,2,4,2, 0.0132519,-0.0174503,-0.0168513, 0.0074148, 0.01539785,buy
2014-09-15,0,1,1,2,3,1,2,1,3,3,2,1,4,2,3,4,1,-0.0019329, 0.0001608, 0.0041610,-0.0004962,-0.00169387,sell
2014-09-16,0,1,2,3,3,1,2,2,1,1,2,2,4,1,4,3,0, 0.0305612, 0.0344130, 0.0307808, 0.0305679, 0.03486582,buy
2014-09-17,0,1,3,4,2,2,3,2,1,2,3,3,3,3,3,4,1,-0.0192587,-0.0080034,-0.0108442,-0.0137310,-0.01353924,sell
2014-09-18,0,2,2,4,1,0,3,3,2,2,3,2,3,2,3,4,2, 0.0081379, 0.0272309, 0.0144091, 0.0080979, 0.02936852,buy
2014-09-19,1,3,1,2,3,0,2,3,1,1,3,2,3,2,3,3,1,-0.0343431,-0.0380037,-0.0320448,-0.0329654,-0.01050439,sell
2014-09-20,1,3,1,2,2,0,3,1,1,2,3,1,2,2,4,3,1,-0.0170563,-0.0260356,-0.0155944,-0.0253890,-0.01303355,sell
2014-09-21,0,2,0,3,1,1,1,1,1,3,1,2,3,2,2,2,1,-0.0374979,-0.0377661,-0.0363877,-0.0363877,-0.04405440,sell
2014-09-22,0,1,1,1,1,1,1,1,1,2,2,1,2,2,1,2,0,-0.0370967,-0.0682185,-0.0235085,-0.0387849,-0.03608450,sell
2014-09-23,1,2,1,0,1,0,1,2,2,1,3,0,1,3,2,1,1, 0.0351605, 0.0333803, 0.0316804, 0.0342835, 0.03432861,buy
2014-09-24,0,2,0,0,2,0,2,4,2,2,2,1,3,4,3,0,1, 0.0076319, 0.0068600, 0.0088051, 0.0200713, 0.00763190,buy
2014-09-25,0,2,0,1,1,1,4,3,3,2,2,2,3,4,3,1,2, 0.0038292,-0.0140384, 0.0250062, 0.0275276,-0.01453190,buy
2014-09-26,0,1,1,1,1,0,4,4,0,1,2,1,4,2,2,0,2,-0.0171932,-0.0118108,-0.0177891,-0.0034243,-0.01642394,sell
2014-09-27,1,1,1,0,2,0,3,4,1,2,3,1,3,3,2,1,2,-0.0062106,-0.0092763,-0.0109895,-0.0002521,-0.01227798,sell
2014-09-28,1,3,2,1,2,0,2,3,1,2,3,0,4,3,2,3,2, 0.0049218, 0.0006196, 0.0106602, 0.0009499, 0.00061965,buy
2014-09-29,1,2,5,1,1,0,3,2,1,3,4,1,4,4,1,3,2,-0.0029699,-0.0035242,-0.0032037,-0.0128797,-0.00217000,sell
2014-09-30,1,1,5,0,2,0,4,2,1,2,3,2,3,4,2,2,2,-0.0021339, 0.0046437, 0.0035631,-0.0215954,-0.00902051,sell
2014-10-01,1,2,3,1,2,0,3,4,2,3,3,2,4,4,3,3,2,-0.0014107,-0.0014107,-0.0094170,-0.0000203,-0.00141069,sell
2014-10-02,1,1,3,0,3,0,3,5,2,2,3,3,4,3,3,2,2,-0.0017528,-0.0017528, 0.0097142, 0.0010067,-0.00318654,sell
2014-10-03,0,0,4,0,1,1,4,5,1,1,2,3,3,3,2,2,2,-0.0169796, 0.0057566,-0.0043365,-0.0043365,-0.01562788,sell
2014-10-04,0,0,4,1,1,2,3,4,3,3,3,3,2,5,2,3,3,-0.0213967,-0.0075874,-0.0168900,-0.0075874, 0.00255613,sell
2014-10-05,1,1,3,1,2,1,1,4,2,3,1,2,3,5,3,3,2,-0.0322100,-0.0040575,-0.0301921, 0.0093930,-0.03081420,sell
2014-10-06,1,0,4,0,3,1,1,2,3,3,3,3,3,3,2,3,1,-0.0065395,-0.0013476, 0.0080908,-0.0044061,-0.00417933,sell
2014-10-07,0,1,4,2,1,3,1,2,2,3,3,3,3,3,3,3,1, 0.0057290, 0.0127937, 0.0081097, 0.0126251, 0.01297956,buy
2014-10-08,1,1,5,1,1,3,1,3,2,3,3,3,3,4,3,4,1, 0.0064573, 0.0186275, 0.0077189, 0.0109427, 0.01143960,buy
2014-10-09,0,2,4,2,1,2,1,2,3,2,3,3,4,4,2,3,0, 0.0316806, 0.0497110, 0.0332671, 0.0416947, 0.03199735,buy
2014-10-10,0,1,4,1,2,3,3,1,4,2,5,3,3,2,3,4,1,-0.0060024, 0.0031325,-0.0060024, 0.0142851,-0.00604771,sell
2014-10-11,0,0,2,3,1,3,2,2,3,3,4,3,2,2,3,4,1,-0.0191132,-0.0080679,-0.0138358, 0.0004035,-0.00601541,sell
2014-10-12,0,1,2,2,1,3,2,0,6,2,4,3,4,2,2,3,1,-0.0136817,-0.0124521,-0.0136817,-0.0128344,-0.01492998,sell
2014-10-13,0,1,2,2,1,2,2,1,6,0,5,3,3,0,3,2,1, 0.0155903, 0.0122276, 0.0148038, 0.0007475, 0.01456170,buy
2014-10-14,0,1,2,3,0,2,4,1,4,1,4,2,3,1,5,2,1, 0.0117847, 0.0204203, 0.0117847,-0.0083281, 0.01237933,buy
2014-10-15,1,1,2,3,1,2,5,0,5,2,4,4,3,1,5,3,2, 0.0114159, 0.0119954, 0.0129820, 0.0029002, 0.01302590,buy
2014-10-16,1,2,2,4,2,0,4,0,4,1,2,5,4,0,6,1,2,-0.0062909,-0.0026369,-0.0029114,-0.0050754,-0.00560868,sell
2014-10-17,2,1,2,4,2,0,4,0,5,1,4,4,4,1,6,1,1, 0.0049324,-0.0031015,-0.0031015,-0.0018269,-0.00219356,sell
2014-10-18,2,0,2,4,0,0,4,0,5,1,2,4,2,1,5,2,2,-0.0091392,-0.0014411,-0.0005347,-0.0017243,-0.00379256,sell
2014-10-19,1,1,1,3,1,1,4,1,4,0,1,4,3,1,4,2,2,-0.0195124,-0.0126647,-0.0139327,-0.0093028,-0.00888115,sell
2014-10-20,0,1,1,1,1,1,5,1,4,1,2,4,1,1,4,2,2,-0.0099912,-0.0061755,-0.0138754,-0.0052526, 0.00076012,sell
2014-10-21,0,1,0,1,1,1,4,2,4,1,2,3,2,1,5,1,1,-0.0037856, 0.0075249, 0.0043076,-0.0025590, 0.00358058,buy
2014-10-22,0,1,0,2,1,2,0,2,4,1,3,2,3,1,1,3,0,-0.0021953,-0.0050818,-0.0011423,-0.0028794,-0.00123445,sell
2014-10-23,1,1,3,2,0,2,1,0,5,0,2,3,5,0,1,3,1,-0.0064177,-0.0008812,-0.0077391,-0.0008812, 0.00117878,sell
2014-10-24,1,1,3,1,1,1,0,1,5,0,1,4,4,1,0,3,1,-0.0135306,-0.0161192,-0.0134701,-0.0156010,-0.01003394,sell
2014-10-25,1,2,2,2,1,1,1,2,4,1,2,4,4,2,1,4,0, 0.0105111, 0.0027360,-0.0016541,-0.0033239,-0.00468251,sell
2014-10-26,1,2,3,2,0,1,3,1,3,1,2,3,4,2,1,4,1, 0.0176126, 0.0043730, 0.0043730, 0.0043730, 0.00894053,buy
2014-10-27,0,1,4,2,0,1,2,1,4,0,3,2,4,1,1,3,1, 0.0132522, 0.0110813, 0.0132312, 0.0110813, 0.02737202,buy
2014-10-28,2,2,3,3,0,1,1,1,5,0,4,2,5,1,2,3,1, 0.0085248, 0.0085248, 0.0069025, 0.0101767, 0.00601212,buy
2014-10-29,1,1,2,3,1,1,0,2,7,1,4,1,6,2,2,3,1,-0.0078034,-0.0080846, 0.0010870,-0.0039932,-0.01239968,sell
2014-10-30,0,1,2,2,1,1,2,1,6,1,3,2,6,2,1,2,1,-0.0025931,-0.0043992, 0.0010070, 0.0006303,-0.00174958,sell
2014-10-31,0,2,2,2,1,1,4,1,5,2,3,2,5,3,2,3,2,-0.0038361,-0.0072366,-0.0057774,-0.0041376,-0.01059037,sell
2014-11-01,1,3,1,2,1,1,1,3,5,1,3,2,4,3,3,3,1,-0.0251261,-0.0070093,-0.0342366,-0.0237472,-0.02680721,sell
2014-11-02,1,1,2,2,3,0,2,1,6,0,3,1,4,3,3,3,1,-0.0083624,-0.0083821,-0.0087777,-0.0083821,-0.00838208,sell
2014-11-03,0,0,1,4,3,0,2,1,4,1,4,1,3,2,3,2,1, 0.0131303, 0.0052742,-0.0086838, 0.0055289, 0.00659596,buy
2014-11-04,2,1,1,4,3,0,2,2,4,2,4,2,4,4,3,3,1,-0.0003060, 0.0096327,-0.0336163,-0.0177276,-0.01536016,sell
2014-11-05,2,2,1,1,4,0,1,2,5,1,4,1,3,4,3,3,1, 0.0145222, 0.0165308, 0.0145944, 0.0145944, 0.01115809,buy
2014-11-06,1,1,2,1,2,1,2,1,3,2,3,1,2,3,2,4,1,-0.0107296,-0.0107296,-0.0102851,-0.0101314,-0.01055126,sell
2014-11-07,1,1,1,3,1,2,2,2,2,3,3,1,2,4,3,4,1, 0.0069886, 0.0212456, 0.0050633, 0.0102430, 0.01728967,buy
2014-11-08,2,1,1,2,3,1,1,2,2,4,3,1,3,4,4,4,0, 0.0079598, 0.0110762, 0.0282414, 0.0103114, 0.01794296,buy
2014-11-09,2,2,1,1,5,0,0,1,2,3,4,1,3,2,3,3,1, 0.0105663, 0.0112424, 0.0105663, 0.0105663, 0.01124241,buy
2014-11-10,2,2,2,2,2,2,0,4,0,3,3,2,4,3,4,1,2, 0.0165643, 0.0165643, 0.0040236, 0.0175805, 0.00052620,buy
2014-11-11,2,2,3,3,0,2,1,4,0,4,4,2,5,3,3,2,2, 0.0007540, 0.0025783, 0.0093182, 0.0070228, 0.00060908,buy
2014-11-12,3,3,3,2,1,0,1,3,0,3,3,1,5,2,4,3,1, 0.0276616, 0.0155473, 0.0293718, 0.0292627, 0.01036514,buy
2014-11-13,3,4,2,1,3,0,0,3,0,3,2,2,4,3,4,3,1, 0.0594078, 0.0247560, 0.0423490, 0.0296010, 0.02686227,buy
2014-11-14,4,3,2,4,3,0,0,3,1,5,3,3,2,5,5,5,2,-0.0137513,-0.0133727,-0.0135169,-0.0142126,-0.01443120,sell
2014-11-15,4,1,2,4,1,1,0,3,1,4,2,2,3,6,3,4,1,-0.0132240,-0.0202346,-0.0191494,-0.0104439,-0.01479630,sell
2014-11-16,3,1,2,2,2,1,1,4,2,3,2,3,4,5,2,5,0,-0.0049107,-0.0026544, 0.0015540,-0.0086227,-0.00144347,sell
2014-11-17,3,4,1,2,2,0,1,4,4,3,3,4,4,5,3,4,1,-0.0102468,-0.0056864,-0.0256272,-0.0078855,-0.00788550,sell
2014-11-18,1,4,0,2,2,1,0,6,3,5,3,4,4,4,2,5,2,-0.0205625,-0.0373581,-0.0463725,-0.0373581,-0.03735811,sell
2014-11-19,1,1,0,2,2,1,1,5,3,6,5,3,3,3,3,4,1,-0.0220056,-0.0184662,-0.0199085,-0.0156948,-0.01976228,sell
2014-11-20,1,2,1,1,2,0,2,3,2,2,3,2,4,2,2,2,1,-0.0078671,-0.0020585,-0.0101611, 0.0178387,-0.00513460,sell
2014-11-21,2,3,0,1,2,0,0,3,3,3,4,3,4,2,2,2,0,-0.0031741,-0.0191444,-0.0218270,-0.0130938, 0.00385091,sell
2014-11-22,4,4,0,2,1,0,0,5,2,5,5,4,6,2,3,2,1, 0.0018838,-0.0071410,-0.0025133,-0.0088735,-0.00235263,sell
2014-11-23,3,4,3,1,1,0,3,5,1,4,6,4,5,4,2,3,1,-0.0003968,-0.0007244, 0.0015355,-0.0003508,-0.00449618,sell
2014-11-24,1,4,2,3,1,0,3,3,2,3,6,3,5,2,2,4,0, 0.0060353, 0.0024180,-0.0031610, 0.0024180, 0.00603535,buy
2014-11-25,2,2,1,2,1,0,2,5,3,3,4,2,5,3,3,3,1,-0.0219769,-0.0102395,-0.0308010,-0.0219769,-0.02383621,sell
2014-11-26,2,1,1,1,2,0,2,5,3,2,4,3,4,2,3,2,1,-0.0078040,-0.0069271,-0.0063863,-0.0034623,-0.00757135,sell
2014-11-27,1,1,1,1,1,0,3,4,3,1,2,2,3,3,2,3,1,-0.0013610,-0.0025816,-0.0004918,-0.0089707,-0.00125548,sell
2014-11-28,2,1,1,1,1,1,2,4,2,3,3,2,3,3,3,3,1,-0.0129634, 0.0038267,-0.0123281,-0.0124291,-0.01343554,sell
2014-11-29,2,3,1,1,1,0,2,3,2,4,3,2,3,2,4,4,1, 0.0107570, 0.0033830, 0.0030629, 0.0039055, 0.00375879,buy
2014-11-30,0,3,4,0,2,0,2,1,3,3,5,2,2,2,2,3,2, 0.0054195, 0.0009757, 0.0009757, 0.0009757, 0.00065974,buy
2014-12-01,1,3,3,2,0,0,2,1,2,3,4,2,3,2,3,2,1, 0.0294930, 0.0263800, 0.0268382, 0.0465778, 0.02683820,buy
2014-12-02,1,2,4,1,1,0,1,2,1,4,3,2,3,3,3,2,1, 0.0046545,-0.0018232, 0.0031160, 0.0165924, 0.00535844,buy
2014-12-03,0,4,5,1,1,0,3,1,2,2,4,3,2,4,2,3,1, 0.0085953, 0.0086064, 0.0079484, 0.0067422, 0.01166048,buy
2014-12-04,0,3,4,1,1,1,3,1,1,2,4,2,1,4,2,3,1,-0.0084577,-0.0081661,-0.0079273,-0.0071804,-0.00690246,sell
2014-12-05,0,0,4,1,1,1,3,3,1,2,2,3,1,3,3,3,1,-0.0055219,-0.0038929,-0.0047864,-0.0035824,-0.00478638,sell
2014-12-06,0,1,3,1,1,0,4,2,3,1,2,3,3,3,2,3,0, 0.0005837, 0.0019604, 0.0006282, 0.0006282, 0.00019276,buy
2014-12-07,0,2,4,0,2,1,4,2,2,0,2,3,3,2,3,3,1,-0.0085241, 0.0020396, 0.0063357, 0.0010742, 0.00107423,sell
2014-12-08,0,1,4,1,1,1,4,3,0,1,2,3,2,3,2,4,0,-0.0051356, 0.0036310, 0.0041637, 0.0042652, 0.00267499,buy
2014-12-09,0,2,5,2,1,1,3,2,0,1,3,2,2,1,3,5,1,-0.0163462,-0.0090230,-0.0169202,-0.0078445,-0.00313692,sell
2014-12-10,0,2,4,0,3,1,2,2,0,0,2,3,2,1,2,3,1,-0.0130560, 0.0041792, 0.0021818,-0.0057587,-0.00662342,sell
2014-12-11,1,2,3,1,1,0,3,2,1,0,3,3,2,1,2,2,1, 0.0015301, 0.0015301, 0.0019478,-0.0011001, 0.00215840,sell
2014-12-12,1,1,3,2,1,1,3,2,1,1,3,4,3,1,2,2,1,-0.0007909, 0.0012208, 0.0012208, 0.0007928, 0.00697350,buy
2014-12-13,0,1,4,1,2,1,3,2,1,0,3,4,3,1,1,2,1,-0.0046883,-0.0039026,-0.0016903,-0.0039026,-0.00356866,sell
2014-12-14,0,3,3,2,1,0,4,2,2,0,4,4,2,2,2,2,1,-0.0019881,-0.0006639,-0.0019881,-0.0021611, 0.00045848,sell
2014-12-15,0,2,3,1,1,1,3,3,2,2,4,4,3,2,2,2,1,-0.0035502,-0.0038483,-0.0035502, 0.0006866, 0.00753303,sell
2014-12-16,1,1,2,2,0,1,4,3,3,3,4,3,3,3,2,4,1,-0.0217303,-0.0372199,-0.0368531,-0.0372199,-0.02095592,sell
2014-12-17,1,3,2,2,0,0,5,1,4,1,3,3,4,2,3,4,0,-0.0462488,-0.0466929,-0.0511622,-0.0466929,-0.04705291,sell
2014-12-18,1,2,2,1,1,0,4,1,4,2,2,3,2,3,2,5,1, 0.0079067,-0.0063767,-0.0053881,-0.0053927,-0.00539273,sell
2014-12-19,2,3,1,3,0,0,4,4,2,3,4,2,3,3,4,5,1, 0.0025815,-0.0053515,-0.0051928, 0.0003810, 0.00041452,sell
2014-12-20,2,2,1,2,0,0,5,3,3,2,2,3,2,4,3,5,1, 0.0058647,-0.0008211, 0.0107825, 0.0111306, 0.01113450,buy
2014-12-21,1,2,2,1,0,0,6,3,3,2,2,4,1,3,3,6,1,-0.0001561,-0.0105624, 0.0048268, 0.0001714,-0.00271520,sell
2014-12-22,4,2,0,2,0,0,5,4,3,3,2,4,2,4,4,6,1,-0.0056416,-0.0102910,-0.0017285,-0.0029172,-0.00304161,sell
2014-12-23,4,1,0,1,1,0,5,5,3,3,2,4,3,4,4,5,1,-0.0085000,-0.0051917, 0.0045386, 0.0027068,-0.00570723,sell
2014-12-24,3,1,0,1,0,0,6,4,4,2,1,4,3,4,4,5,0,-0.0155460,-0.0147095,-0.0120450,-0.0014182,-0.01187134,sell
2014-12-25,2,1,0,1,1,1,6,6,3,2,3,4,2,4,4,5,1,-0.0114449, 0.0026980, 0.0063132,-0.0087743,-0.00887955,sell
2014-12-26,3,1,0,1,1,1,5,7,3,2,3,3,3,4,5,4,2,-0.0141380, 0.0057752, 0.0054317,-0.0110584,-0.00180881,sell
2014-12-27,2,1,1,1,2,1,4,4,3,1,4,4,3,2,3,2,2,-0.0028106,-0.0031901,-0.0001742,-0.0030936,-0.00056191,sell
2014-12-28,3,0,1,2,2,1,3,5,1,2,5,4,4,2,2,2,1, 0.0077638,-0.0026399, 0.0077638,-0.0026399, 0.00349284,buy
2014-12-29,3,1,1,3,2,1,1,5,2,3,6,3,4,3,2,2,2, 0.0051771,-0.0018714, 0.0129831,-0.0018714, 0.00454017,buy
2014-12-30,2,3,1,1,3,1,1,4,2,2,6,2,5,2,1,1,3,-0.0059014,-0.0032012, 0.0033145,-0.0032012,-0.00320121,sell
2014-12-31,2,2,1,1,2,1,2,2,2,3,6,3,3,2,0,2,2,-0.0014768, 0.0020773,-0.0016457, 0.0023459, 0.00209830,buy
2015-01-01,2,1,1,2,1,2,1,2,1,4,4,3,2,2,2,2,2, 0.0030903, 0.0003480, 0.0091684,-0.0013419, 0.00556266,buy
2015-01-02,2,2,0,1,2,2,1,1,2,2,2,2,2,2,3,2,2,-0.0163680,-0.0164039,-0.0037740,-0.0163680,-0.02310134,sell
2015-01-03,2,1,1,1,3,1,0,1,3,1,2,1,1,2,4,1,3,-0.0433434,-0.0433434,-0.0039731,-0.0433434,-0.04243736,sell
2015-01-04,2,0,1,1,2,2,1,3,2,2,2,1,2,2,4,3,2, 0.0000801, 0.0080824, 0.0067448, 0.0043278, 0.00997994,buy
2015-01-05,2,1,0,3,1,2,2,3,2,2,2,2,2,3,4,4,1, 0.0023343, 0.0071465, 0.0031802, 0.0107103, 0.01374871,buy
2015-01-06,2,1,1,1,2,2,3,3,2,1,2,1,4,2,4,3,2, 0.0047346, 0.0123540, 0.0049429,-0.0035413, 0.01235397,buy
2015-01-07,3,1,1,0,3,2,2,4,2,1,3,0,4,3,4,3,2, 0.0073180, 0.0097881, 0.0090054, 0.0098866, 0.00970154,buy
2015-01-08,3,1,0,2,1,1,2,4,2,3,2,1,3,3,6,3,1,-0.0022665, 0.0227815,-0.0038703,-0.0134202, 0.02271495,buy
2015-01-09,2,0,1,2,3,2,2,4,0,2,1,1,4,4,3,3,2,-0.0122084,-0.0104656,-0.0106209,-0.0090137,-0.01062090,sell
2015-01-10,1,0,1,1,2,0,3,4,1,1,2,0,3,2,2,3,2,-0.0436803,-0.0436803,-0.0298361,-0.0171290,-0.04368032,sell
2015-01-11,1,1,1,1,3,0,5,5,3,1,3,1,4,4,3,3,3,-0.0268836,-0.0305777,-0.0303708,-0.0281466,-0.01465849,sell
2015-01-12,1,0,1,2,2,1,2,5,3,2,3,1,3,4,2,4,2,-0.0029961,-0.0011546,-0.0030524,-0.0068214,-0.00322598,sell
2015-01-13,2,1,1,2,1,0,3,4,3,2,2,2,3,4,3,3,2,-0.0093180,-0.0229208,-0.0044716,-0.0048931,-0.00489308,sell
2015-01-14,2,1,2,0,2,0,3,3,3,2,1,1,3,4,2,4,3,-0.0486879,-0.0415150,-0.0440167,-0.0291081,-0.03851029,sell
2015-01-15,2,2,0,1,1,1,2,3,3,3,2,1,3,5,1,4,2,-0.0351840,-0.0294260, 0.0010110,-0.0001831,-0.02647032,sell
2015-01-16,3,2,1,1,0,1,2,1,2,3,2,1,3,3,2,4,1, 0.0484120, 0.0444455, 0.0430453, 0.0429713, 0.04383249,buy
2015-01-17,2,0,2,0,0,2,3,0,3,2,3,0,2,3,1,3,2,-0.0055209,-0.0105088,-0.0005480, 0.0045184,-0.00396363,sell
2015-01-18,2,1,1,1,0,2,2,1,3,1,4,1,2,1,2,2,2,-0.0058749,-0.0058451, 0.0078835, 0.0030871, 0.00109897,buy
2015-01-19,3,0,0,1,1,2,2,4,4,2,4,2,3,2,3,2,3, 0.0086683, 0.0074761, 0.0136159, 0.0117104, 0.01307554,buy
2015-01-20,2,0,0,0,1,2,4,2,3,1,3,2,3,1,3,1,2,-0.0002667, 0.0006286, 0.0134205, 0.0127682, 0.00395143,buy
2015-01-21,3,0,0,0,0,3,4,0,2,1,3,1,2,2,2,1,2, 0.0034041,-0.0020118, 0.0014455, 0.0089190,-0.00572457,buy
2015-01-22,4,0,0,0,0,3,2,3,2,2,3,1,3,2,3,3,1, 0.0233772, 0.0222631, 0.0209707, 0.0259742, 0.02644553,buy
2015-01-23,3,1,0,0,1,2,3,2,3,1,3,1,3,3,3,3,0, 0.0116558, 0.0106071, 0.0106071, 0.0165106, 0.01353695,buy
2015-01-24,1,0,1,1,1,1,5,2,2,0,3,0,3,2,2,3,1,-0.0268127,-0.0167127,-0.0167127, 0.0033558,-0.01870931,sell
2015-01-25,2,0,2,2,0,1,5,4,3,1,3,1,4,4,3,4,1, 0.0039060, 0.0034832,-0.0019210, 0.0029541,-0.00288227,buy
2015-01-26,1,2,1,1,1,1,4,4,5,1,3,2,4,4,4,3,1, 0.0081275, 0.0152241,-0.0362389, 0.0070325,-0.03947601,sell
2015-01-27,0,1,1,0,1,1,5,2,5,2,3,2,2,4,3,4,0,-0.0339292,-0.0344143,-0.0346885,-0.0129368,-0.03515894,sell
2015-01-28,1,1,1,1,0,1,4,3,2,3,1,1,2,5,3,4,1,-0.0041485, 0.0026035, 0.0023648, 0.0023648, 0.03301481,buy
2015-01-29,1,2,0,1,1,1,5,3,4,4,0,3,3,5,3,6,2,-0.0195462,-0.0217212,-0.0176440,-0.0168172,-0.01637181,sell
2015-01-30,1,4,0,0,1,0,7,1,5,2,1,4,4,5,2,4,1, 0.0021444, 0.0013710, 0.0010331, 0.0052957, 0.00666785,buy
2015-01-31,1,2,2,0,2,0,5,1,3,1,2,2,3,2,3,3,2,-0.0219940,-0.0258181,-0.0181349,-0.0200209,-0.01840288,sell
2015-02-01,1,1,3,3,1,1,6,0,3,2,2,2,4,3,4,3,3,-0.0100703, 0.0028760,-0.0160833,-0.0078714,-0.01582542,sell
2015-02-02,1,2,2,4,2,1,6,0,3,1,3,3,4,2,5,3,2,-0.0039055, 0.0065968,-0.0017259,-0.0045515,-0.00046463,sell
2015-02-03,2,1,2,1,5,1,5,1,3,1,3,4,3,3,4,3,2, 0.0063607, 0.0072570,-0.0002214, 0.0204141, 0.00612549,buy
2015-02-04,2,2,1,2,3,1,4,1,4,0,3,3,2,5,3,4,0,-0.0117425,-0.0147433,-0.0141773,-0.0250384,-0.01960076,sell
2015-02-05,1,1,0,2,1,3,4,1,3,1,2,2,3,3,3,3,1,-0.0064157,-0.0062471,-0.0064157, 0.0020595,-0.00190140,sell
2015-02-06,0,1,1,0,2,4,5,1,3,0,3,3,2,3,2,3,1,-0.0133729,-0.0078555,-0.0111204,-0.0070986,-0.00737053,sell
2015-02-07,0,3,0,0,2,2,5,3,3,0,5,3,1,3,4,1,1,-0.0024902, 0.0001393, 0.0034205,-0.0002254,-0.00211578,sell
2015-02-08,0,3,0,0,4,2,2,3,4,1,5,2,1,3,4,2,2,-0.0025809, 0.0027841, 0.0037850, 0.0020758, 0.00902991,buy
2015-02-09,0,1,0,1,3,2,2,2,3,1,3,2,1,2,3,2,2,-0.0111999,-0.0117216,-0.0118228,-0.0117216,-0.00081224,sell
2015-02-10,0,1,1,2,1,1,3,1,2,0,2,2,1,1,3,1,2,-0.0117297,-0.0117297,-0.0073397,-0.0071110,-0.00380271,sell
2015-02-11,1,2,3,1,2,1,1,1,3,1,3,4,2,2,2,1,2, 0.0043539, 0.0166857, 0.0125999, 0.0171862, 0.01821063,buy
2015-02-12,2,4,2,1,1,0,1,2,1,2,3,3,2,1,3,1,3,-0.0033132,-0.0024697, 0.0045922,-0.0034623,-0.00346232,sell
2015-02-13,2,3,2,0,1,0,2,2,1,2,2,3,1,1,3,2,3, 0.0035659, 0.0028499, 0.0171324, 0.0014901, 0.01063123,buy
2015-02-14,1,1,2,1,0,0,3,2,1,2,2,3,0,2,2,3,1, 0.0289325, 0.0117964, 0.0261224, 0.0269937, 0.02598708,buy
2015-02-15,2,1,0,1,1,0,2,2,2,2,2,3,1,2,2,3,0,-0.0003625,-0.0086888, 0.0048230,-0.0002099,-0.00814492,sell
2015-02-16,2,0,0,1,1,0,1,4,3,1,2,3,1,2,2,2,1,-0.0174941,-0.0095303,-0.0114010,-0.0187260,-0.01148754,sell
2015-02-17,1,0,0,1,0,1,4,4,4,0,2,4,2,2,2,2,1, 0.0024054, 0.0020961, 0.0027876, 0.0033507, 0.00278757,buy
2015-02-18,1,0,0,2,0,1,5,6,2,2,3,4,1,3,3,3,2, 0.0030072, 0.0295914, 0.0286404, 0.0200671, 0.04216667,buy
2015-02-19,2,1,1,2,1,0,5,4,2,2,3,3,2,3,5,3,1, 0.0290702, 0.0504075, 0.0293616, 0.0319196, 0.02947599,buy
2015-02-20,3,1,3,3,1,0,3,2,2,1,4,3,1,2,6,2,1,-0.0008247,-0.0006605,-0.0020569, 0.0025224, 0.00538938,buy
2015-02-21,5,0,4,3,0,0,3,2,1,2,4,3,3,2,5,2,1,-0.0105713,-0.0118098,-0.0128096,-0.0057221,-0.00649593,sell
2015-02-22,3,2,3,3,0,0,4,3,1,2,4,3,3,3,5,2,1, 0.0147595, 0.0103793, 0.0106206, 0.0249958, 0.02217561,buy
2015-02-23,2,2,3,2,1,0,6,0,2,2,4,3,4,2,5,1,1,-0.0004142, 0.0053231,-0.0031766, 0.0025170,-0.00092606,buy
2015-02-24,2,0,3,3,0,0,5,3,1,2,3,3,4,2,4,2,1, 0.0015733, 0.0038645, 0.0036681, 0.0078925, 0.00766829,buy
2015-02-25,2,0,2,2,0,2,4,1,3,2,2,3,5,1,4,2,1, 0.0062400, 0.0064832, 0.0166495, 0.0062130, 0.00199867,buy
2015-02-26,2,1,2,0,1,1,5,0,4,2,2,2,6,2,3,2,1, 0.0023204, 0.0073216, 0.0167896, 0.0023204, 0.00445459,buy
2015-02-27,2,1,3,0,1,1,4,1,2,3,2,3,5,1,4,1,2, 0.0066640,-0.0014410, 0.0142050, 0.0067689, 0.00181958,buy
2015-02-28,3,1,4,1,1,2,5,0,2,4,3,4,4,2,5,3,2, 0.0031717, 0.0054201, 0.0051410, 0.0077652, 0.00200532,buy
2015-03-01,3,3,2,2,1,2,6,0,3,2,4,3,4,4,2,5,2,-0.0066285,-0.0066285,-0.0066285,-0.0065884,-0.00698026,sell
2015-03-02,4,1,6,0,3,1,5,0,3,1,4,3,4,4,2,5,2, 0.0097197,-0.0141069, 0.0096178, 0.0038908, 0.01080951,buy
2015-03-03,4,1,5,1,2,1,4,0,3,1,4,4,2,4,2,4,2, 0.0097266,-0.0127830, 0.0097266, 0.0042948, 0.00994098,buy
2015-03-04,3,2,3,4,1,2,4,0,3,2,4,3,2,4,4,5,2,-0.0070516,-0.0056594,-0.0062008,-0.0073812,-0.00620084,sell
2015-03-05,3,1,3,1,4,2,4,0,3,3,5,2,2,5,3,5,2,-0.0057263,-0.0062630,-0.0062630,-0.0057263, 0.00075858,sell
2015-03-06,2,2,3,1,3,0,3,1,2,2,5,0,1,5,2,4,2,-0.0013178,-0.0040671,-0.0040671,-0.0020344,-0.00384337,sell
2015-03-07,2,2,2,1,2,2,2,1,4,3,5,1,2,5,3,4,1, 0.0068771, 0.0067817, 0.0067831, 0.0057949, 0.00989743,buy
2015-03-08,2,1,2,2,2,3,1,3,2,3,4,2,3,4,3,4,1, 0.0148511, 0.0098097, 0.0093290, 0.0185306, 0.03042579,buy
2015-03-09,2,1,2,2,0,1,2,3,1,2,1,1,3,3,4,3,1, 0.0131341, 0.0055551, 0.0128489, 0.0123508, 0.00448234,buy
2015-03-10,1,1,2,1,2,0,1,4,2,2,2,2,2,4,3,3,0, 0.0124231, 0.0124231, 0.0132099,-0.0009039, 0.01256794,buy
2015-03-11,1,3,1,3,3,0,0,5,1,2,3,3,2,4,2,4,1, 0.0104441, 0.0011214,-0.0037365, 0.0084598, 0.01012601,buy
2015-03-12,2,3,4,5,0,0,1,5,0,2,3,3,2,5,4,4,1, 0.0410568, 0.0225495, 0.0407519, 0.0267557, 0.02675575,buy
2015-03-13,1,1,5,3,0,0,1,4,0,2,3,2,1,4,2,3,2,-0.0078736,-0.0102212, 0.0167029,-0.0038476,-0.00340454,sell
2015-03-14,1,4,2,2,0,0,1,4,1,2,3,2,2,3,3,3,1, 0.0019086, 0.0018367,-0.0028565,-0.0125594, 0.00320522,sell
2015-03-15,3,3,1,2,1,0,0,5,1,5,4,2,3,4,3,3,2, 0.0115619, 0.0033136, 0.0109604, 0.0111727, 0.01154004,buy
2015-03-16,2,2,1,2,0,0,1,4,1,3,3,1,4,2,4,1,1, 0.0081716,-0.0007634, 0.0013649, 0.0033702, 0.00305249,buy
2015-03-17,2,2,0,2,0,1,2,2,3,2,3,2,3,3,3,2,0,-0.0186641,-0.0147985,-0.0165216,-0.0195170,-0.03319929,sell
2015-03-18,3,2,0,2,1,0,0,5,2,3,2,3,3,3,4,2,1, 0.0127115,-0.0147929, 0.0134375,-0.0175202,-0.02071433,sell
2015-03-19,2,3,0,2,3,0,2,4,1,2,4,3,3,2,5,1,1,-0.0513925,-0.0501300,-0.0374542,-0.0329254,-0.03799453,sell
2015-03-20,1,1,2,3,2,0,4,1,2,0,4,1,4,1,4,1,1, 0.0037670, 0.0034759, 0.0041994, 0.0092825, 0.00297128,buy
2015-03-21,3,1,3,3,2,0,2,2,2,1,3,1,5,2,6,2,0, 0.0082119, 0.0078990, 0.0062721, 0.0079888, 0.01952532,buy
2015-03-22,2,3,1,3,3,0,1,2,3,0,3,1,4,2,6,1,1,-0.0051150,-0.0164421,-0.0014455,-0.0030622,-0.00995274,sell
2015-03-23,1,1,2,1,3,0,3,1,3,1,2,1,3,2,5,2,1, 0.0268798, 0.0271457, 0.0291813, 0.0269039, 0.04083028,buy
2015-03-24,0,2,1,1,1,1,3,2,2,2,1,1,3,3,4,2,1, 0.0014168, 0.0013307, 0.0053227, 0.0421613, 0.00999726,buy
2015-03-25,0,3,1,0,1,1,3,2,4,2,2,1,5,3,3,2,1,-0.0057445,-0.0114807,-0.0116002,-0.0041216,-0.01147900,sell
2015-03-26,0,4,2,0,2,0,2,4,3,1,3,2,4,3,3,1,2, 0.0019240,-0.0009604, 0.0055554, 0.0135320, 0.00319391,buy
2015-03-27,0,2,3,1,1,1,4,2,2,2,4,1,4,3,2,2,2, 0.0012335,-0.0046980,-0.0001201,-0.0043391,-0.00283130,sell
2015-03-28,0,3,3,3,0,1,4,2,1,3,5,2,3,3,2,3,2,-0.0035434,-0.0061884,-0.0023318,-0.0040487,-0.00354336,sell
2015-03-29,1,4,4,2,1,0,3,1,0,2,5,3,3,2,2,2,1, 0.0280784, 0.0536060, 0.0281105, 0.0316860, 0.02807839,buy
2015-03-30,1,4,6,1,2,0,3,1,0,2,5,2,2,3,4,2,2, 0.0121564, 0.0089065, 0.0023282, 0.0053421, 0.00215038,buy
2015-03-31,0,4,5,3,0,0,3,1,0,4,4,2,1,4,3,3,3,-0.0008082,-0.0028406, 0.0010007,-0.0008082,-0.00080818,sell
2015-04-01,1,3,6,3,2,1,4,1,0,3,4,3,2,5,3,4,3,-0.0038543, 0.0014871, 0.0032183,-0.0013634, 0.00059816,buy
2015-04-02,1,2,5,1,2,0,5,2,0,1,4,2,2,4,2,3,2, 0.0123093, 0.0116643, 0.0112642, 0.0015423, 0.00511123,buy
2015-04-03,1,3,3,1,3,0,3,2,1,1,3,2,2,4,3,2,2,-0.0020388,-0.0019057,-0.0001328,-0.0020251,-0.00277095,sell
2015-04-04,1,2,3,2,3,1,1,2,2,2,4,0,3,3,4,2,3,-0.0054142,-0.0074374,-0.0034133,-0.0150967,-0.00306220,sell
2015-04-05,1,1,3,2,2,2,2,2,0,3,3,1,2,3,5,2,2,-0.0157920,-0.0106107,-0.0076879, 0.0017004,-0.00790484,sell
2015-04-06,2,0,3,1,2,1,2,1,1,3,3,1,2,3,3,3,1, 0.0086385, 0.0087143, 0.0102885, 0.0107288, 0.00871435,buy
2015-04-07,2,2,2,1,2,1,0,2,2,3,4,0,2,4,2,3,2, 0.0056438,-0.0009772,-0.0008095, 0.0043926,-0.00567508,buy
2015-04-08,3,2,2,4,2,1,0,1,1,3,3,1,3,4,4,3,1,-0.0195623,-0.0201569,-0.0117608, 0.0044103,-0.00390138,sell
2015-04-09,2,0,3,4,2,0,1,1,1,3,2,2,2,4,3,4,0,-0.0068574, 0.0103932,-0.0020342,-0.0112972,-0.00770806,sell
2015-04-10,2,1,1,5,2,0,1,3,2,2,1,2,4,3,4,4,1, 0.0011973,-0.0083641,-0.0087856,-0.0095377,-0.00784225,sell
2015-04-11,3,1,1,4,2,1,1,4,2,2,2,1,4,2,6,5,1,-0.0177094,-0.0043444,-0.0251982,-0.0233487,-0.00499336,sell
2015-04-12,1,3,1,2,0,1,0,5,2,2,2,1,4,3,4,2,1,-0.0079744,-0.0068569,-0.0063715,-0.0024031,-0.00885161,sell
2015-04-13,0,3,1,2,0,2,2,3,3,2,3,1,4,3,3,2,2,-0.0065027,-0.0058308,-0.0017599,-0.0031051,-0.00583076,sell
2015-04-14,0,4,0,1,0,1,2,4,2,3,2,0,2,5,2,3,3,-0.0079499,-0.0079499,-0.0016014,-0.0000204, 0.01374486,sell
2015-04-15,1,4,1,1,2,1,2,4,3,4,3,1,4,6,4,3,2,-0.0014914, 0.0058866, 0.0033674,-0.0004447, 0.00190276,buy
2015-04-16,0,5,2,1,1,1,2,3,2,2,4,1,3,4,4,2,1,-0.0005455, 0.0092392, 0.0147598, 0.0081217,-0.00054550,buy
2015-04-17,1,2,3,1,1,1,3,1,3,3,3,1,5,3,4,1,2, 0.0070132, 0.0016011, 0.0038336, 0.0075845, 0.00342923,buy
2015-04-18,1,4,2,1,2,1,2,3,2,4,5,0,5,4,4,2,2, 0.0018517, 0.0008142, 0.0009767, 0.0017160, 0.00604977,buy
2015-04-19,2,4,2,0,1,1,4,0,3,4,6,2,3,4,2,2,2, 0.0210735, 0.0310112, 0.0178202, 0.0201135, 0.01809491,buy
2015-04-20,2,2,3,1,1,1,3,1,2,4,5,2,2,5,2,3,1,-0.0033742, 0.0000785, 0.0007344,-0.0033742, 0.00184109,sell
2015-04-21,2,2,2,1,3,1,5,1,4,4,5,3,3,6,2,4,2,-0.0056107, 0.0027073, 0.0036322,-0.0076798, 0.00442897,sell
2015-04-22,2,3,2,0,3,0,5,1,3,3,6,3,2,5,1,3,2,-0.0010464, 0.0071882, 0.0042271,-0.0055716, 0.00422713,buy
2015-04-23,1,2,3,0,3,0,5,2,2,3,6,3,2,4,2,3,1,-0.0013253, 0.0062616, 0.0052418,-0.0079520, 0.00583728,buy
2015-04-24,1,1,3,2,2,1,6,0,3,2,4,3,2,4,2,4,2,-0.0086031,-0.0084271,-0.0085639,-0.0096075,-0.00856392,sell
2015-04-25,1,1,3,1,2,0,3,1,3,1,2,2,2,3,2,4,1,-0.0085804,-0.0142495,-0.0141038,-0.0142345,-0.01242945,sell
2015-04-26,2,1,3,0,4,0,2,1,4,1,2,3,2,3,3,3,2,-0.0134197,-0.0130995,-0.0129422, 0.0088727,-0.01386623,sell
2015-04-27,2,3,2,2,3,0,2,0,3,2,1,4,2,4,3,4,1, 0.0026110,-0.0128696,-0.0033494,-0.0068518,-0.00334944,sell
2015-04-28,0,2,2,3,2,1,3,0,2,2,2,2,3,5,2,3,0,-0.0085940, 0.0011301,-0.0040792,-0.0075933,-0.00759334,sell
2015-04-29,0,1,2,1,1,2,3,0,2,2,2,2,3,2,1,3,1,-0.0108251,-0.0086091,-0.0005849,-0.0086091,-0.00844631,sell
2015-04-30,0,3,1,2,0,1,2,2,3,2,2,3,2,2,2,3,2, 0.0081024, 0.0049614, 0.0042902, 0.0012521,-0.01414874,sell
2015-05-01,0,3,1,2,1,2,1,2,3,2,2,2,3,4,3,2,1, 0.0055214, 0.0060341, 0.0075152, 0.0110759, 0.00677711,buy
2015-05-02,0,1,2,2,1,2,1,2,2,2,2,2,3,3,2,2,1,-0.0006196,-0.0007803, 0.0052774,-0.0016512,-0.00144450,sell
2015-05-03,0,1,3,2,0,1,2,2,1,2,3,1,3,2,2,1,2,-0.0099763,-0.0051997,-0.0013401, 0.0063216,-0.00288061,sell
2015-05-04,0,3,2,2,2,2,2,2,2,3,4,2,5,3,1,3,2, 0.0206203, 0.0176325, 0.0131680, 0.0029322, 0.03020224,buy
2015-05-05,1,2,1,1,1,2,2,3,0,3,3,2,3,2,2,3,1,-0.0219049,-0.0250895,-0.0002752,-0.0250895,-0.02508951,sell
2015-05-06,1,0,3,1,1,1,3,2,0,3,3,1,2,2,3,4,0, 0.0025251, 0.0025251,-0.0085692, 0.0025251,-0.00586528,sell
2015-05-07,0,1,2,2,2,2,3,1,0,2,3,2,1,2,3,3,1, 0.0015588, 0.0029624, 0.0080103, 0.0016463, 0.00171412,buy
2015-05-08,1,1,1,2,2,2,3,2,1,3,3,2,2,3,4,3,1,-0.0098996,-0.0059153, 0.0020357, 0.0187323, 0.00344272,buy
2015-05-09,1,0,2,2,3,1,2,3,1,3,3,3,2,3,4,2,1,-0.0017044, 0.0061553, 0.0062079, 0.0041466, 0.00631016,buy
2015-05-10,0,1,2,1,2,2,4,1,2,2,4,3,2,3,3,1,1,-0.0122880,-0.0093726,-0.0081774,-0.0122880,-0.00953754,sell
2015-05-11,0,1,1,2,1,2,2,2,2,3,2,2,1,4,3,3,1,-0.0044155,-0.0036845,-0.0031002,-0.0044155, 0.00236667,sell
2015-05-12,1,1,2,1,3,1,1,3,2,3,2,1,3,4,4,3,1, 0.0046324, 0.0084774, 0.0098866, 0.0103429, 0.00523100,buy
2015-05-13,1,2,1,2,3,1,2,1,2,1,3,0,3,3,3,3,1,-0.0141606,-0.0345088,-0.0080809,-0.0168628,-0.01475721,sell
2015-05-14,0,1,3,2,1,1,1,1,2,3,3,1,3,3,2,1,2,-0.0022351,-0.0015780, 0.0004819, 0.0030536,-0.00170640,sell
2015-05-15,1,1,2,2,1,1,1,3,1,3,2,1,4,4,2,2,1, 0.0001886, 0.0012756, 0.0025245, 0.0032889, 0.00011668,buy
2015-05-16,0,2,1,1,2,1,2,2,3,1,2,1,4,3,2,1,2, 0.0028891, 0.0014627, 0.0063255, 0.0120170, 0.00141934,buy
2015-05-17,0,0,2,2,1,2,3,2,3,2,3,0,3,5,1,2,3,-0.0113539,-0.0019281,-0.0222494,-0.0121064,-0.00361309,sell
2015-05-18,1,0,1,3,1,4,2,3,1,3,2,1,4,5,3,2,2,-0.0007774,-0.0032247, 0.0086840, 0.0143019, 0.00380524,buy
2015-05-19,1,1,1,2,2,3,3,1,3,3,3,1,5,4,3,2,2, 0.0029415, 0.0034632, 0.0029196, 0.0059729,-0.00083619,buy
2015-05-20,0,1,2,2,2,3,3,2,2,3,3,1,5,3,4,3,1, 0.0140455, 0.0098746, 0.0103173, 0.0098746, 0.01031148,buy
2015-05-21,1,0,2,3,2,4,4,3,1,4,3,2,4,4,5,4,2, 0.0031109,-0.0047534, 0.0022176, 0.0064335, 0.00319109,buy
2015-05-22,2,1,1,4,1,3,3,3,1,4,3,2,3,4,4,5,2,-0.0055607,-0.0199426,-0.0110468, 0.0009152,-0.00200065,sell
2015-05-23,2,1,1,2,3,2,2,2,2,3,3,2,3,4,3,4,1, 0.0215346, 0.0268131, 0.0267840, 0.0389175, 0.04114953,buy
2015-05-24,2,1,1,2,3,2,2,1,1,3,3,1,3,4,3,3,1, 0.0161493, 0.0059859, 0.0123595, 0.0419469, 0.03111157,buy
2015-05-25,1,0,0,4,1,3,1,2,1,5,2,2,3,4,3,3,1, 0.0158999, 0.0296287, 0.0214350, 0.0350879, 0.01420355,buy
2015-05-26,1,0,1,2,2,3,2,2,1,5,2,2,4,3,2,4,2,-0.0219774,-0.0186177,-0.0211460,-0.0147256,-0.02077009,sell
2015-05-27,2,2,1,1,1,1,1,2,2,4,2,3,4,2,2,3,1, 0.0024420,-0.0095034,-0.0057845,-0.0052173, 0.00510188,sell
2015-05-28,2,1,1,1,2,0,0,4,2,5,2,3,5,3,2,2,1, 0.0018247,-0.0108038,-0.0096894,-0.0039373,-0.01145276,sell
2015-05-29,2,0,1,3,2,1,0,3,2,6,2,4,6,2,1,3,2,-0.0013005,-0.0146915,-0.0142812,-0.0165203,-0.01484162,sell
2015-05-30,2,1,1,3,1,0,1,2,1,5,1,4,6,1,1,1,3, 0.0025218,-0.0111183,-0.0111183,-0.0111676,-0.01068326,sell
2015-05-31,2,1,1,1,3,0,0,3,2,4,2,4,5,2,0,2,2, 0.0059132,-0.0248069,-0.0248069,-0.0207467,-0.02480691,sell
2015-06-01,2,2,2,2,3,0,0,4,1,4,3,2,5,3,2,3,2, 0.0065676,-0.0128706,-0.0166312, 0.0115832,-0.01450322,sell
2015-06-02,2,1,3,3,2,1,1,4,1,4,3,3,5,4,2,3,2, 0.0213875, 0.0033364, 0.0034778, 0.0128181,-0.00142210,buy
2015-06-03,1,0,3,3,3,1,2,2,2,2,3,3,3,3,2,3,2, 0.0197577, 0.0197577, 0.0025745, 0.0008736, 0.01975765,buy
2015-06-04,2,2,1,2,4,0,1,3,4,2,3,3,4,3,3,4,1,-0.0052921,-0.0090345,-0.0174131,-0.0262079,-0.01247999,sell
2015-06-05,2,1,1,0,4,1,0,4,4,3,3,3,4,3,2,4,1,-0.0082437,-0.0061340,-0.0082437,-0.0070938,-0.00156152,sell
2015-06-06,1,1,1,1,2,2,1,3,5,1,2,3,3,2,3,4,1, 0.0160665, 0.0156469, 0.0160665, 0.0039954, 0.00966193,buy
2015-06-07,1,1,2,0,2,2,2,2,6,1,3,3,2,3,2,5,1, 0.0043965, 0.0011481, 0.0038581, 0.0036545, 0.00365453,buy
2015-06-08,2,3,1,0,3,1,0,4,5,2,2,3,3,3,3,5,2, 0.0121232, 0.0121232, 0.0109153, 0.0121232, 0.00618834,buy
2015-06-09,2,4,1,1,2,1,1,2,6,2,3,4,3,2,3,5,2, 0.0097190, 0.0098893, 0.0050849, 0.0079611, 0.01004066,buy
2015-06-10,1,3,3,1,1,1,2,2,5,1,3,3,3,1,3,5,2, 0.0084537, 0.0032377, 0.0050417, 0.0067953, 0.00079367,buy
2015-06-11,2,4,3,1,1,1,1,3,6,1,3,3,5,1,3,5,3, 0.0061662, 0.0033658, 0.0044152, 0.0038057, 0.00356116,buy
2015-06-12,2,6,1,0,2,1,0,4,6,1,4,4,4,1,2,5,3, 0.0081432, 0.0107953, 0.0077620, 0.0128840, 0.01169705,buy
2015-06-13,1,3,1,0,1,1,2,3,6,2,4,4,4,1,1,4,2, 0.0152704, 0.0048066, 0.0016715, 0.0043205, 0.00565891,buy
2015-06-14,1,2,1,1,1,2,2,3,3,2,1,3,4,2,2,5,1, 0.0368027, 0.0331713, 0.0331713, 0.0139053, 0.01427832,buy
2015-06-15,1,2,0,1,2,2,0,3,6,2,1,2,5,2,2,5,2, 0.0185884, 0.0166266, 0.0168259,-0.0048732, 0.01109779,buy
2015-06-16,2,3,0,0,3,0,0,3,2,1,1,3,5,1,1,2,1,-0.0075427,-0.0042823,-0.0048928, 0.0014821, 0.00053766,sell
2015-06-17,1,2,1,1,4,1,1,3,0,1,1,2,5,2,3,1,1,-0.0051738,-0.0069514,-0.0066278, 0.0084133,-0.00765824,sell
2015-06-18,1,2,2,2,4,1,3,2,0,2,1,3,6,2,4,2,1,-0.0116723,-0.0390800,-0.0114395, 0.0044156,-0.01151914,sell
2015-06-19,2,3,1,1,5,0,1,3,0,1,0,4,5,1,4,2,1, 0.0043015,-0.0105770,-0.0072976,-0.0039716,-0.00545094,sell
2015-06-20,3,2,1,0,6,0,0,3,0,1,1,3,3,2,4,2,1,-0.0069900,-0.0118657,-0.0137494,-0.0033531,-0.01265733,sell
2015-06-21,2,1,1,2,3,0,0,2,1,2,1,3,1,2,4,3,0, 0.0178858, 0.0193637, 0.0167375, 0.0125448, 0.01765437,buy
2015-06-22,2,1,2,2,3,1,1,3,0,2,2,2,2,3,4,3,1, 0.0171242, 0.0245599, 0.0152768, 0.0265785, 0.01970066,buy
2015-06-23,2,1,2,0,4,0,2,2,1,2,3,3,1,2,4,2,1,-0.0099625,-0.0065055,-0.0068963, 0.0083731,-0.00727957,sell
2015-06-24,2,2,1,0,5,0,0,4,1,2,3,3,2,3,4,1,1,-0.0136063,-0.0224373,-0.0147079,-0.0024401,-0.01123607,sell
2015-06-25,2,2,1,0,5,1,0,4,2,2,4,3,2,3,4,2,1,-0.0047347,-0.0104457,-0.0002925, 0.0112614, 0.00276450,buy
2015-06-26,2,1,3,1,3,1,1,2,2,1,3,3,3,2,3,2,1, 0.0119111, 0.0123957, 0.0117742, 0.0132341, 0.01641091,buy
2015-06-27,2,1,4,1,2,0,1,3,1,2,3,4,3,2,3,1,1, 0.0298508, 0.0277623, 0.0326771, 0.0327287, 0.02801930,buy
2015-06-28,3,2,2,1,3,0,0,4,1,3,4,3,3,3,3,2,1, 0.0492240, 0.0346712, 0.0448339, 0.0184252, 0.04622238,buy
2015-06-29,3,4,2,1,3,0,1,4,1,1,4,3,3,3,3,3,1, 0.0598550, 0.0454411, 0.0598550, 0.0233396, 0.06176378,buy
2015-06-30,2,0,5,0,1,0,1,3,3,1,5,2,2,2,0,3,2, 0.0200497, 0.0143184, 0.0209762, 0.0208739, 0.02004968,buy
2015-07-01,2,2,6,2,1,2,1,3,4,0,6,3,4,2,1,4,3, 0.0056095, 0.0018337, 0.0088699, 0.0060682, 0.01065532,buy
2015-07-02,3,2,3,3,2,2,0,5,4,1,6,3,5,2,2,4,3, 0.0114204, 0.0054498, 0.0011230, 0.0114594, 0.01306598,buy
2015-07-03,1,1,3,1,3,1,1,4,4,1,5,2,5,1,2,3,2, 0.0015710, 0.0055239,-0.0010336, 0.0066646, 0.00319845,buy
2015-07-04,1,1,3,2,1,3,2,2,4,1,4,3,4,2,2,3,2, 0.0348050, 0.0357974, 0.0345588, 0.0237466, 0.03511922,buy
2015-07-05,2,1,4,2,1,3,0,4,4,2,4,3,4,2,4,4,2, 0.0352055,-0.0064653,-0.0066693, 0.0449007, 0.03504394,buy
2015-07-06,2,2,4,1,2,1,1,3,3,1,4,2,4,2,4,3,1,-0.0030319, 0.0104122,-0.0124577,-0.0028282, 0.00102344,sell
2015-07-07,1,1,4,2,3,1,1,2,1,2,3,2,2,2,4,3,2, 0.0133329,-0.0046807, 0.0152236, 0.0145282, 0.01285458,buy
2015-07-08,2,0,1,5,1,2,1,2,1,4,3,2,2,4,4,2,2, 0.0138944, 0.0203392, 0.0189827, 0.0317317, 0.01990532,buy
2015-07-09,2,1,3,3,2,2,0,3,0,3,3,1,2,5,5,2,1,-0.0615511,-0.0582374,-0.0545848,-0.0374338,-0.05092726,sell
2015-07-10,1,2,2,3,2,2,0,2,2,2,3,2,2,4,5,1,1,-0.0539405,-0.0539405,-0.0509713,-0.0307056,-0.04193273,sell
2015-07-11,1,1,3,3,0,3,1,4,0,4,4,2,2,5,3,2,2, 0.0246045, 0.0119238, 0.0363710, 0.0151855, 0.01738008,buy
2015-07-12,2,0,2,3,1,2,2,5,0,4,4,4,3,4,3,2,1, 0.0479510, 0.0486324, 0.0518400, 0.0455805, 0.04769515,buy
2015-07-13,2,1,2,4,2,2,2,4,3,3,5,3,5,4,4,2,2,-0.0065252, 0.0028740, 0.0085018, 0.0099600,-0.00666547,sell
2015-07-14,3,0,3,4,1,3,1,5,2,2,6,3,4,4,4,1,2,-0.0128579,-0.0056774, 0.0077795, 0.0010881,-0.01615890,sell
2015-07-15,3,0,3,6,0,3,2,5,0,3,5,3,5,4,4,2,2,-0.0156982,-0.0216855,-0.0126818,-0.0077360,-0.01761685,sell
2015-07-16,2,1,4,5,0,2,3,2,0,4,3,2,4,3,5,4,2,-0.0479418,-0.0463018,-0.0421136,-0.0507125, 0.00584962,sell
2015-07-17,2,2,2,4,2,2,2,2,0,4,2,3,2,4,5,5,1,-0.0099651,-0.0225825,-0.0231300,-0.0191232,-0.02018787,sell
2015-07-18,4,1,2,4,1,2,2,3,0,5,3,4,1,5,5,4,2, 0.0160406, 0.0111776, 0.0108196, 0.0141682, 0.00882797,buy
2015-07-19,4,0,2,6,0,2,2,2,0,4,4,3,3,4,4,3,1, 0.0053015, 0.0068502, 0.0068502, 0.0304509, 0.02081380,buy
2015-07-20,1,0,3,4,1,2,3,1,1,3,4,2,3,3,4,3,0,-0.0319558,-0.0219133,-0.0108649,-0.0079110,-0.01148337,sell
2015-07-21,1,1,2,3,1,1,5,1,1,3,4,1,2,3,4,3,2, 0.0007097, 0.0055229, 0.0007944, 0.0033661, 0.00070969,buy
2015-07-22,1,1,2,2,1,2,3,4,0,4,4,2,2,3,4,3,2, 0.0054838, 0.0051859, 0.0325421, 0.0036955, 0.00742932,buy
2015-07-23,1,2,2,2,0,1,4,3,2,4,4,2,1,2,5,4,3, 0.0056896,-0.0077515,-0.0003406,-0.0065915,-0.00644284,sell
2015-07-24,1,3,3,1,0,0,2,1,3,2,2,2,1,2,4,3,2,-0.0076504,-0.0016363, 0.0370204,-0.0103162, 0.03702042,buy
2015-07-25,1,3,4,2,1,0,1,0,1,3,2,1,3,2,3,4,1, 0.0597437, 0.0116958, 0.0142586, 0.0159963, 0.05294350,buy
2015-07-26,2,3,2,4,2,0,0,1,0,5,2,2,4,2,3,5,1, 0.0220144,-0.0052286, 0.0065503, 0.0059261, 0.00703676,buy
2015-07-27,1,4,1,4,2,0,1,0,0,3,2,2,3,2,1,5,1, 0.0111005,-0.0105097,-0.0078980, 0.0037595, 0.01344757,buy
2015-07-28,1,2,3,2,4,0,1,0,0,2,2,1,3,2,3,3,1, 0.0379210, 0.0335484, 0.0316427, 0.0300320, 0.03215736,buy
2015-07-29,2,3,2,4,3,0,1,1,1,3,3,0,4,3,4,4,2,-0.0024852,-0.0134442,-0.0004556,-0.0118996,-0.02738010,sell
2015-07-30,2,2,1,3,4,1,1,2,1,3,3,1,3,3,5,3,2, 0.0184159,-0.0008184, 0.0084919,-0.0008184,-0.00800059,buy
2015-07-31,1,1,2,2,4,0,3,0,1,2,3,0,3,3,4,2,1, 0.0025864, 0.0021524, 0.0089719, 0.0030334, 0.00292467,buy
2015-08-01,1,1,2,2,3,2,2,1,1,3,3,1,2,4,4,3,1,-0.0181585,-0.0186848,-0.0001397, 0.0263861,-0.00257371,sell
2015-08-02,2,1,2,3,2,2,2,2,1,3,3,2,3,4,4,3,1,-0.0072719,-0.0067494,-0.0034554, 0.0420013, 0.03681793,buy
2015-08-03,1,1,4,2,4,0,4,0,1,1,3,3,2,3,4,2,1, 0.0046806, 0.0143889, 0.0056088, 0.0056088, 0.00762699,buy
2015-08-04,3,2,4,6,4,0,4,0,0,3,5,4,3,4,6,1,3, 0.0115845,-0.0031293, 0.0008526,-0.0065113,-0.00080550,buy
2015-08-05,4,3,4,6,3,0,3,1,0,4,5,4,3,5,6,2,3, 0.0068799,-0.0012123, 0.0030536,-0.0071432,-0.00143735,buy
2015-08-06,3,4,4,3,2,0,3,0,1,3,5,3,2,5,5,0,3,-0.0017982,-0.0169391,-0.0000959,-0.0184480,-0.01617817,sell
2015-08-07,3,3,2,3,1,1,4,0,1,4,5,3,0,5,5,1,3,-0.0128891,-0.0206812,-0.0092386,-0.0201998,-0.01966526,sell
2015-08-08,3,2,2,4,2,1,3,1,1,5,4,3,1,5,5,4,2, 0.0019215,-0.0057403,-0.0057403,-0.0057403,-0.00574026,sell
2015-08-09,2,3,2,3,2,0,3,1,2,3,3,3,2,4,4,4,1, 0.0016106,-0.0154997,-0.0103204,-0.0137512,-0.01292380,sell
2015-08-10,2,3,3,2,2,1,3,0,3,1,4,2,3,2,4,4,1, 0.0072956, 0.0076330, 0.0008608, 0.0073836, 0.00791781,buy
2015-08-11,1,2,4,3,0,2,1,2,0,2,3,0,2,2,4,5,1, 0.0257056, 0.0349714, 0.0275685, 0.0229397, 0.03127533,buy
2015-08-12,1,3,5,3,0,1,3,1,0,2,3,1,2,2,4,6,1, 0.0027036,-0.0096524,-0.0003427,-0.0065655, 0.00880507,sell
2015-08-13,1,3,5,1,2,1,2,0,0,1,2,1,2,2,4,5,0,-0.0079112,-0.0128216,-0.0148193,-0.0114149, 0.00222185,sell
2015-08-14,1,2,5,1,1,1,1,0,0,2,1,0,1,3,4,4,1, 0.0200342,-0.0054180, 0.0059447, 0.0075819, 0.01857919,buy
2015-08-15,2,1,3,2,0,2,2,0,0,1,2,1,2,2,1,4,1,-0.0140820,-0.0206995,-0.0183918,-0.0147865,-0.01830984,sell
2015-08-16,0,1,4,1,2,2,3,1,0,1,1,2,3,2,1,5,1,-0.0094490,-0.0094968,-0.0092485,-0.0066214,-0.00690849,sell
2015-08-17,0,2,3,1,3,0,3,1,1,1,2,1,1,3,2,5,1,-0.0042310,-0.0042310,-0.0042310,-0.0039266,-0.00423102,sell
2015-08-18,0,2,3,1,3,0,2,4,2,2,2,2,2,4,3,4,2,-0.0372416,-0.0221396,-0.0389555, 0.0051536,-0.04171625,sell
2015-08-19,0,1,2,2,2,1,2,3,1,2,1,1,2,3,3,4,2,-0.0349313, 0.0172218,-0.0357571,-0.0003470,-0.01759089,sell
2015-08-20,1,2,2,2,2,0,2,1,1,2,2,2,3,1,3,3,1,-0.0046052,-0.0196797,-0.0052701,-0.0177666, 0.00282557,sell
2015-08-21,1,2,2,1,3,0,1,1,1,3,1,3,2,2,2,3,2, 0.0088556, 0.0150885, 0.0025246, 0.0105432, 0.00974173,buy
2015-08-22,2,4,1,2,3,0,1,2,0,3,2,2,2,2,3,4,3,-0.0033223,-0.0246604,-0.0159178,-0.0243016,-0.01291619,sell
2015-08-23,2,3,3,2,3,0,1,2,1,3,3,2,2,4,4,3,2, 0.0078646, 0.0026765, 0.0035696, 0.0026765, 0.00330238,buy
2015-08-24,1,3,4,3,2,0,2,1,1,1,2,3,1,4,4,3,1,-0.0368887,-0.0375599,-0.0396459,-0.0320103,-0.03497451,sell
2015-08-25,2,3,2,4,4,0,1,2,2,1,2,3,2,5,5,3,1,-0.0575852,-0.0395971,-0.0530581,-0.0719965,-0.07125024,sell
2015-08-26,3,3,1,2,5,0,0,4,2,2,2,3,3,4,4,4,2,-0.0062973, 0.0080227, 0.0021936, 0.0080227, 0.00802273,buy
2015-08-27,2,3,1,1,4,2,2,3,2,1,3,3,4,3,5,2,1,-0.0089673,-0.0106092,-0.0069430,-0.0067041,-0.01362913,sell
2015-08-28,2,3,1,1,3,3,3,2,2,0,2,3,3,4,3,3,2,-0.0093224,-0.0095270,-0.0006395,-0.0068584,-0.00675006,sell
2015-08-29,3,4,1,1,2,2,1,4,1,1,3,2,2,4,5,3,1, 0.0209340, 0.0244371, 0.0301585, 0.0201799, 0.01823583,buy
2015-08-30,3,4,2,1,4,1,2,1,2,0,2,2,2,4,5,3,2,-0.0186191,-0.0085282,-0.0057382,-0.0129271,-0.01699503,sell
2015-08-31,2,3,3,3,4,1,2,1,0,1,3,2,3,5,3,2,2,-0.0027549,-0.0026629,-0.0036865,-0.0026872,-0.00081972,sell
2015-09-01,3,3,4,3,3,1,2,1,0,1,3,2,4,5,3,3,1,-0.0006039, 0.0019817, 0.0001028, 0.0000632, 0.00006316,sell
2015-09-02,3,5,4,0,4,1,1,1,1,0,3,2,4,5,3,2,1,-0.0011358, 0.0136420,-0.0010250,-0.0010483,-0.00054968,sell
2015-09-03,1,3,4,0,3,1,2,0,1,3,3,2,3,5,2,2,1,-0.0156362,-0.0083360,-0.0156271,-0.0105287,-0.02471239,sell
2015-09-04,1,3,2,1,3,2,2,1,0,3,3,1,3,5,3,3,0,-0.0165382,-0.0147094,-0.0058818,-0.0051836,-0.01492775,sell
2015-09-05,1,3,2,0,3,1,1,1,3,3,2,2,4,4,2,3,1, 0.0230153,-0.0016237, 0.0168224, 0.0135691,-0.00364746,buy
2015-09-06,1,3,2,0,3,1,0,3,4,1,1,3,3,3,4,2,2, 0.0217194, 0.0034219, 0.0249088, 0.0249348, 0.00309087,buy
2015-09-07,1,2,3,1,2,1,2,2,2,2,1,3,2,4,4,2,2,-0.0117279, 0.0208528, 0.0197495, 0.0219074, 0.01872791,buy
2015-09-08,1,2,3,2,3,1,3,2,1,2,1,3,2,4,5,3,2,-0.0095858, 0.0174354, 0.0194342, 0.0197881, 0.01975025,buy
2015-09-09,1,3,3,0,4,0,2,1,1,1,1,1,1,4,4,3,2,-0.0120423,-0.0033577,-0.0019105, 0.0015487,-0.01184380,sell
2015-09-10,2,2,4,0,4,0,1,1,1,1,0,2,1,4,3,4,2,-0.0139717,-0.0129529,-0.0065535,-0.0052157,-0.01315731,sell
2015-09-11,2,1,4,2,2,1,1,1,1,2,1,2,1,4,3,5,1, 0.0203913, 0.0078935, 0.0179665, 0.0192455, 0.01428628,buy
2015-09-12,1,1,3,1,3,2,2,1,1,1,1,1,1,3,2,6,2,-0.0086423,-0.0100513,-0.0089514, 0.0062585,-0.01012116,sell
2015-09-13,0,2,3,0,3,1,3,2,2,1,0,2,0,4,3,5,3,-0.0147603,-0.0198050,-0.0160774,-0.0099440,-0.02559153,sell
2015-09-14,0,2,2,0,3,1,2,3,2,2,1,2,1,4,3,4,2,-0.0228657,-0.0152733,-0.0210749,-0.0034054,-0.03642434,sell
2015-09-15,0,1,2,2,3,2,2,4,3,2,2,3,2,4,3,5,2, 0.0014457, 0.0057923, 0.0028644, 0.0061537, 0.00325457,buy
2015-09-16,0,1,3,2,2,2,2,2,2,1,1,2,2,3,3,5,1,-0.0132145,-0.0049946,-0.0141827, 0.0066785,-0.01367380,sell
2015-09-17,0,1,2,1,2,1,1,1,3,3,1,1,1,4,3,3,2,-0.0146425, 0.0056606,-0.0027717,-0.0024630,-0.00853895,sell
2015-09-18,1,3,1,1,2,1,1,2,2,4,0,2,1,5,4,3,3,-0.0106213, 0.0115308, 0.0094355, 0.0094033, 0.01099821,buy
2015-09-19,1,5,1,2,0,1,2,3,2,5,1,4,2,5,5,3,2,-0.0085843,-0.0053123,-0.0030427,-0.0069021, 0.00417273,sell
2015-09-20,0,4,4,1,0,1,2,2,2,4,2,4,1,4,4,3,2,-0.0054708,-0.0007429,-0.0059804,-0.0054708, 0.00376617,sell
2015-09-21,0,4,4,2,0,1,2,2,3,2,2,3,1,3,5,4,2,-0.0144445,-0.0216191, 0.0020451,-0.0123081, 0.01440996,sell
2015-09-22,1,3,2,3,1,1,1,4,3,3,1,3,2,4,5,4,3,-0.0047356, 0.0040072, 0.0046096, 0.0045361, 0.00376983,buy
2015-09-23,0,2,1,2,2,1,1,3,2,3,1,3,1,3,5,3,1, 0.0019823, 0.0046087, 0.0053604,-0.0075573, 0.00585280,buy
2015-09-24,0,2,1,1,1,1,4,2,3,2,2,2,1,4,5,2,1, 0.0428656, 0.0338100, 0.0428656, 0.0572920, 0.01827108,buy
2015-09-25,0,2,1,2,0,2,2,4,2,3,1,3,0,4,5,4,1, 0.0004897, 0.0012173, 0.0026962,-0.0025676, 0.00439012,sell
2015-09-26,1,3,1,2,1,2,3,3,2,3,2,3,2,4,6,4,0,-0.0080565,-0.0108803,-0.0080565,-0.0072329,-0.00298889,sell
2015-09-27,0,2,2,2,4,0,3,1,1,2,1,2,2,3,4,3,2, 0.0020806, 0.0158305, 0.0156872, 0.0202252, 0.01503417,buy
2015-09-28,1,0,2,5,4,0,3,1,1,3,2,3,3,3,4,3,2, 0.0183150, 0.0183150, 0.0192338, 0.0183150, 0.01923381,buy
2015-09-29,1,1,3,4,3,1,2,2,0,2,2,3,4,2,3,3,2, 0.0062602, 0.0057144, 0.0058990, 0.0054538, 0.00571443,buy
2015-09-30,0,2,4,2,3,1,5,1,1,1,3,4,4,2,2,3,2,-0.0023014, 0.0054244,-0.0038150,-0.0053001, 0.00036748,sell
2015-10-01,0,2,1,3,2,2,4,2,0,4,2,4,3,4,2,3,2,-0.0148580,-0.0164313,-0.0148321,-0.0101963,-0.01485803,sell
2015-10-02,0,0,0,2,3,2,2,1,2,5,2,2,4,3,3,3,0,-0.0002870,-0.0102009,-0.0126171,-0.0024115,-0.00280908,sell
2015-10-03,0,2,0,2,4,1,2,0,3,2,1,1,4,4,3,2,1,-0.0065384,-0.0048173, 0.0110418,-0.0048484,-0.01184765,sell
2015-10-04,0,1,1,2,3,2,2,1,4,3,2,2,4,4,4,1,2, 0.0104437, 0.0104437, 0.0152153, 0.0096467, 0.00822661,buy
2015-10-05,0,1,0,4,1,2,3,3,2,4,3,2,3,4,4,2,2, 0.0125566, 0.0091246, 0.0307467, 0.0179581, 0.01805237,buy
2015-10-06,1,2,1,3,1,1,4,3,1,2,3,2,3,3,4,2,2, 0.0129699, 0.0137787, 0.0185005, 0.0157871, 0.01333859,buy
2015-10-07,1,2,2,2,2,2,4,1,1,2,3,1,2,5,4,3,1,-0.0140771,-0.0249378,-0.0013566, 0.0037187,-0.00676005,sell
2015-10-08,2,2,2,4,0,2,2,1,1,3,2,0,1,5,5,4,2,-0.0043265,-0.0021023,-0.0078224, 0.0026355,-0.00139257,sell
2015-10-09,4,1,2,3,0,3,2,1,1,3,3,1,2,5,4,3,2,-0.0052478,-0.0052478,-0.0014164, 0.0183715, 0.00300240,buy
2015-10-10,3,1,2,2,1,2,2,1,1,2,3,1,1,5,3,3,1,-0.0041223,-0.0097987,-0.0146608,-0.0025569,-0.00466225,sell
2015-10-11,1,2,1,2,1,3,3,1,2,2,1,1,3,5,4,2,2,-0.0002974,-0.0153422, 0.0101650, 0.0081845,-0.00098770,buy
2015-10-12,1,1,1,3,1,4,3,3,1,2,2,1,5,3,4,3,2, 0.0029312, 0.0067201, 0.0047221, 0.0075373, 0.00437335,buy
2015-10-13,1,1,1,3,0,4,2,5,2,1,2,1,4,2,5,3,3, 0.0105640, 0.0046770, 0.0069800, 0.0048807, 0.00488072,buy
2015-10-14,1,1,2,2,0,3,2,2,5,1,3,1,4,3,4,2,2, 0.0040473, 0.0046158, 0.0040473, 0.0089270,-0.00793493,buy
2015-10-15,1,2,1,2,2,2,1,1,4,1,2,1,4,4,2,3,1,-0.0023803, 0.0046030, 0.0052485, 0.0026516, 0.00312643,buy
2015-10-16,2,1,1,3,1,2,1,1,1,3,1,0,5,2,3,3,2,-0.0107926,-0.0102737,-0.0132273,-0.0156955,-0.01047264,sell
2015-10-17,1,1,2,2,1,2,2,0,1,5,2,1,4,2,2,3,3,-0.0117409,-0.0064341,-0.0097965,-0.0033572,-0.01753360,sell
2015-10-18,1,4,3,1,2,1,2,0,1,0,2,1,3,2,2,3,2, 0.0111986,-0.0022290, 0.0276676,-0.0203314, 0.00762762,buy
2015-10-19,3,1,5,1,2,1,2,2,1,2,4,1,4,4,2,3,2, 0.0046028, 0.0089320, 0.0083023, 0.0089786, 0.01529033,buy
2015-10-20,3,0,4,3,2,1,1,4,0,2,5,3,3,4,1,2,2, 0.0158165, 0.0097644, 0.0111292, 0.0114302, 0.01385270,buy
2015-10-21,3,0,2,3,4,1,4,2,1,1,6,3,3,4,1,1,3, 0.0062090, 0.0060935, 0.0027199, 0.0069587, 0.00566436,buy
2015-10-22,3,0,2,0,4,2,5,3,1,1,5,4,1,5,1,3,2,-0.0018077, 0.0009014,-0.0037865,-0.0012691,-0.00036650,sell
2015-10-23,4,0,2,0,1,3,4,5,1,2,5,3,1,5,3,3,2, 0.0013292, 0.0032894, 0.0003920, 0.0037054, 0.00177687,buy
2015-10-24,4,1,2,0,2,4,5,3,1,1,5,4,1,4,3,4,2,-0.0071432,-0.0056320,-0.0131799,-0.0119193,-0.00715986,sell
2015-10-25,3,0,3,0,2,1,5,3,0,2,4,3,2,3,3,3,1, 0.0158305, 0.0157300, 0.0157300, 0.0133562, 0.00306405,buy
2015-10-26,4,1,2,2,5,1,5,4,0,2,5,4,4,4,3,4,2,-0.0031850,-0.0035645, 0.0024293,-0.0020961,-0.00096814,sell
2015-10-27,3,1,3,4,3,1,4,4,1,0,5,4,4,3,3,3,2, 0.0059714, 0.0089345,-0.0063233, 0.0048530,-0.00039911,buy
2015-10-28,3,0,6,2,2,1,4,3,0,0,4,4,2,3,2,4,2, 0.0093226, 0.0062978, 0.0097539, 0.0145259, 0.00985573,buy
2015-10-29,3,3,1,2,3,1,2,2,0,1,3,4,3,2,2,3,1, 0.0564148, 0.0589053, 0.0537966, 0.0494186, 0.06625638,buy
2015-10-30,2,3,1,1,3,0,2,1,1,4,2,5,4,1,1,3,2, 0.0085029,-0.0331051,-0.0329338,-0.0178529,-0.01496849,sell
2015-10-31,2,0,2,0,2,0,1,2,0,2,2,3,2,0,2,1,1, 0.0082761,-0.0007213,-0.0017938, 0.0057651, 0.00305461,buy
2015-11-01,1,0,2,2,0,1,0,2,3,1,2,3,3,1,1,1,1,-0.0090157, 0.0033395, 0.0160188,-0.0039905, 0.00668740,sell
2015-11-02,1,1,2,2,1,0,1,3,3,1,2,3,3,1,3,2,1,-0.0028631, 0.0185788, 0.0063570, 0.0035649, 0.02611711,buy
2015-11-03,1,1,4,0,2,0,2,5,1,0,3,3,3,2,2,2,1, 0.0413385, 0.0520711, 0.0520711, 0.0562959,-0.00084974,buy
2015-11-04,1,1,3,1,1,0,4,2,1,0,2,3,2,3,2,1,1,-0.0119466,-0.0119466,-0.0119466,-0.0408041,-0.01223194,sell
2015-11-05,1,1,2,2,0,1,3,2,1,1,1,3,2,4,2,1,1,-0.0364962,-0.0324481,-0.0324481,-0.0395185,-0.03244811,sell
2015-11-06,3,1,2,0,2,1,1,3,2,0,3,4,2,3,1,2,0,-0.0367363,-0.0367363,-0.0248604,-0.0367363,-0.01549882,sell
2015-11-07,4,3,1,0,2,0,1,2,3,0,2,4,2,4,2,1,1,-0.0417933,-0.0433399,-0.0306175,-0.0431724,-0.03192432,sell
2015-11-08,2,3,1,0,2,1,1,2,4,1,2,3,2,6,1,2,1,-0.0226946,-0.0248484,-0.0215286,-0.0226946,-0.02054325,sell
2015-11-09,1,2,1,1,1,1,3,4,4,1,2,4,2,5,2,2,2,-0.0176359,-0.0183863,-0.0176359,-0.0176547,-0.00339833,sell
2015-11-10,1,2,1,0,2,0,3,3,4,0,2,3,1,4,2,2,2,-0.0283613,-0.0288759,-0.0283613,-0.0271269,-0.02232505,sell
2015-11-11,1,3,1,0,4,0,0,4,6,0,3,3,3,4,1,3,2,-0.0134127,-0.0121359,-0.0161383,-0.0134127, 0.01494114,sell
2015-11-12,2,4,0,1,3,0,0,4,7,1,3,3,4,4,2,3,3,-0.0003129, 0.0000995,-0.0203670,-0.0003129, 0.00740960,sell
2015-11-13,2,2,1,1,3,0,1,2,5,2,3,2,3,3,2,4,2, 0.0213762, 0.0146052, 0.0213762, 0.0214669, 0.01307637,buy
2015-11-14,0,4,1,0,2,0,1,2,3,2,4,2,3,2,1,2,1,-0.0082774,-0.0039669, 0.0074172, 0.0009528,-0.00835752,sell
2015-11-15,1,6,0,0,2,0,1,1,5,3,3,2,4,2,3,3,2,-0.0133023,-0.0024087,-0.0113319,-0.0140815,-0.01848399,sell
2015-11-16,1,5,1,0,1,0,0,3,3,3,2,1,4,3,3,1,3, 0.0022109, 0.0037042, 0.0050645, 0.0055711,-0.00614733,buy
2015-11-17,0,4,2,1,2,0,1,4,3,1,1,1,6,4,3,0,3, 0.0079433, 0.0087870, 0.0123720, 0.0152346, 0.00315143,buy
2015-11-18,0,3,1,1,3,0,2,3,3,1,1,1,5,5,2,1,2,-0.0033630, 0.0054350, 0.0015256, 0.0114586, 0.00359380,buy
2015-11-19,1,3,0,2,3,1,0,5,1,2,1,1,4,5,2,3,2,-0.0047492, 0.0031630, 0.0049729,-0.0050822,-0.00247863,sell
2015-11-20,1,3,0,2,3,2,1,3,2,2,1,1,3,5,3,4,2,-0.0151598,-0.0202195,-0.0111446,-0.0116031,-0.01778859,sell
2015-11-21,1,1,1,2,1,3,2,3,2,1,1,2,2,3,4,4,1,-0.0013201,-0.0058541,-0.0045698, 0.0003032,-0.00170025,sell
2015-11-22,2,0,1,3,2,3,1,4,2,3,1,2,4,4,4,4,2,-0.0080661,-0.0163752,-0.0103944,-0.0040585,-0.00806607,sell
2015-11-23,2,1,0,4,4,2,1,3,3,2,3,2,4,3,4,4,2, 0.0002152, 0.0036742, 0.0043209, 0.0048914, 0.00611780,buy
2015-11-24,2,0,2,5,4,1,2,3,3,3,3,3,5,3,5,4,2, 0.0133902, 0.0122410, 0.0127972, 0.0082727, 0.01224102,buy
2015-11-25,2,1,2,5,2,2,2,4,2,4,3,3,5,3,5,4,3, 0.0317276, 0.0307246, 0.0324216, 0.0136491, 0.02257348,buy
2015-11-26,2,2,2,3,2,2,1,3,3,4,3,2,6,1,5,4,3, 0.0392922, 0.0413287, 0.0363689,-0.0119342, 0.01340089,buy
2015-11-27,2,2,2,2,1,1,2,1,4,4,2,3,6,2,4,3,1, 0.0201594, 0.0054408, 0.0201208, 0.0067001, 0.01203749,buy
2015-11-28,2,1,2,2,2,2,2,1,3,5,1,3,5,3,5,4,1, 0.0215320, 0.0109392, 0.0250579, 0.0120137, 0.00981366,buy
2015-11-29,1,1,1,3,1,1,2,1,4,4,2,2,4,3,4,3,1, 0.0049967, 0.0007682, 0.0126897, 0.0043886, 0.00428450,buy
2015-11-30,1,1,3,1,3,0,2,2,3,2,2,2,4,3,4,3,0, 0.0010189, 0.0096287, 0.0054057, 0.0000930,-0.00010245,buy
2015-12-01,1,1,3,1,2,0,2,2,4,3,2,3,3,3,5,2,1,-0.0120538, 0.0071808,-0.0101825,-0.0120538,-0.00748519,sell
2015-12-02,1,1,1,2,0,2,3,2,3,4,2,2,2,4,5,3,1,-0.0098162,-0.0050717,-0.0103062,-0.0117346, 0.01034517,sell
2015-12-03,2,0,2,0,1,2,2,1,1,4,2,2,2,3,2,3,1, 0.0018740, 0.0075083, 0.0080406,-0.0111292, 0.00740225,buy
2015-12-04,2,1,3,0,1,1,2,0,1,3,2,1,1,4,1,4,1, 0.0059271, 0.0015426, 0.0077416, 0.0006922, 0.00155698,buy
2015-12-05,2,1,1,0,1,2,2,0,2,3,1,2,1,4,2,3,1, 0.0089273, 0.0084178, 0.0065428,-0.0007398, 0.01369470,buy
2015-12-06,1,0,1,1,0,2,2,1,1,3,2,2,1,3,1,3,0, 0.0076722,-0.0152039, 0.0100476,-0.0102579, 0.00691132,buy
2015-12-07,1,0,3,1,0,1,3,3,1,2,4,1,3,2,2,2,1,-0.0071898,-0.0098149, 0.0086023,-0.0009840,-0.02485455,sell
2015-12-08,1,0,3,0,1,1,3,2,3,1,3,2,2,3,1,3,1, 0.0155604, 0.0083989, 0.0155604, 0.0155604, 0.00617882,buy
2015-12-09,0,2,2,1,1,1,3,3,2,2,3,3,2,3,1,5,0, 0.0048816,-0.0050729,-0.0048255,-0.0048255,-0.01345012,sell
2015-12-10,1,2,3,1,0,1,4,3,2,3,3,3,2,4,2,5,1,-0.0128250,-0.0249801,-0.0183869,-0.0191328,-0.02197040,sell
2015-12-11,1,2,3,0,0,1,2,2,2,3,4,2,1,2,2,4,1,-0.0210572,-0.0145128,-0.0210068, 0.0037564, 0.00393000,sell
2015-12-12,0,4,2,0,0,1,2,2,4,3,5,1,3,1,2,4,2, 0.0004435,-0.0026941,-0.0026941,-0.0031910,-0.00268589,sell
2015-12-13,1,2,3,1,0,1,4,3,4,4,5,2,5,2,4,4,1,-0.0106645,-0.0129225,-0.0135569,-0.0103901,-0.00985655,sell
2015-12-14,0,3,2,2,0,1,4,3,4,3,6,3,5,2,4,2,0,-0.0049012,-0.0040071,-0.0114541,-0.0049012,-0.00503606,sell
2015-12-15,0,2,2,2,2,1,5,0,6,3,5,2,4,3,3,4,2, 0.0108312, 0.0111957, 0.0108312, 0.0108312, 0.01052725,buy
2015-12-16,2,2,1,2,2,1,3,2,4,2,4,2,3,4,2,4,2, 0.0064180, 0.0031011, 0.0064180, 0.0017543, 0.01366092,buy
2015-12-17,2,0,1,2,2,1,3,2,4,3,2,2,3,3,3,5,2,-0.0074785,-0.0215973,-0.0215973,-0.0216653,-0.02082227,sell
2015-12-18,1,1,1,2,2,2,3,1,3,2,3,1,1,3,3,4,3,-0.0056503,-0.0096145,-0.0041809,-0.0153361,-0.00499777,sell
2015-12-19,2,0,1,2,2,1,3,1,2,3,2,0,2,3,3,4,3,-0.0139709,-0.0108614,-0.0044187,-0.0200573,-0.01110997,sell
2015-12-20,2,1,0,2,3,1,2,2,3,2,3,2,2,4,2,3,2, 0.0050397, 0.0083467, 0.0043732, 0.0141113, 0.02807402,buy
2015-12-21,1,2,1,2,2,0,3,1,3,1,3,1,2,3,2,4,1,-0.0158772,-0.0181713,-0.0157455,-0.0160366,-0.01603663,sell
2015-12-22,1,2,3,2,2,1,3,3,2,2,4,3,3,3,1,5,2, 0.0057093,-0.0082679,-0.0169375,-0.0117478,-0.00896681,sell
2015-12-23,1,3,1,3,1,1,2,3,2,3,4,3,4,3,2,3,1,-0.0130500,-0.0106091,-0.0123273,-0.0130500,-0.01155365,sell
2015-12-24,0,5,2,2,2,1,2,3,3,3,6,4,4,1,3,3,2,-0.0019590, 0.0136657,-0.0018661, 0.0092861, 0.01395771,buy
2015-12-25,0,4,3,2,2,1,2,3,3,2,5,4,5,1,3,1,3,-0.0092896, 0.0044571,-0.0072393,-0.0035913, 0.00566718,sell
2015-12-26,0,4,3,4,1,1,2,4,4,3,5,4,6,2,4,2,3,-0.0218851,-0.0091024,-0.0175326,-0.0160942,-0.00516057,sell
2015-12-27,0,4,3,3,1,0,2,5,4,2,6,3,6,1,4,2,2,-0.0043611, 0.0032456,-0.0114211,-0.0065051, 0.00718742,sell
2015-12-28,0,4,3,2,2,0,4,5,2,1,5,2,5,2,4,3,2, 0.0355687, 0.0411213, 0.0114541, 0.0295380, 0.03575013,buy
2015-12-29,0,4,2,3,0,0,4,3,3,2,4,3,2,2,4,4,2,-0.0109467,-0.0021913,-0.0116700,-0.0288976,-0.02056879,sell
2015-12-30,0,1,2,3,1,1,2,4,2,3,2,3,2,3,4,3,2, 0.0037091, 0.0066177, 0.0048181, 0.0059594, 0.00209650,buy
2015-12-31,1,1,1,1,1,0,3,4,2,2,2,4,1,2,4,2,1, 0.0090211, 0.0071844, 0.0000884, 0.0039380, 0.00078874,buy
2016-01-01,2,2,0,1,1,0,3,3,4,2,2,3,3,3,4,1,2,-0.0057049,-0.0064512,-0.0059959,-0.0022778,-0.00570493,sell
2016-01-02,1,0,0,2,1,1,2,4,3,4,1,1,4,3,4,3,2, 0.0006475,-0.0039231, 0.0040183, 0.0040183,-0.00847846,sell
2016-01-03,2,0,0,2,0,1,3,3,0,3,1,2,2,1,3,3,2,-0.0046504,-0.0047379,-0.0028180,-0.0042614,-0.00495756,sell
2016-01-04,3,0,1,0,1,0,3,2,1,3,1,2,2,2,4,2,1, 0.0037638, 0.0037938, 0.0028147, 0.0051597, 0.00056766,buy
2016-01-05,2,1,0,0,1,0,2,0,2,3,1,1,2,2,3,2,0,-0.0073140,-0.0064130,-0.0059308,-0.0068261,-0.00388165,sell
2016-01-06,4,1,0,1,0,0,2,1,1,4,1,2,3,2,3,2,1, 0.0044325, 0.0016370, 0.0023777, 0.0047412, 0.00897376,buy
2016-01-07,4,0,1,0,0,0,1,2,0,5,1,2,2,2,3,2,1, 0.0089495,-0.0003185, 0.0053063, 0.0074860, 0.00821598,buy
2016-01-08,2,2,2,0,0,0,1,2,2,4,2,2,3,2,2,3,1, 0.0092182, 0.0015111, 0.0060151, 0.0047257, 0.02500742,buy
2016-01-09,3,2,3,0,0,0,3,3,2,4,2,2,4,3,3,4,2, 0.0114098,-0.0024997, 0.0020096, 0.0012112, 0.00552302,buy
2016-01-10,3,0,5,0,0,0,1,6,0,4,3,2,3,3,3,3,2,-0.0264832,-0.0134009,-0.0211059,-0.0211059,-0.02110592,sell
2016-01-11,2,1,4,1,0,0,3,5,3,2,4,2,3,3,3,3,3, 0.0025887, 0.0049748,-0.0046327, 0.0041984,-0.00019076,buy
2016-01-12,1,1,4,0,1,0,2,8,3,1,4,2,3,3,3,4,2,-0.0138246,-0.0062092,-0.0122270,-0.0037419,-0.01325460,sell
2016-01-13,2,0,5,0,0,0,2,7,1,2,3,2,4,3,3,3,1,-0.0190190,-0.0165292,-0.0152938,-0.0176260,-0.01762599,sell
2016-01-14,0,1,4,1,0,1,2,6,1,3,5,2,3,2,4,2,1,-0.0381732,-0.0068128,-0.0189129,-0.0258069,-0.02842639,sell
2016-01-15,1,2,5,0,1,0,3,5,0,2,4,2,4,2,3,2,2,-0.0369282,-0.0091080,-0.0264793,-0.0292588,-0.05121773,sell
2016-01-16,1,1,6,1,1,0,1,6,0,3,5,1,4,2,3,3,2,-0.0480125,-0.0272961,-0.0410597,-0.0405675,-0.04056753,sell
2016-01-17,1,1,4,3,2,1,1,6,1,2,6,2,5,2,3,2,2,-0.0187803, 0.0052027,-0.0059270,-0.0063235,-0.00632943,sell
2016-01-18,1,0,5,2,2,1,2,4,1,2,6,2,3,2,2,2,3,-0.0131332,-0.0002345,-0.0011539,-0.0033494,-0.00758396,sell
2016-01-19,1,1,3,1,2,0,0,4,0,3,5,2,2,2,1,2,1,-0.0047389, 0.0071734, 0.0126973, 0.0071499, 0.02382098,buy
2016-01-20,1,2,1,1,2,2,2,3,1,4,4,3,3,2,4,2,1, 0.0174617, 0.0161475, 0.0167914, 0.0033611, 0.01257884,buy
2016-01-21,1,1,3,1,0,1,2,3,0,3,3,3,3,1,3,1,1, 0.0144279, 0.0040575, 0.0039421, 0.0080272,-0.00467324,buy
2016-01-22,1,0,3,0,1,1,2,3,0,3,2,2,2,2,4,2,0,-0.0086767,-0.0076408,-0.0113971,-0.0107443,-0.01410417,sell
2016-01-23,1,3,1,2,1,1,2,2,1,2,2,2,2,2,3,4,1,-0.0073066,-0.0111244, 0.0013506,-0.0099040,-0.00490210,sell
2016-01-24,1,2,3,2,3,0,3,2,1,2,3,2,3,2,3,4,2, 0.0021282,-0.0301598, 0.0023201,-0.0042544, 0.01130441,buy
2016-01-25,1,3,3,3,1,0,4,1,2,2,4,2,2,4,4,3,1,-0.0018012,-0.0010649,-0.0143421,-0.0088983,-0.01026052,sell
2016-01-26,1,3,2,3,0,1,3,0,3,2,2,2,3,3,4,3,1, 0.0024810, 0.0091346, 0.0017874, 0.0051339, 0.00480853,buy
2016-01-27,2,3,2,1,1,1,3,0,4,2,3,2,4,3,3,3,1, 0.0127056, 0.0114149, 0.0000740, 0.0091300, 0.00913001,buy
2016-01-28,2,4,1,1,1,0,3,1,3,3,3,3,3,3,2,3,2, 0.0169883, 0.0044971, 0.0052877, 0.0044971, 0.00449705,buy
2016-01-29,1,3,0,1,2,1,4,0,4,4,2,3,3,4,3,4,1, 0.0106817, 0.0022844, 0.0065235, 0.0022844, 0.00816613,buy
2016-01-30,1,2,0,2,1,1,5,1,5,3,3,3,3,3,5,4,0,-0.0249669,-0.0237554,-0.0216853,-0.0174978,-0.03289200,sell
2016-01-31,1,1,1,1,1,0,3,2,5,2,3,2,3,2,4,2,1,-0.0020875, 0.0038408,-0.0043707,-0.0043659,-0.00332690,sell
2016-02-01,3,0,2,0,2,0,6,1,7,2,3,3,3,5,5,3,1,-0.0028138,-0.0033030,-0.0018390,-0.0033881,-0.00042593,sell
2016-02-02,2,1,1,1,1,0,4,2,7,4,2,3,3,5,4,5,1,-0.0044083,-0.0044083,-0.0077540,-0.0055027,-0.00416849,sell
2016-02-03,3,0,2,1,1,0,6,1,6,4,1,4,2,6,4,6,1, 0.0007340, 0.0007340, 0.0011349,-0.0023794, 0.00232414,sell
2016-02-04,3,0,2,0,1,0,6,2,5,4,2,5,1,5,4,5,1, 0.0051027, 0.0051027, 0.0040435,-0.0017357, 0.00510270,buy
2016-02-05,5,2,1,0,1,0,4,2,6,4,2,4,2,5,4,6,2, 0.0021494, 0.0032360, 0.0023284, 0.0015644, 0.00345753,buy
2016-02-06,5,0,3,0,1,0,4,3,7,4,4,4,2,5,5,5,2,-0.0061910,-0.0000688,-0.0062813,-0.0118699,-0.00577549,sell
2016-02-07,2,0,3,1,2,0,4,3,5,3,6,2,3,3,4,4,1, 0.0021503, 0.0029867,-0.0025865, 0.0050458,-0.00186556,sell
2016-02-08,2,0,2,1,3,0,5,2,7,3,6,3,3,4,3,4,2, 0.0073288, 0.0027075, 0.0005109, 0.0074624, 0.00031282,buy
2016-02-09,3,1,2,0,3,0,1,5,4,2,5,3,3,4,0,4,2, 0.0182991, 0.0134244, 0.0294883, 0.0152307, 0.00525312,buy
2016-02-10,3,0,3,0,2,1,1,4,6,3,5,3,3,3,2,4,3, 0.0190879, 0.0119162, 0.0169905, 0.0197555, 0.01245842,buy
2016-02-11,1,1,3,1,2,1,1,3,4,2,5,4,3,1,2,2,2, 0.0050904, 0.0094865, 0.0101728, 0.0043961, 0.00547210,buy
2016-02-12,2,0,2,1,4,0,1,4,3,3,4,4,4,2,2,2,2,-0.0054059,-0.0048210,-0.0085512,-0.0038975,-0.00353781,sell
2016-02-13,1,2,1,2,4,0,0,3,2,2,5,2,3,1,2,1,3, 0.0026572, 0.0042802, 0.0051568, 0.0046422, 0.00472280,buy
2016-02-14,1,1,3,1,3,1,1,3,2,1,5,2,2,1,3,2,2, 0.0095833, 0.0082263, 0.0066406, 0.0098512, 0.01018831,buy
2016-02-15,1,2,3,2,0,1,1,4,1,2,4,2,3,2,2,2,2, 0.0219075, 0.0149433, 0.0167262, 0.0132861, 0.01604588,buy
2016-02-16,1,3,0,3,2,1,0,4,2,3,4,2,3,3,3,2,2,-0.0342485,-0.0233430,-0.0172808, 0.0232354, 0.01827231,buy
2016-02-17,1,2,0,1,3,1,1,3,2,1,3,1,3,2,3,1,2, 0.0064330, 0.0010853, 0.0023967, 0.0039336,-0.00026561,buy
2016-02-18,1,1,1,3,2,1,1,3,1,1,3,1,3,2,2,2,2, 0.0051062, 0.0006246, 0.0050774, 0.0006246, 0.00062459,buy
2016-02-19,1,2,1,4,1,1,1,3,2,1,4,1,3,2,3,3,1, 0.0086847, 0.0059742, 0.0060884, 0.0094382, 0.00931899,buy
2016-02-20,1,3,2,3,1,1,1,4,1,0,4,2,3,1,3,2,2, 0.0105160, 0.0144465, 0.0144465, 0.0144465, 0.01595738,buy
2016-02-21,1,2,2,1,2,0,3,2,1,1,3,2,4,2,1,2,1,-0.0001378, 0.0105560,-0.0029241, 0.0241164,-0.01060760,sell
2016-02-22,1,2,0,3,1,1,3,2,1,1,2,1,4,2,2,2,2,-0.0144728,-0.0162526, 0.0047183,-0.0073242,-0.01592029,sell
2016-02-23,2,3,1,2,2,1,3,2,1,1,2,1,5,3,3,3,1, 0.0146373, 0.0054120, 0.0126599, 0.0218930,-0.00555332,buy
2016-02-24,2,3,1,2,1,0,2,2,3,1,2,2,3,4,2,3,1,-0.0320025,-0.0351570,-0.0066516,-0.0197130,-0.03200254,sell
2016-02-25,1,3,1,0,2,0,2,2,3,1,1,2,4,3,2,2,1,-0.0051677,-0.0005550,-0.0037236,-0.0045203,-0.00516773,sell
2016-02-26,1,2,1,1,2,1,4,2,4,1,2,3,5,2,3,3,1,-0.0139800,-0.0124514,-0.0258325,-0.0112453,-0.02222069,sell
2016-02-27,1,3,1,1,1,0,4,2,3,0,2,2,5,2,3,1,1, 0.0070894, 0.0086067,-0.0009138, 0.0089123, 0.00840872,buy
2016-02-28,1,2,1,0,2,0,4,1,6,1,3,1,4,3,3,3,1, 0.0013239, 0.0015398,-0.0074207,-0.0028599,-0.00667674,sell
2016-02-29,2,3,0,1,3,0,2,2,5,1,3,2,3,4,2,4,1, 0.0074431, 0.0080582, 0.0093329, 0.0093329, 0.00070198,buy
2016-03-01,3,3,0,1,2,0,1,2,2,3,2,3,4,3,3,2,0, 0.0069998,-0.0042428,-0.0059058,-0.0042428, 0.00319041,sell
2016-03-02,2,2,1,0,1,0,2,1,3,4,2,2,3,3,3,2,1,-0.0089443,-0.0141962,-0.0045467,-0.0141962,-0.00215309,sell
2016-03-03,1,4,0,0,1,0,2,2,4,2,2,3,3,3,2,2,1,-0.0177651,-0.0164732,-0.0084014,-0.0177651,-0.01776506,sell
2016-03-04,2,3,1,1,1,1,4,4,4,3,3,3,3,5,3,5,2,-0.0100406,-0.0097142,-0.0004045,-0.0084201,-0.00766819,sell
2016-03-05,1,2,1,2,1,1,3,5,3,3,4,3,2,5,2,5,1,-0.0140695,-0.0098591,-0.0006486,-0.0112389,-0.01105953,sell
2016-03-06,0,2,0,2,2,1,3,4,4,2,4,2,2,4,3,5,0,-0.0063409,-0.0060523,-0.0059341,-0.0072917,-0.00674640,sell
2016-03-07,1,2,0,1,1,1,2,5,3,3,2,3,1,5,2,5,1,-0.0135583,-0.0020008, 0.0014195,-0.0033077,-0.00330770,sell
2016-03-08,2,2,0,1,0,2,2,5,2,4,2,3,3,5,2,5,0,-0.0068855,-0.0021969,-0.0000392,-0.0032298,-0.00259433,sell
2016-03-09,1,2,1,1,0,2,3,3,2,4,2,4,1,4,3,4,1, 0.0022066, 0.0105705, 0.0024781, 0.0074480, 0.00494086,buy
2016-03-10,2,1,2,2,1,1,2,4,1,3,2,3,2,4,3,4,1, 0.0014111, 0.0028663, 0.0017655, 0.0007263, 0.00086212,buy
2016-03-11,2,2,1,4,2,1,1,3,2,3,3,4,2,5,3,3,1, 0.0133580, 0.0020533,-0.0076567,-0.0034855,-0.00062553,buy
2016-03-12,1,2,2,3,2,2,2,3,2,2,4,3,2,4,3,4,1,-0.0069956,-0.0046411, 0.0058828,-0.0147453,-0.00505055,sell
2016-03-13,1,2,2,2,1,2,2,4,1,3,3,3,1,5,2,5,1,-0.0140167,-0.0096209,-0.0028052,-0.0102727,-0.01027268,sell
2016-03-14,1,3,0,2,1,3,1,4,2,5,3,3,2,5,2,5,2,-0.0035446, 0.0012207,-0.0043691,-0.0011384,-0.00921986,sell
2016-03-15,0,4,0,1,1,2,1,3,2,3,2,2,1,4,3,4,1,-0.0103104,-0.0105749,-0.0103337,-0.0005585,-0.01512139,sell
2016-03-16,1,2,2,1,1,2,1,3,1,2,1,3,2,4,2,3,1,-0.0068327,-0.0068327,-0.0105743,-0.0116812,-0.00719500,sell
2016-03-17,1,2,1,4,1,2,1,3,2,3,2,3,3,4,3,4,1,-0.0017016,-0.0058776,-0.0037468,-0.0048459,-0.00087764,sell
2016-03-18,1,2,1,4,2,0,1,3,0,1,1,2,3,1,2,4,2, 0.0266330,-0.0029779, 0.0249950, 0.0063532, 0.00676697,buy
2016-03-19,1,3,4,1,3,0,1,2,0,1,1,4,2,2,3,3,1,-0.0009608,-0.0053997,-0.0048245,-0.0085438,-0.00160710,sell
2016-03-20,1,4,3,3,1,0,0,1,0,2,0,4,1,3,4,3,0,-0.0085533,-0.0030176,-0.0041901,-0.0201864,-0.00974068,sell
2016-03-21,2,3,2,3,0,3,0,1,0,3,2,2,2,3,5,2,1,-0.0185884,-0.0180656,-0.0193486,-0.0265451,-0.01791103,sell
2016-03-22,2,2,3,1,1,2,0,1,0,2,2,2,1,2,4,2,1, 0.0114630, 0.0050074, 0.0172001, 0.0210638, 0.01635966,buy
2016-03-23,1,3,2,1,1,1,0,1,2,2,1,3,3,3,3,1,0,-0.0001954,-0.0005712, 0.0033799,-0.0001954,-0.00181684,sell
2016-03-24,1,1,2,1,2,2,1,2,3,3,2,5,3,3,2,2,1, 0.0023857, 0.0084238, 0.0018929, 0.0018391, 0.00449457,buy
2016-03-25,0,1,2,3,0,2,3,4,1,3,2,5,3,3,2,3,1,-0.0067952,-0.0072858,-0.0068369,-0.0057395,-0.00573953,sell
2016-03-26,0,1,4,2,0,1,5,3,3,2,3,4,4,3,3,2,2,-0.0066501,-0.0067153,-0.0002261,-0.0078748,-0.00654774,sell
2016-03-27,0,2,5,1,2,1,4,1,3,2,3,3,5,3,3,3,1, 0.0314778, 0.0376330, 0.0281426, 0.0279661, 0.02796612,buy
2016-03-28,1,3,2,2,1,1,3,1,1,4,2,3,5,3,2,3,1, 0.0009449, 0.0015752,-0.0000860, 0.0007351, 0.00073511,sell
2016-03-29,3,2,3,2,1,1,4,0,1,6,3,3,4,3,3,5,2,-0.0003186, 0.0035492,-0.0059733, 0.0004150,-0.00311488,sell
2016-03-30,2,2,3,1,1,0,3,0,0,3,2,2,2,2,2,4,1, 0.0414404,-0.0074337,-0.0012664,-0.0041087, 0.02236172,buy
2016-03-31,2,2,4,2,2,0,4,0,1,3,3,4,3,2,3,5,0,-0.0025456,-0.0079634,-0.0079787,-0.0062462,-0.00989894,sell
2016-04-01,2,2,4,3,1,0,3,4,1,4,3,4,4,3,5,3,2, 0.0186460, 0.0191868, 0.0254220, 0.0253855, 0.02710720,buy
2016-04-02,1,1,1,3,2,0,3,4,2,3,3,2,5,2,3,2,3,-0.0267281,-0.0053999,-0.0125838,-0.0157671,-0.01133495,sell
2016-04-03,1,1,1,3,2,0,5,2,2,2,3,1,4,2,3,3,3,-0.0148082,-0.0154398, 0.0032536,-0.0164622,-0.01969971,sell
2016-04-04,2,2,1,4,1,1,3,3,0,3,3,2,4,3,3,3,2,-0.0000134, 0.0089898, 0.0101868, 0.0115527, 0.00898982,buy
2016-04-05,2,3,1,3,1,1,2,1,1,4,3,2,3,3,4,3,1,-0.0106541,-0.0118188,-0.0245541,-0.0056910,-0.00706353,sell
2016-04-06,2,3,2,3,1,0,2,0,0,2,2,1,2,2,4,2,2,-0.0217474,-0.0162209,-0.0157303,-0.0268166,-0.01147409,sell
2016-04-07,2,2,3,4,2,0,2,1,0,3,3,2,3,3,4,3,1, 0.0126926, 0.0122297, 0.0246998, 0.0137337, 0.01298155,buy
2016-04-08,1,3,3,6,3,0,2,1,1,2,3,5,3,3,4,2,2,-0.0064466,-0.0040248, 0.0008569,-0.0064466,-0.00307871,sell
2016-04-09,1,0,4,2,3,0,2,1,2,2,1,4,3,2,2,3,2, 0.0062030, 0.0062334, 0.0053400, 0.0054361, 0.00718563,buy
2016-04-10,1,1,2,3,1,1,1,1,2,4,2,4,3,2,1,3,2, 0.0092584, 0.0063370, 0.0042627, 0.0059244, 0.00503278,buy
2016-04-11,1,1,2,2,2,2,2,1,2,4,2,4,6,2,1,3,1,-0.0022301,-0.0018224,-0.0057152,-0.0050762,-0.00530064,sell
2016-04-12,1,1,3,2,2,0,2,1,1,2,1,4,6,0,0,2,2, 0.0040889, 0.0004221, 0.0038079, 0.0034563, 0.00245784,buy
2016-04-13,1,1,4,3,4,1,2,1,2,3,2,5,5,2,2,3,3,-0.0093602, 0.0065415,-0.0017445, 0.0049654, 0.00013046,buy
2016-04-14,1,2,5,6,2,1,2,2,1,2,4,4,5,2,3,4,2,-0.0012778,-0.0021101, 0.0011089,-0.0019544, 0.00435828,buy
2016-04-15,1,1,8,3,4,0,3,1,1,2,4,3,5,3,3,4,2, 0.0060446, 0.0067441, 0.0070060, 0.0065678, 0.00615989,buy
2016-04-16,0,3,6,6,3,0,4,1,0,2,4,3,3,5,5,3,2,-0.0007818,-0.0058080,-0.0010421,-0.0041504,-0.00415039,sell
2016-04-17,1,2,3,7,3,1,3,1,0,4,4,2,4,4,5,3,3,-0.0208121,-0.0249411,-0.0265044,-0.0278044, 0.01110353,sell
2016-04-18,2,1,4,3,4,1,3,1,0,4,4,1,4,4,4,4,2,-0.0096493,-0.0050254,-0.0065291,-0.0097345,-0.00976560,sell
2016-04-19,1,2,2,3,3,0,2,1,1,3,3,1,2,4,3,4,1, 0.0094846, 0.0143872, 0.0157392, 0.0128509, 0.01583733,buy
2016-04-20,1,2,2,3,2,2,3,0,2,4,4,1,2,5,3,4,2,-0.0017752,-0.0134985, 0.0027969, 0.0039479,-0.00110675,buy
2016-04-21,1,1,2,5,0,2,2,3,1,4,3,2,2,4,4,4,2, 0.0258210, 0.0176528, 0.0171426, 0.0225410, 0.02610897,buy
2016-04-22,1,1,3,5,0,0,3,2,1,3,4,2,3,3,3,3,1,-0.0134954,-0.0141396,-0.0133031,-0.0141059,-0.01097712,sell
2016-04-23,1,1,2,3,2,0,4,1,2,3,2,2,3,4,2,4,2,-0.0216788, 0.0125649,-0.0036296,-0.0036296, 0.00133873,sell
2016-04-24,2,2,0,5,3,0,2,2,0,2,1,3,3,2,1,5,3, 0.0337115,-0.0123546, 0.0297805, 0.0226380, 0.02147574,buy
2016-04-25,3,0,1,5,1,0,3,2,0,3,2,3,3,2,1,5,2, 0.0387439, 0.0123715, 0.0417445, 0.0365714, 0.03874387,buy
2016-04-26,2,1,2,3,1,0,3,1,0,2,3,2,2,1,1,4,2, 0.0252657, 0.0125808, 0.0258398, 0.0251221, 0.02666758,buy
2016-04-27,1,4,2,4,1,0,4,1,2,1,3,3,4,1,2,4,3, 0.0048966,-0.0013644,-0.0034608,-0.0013644, 0.00565086,buy
2016-04-28,1,2,2,4,1,0,3,3,2,3,4,2,5,2,2,3,3,-0.0230966,-0.0029604,-0.0214306,-0.0214306,-0.01032145,sell
2016-04-29,0,1,1,4,1,0,2,4,2,3,3,3,5,1,2,3,1,-0.0183258,-0.0174556,-0.0183258,-0.0183258,-0.01832581,sell
2016-04-30,0,1,1,3,2,0,3,1,4,1,3,2,4,2,2,3,0, 0.0017043,-0.0051018,-0.0110300,-0.0051018, 0.00077098,sell
2016-05-01,0,1,1,3,2,0,1,2,3,2,2,2,2,2,2,4,1, 0.0093391, 0.0043471,-0.0095996, 0.0039175, 0.00505192,buy
2016-05-02,1,2,2,2,2,1,2,3,3,3,2,3,3,4,3,4,2, 0.0019303, 0.0065979, 0.0047371, 0.0045526, 0.00390250,buy
2016-05-03,0,3,3,2,2,0,3,1,2,2,1,3,2,3,4,3,2,-0.0108344, 0.0100106, 0.0114064, 0.0119880, 0.01270527,buy
2016-05-04,1,0,5,2,3,0,3,0,1,2,2,3,3,3,2,3,1, 0.0018163, 0.0054072, 0.0041108, 0.0053975, 0.00307200,buy
2016-05-05,2,1,4,4,3,0,1,1,1,2,2,3,3,4,3,3,1,-0.0025033, 0.0078857,-0.0040314,-0.0057179,-0.00571795,sell
2016-05-06,1,1,6,1,4,0,2,0,2,1,3,2,3,4,2,3,1,-0.0025710,-0.0061780,-0.0151774,-0.0080419,-0.00864611,sell
2016-05-07,0,1,5,2,2,1,2,2,1,0,3,2,1,5,1,4,0, 0.0003863, 0.0027235, 0.0021242, 0.0021242,-0.00675110,sell
2016-05-08,0,0,4,2,4,2,3,2,2,2,3,2,2,5,3,5,1,-0.0072659,-0.0068950,-0.0076169,-0.0072980,-0.01582465,sell
2016-05-09,0,1,3,1,4,1,2,2,2,0,1,1,2,4,3,4,1, 0.0008971, 0.0022746, 0.0002136, 0.0050543,-0.00233589,sell
2016-05-10,0,0,5,2,4,1,2,1,3,1,2,2,2,5,3,4,1,-0.0003490,-0.0030881,-0.0044654,-0.0026247,-0.00493435,sell
2016-05-11,1,0,6,4,3,1,2,2,1,1,3,2,2,5,4,4,1,-0.0083901,-0.0161325,-0.0154252,-0.0155406,-0.01916010,sell
2016-05-12,1,1,7,2,4,0,2,2,1,1,4,1,2,5,4,3,2, 0.0065963,-0.0005805, 0.0032570, 0.0001257, 0.00163736,buy
2016-05-13,1,2,6,1,4,0,2,1,0,1,3,1,1,4,3,3,3, 0.0039582, 0.0060013, 0.0095464, 0.0092366, 0.00570854,buy
2016-05-14,2,2,5,3,2,1,2,1,0,1,3,1,1,4,3,5,2, 0.0092087, 0.0127403, 0.0141403, 0.0141403, 0.01450354,buy
2016-05-15,2,0,5,2,3,1,2,1,0,2,2,1,1,4,3,5,2, 0.0005232, 0.0056162, 0.0088191, 0.0100916, 0.00912102,buy
2016-05-16,1,2,5,2,2,0,2,1,2,0,2,1,1,5,1,4,3, 0.0037902, 0.0083875, 0.0081684, 0.0081684, 0.00719464,buy
2016-05-17,0,2,3,2,2,0,2,2,3,1,3,2,2,5,2,2,1,-0.0132715,-0.0151088,-0.0093965,-0.0165498,-0.01539287,sell
2016-05-18,0,1,3,2,3,2,2,4,2,1,4,2,3,5,3,2,1,-0.0009122,-0.0021071,-0.0129901,-0.0127458,-0.00510279,sell
2016-05-19,0,2,3,2,2,2,2,3,1,0,3,2,4,3,2,2,1,-0.0039520,-0.0047304, 0.0030839,-0.0066035,-0.00722073,sell
2016-05-20,0,2,3,1,2,1,2,1,3,0,3,1,3,4,2,2,0,-0.0165598,-0.0108845,-0.0104897,-0.0139504,-0.01395038,sell
2016-05-21,1,4,2,1,2,3,1,2,2,0,3,3,3,5,1,2,1, 0.0085460, 0.0133724, 0.0163734, 0.0085460, 0.00656745,buy
2016-05-22,2,4,2,3,1,2,1,2,1,2,4,3,4,6,2,1,0, 0.0060609, 0.0064770, 0.0064770, 0.0064770, 0.00810519,buy
2016-05-23,1,4,3,2,2,2,1,1,1,2,5,2,3,5,2,1,1, 0.0046318, 0.0069992, 0.0069648, 0.0046318, 0.00713668,buy
2016-05-24,0,5,4,2,2,2,1,2,2,0,5,3,3,4,1,3,1, 0.0040241, 0.0045409, 0.0031002, 0.0045409,-0.00327288,buy
2016-05-25,1,4,3,3,1,2,1,3,2,1,4,3,3,5,2,3,1, 0.0100439, 0.0094038, 0.0104039, 0.0079626, 0.00846727,buy
2016-05-26,0,2,3,3,1,2,0,4,2,1,3,3,3,4,2,2,1, 0.0085575, 0.0065375, 0.0089320, 0.0044875, 0.00183252,buy
2016-05-27,0,3,3,2,2,1,2,3,2,1,3,1,4,5,2,2,2,-0.0096380, 0.0213482, 0.0238839, 0.0269692, 0.02067863,buy
2016-05-28,0,3,2,1,1,1,1,4,2,3,2,2,3,5,1,3,2,-0.0008491, 0.0330866, 0.0213078, 0.0385350, 0.01583829,buy
2016-05-29,1,2,2,1,1,2,0,5,2,5,3,2,4,5,3,3,1,-0.0122953, 0.0017777,-0.0021953,-0.0088131,-0.00398541,sell
2016-05-30,1,3,3,0,1,2,1,3,1,4,3,2,4,3,4,3,0,-0.0067855,-0.0020200,-0.0140429,-0.0178654,-0.01322353,sell
2016-05-31,0,2,4,1,2,2,1,3,1,5,4,2,4,3,5,2,1, 0.0133651, 0.0202540, 0.0128525, 0.0096537, 0.00819755,buy
2016-06-01,1,2,3,3,2,2,1,5,0,5,5,2,5,4,4,3,1, 0.0049530, 0.0039481, 0.0039732, 0.0051366, 0.00513659,buy
2016-06-02,0,2,4,2,2,2,1,5,1,4,5,1,5,4,4,2,2, 0.0020326, 0.0018068, 0.0032205, 0.0048540, 0.00510605,buy
2016-06-03,0,2,4,0,2,3,3,1,1,4,5,1,4,3,3,3,1, 0.0040023, 0.0062042, 0.0055576, 0.0060813, 0.00605603,buy
2016-06-04,1,2,1,1,3,4,1,1,0,6,4,1,4,4,3,3,1, 0.0093352, 0.0101168, 0.0123986, 0.0017599, 0.00767959,buy
2016-06-05,1,2,1,0,5,3,1,0,1,6,3,1,5,4,3,3,1, 0.0065233, 0.0100859, 0.0096458, 0.0051185, 0.00407584,buy
2016-06-06,0,2,2,1,5,3,1,0,1,4,3,3,5,3,3,2,0, 0.0017804,-0.0026179, 0.0067167,-0.0084148,-0.00090376,sell
2016-06-07,0,1,2,3,4,4,2,1,1,5,4,3,5,3,4,3,1, 0.0037992, 0.0036675, 0.0006660, 0.0036675, 0.00055848,buy
2016-06-08,0,3,2,2,4,2,1,2,0,3,3,3,3,2,3,4,1,-0.0242830,-0.0006700,-0.0006700, 0.0178897,-0.02813725,sell
2016-06-09,0,3,2,0,5,1,2,0,2,3,3,3,2,3,1,5,1, 0.0055328, 0.0049383, 0.0058029,-0.0036235, 0.00001170,buy
2016-06-10,0,3,1,2,4,1,1,0,3,2,1,3,2,3,1,6,1, 0.0095559, 0.0105661, 0.0106782, 0.0090673, 0.01142966,buy
2016-06-11,1,4,1,3,4,2,1,0,2,1,2,3,4,4,1,5,0,-0.0026262, 0.0143655, 0.0109715,-0.0026262, 0.01417180,buy
2016-06-12,1,4,1,1,4,1,0,0,3,1,2,4,3,2,0,4,1, 0.0239887, 0.0239473, 0.0231875, 0.0239887, 0.02516594,buy
2016-06-13,0,5,0,1,4,0,1,1,3,0,2,3,3,2,1,3,1, 0.0242865, 0.0237699, 0.0256383, 0.0242865, 0.02550008,buy
2016-06-14,0,4,1,1,4,1,2,1,3,1,2,4,3,2,1,4,2, 0.0102485, 0.0082714, 0.0069974, 0.0094722, 0.00892617,buy
2016-06-15,0,3,1,2,3,1,1,2,2,0,2,3,3,1,1,4,1, 0.0153241, 0.0153706, 0.0147393, 0.0153241, 0.01473930,buy
2016-06-16,0,3,1,2,3,0,1,1,3,0,2,2,3,2,1,3,1, 0.0256383, 0.0256823, 0.0233845, 0.0256383, 0.02338454,buy
2016-06-17,1,4,0,1,4,1,0,2,3,1,2,2,4,2,1,4,2, 0.0157665, 0.0061230, 0.0163616, 0.0157665, 0.01454044,buy
2016-06-18,1,2,0,1,3,1,0,2,1,3,1,1,4,1,2,4,1,-0.0148445,-0.0193744,-0.0040612,-0.0133210,-0.01339272,sell
2016-06-19,1,1,1,1,1,1,2,1,0,4,2,1,3,1,2,4,0, 0.0008414, 0.0008414, 0.0002549, 0.0026962,-0.00085625,buy
2016-06-20,0,1,1,0,1,2,1,2,0,2,2,2,1,0,1,3,1,-0.0268350,-0.0299629,-0.0091398,-0.0270925,-0.02709247,sell
2016-06-21,1,1,1,1,2,2,1,2,1,2,2,2,2,2,2,3,1,-0.0319027,-0.0320387,-0.0020891,-0.0320387,-0.03203874,sell
2016-06-22,1,0,1,2,2,1,0,2,1,3,3,2,2,2,2,2,0,-0.0703720,-0.0944038,-0.0754359,-0.0731387,-0.07419030,sell
2016-06-23,0,0,1,2,4,1,2,0,1,2,3,1,3,2,2,1,1,-0.0181880,-0.0182944,-0.0122023,-0.0098902,-0.02277118,sell
2016-06-24,0,0,1,2,5,0,2,1,2,2,2,3,2,3,2,2,1, 0.0352673, 0.0352673, 0.0293841,-0.0021495, 0.01880498,buy
2016-06-25,1,2,2,2,4,1,0,2,1,2,2,4,3,2,2,3,1, 0.0124301, 0.0102697,-0.0069781, 0.0140986, 0.01279867,buy
2016-06-26,1,3,3,2,3,1,1,1,2,1,1,4,3,1,3,4,2,-0.0113034,-0.0099643,-0.0106423,-0.0024238,-0.00434871,sell
2016-06-27,0,3,3,3,3,1,2,0,1,1,0,5,3,1,3,3,2,-0.0019455,-0.0089285,-0.0022947,-0.0033813, 0.00333048,sell
2016-06-28,1,1,3,3,6,1,1,1,2,2,2,4,5,2,4,3,1, 0.0143998, 0.0159630, 0.0165110, 0.0134345, 0.02038117,buy
2016-06-29,1,2,2,3,5,1,0,1,2,0,2,2,4,2,4,3,0, 0.0009911, 0.0093233,-0.0021772,-0.0023156, 0.00417504,sell
2016-06-30,0,0,4,1,4,2,1,0,3,0,2,2,3,2,3,2,1, 0.0006122, 0.0006502,-0.0011697, 0.0105714,-0.00935953,sell
2016-07-01,0,1,2,3,2,3,1,2,1,0,2,3,2,2,2,3,1, 0.0031180,-0.0083840, 0.0101704, 0.0037372, 0.00298371,buy
2016-07-02,0,2,2,2,4,3,1,1,2,2,3,4,3,3,2,3,1, 0.0145261, 0.0156510, 0.0124787, 0.0220972, 0.02100499,buy
2016-07-03,0,1,3,3,4,2,1,0,2,2,2,5,3,2,2,3,1, 0.0223303, 0.0233186, 0.0192801, 0.0187905, 0.01680322,buy
2016-07-04,1,0,5,2,4,3,0,0,2,2,2,4,3,3,3,3,1, 0.0080531, 0.0186874,-0.0038440,-0.0035265,-0.00392401,sell
2016-07-05,1,1,4,4,3,4,0,1,3,2,4,3,3,4,4,4,1,-0.0283072,-0.0137596,-0.0110996,-0.0122433,-0.01237303,sell
2016-07-06,0,2,4,2,5,2,1,1,2,1,4,2,4,3,4,3,0,-0.0227442,-0.0273394,-0.0220310,-0.0171268,-0.01661582,sell
2016-07-07,0,1,4,3,2,2,2,0,2,2,3,2,3,4,2,3,1,-0.0262760,-0.0083107,-0.0275884,-0.0291963,-0.02563457,sell
2016-07-08,0,1,4,4,1,3,0,1,2,3,2,2,3,4,3,4,1,-0.0231787,-0.0056569,-0.0228758,-0.0104641,-0.01046408,sell
2016-07-09,1,0,3,2,2,3,0,1,4,3,3,3,2,3,2,4,2,-0.0020187, 0.0025373,-0.0099062, 0.0090539, 0.00327775,buy
2016-07-10,1,1,3,4,2,1,0,1,5,2,2,5,2,2,3,4,2,-0.0104696,-0.0162758,-0.0117931,-0.0122300,-0.01010578,sell
2016-07-11,1,0,3,4,2,1,1,1,2,4,2,4,3,2,3,4,1,-0.0136186,-0.0001691,-0.0027850,-0.0006385,-0.00100704,sell
2016-07-12,1,0,2,4,1,2,2,3,1,4,4,3,3,2,2,4,2,-0.0178788,-0.0171210,-0.0112585,-0.0022612,-0.01125845,sell
2016-07-13,1,1,3,3,1,1,1,2,2,3,3,2,2,2,3,3,3, 0.0002271, 0.0169890,-0.0051185, 0.0031524, 0.01645768,buy
2016-07-14,2,2,2,3,2,0,1,2,3,1,4,2,4,1,2,3,2,-0.0043467,-0.0011649, 0.0030098,-0.0090447,-0.01016938,sell
2016-07-15,3,3,2,3,2,0,0,3,1,2,3,2,3,1,2,6,2, 0.0020407, 0.0029217, 0.0025665, 0.0001014, 0.00214250,buy
2016-07-16,2,3,4,4,1,0,1,2,0,3,3,1,3,1,4,5,3, 0.0025172, 0.0016985, 0.0010244, 0.0016215, 0.00097349,buy
2016-07-17,1,4,4,3,2,0,2,2,0,2,4,2,3,1,3,5,2, 0.0013006,-0.0117041, 0.0013006,-0.0016869, 0.00494565,sell
2016-07-18,2,6,3,2,4,0,1,3,1,1,3,3,5,1,4,5,2,-0.0030307,-0.0030307, 0.0032079,-0.0037093,-0.00407134,sell
2016-07-19,2,6,4,2,3,0,0,3,2,2,2,4,6,1,4,6,1,-0.0040064,-0.0069281,-0.0032002,-0.0079117,-0.00696955,sell
2016-07-20,1,4,3,3,4,1,1,2,2,2,1,4,6,1,5,4,2,-0.0027106,-0.0103630,-0.0106417,-0.0111968,-0.01143426,sell
2016-07-21,1,4,3,2,6,1,2,0,2,2,1,4,5,3,4,4,2,-0.0073250,-0.0040897,-0.0086085,-0.0040539,-0.00708664,sell
2016-07-22,2,4,2,1,5,0,1,2,1,2,1,5,5,3,2,3,1,-0.0010833,-0.0084919,-0.0107737,-0.0084919,-0.00888718,sell
2016-07-23,2,5,3,1,5,1,2,1,1,1,2,5,4,3,3,3,2,-0.0106405,-0.0083913,-0.0095244,-0.0083913,-0.00835900,sell
2016-07-24,1,3,5,1,4,1,2,2,0,0,3,3,2,3,3,3,2,-0.0034844, 0.0027238, 0.0033302,-0.0030457,-0.00036559,sell
2016-07-25,2,2,3,1,3,0,2,2,0,1,3,2,2,3,1,3,2, 0.0008348, 0.0086677, 0.0028071, 0.0010027, 0.00275998,buy
2016-07-26,1,6,2,2,4,0,2,3,0,1,5,3,2,3,2,4,2, 0.0101348,-0.0016714,-0.0016714,-0.0148263,-0.00167135,sell
2016-07-27,0,5,4,1,3,0,2,2,1,2,5,2,2,3,3,3,2,-0.0025040,-0.0051562,-0.0051562,-0.0070132,-0.00515617,sell
2016-07-28,0,3,5,2,2,1,2,2,0,2,3,2,1,5,2,5,1,-0.0127195,-0.0109007,-0.0109007,-0.0109007,-0.02041205,sell
2016-07-29,0,4,3,2,2,1,1,3,0,3,4,1,2,4,3,5,0, 0.0099572, 0.0083086, 0.0081205, 0.0096552, 0.01214304,buy
2016-07-30,0,5,3,1,3,0,1,2,2,2,3,2,3,3,3,4,1, 0.0086462, 0.0058016, 0.0073443, 0.0031530, 0.00907460,buy
2016-07-31,0,4,3,2,3,1,1,3,0,1,2,3,3,3,4,2,1, 0.0022323, 0.0278592, 0.0117703, 0.0114799, 0.00319774,buy
2016-08-01,0,3,4,4,1,1,2,2,1,3,3,4,4,3,3,3,1, 0.0091557, 0.0081852, 0.0146255, 0.0063241, 0.03079045,buy
2016-08-02,0,4,4,3,3,0,2,3,0,3,3,3,4,4,3,4,1,-0.0302812,-0.0303846,-0.0117834,-0.0313797,-0.02970060,sell
2016-08-03,1,5,4,2,4,0,1,2,0,3,2,3,3,4,5,4,1,-0.0124877,-0.0093144,-0.0028815,-0.0139138,-0.01165773,sell
2016-08-04,1,3,3,4,2,2,1,1,0,4,1,2,4,4,5,4,1, 0.0030759, 0.0011573, 0.0011573,-0.0009376,-0.00809806,sell
2016-08-05,1,2,3,3,3,2,0,1,0,3,1,1,4,4,4,4,0, 0.0021859, 0.0041435, 0.0046432, 0.0025377, 0.00227035,buy
2016-08-06,1,4,1,2,3,1,1,1,1,2,1,3,3,4,3,2,1,-0.0041354,-0.0028555, 0.0068337,-0.0089187,-0.01637200,sell
2016-08-07,0,3,1,2,3,1,1,3,2,3,0,4,4,6,2,1,2, 0.0089665, 0.0089665, 0.0076457, 0.0148628, 0.01105280,buy
2016-08-08,0,2,1,3,1,2,1,4,0,3,1,3,3,5,2,2,1, 0.0079994, 0.0079994, 0.0161749, 0.0144687, 0.00799940,buy
2016-08-09,0,1,2,3,1,2,2,3,1,3,1,3,3,4,4,2,1,-0.0086817,-0.0086817,-0.0133786,-0.0063351,-0.01178270,sell
2016-08-10,0,1,2,1,2,2,1,2,2,3,2,2,3,4,3,2,0, 0.0007682, 0.0009379, 0.0011215, 0.0001822, 0.00093794,buy
2016-08-11,1,2,2,1,2,2,0,2,1,3,1,3,3,4,1,3,1,-0.0049238,-0.0021866,-0.0015767,-0.0029419,-0.00218663,sell
2016-08-12,2,1,2,2,0,1,2,2,0,4,1,3,2,4,2,3,1, 0.0034807,-0.0058573, 0.0026282,-0.0008902, 0.00203185,buy
2016-08-13,0,2,3,1,0,1,2,1,0,4,2,2,2,3,1,3,1, 0.0020241,-0.0048063, 0.0007293,-0.0009470, 0.00202406,sell
2016-08-14,2,3,5,1,0,1,3,0,1,2,4,2,2,2,3,4,1,-0.0027478, 0.0027695,-0.0036578, 0.0000926,-0.00244931,sell
2016-08-15,3,4,5,2,1,1,2,3,1,2,4,2,3,3,5,6,1,-0.0223809,-0.0114090,-0.0191717,-0.0209148,-0.01976916,sell
2016-08-16,2,2,3,4,1,1,1,3,2,3,4,3,3,1,5,5,1,-0.0123254,-0.0213481,-0.0070778,-0.0146242,-0.01084609,sell
2016-08-17,2,2,2,2,2,1,3,0,2,2,3,2,3,2,4,3,1, 0.0044819, 0.0021669, 0.0033005, 0.0027063, 0.00434090,buy
2016-08-18,2,2,2,2,2,1,1,1,1,2,3,2,2,3,2,4,0, 0.0228172, 0.0123120, 0.0382874, 0.0228172, 0.02281722,buy
2016-08-19,3,3,2,2,1,1,1,1,1,3,2,3,2,3,3,4,1, 0.0133679, 0.0200088, 0.0128211, 0.0132620, 0.02036528,buy
2016-08-20,2,4,2,2,1,2,2,0,1,1,3,2,1,3,3,4,1, 0.0109874,-0.0040230, 0.0101807, 0.0172232, 0.01098740,buy
2016-08-21,2,2,4,2,2,0,2,0,0,2,2,2,2,3,3,3,1, 0.0382836, 0.0123450, 0.0167584, 0.0145395, 0.02299284,buy
2016-08-22,3,3,1,4,4,0,1,1,0,2,3,2,2,4,3,4,1, 0.0291564, 0.0136882, 0.0252473, 0.0394410, 0.03906285,buy
2016-08-23,4,2,1,4,4,0,1,0,1,1,4,1,2,3,3,3,2, 0.0025078,-0.0022130, 0.0183252, 0.0194776, 0.02137424,buy
2016-08-24,4,0,3,3,2,0,1,0,0,1,3,0,1,3,1,4,2, 0.0129033, 0.0128108, 0.0241699, 0.0219024, 0.01723055,buy
2016-08-25,4,2,1,3,3,2,0,1,0,2,4,1,2,3,2,4,2,-0.0026027,-0.0065451, 0.0021478, 0.0059140, 0.00486362,buy
2016-08-26,4,4,0,2,3,2,1,0,1,4,4,1,3,4,2,4,3,-0.0083893,-0.0070693,-0.0039611,-0.0033642,-0.00304286,sell
2016-08-27,4,1,1,1,3,1,1,0,0,4,3,1,2,3,3,2,2, 0.0265236, 0.0086004, 0.0050559, 0.0264841, 0.01466033,buy
2016-08-28,4,2,1,5,3,2,1,0,2,3,3,2,4,4,4,4,2,-0.0107381,-0.0095400,-0.0099887,-0.0074536,-0.00933588,sell
2016-08-29,4,3,2,5,1,1,1,0,2,3,3,2,4,3,4,4,2, 0.0001141,-0.0027054, 0.0036452, 0.0001141,-0.00245052,sell
2016-08-30,4,3,3,2,2,1,1,2,0,2,3,1,3,4,3,4,2,-0.0003328,-0.0010447, 0.0006692, 0.0013886,-0.00197609,sell
2016-08-31,4,4,1,2,0,1,3,0,0,3,3,2,2,4,3,2,2, 0.0012776,-0.0021449, 0.0011270, 0.0018290, 0.00060027,buy
2016-09-01,4,3,1,2,0,2,2,0,0,5,2,3,3,4,3,2,2, 0.0033587, 0.0002786, 0.0016286, 0.0031303, 0.00325779,buy
2016-09-02,4,3,2,1,1,1,1,0,0,4,2,2,2,6,2,2,1, 0.0034597,-0.0004421, 0.0009890, 0.0041937, 0.00103250,buy
2016-09-03,4,3,1,1,1,1,1,0,1,4,2,1,3,6,3,1,1, 0.0044264, 0.0050453, 0.0025984, 0.0044264, 0.00637294,buy
2016-09-04,1,2,1,2,3,2,1,1,3,3,1,2,4,5,4,3,0, 0.0010652, 0.0168606, 0.0114248, 0.0168606, 0.01626099,buy
2016-09-05,1,0,1,2,2,2,3,2,1,2,2,2,3,2,3,3,1,-0.0012587,-0.0000285, 0.0170931, 0.0058276, 0.00024591,buy
2016-09-06,1,0,2,0,2,1,4,2,2,2,2,3,3,3,3,1,1,-0.0024749,-0.0032948, 0.0020648,-0.0067153,-0.00322663,sell
2016-09-07,1,1,1,0,3,1,2,3,3,3,3,2,3,5,2,2,1, 0.0064401, 0.0055990, 0.0128177, 0.0035527, 0.00690952,buy
2016-09-08,2,1,1,1,2,0,1,2,3,3,2,1,3,4,2,2,2,-0.0197173,-0.0266692,-0.0190879,-0.0160210,-0.02945666,sell
2016-09-09,2,0,3,1,2,0,2,0,2,4,0,3,2,4,2,4,1,-0.0014870,-0.0001189,-0.0012895,-0.0027195,-0.00148887,sell
2016-09-10,1,0,3,0,2,0,0,0,1,4,1,3,1,2,1,3,0,-0.0165140,-0.0205497,-0.0239959,-0.0223219,-0.01552114,sell
2016-09-11,1,2,2,0,1,0,2,0,1,4,1,3,1,3,1,3,1,-0.0034545,-0.0053294,-0.0051896,-0.0038116,-0.00345452,sell
2016-09-12,1,1,3,0,2,0,2,2,1,5,1,4,1,3,1,4,3,-0.0020393,-0.0046381,-0.0059193,-0.0040755,-0.00455803,sell
2016-09-13,0,1,4,1,2,0,3,1,2,3,2,4,1,3,1,3,3,-0.0086803,-0.0041367,-0.0082399,-0.0076092,-0.00817630,sell
2016-09-14,0,0,3,1,2,1,2,1,3,3,2,4,0,4,0,4,2,-0.0134801,-0.0066996,-0.0055805,-0.0083715,-0.00886788,sell
2016-09-15,1,0,2,1,2,1,1,2,2,4,1,3,1,4,1,4,2,-0.0111283,-0.0022636,-0.0037920,-0.0093796,-0.00565166,sell
2016-09-16,1,1,2,1,2,2,2,1,2,3,1,3,2,2,3,4,2,-0.0185580,-0.0392090, 0.0075423,-0.0242782,-0.01566820,sell
2016-09-17,0,2,3,1,1,2,2,1,1,3,1,4,2,2,3,4,0, 0.0129316, 0.0076902, 0.0108218, 0.0040783, 0.00298493,buy
2016-09-18,1,1,4,2,1,2,1,2,1,3,0,3,3,3,4,4,1, 0.0195169, 0.0175063, 0.0242916, 0.0222907, 0.01769727,buy
2016-09-19,2,2,4,3,3,2,0,2,2,2,2,5,3,3,4,4,1, 0.0000099, 0.0012400,-0.0026031, 0.0062169,-0.00139324,buy
2016-09-20,1,2,3,3,4,2,1,2,2,2,2,5,3,3,3,4,2,-0.0073179,-0.0094789,-0.0094250, 0.0059106,-0.00925146,sell
2016-09-21,1,2,3,3,2,3,1,3,1,3,2,4,3,3,3,4,3,-0.0105563,-0.0126457,-0.0113064,-0.0089688,-0.01055629,sell
2016-09-22,1,4,3,2,1,4,1,3,2,3,3,4,4,3,3,4,3,-0.0043604, 0.0071837, 0.0132210, 0.0083026, 0.00718368,buy
2016-09-23,1,3,4,0,1,2,1,2,2,3,3,4,3,2,3,2,2, 0.0095731, 0.0116999, 0.0122243, 0.0029284, 0.00932462,buy
2016-09-24,1,3,3,1,1,1,1,1,1,4,3,3,2,3,2,2,2, 0.0015127, 0.0109487, 0.0280039, 0.0061265, 0.01321100,buy
2016-09-25,1,4,1,2,1,0,1,1,2,5,4,4,1,2,2,2,3,-0.0014001,-0.0010422,-0.0072516,-0.0018874,-0.00138856,sell
2016-09-26,1,3,2,1,2,0,1,2,2,4,5,4,1,3,2,1,2, 0.0023449, 0.0027187, 0.0023062, 0.0023449, 0.00382536,buy
2016-09-27,1,3,4,2,1,0,2,2,0,2,5,4,1,4,1,1,1, 0.0013979, 0.0051589, 0.0012983, 0.0013979, 0.00133963,buy
2016-09-28,1,3,4,2,1,1,2,1,1,3,4,3,3,4,2,1,2, 0.0016489, 0.0006997, 0.0004690, 0.0016489, 0.00986428,buy
2016-09-29,1,2,3,0,3,1,2,2,0,2,3,2,3,2,2,2,2,-0.0040018, 0.0226538,-0.0092644, 0.0153016,-0.00781984,sell
2016-09-30,2,2,2,0,4,0,3,2,2,2,4,2,3,2,3,2,3, 0.0008517, 0.0012157, 0.0034776, 0.0013181, 0.00004369,buy
2016-10-01,2,1,1,0,3,1,2,1,2,2,3,1,3,1,3,2,2, 0.0032683, 0.0028904, 0.0069788, 0.0027354, 0.00403825,buy
2016-10-02,1,1,1,1,2,1,2,2,3,2,3,2,3,2,3,2,1,-0.0022248,-0.0005602,-0.0006655, 0.0039563,-0.00136835,buy
2016-10-03,1,1,2,0,2,0,3,1,4,2,2,2,3,3,3,1,2, 0.0025800, 0.0031920, 0.0045707, 0.0073908, 0.00082445,buy
2016-10-04,1,2,2,0,3,0,2,3,3,2,2,2,4,3,3,2,2,-0.0021319,-0.0031419,-0.0046804,-0.0013099,-0.00213186,sell
2016-10-05,1,1,1,1,3,0,2,2,3,3,2,1,4,3,3,3,1,-0.0034601,-0.0034601,-0.0000636,-0.0052401,-0.00299944,sell
2016-10-06,1,2,1,1,1,0,4,1,4,3,2,1,3,4,3,3,2, 0.0295780, 0.0008301, 0.0194943, 0.0202590, 0.02029037,buy
2016-10-07,0,2,1,0,0,0,1,3,3,3,3,0,1,3,1,2,3, 0.0160030, 0.0125042, 0.0267387, 0.0170120, 0.02243636,buy
2016-10-08,3,3,0,0,0,0,1,3,4,3,4,1,2,4,2,2,2,-0.0448970,-0.0252604,-0.0116633,-0.0267484,-0.02624801,sell
2016-10-09,2,3,0,0,1,0,2,5,4,4,4,2,2,4,4,3,2, 0.0047311, 0.0060984, 0.0051391, 0.0135462, 0.01354619,buy
2016-10-10,1,2,1,0,2,1,3,5,2,4,4,3,4,2,3,4,1,-0.0050678, 0.0007517, 0.0013878,-0.0045529,-0.00359983,sell
2016-10-11,1,1,1,1,2,1,4,4,3,4,5,4,3,2,2,4,2,-0.0042743,-0.0002701,-0.0034578,-0.0018145,-0.00304893,sell
2016-10-12,3,3,0,1,3,1,1,6,3,4,5,3,4,3,2,5,3,-0.0068530,-0.0189531,-0.0224612,-0.0189531,-0.02388760,sell
2016-10-13,3,3,1,1,3,1,2,4,4,4,4,3,5,3,3,5,3,-0.0009132,-0.0145449,-0.0203250,-0.0154549,-0.02316702,sell
2016-10-14,2,3,1,1,2,2,2,3,2,3,4,2,4,2,3,4,2,-0.0017507,-0.0145911,-0.0147369,-0.0015894,-0.00322088,sell
2016-10-15,2,2,1,2,2,2,2,4,2,5,3,3,5,4,3,4,2,-0.0216484,-0.0387400,-0.0361683,-0.0267090,-0.02781113,sell
2016-10-16,2,4,0,2,2,1,1,5,2,3,2,3,4,4,4,3,2,-0.0217398,-0.0200906,-0.0350760,-0.0081203,-0.01064906,sell
2016-10-17,1,2,2,2,2,2,2,4,3,2,2,3,4,4,4,4,1,-0.0105904,-0.0060953,-0.0049716,-0.0054322,-0.00497159,sell
2016-10-18,1,1,1,4,0,3,2,5,0,3,2,3,3,4,2,4,2,-0.0015783,-0.0015936,-0.0014891,-0.0039538,-0.00132956,sell
2016-10-19,1,1,1,2,2,3,1,4,1,2,1,2,4,4,3,4,0,-0.0117330,-0.0022680, 0.0016843,-0.0122659,-0.01173297,sell
2016-10-20,1,2,0,2,1,2,1,3,1,1,2,1,3,2,2,3,1,-0.0349114,-0.0234004,-0.0030876,-0.0234004,-0.02340045,sell
2016-10-21,1,0,1,4,2,3,1,4,0,2,1,2,3,3,4,3,2,-0.0022660,-0.0031865,-0.0017860,-0.0018614,-0.00202921,sell
2016-10-22,1,1,1,5,0,3,1,3,1,3,1,2,3,2,4,5,2,-0.0004041,-0.0010381,-0.0027508,-0.0026469,-0.00103814,sell
2016-10-23,1,1,2,3,3,1,0,3,2,2,2,2,3,2,4,4,1, 0.0056254, 0.0057974, 0.0106054, 0.0066617, 0.00380885,buy
2016-10-24,1,3,2,2,2,0,0,4,1,2,3,2,1,3,4,3,1,-0.0025066,-0.0113842,-0.0028887,-0.0008753,-0.00089705,sell
2016-10-25,2,3,1,4,0,1,1,3,1,4,4,1,2,3,5,3,2, 0.0048423, 0.0071196, 0.0126551, 0.0127654, 0.00711959,buy
2016-10-26,2,1,2,2,1,1,1,1,1,4,3,1,2,2,3,4,1,-0.0001858,-0.0002736, 0.0038519,-0.0001858, 0.01572945,buy
2016-10-27,1,3,3,1,1,0,1,1,1,2,2,2,4,2,1,3,0, 0.0264380, 0.0033561, 0.0056531, 0.0026086, 0.02462968,buy
2016-10-28,2,3,2,0,1,0,2,1,3,3,4,1,5,3,2,1,1, 0.0009347,-0.0020290, 0.0120410,-0.0091063,-0.00403303,sell
2016-10-29,1,1,2,1,0,1,3,3,2,4,4,1,5,2,3,2,1, 0.0094619, 0.0023661, 0.0094619, 0.0067243, 0.00234122,buy
2016-10-30,1,1,3,0,0,0,5,3,1,2,5,0,5,1,3,1,1, 0.0050689, 0.0034531, 0.0050689, 0.0051774, 0.00389442,buy
2016-10-31,1,1,3,0,1,0,7,2,3,1,5,1,4,3,3,2,1,-0.0002165,-0.0002165,-0.0000601, 0.0125609, 0.00050851,buy
2016-11-01,1,2,3,1,1,0,4,3,2,1,4,1,4,3,2,4,0,-0.0048677,-0.0191005,-0.0050911,-0.0088417,-0.00916959,sell
2016-11-02,3,1,3,1,0,0,6,2,2,2,4,1,4,3,4,3,1, 0.0081568, 0.0076956, 0.0084794, 0.0066092, 0.00875316,buy
2016-11-03,3,1,3,0,0,0,8,2,2,1,3,1,2,4,5,3,2,-0.0078138,-0.0087429, 0.0032987,-0.0124317,-0.00181507,sell
2016-11-04,0,2,2,0,1,0,5,2,3,2,3,1,3,2,3,4,1,-0.0244461,-0.0131973,-0.0204995,-0.0163688,-0.02049946,sell
2016-11-05,1,3,2,0,1,0,6,3,3,2,4,0,4,3,4,4,2,-0.0084571,-0.0058264,-0.0140805,-0.0059901,-0.00719144,sell
2016-11-06,1,2,2,0,1,0,4,5,1,1,3,1,3,1,3,3,3,-0.0282670,-0.0275879,-0.0291344,-0.0132940,-0.02363768,sell
2016-11-07,0,2,2,0,1,0,5,2,2,0,3,0,2,2,3,2,2, 0.0064856, 0.0131153, 0.0026719, 0.0026719, 0.01843883,buy
2016-11-08,0,2,1,1,1,0,6,3,4,0,4,2,1,3,3,3,2, 0.0083295,-0.0016283, 0.0092877, 0.0143112, 0.00705313,buy
2016-11-09,1,1,1,1,3,0,4,5,2,1,3,3,2,3,3,4,1, 0.0060687, 0.0077824, 0.0066382, 0.0091792, 0.00401068,buy
2016-11-10,0,2,0,0,2,0,4,4,4,2,2,4,1,3,4,2,2,-0.0080319,-0.0035660,-0.0060965,-0.0038371,-0.00736020,sell
2016-11-11,0,3,1,0,1,1,4,3,3,2,2,3,2,3,4,1,3,-0.0128547,-0.0086830,-0.0050827,-0.0057258,-0.00930356,sell
2016-11-12,1,3,2,1,1,1,2,4,1,2,2,3,2,3,3,2,3,-0.0110877,-0.0060511,-0.0007873,-0.0051413,-0.00605112,sell
2016-11-13,0,2,2,2,3,0,2,3,2,1,2,4,1,3,3,1,3,-0.0108728, 0.0036036,-0.0081082,-0.0023316,-0.00199257,sell
2016-11-14,0,2,1,4,3,0,3,3,1,0,3,3,1,3,2,3,2,-0.0075545,-0.0084329,-0.0120088,-0.0070600,-0.00561547,sell
2016-11-15,0,2,2,3,3,1,2,3,1,2,2,3,3,3,2,4,2,-0.0050410,-0.0082862,-0.0170050,-0.0070766,-0.00734550,sell
2016-11-16,0,4,1,2,2,1,3,1,3,1,2,3,5,1,2,4,1, 0.0070506, 0.0047344, 0.0108052, 0.0052836, 0.00728926,buy
2016-11-17,0,3,1,1,3,2,3,1,2,2,3,3,5,1,1,3,2,-0.0001456,-0.0029217, 0.0066751, 0.0028399, 0.00735527,buy
2016-11-18,0,2,1,3,1,1,3,2,2,3,2,2,6,2,2,3,1,-0.0185207,-0.0174018,-0.0148481,-0.0036659,-0.01740184,sell
2016-11-19,0,3,0,3,2,1,3,2,4,1,3,3,6,1,1,3,2,-0.0019855,-0.0013173, 0.0047248, 0.0030992, 0.00362845,buy
2016-11-20,1,2,2,1,3,1,4,2,4,2,4,3,5,3,2,2,3,-0.0037252,-0.0067399, 0.0028637,-0.0034208,-0.00825322,sell
2016-11-21,2,3,2,3,1,1,4,3,2,2,4,2,5,4,2,3,3,-0.0135999,-0.0072118,-0.0154481,-0.0164746,-0.00948134,sell
2016-11-22,2,3,2,1,2,1,6,2,2,2,4,2,4,4,4,3,2, 0.0007627, 0.0001474, 0.0032500, 0.0007090, 0.00072447,buy
2016-11-23,2,2,3,2,1,0,5,2,2,2,4,2,2,5,3,3,2,-0.0035517,-0.0005727,-0.0032562,-0.0035517,-0.00331570,sell
2016-11-24,3,2,3,1,1,0,5,2,2,3,5,2,2,5,3,2,3,-0.0025867,-0.0001477,-0.0025229,-0.0018494, 0.00083343,sell
2016-11-25,3,1,3,2,0,1,6,2,2,4,5,3,2,5,3,4,2,-0.0066779,-0.0096323,-0.0066779,-0.0069735,-0.00798301,sell
2016-11-26,2,1,3,2,0,0,5,3,0,3,3,2,4,3,3,3,1, 0.0121697, 0.0093934, 0.0084271, 0.0114273, 0.00919610,buy
2016-11-27,2,0,3,1,1,0,5,0,3,4,3,1,3,3,4,4,1, 0.0037116, 0.0039951, 0.0030891, 0.0033485, 0.00905342,buy
2016-11-28,1,1,2,1,1,0,4,3,3,3,4,0,2,4,3,4,2, 0.0176337,-0.0058235, 0.0096880, 0.0028666, 0.01524575,buy
2016-11-29,2,0,2,2,0,0,3,4,3,4,4,1,3,4,3,4,1,-0.0163552,-0.0152412,-0.0153612,-0.0101284, 0.00511799,sell
2016-11-30,1,0,2,1,0,0,4,2,3,4,3,2,3,2,3,3,1, 0.0146264, 0.0065355, 0.0114986, 0.0105738, 0.01554642,buy
2016-12-01,0,1,2,1,0,0,2,3,3,2,1,2,3,1,1,5,1,-0.0142048,-0.0275927,-0.0447187,-0.0283036,-0.02507924,sell
2016-12-02,1,1,1,0,0,0,3,2,3,4,2,2,3,2,2,4,0, 0.0012117, 0.0018492,-0.0135503, 0.0006831,-0.00266561,sell
2016-12-03,2,1,1,0,0,0,4,4,2,4,3,2,3,3,3,3,1, 0.0047091, 0.0078801, 0.0029257,-0.0010549, 0.01015910,buy
2016-12-04,2,2,2,0,0,0,4,3,3,2,4,2,3,3,4,2,0, 0.0109642, 0.0237004, 0.0071478,-0.0031637,-0.00008534,buy
2016-12-05,2,2,2,0,0,0,4,2,5,1,4,2,2,3,3,3,1, 0.0015974, 0.0075132, 0.0020660,-0.0239146,-0.02498594,sell
2016-12-06,2,2,1,1,0,0,3,4,4,1,4,1,4,3,2,3,1,-0.0335672,-0.0165390,-0.0288857,-0.0336317,-0.03363169,sell
2016-12-07,2,2,2,0,1,0,3,3,5,1,4,2,2,2,4,4,1, 0.0058908, 0.0157134, 0.0146767,-0.0086708,-0.00172458,buy
2016-12-08,1,3,2,0,0,0,4,3,5,0,3,3,2,1,4,4,1, 0.0116766, 0.0135343, 0.0130854, 0.0040500, 0.00405847,buy
2016-12-09,2,2,3,0,0,1,2,4,5,1,4,3,3,2,4,4,0, 0.0149048, 0.0113027, 0.0101487, 0.0140062, 0.00857313,buy
2016-12-10,2,3,3,1,0,1,1,3,5,1,4,2,3,2,4,4,1, 0.0068286,-0.0020817,-0.0021493, 0.0078747, 0.00045140,buy
2016-12-11,1,3,2,1,2,0,2,2,4,2,3,2,2,2,4,4,2, 0.0029548, 0.0043491, 0.0257432, 0.0091390, 0.02444962,buy
2016-12-12,2,4,2,2,2,0,2,3,4,2,4,4,3,2,3,5,2,-0.0000834, 0.0022979,-0.0002663,-0.0007667, 0.00218185,sell
2016-12-13,2,2,4,2,1,1,1,3,4,1,3,4,4,2,3,3,2, 0.0099478, 0.0106036, 0.0059859, 0.0047688, 0.01999385,buy
2016-12-14,2,2,4,1,1,1,1,2,4,0,3,3,4,1,3,2,2, 0.0004801, 0.0037183, 0.0007119, 0.0047726, 0.01306659,buy
2016-12-15,2,1,2,2,2,1,1,2,1,2,2,3,3,3,2,2,1,-0.0075428,-0.0075739,-0.0004715,-0.0029860,-0.00754281,sell
2016-12-16,2,1,1,2,3,1,2,2,1,3,2,3,3,2,3,3,2, 0.0190704, 0.0347139, 0.0044043, 0.0209533, 0.00320582,buy
2016-12-17,1,1,3,1,2,1,2,2,2,1,2,2,2,3,2,3,2,-0.0020242,-0.0034360,-0.0020242,-0.0020242,-0.00217218,sell
2016-12-18,1,0,2,2,1,1,3,3,2,1,3,3,1,5,1,2,1,-0.0128082,-0.0211567,-0.0128082,-0.0128082,-0.02038509,sell
2016-12-19,1,1,1,2,1,2,3,3,1,2,2,3,2,5,2,1,2,-0.0289965,-0.0318692,-0.0299376,-0.0317032,-0.03228112,sell
2016-12-20,1,0,2,2,3,0,3,2,1,2,4,3,0,4,1,1,3,-0.0084502,-0.0037922,-0.0038350,-0.0014298,-0.00547656,sell
2016-12-21,1,1,1,2,2,0,2,3,2,1,3,3,1,4,1,1,2,-0.0034676,-0.0027397,-0.0007850,-0.0025442,-0.00430280,sell
2016-12-22,2,0,2,3,1,1,2,3,4,1,3,3,2,4,2,3,2, 0.0226073, 0.0210201, 0.0219005, 0.0244853, 0.02768410,buy
2016-12-23,2,1,2,2,0,1,2,4,5,0,3,3,2,3,3,3,2, 0.0642501, 0.0640214, 0.0537015, 0.0532174, 0.06381332,buy
2016-12-24,1,2,3,1,0,0,1,3,5,1,2,2,2,4,2,3,2, 0.0483601, 0.0501446, 0.0141318, 0.0314261, 0.05928735,buy
2016-12-25,2,4,1,1,1,0,3,3,5,1,3,2,3,5,2,5,1,-0.0141528,-0.0217981,-0.0164414,-0.0149623,-0.01410268,sell
2016-12-26,1,3,1,2,0,0,0,5,5,2,3,2,5,2,1,5,1,-0.0146166,-0.0175032,-0.0173226,-0.0190440,-0.02055213,sell
2016-12-27,2,2,2,1,0,0,1,3,8,2,3,3,4,2,2,5,2, 0.0164202, 0.0144331, 0.0143050, 0.0168477, 0.02112075,buy
2016-12-28,2,3,2,1,0,0,0,2,9,0,3,3,3,0,2,6,2, 0.0152263, 0.0136086, 0.0143333, 0.0146086, 0.01473283,buy
2016-12-29,2,3,1,1,0,0,0,3,8,2,3,3,4,1,1,6,2, 0.0101363, 0.0125388, 0.0090968, 0.0125962, 0.01757908,buy
2016-12-30,2,2,1,1,0,0,2,3,4,2,3,3,4,1,1,4,1, 0.0181042, 0.0019029,-0.0036488, 0.0002364, 0.00253942,buy
2016-12-31,1,3,0,1,0,0,3,2,2,0,2,2,3,0,1,3,1,-0.0150905,-0.0110124,-0.0109053,-0.0080944,-0.01090535,sell
2017-01-01,2,1,1,1,0,0,3,2,5,0,2,2,3,2,1,3,2,-0.0012534,-0.0006540,-0.0012534, 0.0066615,-0.01102469,sell
2017-01-02,5,0,1,1,0,0,0,3,4,0,2,2,3,3,1,1,2,-0.0163887, 0.0170837, 0.0071745, 0.0086988, 0.00655218,buy
2017-01-03,4,0,0,1,1,0,1,2,4,1,2,2,3,3,1,2,1,-0.0395120, 0.0061482, 0.0018066,-0.0032774,-0.00176905,sell
2017-01-04,2,1,0,0,1,0,2,2,3,1,1,1,1,3,2,2,2, 0.0172741, 0.0187687, 0.0183897, 0.0134733, 0.02084923,buy
2017-01-05,3,1,1,1,0,1,3,3,3,2,2,2,2,4,2,3,3,-0.0554119,-0.0510245,-0.0575168,-0.0387146,-0.05144499,sell
2017-01-06,3,1,1,1,0,1,0,5,4,3,3,2,2,5,1,3,3,-0.0593566,-0.0590686,-0.0467783,-0.0514585,-0.05906856,sell
2017-01-07,3,1,1,2,0,0,0,3,5,2,2,3,3,5,1,2,1,-0.0150963,-0.0001077,-0.0263542,-0.0312194,-0.02528146,sell
2017-01-08,3,0,1,2,2,0,2,2,3,2,3,2,2,5,2,3,0, 0.0121499, 0.0069718, 0.0113288,-0.0004929, 0.00188189,buy
2017-01-09,2,0,0,3,1,0,1,3,2,5,3,2,2,5,1,3,1, 0.0103558, 0.0024276, 0.0002641, 0.0094890,-0.01146647,buy
2017-01-10,2,3,1,1,1,1,2,1,3,3,3,3,2,3,2,4,1, 0.0184582, 0.0178745, 0.0175192, 0.0172289, 0.02387544,buy
2017-01-11,2,2,3,1,0,1,2,2,2,3,3,3,3,3,2,3,1,-0.0037409,-0.0060661,-0.0060661,-0.0060661, 0.02233273,sell
2017-01-12,2,0,1,3,2,1,2,2,1,5,4,1,3,3,3,4,1,-0.0234110,-0.0436204,-0.0485170,-0.0320813, 0.00403598,sell
2017-01-13,1,1,0,3,4,0,2,1,1,3,3,1,3,2,3,3,1,-0.0003416,-0.0024677, 0.0027776,-0.0023763, 0.00173920,sell
2017-01-14,1,0,2,1,5,0,2,1,2,3,4,1,3,2,3,3,1, 0.0026150, 0.0044680, 0.0071220, 0.0026150, 0.00684679,buy
2017-01-15,1,1,1,2,1,2,2,2,1,3,3,0,3,2,4,3,1, 0.0208163, 0.0073699, 0.0069911, 0.0067154, 0.01410802,buy
2017-01-16,1,1,1,0,2,3,3,2,2,3,4,1,3,3,4,2,1, 0.0080554, 0.0056994, 0.0113613, 0.0039681, 0.00873614,buy
2017-01-17,1,2,0,0,2,1,3,1,1,3,3,1,2,2,3,3,0,-0.0061819,-0.0015213,-0.0055786,-0.0016087,-0.00680296,sell
2017-01-18,2,2,0,0,3,1,1,1,1,2,2,0,3,3,1,3,1, 0.0072078, 0.0074927, 0.0035311, 0.0021594, 0.00316842,buy
2017-01-19,1,1,0,2,3,1,2,1,2,2,2,1,2,2,2,4,2,-0.0058764,-0.0096726,-0.0044494,-0.0068115,-0.00640903,sell
2017-01-20,0,1,1,2,1,0,2,1,2,1,1,1,2,1,2,3,1,-0.0020975,-0.0059598, 0.0005692, 0.0014585, 0.00025603,buy
2017-01-21,0,3,3,1,3,0,4,0,3,2,4,2,3,2,3,4,1, 0.0038191, 0.0038087, 0.0038191, 0.0036690, 0.00503313,buy
2017-01-22,0,4,1,1,3,0,3,2,2,3,5,1,3,2,3,4,1,-0.0074206,-0.0091754,-0.0091754,-0.0074206,-0.00879883,sell
2017-01-23,0,4,1,1,2,0,2,2,2,4,4,1,2,3,2,4,2,-0.0092698,-0.0101762,-0.0071148,-0.0069713,-0.01119259,sell
2017-01-24,1,2,1,0,2,0,2,1,3,4,4,1,1,2,4,3,1,-0.0058998,-0.0043053,-0.0027287,-0.0045799,-0.00322129,sell
2017-01-25,1,3,0,0,1,0,1,1,3,3,2,1,2,2,3,3,0,-0.0112287,-0.0112287,-0.0100063,-0.0104158,-0.00746877,sell
2017-01-26,2,1,0,0,1,0,3,2,3,4,3,0,4,2,4,2,1, 0.0044118, 0.0060715, 0.0044761, 0.0014347, 0.00231466,buy
2017-01-27,1,2,0,0,1,0,4,4,3,4,4,1,4,1,5,2,2, 0.0039375, 0.0086214,-0.0017880, 0.0017659,-0.00007920,buy
2017-01-28,1,2,1,0,1,0,4,4,2,2,4,1,2,2,4,3,1,-0.0177625,-0.0128689,-0.0117677,-0.0191742,-0.00688129,sell
2017-01-29,1,1,1,0,1,0,4,3,2,3,4,1,1,3,3,3,1, 0.0021230,-0.0076050,-0.0028221,-0.0027861, 0.00849907,sell
2017-01-30,2,0,0,1,1,0,3,3,1,3,3,1,2,3,2,3,0, 0.0068297, 0.0072597,-0.0035499, 0.0082434, 0.00654072,buy
2017-01-31,4,0,0,0,2,0,3,1,1,4,3,2,1,2,4,2,1, 0.0047859, 0.0111595, 0.0020315, 0.0119632, 0.00016684,buy
2017-02-01,4,1,0,0,0,0,3,2,0,4,1,2,3,2,4,1,1, 0.0041123, 0.0027877, 0.0030092, 0.0027082, 0.00157088,buy
2017-02-02,3,2,1,0,0,1,4,3,0,4,2,1,3,4,5,2,1,-0.0015890, 0.0037807, 0.0005702,-0.0053722, 0.00537587,sell
2017-02-03,1,2,1,1,0,0,5,3,1,3,1,2,4,2,5,1,2, 0.0002413,-0.0014969, 0.0030778,-0.0000722, 0.00063271,buy
2017-02-04,1,1,1,1,2,0,3,3,1,2,2,2,2,2,4,2,1, 0.0008227,-0.0016964, 0.0023277,-0.0151324,-0.00187457,sell
2017-02-05,1,1,0,2,1,0,2,2,4,2,2,2,2,2,3,2,2,-0.0098071,-0.0090217,-0.0047466,-0.0043899,-0.00697165,sell
2017-02-06,1,2,2,1,1,1,3,2,3,2,4,2,4,2,3,2,1,-0.0056350,-0.0142136,-0.0063836,-0.0008722,-0.00612631,sell
2017-02-07,1,3,3,0,0,1,2,2,2,2,3,3,4,1,2,1,2, 0.0059902, 0.0136303, 0.0090793, 0.0020548, 0.00770003,buy
2017-02-08,1,5,2,1,1,1,2,1,2,3,4,4,3,2,2,2,2,-0.0043849,-0.0025401,-0.0019695,-0.0051790,-0.00289837,sell
2017-02-09,1,5,3,2,2,0,2,1,3,2,3,4,3,1,5,3,2,-0.0149965,-0.0082606,-0.0177250,-0.0151923,-0.01647151,sell
2017-02-10,1,3,5,3,2,0,2,1,4,0,3,4,2,2,5,2,3,-0.0081665, 0.0164639,-0.0194681,-0.0084430,-0.02570249,sell
2017-02-11,1,3,3,4,2,0,1,3,4,0,4,3,1,2,5,3,3,-0.0009393, 0.0041893,-0.0078456, 0.0003540,-0.01718657,sell
2017-02-12,1,4,2,2,3,1,2,3,4,0,3,4,3,2,5,3,2,-0.0008828, 0.0206714,-0.0008828, 0.0012997,-0.00558271,sell
2017-02-13,0,3,2,0,1,0,4,2,4,1,3,2,3,1,5,2,1,-0.0094388,-0.0083582,-0.0081458,-0.0101922,-0.00853552,sell
2017-02-14,0,3,1,0,1,2,3,2,3,1,1,3,4,2,4,0,2,-0.0006762,-0.0003481, 0.0069381, 0.0117497, 0.00379209,buy
2017-02-15,1,1,1,1,1,2,3,2,4,2,2,3,5,2,4,1,1, 0.0060295, 0.0091539, 0.0079868, 0.0060295, 0.00658217,buy
2017-02-16,1,1,2,1,1,0,4,3,3,1,2,2,5,2,5,0,1, 0.0077717, 0.0066081, 0.0029848, 0.0054315, 0.00572006,buy
2017-02-17,0,1,1,0,3,0,5,3,3,1,1,3,4,3,4,1,1, 0.0072359,-0.0005646, 0.0068815, 0.0048678, 0.00183178,buy
2017-02-18,0,2,1,2,1,0,4,3,4,1,2,3,2,5,3,2,1, 0.0080844,-0.0143846, 0.0096067, 0.0070935,-0.00676657,buy
2017-02-19,1,1,3,2,0,0,2,4,2,2,2,4,2,4,1,3,1, 0.0029158, 0.0048559, 0.0048559, 0.0008840, 0.00632485,buy
2017-02-20,2,2,4,0,0,0,3,2,3,2,2,3,2,4,2,3,2,-0.0025781, 0.0025766,-0.0210706,-0.0239728, 0.02857692,sell
2017-02-21,2,4,2,0,0,1,2,4,5,2,3,3,2,3,3,5,3, 0.0052101, 0.0063995,-0.0042303, 0.0047606,-0.00084409,buy
2017-02-22,2,3,1,1,0,1,1,4,3,5,4,3,2,3,2,5,2,-0.0026440, 0.0012946, 0.0044951,-0.0006748, 0.00393318,buy
2017-02-23,2,2,1,1,0,1,2,5,2,4,5,2,2,3,3,4,1, 0.0179143, 0.0126239, 0.0126239, 0.0124337, 0.01258541,buy
2017-02-24,2,2,1,1,0,1,3,5,2,1,4,1,3,3,3,2,2,-0.0066650,-0.0054506,-0.0035760,-0.0053222,-0.00670120,sell
2017-02-25,2,1,1,1,0,1,2,6,4,1,3,2,2,4,3,3,2, 0.0188300, 0.0199353, 0.0168327, 0.0178301, 0.01683273,buy
2017-02-26,3,1,1,2,0,1,2,9,2,1,3,2,3,4,4,3,3, 0.0051484, 0.0048607, 0.0021041, 0.0059065, 0.00486066,buy
2017-02-27,3,1,1,2,1,1,4,5,1,2,4,2,4,3,3,4,1,-0.0032752,-0.0030332,-0.0032446,-0.0025307,-0.00303315,sell
2017-02-28,3,2,1,2,0,1,2,6,0,2,3,2,4,2,4,3,1,-0.0005790,-0.0020642,-0.0020642,-0.0022925,-0.00229252,sell
2017-03-01,6,2,2,2,0,2,2,7,0,2,4,3,6,3,4,4,1, 0.0098379, 0.0098379, 0.0074392, 0.0098379, 0.00987425,buy
2017-03-02,5,2,2,2,0,2,1,6,1,0,3,3,6,2,4,3,0, 0.0169510, 0.0182681, 0.0143875, 0.0147674, 0.01544687,buy
2017-03-03,3,1,2,2,2,1,5,4,1,0,3,3,5,1,4,3,2, 0.0016428,-0.0043382, 0.0014965,-0.0015783,-0.00312125,sell
2017-03-04,3,1,1,3,2,1,4,7,0,1,4,4,5,1,3,4,2,-0.0020620,-0.0035536,-0.0029868,-0.0037472, 0.00282929,sell
2017-03-05,3,2,2,1,1,1,2,5,3,1,3,3,6,2,2,3,2, 0.0074118, 0.0013734, 0.0033971, 0.0028203, 0.01205041,buy
2017-03-06,3,3,2,0,1,1,2,3,4,0,2,3,5,3,3,2,1,-0.0215402,-0.0007133,-0.0155041, 0.0019567,-0.00594637,sell
2017-03-07,2,3,2,0,1,1,2,3,2,3,3,2,5,4,2,1,2, 0.0087875,-0.0059024, 0.0037592, 0.0000784, 0.00177796,buy
2017-03-08,0,4,1,1,3,1,3,1,2,3,3,1,3,4,3,4,1,-0.0133239,-0.0130763,-0.0075944,-0.0130197,-0.01100793,sell
2017-03-09,0,4,2,1,4,0,3,1,2,2,2,2,3,4,4,3,1,-0.0020216,-0.0025306,-0.0020216,-0.0042774, 0.00200476,sell
2017-03-10,0,2,4,2,3,0,3,1,3,1,3,1,2,5,4,3,1,-0.0075487,-0.0084564,-0.0109938,-0.0047152,-0.00845641,sell
2017-03-11,0,3,3,4,3,1,3,2,1,1,3,2,3,3,5,3,2,-0.0009674,-0.0010905, 0.0110321,-0.0001820,-0.00944132,sell
2017-03-12,0,3,2,1,3,1,5,0,1,3,2,2,2,3,6,3,1, 0.0211005, 0.0160658, 0.0322984, 0.0242417, 0.01500489,buy
2017-03-13,0,3,1,0,3,1,3,0,1,3,1,2,2,3,5,1,1, 0.0321534, 0.0230145, 0.0399516, 0.0409076, 0.03041588,buy
2017-03-14,1,3,0,0,2,2,3,0,0,3,2,1,2,3,3,2,1,-0.0066673,-0.0050271, 0.0032862, 0.0024744,-0.01037506,sell
2017-03-15,1,2,0,1,1,2,3,0,1,3,2,2,2,2,4,2,0,-0.0027514, 0.0003960, 0.0003741, 0.0001507,-0.00015678,sell
2017-03-16,1,2,1,0,1,1,3,1,1,1,0,2,2,2,3,1,2,-0.0126470,-0.0254155, 0.0059401,-0.0020842, 0.00475813,sell
2017-03-17,1,4,1,1,1,0,6,0,1,1,1,2,3,2,4,2,2,-0.0155706,-0.0156772,-0.0150240,-0.0150240,-0.01228911,sell
2017-03-18,1,4,1,1,1,0,5,2,0,2,1,3,4,2,4,1,2,-0.0163350,-0.0136767,-0.0158397,-0.0158397,-0.01077838,sell
2017-03-19,1,3,2,2,1,0,5,0,1,2,1,4,3,1,3,2,3,-0.0141920,-0.0029762,-0.0141920,-0.0029762,-0.00186340,sell
2017-03-20,2,3,2,1,0,0,3,0,1,2,1,3,1,1,4,1,3,-0.0012957, 0.0051328, 0.0126829, 0.0055948, 0.00973835,buy
2017-03-21,1,3,1,0,0,1,2,0,2,4,2,2,3,2,3,1,1,-0.0014562,-0.0016872,-0.0033841,-0.0013403,-0.00089104,sell
2017-03-22,1,2,0,1,0,1,3,1,2,4,2,2,4,2,4,1,0,-0.0054555,-0.0068458,-0.0093910,-0.0056769,-0.00567690,sell
2017-03-23,1,2,0,1,0,1,3,2,2,3,2,3,3,1,4,1,1,-0.0049406,-0.0091185,-0.0123310,-0.0020593,-0.00291743,sell
2017-03-24,1,0,1,1,0,1,2,2,3,2,2,1,2,2,3,2,1, 0.0076662, 0.0056192, 0.0061199, 0.0049910, 0.00829445,buy
2017-03-25,1,0,1,2,0,1,1,2,3,1,3,0,1,2,2,3,1, 0.0061452, 0.0030164, 0.0044604, 0.0069372, 0.01047931,buy
2017-03-26,2,0,1,2,1,1,2,3,3,1,3,1,3,3,2,3,1, 0.0019977, 0.0026472, 0.0029240, 0.0043431, 0.00503161,buy
2017-03-27,2,1,1,1,1,1,1,2,2,2,2,1,2,2,4,2,1, 0.0102012, 0.0066010, 0.0083825, 0.0058441, 0.01608408,buy
2017-03-28,3,2,1,1,0,1,2,1,1,1,1,1,3,1,4,2,1, 0.0027162, 0.0055834, 0.0095750, 0.0055834, 0.00396922,buy
2017-03-29,2,2,2,1,0,1,2,3,1,2,1,1,4,2,5,2,1, 0.0116447, 0.0067520, 0.0120903, 0.0122739, 0.00498842,buy
2017-03-30,2,3,3,2,1,0,3,3,2,1,1,2,4,4,5,1,3,-0.0130131,-0.0051571,-0.0122967,-0.0243794,-0.00889375,sell
2017-03-31,1,2,3,3,3,0,3,3,2,1,3,2,3,4,5,1,3,-0.0094020, 0.0002103,-0.0203415,-0.0218694,-0.01982568,sell
2017-04-01,0,2,3,3,2,0,4,3,2,2,3,3,4,4,4,1,2,-0.0054926,-0.0030318,-0.0124720,-0.0116089,-0.00549256,sell
2017-04-02,0,4,3,1,2,1,4,3,2,2,3,4,4,3,5,1,2, 0.0260446, 0.0341530, 0.0332071, 0.0284933, 0.03086689,buy
2017-04-03,0,4,3,0,1,2,3,2,1,4,4,4,2,4,3,0,3, 0.0447948, 0.0110891, 0.0464965, 0.0422901, 0.04479484,buy
2017-04-04,0,2,3,1,2,2,3,1,1,4,3,3,3,4,3,1,2, 0.0262300, 0.0155615, 0.0306442, 0.0182200, 0.02350025,buy
2017-04-05,0,2,2,3,3,1,2,0,0,2,2,1,3,3,3,1,2, 0.0366684,-0.0065801, 0.0367449, 0.0409724,-0.00271188,buy
2017-04-06,0,1,3,2,4,1,2,0,1,3,3,2,2,4,3,1,2, 0.0537888, 0.0151411, 0.0516907, 0.0404845, 0.02352096,buy
2017-04-07,0,2,3,2,2,2,3,1,0,2,3,2,1,4,2,4,1,-0.0324546,-0.0322511,-0.0324546,-0.0299471,-0.03742665,sell
2017-04-08,1,2,3,1,2,3,4,0,0,3,3,2,1,4,3,5,1,-0.0286148,-0.0388699,-0.0286733,-0.0174696,-0.02653742,sell
2017-04-09,1,2,3,1,2,2,3,0,0,3,2,3,0,5,2,4,1,-0.0422548,-0.0381270,-0.0422548,-0.0338667,-0.03903962,sell
2017-04-10,2,2,1,1,1,1,3,0,0,3,2,2,1,5,1,3,0,-0.0177202,-0.0168604,-0.0194341,-0.0015536,-0.01663944,sell
2017-04-11,2,1,1,1,2,2,3,0,2,3,2,3,1,4,2,4,1, 0.0122274, 0.0194198, 0.0122274, 0.0312587, 0.01941976,buy
2017-04-12,1,1,3,2,2,1,3,1,2,2,1,2,2,3,5,3,2, 0.0044242, 0.0413197, 0.0437373, 0.0424604, 0.04739645,buy
2017-04-13,1,1,4,1,2,1,5,1,2,2,1,3,1,4,5,4,2, 0.0227062, 0.0443490, 0.0488377, 0.0467644, 0.04857853,buy
2017-04-14,1,2,2,1,2,1,4,3,1,2,1,3,2,3,4,5,1,-0.0078534, 0.0007731, 0.0187205, 0.0018697,-0.00339667,sell
2017-04-15,1,2,1,1,1,0,4,2,2,2,1,2,2,3,3,4,1,-0.0076956, 0.0050015, 0.0052892, 0.0037676, 0.00649451,buy
2017-04-16,2,1,3,0,2,0,4,1,2,2,1,3,1,2,5,4,1, 0.0091967, 0.0056758, 0.0178356, 0.0136719, 0.01645102,buy
2017-04-17,2,2,2,1,2,0,3,2,2,2,0,4,3,1,5,4,1,-0.0088455,-0.0088455,-0.0161060,-0.0088222,-0.00917599,sell
2017-04-18,2,3,3,2,1,0,5,2,3,3,2,5,3,3,5,5,1,-0.0151428,-0.0112300,-0.0098973,-0.0069365,-0.01944540,sell
2017-04-19,1,3,3,1,1,0,6,3,2,2,2,4,3,2,5,4,2,-0.0159840,-0.0010052,-0.0041397, 0.0022699,-0.00167248,sell
2017-04-20,1,3,3,1,1,0,6,4,1,1,2,4,3,3,5,2,2, 0.0050957, 0.0126731, 0.0144815, 0.0137739, 0.01974432,buy
2017-04-21,1,3,3,2,1,0,6,3,3,2,3,5,2,4,5,3,2,-0.0099613, 0.0403585, 0.0208525, 0.0299278, 0.01460777,buy
2017-04-22,2,2,2,3,2,0,4,4,1,2,3,4,3,4,4,3,1, 0.0512614, 0.0449298, 0.0299159, 0.0320683, 0.03252764,buy
2017-04-23,3,2,1,2,2,0,5,1,3,2,2,4,2,4,4,3,2, 0.0590873, 0.0606646, 0.0476967, 0.0601252, 0.05833702,buy
2017-04-24,2,2,1,2,0,1,4,2,2,2,2,4,2,2,4,2,2, 0.0258394, 0.0372676, 0.0248441, 0.0346539, 0.03465386,buy
2017-04-25,2,2,2,2,0,1,5,3,1,2,2,3,3,3,4,3,2, 0.0204092, 0.0318539, 0.0232306, 0.0305016, 0.03184769,buy
2017-04-26,2,2,2,3,1,0,5,3,1,1,2,2,3,3,4,3,3, 0.0124264, 0.0100069, 0.0135280, 0.0135220, 0.01000693,buy
2017-04-27,1,0,2,4,2,0,3,2,2,1,3,1,2,2,4,2,3,-0.0186525,-0.0111226,-0.0161744,-0.0163093,-0.01112261,sell
2017-04-28,2,0,2,5,1,0,2,2,1,2,3,2,2,2,4,3,1,-0.0150714,-0.0137854,-0.0206341,-0.0159846,-0.02668975,sell
2017-04-29,1,1,2,2,1,1,1,3,2,3,1,2,4,2,4,3,1, 0.0217310, 0.0100732, 0.0214683, 0.0213144, 0.01007324,buy
2017-04-30,1,3,2,2,0,1,2,3,2,3,2,3,4,1,4,3,2, 0.0162437,-0.0035324, 0.0190859, 0.0177735, 0.01613755,buy
2017-05-01,1,1,3,3,2,1,0,3,1,3,2,2,3,2,4,3,2,-0.0086606,-0.0128073, 0.0119976,-0.0079428,-0.01100449,sell
2017-05-02,1,1,2,4,3,0,0,2,2,3,1,2,3,2,5,4,1, 0.0101628, 0.0012145, 0.0055699, 0.0040489,-0.00233977,buy
2017-05-03,1,1,3,4,3,0,0,2,3,2,2,2,2,3,5,4,1, 0.0013482, 0.0016225, 0.0022842, 0.0016225,-0.00137128,buy
2017-05-04,1,0,4,3,2,0,0,3,1,3,2,2,2,3,3,4,1,-0.0020155, 0.0034417,-0.0019579, 0.0010211,-0.00195790,sell
2017-05-05,1,2,4,3,1,1,1,2,1,3,3,3,3,4,3,3,0, 0.0479471, 0.0342346, 0.0483472, 0.0433479, 0.05089996,buy
2017-05-06,1,2,4,1,2,1,0,2,1,2,2,2,2,3,3,3,1, 0.0325343, 0.0047697, 0.0335572, 0.0352657, 0.03604140,buy
2017-05-07,2,1,4,0,2,1,0,3,1,2,3,2,4,3,1,2,1, 0.0093159, 0.0412468, 0.0366565, 0.0332747, 0.03778020,buy
2017-05-08,2,0,4,2,2,1,0,3,2,2,3,3,5,2,2,3,0,-0.0017171, 0.0262272, 0.0236297, 0.0167822, 0.01839435,buy
2017-05-09,1,1,4,2,3,1,0,4,1,1,2,3,4,1,4,3,1, 0.0295114, 0.0282564, 0.0286459, 0.0285813, 0.02264758,buy
2017-05-10,1,1,4,1,2,0,1,4,1,1,2,2,3,2,3,2,2, 0.0269366, 0.0399954, 0.0637142, 0.0408768,-0.02356222,buy
2017-05-11,1,2,4,1,1,0,1,5,1,1,2,1,3,3,3,3,2,-0.0079410,-0.0091426, 0.0335756,-0.0053093,-0.03602879,sell
2017-05-12,1,2,4,1,0,1,1,4,1,2,2,2,4,2,2,4,1,-0.0404100,-0.0411039,-0.0243334,-0.0429609,-0.02469532,sell
2017-05-13,2,2,4,0,2,2,2,3,1,2,3,2,3,3,4,4,1,-0.0037234, 0.0324792,-0.0020727, 0.0013532, 0.00054879,buy
2017-05-14,2,3,4,0,2,1,2,2,0,2,2,1,3,3,4,3,2,-0.0128874, 0.0202899, 0.0139073, 0.0099808, 0.01289494,buy
2017-05-15,2,3,2,1,3,1,2,2,1,3,4,2,4,3,3,3,1,-0.0142872,-0.0359381,-0.0320100,-0.0417522,-0.02820562,sell
2017-05-16,2,3,2,2,2,1,3,3,0,2,4,2,4,3,4,3,0,-0.0476049,-0.0581739,-0.0558515,-0.0599500,-0.05252503,sell
2017-05-17,1,2,4,2,2,1,3,3,1,1,4,3,4,2,4,2,1, 0.0024262, 0.0239849, 0.0068406, 0.0024262, 0.01508019,buy
2017-05-18,0,2,3,2,2,1,4,4,3,1,5,2,4,3,4,2,2, 0.0654533, 0.0648680, 0.0210983, 0.0615107, 0.05735398,buy
2017-05-19,1,3,1,2,3,1,3,5,2,1,5,2,4,3,3,3,2, 0.0369658, 0.0378519, 0.0063812, 0.0491766, 0.04533008,buy
2017-05-20,1,1,0,1,3,1,4,2,1,3,3,2,2,4,2,3,1, 0.0035765, 0.0091595, 0.0065704, 0.0048825, 0.00423441,buy
2017-05-21,0,2,0,2,2,1,3,1,0,3,2,2,1,4,3,2,0,-0.0026610,-0.0151808,-0.0138784,-0.0083955,-0.00077003,sell
2017-05-22,2,2,1,2,1,3,2,1,1,2,3,2,2,5,3,1,1,-0.0179567,-0.0210436,-0.0100927,-0.0048914,-0.00317766,sell
2017-05-23,1,1,1,3,1,2,1,3,1,2,2,3,2,5,3,1,0, 0.0411644, 0.0411644, 0.0366953, 0.0284435, 0.03996299,buy
2017-05-24,0,0,1,3,3,2,3,2,2,1,3,3,2,4,3,1,1,-0.0062574,-0.0178737,-0.0137907,-0.0190972,-0.01622995,sell
2017-05-25,0,1,1,4,3,2,3,2,2,1,3,2,2,5,3,2,2,-0.0064284,-0.0197521,-0.0310079,-0.0315435,-0.01525716,sell
2017-05-26,1,1,1,3,2,2,0,3,4,2,2,3,3,4,3,2,2, 0.0070354, 0.0114939, 0.0213781, 0.0239968, 0.00644095,buy
2017-05-27,1,3,1,2,2,2,0,1,5,1,2,3,3,3,4,2,1, 0.0276843, 0.0254729, 0.0279794, 0.0280178,-0.00430420,buy
2017-05-28,1,1,3,2,2,2,1,1,3,4,2,3,3,4,4,3,1,-0.0113466, 0.0138038,-0.0190243, 0.0220530, 0.02227478,buy
2017-05-29,1,3,3,2,2,2,1,1,3,3,2,2,3,4,3,5,2, 0.0000604,-0.0074135, 0.0054356, 0.0054356, 0.00543564,buy
2017-05-30,1,4,4,1,3,1,0,2,4,2,4,2,4,3,3,4,2,-0.0002309,-0.0102295, 0.0081897, 0.0041633, 0.00493130,buy
2017-05-31,1,2,6,1,1,1,0,2,3,2,3,2,2,4,3,4,1,-0.0085782,-0.0170091,-0.0058354, 0.0119439,-0.00723744,sell
2017-06-01,1,3,4,3,0,2,1,2,2,1,3,1,4,3,3,4,1, 0.0419145, 0.0243172, 0.0421901, 0.0386113, 0.04209282,buy
2017-06-02,1,2,4,0,3,2,2,2,2,3,3,2,4,2,4,4,2, 0.0231641, 0.0415830, 0.0233682, 0.0237076, 0.02316407,buy
2017-06-03,2,4,3,1,4,1,2,2,2,3,4,3,4,2,4,5,2,-0.0228696,-0.0254358,-0.0275389,-0.0203935,-0.02543584,sell
2017-06-04,2,4,2,1,2,3,3,2,3,2,4,3,4,2,4,5,2,-0.0031989, 0.0068311, 0.0033335, 0.0313006, 0.00683114,buy
2017-06-05,1,3,3,2,2,3,3,2,3,1,3,3,4,2,4,5,2, 0.0027989, 0.0292846, 0.0280773, 0.0391832, 0.02797120,buy
2017-06-06,1,3,3,3,2,0,4,3,3,1,4,3,4,4,3,4,1, 0.0303399, 0.0336355, 0.0060024, 0.0100319, 0.00002681,buy
2017-06-07,1,3,2,3,4,0,4,3,2,1,4,4,4,5,1,3,2,-0.0029499,-0.0038063,-0.0190913,-0.0174108,-0.01709429,sell
2017-06-08,1,3,1,3,4,0,2,3,2,2,5,3,4,4,0,3,2,-0.0069383,-0.0014052,-0.0092278,-0.0014050,-0.00336705,sell
2017-06-09,1,2,1,3,1,0,3,1,2,2,2,2,3,4,1,2,2,-0.0331876,-0.0045345,-0.0019258,-0.0017420,-0.00241695,sell
2017-06-10,1,2,2,1,1,2,2,0,1,0,1,3,0,3,2,1,2,-0.0052880,-0.0147113, 0.0055509,-0.0042601, 0.00555091,sell
2017-06-11,1,3,2,0,1,2,2,1,2,2,3,3,2,3,1,2,2, 0.0279220, 0.0386065, 0.0442579, 0.0331282, 0.03661578,buy
2017-06-12,1,4,1,1,1,1,1,2,2,3,3,1,3,3,3,3,1,-0.0069244,-0.0069244,-0.0040657, 0.0088731,-0.00702066,sell
2017-06-13,0,1,2,1,2,1,1,3,1,3,3,2,3,1,3,2,1,-0.0154394,-0.0123693,-0.0199756,-0.0143164,-0.03356452,sell
2017-06-14,0,1,2,2,1,1,2,2,4,2,2,2,3,2,4,3,1, 0.0020003, 0.0073479, 0.0146785, 0.0064865, 0.00833733,buy
2017-06-15,0,1,2,3,2,1,0,2,5,1,3,3,2,2,3,3,1, 0.0068207,-0.0084240, 0.0023237,-0.0087444, 0.00980160,buy
2017-06-16,1,1,2,1,3,2,0,2,5,2,3,2,4,3,4,2,1, 0.0404930, 0.0371762, 0.0460003, 0.0371762,-0.00871520,buy
2017-06-17,0,3,0,1,2,2,1,1,4,2,3,2,2,2,4,2,1, 0.0004701,-0.0014271,-0.0073559,-0.0008571, 0.00184063,sell
2017-06-18,0,4,1,1,2,3,2,1,4,3,4,2,5,2,4,2,2, 0.0266922,-0.0158799,-0.0118603,-0.0118603, 0.02614528,buy
2017-06-19,1,5,3,1,1,3,1,2,4,2,5,1,6,3,4,3,1, 0.0343035, 0.0177242, 0.0172689, 0.0174873, 0.03349127,buy
2017-06-20,2,5,3,1,2,2,0,2,6,1,5,2,6,3,3,3,2, 0.0112241, 0.0077289, 0.0098093, 0.0088176, 0.00980929,buy
2017-06-21,1,4,3,2,3,1,1,2,4,1,6,1,5,3,2,3,2,-0.0058697,-0.0030137,-0.0063823,-0.0055526,-0.00630278,sell
2017-06-22,0,3,3,2,2,0,3,2,3,2,6,1,4,3,0,4,2,-0.0006805,-0.0048906,-0.0008662,-0.0090004,-0.00091810,sell
2017-06-23,0,4,3,0,2,1,2,3,3,2,6,1,4,2,1,3,3,-0.0028132,-0.0071651,-0.0018193,-0.0121664,-0.00236013,sell
2017-06-24,1,3,3,0,0,1,0,2,3,2,4,1,4,2,0,1,3,-0.0077565, 0.0150380, 0.0167295,-0.0098310,-0.01280026,sell
2017-06-25,2,1,4,1,2,2,0,1,1,4,4,2,4,3,2,1,2,-0.0166154,-0.0106437,-0.0080206,-0.0099297,-0.01355669,sell
2017-06-26,1,2,3,2,3,1,1,0,1,3,4,2,4,3,2,2,0,-0.0117387,-0.0039520,-0.0074032,-0.0145713,-0.00718117,sell
2017-06-27,1,0,5,0,3,2,1,2,1,3,4,3,3,4,2,1,1,-0.0173123,-0.0119916, 0.0025732,-0.0086181,-0.01707181,sell
2017-06-28,1,2,4,2,1,3,1,2,1,2,4,3,3,4,2,2,1, 0.0212313, 0.0252777, 0.0229027, 0.0231305, 0.02313049,buy
2017-06-29,1,1,4,1,2,3,2,0,1,3,3,2,3,3,3,3,1,-0.0125889, 0.0080628,-0.0053783,-0.0037613,-0.00142594,sell
2017-06-30,1,1,4,2,3,2,1,0,0,4,4,1,3,3,3,2,2,-0.0104507,-0.0180030,-0.0168059,-0.0103555,-0.01799924,sell
2017-07-01,2,1,2,2,3,2,1,0,1,4,4,2,3,4,3,1,1,-0.0264645,-0.0170973,-0.0209611,-0.0236927,-0.02259664,sell
2017-07-02,1,1,2,2,3,3,1,0,2,5,3,3,3,3,3,3,2, 0.0064709, 0.0169830,-0.0035089, 0.0147541, 0.01595057,buy
2017-07-03,0,1,4,2,2,1,2,1,2,3,4,2,4,2,3,2,1, 0.0367843, 0.0372023, 0.0381694, 0.0367843, 0.03793016,buy
2017-07-04,0,0,3,3,3,2,3,1,2,2,4,1,3,3,3,3,2, 0.0126323, 0.0247644, 0.0114819, 0.0130275, 0.01804140,buy
2017-07-05,0,1,1,4,2,3,1,2,1,2,3,1,3,4,1,3,2, 0.0104275,-0.0220068,-0.0134425, 0.0117965, 0.00266911,buy
2017-07-06,1,0,1,5,2,2,2,0,2,3,3,2,3,4,2,3,1,-0.0151963,-0.0184530,-0.0367217,-0.0172714, 0.02714697,sell
2017-07-07,1,0,2,3,3,2,2,1,1,2,2,2,2,4,2,3,2, 0.0078124, 0.0091514,-0.0187302,-0.0176610, 0.00613101,sell
2017-07-08,1,1,2,3,2,2,0,1,2,2,3,1,2,4,2,2,2, 0.0110224, 0.0009475,-0.0021572, 0.0025342, 0.01679156,buy
2017-07-09,1,2,1,3,1,3,1,2,2,3,3,2,3,4,3,2,2,-0.0338404,-0.0342357,-0.0034142, 0.0170283,-0.01556061,sell
2017-07-10,1,2,2,2,2,2,0,3,1,3,2,3,2,2,4,3,2,-0.0292331,-0.0292260,-0.0054885,-0.0281267,-0.02842036,sell
2017-07-11,1,2,3,2,4,1,2,2,2,2,2,3,3,3,5,2,3,-0.0200141, 0.0215810,-0.0041737,-0.0025882,-0.00264254,sell
2017-07-12,1,2,0,3,4,1,1,2,4,1,2,3,2,3,4,3,2,-0.0078396, 0.0007137,-0.0122080, 0.0038111,-0.00344229,sell
2017-07-13,2,1,1,2,4,1,0,4,3,3,3,3,4,3,2,4,2,-0.0053241,-0.0028629,-0.0135076, 0.0027904, 0.00006975,sell
2017-07-14,2,1,2,1,5,1,1,3,3,3,3,3,4,3,3,5,1,-0.0234611,-0.0221870,-0.0234583,-0.0221870,-0.00017337,sell
2017-07-15,1,3,2,1,4,2,2,2,2,3,3,4,4,2,3,5,1,-0.0466505,-0.0466505,-0.0417395,-0.0453838,-0.03806804,sell
2017-07-16,2,1,3,1,3,1,1,4,2,5,3,4,5,2,3,4,2,-0.0027404, 0.0217808, 0.0107056, 0.0048274, 0.00790046,buy
2017-07-17,2,1,3,3,3,0,1,4,2,4,2,3,5,3,4,4,2, 0.0173655, 0.0181964, 0.0188465, 0.0166445, 0.01538148,buy
2017-07-18,1,0,3,3,5,0,2,2,1,3,2,2,4,3,4,4,1, 0.0266429, 0.0105723, 0.0104173, 0.0104173, 0.01098810,buy
2017-07-19,1,0,2,4,3,0,1,3,1,4,2,3,4,3,2,5,0,-0.0039725,-0.0109151,-0.0062152,-0.0039725, 0.00912267,sell
2017-07-20,2,1,4,2,2,2,0,4,0,4,2,3,5,2,3,5,1, 0.0071757, 0.0063966, 0.0071028, 0.0028649, 0.00420673,buy
2017-07-21,1,2,4,2,1,2,1,1,1,3,2,3,5,1,3,4,0, 0.0405784, 0.0390790, 0.0395650, 0.0411351, 0.04218815,buy
2017-07-22,1,0,4,2,2,2,1,1,0,4,2,2,3,2,3,4,1, 0.0132474, 0.0127954, 0.0081389, 0.0131508, 0.00483395,buy
2017-07-23,2,1,3,4,2,1,0,3,0,3,2,3,3,1,4,5,1, 0.0085352,-0.0042930,-0.0061805,-0.0064115,-0.00698235,sell
2017-07-24,1,1,2,4,3,1,0,2,2,2,2,1,3,3,3,4,2,-0.0047407,-0.0058086, 0.0002122,-0.0057412,-0.00568412,sell
2017-07-25,1,2,3,6,0,1,2,2,1,2,2,3,3,2,5,4,1,-0.0075638,-0.0144328,-0.0137243,-0.0144517,-0.01287676,sell
2017-07-26,1,2,2,4,0,2,2,2,1,3,2,3,2,2,5,4,1,-0.0130624,-0.0211620,-0.0188967,-0.0224464,-0.02087431,sell
2017-07-27,1,2,2,3,1,1,1,2,2,2,1,4,1,3,4,3,1,-0.0123234,-0.0048409,-0.0054532,-0.0260085,-0.00795850,sell
2017-07-28,2,3,1,3,1,1,1,1,2,1,2,3,2,3,3,2,1,-0.0186456,-0.0196608, 0.0042000,-0.0154684,-0.01839458,sell
2017-07-29,2,1,2,4,1,1,1,1,2,1,2,2,3,2,3,3,1,-0.0175292,-0.0322261,-0.0172624,-0.0177169,-0.01592926,sell
2017-07-30,1,3,2,5,0,1,1,2,1,1,1,3,3,1,4,3,2, 0.0052198,-0.0087075, 0.0114614, 0.0036078, 0.00360784,buy
2017-07-31,1,5,1,4,0,0,3,1,2,0,3,3,2,2,4,2,1,-0.0010345,-0.0002233, 0.0086576, 0.0003845,-0.00653352,sell
2017-08-01,1,7,1,3,3,0,2,2,1,0,2,4,3,2,4,4,1, 0.0231970, 0.0220960, 0.0148556, 0.0194675, 0.00868340,buy
2017-08-02,2,4,1,3,1,0,2,2,2,1,3,3,2,2,4,4,0,-0.0060394,-0.0070432,-0.0047419,-0.0070432,-0.01040832,sell
2017-08-03,2,4,1,2,1,1,2,0,1,1,2,3,2,1,3,3,1,-0.0085373,-0.0092499, 0.0027593,-0.0076887,-0.00850621,sell
2017-08-04,1,4,1,1,3,2,1,0,2,0,1,3,4,0,2,3,2, 0.0085456,-0.0068778, 0.0013528, 0.0004912, 0.00505532,buy
2017-08-05,2,5,0,2,4,1,2,0,3,1,3,3,4,2,3,4,1, 0.0228811, 0.0225246, 0.0098787, 0.0231859, 0.00482154,buy
2017-08-06,1,5,0,1,4,1,3,2,2,1,3,3,4,1,3,4,2, 0.0102649, 0.0098867, 0.0043904, 0.0102649,-0.00355517,buy
2017-08-07,1,4,1,1,4,2,4,1,3,0,3,4,4,2,3,3,2,-0.0010035,-0.0016997, 0.0015116, 0.0011949,-0.01202302,sell
2017-08-08,1,3,3,3,3,1,3,1,4,0,4,3,4,3,3,3,2, 0.0134439, 0.0232314, 0.0131703, 0.0168986, 0.00886886,buy
2017-08-09,2,2,3,2,4,1,2,2,4,0,2,4,5,3,2,4,2, 0.0086960, 0.0151223, 0.0086960, 0.0131271,-0.01210511,buy
2017-08-10,2,3,3,2,5,1,3,1,3,1,2,5,4,3,3,4,3,-0.0078276, 0.0026414,-0.0071219, 0.0055174,-0.01504853,sell
2017-08-11,1,4,3,2,3,2,4,0,2,1,1,5,4,3,3,3,3,-0.0135305,-0.0076004,-0.0151382,-0.0060972,-0.01067119,sell
2017-08-12,0,2,4,1,3,3,3,0,3,3,4,3,4,4,3,2,2, 0.0086626,-0.0003413, 0.0084358, 0.0086626, 0.01032305,buy
2017-08-13,1,4,3,2,3,2,2,1,3,1,3,3,4,4,4,3,1,-0.0018496,-0.0037956,-0.0030450, 0.0014515,-0.00877383,sell
2017-08-14,0,1,4,2,4,2,1,0,5,2,4,2,4,3,5,1,2, 0.0150685, 0.0150685, 0.0149173, 0.0329105, 0.01067320,buy
2017-08-15,0,1,4,3,5,2,2,1,2,1,5,1,3,4,5,2,1,-0.0208635,-0.0289966,-0.0267825,-0.0220459,-0.02237330,sell
2017-08-16,0,1,5,3,4,3,2,2,2,2,4,2,4,4,5,3,2,-0.0009807,-0.0076127,-0.0087468,-0.0087468,-0.00450330,sell
2017-08-17,0,3,4,1,3,3,2,1,3,1,4,3,2,3,5,3,1, 0.0135841, 0.0125019, 0.0039415, 0.0165356, 0.01349480,buy
2017-08-18,1,2,4,1,3,3,2,2,1,2,4,3,2,3,5,2,2, 0.0172350, 0.0156447, 0.0009376, 0.0162474, 0.01683300,buy
2017-08-19,1,1,3,3,3,3,2,1,1,3,3,2,2,3,6,3,2, 0.0025328, 0.0047140, 0.0071757, 0.0147133, 0.00584549,buy
2017-08-20,1,2,3,2,4,1,1,2,2,2,4,2,2,2,5,4,1, 0.0071498, 0.0077768, 0.0146458, 0.0096242, 0.01051444,buy
2017-08-21,1,1,4,3,3,1,2,3,2,2,5,2,2,4,4,3,2, 0.0324659, 0.0202441, 0.0333932, 0.0305042, 0.03096871,buy
2017-08-22,0,2,4,4,2,1,0,4,1,2,4,0,2,4,4,4,2, 0.0217312, 0.0197505, 0.0161041, 0.0196738, 0.02176281,buy
2017-08-23,0,1,3,3,1,1,2,2,2,2,3,1,2,2,3,4,2,-0.0166716, 0.0196652,-0.0295760,-0.0086949, 0.00913856,sell
2017-08-24,0,2,2,3,2,0,0,3,2,1,3,1,2,3,2,3,1, 0.0037636,-0.0143304,-0.0112227, 0.0013825, 0.00693529,buy
2017-08-25,1,1,3,4,1,1,0,2,3,3,4,1,3,3,3,4,1, 0.0010923, 0.0019152,-0.0147342,-0.0032931, 0.00046429,sell
2017-08-26,1,1,3,4,0,1,1,3,2,2,4,1,2,2,3,4,2,-0.0019006, 0.0203047,-0.0090394, 0.0057543, 0.02959069,buy
2017-08-27,0,2,4,3,0,0,3,3,2,1,4,0,2,3,4,3,2, 0.0318109, 0.0563088, 0.0291422, 0.0648751, 0.07117805,buy
2017-08-28,0,2,4,3,1,0,3,3,2,2,4,1,1,4,4,4,2, 0.0440273, 0.0614983, 0.0436832, 0.0633946, 0.06995514,buy
2017-08-29,0,3,4,4,1,0,2,3,1,1,3,1,2,4,3,4,2, 0.0367541, 0.0405072, 0.0215099, 0.0411790, 0.04429303,buy
2017-08-30,2,1,5,4,0,0,2,1,1,1,2,2,1,2,4,4,2,-0.0021053, 0.0078004, 0.0026464, 0.0028526, 0.00801621,buy
2017-08-31,2,1,4,2,1,1,0,1,0,0,1,2,1,1,3,3,1, 0.0215398, 0.0326279, 0.0433380, 0.0481525, 0.04333802,buy
2017-09-01,2,3,2,4,1,1,1,1,1,1,2,2,2,2,3,5,1, 0.0066103,-0.0236815,-0.0076092,-0.0146238,-0.01496493,sell
2017-09-02,2,3,2,4,2,1,1,2,0,2,3,2,3,3,3,5,0, 0.0117994,-0.0249000, 0.0070389, 0.0063199, 0.00631993,buy
2017-09-03,1,3,2,4,2,2,2,2,0,1,2,2,3,3,3,5,1,-0.0126035,-0.0404085,-0.0133211,-0.0255951,-0.02870367,sell
2017-09-04,1,2,4,3,1,3,2,0,2,0,1,2,3,4,2,5,1,-0.0403227,-0.0152323,-0.0547474,-0.0543576,-0.04879457,sell
2017-09-05,2,1,4,4,2,2,0,2,1,0,2,2,3,4,0,6,1,-0.0464106,-0.0319842,-0.0364821,-0.0468072,-0.05229509,sell
2017-09-06,2,1,3,4,4,1,0,1,1,1,2,1,3,5,1,5,1, 0.0046800, 0.0012062, 0.0044854, 0.0046800,-0.01006278,buy
2017-09-07,1,2,3,4,4,1,1,0,0,1,1,2,2,4,2,5,1, 0.0119444, 0.0044126, 0.0079483, 0.0079483,-0.00683632,buy
2017-09-08,1,1,6,4,2,2,1,0,0,2,1,2,3,5,4,3,1,-0.0323598,-0.0628148,-0.0419605,-0.0380048,-0.06385231,sell
2017-09-09,2,2,7,5,2,2,0,1,0,2,1,3,3,6,4,4,2,-0.0327348,-0.0589723,-0.0543557,-0.0427397,-0.05874881,sell
2017-09-10,1,2,6,3,2,1,0,0,1,2,0,3,2,5,4,2,2,-0.0520481,-0.0585147,-0.0576126,-0.0512150,-0.05643145,sell
2017-09-11,1,1,4,3,3,0,1,0,1,3,2,3,0,6,3,2,1, 0.0134919, 0.0060903, 0.0023628,-0.0012881, 0.01238823,buy
2017-09-12,1,1,3,4,2,0,1,1,1,3,3,2,1,6,3,2,0, 0.0254360, 0.0383874, 0.0237867, 0.0198211, 0.02543604,buy
2017-09-13,1,2,4,2,1,1,1,1,3,2,3,1,2,4,4,3,1,-0.0119557,-0.0240330,-0.0120820, 0.0143167,-0.00352067,sell
2017-09-14,1,3,4,2,0,1,1,2,3,1,4,2,1,4,4,2,1,-0.0185622,-0.0011982,-0.0060734, 0.0155256,-0.01280330,sell
2017-09-15,1,3,3,2,1,1,2,3,1,3,6,2,2,2,5,2,1, 0.0269316, 0.0361385, 0.0390237, 0.0205545, 0.02233587,buy
2017-09-16,1,3,2,2,2,0,2,2,1,3,5,2,2,0,5,4,0, 0.0034694,-0.0030341, 0.0206035,-0.0032493,-0.00335781,sell
2017-09-17,2,3,4,1,3,2,1,2,2,1,5,1,3,1,5,5,1,-0.0070538,-0.0036917, 0.0010529,-0.0088671,-0.00886710,sell
2017-09-18,3,3,2,4,1,3,1,3,2,1,6,2,3,2,4,5,1, 0.0508370, 0.0259057, 0.0457355, 0.0467885, 0.04562642,buy
2017-09-19,2,3,3,4,2,3,2,3,1,2,6,2,3,3,5,6,0, 0.0358828, 0.0039366, 0.0291962, 0.0309911, 0.02820648,buy
2017-09-20,1,3,2,3,2,2,4,2,0,1,4,2,2,3,3,5,1,-0.0352750,-0.0406179,-0.0332701,-0.0452336,-0.03741494,sell
2017-09-21,1,2,2,3,2,2,2,3,1,1,3,2,3,4,2,4,1,-0.0227022,-0.0317671,-0.0040032,-0.0282194,-0.02812768,sell
2017-09-22,1,2,2,4,1,3,1,3,2,2,3,1,3,4,3,5,2,-0.0219815,-0.0267302,-0.0130219,-0.0215381,-0.02362116,sell
2017-09-23,0,2,2,2,1,2,1,2,3,1,2,1,3,4,3,2,1, 0.0107825, 0.0084746, 0.0112495, 0.0102153, 0.00962581,buy
2017-09-24,0,4,3,2,2,1,2,1,2,1,2,1,3,5,4,3,0, 0.0001948,-0.0012013,-0.0012757, 0.0009787, 0.00019483,sell
2017-09-25,0,4,2,2,1,1,1,3,0,4,3,1,3,4,3,3,1, 0.0070023, 0.0099619, 0.0082629, 0.0182360, 0.00931106,buy
2017-09-26,1,3,1,3,1,2,2,3,0,4,4,1,3,3,3,4,2, 0.0002981, 0.0170021, 0.0180452, 0.0171699, 0.01716993,buy
2017-09-27,2,4,2,2,1,2,1,2,1,1,4,2,2,2,3,4,1, 0.0173721,-0.0089670, 0.0161535, 0.0146289, 0.01584517,buy
2017-09-28,2,3,3,2,1,2,1,2,1,1,3,2,3,3,2,4,1, 0.0169806,-0.0049443, 0.0294713, 0.0170717, 0.01698063,buy
2017-09-29,2,4,4,4,1,2,2,3,1,2,4,3,4,5,2,5,2,-0.0080786,-0.0254385,-0.0062663,-0.0191098,-0.01932653,sell
2017-09-30,1,4,2,4,1,2,2,4,0,2,5,2,4,4,2,4,1, 0.0038787, 0.0015409, 0.0128280, 0.0015409, 0.00563675,buy
2017-10-01,1,2,2,2,3,2,3,3,1,0,4,2,4,4,2,2,1,-0.0059154,-0.0059154, 0.0192124,-0.0145818,-0.00591537,sell
2017-10-02,1,1,3,1,1,2,0,3,2,1,3,1,3,4,2,2,0,-0.0036029,-0.0021252,-0.0021252,-0.0045189,-0.00552020,sell
2017-10-03,2,1,2,2,1,3,0,3,1,2,2,2,3,5,2,2,1,-0.0042428,-0.0050237,-0.0104681, 0.0098086, 0.00545704,buy
2017-10-04,1,1,2,0,3,2,1,1,1,4,2,2,2,5,3,1,1,-0.0091660,-0.0117904,-0.0190264,-0.0172882,-0.01774560,sell
2017-10-05,1,1,2,0,3,0,1,0,0,4,1,1,3,4,3,0,0, 0.0003129,-0.0052032,-0.0047699,-0.0005894,-0.00348522,sell
2017-10-06,2,1,3,0,4,1,1,1,0,5,1,2,4,6,3,1,1, 0.0047861,-0.0002679, 0.0040576,-0.0021927, 0.00405763,buy
2017-10-07,2,1,3,3,2,1,0,1,1,4,1,2,4,6,3,1,1, 0.0062363, 0.0040509, 0.0050933, 0.0009868, 0.00523373,buy
2017-10-08,1,0,4,1,5,0,1,0,1,4,1,2,3,5,3,2,1, 0.0248541, 0.0050797, 0.0203760, 0.0272969, 0.00722751,buy
2017-10-09,1,2,1,2,4,0,1,1,0,5,2,2,3,4,2,3,1,-0.0046898,-0.0049362,-0.0049362, 0.0161007,-0.00448881,sell
2017-10-10,1,2,1,1,2,1,1,1,2,7,2,3,2,3,4,3,2, 0.0015070, 0.0047152, 0.0127976, 0.0052050, 0.00144538,buy
2017-10-11,1,1,2,0,2,1,2,0,2,5,2,2,2,2,4,3,1, 0.0014765, 0.0002528, 0.0016997, 0.0016294, 0.00177042,buy
2017-10-12,1,1,1,1,3,2,3,0,4,6,3,4,2,3,5,4,1, 0.0394357, 0.0453709, 0.0000180,-0.0010828, 0.00760615,buy
2017-10-13,1,1,0,3,4,1,3,1,4,4,2,5,3,1,5,5,1, 0.0565311, 0.0515178, 0.0382416, 0.0152704, 0.03056747,buy
2017-10-14,1,2,2,2,4,2,4,2,2,2,2,4,2,3,5,6,1, 0.0214503, 0.0188224, 0.0284994, 0.0214503,-0.00032887,buy
2017-10-15,1,2,2,2,2,2,5,0,3,2,3,3,1,3,5,5,1, 0.0345761, 0.0297428, 0.0325909, 0.0347066, 0.02763057,buy
2017-10-16,1,2,1,3,1,3,4,1,1,2,3,2,3,2,4,4,1, 0.0016354,-0.0013194,-0.0013194, 0.0036682,-0.00135191,buy
2017-10-17,3,2,1,2,2,2,5,1,1,2,4,3,2,3,3,4,2,-0.0133393,-0.0198738,-0.0198738,-0.0090376,-0.02236444,sell
2017-10-18,2,2,0,1,2,2,4,0,1,2,3,1,2,3,2,3,2, 0.0249480,-0.0054227,-0.0125148,-0.0079480,-0.00185908,sell
2017-10-19,2,1,0,2,1,2,5,0,2,2,4,2,2,2,3,3,1,-0.0038911,-0.0120944,-0.0114520,-0.0015807,-0.01209445,sell
2017-10-20,3,1,1,2,2,2,5,3,1,1,4,3,4,1,4,3,2, 0.0004739,-0.0015317, 0.0015954,-0.0016292,-0.00129928,sell
2017-10-21,2,0,2,1,3,1,5,4,1,0,3,2,4,1,3,3,3,-0.0062763,-0.0108345, 0.0038508,-0.0050556,-0.00302467,sell
2017-10-22,1,2,1,1,3,1,5,3,1,0,3,2,4,2,2,3,2,-0.0243458,-0.0285121,-0.0231189,-0.0269522,-0.02678655,sell
2017-10-23,1,1,1,2,2,1,5,2,1,1,4,1,4,2,1,3,2,-0.0328578,-0.0337566,-0.0306625,-0.0331680,-0.02288483,sell
2017-10-24,2,1,2,0,1,1,4,2,1,2,4,2,2,3,2,2,1, 0.0137957, 0.0147400, 0.0137957, 0.0144396, 0.01857200,buy
2017-10-25,1,3,2,0,1,0,3,2,3,3,3,4,3,3,1,2,2,-0.0022497, 0.0046517,-0.0023608,-0.0025492,-0.00016596,sell
2017-10-26,2,3,1,0,1,0,4,2,2,3,2,3,4,4,1,2,2,-0.0024319,-0.0019253, 0.0005014,-0.0021902,-0.00206125,sell
2017-10-27,1,2,2,0,1,0,4,2,1,3,3,3,3,3,1,1,2,-0.0049808, 0.0003455, 0.0093442,-0.0043319,-0.00498076,sell
2017-10-28,1,2,2,1,0,0,5,3,1,2,4,4,1,4,2,0,2, 0.0019974, 0.0138797, 0.0035638, 0.0023889, 0.00429618,buy
2017-10-29,1,2,3,1,0,0,4,3,3,1,4,3,1,5,2,1,2,-0.0048621, 0.0038226, 0.0027218, 0.0038827, 0.00272470,buy
2017-10-30,2,1,2,1,1,0,4,4,2,1,3,3,2,4,3,1,2,-0.0163065, 0.0010001,-0.0127381,-0.0119370,-0.01135441,sell
2017-10-31,2,1,1,1,2,1,5,3,2,2,3,2,2,3,4,4,2, 0.0160638,-0.0005466, 0.0167039, 0.0404713, 0.01606382,buy
2017-11-01,1,2,1,1,2,2,6,2,1,2,3,3,3,2,5,3,1,-0.0048955,-0.0058164,-0.0048955,-0.0048955,-0.01399655,sell
2017-11-02,2,3,2,1,1,3,5,3,1,1,2,3,5,2,5,3,2, 0.0149443, 0.0138738, 0.0132939, 0.0156930, 0.01020957,buy
2017-11-03,1,3,2,2,3,3,4,3,2,0,2,3,6,2,5,3,2, 0.0148199, 0.0151421, 0.0184973, 0.0187340, 0.02006878,buy
2017-11-04,0,2,2,3,5,2,4,2,2,0,2,2,5,3,5,3,2, 0.0041606,-0.0074999, 0.0031453, 0.0041492, 0.00124897,buy
2017-11-05,0,1,2,3,5,1,4,3,2,1,2,2,5,3,4,4,2, 0.0048460,-0.0079970,-0.0070783,-0.0084286,-0.00703805,sell
2017-11-06,0,3,2,3,3,2,2,3,3,1,3,2,6,3,3,3,2, 0.0069471, 0.0067000, 0.0066288, 0.0035065, 0.00466507,buy
2017-11-07,0,3,4,2,1,2,3,1,2,1,4,2,6,2,1,2,2, 0.0318820, 0.0364593, 0.0318777, 0.0109519, 0.03719399,buy
2017-11-08,1,2,3,0,2,2,2,1,1,2,4,1,3,3,1,2,2, 0.0318120, 0.0397754, 0.0383266, 0.0274620, 0.01804564,buy
2017-11-09,1,3,0,1,2,0,2,1,1,3,4,0,2,2,1,2,3, 0.0129365, 0.0094895, 0.0121454, 0.0187453, 0.01304080,buy
2017-11-10,1,1,0,2,3,0,2,1,2,3,3,1,3,3,1,2,2,-0.0155834,-0.0129200,-0.0135020,-0.0060613,-0.00734407,sell
2017-11-11,1,0,2,2,2,0,2,1,4,2,3,2,2,4,1,2,2,-0.0144327,-0.0068515,-0.0111025,-0.0109174,-0.00407433,sell
2017-11-12,1,1,2,3,1,1,3,1,4,2,3,2,4,4,2,2,2,-0.0113698,-0.0094251,-0.0087062,-0.0089526,-0.00640059,sell
2017-11-13,1,0,2,1,3,0,3,3,2,3,3,2,3,3,2,3,2, 0.0265275, 0.0085613, 0.0248613, 0.0269440, 0.02652750,buy
2017-11-14,2,1,1,1,3,0,4,1,1,4,2,2,4,3,3,2,2, 0.0103059, 0.0113144, 0.0134875, 0.0089821, 0.00585671,buy
2017-11-15,2,0,1,2,3,1,4,1,2,3,1,2,5,3,3,3,2, 0.0102870, 0.0098407, 0.0133825, 0.0058231, 0.01028696,buy
2017-11-16,3,1,2,2,2,1,3,2,2,2,2,1,6,2,4,3,2, 0.0140205, 0.0202998, 0.0136039,-0.0000922, 0.02234237,buy
2017-11-17,3,1,2,0,1,0,5,2,2,2,2,3,4,3,3,1,2, 0.0020847, 0.0125461, 0.0067388, 0.0023623,-0.02319084,sell
2017-11-18,1,2,1,0,2,0,6,3,3,1,1,4,3,5,3,2,1, 0.0068187,-0.0029907, 0.0056415, 0.0057371, 0.01810353,buy
2017-11-19,0,1,1,1,1,0,7,3,3,2,1,4,3,5,2,2,2, 0.0123418,-0.0061369, 0.0126330, 0.0153352, 0.01859442,buy
2017-11-20,1,1,3,0,1,0,6,3,3,2,2,3,3,5,2,3,2, 0.0047477,-0.0068336,-0.0005427,-0.0041270, 0.00363895,sell
2017-11-21,1,1,2,0,1,0,4,4,4,1,3,2,2,4,2,3,2, 0.0087511,-0.0173605, 0.0077732, 0.0254080, 0.00973416,buy
2017-11-22,2,2,1,0,0,0,3,3,5,2,2,4,2,4,2,2,2,-0.0087818,-0.0163400,-0.0087818,-0.0087818,-0.01203390,sell
2017-11-23,2,2,1,0,0,1,3,4,3,3,1,5,2,4,2,3,2, 0.0079745, 0.0075393, 0.0116913, 0.0164795, 0.00876270,buy
2017-11-24,1,2,1,0,1,1,3,4,2,2,2,4,2,3,2,3,1, 0.0216674, 0.0236842, 0.0258385, 0.0258385, 0.02131762,buy
2017-11-25,1,1,2,0,1,1,4,4,3,3,3,4,1,3,3,4,2, 0.0345265, 0.0559483, 0.0605117, 0.0647370, 0.06075063,buy
2017-11-26,2,2,3,1,1,1,3,5,2,2,3,4,1,3,3,5,3, 0.0227333, 0.0421898, 0.0483371, 0.0445378, 0.04740566,buy
2017-11-27,2,2,2,2,2,1,3,4,1,1,2,4,3,3,2,4,2, 0.0220963, 0.0133944, 0.0129379, 0.0127130, 0.02233744,buy
2017-11-28,1,1,2,3,2,1,5,3,1,2,3,3,3,2,3,5,2, 0.0243715, 0.0171218, 0.0252781, 0.0215200,-0.00022149,buy
2017-11-29,1,2,1,3,2,1,5,2,1,2,3,2,4,1,4,4,2, 0.0189303, 0.0025330, 0.0261082, 0.0047365,-0.01449979,buy
2017-11-30,2,2,2,2,2,2,3,4,1,2,2,2,4,3,4,5,2,-0.0252336,-0.0200565,-0.0244664, 0.0001706,-0.02520355,sell
2017-12-01,1,2,3,3,1,2,3,3,3,1,3,2,4,3,5,3,2, 0.0238274, 0.0311998, 0.0384467, 0.0373990, 0.03445928,buy
2017-12-02,1,1,2,4,2,2,4,3,2,1,2,3,3,3,5,4,2, 0.0344461, 0.0343549, 0.0511815, 0.0516949, 0.02941707,buy
2017-12-03,1,1,1,4,3,2,2,4,2,2,3,3,4,3,3,4,2, 0.0059199,-0.0001395,-0.0026395, 0.0008804, 0.00591989,buy
2017-12-04,1,1,2,3,2,2,1,3,3,1,3,3,3,2,3,4,1, 0.0080589, 0.0054718, 0.0078693, 0.0045653, 0.00805886,buy
2017-12-05,1,1,4,2,1,3,2,3,2,1,3,4,3,3,3,3,1, 0.0154596, 0.0072023,-0.0002842, 0.0059404, 0.00594043,buy
2017-12-06,1,2,1,4,1,2,2,3,2,4,3,4,4,3,3,4,1,-0.0108389,-0.0168769,-0.0093780,-0.0132409,-0.00951257,sell
2017-12-07,1,2,2,3,3,1,2,2,2,4,4,3,4,2,4,4,1,-0.0176177,-0.0127037,-0.0060375,-0.0181011,-0.01190723,sell
2017-12-08,1,1,3,4,1,1,3,2,3,3,4,3,3,3,4,4,1,-0.0140788,-0.0291502,-0.0157730,-0.0294230,-0.01477071,sell
2017-12-09,1,2,3,4,0,2,2,3,4,2,3,4,3,3,4,4,2, 0.0146659, 0.0057112, 0.0007512, 0.0010931,-0.00737842,buy
2017-12-10,1,1,2,2,1,1,2,5,2,3,4,3,3,2,4,3,1,-0.0053432, 0.0037870, 0.0027171,-0.0088811,-0.00317317,sell
2017-12-11,1,1,2,1,2,0,4,3,2,2,3,3,2,2,3,4,1, 0.0195782, 0.0082677, 0.0182593, 0.0161581, 0.01701130,buy
2017-12-12,0,0,2,1,1,1,5,2,2,2,2,2,2,4,1,4,1, 0.0030963,-0.0100564, 0.0025042, 0.0025042, 0.00374132,buy
2017-12-13,2,0,2,1,0,1,4,4,2,2,1,4,2,4,2,3,2,-0.0045419, 0.0209972, 0.0040314, 0.0031592,-0.01479678,sell
2017-12-14,3,0,3,0,0,0,5,3,2,1,2,3,2,4,2,2,2,-0.0188107, 0.0130202,-0.0183958,-0.0185990,-0.01745179,sell
2017-12-15,2,1,1,0,1,0,6,3,1,0,3,2,1,3,2,2,2, 0.0057448, 0.0099914, 0.0052180, 0.0127979, 0.00574481,buy
2017-12-16,2,1,1,1,0,0,6,3,0,2,2,3,3,3,2,2,1, 0.0258950, 0.0258393, 0.0202518, 0.0279291, 0.02647489,buy
2017-12-17,3,0,3,1,0,0,5,4,0,2,3,3,2,3,1,4,2, 0.0273857, 0.0361683, 0.0273857, 0.0237456, 0.01007680,buy
2017-12-18,3,0,3,0,0,0,3,4,1,1,3,3,1,2,2,3,1, 0.0227014, 0.0281900, 0.0227014, 0.0227014,-0.00640457,buy
2017-12-19,2,1,2,0,0,0,3,2,3,1,3,2,2,3,1,3,0, 0.0248161, 0.0221939, 0.0239300, 0.0246937, 0.00031995,buy
2017-12-20,2,0,3,1,0,0,3,3,1,2,3,1,3,1,2,4,1,-0.0333817,-0.0346970,-0.0011813,-0.0294427,-0.02710530,sell
2017-12-21,2,0,3,1,0,0,3,4,0,3,2,2,4,0,3,4,1,-0.0312641,-0.0312641,-0.0073462,-0.0337203,-0.02784404,sell
2017-12-22,2,1,2,1,0,0,3,5,1,3,4,3,3,1,3,3,1, 0.0020018, 0.0105937, 0.0102989, 0.0047383, 0.00650556,buy
2017-12-23,2,2,3,1,0,0,2,4,3,1,4,4,2,1,3,3,1, 0.0109530, 0.0187480, 0.0167847, 0.0103987, 0.01859952,buy
2017-12-24,3,0,4,1,0,0,2,4,1,1,4,2,3,2,2,3,0,-0.0160115,-0.0204212, 0.0037151,-0.0160115,-0.03787685,sell
2017-12-25,2,0,2,3,0,0,3,2,1,3,5,2,2,1,3,2,1,-0.0188074,-0.0111731,-0.0157362,-0.0138411,-0.01941034,sell
2017-12-26,2,2,1,1,2,0,3,2,0,3,5,2,3,0,4,0,2,-0.0003589,-0.0090316,-0.0100605,-0.0041315,-0.00057886,sell
2017-12-27,4,2,1,0,2,0,4,2,0,2,4,2,4,2,3,1,1,-0.0118273,-0.0168959,-0.0087600,-0.0139800,-0.01228416,sell
2017-12-28,3,1,3,0,0,1,3,3,1,1,3,2,4,2,3,1,1,-0.0174099,-0.0280964,-0.0200468,-0.0193067,-0.03170347,sell
2017-12-29,2,1,2,2,0,2,4,2,2,1,4,2,4,2,3,2,1,-0.0100806,-0.0191072,-0.0044946,-0.0052651,-0.01637171,sell
2017-12-30,2,1,1,2,2,0,4,2,1,2,2,1,4,2,3,3,2,-0.0209240,-0.0209240, 0.0041686,-0.0225529,-0.02060295,sell
2017-12-31,1,3,1,0,4,0,3,2,4,1,3,3,5,2,1,4,1,-0.0062258, 0.0132292, 0.0012353, 0.0009851, 0.00223104,sell
2018-01-01,1,3,2,2,0,2,3,1,4,0,3,3,5,1,2,3,1, 0.0065674, 0.0073486, 0.0081419, 0.0079539, 0.01896322,buy
2018-01-02,1,2,5,1,0,2,2,1,4,1,3,2,5,3,1,4,1, 0.0268420, 0.0286107, 0.0258129, 0.0274234, 0.02684200,buy
2018-01-03,1,5,2,1,3,0,2,1,6,1,4,3,5,2,2,5,1,-0.0142093, 0.0088014,-0.0002159, 0.0138662, 0.00055273,buy
2018-01-04,2,3,3,1,3,0,2,1,6,2,4,3,4,4,2,5,1,-0.0073837,-0.0081197,-0.0039245, 0.0214550,-0.00687356,sell
2018-01-05,3,2,4,3,0,1,1,1,7,0,3,2,4,5,2,5,1, 0.0176991, 0.0071843, 0.0115215, 0.0271621, 0.01763831,buy
2018-01-06,3,2,3,1,1,1,0,1,9,0,4,3,3,4,2,4,1, 0.0062839, 0.0017990,-0.0090776, 0.0197427, 0.00588822,buy
2018-01-07,3,2,2,0,1,0,0,3,5,1,4,3,0,5,2,2,1,-0.0130079,-0.0137388,-0.0160844,-0.0135605,-0.00099916,sell
2018-01-08,3,2,1,0,1,0,2,3,5,3,5,4,1,5,2,1,2,-0.0353642,-0.0345433,-0.0316937,-0.0354582, 0.00562031,sell
2018-01-09,4,0,1,1,0,1,2,1,6,4,4,3,1,4,3,4,1,-0.0349762,-0.0158643,-0.0371215,-0.0311939,-0.03630952,sell
2018-01-10,5,0,2,0,0,0,0,3,6,2,5,2,1,3,4,3,0,-0.0170863, 0.0019611,-0.0136115,-0.0170863,-0.01296109,sell
2018-01-11,6,1,1,0,2,0,0,3,7,2,5,3,2,4,3,4,1,-0.0205590,-0.0127054,-0.0205590,-0.0205590,-0.02146864,sell
2018-01-12,4,1,0,1,2,0,1,5,5,3,4,2,3,4,3,5,1, 0.0008684,-0.0081654, 0.0008684,-0.0101324,-0.01535352,sell
2018-01-13,4,0,1,1,1,0,3,6,4,3,4,4,3,4,2,5,1, 0.0205066,-0.0071021, 0.0226675, 0.0205562,-0.00441357,buy
2018-01-14,4,0,1,0,1,0,4,5,3,2,4,4,2,3,2,4,1, 0.0175548,-0.0004687, 0.0150077, 0.0150077,-0.00800757,buy
2018-01-15,3,1,0,0,1,0,0,6,4,2,3,4,3,1,2,4,0,-0.0459128,-0.0397430,-0.0397430,-0.0477291,-0.03974302,sell
2018-01-16,4,2,0,0,1,0,0,5,5,3,3,4,4,1,1,6,1,-0.0212108,-0.0228625,-0.0259740,-0.0223854,-0.02286248,sell
2018-01-17,3,1,0,0,1,0,2,5,3,3,2,3,4,0,3,5,1,-0.0535914,-0.0525805,-0.0543327,-0.0575727,-0.05359135,sell
2018-01-18,0,1,0,0,1,0,3,4,2,2,1,2,4,1,2,3,0, 0.0192881, 0.0299996, 0.0227441, 0.0087043, 0.02058708,buy
2018-01-19,0,3,0,0,1,0,4,5,4,3,2,3,4,2,4,4,1,-0.0079096, 0.0087613, 0.0012717, 0.0080827, 0.00136707,buy
2018-01-20,1,4,0,0,1,0,3,4,3,0,1,3,4,1,3,3,1, 0.0020214, 0.0222275, 0.0222275, 0.0009980, 0.02263086,buy
2018-01-21,2,2,2,0,1,0,3,3,2,0,1,2,4,2,2,3,1,-0.0043680,-0.0041235,-0.0041699,-0.0039785,-0.00527071,sell
2018-01-22,1,2,1,2,1,0,4,1,3,1,2,3,3,1,3,3,1,-0.0248234,-0.0284031,-0.0230671,-0.0276488,-0.02460877,sell
2018-01-23,2,2,0,1,2,0,3,1,2,1,2,2,2,2,3,2,1,-0.0277903,-0.0173714,-0.0222794,-0.0207329,-0.02068728,sell
2018-01-24,2,2,1,0,3,0,3,1,1,2,2,1,3,3,3,2,1,-0.0073374, 0.0011141, 0.0086636, 0.0008852, 0.00174829,sell
2018-01-25,1,3,2,1,0,1,2,0,2,2,2,0,3,3,3,1,2, 0.0061804, 0.0075464, 0.0045604, 0.0061804, 0.01447858,buy
2018-01-26,1,2,1,2,1,2,3,0,1,1,2,1,2,3,3,2,1,-0.0216059,-0.0250404,-0.0062962,-0.0174334,-0.02473583,sell
2018-01-27,1,1,1,1,3,1,3,3,1,2,2,1,4,4,3,2,1, 0.0101688, 0.0128030, 0.0148322, 0.0143453, 0.00458380,buy
2018-01-28,1,2,0,2,3,1,4,2,2,1,3,1,5,3,3,2,1, 0.0172541, 0.0126081, 0.0218287, 0.0226227,-0.00395969,buy
2018-01-29,0,1,2,2,2,2,3,2,0,1,2,2,5,2,2,1,1,-0.0263273,-0.0212561,-0.0207374,-0.0015212,-0.02657070,sell
2018-01-30,0,1,2,2,2,1,4,3,1,3,2,3,5,3,3,2,1,-0.0395527,-0.0421655,-0.0298136,-0.0023535,-0.03955266,sell
2018-01-31,0,4,1,1,3,1,4,3,1,3,3,3,5,3,4,2,1,-0.0118799,-0.0131969,-0.0075763, 0.0041383,-0.01518077,sell
2018-02-01,0,2,2,2,1,1,4,3,1,3,2,3,3,4,5,1,1,-0.0292208,-0.0291586,-0.0316741,-0.0282664,-0.02818696,sell
2018-02-02,0,0,2,2,1,1,4,2,1,2,1,2,2,4,4,1,1,-0.0523996,-0.0571716,-0.0506445,-0.0447307,-0.05749155,sell
2018-02-03,0,1,1,0,2,1,4,2,3,2,2,1,2,3,5,2,1, 0.0473241, 0.0439449, 0.0473241, 0.0626831, 0.03905277,buy
2018-02-04,0,1,0,1,1,0,5,3,3,2,2,2,2,4,4,1,1, 0.0347628, 0.0094368, 0.0425717, 0.0402732, 0.00863408,buy
2018-02-05,0,0,1,2,1,1,6,4,2,3,3,2,3,4,4,3,1,-0.0415158,-0.0551858,-0.0543997,-0.0440216,-0.01201956,sell
2018-02-06,0,1,2,2,0,1,6,3,3,2,2,2,3,3,5,3,2,-0.0356046,-0.0363944,-0.0327661,-0.0375211,-0.00420728,sell
2018-02-07,1,1,1,1,1,0,4,3,3,3,3,2,2,3,3,3,2, 0.0114404,-0.0318645, 0.0129138, 0.0144407, 0.02139135,buy
2018-02-08,2,1,0,1,1,0,4,4,2,4,3,1,3,4,4,3,1,-0.0053655,-0.0009530, 0.0001284,-0.0081413, 0.00941000,sell
2018-02-09,1,0,0,2,0,0,5,3,1,3,1,1,3,4,3,3,0, 0.0259755, 0.0275840, 0.0268004, 0.0245148, 0.03653400,buy
2018-02-10,0,0,1,1,0,0,6,3,3,4,3,0,3,4,3,4,1,-0.0201647,-0.0138441,-0.0136578,-0.0141849, 0.01345014,sell
2018-02-11,1,1,1,1,0,0,4,4,3,3,3,1,2,3,4,4,1,-0.0067498,-0.0149390,-0.0125035,-0.0071249, 0.01561550,sell
2018-02-12,2,2,0,1,0,0,3,6,4,4,5,2,2,4,4,4,1, 0.0137766, 0.0173714, 0.0173714, 0.0158508, 0.02060988,buy
2018-02-13,1,1,0,1,0,0,3,5,4,4,4,1,2,3,4,4,1, 0.0017292, 0.0026127, 0.0025768, 0.0010524, 0.01801256,buy
2018-02-14,0,1,0,1,0,0,4,2,4,3,3,1,2,2,3,3,1,-0.0059880,-0.0174538,-0.0062917,-0.0101311, 0.02580934,sell
2018-02-15,0,1,0,1,0,0,2,3,4,4,4,0,2,2,3,4,0,-0.0051346,-0.0051346,-0.0104307,-0.0096123, 0.00171406,sell
2018-02-16,2,2,0,1,0,0,0,4,5,4,4,1,2,2,2,6,1, 0.0066790, 0.0077466, 0.0039710, 0.0098489, 0.00732860,buy
2018-02-17,3,2,1,1,0,0,1,3,4,3,2,3,3,2,1,6,1, 0.0076472, 0.0015997, 0.0011777, 0.0032208, 0.00159969,buy
2018-02-18,1,2,1,2,0,0,1,3,3,3,3,2,2,3,2,4,0, 0.0038654, 0.0040005,-0.0061646,-0.0111761,-0.00598088,sell
2018-02-19,1,2,1,2,1,0,2,2,2,4,3,2,3,2,4,2,1,-0.0122798,-0.0099171,-0.0134345,-0.0069236,-0.00969356,sell
2018-02-20,2,4,2,1,1,0,0,5,1,3,3,3,3,4,3,2,1, 0.0254577, 0.0264009, 0.0381631,-0.0003367, 0.03503305,buy
2018-02-21,1,3,2,1,1,0,0,4,4,2,2,3,3,4,3,2,1,-0.0087067, 0.0159005,-0.0169323,-0.0208755, 0.01177332,sell
2018-02-22,2,2,1,1,1,1,2,4,4,2,3,2,4,4,3,3,1,-0.0203704, 0.0064363,-0.0332794,-0.0213130,-0.03596441,sell
2018-02-23,2,2,0,1,1,1,1,4,2,4,2,2,4,4,3,2,1,-0.0043846, 0.0049310,-0.0043846,-0.0082416,-0.01278821,sell
2018-02-24,3,3,0,0,2,1,1,3,4,4,2,2,5,4,2,3,3, 0.0078894,-0.0003354, 0.0127910, 0.0003185,-0.00513894,buy
2018-02-25,3,3,2,1,0,1,1,3,3,3,3,2,5,3,2,3,2,-0.0094938,-0.0024990, 0.0032930, 0.0011685, 0.00063798,sell
2018-02-26,2,1,4,1,1,1,1,3,2,4,3,3,4,4,1,3,2, 0.0126835, 0.0202770, 0.0209461, 0.0045200, 0.03712160,buy
2018-02-27,3,3,3,3,2,0,2,2,3,3,6,3,4,4,2,3,2,-0.0102913,-0.0126117,-0.0226669,-0.0238660,-0.02287691,sell
2018-02-28,3,3,4,1,3,0,3,2,3,3,6,3,3,5,2,4,2,-0.0157260,-0.0136584,-0.0094119,-0.0162998,-0.00683363,sell
2018-03-01,2,1,4,2,1,1,4,1,3,3,4,3,2,4,2,5,2,-0.0078770,-0.0109666,-0.0087395,-0.0104052,-0.00497991,sell
2018-03-02,2,2,5,1,1,2,4,1,4,3,4,4,2,4,3,6,2, 0.0008843,-0.0103631, 0.0011369,-0.0007981, 0.00313669,buy
2018-03-03,2,2,4,0,1,1,4,2,2,4,5,3,1,4,2,5,2,-0.0064568,-0.0123076,-0.0090365,-0.0057897, 0.00022151,sell
2018-03-04,2,1,3,0,1,1,5,2,1,4,5,3,2,3,1,5,1,-0.0006129,-0.0096841,-0.0100702,-0.0170915,-0.00417162,sell
2018-03-05,2,0,3,1,1,1,5,2,2,2,4,3,2,2,1,5,2, 0.0067944, 0.0015031,-0.0016515,-0.0070473, 0.00150306,buy
2018-03-06,2,0,2,1,0,0,4,1,2,0,1,1,2,2,1,3,2,-0.0265250,-0.0142135,-0.0265250, 0.0080093,-0.01433336,sell
2018-03-07,3,1,3,1,1,0,4,1,2,1,2,1,3,3,2,3,3,-0.0455450,-0.0324268,-0.0399616,-0.0261562,-0.02670103,sell
2018-03-08,2,2,3,2,0,0,3,1,1,2,3,1,3,3,2,2,2,-0.0329335,-0.0137995,-0.0318749,-0.0266291,-0.00663529,sell
2018-03-09,3,2,3,2,0,0,3,0,1,3,4,2,2,2,2,3,2,-0.0104164,-0.0100278,-0.0133884,-0.0133884,-0.00252754,sell
2018-03-10,3,1,3,2,0,0,2,1,1,3,6,2,0,1,3,2,2,-0.0089679, 0.0078519, 0.0078519, 0.0104849,-0.00810581,sell
2018-03-11,3,3,2,2,0,0,1,1,2,3,5,2,1,2,3,2,2,-0.0007931, 0.0024002, 0.0099772, 0.0055223, 0.00229339,buy
2018-03-12,2,2,2,2,0,0,3,1,2,4,5,4,2,2,2,2,1,-0.0057256,-0.0059053,-0.0056634,-0.0089886, 0.00181691,sell
2018-03-13,1,2,2,2,0,0,5,2,2,4,3,5,3,1,3,3,2,-0.0179872, 0.0194024,-0.0275172,-0.0133115,-0.02077676,sell
2018-03-14,1,2,2,2,0,0,4,3,3,4,4,4,2,2,3,3,3,-0.0171221, 0.0127774,-0.0293823,-0.0166523,-0.02938233,sell
2018-03-15,1,3,2,1,0,0,4,3,4,4,4,4,2,3,4,3,2,-0.0104271, 0.0225495,-0.0169966,-0.0087221,-0.01214837,sell
2018-03-16,2,3,3,1,0,0,4,2,2,2,4,3,3,2,2,3,2, 0.0099353, 0.0137848, 0.0099353, 0.0137848, 0.01752204,buy
2018-03-17,1,2,3,0,0,0,4,0,1,3,2,4,2,1,1,3,1,-0.0231167,-0.0307797,-0.0269514,-0.0196144,-0.02486197,sell
2018-03-18,2,3,2,1,0,0,4,0,0,3,2,5,3,0,1,2,2,-0.0307265,-0.0300087,-0.0347401,-0.0131286,-0.03116865,sell
2018-03-19,3,4,2,0,1,0,4,1,0,4,1,5,4,3,1,3,2, 0.0254563, 0.0141958, 0.0105148, 0.0278063, 0.01603984,buy
2018-03-20,2,3,3,0,0,0,3,1,1,3,0,4,4,3,1,3,1, 0.0269381, 0.0132290, 0.0109651, 0.0284385, 0.01560160,buy
2018-03-21,1,3,3,2,0,1,5,0,1,3,1,4,3,3,3,3,2, 0.0045990, 0.0199207,-0.0003280, 0.0178502, 0.01683753,buy
2018-03-22,1,3,0,2,3,1,2,2,0,4,2,4,2,3,3,2,2,-0.0184069,-0.0167005,-0.0237385,-0.0176403,-0.02256481,sell
2018-03-23,1,4,0,0,4,0,1,1,2,4,2,3,3,3,2,2,2,-0.0050586,-0.0104486,-0.0046941,-0.0022423,-0.00711089,sell
2018-03-24,3,3,0,2,3,2,1,1,2,4,5,3,2,3,4,2,2, 0.0053430, 0.0053430, 0.0027047,-0.0151539, 0.00618749,buy
2018-03-25,2,2,2,2,1,3,1,1,0,6,5,3,2,3,4,2,1, 0.0010053, 0.0045186, 0.0006710,-0.0117928, 0.00571810,sell
2018-03-26,2,5,1,2,3,1,1,1,0,6,5,3,2,3,4,3,2,-0.0031078,-0.0027661,-0.0173037,-0.0337421,-0.00262446,sell
2018-03-27,2,5,0,3,5,0,1,2,0,4,5,4,3,2,5,2,1,-0.0260017,-0.0265198,-0.0039108,-0.0357256,-0.02674921,sell
2018-03-28,2,1,4,4,2,0,1,2,0,4,4,4,2,3,4,2,1,-0.0138439,-0.0152922,-0.0107368,-0.0083761,-0.01384389,sell
2018-03-29,2,0,3,4,0,1,1,2,1,2,3,2,3,2,3,2,1,-0.0325496,-0.0323367,-0.0315068,-0.0311167,-0.03035208,sell
2018-03-30,2,2,1,1,2,1,1,2,1,4,3,3,3,1,4,2,1, 0.0014388,-0.0068354,-0.0045344,-0.0030047,-0.00453441,sell
2018-03-31,2,2,0,1,2,0,2,3,0,7,3,3,4,3,4,1,1, 0.0117681, 0.0172332, 0.0172332, 0.0200343, 0.01533362,buy
2018-04-01,2,1,0,2,1,2,3,2,0,5,3,2,5,2,3,2,1,-0.0041530, 0.0140201, 0.0134436, 0.0123152,-0.00330154,buy
2018-04-02,2,1,1,2,0,2,2,2,2,4,2,3,5,1,4,2,1, 0.0071958, 0.0088103, 0.0181934, 0.0132502, 0.00630247,buy
2018-04-03,2,1,2,1,1,0,1,4,1,4,3,3,3,2,5,1,0, 0.0183115, 0.0139816, 0.0139816, 0.0198160, 0.01238872,buy
2018-04-04,2,2,2,1,2,0,4,4,0,3,3,5,2,2,5,1,2,-0.0037790, 0.0153485,-0.0033470,-0.0005967, 0.00928346,buy
2018-04-05,1,1,2,3,1,0,6,2,0,4,3,4,2,3,4,1,3,-0.0310996, 0.0158048,-0.0362671,-0.0294693,-0.03435695,sell
2018-04-06,1,2,3,2,0,0,4,1,1,3,3,2,2,3,3,2,2,-0.0141975,-0.0147393,-0.0163815,-0.0146632,-0.00416409,sell
2018-04-07,3,3,3,1,1,0,2,1,2,3,3,3,3,1,5,2,2,-0.0089900,-0.0066084,-0.0167092,-0.0036607,-0.00992323,sell
2018-04-08,3,4,2,1,1,0,2,0,3,4,3,3,3,2,4,3,2, 0.0079835, 0.0071540,-0.0038495, 0.0036379, 0.00798026,buy
2018-04-09,1,3,2,1,1,0,2,1,2,4,2,1,4,1,5,2,2, 0.0002090,-0.0006285,-0.0021853,-0.0034658,-0.00532940,sell
2018-04-10,1,2,2,1,1,0,4,0,2,4,3,2,3,2,5,1,1,-0.0088569,-0.0077999,-0.0147385,-0.0125696,-0.01333865,sell
2018-04-11,1,3,2,1,1,0,1,2,3,3,4,2,2,2,5,2,0, 0.0044598, 0.0052064, 0.0011194, 0.0075161, 0.00561994,buy
2018-04-12,2,3,1,1,1,0,0,3,5,2,3,3,3,2,4,2,1, 0.0085987, 0.0161040,-0.0237078, 0.0067370, 0.01538373,buy
2018-04-13,2,2,3,1,1,1,1,2,5,2,4,2,3,3,2,4,2, 0.0250608, 0.0125400, 0.0223200, 0.0237930, 0.01737582,buy
2018-04-14,1,3,2,2,1,1,1,2,2,4,4,3,2,2,3,3,2, 0.0008703, 0.0009863,-0.0015093,-0.0070151, 0.00850417,sell
2018-04-15,2,4,2,1,2,1,2,1,2,5,4,3,3,3,4,3,2, 0.0138242, 0.0138242,-0.0118155, 0.0016796, 0.01494957,buy
2018-04-16,3,6,3,2,1,1,0,3,2,3,3,3,4,5,5,3,1, 0.0079695, 0.0088535, 0.0095695, 0.0017703, 0.00324129,buy
2018-04-17,3,2,5,3,0,2,0,2,3,1,4,3,3,3,4,2,2, 0.0228876, 0.0121908, 0.0143642, 0.0360564, 0.02951404,buy
2018-04-18,3,2,3,5,1,2,1,2,2,1,4,3,2,4,4,3,2, 0.0052714, 0.0185842, 0.0225180, 0.0097030, 0.01690301,buy
2018-04-19,2,2,1,3,4,1,1,3,2,2,4,2,3,4,3,3,2,-0.0062360, 0.0104271,-0.0228596,-0.0060038, 0.00772578,sell
2018-04-20,2,4,1,3,3,2,2,2,3,1,5,2,3,4,3,4,2, 0.0287746, 0.0342162, 0.0285078, 0.0210244, 0.03461889,buy
2018-04-21,2,3,3,3,0,4,1,2,2,1,5,2,3,4,3,3,1, 0.0185477, 0.0200637, 0.0139395, 0.0139395, 0.02034395,buy
2018-04-22,2,4,2,3,0,2,1,1,3,2,4,2,4,3,2,4,1, 0.0184565, 0.0243275, 0.0058481, 0.0060651, 0.01845647,buy
2018-04-23,2,5,0,3,4,0,1,1,2,2,4,2,4,3,3,4,0, 0.0104418, 0.0124645, 0.0036278, 0.0110543,-0.00256293,buy
2018-04-24,2,2,2,2,3,0,1,1,1,3,3,2,2,3,3,3,1, 0.0240802, 0.0245525, 0.0262502, 0.0230799, 0.02431948,buy
2018-04-25,1,3,3,4,0,1,1,0,1,2,2,2,1,3,3,3,2,-0.0237560,-0.0222302,-0.0252889,-0.0234271,-0.01920817,sell
2018-04-26,1,4,4,3,1,1,1,0,2,1,2,3,1,4,3,3,2,-0.0325751,-0.0326131,-0.0330111,-0.0344545,-0.03253074,sell
2018-04-27,1,5,2,2,2,0,1,1,1,2,2,3,1,4,4,2,1,-0.0161953,-0.0161953,-0.0173566,-0.0323099,-0.03489803,sell
2018-04-28,1,3,1,3,2,1,1,0,1,4,2,4,1,4,4,1,1,-0.0021024, 0.0015585, 0.0050206,-0.0249415, 0.00149243,sell
2018-04-29,1,1,1,3,2,1,1,0,2,3,1,3,2,3,4,1,1,-0.0376119,-0.0360027,-0.0109729,-0.0516832,-0.01097294,sell
2018-04-30,2,1,2,2,2,0,1,1,4,1,2,3,2,3,5,0,1,-0.0111156,-0.0038327,-0.0127633,-0.0061957,-0.01019444,sell
2018-05-01,2,1,1,2,2,1,1,2,2,1,1,2,2,4,4,1,1,-0.0219364,-0.0217899,-0.0121737,-0.0181674,-0.01797284,sell
2018-05-02,1,1,1,3,2,1,3,2,1,2,2,2,4,3,3,2,1, 0.0004735, 0.0004735, 0.0067191, 0.0168065,-0.00415027,buy
2018-05-03,1,0,2,3,2,0,4,1,1,4,2,2,4,4,2,4,0, 0.0169286,-0.0020749, 0.0122628, 0.0135669, 0.01812609,buy
2018-05-04,2,1,2,1,3,1,1,2,1,3,3,1,3,2,4,3,1, 0.0238878, 0.0273267, 0.0244911, 0.0244911, 0.02403190,buy
2018-05-05,4,2,0,1,3,1,1,1,3,3,3,2,4,3,3,3,1, 0.0384181, 0.0220958, 0.0236429, 0.0217268, 0.02209582,buy
2018-05-06,3,1,1,2,2,1,1,2,2,4,4,2,4,4,1,3,1, 0.0146985, 0.0062523, 0.0062523, 0.0099035, 0.01400152,buy
2018-05-07,1,1,2,1,2,1,2,2,1,6,4,2,4,3,2,3,1,-0.0206624,-0.0353917,-0.0381143,-0.0242662,-0.02426620,sell
2018-05-08,0,2,2,0,3,1,3,2,2,5,5,2,3,4,2,3,1,-0.0061327,-0.0072766,-0.0070743,-0.0071066,-0.00567503,sell
2018-05-09,1,3,1,0,2,1,1,4,3,4,3,3,3,4,2,4,1,-0.0067765,-0.0093088,-0.0093088,-0.0165652,-0.00997388,sell
2018-05-10,2,1,2,1,2,1,0,4,3,5,3,2,4,4,3,4,1,-0.0050371,-0.0067452,-0.0075836,-0.0085715,-0.01000585,sell
2018-05-11,1,0,1,2,2,1,1,2,2,5,3,2,3,3,2,3,1,-0.0383697,-0.0529576,-0.0467257,-0.0337212,-0.03058467,sell
2018-05-12,1,1,1,2,3,1,1,2,1,5,4,1,4,3,3,2,1,-0.0170795,-0.0344051,-0.0321929,-0.0196812,-0.00903977,sell
2018-05-13,2,3,1,1,2,1,1,3,1,4,2,2,4,5,2,3,1, 0.0082273, 0.0086339, 0.0108538, 0.0102179, 0.00477903,buy
2018-05-14,2,3,3,1,1,1,0,4,1,3,1,3,4,5,2,3,1, 0.0102245, 0.0154027, 0.0146844, 0.0080481, 0.01220269,buy
2018-05-15,1,2,5,2,1,1,2,2,1,2,1,3,4,4,3,3,1, 0.0241617, 0.0194976, 0.0184315, 0.0079307, 0.00793066,buy
2018-05-16,1,2,4,3,3,0,1,3,1,3,1,5,4,3,3,5,0,-0.0213033,-0.0213305,-0.0213599,-0.0213305,-0.01900425,sell
2018-05-17,1,3,3,3,4,0,1,2,2,2,2,4,4,3,2,5,1,-0.0090870,-0.0099700,-0.0166503,-0.0099700,-0.00946849,sell
2018-05-18,1,3,4,3,2,1,1,1,2,1,3,3,4,1,3,4,1, 0.0013967,-0.0046572,-0.0049053, 0.0070182, 0.01613973,buy
2018-05-19,0,2,4,2,1,2,2,1,1,2,2,4,4,1,1,4,1, 0.0040269, 0.0050485, 0.0051453, 0.0050485, 0.00366033,buy
2018-05-20,0,4,2,2,3,2,2,2,2,3,4,4,5,0,2,5,2,-0.0086786,-0.0048365,-0.0013614,-0.0072644,-0.00461972,sell
2018-05-21,0,3,3,2,4,1,1,3,2,2,3,4,4,1,2,5,2,-0.0138265,-0.0141343,-0.0150372,-0.0252103,-0.01382646,sell
2018-05-22,0,2,3,3,2,3,1,2,3,1,2,4,4,1,2,5,2,-0.0255993,-0.0150311, 0.0007040,-0.0223204,-0.01274101,sell
2018-05-23,0,2,4,4,1,3,1,2,3,1,3,4,3,3,3,4,1,-0.0089226,-0.0206660,-0.0249282,-0.0206660,-0.02066603,sell
2018-05-24,0,3,3,3,2,2,1,3,1,3,3,4,2,3,4,3,2,-0.0223339,-0.0206227,-0.0100627,-0.0235300,-0.02062269,sell
2018-05-25,0,4,2,2,3,2,2,2,1,4,2,4,3,4,4,2,3,-0.0068209,-0.0074302,-0.0113001,-0.0076057,-0.00682095,sell
2018-05-26,0,2,3,3,1,2,0,2,1,3,0,3,2,3,4,2,3,-0.0180764,-0.0176927,-0.0017279,-0.0200162,-0.01769266,sell
2018-05-27,1,0,4,2,1,2,1,2,2,2,1,2,2,3,5,2,2,-0.0137806, 0.0152225, 0.0180025, 0.0152225, 0.01449625,buy
2018-05-28,1,1,4,3,2,1,2,3,1,1,2,1,3,3,5,3,2,-0.0098899, 0.0054038, 0.0201922, 0.0148753,-0.00227090,buy
2018-05-29,0,1,4,2,3,1,4,3,1,2,2,3,4,2,4,4,2, 0.0185364, 0.0206384, 0.0185364, 0.0245311, 0.02365725,buy
2018-05-30,0,0,4,3,2,1,4,3,0,2,2,3,3,3,3,3,2, 0.0176291, 0.0170790, 0.0172646, 0.0194214, 0.01881740,buy
2018-05-31,1,0,5,2,2,0,3,3,0,1,2,3,2,2,4,3,1, 0.0128802, 0.0234825, 0.0120211, 0.0236409, 0.00308025,buy
2018-06-01,2,1,3,1,2,2,3,1,2,1,2,2,3,3,4,3,1,-0.0008066, 0.0251521, 0.0047887, 0.0084823, 0.01164944,buy
2018-06-02,1,1,3,1,3,2,1,2,2,3,3,1,4,3,3,4,1, 0.0190873, 0.0201365, 0.0305066, 0.0209191, 0.01878923,buy
2018-06-03,1,0,3,1,2,1,2,2,0,4,3,2,3,2,3,3,0, 0.0035102, 0.0039412,-0.0098829, 0.0030835,-0.00883973,sell
2018-06-04,0,0,3,0,4,1,3,3,0,3,4,1,4,2,3,2,1,-0.0098082,-0.0078726,-0.0155207,-0.0066690,-0.01962462,sell
2018-06-05,0,1,2,1,2,1,3,4,2,2,4,1,3,3,3,3,1,-0.0134234,-0.0081415,-0.0068450,-0.0128896,-0.00792040,sell
2018-06-06,1,0,3,1,3,1,2,5,2,2,3,2,4,4,2,3,2,-0.0007505, 0.0016385,-0.0036189, 0.0027830,-0.00075047,buy
2018-06-07,1,0,2,2,4,1,3,4,1,2,4,2,3,4,1,4,2, 0.0075751, 0.0059258, 0.0053834, 0.0053547, 0.00757515,buy
2018-06-08,0,1,0,2,4,1,4,2,1,3,3,2,3,3,2,3,2,-0.0094266,-0.0111925,-0.0094266,-0.0089869,-0.01039641,sell
2018-06-09,1,2,0,2,4,1,3,1,0,3,2,2,2,4,2,2,3,-0.0173000,-0.0177022,-0.0189593,-0.0176221,-0.01877196,sell
2018-06-10,1,2,1,3,2,2,2,2,0,4,2,3,3,4,2,3,2,-0.0260249,-0.0271310,-0.0220251,-0.0154147,-0.02602494,sell
2018-06-11,0,3,2,5,1,1,2,1,3,3,3,4,4,2,3,3,2,-0.0131436,-0.0131436,-0.0039722,-0.0131436,-0.01261531,sell
2018-06-12,0,2,1,5,2,0,3,0,2,2,2,2,3,2,3,3,2,-0.0250199,-0.0250199,-0.0228604,-0.0248478,-0.03129997,sell
2018-06-13,0,2,1,4,4,1,2,2,1,2,3,3,3,2,3,3,2,-0.0216287,-0.0263318,-0.0297938,-0.0269716,-0.02042523,sell
2018-06-14,0,3,1,5,3,2,3,0,2,1,4,4,3,1,3,3,2,-0.0125522,-0.0111347,-0.0120082,-0.0111845,-0.01373710,sell
2018-06-15,0,1,2,2,3,3,2,0,1,1,2,3,2,2,3,2,1, 0.0120576, 0.0214138, 0.0251746, 0.0221904, 0.01205758,buy
2018-06-16,1,3,0,4,3,3,1,0,0,3,4,3,3,1,4,2,1, 0.0128286,-0.0176580,-0.0024844,-0.0104267,-0.02253763,sell
2018-06-17,0,3,1,4,5,3,1,0,0,2,4,4,3,1,5,2,0, 0.0108118,-0.0070974, 0.0129631, 0.0038885,-0.01688646,buy
2018-06-18,0,2,4,5,3,2,2,0,1,1,3,4,3,1,5,3,1, 0.0031552, 0.0029098, 0.0074596, 0.0050707, 0.00507633,buy
2018-06-19,0,2,4,5,3,2,2,1,2,1,3,5,3,2,4,3,2, 0.0017589, 0.0000127,-0.0042841, 0.0009110, 0.00055596,sell
2018-06-20,0,3,4,2,2,2,1,2,2,2,4,3,2,3,4,2,2, 0.0002564,-0.0025072,-0.0051872,-0.0032675,-0.00221815,sell
2018-06-21,0,2,3,1,2,2,2,0,2,4,5,2,3,3,3,1,1, 0.0234346, 0.0191631, 0.0239170, 0.0221424, 0.04372825,buy
2018-06-22,0,2,2,2,2,4,1,0,1,3,4,2,4,2,3,2,0, 0.0088152,-0.0279613,-0.0011331, 0.0061702,-0.02796129,sell
2018-06-23,1,2,2,2,0,4,1,0,2,4,4,2,4,1,3,3,1,-0.0520579,-0.0610371,-0.0524851,-0.0547030,-0.06103712,sell
2018-06-24,1,3,1,1,1,3,1,1,2,3,4,1,3,2,3,2,2,-0.0137383,-0.0296646,-0.0087427,-0.0087427,-0.01373827,sell
2018-06-25,0,4,1,0,2,3,2,1,2,2,2,2,3,2,3,3,2, 0.0017380,-0.0126805, 0.0023286,-0.0011624, 0.00173805,sell
2018-06-26,0,1,1,1,2,3,4,1,2,3,3,4,2,2,3,3,1,-0.0145241,-0.0074682,-0.0126633,-0.0121084,-0.01304213,sell
2018-06-27,1,2,1,2,2,1,2,2,1,3,4,2,2,1,3,4,1,-0.0081229,-0.0059084, 0.0003376,-0.0058128,-0.00472225,sell
2018-06-28,2,3,1,3,4,1,2,0,2,3,4,2,3,2,4,4,2,-0.0081810,-0.0180130,-0.0103000,-0.0180130,-0.01476694,sell
2018-06-29,1,3,0,2,4,1,1,0,2,4,4,1,3,2,3,4,1,-0.0058491,-0.0058491,-0.0059703,-0.0058491,-0.00591725,sell
2018-06-30,1,2,1,2,4,1,2,1,0,4,4,2,3,1,5,3,0, 0.0081710,-0.0189894, 0.0145290,-0.0099590,-0.00776542,sell
2018-07-01,1,1,1,2,4,2,4,1,0,3,4,2,3,2,6,1,1, 0.0219214, 0.0159193, 0.0219214, 0.0174164, 0.01446130,buy
2018-07-02,0,2,1,2,3,3,2,2,2,2,4,2,1,3,6,2,1,-0.0082597,-0.0082597,-0.0077819,-0.0076119,-0.00811925,sell
2018-07-03,1,0,3,1,3,1,2,2,2,2,3,3,2,2,4,3,0, 0.0018517, 0.0177664, 0.0153369, 0.0038452, 0.01712672,buy
2018-07-04,1,0,3,2,4,1,1,2,1,2,4,3,2,2,3,2,1, 0.0052711, 0.0086422, 0.0086901, 0.0096033, 0.00867604,buy
2018-07-05,0,0,2,3,3,1,2,1,1,3,5,3,1,0,4,1,2, 0.0057328,-0.0034910,-0.0086062,-0.0075410,-0.00755804,sell
2018-07-06,0,1,3,1,1,1,2,0,1,4,4,2,2,1,3,0,2,-0.0072691,-0.0142904,-0.0148264,-0.0041050,-0.01146782,sell
2018-07-07,1,2,5,0,0,2,1,1,0,4,3,2,2,3,2,3,1, 0.0057851,-0.0003680, 0.0048997, 0.0015816, 0.00567231,buy
2018-07-08,1,4,5,1,1,3,1,0,1,3,4,3,3,3,3,3,1, 0.0236677, 0.0146107, 0.0114207, 0.0070253, 0.01871408,buy
2018-07-09,0,2,5,2,2,2,2,0,1,2,2,3,3,3,3,3,1,-0.0172230,-0.0058179,-0.0208141,-0.0227172,-0.02166924,sell
2018-07-10,0,1,5,1,4,1,2,1,0,3,3,1,3,3,3,4,1, 0.0100834,-0.0060155,-0.0056880,-0.0037264,-0.01120046,sell
2018-07-11,0,2,3,4,2,2,1,1,2,2,2,1,4,3,4,4,1,-0.0011686,-0.0019631,-0.0017661,-0.0019631,-0.00196313,sell
2018-07-12,0,1,5,2,3,3,1,1,2,1,2,1,3,4,4,3,2,-0.0032293, 0.0023490,-0.0037788,-0.0044158,-0.00441584,sell
2018-07-13,0,2,4,3,4,3,2,1,0,2,2,2,4,4,4,3,2, 0.0047788, 0.0062365,-0.0012860,-0.0015164,-0.00151638,sell
2018-07-14,0,3,2,4,6,2,2,0,0,4,3,2,3,4,5,5,1, 0.0009508,-0.0100104,-0.0100104,-0.0100104,-0.01148483,sell
2018-07-15,1,2,4,4,6,1,1,0,0,1,0,2,2,5,5,5,1, 0.0248505, 0.0252022, 0.0264052, 0.0134349, 0.00083940,buy
2018-07-16,1,1,5,5,4,2,1,0,1,1,1,3,2,5,5,4,1, 0.0078255,-0.0286102, 0.0051806,-0.0048743,-0.02681736,sell
2018-07-17,0,1,3,4,4,2,1,1,0,2,1,3,2,4,5,3,0, 0.0318077, 0.0244649, 0.0352250, 0.0181528, 0.01764143,buy
2018-07-18,0,1,2,2,4,0,3,0,1,3,2,2,1,4,4,2,1, 0.0263483, 0.0131229, 0.0245906, 0.0382911, 0.00475188,buy
2018-07-19,0,2,0,2,3,1,2,1,1,2,3,2,2,2,2,2,1,-0.0225014,-0.0246065,-0.0088690,-0.0225014,-0.02297975,sell
2018-07-20,1,1,1,3,1,2,1,1,3,3,3,1,4,1,3,3,2,-0.0011539,-0.0043755,-0.0065545,-0.0043755, 0.00210766,sell
2018-07-21,1,1,1,2,1,1,1,1,3,2,3,0,3,2,3,2,1, 0.0078470,-0.0026793, 0.0003186,-0.0006535, 0.00703207,buy
2018-07-22,0,2,0,3,3,1,2,1,2,2,2,1,3,2,4,4,0,-0.0109968,-0.0132645,-0.0031280,-0.0109968,-0.01099682,sell
2018-07-23,0,2,1,4,2,2,4,3,2,4,3,3,5,4,4,4,1,-0.0075874,-0.0110520,-0.0048730,-0.0067044,-0.00976344,sell
2018-07-24,1,2,2,4,2,2,2,3,1,4,3,3,4,3,3,5,2, 0.0067943,-0.0052506, 0.0054468, 0.0038784, 0.00831754,buy
2018-07-25,1,3,3,3,2,2,2,2,3,2,4,3,4,2,4,4,2, 0.0019809, 0.0189372, 0.0171581, 0.0177707, 0.01827355,buy
2018-07-26,1,3,2,3,2,2,1,1,3,2,3,2,4,3,3,4,1,-0.0086839,-0.0066117,-0.0142426,-0.0123624,-0.00777120,sell
2018-07-27,1,2,1,4,2,2,3,2,0,3,1,3,4,2,4,4,2,-0.0025354,-0.0092486,-0.0037099,-0.0039330,-0.00393303,sell
2018-07-28,1,1,1,4,3,2,5,2,0,4,1,3,4,3,5,4,3, 0.0039287, 0.0049972, 0.0093858, 0.0070824, 0.00886263,buy
2018-07-29,0,2,1,2,3,2,5,2,2,3,2,3,3,3,5,4,2, 0.0053530, 0.0027680, 0.0229261, 0.0211347, 0.00711136,buy
2018-07-30,1,2,2,2,2,1,3,2,2,2,2,3,2,3,5,3,1,-0.0016762, 0.0157767, 0.0146042, 0.0155658, 0.02971611,buy
2018-07-31,1,1,2,1,1,2,2,3,1,1,1,2,2,3,3,2,2,-0.0154326,-0.0130167,-0.0083905,-0.0110372,-0.00886666,sell
2018-08-01,0,1,1,2,1,1,3,1,1,3,2,1,1,2,4,2,2,-0.0007437,-0.0041727,-0.0019007,-0.0066467,-0.00347500,sell
2018-08-02,0,1,0,1,2,0,3,2,0,4,3,0,2,2,4,1,1,-0.0218086,-0.0157608,-0.0157608,-0.0213836,-0.01633562,sell
2018-08-03,1,2,1,1,2,0,2,3,0,4,2,1,3,3,4,2,1,-0.0113838,-0.0162751,-0.0174560,-0.0167556,-0.02529989,sell
2018-08-04,1,3,3,3,3,1,1,3,1,3,3,3,5,3,4,3,1,-0.0249026,-0.0380181,-0.0238767,-0.0299837,-0.03313545,sell
2018-08-05,0,3,4,3,4,1,1,2,1,4,4,3,4,2,4,4,2,-0.0240030,-0.0216998,-0.0185793,-0.0217535,-0.02139192,sell
2018-08-06,0,2,3,4,6,0,2,3,0,5,4,3,4,2,5,5,2,-0.0204464,-0.0211875,-0.0214348,-0.0229050,-0.04234035,sell
2018-08-07,0,4,1,4,6,0,1,4,0,6,5,2,5,2,4,5,3,-0.0343892,-0.0390053,-0.0346872,-0.0390053,-0.04637788,sell
2018-08-08,0,3,3,3,6,1,1,3,1,5,5,2,5,2,5,5,2,-0.0403853,-0.0412616,-0.0394333,-0.0412616,-0.04895512,sell
2018-08-09,0,3,3,2,5,2,1,3,0,4,4,2,4,4,4,4,1,-0.0172282,-0.0211550,-0.0215236,-0.0198251,-0.02146538,sell
2018-08-10,0,5,1,3,6,1,1,3,1,6,5,2,4,3,5,6,2,-0.0341179,-0.0420271,-0.0384352,-0.0420271,-0.05503191,sell
2018-08-11,0,4,1,3,7,0,1,2,0,5,3,2,4,3,5,5,1,-0.0140041,-0.0283325,-0.0283325,-0.0283325,-0.04092372,sell
2018-08-12,0,3,3,4,5,1,2,1,1,4,3,3,4,3,5,5,1, 0.0007191, 0.0010102, 0.0005727, 0.0010102,-0.01179146,sell
2018-08-13,0,3,2,3,3,1,1,2,1,3,3,2,3,3,4,4,0,-0.0058070,-0.0067831,-0.0032291, 0.0036896,-0.00489501,sell
2018-08-14,1,3,1,1,3,0,1,2,0,4,2,1,2,3,4,3,1,-0.0133393,-0.0181796,-0.0181796,-0.0080418,-0.01333928,sell
2018-08-15,1,3,0,0,3,0,2,1,1,3,2,1,3,3,1,2,2,-0.0013676,-0.0090981,-0.0032485, 0.0027389,-0.00320338,sell
2018-08-16,0,2,0,1,2,1,2,1,2,3,1,1,3,2,2,3,2,-0.0147892,-0.0128145,-0.0085021,-0.0176198,-0.00905733,sell
2018-08-17,1,2,1,0,1,0,2,2,2,2,2,0,3,2,2,2,2, 0.0139177, 0.0126744, 0.0139177, 0.0120174, 0.01267437,buy
2018-08-18,0,2,0,0,3,0,3,4,3,2,2,2,3,2,3,3,2, 0.0061148, 0.0044947, 0.0105386, 0.0116216, 0.00766466,buy
2018-08-19,0,3,0,1,3,0,5,3,2,3,3,3,4,2,2,4,2,-0.0242367,-0.0199114,-0.0214154,-0.0186486,-0.01588142,sell
2018-08-20,0,2,3,1,3,0,5,3,2,3,4,4,4,1,2,5,2,-0.0126557,-0.0153089,-0.0182360,-0.0090754,-0.01987582,sell
2018-08-21,1,2,3,0,3,0,3,2,1,3,3,3,3,1,3,4,1, 0.0082723,-0.0074626, 0.0004447, 0.0023571,-0.00192036,buy
2018-08-22,1,3,2,0,3,0,2,1,3,4,3,2,4,2,2,4,2, 0.0065111, 0.0010319, 0.0058034, 0.0130396,-0.01429677,buy
2018-08-23,2,4,2,1,3,0,3,2,1,4,2,3,4,3,3,5,2,-0.0019886,-0.0064717,-0.0009299,-0.0061976,-0.00632369,sell
2018-08-24,1,3,3,1,3,0,4,3,1,5,3,3,5,2,4,4,3, 0.0089050, 0.0062094, 0.0081200, 0.0089223, 0.00679951,buy
2018-08-25,0,3,3,2,3,0,4,2,1,4,4,3,4,3,3,3,2,-0.0047035,-0.0135873,-0.0049703,-0.0021783,-0.01250731,sell
2018-08-26,0,3,2,3,3,0,2,2,3,3,3,2,3,4,3,4,2, 0.0039863,-0.0014896,-0.0004774, 0.0011221, 0.00043375,buy
2018-08-27,1,2,3,2,4,0,1,3,2,3,3,2,4,4,2,4,2, 0.0040952, 0.0024042,-0.0155724, 0.0132957, 0.00240424,buy
2018-08-28,0,1,3,3,3,0,3,1,3,4,4,1,2,4,4,4,2, 0.0312471, 0.0186807, 0.0247481, 0.0252061, 0.02521573,buy
2018-08-29,0,2,2,3,3,0,3,1,1,5,3,0,3,4,5,4,1, 0.0042694, 0.0023817, 0.0054996, 0.0057283, 0.00426944,buy
2018-08-30,1,3,3,2,3,1,2,2,1,5,2,1,4,5,5,4,2,-0.0049281, 0.0062359, 0.0062359,-0.0049281,-0.00840412,sell
2018-08-31,1,2,2,2,1,0,1,2,2,4,1,2,3,4,4,2,1,-0.0181789,-0.0278202,-0.0247546,-0.0224741,-0.02581997,sell
2018-09-01,0,1,2,2,2,1,1,1,2,4,2,3,2,3,3,1,2, 0.0140173,-0.0026582, 0.0209374,-0.0161787, 0.01206860,buy
2018-09-02,0,0,1,3,2,1,2,1,1,2,0,3,2,1,2,2,3, 0.0083223, 0.0083223, 0.0078978, 0.0105303, 0.00885216,buy
2018-09-03,0,0,1,3,3,1,1,2,1,3,1,4,3,1,1,2,3, 0.0070175, 0.0069259, 0.0074405, 0.0066328, 0.01513815,buy
2018-09-04,0,1,3,3,3,2,1,1,2,2,1,4,4,1,3,3,2,-0.0084169, 0.0043263, 0.0032386,-0.0074800, 0.00781741,sell
2018-09-05,0,1,4,3,1,4,1,1,1,2,1,3,4,1,3,4,2,-0.0231730,-0.0224286,-0.0131035,-0.0220174,-0.02319442,sell
2018-09-06,0,1,4,5,2,4,1,1,2,4,3,4,4,3,3,5,2,-0.0582585,-0.0567959,-0.0316318,-0.0526318,-0.05492217,sell
2018-09-07,0,2,3,5,4,2,1,1,3,4,3,3,4,3,5,6,1,-0.0031405,-0.0059784, 0.0007465,-0.0059784, 0.00785416,sell
2018-09-08,0,1,5,6,3,2,1,1,3,3,2,4,3,4,6,5,1,-0.0058891,-0.0113970, 0.0071695,-0.0092325, 0.00321712,sell
2018-09-09,0,2,6,7,0,3,1,2,3,2,2,3,4,4,6,6,1,-0.0062549,-0.0067693,-0.0038269,-0.0067693,-0.00393197,sell
2018-09-10,0,3,4,5,1,2,2,2,3,3,3,3,3,4,6,5,1,-0.0008681,-0.0034544, 0.0034354,-0.0034544, 0.00660853,sell
2018-09-11,0,3,1,3,2,3,2,2,2,4,3,3,5,3,4,4,0,-0.0199123,-0.0156756,-0.0152397,-0.0199123,-0.01826753,sell
2018-09-12,1,2,1,5,0,4,2,1,3,4,2,5,5,2,4,4,1,-0.0327861,-0.0377871,-0.0316485,-0.0386887,-0.03506574,sell
2018-09-13,2,1,3,5,0,3,1,3,4,3,2,3,5,3,5,5,2, 0.0396637, 0.0303116, 0.0359668, 0.0429070, 0.04118594,buy
2018-09-14,1,3,3,3,1,2,2,3,5,2,3,3,5,3,6,4,1, 0.0359193, 0.0417214, 0.0359193, 0.0356206, 0.02410726,buy
2018-09-15,0,3,2,3,1,2,3,3,4,3,2,3,5,3,5,4,2, 0.0265281, 0.0411386, 0.0259663, 0.0268116, 0.02099742,buy
2018-09-16,0,2,2,3,0,2,3,4,3,3,3,3,3,3,4,4,2, 0.0020183, 0.0051769, 0.0023338, 0.0053193,-0.00395003,buy
2018-09-17,1,1,2,1,0,1,2,3,3,2,2,2,1,1,4,4,2,-0.0143158,-0.0178682, 0.0017207,-0.0159752, 0.00172066,sell
2018-09-18,2,2,2,0,0,1,1,3,5,2,3,1,2,2,4,4,2,-0.0084631,-0.0100992,-0.0108729, 0.0107474,-0.01087293,sell
2018-09-19,2,1,0,0,0,1,2,3,3,3,1,2,3,1,3,4,1, 0.0015183, 0.0020794,-0.0000872, 0.0014276, 0.00393448,buy
2018-09-20,1,0,2,0,2,1,3,2,1,6,0,4,3,0,5,5,1, 0.0266840, 0.0268787, 0.0283764, 0.0251656, 0.01252642,buy
2018-09-21,0,1,2,0,2,0,3,2,0,6,1,3,2,1,4,3,2, 0.0265353, 0.0161948, 0.0252141, 0.0257954, 0.00845862,buy
2018-09-22,0,2,3,0,2,0,2,2,2,5,2,4,1,1,4,4,2, 0.0140915, 0.0048690, 0.0125668,-0.0017004,-0.00198422,buy
2018-09-23,1,2,4,0,2,0,2,5,2,4,3,5,2,3,4,4,1, 0.0176635, 0.0269513, 0.0282652, 0.0143506, 0.01388185,buy
2018-09-24,1,2,3,1,2,0,3,4,2,5,2,5,2,3,4,5,2, 0.0094670, 0.0156397, 0.0157266,-0.0016602,-0.00263877,buy
2018-09-25,0,3,2,1,3,0,4,2,1,5,3,4,1,2,5,4,2,-0.0023983,-0.0039676,-0.0022971,-0.0104869,-0.01294720,sell
2018-09-26,0,3,2,0,2,0,3,2,0,5,3,3,1,3,4,2,1,-0.0136164,-0.0297898,-0.0148484,-0.0095412,-0.01361640,sell
2018-09-27,1,3,4,0,1,1,2,3,0,4,2,4,2,3,3,3,2, 0.0180588, 0.0180588, 0.0164124, 0.0156831, 0.02217902,buy
2018-09-28,0,2,3,1,2,2,2,2,1,4,3,4,3,2,3,2,2, 0.0177343, 0.0130085, 0.0186781, 0.0053298, 0.01773429,buy
2018-09-29,0,1,4,1,2,1,3,1,0,3,2,3,2,3,3,2,1,-0.0068846,-0.0094373,-0.0139241,-0.0121858,-0.01218580,sell
2018-09-30,0,1,3,2,5,0,2,2,0,5,2,4,3,4,3,2,2, 0.0065676,-0.0063133, 0.0076954, 0.0166833,-0.00016651,buy
2018-10-01,0,2,2,2,4,1,1,2,1,4,2,4,3,3,3,3,1,-0.0011307, 0.0050406,-0.0074868, 0.0103421, 0.00749283,buy
2018-10-02,0,1,4,1,2,2,2,1,1,3,3,3,3,3,2,2,1,-0.0046540,-0.0045688,-0.0098401,-0.0097726,-0.00459847,sell
2018-10-03,0,3,4,1,2,1,2,1,0,3,3,3,4,3,2,1,1,-0.0114977,-0.0117337,-0.0097791,-0.0111594,-0.00032554,sell
2018-10-04,0,4,2,2,4,1,2,1,0,4,3,4,4,2,3,2,2, 0.0045552, 0.0011800, 0.0041473,-0.0040011, 0.00303976,buy
2018-10-05,0,2,4,2,3,0,1,1,0,3,3,3,3,3,2,2,0,-0.0049736,-0.0153565,-0.0053877,-0.0144366, 0.00370466,sell
2018-10-06,0,1,5,2,2,1,1,0,1,2,1,4,3,3,1,2,1,-0.0029657,-0.0028891,-0.0088766,-0.0089292,-0.01277843,sell
2018-10-07,0,2,2,3,2,2,1,1,1,3,2,3,4,2,2,3,1,-0.0033361,-0.0006698,-0.0037419,-0.0033520,-0.00358057,sell
2018-10-08,0,2,2,1,3,1,2,2,0,3,2,3,4,2,1,2,2,-0.0064365, 0.0034156,-0.0038957, 0.0041705,-0.00575532,sell
2018-10-09,0,2,2,2,2,2,2,0,1,3,1,4,5,2,1,2,1, 0.0004852,-0.0011791,-0.0005109,-0.0006055,-0.00060547,sell
2018-10-10,1,2,2,2,1,2,1,0,2,3,1,4,5,1,2,2,1,-0.0033475,-0.0037812,-0.0043560,-0.0043436,-0.00435595,sell
2018-10-11,2,0,2,1,1,1,1,1,2,3,1,2,5,2,2,1,1,-0.0316314,-0.0137967,-0.0200744,-0.0305546,-0.01379670,sell
2018-10-12,1,1,1,1,1,1,3,1,1,2,1,1,4,2,2,2,1,-0.0276276,-0.0242809,-0.0076208,-0.0141236,-0.02694750,sell
2018-10-13,1,0,1,1,0,1,4,1,2,3,0,2,3,3,2,2,2,-0.0015963,-0.0026653, 0.0062452, 0.0032077,-0.01259857,sell
2018-10-14,2,0,2,0,0,0,4,2,1,3,2,3,2,2,2,1,2,-0.0030371,-0.0003573,-0.0008807,-0.0039179,-0.01146453,sell
2018-10-15,3,1,2,0,0,0,3,1,3,3,2,3,3,2,2,2,2, 0.0092520,-0.0000946, 0.0068002, 0.0042365, 0.00246026,buy
2018-10-16,2,1,1,0,0,0,3,1,2,3,2,3,4,2,0,1,1, 0.0072437, 0.0085235, 0.0048990, 0.0074963,-0.00090617,buy
2018-10-17,1,0,1,0,0,0,3,1,1,5,2,2,3,1,1,1,2,-0.0010838, 0.0057692,-0.0030268, 0.0038097,-0.00451511,sell
2018-10-18,2,1,1,1,0,0,4,1,1,2,1,2,4,1,2,0,3,-0.0016076,-0.0015471, 0.0023092,-0.0011085,-0.00389349,sell
2018-10-19,0,1,1,1,0,1,3,2,4,2,2,1,3,3,3,2,1,-0.0011759,-0.0001395,-0.0014742, 0.0109501, 0.00183600,buy
2018-10-20,1,1,2,1,0,1,4,4,4,1,2,2,4,3,4,3,1, 0.0109437, 0.0231407,-0.0089944, 0.0133280, 0.00207134,buy
2018-10-21,1,1,2,2,0,1,4,3,3,1,2,3,4,3,3,2,1,-0.0002945, 0.0047764, 0.0028590, 0.0058860, 0.00733408,buy
2018-10-22,0,2,2,2,1,2,4,3,2,2,3,4,3,2,4,3,1,-0.0117262,-0.0034711,-0.0111892,-0.0111892,-0.01529216,sell
2018-10-23,0,3,0,2,1,2,4,2,4,3,2,4,3,3,6,2,1,-0.0030758,-0.0097827,-0.0048553,-0.0064727,-0.00557337,sell
2018-10-24,1,3,1,1,1,3,3,3,3,2,2,3,3,4,5,3,1,-0.0025499,-0.0101670,-0.0025499,-0.0026705,-0.00031948,sell
2018-10-25,2,3,2,2,0,3,2,2,4,2,1,4,3,4,6,3,1, 0.0017865,-0.0017756, 0.0027570, 0.0053716,-0.00103931,buy
2018-10-26,1,3,1,4,2,3,3,2,2,1,2,4,3,3,6,3,1,-0.0030161,-0.0063062, 0.0278442, 0.0295259, 0.01663965,buy
2018-10-27,1,3,1,3,3,2,2,2,2,1,1,4,2,3,4,4,2,-0.0126577,-0.0054592,-0.0127407, 0.0055983,-0.00460257,sell
2018-10-28,1,4,2,2,3,3,2,2,3,1,3,3,4,2,4,5,2,-0.0069680, 0.0116710, 0.0116710, 0.0222712, 0.01167097,buy
2018-10-29,1,3,2,3,2,2,3,1,3,0,4,2,4,1,4,3,2, 0.0055731, 0.0071149,-0.0073159,-0.0073159, 0.00618159,buy
2018-10-30,1,3,2,3,2,2,3,1,2,2,4,2,4,2,3,3,3, 0.0086179, 0.0141681,-0.0043231,-0.0005692, 0.00991673,buy
2018-10-31,1,4,1,2,3,1,4,2,1,2,4,1,4,2,4,4,2,-0.0074637,-0.0104232,-0.0163029,-0.0064282, 0.00229471,sell
2018-11-01,1,4,2,2,3,2,4,2,2,1,4,2,4,3,4,4,2, 0.0092237, 0.0190850, 0.0167544, 0.0170548, 0.01908500,buy
2018-11-02,1,2,3,2,1,3,4,3,1,1,3,2,4,3,3,3,3, 0.0378803, 0.0240851, 0.0237513, 0.0240851, 0.01623611,buy
2018-11-03,1,3,2,2,2,2,3,3,0,0,2,2,4,3,3,3,1,-0.0151816,-0.0124388,-0.0127081,-0.0242017,-0.01669173,sell
2018-11-04,0,4,2,2,2,1,4,2,1,1,2,4,3,3,4,2,1, 0.0088893, 0.0243063, 0.0181519, 0.0180890, 0.00669447,buy
2018-11-05,0,2,3,2,1,1,2,3,0,2,2,4,3,3,3,1,0, 0.0246660, 0.0271762, 0.0261628, 0.0344637, 0.02245025,buy
2018-11-06,1,1,3,2,0,2,3,2,1,1,2,3,3,2,3,2,1,-0.0007419, 0.0058192, 0.0078941, 0.0078800, 0.00658726,buy
2018-11-07,0,2,3,1,0,1,2,3,3,1,2,3,3,3,3,1,1, 0.0045852, 0.0074454, 0.0052137, 0.0125068, 0.00964776,buy
2018-11-08,1,2,2,1,1,1,4,3,2,3,3,3,4,3,3,2,2,-0.0090420,-0.0094965, 0.0076687,-0.0011051,-0.00904205,sell
2018-11-09,1,2,2,2,1,1,3,4,2,3,3,2,5,2,3,4,2,-0.0037382,-0.0046494,-0.0030403,-0.0023491,-0.00108887,sell
2018-11-10,0,0,3,3,0,1,2,2,4,3,2,2,4,2,1,5,2,-0.0198016,-0.0240504,-0.0239834,-0.0240075,-0.02307156,sell
2018-11-11,1,0,3,2,0,1,1,3,4,2,2,3,3,1,2,4,2,-0.0090864,-0.0223360,-0.0231326,-0.0231326,-0.02868513,sell
2018-11-12,2,1,1,2,0,1,0,4,3,3,2,2,3,2,2,4,2,-0.0104279,-0.0189341,-0.0189341,-0.0189341,-0.01822607,sell
2018-11-13,1,0,1,2,0,1,2,3,3,4,2,2,3,2,2,4,2,-0.0271994,-0.0359428,-0.0359428,-0.0359428,-0.03524103,sell
2018-11-14,0,1,1,2,0,1,3,2,3,3,2,1,3,2,2,4,2,-0.0324379,-0.0434576,-0.0476877,-0.0476877,-0.04495293,sell
2018-11-15,1,0,2,2,0,1,2,3,3,3,2,2,3,2,2,4,2,-0.0231198,-0.0415889,-0.0415889,-0.0415889,-0.04394286,sell
2018-11-16,2,0,2,3,0,1,0,4,3,3,2,2,3,2,2,4,3,-0.0081063,-0.0164119,-0.0164119,-0.0164119,-0.01608429,sell
2018-11-17,1,1,0,3,0,1,0,4,3,2,2,0,3,2,2,4,2,-0.0203485,-0.0209859,-0.0209859,-0.0209859,-0.02098591,sell
2018-11-18,0,0,1,2,2,1,2,2,2,3,2,1,2,2,1,5,2,-0.0291863,-0.0329141,-0.0220890,-0.0298900,-0.02208905,sell
2018-11-19,1,2,1,3,1,1,2,3,1,5,4,3,4,2,2,4,1,-0.0294205,-0.0267221,-0.0267000,-0.0267221,-0.02751101,sell
2018-11-20,2,3,0,3,2,2,1,4,3,4,4,3,5,3,2,5,2,-0.0276938,-0.0630949,-0.0632095,-0.0564303,-0.05643029,sell
2018-11-21,2,2,1,2,2,2,0,3,4,3,3,2,5,2,2,5,2,-0.0028332,-0.0323474,-0.0349411,-0.0356373,-0.03173754,sell
2018-11-22,1,1,1,3,2,1,2,3,2,3,2,1,4,3,3,4,2,-0.0096280,-0.0071161,-0.0073527,-0.0075913,-0.01294007,sell
2018-11-23,1,1,0,4,3,2,2,4,1,6,3,3,4,3,3,5,3,-0.0100288,-0.0159837,-0.0088212,-0.0152251,-0.01066037,sell
2018-11-24,2,3,1,2,2,1,1,5,2,5,3,3,5,4,2,4,3,-0.0175622,-0.0373759,-0.0299107,-0.0354075,-0.03016889,sell
2018-11-25,2,2,3,1,2,2,2,4,2,3,4,3,4,3,4,3,2,-0.0131476,-0.0054288,-0.0077868, 0.0102742,-0.00905191,sell
2018-11-26,2,2,2,3,0,3,2,3,1,4,4,4,3,4,4,1,2, 0.0137656, 0.0092144, 0.0385650, 0.0368747, 0.01376559,buy
2018-11-27,2,3,1,3,2,1,2,3,1,5,4,4,4,3,4,3,1,-0.0057718,-0.0058047,-0.0017250,-0.0066558,-0.01767941,sell
2018-11-28,2,3,1,2,5,1,2,3,1,3,5,3,3,4,5,3,0, 0.0058076, 0.0094207, 0.0051385,-0.0003515, 0.01064492,buy
2018-11-29,3,2,2,3,2,2,2,3,2,3,5,2,3,5,4,3,2,-0.0062992,-0.0013680,-0.0010145, 0.0326327, 0.01170601,buy
2018-11-30,3,2,2,3,1,3,2,3,1,3,4,2,4,4,4,3,2,-0.0216967,-0.0209774,-0.0031596, 0.0203297,-0.01260982,sell
2018-12-01,3,4,1,1,2,1,3,0,2,4,4,2,4,2,4,3,2, 0.0121907, 0.0070259,-0.0090866, 0.0033755, 0.00969054,buy
2018-12-02,2,3,0,2,3,1,2,2,2,5,4,3,5,2,3,4,1,-0.0085810,-0.0101050,-0.0096813,-0.0165226,-0.04595132,sell
2018-12-03,2,2,0,4,1,2,3,2,1,3,2,3,5,1,2,5,2,-0.0546710,-0.0409757,-0.0546710,-0.0536444,-0.05178885,sell
2018-12-04,2,2,2,3,1,2,3,1,2,2,1,3,6,0,3,5,2,-0.0343026,-0.0323347,-0.0365727,-0.0365727,-0.03492593,sell
2018-12-05,1,4,2,2,2,1,2,3,2,2,0,4,6,1,3,5,2,-0.0039200,-0.0178512,-0.0184231,-0.0180783,-0.01274331,sell
2018-12-06,2,4,0,3,2,1,3,3,0,4,2,4,6,1,2,6,1,-0.0586348,-0.0402787,-0.0574525,-0.0549733,-0.06084113,sell
2018-12-07,2,2,0,3,1,1,3,3,0,4,2,3,5,1,2,5,1,-0.0719689,-0.0523241,-0.0723689,-0.0685418,-0.06965662,sell
2018-12-08,2,2,1,1,1,1,4,2,1,2,2,2,3,2,2,5,1, 0.0097687, 0.0020418, 0.0135791, 0.0088247, 0.00204130,buy
2018-12-09,3,2,0,1,1,1,3,2,3,2,2,2,4,2,2,5,1, 0.0360215, 0.0226756, 0.0211560, 0.0186412, 0.01824623,buy
2018-12-10,2,2,0,1,1,0,2,4,3,3,2,3,4,3,1,5,0, 0.0045222,-0.0013311,-0.0023856,-0.0023600,-0.00236003,sell
2018-12-11,1,2,0,0,1,0,4,3,3,3,3,2,4,2,2,3,1,-0.0224921,-0.0099041,-0.0225250,-0.0041015,-0.01979256,sell
2018-12-12,1,3,0,0,1,0,6,2,2,1,2,2,3,3,3,2,1, 0.0113673, 0.0110542, 0.0137351, 0.0122303, 0.02601305,buy
2018-12-13,1,2,1,0,1,0,3,3,3,2,3,1,2,4,2,3,1,-0.0013943,-0.0056674,-0.0048852,-0.0012636,-0.00488524,sell
2018-12-14,3,3,1,0,1,0,2,3,4,2,3,3,3,5,2,2,1,-0.0417604,-0.0374025,-0.0302503,-0.0417604,-0.04176039,sell
2018-12-15,3,4,2,1,1,0,3,2,3,1,3,3,4,4,1,4,1,-0.0129620,-0.0267200,-0.0198767,-0.0128633,-0.01306267,sell
2018-12-16,1,3,3,0,1,0,4,1,2,2,4,2,3,3,2,2,1, 0.0540081, 0.0554843, 0.0540081, 0.0549916, 0.05431337,buy
2018-12-17,2,4,3,1,1,0,3,1,2,2,5,2,3,3,3,2,1, 0.0587026, 0.0634215, 0.0636575, 0.0564526, 0.05870263,buy
2018-12-18,2,4,3,1,1,1,2,3,2,1,5,2,2,4,4,2,1, 0.0570209, 0.0566634, 0.0605380, 0.0531290, 0.05631324,buy
2018-12-19,1,2,4,1,1,1,2,2,4,0,4,3,2,3,4,1,1, 0.0009327, 0.0125665, 0.0020394, 0.0072524, 0.00957885,buy
2018-12-20,1,2,3,2,0,1,3,1,3,0,4,2,1,4,3,2,0,-0.0123440, 0.0059134,-0.0047670, 0.0068903, 0.00404938,sell
2018-12-21,1,2,2,2,3,1,2,2,2,3,4,2,3,4,3,3,1, 0.0127765, 0.0040071, 0.0119343,-0.0015790, 0.00757874,buy
2018-12-22,1,4,2,2,1,0,2,0,3,2,2,3,3,2,2,3,2, 0.0062973,-0.0080358,-0.0078667,-0.0039884,-0.01380216,sell
2018-12-23,1,3,4,1,1,2,2,0,1,1,3,2,3,2,2,2,2, 0.0304870, 0.0362839, 0.0487555, 0.0422593, 0.03070269,buy
2018-12-24,1,3,4,3,0,1,3,0,1,2,3,2,3,2,1,4,3, 0.0180387, 0.0125783,-0.0074287,-0.0017398, 0.03128317,buy
2018-12-25,1,4,3,2,3,0,3,0,1,2,3,2,3,2,2,4,3, 0.0128476,-0.0162409, 0.0014861,-0.0148647, 0.00993342,buy
2018-12-26,1,3,2,3,2,0,3,0,1,2,3,2,2,4,1,3,2,-0.0255882, 0.0004905,-0.0134242,-0.0122307,-0.00769551,sell
2018-12-27,1,2,3,3,0,1,3,0,2,2,2,1,3,4,2,3,2,-0.0352536,-0.0158377,-0.0248829,-0.0248829, 0.00253525,sell
2018-12-28,1,3,1,0,1,2,4,0,2,1,2,2,2,3,2,2,2, 0.0264545, 0.0272175, 0.0186480, 0.0264361, 0.03138953,buy
2018-12-29,1,2,0,0,2,1,4,1,2,1,3,1,1,3,2,2,2, 0.0211148, 0.0046275,-0.0126916,-0.0119910, 0.01154706,buy
2018-12-30,1,0,0,1,2,1,5,2,1,2,2,1,2,3,3,2,2, 0.0126802,-0.0011689,-0.0002399,-0.0109326, 0.00184221,buy
2018-12-31,1,0,2,2,1,1,5,2,3,0,3,2,3,2,3,3,1,-0.0182859,-0.0260415,-0.0184871,-0.0180281,-0.02024150,sell
2019-01-01,2,0,2,1,1,0,5,2,4,0,2,1,2,3,4,3,2,-0.0073866, 0.0074724,-0.0116907,-0.0113342,-0.00738656,sell
2019-01-02,3,2,2,0,2,0,3,3,2,1,2,2,2,2,3,5,2, 0.0217606, 0.0285469, 0.0217200, 0.0337100, 0.02530620,buy
2019-01-03,2,2,1,1,1,0,5,2,1,2,2,2,2,2,3,5,1, 0.0012667, 0.0006759, 0.0103377, 0.0045346, 0.00166296,buy
2019-01-04,1,3,2,0,1,0,5,1,1,2,1,3,2,1,2,5,2, 0.0013623, 0.0060177, 0.0056301, 0.0074895, 0.00603272,buy
2019-01-05,2,3,3,0,1,0,3,2,2,2,2,3,3,0,3,5,2, 0.0275354, 0.0266526, 0.0182949, 0.0255009, 0.03197854,buy
2019-01-06,4,3,2,0,1,0,3,4,3,2,3,2,4,2,3,5,3, 0.0381466,-0.0015250, 0.0368943, 0.0480876, 0.04813537,buy
2019-01-07,2,2,2,0,1,0,2,3,3,2,2,3,3,1,2,4,2, 0.0242752, 0.0273416, 0.0123139, 0.0290924, 0.02293080,buy
2019-01-08,1,2,1,0,1,0,4,2,3,1,1,4,3,2,2,2,1,-0.0081031,-0.0064551,-0.0080772,-0.0069006,-0.00642650,sell
2019-01-09,1,2,1,0,1,0,1,3,1,2,0,3,1,3,1,3,1, 0.0052409,-0.0009443, 0.0048623, 0.0048623, 0.00524090,buy
2019-01-10,3,3,1,0,0,0,1,3,2,3,1,3,2,3,2,3,2,-0.0276331,-0.0417933,-0.0285601,-0.0414360,-0.03438131,sell
2019-01-11,3,3,1,0,0,0,2,2,3,2,3,2,3,3,2,2,1,-0.0382612,-0.0405379,-0.0076604,-0.0407615,-0.03708176,sell
2019-01-12,3,3,2,0,0,0,2,1,1,2,2,3,2,2,2,2,1,-0.0453552,-0.0411115,-0.0255163,-0.0410823,-0.04356650,sell
2019-01-13,3,1,3,1,0,0,2,1,1,4,2,3,2,3,3,1,2,-0.0016584,-0.0080009,-0.0122748,-0.0134706,-0.00605056,sell
2019-01-14,3,3,1,2,0,0,1,2,1,4,2,2,2,4,3,3,1, 0.0042124, 0.0055122, 0.0068317, 0.0042269, 0.00745607,buy
2019-01-15,4,2,3,1,2,0,2,3,2,2,4,2,4,4,3,3,1, 0.0244819, 0.0025459, 0.0160097,-0.0033358, 0.00841784,buy
2019-01-16,4,1,4,2,1,0,4,4,2,3,5,2,5,4,5,4,0, 0.0001353,-0.0003107,-0.0054966,-0.0062679,-0.00386327,sell
2019-01-17,2,1,2,3,1,2,4,5,2,4,5,3,5,3,4,5,1,-0.0093895,-0.0079390,-0.0066571,-0.0068334,-0.00614269,sell
2019-01-18,2,1,2,1,2,2,2,3,2,4,4,2,5,2,3,4,1, 0.0039515, 0.0100868, 0.0005520, 0.0018022,-0.00239568,buy
2019-01-19,2,1,3,1,2,1,2,2,1,4,4,2,5,1,3,3,1, 0.0129264,-0.0005158, 0.0038171,-0.0086786, 0.00099393,buy
2019-01-20,2,1,3,4,2,2,2,2,0,6,5,3,5,2,3,4,2,-0.0065988,-0.0062311,-0.0078230,-0.0010002, 0.00085343,sell
2019-01-21,2,2,5,4,2,0,2,3,0,5,5,3,6,1,3,5,2,-0.0056411,-0.0054357,-0.0075472,-0.0057459, 0.00707583,sell
2019-01-22,1,1,6,3,3,0,2,5,0,4,5,3,5,1,4,5,2,-0.0042558,-0.0042392,-0.0089252,-0.0048922,-0.00062813,sell
2019-01-23,1,2,4,5,1,1,3,5,0,5,6,3,5,2,4,5,2, 0.0029810, 0.0023849, 0.0017471, 0.0040326, 0.00949601,buy
2019-01-24,1,0,4,2,2,1,3,4,0,6,5,2,4,2,3,5,2, 0.0027225, 0.0007651,-0.0041880, 0.0026486, 0.00261560,buy
2019-01-25,1,2,2,0,2,0,2,4,0,5,4,1,4,3,3,2,1,-0.0115265,-0.0016043,-0.0042634,-0.0072202,-0.00900055,sell
2019-01-26,1,1,2,0,1,2,2,3,2,5,4,2,3,4,2,2,2, 0.0079099,-0.0006288, 0.0079099, 0.0026332, 0.00743565,buy
2019-01-27,1,0,2,1,0,1,2,4,0,3,4,1,2,3,1,1,2,-0.0019422,-0.0027662, 0.0088490, 0.0011007,-0.00472339,sell
2019-01-28,0,0,3,0,1,0,4,2,2,2,2,2,2,3,2,0,3,-0.0160621,-0.0033052,-0.0147562,-0.0193807,-0.01723361,sell
2019-01-29,0,1,3,1,2,0,2,3,1,2,1,3,1,4,2,2,2,-0.0133696, 0.0014187,-0.0079546,-0.0032913,-0.00789132,sell
2019-01-30,1,1,4,2,0,0,4,2,0,3,2,3,3,3,3,2,1, 0.0009082, 0.0034125,-0.0057857, 0.0010663, 0.00119032,sell
2019-01-31,2,0,4,1,0,0,7,1,0,2,2,1,3,3,3,3,2, 0.0076840, 0.0099310, 0.0109153, 0.0101885, 0.01183305,buy
2019-02-01,2,1,3,0,0,0,4,1,2,1,2,1,3,1,3,2,2, 0.0022541, 0.0077906, 0.0022541, 0.0124749, 0.01109435,buy
2019-02-02,2,2,2,0,0,0,5,1,2,2,3,2,3,2,3,2,1, 0.0316879, 0.0327473, 0.0316899, 0.0316879, 0.03050862,buy
2019-02-03,1,0,2,0,0,0,6,3,2,3,4,1,3,3,2,2,2, 0.0290481, 0.0155156, 0.0290481, 0.0305839, 0.02891839,buy
2019-02-04,0,0,2,0,0,0,7,3,4,1,5,1,3,2,3,1,2, 0.0005190,-0.0015658,-0.0015658, 0.0024867, 0.00092458,buy
2019-02-05,1,0,1,0,0,0,6,3,7,1,3,2,2,3,3,3,3, 0.0032413, 0.0003865, 0.0036323, 0.0119089, 0.00559221,buy
2019-02-06,2,1,1,0,0,0,4,4,5,1,2,2,2,4,3,4,1,-0.0093128,-0.0079369,-0.0010472,-0.0122397,-0.01217228,sell
2019-02-07,2,1,1,0,0,0,5,2,5,2,2,3,2,4,3,4,0,-0.0170969,-0.0244529,-0.0190960,-0.0092335,-0.01915920,sell
2019-02-08,1,2,0,0,0,0,6,2,4,3,3,2,2,4,3,3,1, 0.0148008,-0.0278033, 0.0167903, 0.0352612, 0.01843929,buy
2019-02-09,1,3,1,0,0,0,2,2,3,3,3,1,2,2,3,2,2, 0.0176532, 0.0111260, 0.0489091, 0.0305913, 0.04602033,buy
2019-02-10,3,3,1,0,0,0,2,3,3,2,2,2,3,2,4,3,1,-0.0142659,-0.0096972, 0.0008321,-0.0080550,-0.00969716,sell
2019-02-11,3,3,2,1,0,0,1,3,4,0,2,2,3,2,4,3,1, 0.0220796, 0.0076910, 0.0021739, 0.0100749, 0.00747898,buy
2019-02-12,1,1,3,1,1,0,1,3,3,0,2,0,2,3,3,2,2,-0.0094856, 0.0004929, 0.0131252,-0.0025158,-0.01254436,sell
2019-02-13,2,1,1,3,0,0,3,3,1,0,0,1,2,4,4,2,1,-0.0166037,-0.0148167,-0.0245027,-0.0192500,-0.01481675,sell
2019-02-14,2,2,0,1,3,1,1,4,2,1,1,1,3,4,3,4,1,-0.0109731, 0.0002138, 0.0018208,-0.0093823,-0.01200440,sell
2019-02-15,2,3,0,0,1,1,1,2,5,0,1,1,3,3,2,4,1, 0.0027547,-0.0017677, 0.0026454,-0.0044431, 0.00264544,sell
2019-02-16,3,4,1,1,1,3,0,4,4,0,2,2,4,3,4,4,2, 0.0084183, 0.0084183, 0.0084183, 0.0069896, 0.00777253,buy
2019-02-17,3,4,1,3,1,2,0,3,5,2,3,3,5,2,5,5,1, 0.0161771, 0.0167049, 0.0134271, 0.0188323, 0.01670492,buy
2019-02-18,4,6,1,2,4,0,1,4,5,1,4,5,4,3,5,5,2, 0.0321896, 0.0327896, 0.0230998, 0.0321896, 0.03249592,buy
2019-02-19,4,5,3,4,3,0,1,4,5,1,5,4,3,4,6,5,3, 0.0307629, 0.0286570, 0.0220844, 0.0307629, 0.02917381,buy
2019-02-20,4,5,4,6,0,1,1,4,6,2,5,5,4,5,6,5,3, 0.0301829, 0.0316994, 0.0264658, 0.0288257, 0.03169945,buy
2019-02-21,4,6,3,2,2,0,1,4,5,2,4,5,2,5,5,5,3, 0.0265331, 0.0267403, 0.0213338, 0.0265331, 0.02555494,buy
2019-02-22,3,5,0,1,2,0,1,3,6,4,4,4,2,6,5,1,3,-0.0383040,-0.0383040,-0.0347366,-0.0401971,-0.02260090,sell
2019-02-23,2,2,0,2,0,2,1,4,4,4,5,4,1,5,3,1,2,-0.0509312,-0.0531392,-0.0276361,-0.0509584,-0.00504984,sell
2019-02-24,1,2,1,2,0,1,2,4,4,1,5,4,2,4,2,0,1,-0.0241573,-0.0177553,-0.0130390,-0.0250434,-0.01056836,sell
2019-02-25,1,3,1,1,1,0,2,4,6,2,4,3,2,5,3,2,2,-0.0306567,-0.0306567,-0.0306567,-0.0383424,-0.02308268,sell
2019-02-26,1,3,0,2,2,0,2,5,3,3,2,4,2,5,2,4,2,-0.0118242,-0.0009473,-0.0006935,-0.0009473, 0.00086727,sell
2019-02-27,2,2,1,3,0,0,4,4,3,3,3,4,2,5,1,4,3,-0.0102792,-0.0102792,-0.0101786,-0.0111209,-0.01005939,sell
2019-02-28,1,2,2,2,0,0,2,3,2,1,2,5,1,2,0,3,2, 0.0165045, 0.0130520, 0.0147185, 0.0152739, 0.01468585,buy
2019-03-01,3,2,1,1,0,0,2,4,3,1,2,4,3,2,1,4,1, 0.0075980, 0.0022172,-0.0038400, 0.0013944, 0.00221720,buy
2019-03-02,4,3,0,1,0,0,2,5,2,2,2,4,3,2,1,5,2, 0.0086227, 0.0086227,-0.0022041, 0.0055596, 0.00862271,buy
2019-03-03,2,1,0,0,0,0,2,5,2,3,1,4,4,0,0,4,2,-0.0008066, 0.0015388,-0.0098305,-0.0078595,-0.00141026,sell
2019-03-04,1,1,0,0,0,0,4,4,5,2,2,4,4,1,2,3,1,-0.0047852,-0.0061637,-0.0043986,-0.0094733,-0.00439861,sell
2019-03-05,1,0,0,0,0,0,3,6,5,1,2,2,3,2,2,4,1, 0.0198312, 0.0301904, 0.0407592, 0.0195064, 0.04170405,buy
2019-03-06,2,0,1,0,0,0,2,7,6,1,2,3,4,2,3,3,2, 0.0168131, 0.0271447, 0.0514034, 0.0224245, 0.05140336,buy
2019-03-07,2,0,1,0,0,0,2,5,5,1,2,3,3,1,3,3,1, 0.0148809, 0.0294803, 0.0439599, 0.0217063, 0.04395989,buy
2019-03-08,1,1,1,0,0,0,4,4,4,2,3,4,3,0,3,3,1, 0.0001451, 0.0009264, 0.0013212,-0.0014823, 0.00132119,sell
2019-03-09,2,0,2,0,0,0,3,4,4,3,3,3,3,2,3,3,1,-0.0065806, 0.0092173, 0.0113021,-0.0003542, 0.00917646,buy
2019-03-10,2,2,2,1,0,0,1,5,4,4,5,2,3,3,3,3,2, 0.0035451, 0.0028700, 0.0047889, 0.0062116, 0.00503312,buy
2019-03-11,2,1,3,1,1,0,1,3,5,4,5,4,3,3,3,1,2,-0.0156502,-0.0167938,-0.0256300,-0.0129385,-0.01067019,sell
2019-03-12,2,1,4,2,1,0,3,1,5,3,3,3,3,5,4,2,2,-0.0039677,-0.0015360,-0.0052508,-0.0021928,-0.01340005,sell
2019-03-13,0,0,3,2,1,0,2,2,4,4,2,2,3,4,4,1,2, 0.0090939, 0.0133196, 0.0111194, 0.0070179, 0.00693493,buy
2019-03-14,0,1,3,1,2,1,3,2,4,4,3,3,4,4,3,2,2, 0.0037305, 0.0028298, 0.0160700, 0.0037305, 0.00442405,buy
2019-03-15,0,1,3,1,2,1,2,1,5,3,3,3,4,3,3,1,2, 0.0093526, 0.0102717, 0.0097018, 0.0115850, 0.01459162,buy
2019-03-16,0,0,3,1,3,2,2,0,6,4,4,3,4,4,4,1,1, 0.0252673, 0.0293008, 0.0328310, 0.0291456, 0.02298979,buy
2019-03-17,1,1,2,2,2,0,5,0,5,4,4,2,5,4,3,3,1, 0.0107704, 0.0130209, 0.0105790, 0.0105790, 0.01007465,buy
2019-03-18,1,1,4,0,4,1,5,0,4,4,5,3,3,4,4,3,2,-0.0013963,-0.0013221,-0.0031240,-0.0022669,-0.00200658,sell
2019-03-19,1,2,3,3,1,1,5,0,4,3,5,3,3,4,4,3,1, 0.0008102, 0.0059428, 0.0021023, 0.0008102, 0.00081024,buy
2019-03-20,1,1,5,1,3,1,4,1,4,3,5,3,2,4,4,4,2,-0.0054300,-0.0054563,-0.0044073,-0.0060271,-0.00440728,sell
2019-03-21,1,2,2,2,3,0,3,1,3,2,3,2,2,4,4,3,1,-0.0038673,-0.0013755,-0.0013852,-0.0093961,-0.00059065,sell
2019-03-22,1,0,3,1,3,1,2,1,3,3,3,2,3,3,3,3,1,-0.0043352, 0.0020698, 0.0040822,-0.0016826, 0.00007382,buy
2019-03-23,1,2,3,1,1,1,2,2,2,1,4,1,3,2,1,3,2, 0.0229005, 0.0203781, 0.0226803, 0.0192626, 0.00684370,buy
2019-03-24,1,2,2,0,1,1,3,2,5,2,5,2,2,3,2,3,2, 0.0012741,-0.0048470, 0.0012741,-0.0044119,-0.00433857,sell
2019-03-25,1,2,1,0,2,1,2,3,4,2,4,2,2,3,2,4,1, 0.0044840, 0.0044840, 0.0000193,-0.0013705, 0.00028978,buy
2019-03-26,2,1,1,1,1,0,3,2,2,2,3,1,2,3,2,4,0, 0.0063340, 0.0062549, 0.0022726, 0.0056944,-0.00614977,buy
2019-03-27,2,1,2,0,2,0,3,2,3,1,3,2,1,2,3,4,1, 0.0034399, 0.0137859, 0.0142557, 0.0024879, 0.01425574,buy
2019-03-28,2,2,2,1,1,0,1,3,4,1,2,2,2,1,3,5,2, 0.0178117, 0.0159293, 0.0105474, 0.0136774, 0.01801406,buy
2019-03-29,3,2,1,1,0,0,2,4,3,2,2,3,3,1,3,5,1,-0.0275594,-0.0282461,-0.0305867,-0.0425511,-0.02824615,sell
2019-03-30,1,1,1,0,0,0,2,5,2,2,2,2,2,1,2,4,1, 0.0147561, 0.0146592, 0.0157010, 0.0161388, 0.01278366,buy
2019-03-31,1,2,0,0,0,0,4,4,3,0,3,1,2,2,3,3,0,-0.0067364, 0.0065549,-0.0006572,-0.0069568,-0.00695676,sell
2019-04-01,2,1,0,1,0,0,3,5,3,1,2,1,1,3,5,3,1,-0.0274650,-0.0071031,-0.0066403,-0.0270924, 0.00307276,sell
2019-04-02,3,0,0,1,0,0,1,7,3,1,0,2,2,2,5,4,1, 0.0503461, 0.0540231, 0.0567903, 0.0399518, 0.05402313,buy
2019-04-03,2,0,0,1,0,0,3,5,3,1,1,1,3,2,4,4,0, 0.0607897, 0.0382653, 0.0387283, 0.0607897, 0.03866933,buy
2019-04-04,1,1,0,1,0,0,4,3,2,1,2,2,2,1,2,3,1, 0.0082278, 0.0037317, 0.0088925, 0.0112940, 0.01208127,buy
2019-04-05,1,1,1,1,0,0,4,4,2,3,2,2,3,3,4,2,1, 0.0139667, 0.0039571, 0.0091370, 0.0089600, 0.01522514,buy
2019-04-06,3,2,1,2,0,0,3,5,2,4,2,2,4,4,5,4,1, 0.0127541, 0.0187840, 0.0119977,-0.0058183, 0.02074911,buy
2019-04-07,3,2,1,3,0,0,3,4,4,2,2,2,5,3,5,4,1, 0.0112236, 0.0127718, 0.0036234,-0.0076772, 0.01097197,buy
2019-04-08,3,0,2,2,1,0,3,3,4,3,2,2,4,4,4,4,1,-0.0169572,-0.0151021,-0.0273873,-0.0188103,-0.01396050,sell
2019-04-09,3,0,1,4,0,0,2,3,3,5,2,2,4,4,5,3,1,-0.0094248,-0.0072510,-0.0096940,-0.0159173, 0.00783367,sell
2019-04-10,3,2,1,2,2,1,1,3,3,5,3,1,5,4,5,2,3,-0.0221426,-0.0317862,-0.0238865,-0.0034965,-0.01600957,sell
2019-04-11,2,2,1,2,0,1,2,2,5,4,4,2,3,4,4,2,2,-0.0191428,-0.0131577,-0.0198260, 0.0067801,-0.01659502,sell
2019-04-12,2,0,3,2,1,2,1,3,4,4,4,3,2,5,5,1,2,-0.0337583,-0.0321653,-0.0321110,-0.0207895,-0.01511670,sell
2019-04-13,2,0,2,5,1,1,0,3,4,5,5,3,2,5,3,2,3, 0.0042168, 0.0059535, 0.0010873, 0.0006900, 0.02107632,buy
2019-04-14,2,1,2,4,4,0,0,1,4,4,5,2,2,5,4,1,3, 0.0060220, 0.0107051,-0.0014869,-0.0009316, 0.01088297,buy
2019-04-15,1,1,3,3,3,0,1,1,2,5,5,2,0,5,4,2,2, 0.0268900, 0.0184465, 0.0165679, 0.0243909, 0.01740860,buy
2019-04-16,1,2,3,4,0,2,1,1,2,5,5,3,1,5,3,2,2, 0.0053184, 0.0019332, 0.0019015,-0.0003839, 0.00311447,buy
2019-04-17,2,3,4,1,1,1,1,1,1,3,3,3,0,5,2,3,2,-0.0035460,-0.0035460,-0.0086548, 0.0009893,-0.00258349,sell
2019-04-18,2,2,2,1,1,0,1,1,2,4,3,2,1,5,2,2,1, 0.0090500, 0.0119768, 0.0087430, 0.0087136, 0.01318438,buy
2019-04-19,2,2,1,2,1,1,2,3,1,4,5,2,3,1,2,4,2,-0.0100788,-0.0004940,-0.0181799, 0.0000412, 0.00046903,sell
2019-04-20,2,2,1,1,1,1,3,4,2,2,4,2,3,1,2,5,2,-0.0005983, 0.0055619,-0.0138429,-0.0018558, 0.00422210,sell
2019-04-21,2,3,2,0,1,0,3,4,2,1,2,1,4,1,3,5,2, 0.0132847, 0.0097239, 0.0127176, 0.0416089, 0.04377393,buy
2019-04-22,2,5,1,1,1,1,3,5,0,2,1,2,4,2,3,6,3,-0.0132556,-0.0198202,-0.0228736, 0.0035720,-0.01926062,sell
2019-04-23,3,5,1,1,0,1,3,3,0,3,3,2,3,2,2,5,3, 0.0164617,-0.0118768,-0.0048523, 0.0029850,-0.00467125,buy
2019-04-24,2,4,1,0,1,0,1,3,0,2,2,2,2,1,1,4,2,-0.0064805,-0.0209787,-0.0346963,-0.0373905,-0.02083261,sell
2019-04-25,3,5,0,1,2,0,2,3,1,1,4,2,3,2,3,4,0, 0.0121127, 0.0024458, 0.0071542,-0.0146962, 0.00460783,buy
2019-04-26,3,3,0,2,1,0,2,5,1,2,4,2,3,2,3,4,1,-0.0072437,-0.0047801,-0.0053507,-0.0042442,-0.00478010,sell
2019-04-27,1,3,1,1,1,0,3,4,2,2,3,3,4,1,3,3,1,-0.0152652,-0.0039090,-0.0122548, 0.0087937,-0.00612012,sell
2019-04-28,1,3,1,1,1,1,4,2,3,2,4,2,3,2,4,3,1,-0.0085645,-0.0085497,-0.0110089,-0.0083131,-0.00869603,sell
2019-04-29,0,3,0,1,2,1,2,3,2,3,3,2,2,4,3,2,1,-0.0126177,-0.0123810,-0.0033320, 0.0049742,-0.01201306,sell
2019-04-30,1,1,1,1,2,1,2,2,3,5,4,2,3,4,3,2,1, 0.0074878,-0.0045951,-0.0043831, 0.0046122, 0.00872825,buy
2019-05-01,0,1,1,1,2,1,2,1,2,5,5,2,2,3,2,2,0, 0.0150648, 0.0055557, 0.0055557, 0.0161443, 0.01727901,buy
2019-05-02,1,1,2,1,2,1,4,1,2,5,5,2,4,3,3,2,1, 0.0001241, 0.0001241, 0.0001241, 0.0001241, 0.00025420,sell
2019-05-03,2,1,2,1,2,1,2,2,2,6,4,2,4,3,5,2,1, 0.0240351, 0.0199591, 0.0225810, 0.0228128, 0.01757478,buy
2019-05-04,1,2,1,1,2,1,2,3,3,4,3,2,5,3,4,2,1,-0.0020449,-0.0176589,-0.0020619,-0.0010742,-0.02139602,sell
2019-05-05,1,0,4,0,3,1,3,0,2,4,4,1,4,4,3,1,1, 0.0029573,-0.0068478,-0.0031051,-0.0064933,-0.00458917,sell
2019-05-06,1,1,3,2,2,1,2,2,1,2,2,0,3,4,5,2,1,-0.0201772,-0.0174410,-0.0206231,-0.0047347,-0.01948409,sell
2019-05-07,2,2,2,1,4,2,1,2,3,3,3,2,4,5,5,2,1, 0.0160764, 0.0101389, 0.0191392, 0.0075642,-0.00029564,buy
2019-05-08,2,3,2,0,2,2,1,1,4,2,3,2,4,4,3,2,1, 0.0313074, 0.0048502, 0.0108199, 0.0077273,-0.00646566,buy
2019-05-09,1,2,4,1,2,3,1,1,2,3,4,1,4,5,4,1,1,-0.0012011, 0.0009883,-0.0024036,-0.0040143, 0.00690774,sell
2019-05-10,1,3,4,3,3,3,1,2,2,4,6,3,4,5,4,2,2, 0.0395311, 0.0390969, 0.0301793, 0.0280621, 0.03017926,buy
2019-05-11,1,4,4,3,5,1,0,2,2,3,6,3,4,5,3,3,1, 0.0549299, 0.0539379, 0.0491670, 0.0442273, 0.04757372,buy
2019-05-12,0,3,6,2,4,1,0,1,3,1,5,3,3,4,3,2,1, 0.0283231, 0.0284532, 0.0293667, 0.0202048, 0.02942153,buy
2019-05-13,0,2,6,4,1,1,0,1,2,2,4,2,3,4,3,2,1, 0.0026442, 0.0210799, 0.0026442, 0.0106500, 0.00621953,buy
2019-05-14,1,2,5,1,3,1,0,2,2,2,2,3,4,2,4,3,1, 0.0335659, 0.0261283, 0.0321258, 0.0364691, 0.03423709,buy
2019-05-15,1,5,4,0,4,0,0,2,3,2,1,4,4,3,5,3,1, 0.0142527, 0.0341489, 0.0390253, 0.0387824, 0.03414886,buy
2019-05-16,1,2,5,1,3,2,0,2,4,2,3,3,5,3,4,3,1, 0.0179134, 0.0179801, 0.0173836, 0.0196192, 0.00727925,buy
2019-05-17,1,3,5,2,2,2,0,2,3,0,3,3,5,3,2,3,1,-0.0218047,-0.0176549,-0.0165272,-0.0127676,-0.01902889,sell
2019-05-18,1,3,4,2,2,0,1,1,4,0,3,3,3,4,3,2,0,-0.0255629,-0.0207423,-0.0230007,-0.0250632,-0.02202613,sell
2019-05-19,1,4,3,1,4,0,1,3,2,0,2,3,3,4,3,3,1, 0.0144615, 0.0221080, 0.0144615, 0.0087317, 0.01628697,buy
2019-05-20,2,3,1,3,0,0,3,1,2,1,2,2,3,3,2,3,1,-0.0247794,-0.0212377,-0.0032040,-0.0032904,-0.01721742,sell
2019-05-21,2,3,2,2,0,1,5,1,2,0,2,4,2,2,1,5,2,-0.0065996,-0.0102658,-0.0097480,-0.0097480,-0.00912705,sell
2019-05-22,3,3,2,3,0,1,5,0,2,0,2,3,2,2,3,6,1,-0.0110523,-0.0142912,-0.0124163,-0.0096518,-0.01142591,sell
2019-05-23,2,4,0,4,1,0,5,1,2,1,2,3,3,3,3,5,1,-0.0112351,-0.0198090,-0.0056984, 0.0005923,-0.01583297,sell
2019-05-24,0,1,0,4,1,0,6,2,1,2,2,3,3,1,2,4,2, 0.0405744, 0.0397622, 0.0145748, 0.0442351, 0.03286574,buy
2019-05-25,0,0,0,5,0,0,8,0,2,1,1,3,1,3,3,3,2, 0.0519428, 0.0519428, 0.0375730, 0.0506510, 0.05205762,buy
2019-05-26,0,0,1,3,0,0,4,2,2,0,0,3,0,3,2,3,1, 0.0182965, 0.0048272, 0.0198522, 0.0223627, 0.02010880,buy
2019-05-27,1,0,2,2,0,0,3,3,5,2,1,2,3,3,4,3,2, 0.0200051, 0.0208414,-0.0250584, 0.0191683, 0.01754238,buy
2019-05-28,1,2,1,2,1,1,4,3,4,2,3,2,3,2,4,5,2,-0.0046130,-0.0008907, 0.0011693, 0.0002872, 0.00068763,buy
2019-05-29,0,1,1,2,2,1,5,2,2,2,3,2,2,1,3,4,3, 0.0049190, 0.0033498, 0.0049190, 0.0072142,-0.00571810,buy
2019-05-30,0,0,3,2,3,1,5,1,1,3,3,1,3,4,4,2,2, 0.0059315,-0.0200393, 0.0042334, 0.0198612,-0.00940262,buy
2019-05-31,1,2,2,2,3,1,2,2,2,2,3,2,3,5,3,2,1,-0.0061859, 0.0018042, 0.0066668,-0.0049222, 0.00166447,sell
2019-06-01,1,0,4,1,4,1,2,2,3,1,3,3,3,4,3,1,2, 0.0121620, 0.0165638, 0.0137156, 0.0183586, 0.01498114,buy
2019-06-02,1,0,4,3,3,1,3,2,1,0,3,3,1,5,3,1,2, 0.0212262, 0.0019463, 0.0019463, 0.0020065, 0.00369866,buy
2019-06-03,0,1,2,2,4,1,5,2,1,1,2,3,3,4,3,2,2, 0.0100392,-0.0040223,-0.0100923,-0.0100370,-0.00150166,sell
2019-06-04,0,2,2,0,3,1,2,2,1,2,2,2,4,2,2,2,1,-0.0228821,-0.0062749,-0.0236354, 0.0081259,-0.02706830,sell
2019-06-05,1,2,2,0,1,2,1,2,2,1,1,3,4,2,1,2,1,-0.0176767,-0.0039651,-0.0212211, 0.0024185,-0.00768237,sell
2019-06-06,0,1,3,2,2,3,1,2,2,2,3,2,5,2,2,3,1, 0.0250213, 0.0190730, 0.0182823, 0.0209018, 0.02091893,buy
2019-06-07,0,2,3,2,3,2,2,2,1,2,3,3,5,1,3,4,0, 0.0412969, 0.0437873, 0.0437873, 0.0425261, 0.04254013,buy
2019-06-08,0,1,3,1,4,2,2,3,1,2,2,4,3,1,4,4,1, 0.0151811, 0.0349956, 0.0419468, 0.0340901, 0.01578291,buy
2019-06-09,0,2,3,3,3,3,2,3,2,3,4,4,3,2,5,4,2, 0.0059987, 0.0094789, 0.0062516, 0.0094789, 0.00680323,buy
2019-06-10,0,1,4,2,3,3,2,2,2,2,3,3,3,2,4,4,2, 0.0334960, 0.0338871, 0.0351681, 0.0338871, 0.03388709,buy
2019-06-11,0,2,2,1,4,2,2,2,0,2,2,3,2,2,4,3,1,-0.0023176, 0.0326923, 0.0298773, 0.0404506,-0.00725052,buy
2019-06-12,1,1,1,3,4,3,2,2,1,4,3,5,3,4,4,2,1, 0.0186378, 0.0186378, 0.0183871, 0.0191999, 0.02314939,buy
2019-06-13,1,1,2,3,5,5,2,3,0,1,4,4,4,3,4,3,1, 0.0029402, 0.0001312,-0.0015322, 0.0142930,-0.00042040,buy
2019-06-14,1,0,4,2,4,4,2,2,2,1,4,3,4,4,5,2,0,-0.0145006,-0.0126092,-0.0108043,-0.0070199,-0.01138197,sell
2019-06-15,1,1,2,3,4,6,1,4,1,1,3,3,4,6,4,3,1, 0.0126663, 0.0087657, 0.0127171, 0.0165479, 0.01257098,buy
2019-06-16,2,1,2,3,5,5,3,2,0,1,3,4,4,6,3,3,1, 0.0087699, 0.0070979, 0.0104071, 0.0132149, 0.00661756,buy
2019-06-17,2,0,3,2,4,4,2,0,0,1,3,2,3,5,3,2,0,-0.0131243,-0.0128766,-0.0095425,-0.0112453,-0.01072169,sell
2019-06-18,2,0,3,1,4,4,1,0,1,0,3,1,3,4,3,1,1,-0.0003417, 0.0011872, 0.0095775, 0.0345583,-0.00034174,buy
2019-06-19,3,2,2,1,2,5,1,0,1,0,3,2,4,3,3,1,1, 0.0000671,-0.0101046,-0.0144772,-0.0025640, 0.00006711,sell
2019-06-20,1,1,3,1,0,5,0,2,0,2,2,1,5,2,2,1,2, 0.0059955, 0.0145832, 0.0152798, 0.0020295, 0.00436825,buy
2019-06-21,1,1,2,0,2,4,3,0,1,1,2,2,4,3,3,0,1, 0.0147539, 0.0192520, 0.0194839, 0.0261875, 0.01475386,buy
2019-06-22,1,2,1,0,2,3,1,3,1,1,1,2,3,4,2,2,1, 0.0024385, 0.0016958,-0.0181107,-0.0050416, 0.00189477,sell
2019-06-23,2,2,0,1,1,3,0,3,3,3,2,2,3,3,3,3,2,-0.0097933,-0.0165042,-0.0115037,-0.0066357,-0.00545499,sell
2019-06-24,2,2,1,0,2,3,0,2,3,3,3,2,3,4,2,3,1, 0.0043513,-0.0112217,-0.0093880,-0.0141777,-0.00369772,sell
2019-06-25,1,3,1,1,2,2,1,1,1,1,3,3,2,2,1,3,0,-0.0172893,-0.0172893,-0.0068222,-0.0172893,-0.01602427,sell
2019-06-26,1,2,1,2,2,2,1,1,2,4,3,3,4,3,2,2,1, 0.0018625,-0.0042593,-0.0069486,-0.0011565,-0.00112651,sell
2019-06-27,2,3,0,3,2,2,0,3,2,4,3,2,4,4,3,3,2,-0.0368613,-0.0423816,-0.0299737, 0.0116035,-0.01106572,sell
2019-06-28,2,1,2,3,2,0,1,3,2,2,3,2,4,3,1,4,1,-0.0160655, 0.0028497,-0.0050257,-0.0141618,-0.01677520,sell
2019-06-29,1,0,2,4,2,0,2,1,3,1,3,3,2,2,2,3,1, 0.0268592, 0.0276842,-0.0023206, 0.0286601, 0.02910679,buy
2019-06-30,1,0,0,5,2,1,2,1,2,2,3,4,2,2,2,3,0, 0.0159160, 0.0142617,-0.0137739, 0.0093637, 0.01665701,buy
2019-07-01,2,2,0,4,2,1,2,2,1,2,3,4,5,1,1,3,1,-0.0314662,-0.0242583,-0.0346416,-0.0314662,-0.01302475,sell
2019-07-02,2,2,0,4,1,1,2,0,2,1,3,3,4,0,1,3,1,-0.0171154,-0.0193778,-0.0211974,-0.0171154,-0.00945551,sell
2019-07-03,2,1,1,4,1,2,3,0,0,2,3,3,4,1,1,2,2,-0.0037724,-0.0011532,-0.0110793,-0.0060365, 0.00159617,sell
2019-07-04,2,1,1,6,1,1,3,0,0,3,5,3,4,0,1,3,2, 0.0025751, 0.0025751,-0.0022650,-0.0030569, 0.00596310,sell
2019-07-05,1,2,1,4,4,1,2,1,1,2,4,2,4,1,2,4,2,-0.0252060,-0.0245529,-0.0289526,-0.0225953,-0.03267574,sell
2019-07-06,1,2,2,6,1,1,3,0,2,2,4,3,4,1,2,4,2, 0.0020350, 0.0020350, 0.0000436, 0.0012888,-0.00444547,sell
2019-07-07,1,1,3,5,1,2,2,1,1,3,4,3,5,1,2,4,1,-0.0101100,-0.0095616,-0.0106490,-0.0101429,-0.01532011,sell
2019-07-08,1,3,2,4,2,1,2,0,2,3,3,3,4,2,2,4,2,-0.0045832,-0.0066138,-0.0143276,-0.0060973,-0.02768419,sell
2019-07-09,1,2,1,4,2,2,2,0,2,5,4,2,4,3,2,3,3,-0.0251157,-0.0041971,-0.0231159,-0.0039494,-0.02452272,sell
2019-07-10,1,1,2,4,1,3,2,1,1,4,3,3,4,2,1,4,3,-0.0243234, 0.0000335,-0.0261582, 0.0036354,-0.02373378,sell
2019-07-11,1,1,3,3,1,3,2,0,3,3,3,4,4,2,2,4,1,-0.0258306,-0.0233833,-0.0265472,-0.0282585,-0.02878665,sell
2019-07-12,1,2,3,4,2,2,1,2,1,2,2,4,5,3,2,3,1,-0.0036482,-0.0031863,-0.0043130,-0.0050256,-0.00129204,sell
2019-07-13,2,1,2,3,3,3,1,2,0,3,3,2,5,2,4,3,1,-0.0302401,-0.0276299,-0.0169021,-0.0182153,-0.01799896,sell
2019-07-14,2,0,2,4,1,3,2,0,0,3,3,2,4,2,3,3,0,-0.0479788,-0.0418195,-0.0238281,-0.0408810,-0.04201178,sell
2019-07-15,1,0,3,2,2,3,1,0,0,2,3,1,3,1,2,3,1,-0.0412770,-0.0356193,-0.0300842,-0.0378154,-0.03875207,sell
2019-07-16,2,1,2,2,1,3,1,0,1,2,3,0,4,2,2,3,1,-0.0354303,-0.0352850,-0.0366897,-0.0349846,-0.03454680,sell
2019-07-17,1,1,1,2,1,4,0,2,0,3,3,1,3,3,1,4,0,-0.0210337,-0.0172122,-0.0155505,-0.0157905,-0.03580676,sell
2019-07-18,0,0,2,2,2,4,3,1,1,2,4,1,4,3,2,2,1, 0.0605399, 0.0570902, 0.0605399, 0.0570902, 0.05709024,buy
2019-07-19,0,0,2,3,2,3,3,1,0,1,4,0,3,3,3,1,1, 0.0347434, 0.0364524, 0.0343329, 0.0407623, 0.03087834,buy
2019-07-20,0,0,2,4,1,2,0,2,2,1,4,1,2,2,3,1,1,-0.0046300,-0.0038418,-0.0026857,-0.0056086,-0.02057623,sell
2019-07-21,1,1,3,3,2,2,0,1,2,1,5,2,2,2,3,1,1, 0.0000295,-0.0008850,-0.0021538,-0.0039395,-0.00878290,sell
2019-07-22,1,1,3,4,1,1,1,1,1,0,4,1,2,2,1,2,2,-0.0210749,-0.0170124,-0.0210503, 0.0035221,-0.02105027,sell
2019-07-23,1,1,3,3,1,1,2,0,0,2,4,1,2,2,2,1,2,-0.0284531,-0.0195959,-0.0241584,-0.0046595,-0.02046154,sell
2019-07-24,1,3,3,5,2,2,1,1,0,4,6,2,4,4,3,1,2, 0.0094195, 0.0090529, 0.0002002, 0.0007924, 0.00018856,buy
2019-07-25,2,3,2,5,3,2,0,1,0,3,6,2,3,3,3,2,2, 0.0118400, 0.0150504, 0.0059995, 0.0140929, 0.01358432,buy
2019-07-26,1,1,3,3,3,1,0,0,2,2,4,1,3,2,2,2,2,-0.0092858,-0.0084855,-0.0112347,-0.0047483,-0.01691070,sell
2019-07-27,1,1,2,6,2,1,1,0,1,1,3,0,3,3,2,3,2,-0.0160739,-0.0120553,-0.0138103,-0.0051320,-0.01366896,sell
2019-07-28,0,1,1,4,4,2,1,2,1,2,3,1,4,3,2,4,1,-0.0026672,-0.0036826,-0.0058708, 0.0021775, 0.00095063,sell
2019-07-29,0,2,1,3,4,1,1,2,1,3,2,1,5,3,1,5,1,-0.0138130,-0.0033541,-0.0039303, 0.0031716,-0.01068609,sell
2019-07-30,0,1,2,3,4,3,1,0,1,2,3,1,4,3,2,4,0,-0.0019056,-0.0016545,-0.0032611, 0.0000101, 0.00008225,sell
2019-07-31,1,1,2,4,3,2,1,0,0,3,3,1,4,3,1,4,1, 0.0077784,-0.0063153,-0.0168678, 0.0137801, 0.01403650,buy
2019-08-01,2,2,2,2,6,1,0,0,0,3,2,1,4,3,2,5,1, 0.0136854, 0.0201089, 0.0201089, 0.0242534, 0.01966108,buy
2019-08-02,1,3,2,3,4,1,2,0,0,2,2,2,3,4,1,5,1, 0.0091064, 0.0074669, 0.0074669, 0.0065023, 0.01976768,buy
2019-08-03,0,1,4,2,2,2,3,1,0,3,2,2,2,4,1,5,2,-0.0276799,-0.0286408,-0.0307651,-0.0306390,-0.03863713,sell
2019-08-04,0,3,3,1,4,2,2,2,1,2,2,3,2,4,2,5,2,-0.0034967,-0.0053119,-0.0051491,-0.0034967,-0.00459576,sell
2019-08-05,0,2,2,0,5,1,1,1,3,3,3,3,2,4,2,3,1, 0.0207252, 0.0166955, 0.0200990, 0.0090217, 0.01553486,buy
2019-08-06,0,1,2,2,5,2,1,1,1,2,4,2,3,3,2,3,0,-0.0161827,-0.0136836,-0.0104214,-0.0108577,-0.01042136,sell
2019-08-07,0,1,3,2,4,2,2,0,2,1,4,1,3,3,3,2,1,-0.0291602,-0.0257527,-0.0265050,-0.0220725,-0.01872756,sell
2019-08-08,0,4,3,1,5,0,1,1,2,1,3,2,4,2,4,2,1,-0.0109691,-0.0091729,-0.0109691,-0.0110343,-0.01096914,sell
2019-08-09,1,4,3,1,6,0,2,2,0,1,4,2,4,2,4,3,1,-0.0234547,-0.0326305,-0.0328735,-0.0324828,-0.02520160,sell
2019-08-10,1,2,4,2,6,0,3,0,0,1,4,2,3,3,3,3,1,-0.0004922, 0.0106703,-0.0053421,-0.0053615,-0.00589458,sell
2019-08-11,0,2,4,5,6,0,1,0,0,0,3,3,3,2,3,3,1, 0.0060985, 0.0157804, 0.0070888, 0.0047907, 0.01456375,buy
2019-08-12,2,3,3,4,6,0,1,0,1,0,4,1,4,3,3,4,1, 0.0111409, 0.0132369,-0.0049412,-0.0033819, 0.01097184,buy
2019-08-13,1,3,0,3,6,0,0,2,0,2,2,1,4,3,1,5,1,-0.0086059, 0.0074582, 0.0124250, 0.0124250,-0.00702496,sell
2019-08-14,0,3,0,3,4,0,2,1,1,2,3,0,5,2,2,4,0,-0.0022171,-0.0165407,-0.0133240,-0.0133240,-0.01625787,sell
2019-08-15,0,3,0,2,3,2,3,1,1,1,2,1,3,3,3,3,1,-0.0268852,-0.0301563,-0.0083330,-0.0268852,-0.02035253,sell
2019-08-16,1,3,0,2,2,2,0,2,1,1,1,2,1,3,2,4,1,-0.0245888,-0.0199268,-0.0061673,-0.0206319,-0.02055722,sell
2019-08-17,2,1,0,2,2,0,0,2,3,2,2,1,1,4,3,3,0, 0.0036223, 0.0024855, 0.0032462,-0.0128053,-0.00246173,sell
2019-08-18,3,2,1,3,3,0,1,1,1,1,3,3,1,2,3,3,1, 0.0252855, 0.0330348, 0.0346298, 0.0308727, 0.02528548,buy
2019-08-19,2,2,2,5,2,0,2,0,0,2,4,4,1,0,5,2,1, 0.0115051, 0.0093659,-0.0036142, 0.0058767, 0.01077358,buy
2019-08-20,2,3,5,6,1,0,1,0,0,2,5,4,1,1,6,1,2,-0.0093533,-0.0078650,-0.0216050,-0.0093533,-0.00935329,sell
2019-08-21,3,6,4,5,2,0,0,1,0,0,5,3,2,2,5,3,1,-0.0243205,-0.0172965,-0.0276258,-0.0243205,-0.01491138,sell
2019-08-22,3,6,5,4,4,0,0,0,1,0,5,3,2,3,5,4,1,-0.0170125,-0.0136049,-0.0235063,-0.0184970,-0.00685658,sell
2019-08-23,2,6,4,7,3,0,1,0,0,2,4,4,1,5,5,4,2, 0.0000667, 0.0013452,-0.0020208, 0.0000667, 0.00252946,sell
2019-08-24,2,4,3,5,4,1,1,1,0,3,5,3,2,5,3,5,1,-0.0041077,-0.0010217,-0.0053082,-0.0041077, 0.01134657,buy
2019-08-25,2,5,3,4,4,1,0,1,1,1,4,3,3,5,2,5,0,-0.0034154, 0.0074278, 0.0000474,-0.0011434,-0.00006101,sell
2019-08-26,2,5,4,5,2,1,0,0,3,0,4,3,2,4,3,5,1,-0.0125883,-0.0146617,-0.0152568,-0.0112320,-0.00580591,sell
2019-08-27,2,2,4,6,1,2,0,2,0,0,4,3,2,4,2,3,1,-0.0107118,-0.0112430, 0.0107585,-0.0253438,-0.01045147,sell
2019-08-28,2,2,5,6,2,0,2,0,0,1,4,3,2,3,3,4,1,-0.0283329,-0.0285170,-0.0233673,-0.0283329,-0.02396244,sell
2019-08-29,2,4,5,5,3,0,0,0,0,1,5,2,1,4,4,4,0,-0.0340005,-0.0332821,-0.0280738,-0.0340005,-0.01517342,sell
2019-08-30,5,2,7,6,0,1,0,0,0,2,4,4,1,4,4,5,1,-0.0106349, 0.0024308, 0.0107258,-0.0141814,-0.00775143,sell
2019-08-31,4,2,6,4,0,2,0,0,0,2,3,3,2,4,3,4,1,-0.0064576, 0.0049041, 0.0085254,-0.0101478, 0.00017307,sell
2019-09-01,3,3,6,3,2,1,2,0,1,2,3,4,2,4,5,4,1,-0.0036119,-0.0046542, 0.0021225,-0.0087406, 0.00157511,sell
2019-09-02,3,0,7,4,1,1,1,3,1,3,3,4,3,4,5,3,2, 0.0126674, 0.0126674, 0.0129985, 0.0111198, 0.00648307,buy
2019-09-03,2,0,9,2,0,2,1,2,3,4,6,3,3,2,5,4,2, 0.0237208, 0.0107943, 0.0108634, 0.0177985, 0.01249803,buy
2019-09-04,2,0,9,1,0,2,1,1,4,4,5,3,3,2,6,4,1, 0.0136139, 0.0036740, 0.0083006, 0.0095143, 0.00933512,buy
2019-09-05,4,1,6,1,1,3,1,2,0,5,5,3,4,2,6,3,1,-0.0015772,-0.0124282,-0.0112441,-0.0097129,-0.01694241,sell
2019-09-06,4,1,5,2,0,4,2,0,0,7,5,4,5,3,4,2,2, 0.0015270,-0.0077570,-0.0077570,-0.0067118,-0.00818310,sell
2019-09-07,3,2,6,3,0,4,1,0,0,4,3,3,4,3,3,4,3, 0.0213203, 0.0203299, 0.0114994, 0.0213203, 0.01394101,buy
2019-09-08,4,1,9,2,0,4,1,0,1,3,4,2,5,4,4,3,3, 0.0219882, 0.0207998, 0.0100287, 0.0204101, 0.00597732,buy
2019-09-09,3,1,6,3,0,3,1,2,1,3,5,2,5,4,2,3,2, 0.0127939, 0.0086637, 0.0045375, 0.0160046, 0.00640813,buy
2019-09-10,2,0,5,5,1,2,1,2,1,3,4,3,3,3,3,4,2,-0.0270681,-0.0123819,-0.0132215,-0.0154311, 0.00411687,sell
2019-09-11,2,0,6,3,2,2,3,0,1,2,3,2,3,5,3,2,3,-0.0166901,-0.0135993,-0.0135096,-0.0135993,-0.01023217,sell
2019-09-12,2,2,3,1,1,2,0,2,1,2,2,1,2,3,4,2,2, 0.0032241, 0.0015409, 0.0093832, 0.0109480, 0.00703436,buy
2019-09-13,3,2,3,1,0,3,0,2,3,3,3,2,3,4,4,3,1,-0.0083437,-0.0055829,-0.0073876,-0.0071535,-0.00437701,sell
2019-09-14,3,3,3,2,0,4,0,1,1,3,4,2,3,3,3,3,2,-0.0019829,-0.0105269, 0.0019325, 0.0040520,-0.00198289,sell
2019-09-15,2,3,4,2,1,3,1,0,0,2,3,1,2,2,4,4,2, 0.0133144, 0.0042697, 0.0156368, 0.0097948, 0.01245774,buy
2019-09-16,2,4,4,2,3,1,1,0,0,3,2,2,2,4,5,4,1,-0.0063381,-0.0034879,-0.0021222,-0.0045447,-0.00575983,sell
2019-09-17,3,6,2,4,3,1,0,1,0,2,2,2,2,6,3,5,2, 0.0190331, 0.0135888, 0.0127516, 0.0103027, 0.01264180,buy
2019-09-18,2,4,5,4,4,1,0,0,1,1,2,2,2,6,2,5,3, 0.0226171, 0.0188626, 0.0176496, 0.0185681, 0.01385956,buy
2019-09-19,1,2,3,3,3,1,0,0,1,2,2,1,2,4,2,3,2, 0.0007969,-0.0034184,-0.0080696,-0.0080957,-0.00288123,sell
2019-09-20,1,4,2,3,3,2,1,0,0,3,2,1,2,4,4,4,2,-0.0023562,-0.0071597,-0.0041047,-0.0016643,-0.00209475,sell
2019-09-21,1,5,1,1,3,2,0,1,0,5,2,1,3,4,4,3,2,-0.0209276,-0.0212458,-0.0300783,-0.0216134,-0.02529650,sell
2019-09-22,1,4,1,1,2,1,0,0,2,3,1,0,2,2,4,3,3,-0.0084581,-0.0035769,-0.0048563,-0.0098225,-0.01108785,sell
2019-09-23,1,2,2,1,2,2,0,0,2,4,2,1,2,4,4,1,2,-0.0125627,-0.0038373,-0.0179516,-0.0349146,-0.02253614,sell
2019-09-24,1,1,1,3,1,1,0,1,2,4,2,2,2,3,3,2,1,-0.0457685,-0.0649981,-0.0459966,-0.0556479,-0.03738154,sell
2019-09-25,1,2,2,1,6,0,1,1,3,4,3,2,3,3,4,4,2,-0.0298493,-0.0286457,-0.0357125,-0.0300469,-0.02338174,sell
2019-09-26,1,2,2,3,4,0,1,1,2,2,3,1,2,4,3,3,2, 0.0039682,-0.0050755,-0.0048864,-0.0050755, 0.00274239,sell
2019-09-27,1,3,4,2,3,1,2,0,2,4,4,2,3,6,3,3,1,-0.0109105, 0.0007951,-0.0073840,-0.0109105,-0.01179854,sell
2019-09-28,1,4,1,1,3,0,1,0,1,3,1,2,1,5,3,3,0,-0.0041340,-0.0032490,-0.0066011,-0.0084817,-0.01550826,sell
2019-09-29,1,3,0,0,4,0,2,0,2,5,2,2,2,5,3,2,1,-0.0185904,-0.0219584,-0.0212749,-0.0138177,-0.01934167,sell
2019-09-30,1,2,0,1,2,1,2,1,1,3,2,2,2,4,1,2,1,-0.0022266,-0.0205090,-0.0075344,-0.0048792,-0.00143690,sell
2019-10-01,0,2,1,1,2,1,3,1,3,1,2,2,3,3,2,2,1, 0.0057644, 0.0060691, 0.0035458, 0.0064681, 0.00136382,buy
2019-10-02,0,3,0,1,2,0,2,3,3,2,1,2,2,4,3,2,2,-0.0123044,-0.0120514,-0.0137124,-0.0040603,-0.01345100,sell
2019-10-03,1,3,0,2,2,1,3,3,0,3,2,1,3,4,3,4,1,-0.0099145,-0.0067051,-0.0141476,-0.0155944,-0.01002743,sell
2019-10-04,1,2,1,2,0,1,2,1,1,4,2,2,2,3,2,3,1,-0.0090606,-0.0312907,-0.0102086,-0.0160426,-0.00873830,sell
2019-10-05,1,3,1,1,0,1,2,1,1,3,2,3,2,2,3,2,0, 0.0025304, 0.0000725, 0.0012255, 0.0025304, 0.00253038,buy
2019-10-06,2,3,1,2,2,1,3,2,1,2,2,4,5,1,3,3,1,-0.0036351,-0.0041548,-0.0074428, 0.0008519, 0.02481488,buy
2019-10-07,0,2,1,2,2,1,2,3,0,3,2,3,4,0,2,3,2, 0.0145975,-0.0044578, 0.0056867, 0.0053490, 0.00534900,buy
2019-10-08,0,2,0,2,2,1,5,1,2,2,3,3,3,1,3,3,1,-0.0150856,-0.0164432,-0.0150856,-0.0164432,-0.01858461,sell
2019-10-09,0,2,1,2,3,2,2,4,3,2,4,3,2,4,3,4,1, 0.0044231, 0.0071115, 0.0078186,-0.0018187, 0.00711153,buy
2019-10-10,1,2,1,2,3,2,1,2,3,3,3,2,3,3,3,4,2, 0.0211700, 0.0384005, 0.0217263, 0.0222195, 0.02253531,buy
2019-10-11,1,2,1,2,2,1,1,2,4,3,3,1,4,3,4,3,1, 0.0009266,-0.0014539, 0.0167160, 0.0007423,-0.01216577,sell
2019-10-12,0,3,1,1,3,2,2,1,2,2,3,2,3,2,3,3,1,-0.0195492,-0.0204689,-0.0080451,-0.0164821,-0.01846840,sell
2019-10-13,0,1,2,1,2,2,2,1,2,4,3,2,4,3,3,2,0,-0.0002743, 0.0066951, 0.0018434, 0.0019506, 0.00184345,buy
2019-10-14,1,3,2,1,3,2,1,2,2,2,4,2,3,4,2,3,1,-0.0039391,-0.0043706,-0.0087084,-0.0119681,-0.00474512,sell
2019-10-15,1,2,3,1,2,2,1,2,3,1,3,2,3,4,2,3,1,-0.0003321, 0.0030691, 0.0128399,-0.0019120,-0.00186634,sell
2019-10-16,0,1,3,2,2,1,2,1,4,1,4,2,2,4,3,2,0,-0.0236874,-0.0166574,-0.0166574,-0.0156349,-0.01665737,sell
2019-10-17,0,1,3,2,3,0,3,0,4,1,2,2,2,4,4,2,1,-0.0047610,-0.0042920,-0.0042923,-0.0050075,-0.00408896,sell
2019-10-18,0,2,3,0,4,1,2,1,3,2,3,3,3,4,2,2,1, 0.0129682, 0.0084655, 0.0135516, 0.0077609, 0.00290686,buy
2019-10-19,0,3,2,1,1,1,2,0,3,3,2,3,3,4,2,1,1, 0.0071616, 0.0156845, 0.0064984, 0.0071616, 0.00657293,buy
2019-10-20,0,1,4,0,1,2,2,0,3,2,2,2,3,3,3,1,1, 0.0018848, 0.0028667, 0.0018468,-0.0010365, 0.00167585,buy
2019-10-21,0,2,2,3,1,1,1,1,2,2,3,1,4,3,2,1,1, 0.0035232, 0.0002024, 0.0028394, 0.0030071, 0.00425464,buy
2019-10-22,0,3,2,3,3,0,2,1,4,3,4,2,4,4,3,2,2, 0.0007677,-0.0040569,-0.0055799,-0.0111984,-0.00370617,sell
2019-10-23,0,1,3,3,4,1,2,2,3,2,3,2,4,4,4,3,1, 0.0013193,-0.0152558,-0.0091761,-0.0201174,-0.01525583,sell
2019-10-24,1,1,4,4,1,2,3,1,3,1,3,2,4,4,3,3,2, 0.0074003, 0.0092382,-0.0012045,-0.0013768,-0.00446257,sell
2019-10-25,1,1,3,2,2,2,3,1,2,2,3,2,4,2,3,3,2, 0.0546570, 0.0368592, 0.0352493, 0.0362089, 0.03976141,buy
2019-10-26,2,2,0,1,3,1,2,3,1,3,2,2,3,3,4,2,2, 0.0281266, 0.0264459,-0.0023019, 0.0275136,-0.00282275,buy
2019-10-27,2,0,0,2,2,2,3,3,2,3,4,2,4,2,3,2,2, 0.0049823, 0.0088797, 0.0152207, 0.0119720, 0.01204793,buy
2019-10-28,1,0,1,2,1,2,2,4,2,2,3,2,4,2,3,2,1, 0.0039807, 0.0078468, 0.0053346, 0.0078716, 0.00672408,buy
2019-10-29,2,1,1,0,2,1,3,6,2,2,3,3,3,2,5,2,2,-0.0021004,-0.0019759,-0.0019759,-0.0021004,-0.00228867,sell
2019-10-30,2,1,0,0,2,1,2,6,1,3,2,2,3,2,5,2,2, 0.0047235, 0.0047235,-0.0018782, 0.0047425,-0.00018379,buy
2019-10-31,2,0,0,1,1,1,3,3,1,3,2,1,2,2,4,2,2, 0.0010026,-0.0056523,-0.0012865,-0.0066207,-0.00656507,sell
2019-11-01,2,1,1,0,1,1,2,4,0,2,2,1,2,1,4,2,2,-0.0030097,-0.0035813,-0.0020742,-0.0045133,-0.00462735,sell
2019-11-02,3,2,0,0,2,1,2,5,1,3,3,2,3,2,4,3,2, 0.0133218, 0.0133218, 0.0008010, 0.0133218, 0.00286186,buy
2019-11-03,2,3,1,0,2,0,2,7,2,4,5,3,4,3,3,3,2,-0.0055829,-0.0055196,-0.0054068,-0.0030881,-0.00528076,sell
2019-11-04,0,2,2,0,2,0,4,6,3,3,4,3,4,3,5,2,1, 0.0170128, 0.0185430, 0.0185430, 0.0107722, 0.01962601,buy
2019-11-05,0,1,2,0,1,0,4,5,3,2,4,2,3,3,5,1,0, 0.0298601, 0.0256203, 0.0264818, 0.0214496, 0.02309465,buy
2019-11-06,1,1,1,1,1,0,2,5,4,2,3,3,3,4,2,2,1,-0.0079362,-0.0014517,-0.0079362,-0.0246090,-0.00663515,sell
2019-11-07,1,2,1,0,2,0,2,3,5,2,3,3,3,4,2,2,1,-0.0016909,-0.0048464,-0.0026726,-0.0134079,-0.01012903,sell
2019-11-08,0,2,2,0,2,0,3,2,4,2,4,3,1,4,1,2,2,-0.0188183,-0.0163651,-0.0171429,-0.0161215,-0.01636507,sell
2019-11-09,0,1,2,0,0,0,4,2,4,3,3,2,2,5,2,1,1, 0.0157545, 0.0050687, 0.0125434, 0.0127572,-0.00203372,buy
2019-11-10,1,1,3,1,0,1,2,2,5,4,2,3,5,4,4,1,1, 0.0040677, 0.0184133, 0.0156434, 0.0134663, 0.01374286,buy
2019-11-11,1,2,3,2,1,0,1,2,6,2,2,1,5,4,5,1,2,-0.0003798, 0.0022596, 0.0015381, 0.0022596, 0.00448611,buy
2019-11-12,0,0,4,1,3,0,2,1,6,2,3,2,4,4,4,0,2,-0.0011644, 0.0000190, 0.0000190, 0.0030426, 0.01343285,buy
2019-11-13,0,0,3,4,2,0,3,1,5,2,2,3,3,5,4,2,1,-0.0042764,-0.0050483,-0.0046880,-0.0054616,-0.01099172,sell
2019-11-14,0,0,1,4,2,1,3,3,3,2,3,2,4,3,3,2,2,-0.0040424,-0.0049671,-0.0058732,-0.0072646,-0.00689226,sell
2019-11-15,0,1,2,2,1,2,4,2,4,1,4,1,4,3,2,3,2,-0.0081223,-0.0059963,-0.0099492,-0.0057394,-0.01000460,sell
2019-11-16,0,1,2,2,1,2,4,1,4,1,3,1,4,3,3,2,2,-0.0062725,-0.0018758,-0.0097050,-0.0085204,-0.00667503,sell
2019-11-17,0,1,2,3,2,3,4,1,3,3,4,3,5,3,3,3,1, 0.0063771, 0.0059051, 0.0059051, 0.0063771,-0.00055343,buy
2019-11-18,0,1,1,5,2,1,4,1,1,3,4,2,5,1,2,4,1,-0.0079609,-0.0113537,-0.0110539,-0.0047878,-0.01079558,sell
2019-11-19,1,1,3,4,3,1,3,1,2,0,6,2,3,2,2,3,1,-0.0154290,-0.0056820,-0.0202942, 0.0191156,-0.01165216,sell
2019-11-20,1,2,4,4,0,2,3,4,2,0,6,3,3,2,3,3,2, 0.0040738,-0.0110478, 0.0194511,-0.0114689,-0.01394917,sell
2019-11-21,1,3,3,2,0,2,3,4,1,2,6,2,4,2,2,2,3,-0.0202961,-0.0179339, 0.0025383,-0.0179339,-0.02024592,sell
2019-11-22,1,3,1,1,2,1,4,3,0,2,4,2,3,2,2,3,2,-0.0423756,-0.0455677,-0.0481561,-0.0390444,-0.01793608,sell
2019-11-23,1,2,1,1,2,1,2,3,2,2,4,1,4,2,2,2,2,-0.0096851,-0.0106887,-0.0083528,-0.0069541,-0.01175596,sell
2019-11-24,2,1,2,2,1,2,2,6,2,0,5,2,4,1,1,4,3,-0.0168503, 0.0019525,-0.0154428,-0.0103581,-0.01769914,sell
2019-11-25,1,1,3,1,1,1,2,6,3,0,4,1,4,2,3,3,2,-0.0146172,-0.0005713,-0.0100013,-0.0005713,-0.01218869,sell
2019-11-26,1,2,2,1,2,1,4,6,3,0,3,3,4,3,3,4,2, 0.0150452, 0.0222137, 0.0214625, 0.0201680, 0.02024243,buy
2019-11-27,1,1,2,1,1,1,3,6,2,1,2,3,3,3,3,4,1, 0.0119439, 0.0166175, 0.0166175, 0.0166175, 0.01773448,buy
2019-11-28,3,1,3,0,1,1,2,5,3,0,3,4,2,2,2,4,2, 0.0311317, 0.0311317, 0.0309272, 0.0297839, 0.03800220,buy
2019-11-29,4,2,3,0,1,1,1,4,5,0,2,3,3,3,3,5,2, 0.0110482, 0.0086768, 0.0086768, 0.0086768, 0.00897899,buy
2019-11-30,2,1,2,0,0,1,2,4,4,1,2,2,3,3,2,4,1,-0.0097246, 0.0001997,-0.0083803,-0.0085946,-0.00761599,sell
2019-12-01,0,0,2,0,0,1,4,4,3,2,2,3,3,2,1,3,2,-0.0004885,-0.0133257,-0.0058384,-0.0057076, 0.00232672,sell
2019-12-02,0,1,2,0,0,0,4,4,3,0,1,3,2,3,2,1,2,-0.0087114,-0.0087114,-0.0087114,-0.0121729,-0.00871144,sell
2019-12-03,0,0,1,0,0,0,1,4,6,1,1,3,1,2,2,1,3,-0.0113333,-0.0113333,-0.0108448,-0.0152774,-0.01144665,sell
2019-12-04,1,0,1,0,0,0,1,3,5,1,0,3,2,3,1,1,2,-0.0097008,-0.0080400,-0.0040921,-0.0080400,-0.00803998,sell
2019-12-05,1,0,1,1,0,0,2,2,5,2,1,3,4,2,1,2,1,-0.0096298,-0.0051035,-0.0077231,-0.0028994,-0.00988777,sell
2019-12-06,0,1,1,1,1,0,3,1,3,3,2,3,4,1,0,2,2,-0.0012478, 0.0034840, 0.0055064, 0.0069682, 0.00709474,buy
2019-12-07,1,2,1,1,1,0,4,2,2,4,3,3,4,1,3,1,3,-0.0049815,-0.0022780, 0.0021115,-0.0125804,-0.00579171,sell
2019-12-08,2,4,2,1,1,1,3,3,2,2,3,3,5,2,3,3,2, 0.0001260,-0.0073377, 0.0045580, 0.0021134, 0.00575853,buy
2019-12-09,2,3,4,2,1,1,3,3,3,1,3,3,5,3,4,3,2, 0.0133285, 0.0257312, 0.0056524, 0.0156457, 0.00333599,buy
2019-12-10,2,2,4,4,2,0,5,3,2,1,3,2,4,4,5,4,3, 0.0026800, 0.0166801, 0.0039581, 0.0066216, 0.00444351,buy
2019-12-11,2,2,1,4,5,0,4,5,1,2,3,1,5,4,5,5,3,-0.0117473,-0.0148194,-0.0143724,-0.0123101,-0.01478807,sell
2019-12-12,2,3,1,2,5,1,3,5,3,2,3,2,6,4,5,5,2,-0.0092309,-0.0131556,-0.0095933,-0.0088796,-0.00959325,sell
2019-12-13,2,3,3,2,1,1,3,4,2,1,3,2,5,3,4,4,1,-0.0148465,-0.0258354,-0.0117885,-0.0146453,-0.01489824,sell
2019-12-14,2,2,3,2,1,3,2,4,1,0,1,1,4,4,5,3,2, 0.0089194, 0.0182246, 0.0197620, 0.0194219,-0.00249438,buy
2019-12-15,2,2,1,1,1,1,2,4,1,1,2,1,2,3,4,2,2,-0.0058627,-0.0056274,-0.0091416,-0.0080163,-0.00908266,sell
2019-12-16,1,1,1,1,4,0,1,3,2,2,2,1,3,5,2,1,2,-0.0146789,-0.0142954,-0.0144792,-0.0151304,-0.01270975,sell
2019-12-17,1,0,3,3,2,0,1,3,2,1,2,0,3,5,2,1,3,-0.0431821,-0.0043988,-0.0415357,-0.0353374,-0.01347361,sell
2019-12-18,0,1,4,4,0,1,1,3,3,2,2,1,4,4,2,3,3,-0.0199837, 0.0079438,-0.0162681,-0.0194118, 0.01654581,sell
2019-12-19,0,3,4,1,1,0,0,4,2,3,3,1,3,3,3,3,2,-0.0041487,-0.0019536, 0.0121089,-0.0013299,-0.00414874,sell
2019-12-20,0,3,2,1,1,0,4,4,2,5,3,3,4,3,4,3,2,-0.0041057,-0.0037467,-0.0010647,-0.0054649,-0.00514312,sell
2019-12-21,1,0,2,2,0,1,5,3,3,5,4,2,4,3,3,4,2, 0.0124430, 0.0024509, 0.0027290, 0.0034531,-0.00141264,buy
2019-12-22,2,0,2,1,0,1,4,4,5,3,5,2,3,3,3,4,2, 0.0113938, 0.0062830,-0.0055210, 0.0060436,-0.00404217,buy
2019-12-23,2,1,2,1,1,0,5,6,5,2,5,2,4,4,4,4,2, 0.0119592, 0.0110729, 0.0029510, 0.0111584, 0.00295099,buy
2019-12-24,1,1,1,1,1,0,6,6,3,2,4,1,3,3,4,4,3,-0.0133358,-0.0147226,-0.0147309,-0.0131273,-0.00289627,sell
2019-12-25,2,0,2,1,0,0,7,3,2,2,4,2,1,3,3,4,2, 0.0022576,-0.0069953, 0.0022576, 0.0170480, 0.00225762,buy
2019-12-26,2,0,2,0,0,0,4,2,3,1,3,2,1,2,1,3,2, 0.0038476, 0.0024432, 0.0038476, 0.0132594, 0.00361026,buy
2019-12-27,3,1,2,0,0,0,2,1,3,0,2,2,1,2,1,3,1, 0.0224594, 0.0173607, 0.0224594, 0.0177638, 0.00536610,buy
2019-12-28,3,0,2,0,0,0,3,2,2,1,3,2,1,2,0,3,2, 0.0105457, 0.0100343, 0.0083112, 0.0132958, 0.01003426,buy
2019-12-29,2,0,2,0,0,0,5,2,0,0,3,1,1,1,1,2,2, 0.0089710, 0.0095566, 0.0095523, 0.0162706, 0.00955663,buy
2019-12-30,2,0,1,0,0,0,3,4,2,1,4,2,1,2,2,2,0, 0.0231097, 0.0227956, 0.0204819, 0.0224598,-0.00790037,buy
2019-12-31,3,1,1,0,0,0,2,4,2,0,3,2,2,1,1,3,1,-0.0023122,-0.0053758,-0.0023122,-0.0062967,-0.01212576,sell
2020-01-01,3,0,2,0,1,0,2,3,2,0,2,2,2,1,1,3,2,-0.0075796,-0.0058010,-0.0075796,-0.0037361,-0.00580100,sell
2020-01-02,2,1,2,0,1,0,2,2,0,1,3,2,2,0,0,3,1,-0.0157283,-0.0157283,-0.0142192,-0.0157486,-0.01574855,sell
2020-01-03,2,2,1,1,1,0,3,1,2,3,4,2,4,1,2,2,1,-0.0053013,-0.0047613,-0.0056276, 0.0057999,-0.00377265,sell
2020-01-04,2,4,1,0,2,0,3,3,2,2,4,2,4,3,3,2,1, 0.0318795, 0.0036175, 0.0161608, 0.0023864, 0.01950999,buy
2020-01-05,2,3,1,0,2,0,3,3,2,1,3,2,5,2,2,2,1, 0.0047120, 0.0076348, 0.0016897, 0.0156180, 0.00948203,buy
2020-01-06,1,2,2,1,1,1,2,3,3,1,3,3,4,2,2,2,1,-0.0049828,-0.0041292, 0.0001426, 0.0104659, 0.01167994,buy
2020-01-07,0,3,0,2,2,1,3,3,2,0,2,3,3,2,2,3,1, 0.0019433, 0.0019433, 0.0044029, 0.0047483, 0.01417684,buy
2020-01-08,2,3,1,0,4,0,2,6,2,1,2,2,4,4,4,4,1, 0.0000390, 0.0128802, 0.0054780,-0.0057266,-0.00183435,sell
2020-01-09,4,4,1,1,4,1,2,5,3,0,2,3,4,5,5,4,2, 0.0066879, 0.0082362,-0.0014724, 0.0089779, 0.00851696,buy
2020-01-10,4,3,1,2,1,3,3,5,2,0,3,3,4,5,5,3,1, 0.0243990, 0.0232898, 0.0149647, 0.0265054, 0.02439903,buy
2020-01-11,4,3,1,2,3,2,2,5,2,1,3,4,4,5,4,4,1, 0.0270837, 0.0274064, 0.0137816, 0.0275991, 0.02708369,buy
2020-01-12,4,5,1,1,5,0,1,5,1,1,4,4,2,4,4,6,0, 0.0474162, 0.0533934, 0.0295607, 0.0278422, 0.03258671,buy
2020-01-13,4,3,2,3,3,1,1,4,1,1,3,4,1,5,5,4,1, 0.0075411, 0.0504725, 0.0300957, 0.0138508, 0.00636987,buy
2020-01-14,4,2,4,3,0,1,1,4,1,1,2,3,2,5,5,4,0, 0.0411680, 0.0484416, 0.0340347, 0.0479457, 0.03387559,buy
2020-01-15,4,1,2,1,2,1,1,4,1,1,2,1,2,4,4,4,1, 0.0252894, 0.0309124, 0.0051645, 0.0246975,-0.00153753,buy
2020-01-16,2,2,0,1,3,0,2,4,2,4,2,2,2,4,4,3,3, 0.0097714, 0.0179288, 0.0016783, 0.0171936, 0.00205925,buy
2020-01-17,2,0,1,2,1,1,2,7,1,4,1,3,3,4,4,3,3, 0.0178662, 0.0178662,-0.0010237, 0.0171407, 0.01692621,buy
2020-01-18,2,0,2,1,0,1,3,7,2,3,2,3,4,3,3,4,2, 0.0091258, 0.0091258,-0.0012806, 0.0093700, 0.00640165,buy
2020-01-19,1,2,1,0,1,0,2,8,4,3,3,2,4,3,4,4,2,-0.0113012,-0.0106402,-0.0096926, 0.0001548,-0.00934919,sell
2020-01-20,1,1,0,0,1,0,3,9,1,6,3,3,5,3,3,3,2,-0.0133564,-0.0034570,-0.0143369,-0.0082834,-0.01248898,sell
2020-01-21,1,0,0,1,0,0,6,6,2,5,4,4,3,3,3,3,1, 0.0000596, 0.0060307, 0.0045255,-0.0007981, 0.00792665,buy
2020-01-22,1,0,1,0,0,0,5,5,3,3,4,4,2,1,3,2,2, 0.0179195, 0.0136795, 0.0136408, 0.0132877, 0.01483902,buy
2020-01-23,4,1,0,1,0,0,4,3,4,3,4,3,4,2,2,3,2,-0.0114670,-0.0149068,-0.0206325,-0.0278910,-0.02241765,sell
2020-01-24,3,1,0,1,0,0,4,5,2,4,3,3,5,1,2,4,2,-0.0313792,-0.0554291,-0.0332687,-0.0467186,-0.03326866,sell
2020-01-25,1,0,0,1,0,0,7,3,3,4,4,3,6,0,0,4,2, 0.0061713, 0.0326259, 0.0084472, 0.0084483, 0.00844718,buy
2020-01-26,1,0,0,1,0,0,8,3,4,3,4,3,5,1,1,4,2, 0.0179192, 0.0325886, 0.0242198, 0.0209785, 0.02145243,buy
2020-01-27,1,0,0,1,0,0,3,4,4,4,4,3,3,1,1,4,1,-0.0221088, 0.0073578, 0.0051867, 0.0073578, 0.00518665,buy
2020-01-28,3,0,0,1,0,0,5,4,4,4,2,3,4,3,3,4,2, 0.0057856, 0.0063361, 0.0019150,-0.0176138, 0.00191500,buy
2020-01-29,1,1,0,1,0,0,6,1,4,2,1,3,3,3,2,3,1, 0.0053661, 0.0055551, 0.0095496, 0.0143470, 0.01434703,buy
2020-01-30,1,0,1,1,0,0,7,1,1,3,2,2,3,2,1,3,2, 0.0326660, 0.0300226, 0.0223645, 0.0352989, 0.02973166,buy
2020-01-31,2,1,1,1,0,0,6,3,2,5,4,2,4,3,3,3,2, 0.0264001, 0.0239856, 0.0279193, 0.0264001, 0.02705790,buy
2020-02-01,2,3,1,2,0,0,4,3,2,3,4,2,3,4,4,2,1, 0.0097559, 0.0150646, 0.0024504,-0.0003236, 0.01467384,buy
2020-02-02,0,1,3,1,1,0,4,2,5,2,3,2,3,3,4,2,2, 0.0118512, 0.0182755, 0.0147854, 0.0176457, 0.01309493,buy
2020-02-03,0,0,2,3,1,0,6,1,4,2,3,2,2,4,4,3,1,-0.0186006,-0.0241490,-0.0241490,-0.0200610,-0.00887620,sell
2020-02-04,0,0,0,3,1,1,5,2,3,3,3,2,3,3,3,4,0,-0.0308623,-0.0364708,-0.0340718,-0.0330590,-0.01722959,sell
2020-02-05,0,1,0,0,2,1,4,2,4,4,2,2,4,3,3,3,1,-0.0036017,-0.0117614,-0.0036017,-0.0084210,-0.01034305,sell
2020-02-06,0,2,1,0,0,1,5,1,3,1,2,0,3,2,2,3,2,-0.0085863, 0.0073976, 0.0070999, 0.0098161, 0.01078883,buy
2020-02-07,0,0,2,1,1,3,5,1,2,1,2,1,3,3,3,3,1, 0.0007083,-0.0002994, 0.0007083, 0.0060004, 0.00244934,buy
2020-02-08,0,1,1,3,2,1,5,2,1,1,2,1,3,2,3,4,2, 0.0005571, 0.0004926, 0.0028842,-0.0028917,-0.02185094,sell
2020-02-09,0,1,2,2,5,0,5,2,0,0,2,1,2,4,3,3,2, 0.0122802, 0.0056193,-0.0067806,-0.0035537, 0.00179479,buy
2020-02-10,0,1,3,4,1,1,5,2,0,0,2,2,2,4,3,3,1,-0.0001549,-0.0011778,-0.0101536, 0.0007011,-0.01551135,sell
2020-02-11,0,2,3,1,1,1,5,2,0,1,2,2,1,4,4,3,0, 0.0168794, 0.0112936, 0.0171472, 0.0278593,-0.00266560,buy
2020-02-12,0,3,1,0,2,1,5,2,1,2,2,2,1,4,5,2,1, 0.0422077, 0.0371961, 0.0485626, 0.0498573, 0.02593520,buy
2020-02-13,0,1,1,1,1,1,5,2,2,3,1,2,2,4,5,3,0, 0.0238768, 0.0267122, 0.0276778, 0.0378576, 0.03009974,buy
2020-02-14,0,1,2,1,1,1,3,3,3,1,1,4,2,2,4,2,1, 0.0015370, 0.0033146,-0.0017357,-0.0074756, 0.00319913,sell
2020-02-15,1,1,2,1,0,0,5,3,4,0,1,4,2,3,4,1,2,-0.0194260,-0.0194260,-0.0199021,-0.0192684,-0.01776238,sell
2020-02-16,1,2,2,1,1,0,5,5,3,0,1,3,2,4,5,2,3,-0.0224167,-0.0297400,-0.0239647,-0.0292653,-0.02931890,sell
2020-02-17,1,1,2,1,0,0,7,5,1,1,2,2,2,4,5,2,2,-0.0128804,-0.0233246,-0.0251229,-0.0190615,-0.02729358,sell
2020-02-18,2,2,2,0,0,0,4,3,2,1,2,3,1,2,3,3,2, 0.0189241, 0.0262836, 0.0198770, 0.0324527, 0.02235084,buy
2020-02-19,2,2,2,0,0,0,3,3,3,2,3,2,2,2,2,4,2, 0.0143528, 0.0256081, 0.0113656, 0.0227189, 0.01435281,buy
2020-02-20,3,2,1,0,0,0,4,4,3,2,3,3,3,2,3,4,1,-0.0183953,-0.0152577,-0.0179049,-0.0106880,-0.01790489,sell
2020-02-21,1,1,1,0,0,0,4,4,3,2,2,3,3,1,2,3,2, 0.0109850, 0.0081400, 0.0049582, 0.0051888, 0.01410749,buy
2020-02-22,0,1,1,0,0,0,5,4,3,1,3,3,2,2,2,2,1, 0.0224636, 0.0184535, 0.0224636, 0.0210387, 0.02262741,buy
2020-02-23,0,1,1,0,0,0,3,6,5,1,3,4,1,3,2,3,1, 0.0003197, 0.0003197, 0.0003197,-0.0205404, 0.00031967,sell
2020-02-24,1,1,1,0,0,0,2,8,6,2,3,4,2,5,2,3,2,-0.0090611,-0.0090611,-0.0075343,-0.0198773,-0.00753430,sell
2020-02-25,1,1,1,0,0,0,3,6,7,3,4,4,2,4,1,5,2,-0.0319962,-0.0315225,-0.0235524,-0.0173992,-0.02947484,sell
2020-02-26,0,1,1,0,0,0,2,5,4,3,3,4,1,3,0,4,1,-0.0350684,-0.0335610,-0.0335610,-0.0264532,-0.03356098,sell
2020-02-27,1,2,1,0,0,0,1,5,3,6,4,4,1,4,2,2,2,-0.0275958,-0.0275958,-0.0215217,-0.0265679, 0.00190279,sell
2020-02-28,2,4,2,0,0,0,0,5,3,5,3,4,1,4,4,3,2,-0.0145160,-0.0141253,-0.0198446,-0.0214528,-0.00233756,sell
2020-02-29,1,3,4,0,0,0,0,3,3,3,3,3,1,4,3,3,0,-0.0072929,-0.0042429,-0.0095796,-0.0143597, 0.00760500,sell
2020-03-01,0,1,3,2,0,0,3,3,3,2,3,3,1,3,4,2,1, 0.0006557, 0.0006557,-0.0061544,-0.0023554,-0.00604320,sell
2020-03-02,0,1,1,3,1,0,2,4,3,3,2,3,1,3,5,2,2, 0.0162696, 0.0088654, 0.0158478, 0.0190755, 0.01584777,buy
2020-03-03,1,1,0,1,3,0,1,6,4,3,2,3,2,3,5,2,3, 0.0099503, 0.0099503, 0.0095461, 0.0093266, 0.00949864,buy
2020-03-04,2,2,0,0,2,1,1,3,5,2,1,3,3,2,4,3,2, 0.0191502, 0.0079584, 0.0171294, 0.0191502, 0.00795836,buy
2020-03-05,2,1,1,0,0,4,1,4,2,1,2,3,3,1,4,2,1, 0.0174487, 0.0184146, 0.0177912, 0.0176372, 0.01682664,buy
2020-03-06,2,1,0,1,0,3,1,4,3,3,3,2,3,1,4,3,2, 0.0079269, 0.0087022, 0.0025689, 0.0086742, 0.00867425,buy
2020-03-07,2,3,0,0,4,0,1,4,3,2,3,3,3,1,3,4,2, 0.0014587, 0.0030322, 0.0008222, 0.0028173, 0.00168035,buy
2020-03-08,2,2,2,3,3,0,2,3,3,1,4,3,3,4,3,3,1, 0.0092071, 0.0125190,-0.0260241,-0.0303425,-0.02991668,sell
2020-03-09,2,2,5,5,0,1,2,3,2,0,4,2,4,4,2,4,2,-0.0051834,-0.0430490,-0.0030277,-0.0428609,-0.03123170,sell
2020-03-10,2,5,3,1,2,0,2,3,3,0,4,2,3,5,2,3,2, 0.0014209, 0.0160966, 0.0161056, 0.0047167, 0.00471670,buy
2020-03-11,3,5,0,0,2,0,2,3,3,3,5,2,4,5,2,2,1, 0.0040011,-0.0279559, 0.0105233,-0.0319660,-0.00996445,sell
2020-03-12,3,4,0,1,0,2,2,3,3,3,4,1,4,4,3,4,1,-0.0272159, 0.0029736,-0.0220960,-0.0181926,-0.02338109,sell
2020-03-13,3,4,1,0,0,2,1,1,6,0,4,1,3,3,2,4,1, 0.0164391, 0.0040338, 0.0067987, 0.0175506, 0.01161289,buy
2020-03-14,1,4,1,0,2,0,1,3,6,0,4,1,3,4,3,2,1, 0.0293946, 0.0262758, 0.0293946, 0.0260441, 0.02872498,buy
2020-03-15,2,4,0,1,2,0,3,4,4,1,4,2,3,4,4,3,1, 0.0061711, 0.0204874, 0.0015238,-0.0024318, 0.00152378,buy
2020-03-16,2,2,1,2,0,0,5,0,4,1,3,1,2,3,4,3,1,-0.0033416, 0.0039716,-0.0052596,-0.0154870,-0.01333968,sell
2020-03-17,3,2,2,0,0,0,1,0,5,0,1,1,2,2,3,3,1, 0.0178473, 0.0039549, 0.0005178, 0.0076712, 0.00399515,buy
2020-03-18,6,4,1,0,0,0,1,0,5,0,2,1,2,3,4,3,2, 0.0298466, 0.0153896,-0.0017205, 0.0153896, 0.01544411,buy
2020-03-19,4,3,0,0,0,0,1,1,4,2,1,0,3,2,4,3,2, 0.0482900, 0.0428214, 0.0150577, 0.0432448, 0.04324482,buy
2020-03-20,2,2,0,0,0,0,6,0,4,1,2,1,3,2,3,3,1, 0.0197035, 0.0203234, 0.0205197, 0.0222304, 0.02207233,buy
2020-03-21,2,2,0,0,0,0,6,3,4,0,4,2,1,2,4,4,0,-0.0084135, 0.0078414,-0.0025977,-0.0189659,-0.01896592,sell
2020-03-22,3,1,1,0,0,0,1,6,5,0,4,1,2,2,2,5,1,-0.0058178, 0.0080520, 0.0099935, 0.0054799, 0.00805199,buy
2020-03-23,4,1,2,0,0,0,1,4,8,0,4,1,2,4,4,4,1,-0.0111249, 0.0152750, 0.0071042,-0.0097968, 0.01527498,buy
2020-03-24,3,1,2,0,0,0,2,4,4,0,3,1,1,3,3,4,1,-0.0129423, 0.0196964, 0.0237838,-0.0115298, 0.01890907,buy
2020-03-25,3,0,3,0,0,0,3,3,2,3,4,3,2,4,1,2,1, 0.0034790, 0.0083545, 0.0034790, 0.0028728,-0.01528591,sell
2020-03-26,4,2,3,0,0,0,2,4,2,4,5,3,2,5,2,3,1,-0.0034823,-0.0001730,-0.0045908,-0.0018544,-0.00549747,sell
2020-03-27,4,4,3,0,0,0,1,4,2,1,4,3,3,4,3,2,0, 0.0352559, 0.0240130, 0.0476645,-0.0096882, 0.01953228,buy
2020-03-28,4,1,7,0,0,0,1,4,1,0,4,3,1,4,4,1,1, 0.0015353, 0.0039597,-0.0039993,-0.0031022,-0.00876544,sell
2020-03-29,4,0,7,3,0,0,2,4,0,0,4,4,0,5,4,2,1,-0.0061474,-0.0021360,-0.0055885,-0.0032729,-0.00469381,sell
2020-03-30,2,0,4,4,2,0,1,5,0,1,4,3,1,5,4,1,1,-0.0065391,-0.0049886,-0.0037420,-0.0051869,-0.00484811,sell
2020-03-31,2,1,4,0,4,0,1,4,1,2,2,3,4,2,4,3,1, 0.0266361, 0.0233669, 0.0252694, 0.0335964, 0.01838423,buy
2020-04-01,2,0,5,0,0,0,0,5,1,1,1,2,3,1,3,3,1, 0.0127940, 0.0142586, 0.0195223, 0.0142586,-0.01540227,buy
2020-04-02,2,0,5,1,0,4,0,4,1,2,2,3,4,2,4,3,1, 0.0285340, 0.0199977, 0.0178661, 0.0237725, 0.02377252,buy
2020-04-03,2,1,4,1,1,2,0,4,1,2,1,3,4,1,4,4,1, 0.0116414, 0.0145905, 0.0147179, 0.0116414, 0.01443842,buy
2020-04-04,2,1,3,0,5,0,1,4,0,2,1,3,4,1,4,4,1, 0.0089979, 0.0105285, 0.0062649, 0.0083944, 0.00626492,buy
2020-04-05,2,1,3,4,2,1,2,3,2,2,2,4,4,2,4,4,2, 0.0232105, 0.0165554, 0.0240060, 0.0231910, 0.02509952,buy
2020-04-06,2,1,7,3,0,1,2,3,2,1,2,4,4,2,4,4,2, 0.0307948, 0.0308559, 0.0308356, 0.0342796, 0.02056418,buy
2020-04-07,2,3,5,1,2,0,2,3,2,1,2,3,4,2,4,4,2, 0.0312530, 0.0401307, 0.0312530, 0.0335209, 0.02510028,buy
2020-04-08,1,2,2,2,2,1,2,1,2,5,2,3,4,2,4,3,2, 0.0033764, 0.0001343, 0.0061031, 0.0004047, 0.00560776,buy
2020-04-09,0,0,3,1,1,1,2,1,3,5,2,2,4,2,3,3,1, 0.0079855, 0.0047171, 0.0063977, 0.0101012, 0.00752604,buy
2020-04-10,0,0,3,1,0,1,2,1,6,3,3,1,3,4,3,2,1,-0.0137363, 0.0058336, 0.0049961,-0.0104188, 0.00908445,sell
2020-04-11,0,1,1,2,1,1,2,4,3,4,3,2,4,3,3,3,1,-0.0075803,-0.0123292,-0.0090417,-0.0073058,-0.01567288,sell
2020-04-12,0,0,1,3,0,0,6,3,1,4,3,2,3,3,3,4,0,-0.0072121,-0.0135849,-0.0095978,-0.0125437, 0.01195940,sell
2020-04-13,0,0,2,2,1,0,5,0,1,3,2,2,1,2,2,4,1, 0.0053477,-0.0036513, 0.0066313, 0.0093176, 0.01105142,buy
2020-04-14,2,1,1,3,0,0,3,0,3,3,3,2,1,3,1,4,2,-0.0051195,-0.0017957,-0.0046988,-0.0019070,-0.00368747,sell
2020-04-15,4,1,2,3,0,0,2,1,2,4,3,3,1,3,1,5,3, 0.0005149,-0.0092341,-0.0069767, 0.0005149,-0.00442076,sell
2020-04-16,1,0,2,2,0,0,2,1,2,4,2,3,2,2,1,2,2,-0.0097689, 0.0002446,-0.0107909, 0.0026495,-0.00094243,sell
2020-04-17,0,1,1,2,0,0,5,0,3,3,3,2,1,3,2,2,2, 0.0071685,-0.0085025, 0.0104463, 0.0085857, 0.00916239,buy
2020-04-18,0,0,1,2,0,0,2,3,3,4,3,3,0,3,3,1,2, 0.0300015, 0.0084271, 0.0375934, 0.0272984, 0.03063583,buy
2020-04-19,1,0,1,3,0,0,1,4,4,4,4,4,1,3,3,1,2, 0.0045592,-0.0135295, 0.0130436, 0.0045592, 0.00794185,buy
2020-04-20,1,0,1,3,0,0,2,2,5,2,3,3,2,2,3,2,1,-0.0169745,-0.0008239,-0.0163365,-0.0121514,-0.01433752,sell
2020-04-21,1,0,1,3,0,0,3,1,4,2,2,3,3,1,2,2,2,-0.0224070,-0.0196164,-0.0218185,-0.0186377,-0.01967799,sell
2020-04-22,2,0,1,2,0,0,3,3,1,5,2,2,5,2,3,2,1, 0.0027578, 0.0160646, 0.0122010, 0.0152600, 0.00512064,buy
2020-04-23,2,4,1,2,0,0,3,3,0,6,3,2,5,3,4,2,2, 0.0107597, 0.0130646, 0.0098449, 0.0126888, 0.01283836,buy
2020-04-24,1,2,3,2,0,0,3,1,1,5,3,2,5,3,3,1,1, 0.0066527, 0.0183865, 0.0055181, 0.0185082, 0.01838648,buy
2020-04-25,1,3,4,3,0,0,2,1,0,4,4,2,3,4,3,2,0, 0.0342597, 0.0465158, 0.0348149, 0.0366258, 0.03564023,buy
2020-04-26,2,2,2,4,0,0,2,3,0,6,3,2,4,3,4,3,2, 0.0046269, 0.0045188, 0.0022550, 0.0038777, 0.00462690,buy
2020-04-27,2,3,2,2,3,0,1,4,1,5,3,3,5,3,3,4,2, 0.0035480,-0.0151552,-0.0087784, 0.0082069,-0.00877840,sell
2020-04-28,2,3,2,2,1,0,2,4,1,3,2,2,6,1,3,4,2, 0.0047581,-0.0038022, 0.0079355, 0.0053968, 0.00927913,buy
2020-04-29,2,3,2,1,1,3,2,4,0,2,2,2,5,3,3,3,2, 0.0109299, 0.0112493, 0.0094934, 0.0269677, 0.01124935,buy
2020-04-30,2,5,1,2,0,3,2,4,0,3,3,1,4,4,4,4,2, 0.0028040, 0.0181228, 0.0141706, 0.0248437, 0.01845748,buy
2020-05-01,2,6,1,1,3,1,2,3,1,2,3,2,4,4,3,4,2, 0.0028303,-0.0101844,-0.0101884,-0.0103763,-0.00991472,sell
2020-05-02,1,4,2,3,3,1,2,2,0,1,4,2,3,4,3,3,0,-0.0466081,-0.0251724,-0.0133561,-0.0167002,-0.01557011,sell
2020-05-03,1,5,4,5,1,1,3,1,0,2,5,2,3,4,4,4,1,-0.0018616,-0.0004508, 0.0000813, 0.0000099,-0.00045084,sell
2020-05-04,0,6,4,3,2,0,3,1,0,1,4,3,2,3,4,3,1,-0.0153125,-0.0182870,-0.0147163,-0.0179348,-0.01676981,sell
2020-05-05,0,5,3,2,2,0,3,1,1,3,3,3,3,3,4,2,2, 0.0016048, 0.0065124, 0.0039805, 0.0098855, 0.00170339,buy
2020-05-06,0,3,3,3,1,1,3,1,2,4,2,3,4,3,4,2,3,-0.0020552,-0.0028704, 0.0108859,-0.0046350,-0.00205520,sell
2020-05-07,0,2,3,0,2,1,3,1,4,3,2,4,4,4,1,2,2, 0.0024190, 0.0030008, 0.0060286, 0.0022919, 0.00321326,buy
2020-05-08,0,2,2,0,2,0,3,3,5,3,4,2,4,5,2,2,1, 0.0074986, 0.0073852, 0.0078334, 0.0063690,-0.00111143,buy
2020-05-09,0,2,2,1,2,1,5,4,3,3,4,2,5,5,2,3,2, 0.0057193, 0.0063675, 0.0083620, 0.0057193, 0.00489293,buy
2020-05-10,0,0,5,1,1,1,6,1,2,3,3,2,3,5,3,3,1,-0.0333063,-0.0330097,-0.0335586,-0.0325875,-0.04258918,sell
2020-05-11,1,1,5,0,2,0,3,2,2,2,2,2,3,5,2,3,1,-0.0177906,-0.0172546,-0.0215571,-0.0256740,-0.02676348,sell
2020-05-12,3,1,4,1,2,0,3,2,2,3,4,2,4,3,3,3,2, 0.0116930, 0.0081764, 0.0021275, 0.0076034, 0.00710698,buy
2020-05-13,1,0,3,1,1,0,3,2,1,3,2,1,3,2,3,3,1,-0.0088546,-0.0090765,-0.0000175,-0.0088546,-0.00967892,sell
2020-05-14,1,0,4,1,1,0,7,1,1,2,3,2,3,4,3,2,1,-0.0040012,-0.0040012,-0.0055813,-0.0053951,-0.02776858,sell
2020-05-15,1,1,3,2,1,0,5,3,1,1,5,1,1,4,3,3,1, 0.0065752, 0.0010287, 0.0121706, 0.0100696, 0.00399248,buy
2020-05-16,1,1,2,2,1,0,2,5,2,2,3,0,2,5,2,4,2,-0.0258301,-0.0163911,-0.0108876,-0.0191903,-0.01198432,sell
2020-05-17,1,0,3,2,1,0,4,2,3,2,3,1,2,4,3,4,1,-0.0047010,-0.0010954,-0.0010954,-0.0006918, 0.00090123,sell
2020-05-18,0,1,3,3,1,0,3,2,2,1,2,3,1,3,4,3,0,-0.0049106,-0.0047950,-0.0219925,-0.0050463,-0.01910551,sell
2020-05-19,1,2,3,2,1,0,2,2,2,5,3,3,3,3,4,2,2, 0.0059012, 0.0049254,-0.0002210, 0.0024989, 0.00567641,buy
2020-05-20,2,4,3,3,1,0,1,3,2,6,4,4,3,4,5,3,2, 0.0015766, 0.0069501,-0.0052379,-0.0066094, 0.00464188,sell
2020-05-21,2,5,4,2,0,0,2,3,2,3,3,3,3,3,5,4,2,-0.0142100,-0.0031509,-0.0107615,-0.0101750,-0.01898395,sell
2020-05-22,1,2,5,2,1,0,2,3,2,4,2,4,3,3,4,4,2, 0.0112604, 0.0102862, 0.0131193, 0.0043121, 0.00281485,buy
2020-05-23,2,3,2,4,1,0,1,3,1,5,1,5,3,3,4,4,2, 0.0062577, 0.0086905, 0.0067656, 0.0039103, 0.00293836,buy
2020-05-24,2,4,1,2,5,0,1,4,1,4,2,4,4,3,4,5,2,-0.0016492,-0.0031925,-0.0010243,-0.0031925,-0.00544003,sell
2020-05-25,0,3,2,1,4,0,1,3,2,3,3,4,3,2,3,4,0,-0.0088672,-0.0128334,-0.0167067,-0.0126542,-0.01517124,sell
2020-05-26,0,1,3,3,2,2,2,3,1,2,3,4,2,4,2,3,1, 0.0032127, 0.0025990, 0.0086596, 0.0005617, 0.00056166,buy
2020-05-27,0,0,1,4,4,3,1,3,1,3,3,3,2,4,4,3,1, 0.0104489, 0.0103777, 0.0104489, 0.0160613, 0.01497362,buy
2020-05-28,0,2,0,4,5,0,1,2,2,3,3,2,4,3,2,4,1,-0.0104164,-0.0000215, 0.0063764, 0.0085730, 0.00369517,buy
2020-05-29,0,2,1,4,6,1,1,2,1,2,4,2,3,4,3,4,0,-0.0042381,-0.0020456, 0.0040321, 0.0016932, 0.00642290,buy
2020-05-30,0,1,2,7,1,2,1,2,1,4,3,3,3,4,3,4,1,-0.0084939, 0.0084655, 0.0017342, 0.0060028, 0.01243794,buy
2020-05-31,0,2,3,5,2,1,1,3,1,3,4,2,3,3,4,4,1,-0.0050747,-0.0044993,-0.0080690,-0.0044993,-0.00050322,sell
2020-06-01,0,4,2,4,4,0,1,3,1,2,4,3,2,3,5,3,1,-0.0021795,-0.0035569,-0.0029627,-0.0026331,-0.00263309,sell
2020-06-02,0,2,0,8,2,1,1,3,1,5,4,3,3,3,6,3,1, 0.0007264, 0.0040919, 0.0062668, 0.0028030, 0.00730725,buy
2020-06-03,0,1,2,7,1,1,0,2,1,3,3,3,3,2,4,2,1,-0.0120193,-0.0023187,-0.0038342,-0.0023187,-0.00305068,sell
2020-06-04,0,2,2,5,0,0,0,2,4,2,4,4,2,2,4,1,0,-0.0021785,-0.0076704,-0.0036371,-0.0087965, 0.00362936,sell
2020-06-05,1,2,0,5,1,1,2,5,2,4,4,4,3,2,5,3,2,-0.0024908,-0.0024872,-0.0026361,-0.0037927,-0.00204802,sell
2020-06-06,1,0,0,4,0,0,5,2,1,5,2,3,3,2,4,3,1, 0.0095315,-0.0021161, 0.0033431,-0.0014323,-0.00217307,buy
2020-06-07,1,0,1,3,1,0,3,1,2,2,1,2,2,1,3,3,2,-0.0081501,-0.0096586,-0.0068901,-0.0011481,-0.00806340,sell
2020-06-08,4,1,0,4,0,0,2,2,3,2,2,3,3,2,3,3,2,-0.0009913, 0.0004350,-0.0005124, 0.0009108,-0.00059396,sell
2020-06-09,4,1,1,3,0,0,2,3,1,3,2,2,3,2,3,4,2, 0.0010290,-0.0048459, 0.0026532, 0.0022319, 0.00102901,buy
2020-06-10,1,1,1,3,0,0,6,2,1,3,2,2,3,2,2,4,3, 0.0292920, 0.0250650, 0.0108562, 0.0417956, 0.02736442,buy
2020-06-11,1,1,0,2,1,0,5,3,2,3,2,1,2,4,2,4,3, 0.0070571,-0.0177897, 0.0002374, 0.0021212, 0.01672753,buy
2020-06-12,3,0,0,2,2,0,1,6,2,3,3,2,3,4,2,4,1,-0.0069379,-0.0053435,-0.0054646,-0.0180986,-0.00700892,sell
2020-06-13,3,0,0,2,2,0,1,4,4,2,3,2,3,4,2,4,0, 0.0054370, 0.0030617, 0.0061594,-0.0273948,-0.00962193,sell
2020-06-14,1,0,0,2,2,0,2,2,4,2,3,1,2,3,1,4,1,-0.0137200,-0.0121843,-0.0124977,-0.0183567,-0.01654179,sell
2020-06-15,1,0,0,2,2,0,3,3,2,4,4,2,3,4,0,3,1,-0.0018283,-0.0108388,-0.0013775, 0.0026202,-0.01161434,sell
2020-06-16,2,2,0,2,2,0,3,5,2,5,5,3,3,5,1,4,2,-0.0097473,-0.0109578,-0.0059341,-0.0096861,-0.01067319,sell
2020-06-17,2,3,0,2,3,0,2,4,3,1,4,2,3,4,2,4,1, 0.0009901, 0.0013381,-0.0116531,-0.0112680,-0.01165312,sell
2020-06-18,1,0,3,1,3,0,1,2,4,1,3,2,2,4,2,3,0,-0.0080764,-0.0070512,-0.0056755,-0.0146628,-0.00754112,sell
2020-06-19,2,0,1,4,3,0,2,2,2,1,3,1,1,4,3,4,1,-0.0130314,-0.0125079,-0.0125079,-0.0131082,-0.01377711,sell
2020-06-20,1,1,0,3,4,0,1,2,2,3,4,2,3,3,2,3,0,-0.0188943,-0.0085223,-0.0017023,-0.0084118,-0.00212742,sell
2020-06-21,1,3,1,1,4,0,2,2,3,2,2,3,3,3,3,4,1,-0.0054269,-0.0092480,-0.0054269,-0.0100436, 0.00280805,sell
2020-06-22,0,2,3,1,1,2,1,2,4,1,2,3,2,3,3,3,1, 0.0034100, 0.0072234, 0.0091653,-0.0029107,-0.00069706,buy
2020-06-23,0,2,3,2,1,3,0,2,5,1,2,2,3,3,4,3,2, 0.0174683, 0.0219391, 0.0174683, 0.0231622, 0.01297440,buy
2020-06-24,0,3,1,3,2,0,0,1,5,1,1,2,3,2,3,4,1,-0.0018426, 0.0018110,-0.0024737,-0.0049100,-0.00042989,sell
2020-06-25,0,3,1,1,6,0,0,1,4,1,2,2,2,3,4,3,1,-0.0088218,-0.0070267,-0.0088218,-0.0109815,-0.00882176,sell
2020-06-26,0,3,2,4,1,1,0,0,3,1,1,1,2,2,4,3,2,-0.0058240,-0.0083975,-0.0084387,-0.0098796,-0.00849096,sell
2020-06-27,0,3,4,4,0,2,0,0,3,0,2,2,2,2,3,3,2,-0.0070906,-0.0054226,-0.0085571,-0.0004988,-0.00609955,sell
2020-06-28,0,5,2,2,1,1,0,0,3,0,2,2,1,2,3,3,1,-0.0005776,-0.0011320,-0.0113792, 0.0004100, 0.00144185,sell
2020-06-29,0,3,0,3,2,0,0,0,3,3,2,2,2,2,3,2,1,-0.0368098,-0.0226447,-0.0417145,-0.0367809,-0.01905930,sell
2020-06-30,0,1,0,4,2,1,2,0,3,1,1,3,1,1,2,4,2,-0.0026518,-0.0039207,-0.0019950, 0.0033326,-0.00113540,sell
2020-07-01,0,0,2,3,0,0,2,0,7,0,2,3,1,2,2,3,1, 0.0020935,-0.0049923,-0.0104706,-0.0150754,-0.00236845,sell
2020-07-02,0,1,1,2,1,1,2,3,5,0,2,2,1,2,3,4,2, 0.0213742, 0.0103903, 0.0137191, 0.0103199, 0.01410512,buy
2020-07-03,0,1,0,3,1,0,5,1,4,2,2,3,1,2,3,5,1,-0.0133746,-0.0143782,-0.0124362,-0.0311868,-0.01690062,sell
2020-07-04,0,2,1,3,1,0,5,0,4,2,2,4,1,2,2,5,2, 0.0029857,-0.0032806,-0.0032806,-0.0187001,-0.00544380,sell
2020-07-05,2,3,1,3,1,0,2,0,4,1,2,3,2,2,0,5,3, 0.0062365, 0.0010878, 0.0010878, 0.0022302, 0.00287562,buy
2020-07-06,3,3,1,3,0,0,2,1,4,2,2,4,3,2,1,4,3, 0.0116289, 0.0072495, 0.0065991, 0.0065991, 0.00616888,buy
2020-07-07,0,2,2,2,0,0,4,2,3,2,2,5,4,1,0,3,2, 0.0076325, 0.0056009, 0.0126937, 0.0108115, 0.01086846,buy
2020-07-08,0,3,1,2,0,0,8,1,2,1,2,5,3,2,1,3,2, 0.0121244, 0.0140268, 0.0088193, 0.0183647, 0.01429733,buy
2020-07-09,0,2,1,2,0,1,5,3,2,2,3,4,2,2,2,3,2, 0.0085927, 0.0178423, 0.0076323, 0.0185506, 0.00184036,buy
2020-07-10,1,2,1,2,0,2,3,2,4,1,3,3,3,3,2,3,1,-0.0098647,-0.0178169,-0.0121682,-0.0049433, 0.00167736,sell
2020-07-11,1,2,1,2,0,2,4,1,4,1,2,4,2,3,1,4,2, 0.0006225, 0.0005561, 0.0005561,-0.0003464,-0.00053330,buy
2020-07-12,1,2,1,3,0,2,4,0,2,3,3,4,3,3,1,3,1,-0.0069247,-0.0084406,-0.0084406,-0.0084406,-0.01076004,sell
2020-07-13,0,3,1,3,0,2,3,2,1,4,4,3,4,3,2,2,1,-0.0075284,-0.0090837,-0.0075284,-0.0075284,-0.00752839,sell
2020-07-14,1,5,1,3,0,2,4,1,1,2,3,4,3,3,3,3,1, 0.0005377, 0.0010756, 0.0037771, 0.0019142,-0.00457018,sell
2020-07-15,1,3,4,2,0,2,3,1,2,1,2,4,3,3,3,3,1,-0.0026451, 0.0025665, 0.0043018, 0.0002618, 0.00060733,buy
2020-07-16,1,2,3,4,0,3,3,1,3,1,2,5,2,4,3,4,1,-0.0126798,-0.0242998,-0.0254271,-0.0234123,-0.02341232,sell
2020-07-17,1,2,1,4,2,3,3,1,3,2,3,4,3,3,3,5,1,-0.0278401,-0.0292592,-0.0292592,-0.0237081,-0.02321769,sell
2020-07-18,0,3,0,1,3,3,2,1,2,2,2,3,3,2,3,4,0, 0.0060688, 0.0069532,-0.0008034, 0.0028703, 0.00606878,buy
2020-07-19,0,3,1,1,0,3,3,0,3,2,1,4,3,1,2,4,1, 0.0161741, 0.0154342, 0.0255060, 0.0019966, 0.00083765,buy
2020-07-20,0,2,1,1,0,5,2,1,2,1,1,4,1,2,3,2,2, 0.0021385, 0.0023958, 0.0024817, 0.0039863, 0.00178928,buy
2020-07-21,0,1,1,2,0,2,1,1,3,3,0,4,2,0,3,3,2, 0.0114516, 0.0181235, 0.0138983, 0.0152390, 0.00730032,buy
2020-07-22,0,2,1,2,4,1,1,0,3,2,1,5,2,1,3,3,1, 0.0242467, 0.0139883, 0.0143716, 0.0187534, 0.02143607,buy
2020-07-23,0,1,1,5,3,1,1,0,2,3,2,5,1,1,4,3,1, 0.0132997, 0.0087139, 0.0186516, 0.0166091, 0.01607623,buy
2020-07-24,0,1,4,3,2,2,1,0,2,3,2,3,3,1,3,4,2,-0.0001443, 0.0021380, 0.0018648,-0.0022282, 0.00206608,sell
2020-07-25,0,4,1,2,2,2,0,0,2,2,2,3,2,1,3,3,1, 0.0116482, 0.0118775,-0.0079718, 0.0116482, 0.01134885,buy
2020-07-26,0,2,1,1,4,1,0,0,2,6,3,3,3,3,2,2,1, 0.0109384, 0.0067881, 0.0089972, 0.0130437, 0.01376824,buy
2020-07-27,0,0,1,3,2,2,0,0,0,5,3,1,4,2,1,1,1,-0.0050382,-0.0176338,-0.0031482,-0.0064857, 0.01277900,buy
2020-07-28,0,0,2,1,4,2,2,1,3,4,4,2,5,2,1,3,2, 0.0394852, 0.0402897, 0.0389963, 0.0406062, 0.04546712,buy
2020-07-29,0,1,1,2,3,2,2,4,2,4,4,2,5,4,2,3,1,-0.0039405,-0.0002734,-0.0012784,-0.0071309,-0.02244725,sell
2020-07-30,0,1,2,2,3,3,4,3,0,5,4,2,6,4,1,4,2, 0.0158226, 0.0128048, 0.0128048, 0.0180633, 0.01994875,buy
2020-07-31,0,1,2,2,3,3,5,1,0,5,4,2,5,3,2,4,2, 0.0139516, 0.0143210, 0.0143210, 0.0158235, 0.01835649,buy
2020-08-01,2,1,2,1,2,3,2,1,1,6,3,3,5,4,2,3,1, 0.0054016, 0.0074313, 0.0030116,-0.0193784, 0.00540156,buy
2020-08-02,3,1,1,0,3,3,2,2,1,5,3,1,5,4,3,3,2, 0.0104936, 0.0160400, 0.0067965, 0.0016428, 0.00932934,buy
2020-08-03,0,0,0,1,2,2,2,2,1,4,1,1,2,3,2,3,2,-0.0216020,-0.0214730,-0.0104979,-0.0153215,-0.01313421,sell
2020-08-04,0,1,1,0,2,2,6,1,1,3,2,2,2,4,3,2,2, 0.0042900,-0.0078056, 0.0033973, 0.0016443,-0.00341656,buy
2020-08-05,0,1,1,1,1,1,3,5,1,3,2,2,2,2,4,3,2, 0.0068231, 0.0045946, 0.0086619, 0.0043815, 0.00608090,buy
2020-08-06,1,2,0,1,1,1,3,4,3,3,2,2,3,3,3,4,2, 0.0228405,-0.0061909, 0.0174284, 0.0174977, 0.01742837,buy
2020-08-07,1,2,0,1,2,0,2,2,3,4,3,2,4,2,2,3,1,-0.0181899,-0.0110266,-0.0188456,-0.0040655,-0.02181709,sell
2020-08-08,1,2,1,1,3,0,3,0,0,4,3,3,5,1,1,2,0,-0.0117693,-0.0148069,-0.0152680,-0.0089928,-0.01842788,sell
2020-08-09,1,3,1,1,3,0,2,0,1,6,4,3,5,2,2,1,1,-0.0015878, 0.0008815,-0.0012489,-0.0002061, 0.00860111,buy
2020-08-10,1,4,1,0,2,0,1,1,1,5,3,1,4,2,3,2,1,-0.0222398,-0.0108555,-0.0085766,-0.0058325,-0.02135155,sell
2020-08-11,1,3,4,0,3,0,2,1,1,4,3,2,4,3,3,3,1,-0.0096151,-0.0193342,-0.0228398,-0.0147136,-0.02561327,sell
2020-08-12,0,2,4,2,4,0,3,1,1,4,5,3,4,4,2,2,1,-0.0181912,-0.0272231,-0.0190607,-0.0211289,-0.01782961,sell
2020-08-13,0,2,1,3,6,0,3,2,0,4,5,2,5,3,2,2,2,-0.0008921,-0.0044520, 0.0035291, 0.0029586, 0.00120740,buy
2020-08-14,0,4,2,0,9,0,1,2,2,4,4,3,6,4,2,4,1, 0.0064960,-0.0020699,-0.0154055,-0.0162570,-0.00206991,sell
2020-08-15,1,4,2,0,8,0,1,1,2,3,3,2,5,3,3,4,2,-0.0030009,-0.0030009,-0.0133008,-0.0172409,-0.00300088,sell
2020-08-16,0,2,3,0,7,3,1,1,2,3,2,3,4,4,4,4,1, 0.0113164, 0.0038269, 0.0043048,-0.0002112, 0.00689760,buy
2020-08-17,0,3,2,1,5,2,1,1,1,4,0,4,2,4,4,4,2,-0.0095445,-0.0067854,-0.0044779,-0.0031662,-0.00728253,sell
2020-08-18,0,4,3,0,8,0,1,2,1,3,1,4,1,4,4,5,3,-0.0247392,-0.0245361,-0.0280035,-0.0245361,-0.02486289,sell
2020-08-19,0,2,4,5,5,0,0,2,2,2,2,4,0,4,5,4,3,-0.0343708,-0.0160176,-0.0252325,-0.0301906,-0.04618946,sell
2020-08-20,0,1,6,5,3,1,0,1,2,2,2,4,1,3,5,4,2,-0.0024124,-0.0155784, 0.0125225,-0.0004481,-0.00297119,sell
2020-08-21,0,2,3,3,3,2,0,1,1,2,4,2,1,3,3,3,1,-0.0110221,-0.0104304,-0.0079586,-0.0012577,-0.00770893,sell
2020-08-22,0,3,1,3,3,2,0,0,1,6,5,2,1,4,4,2,1,-0.0103607,-0.0085880,-0.0112968,-0.0230567, 0.00155814,sell
2020-08-23,0,1,3,6,2,3,0,0,0,4,3,3,3,3,4,2,1,-0.0090704,-0.0065909,-0.0065909,-0.0022829, 0.00701946,sell
2020-08-24,0,0,4,5,0,2,0,0,2,2,3,1,3,3,2,2,1,-0.0120783,-0.0115769,-0.0215445,-0.0123672,-0.03276740,sell
2020-08-25,0,1,3,5,1,2,0,2,2,2,3,2,3,5,3,1,1,-0.0139729,-0.0107200,-0.0139729,-0.0334907,-0.03038152,sell
2020-08-26,0,1,3,7,2,2,2,3,0,3,5,2,3,6,3,2,2, 0.0332929, 0.0109328, 0.0083690, 0.0051996, 0.00294183,buy
2020-08-27,0,1,4,5,1,2,3,0,0,3,5,2,2,4,3,2,1,-0.0276936,-0.0148278,-0.0146937,-0.0144617,-0.01571640,sell
2020-08-28,1,2,5,4,0,4,0,0,1,2,5,2,3,3,2,3,1, 0.0065245, 0.0213588, 0.0121860, 0.0138128, 0.01435236,buy
2020-08-29,3,3,4,2,0,5,0,0,2,3,5,2,3,5,3,2,2, 0.0075629, 0.0054286, 0.0075858, 0.0097997, 0.00868558,buy
2020-08-30,1,2,4,2,0,4,0,1,1,5,3,2,3,4,4,3,1,-0.0143591, 0.0018902,-0.0088385, 0.0024053, 0.00198870,sell
2020-08-31,0,1,5,4,1,3,4,0,2,4,3,3,3,5,5,3,2,-0.0175447,-0.0114968,-0.0116554,-0.0169119, 0.00249388,sell
2020-09-01,0,1,5,5,1,3,2,3,3,3,3,3,2,6,6,3,3,-0.0032058,-0.0001915, 0.0010760,-0.0058811, 0.00418318,sell
2020-09-02,1,1,3,5,1,3,0,3,4,3,2,4,2,6,5,3,2,-0.0196783,-0.0108231,-0.0140555,-0.0073444, 0.01488344,sell
2020-09-03,1,1,4,4,1,2,1,1,4,2,2,4,1,4,5,3,2,-0.0179641, 0.0025573,-0.0019491, 0.0018949, 0.00823495,sell
2020-09-04,0,2,5,3,1,2,2,0,1,3,3,4,0,2,4,3,3,-0.0174979,-0.0158731,-0.0153456,-0.0155641,-0.01492840,sell
2020-09-05,1,2,3,3,1,1,2,0,1,6,3,4,1,1,5,3,3, 0.0057311,-0.0016598,-0.0019549,-0.0099212, 0.00744690,buy
2020-09-06,2,5,3,3,1,2,0,1,1,5,4,4,3,2,6,2,2,-0.0040688, 0.0014701,-0.0109864,-0.0185029,-0.00391129,sell
2020-09-07,1,4,4,2,1,1,0,1,2,2,4,3,4,2,2,2,1,-0.0161558,-0.0153563,-0.0155093,-0.0258593,-0.01118198,sell
2020-09-08,0,2,4,3,0,1,1,0,3,2,5,3,3,1,2,0,2,-0.0004709,-0.0085940,-0.0016165, 0.0039148,-0.00969530,sell
2020-09-09,0,3,2,5,1,1,2,1,2,2,4,4,2,3,2,2,2,-0.0165630,-0.0188772,-0.0083466,-0.0165630,-0.02045245,sell
2020-09-10,0,3,2,2,4,1,1,3,2,2,4,2,3,3,3,3,2,-0.0069743, 0.0205012, 0.0001949, 0.0134320, 0.02154981,buy
2020-09-11,0,5,2,1,3,1,1,1,3,2,3,1,3,3,3,4,2,-0.0055967,-0.0056847, 0.0004580,-0.0064844, 0.00089116,sell
2020-09-12,0,4,4,1,1,4,1,0,2,2,3,1,3,3,4,3,2, 0.0071234,-0.0037749, 0.0018016, 0.0029812, 0.00691789,buy
2020-09-13,1,4,4,3,1,4,0,0,1,4,4,2,4,3,4,3,2,-0.0102349,-0.0062291,-0.0065643, 0.0068502,-0.01192598,sell
2020-09-14,1,5,3,3,3,1,0,0,0,4,4,2,4,2,3,4,1,-0.0120685,-0.0147197,-0.0173187,-0.0140041,-0.01685062,sell
2020-09-15,0,4,3,2,5,1,0,0,0,3,4,2,2,2,4,4,0,-0.0056486,-0.0093225,-0.0056717,-0.0059329,-0.00914995,sell
2020-09-16,0,3,4,5,2,2,1,0,0,3,4,3,3,2,4,3,1,-0.0055140,-0.0062395,-0.0199660,-0.0127822,-0.00519167,sell
2020-09-17,0,3,5,2,3,1,0,1,0,4,4,3,2,3,3,3,1, 0.0235178,-0.0034717, 0.0111239, 0.0147260, 0.00988598,buy
2020-09-18,0,5,2,1,5,0,0,0,1,7,5,2,2,5,3,3,1, 0.0091853, 0.0091853, 0.0091853,-0.0094319, 0.00969118,buy
2020-09-19,0,2,2,2,4,1,0,0,0,9,4,3,3,4,4,2,0, 0.0047221, 0.0047221, 0.0017719, 0.0071638, 0.00221173,buy
2020-09-20,0,1,3,2,4,1,0,0,1,6,4,1,4,3,3,2,1,-0.0125836,-0.0076218,-0.0179048,-0.0179048,-0.01248019,sell
2020-09-21,0,2,2,1,5,1,0,1,3,6,5,3,3,3,4,1,2, 0.0178356, 0.0178356, 0.0147011, 0.0134643, 0.01483447,buy
2020-09-22,0,3,2,1,5,1,1,3,0,5,4,3,3,4,4,1,2, 0.0037987,-0.0059029,-0.0013823, 0.0025296,-0.00113566,buy
2020-09-23,0,3,2,1,4,1,3,0,0,5,4,3,2,4,3,2,1, 0.0078724,-0.0118998, 0.0078724, 0.0075245, 0.00267211,buy
2020-09-24,1,4,2,1,3,1,0,0,0,4,4,3,1,3,2,2,1, 0.0165668, 0.0165668, 0.0245783, 0.0147752, 0.01898622,buy
2020-09-25,3,4,2,0,5,1,0,0,1,5,3,4,2,4,4,3,1, 0.0152547, 0.0128248, 0.0091999,-0.0106851, 0.01282484,buy
2020-09-26,2,3,1,0,3,1,0,1,0,5,1,3,2,3,4,3,0,-0.0284767,-0.0289788,-0.0284767,-0.0207192,-0.02847669,sell
2020-09-27,0,2,1,1,2,2,4,0,0,4,2,2,2,3,4,2,1, 0.0073792, 0.0127875, 0.0225685, 0.0174993, 0.01780122,buy
2020-09-28,0,3,1,1,3,2,3,2,1,2,2,3,2,5,3,2,1,-0.0080487,-0.0111986,-0.0031226, 0.0012090,-0.01126952,sell
2020-09-29,1,3,1,1,3,0,0,4,2,2,3,2,2,4,3,3,0, 0.0024277, 0.0064210, 0.0063262,-0.0179052, 0.01474909,buy
2020-09-30,1,3,1,1,3,0,1,1,3,2,2,2,2,3,3,3,1, 0.0095692, 0.0070802, 0.0158644, 0.0119407, 0.00780634,buy
2020-10-01,0,3,1,2,3,1,2,1,1,2,1,2,1,2,4,4,2,-0.0108088, 0.0095594,-0.0015200, 0.0124871,-0.01386544,sell
2020-10-02,1,2,1,3,2,1,2,0,0,5,2,2,2,3,4,3,1,-0.0140156,-0.0239578,-0.0214042,-0.0140156,-0.01401555,sell
2020-10-03,1,4,1,2,1,1,1,1,0,5,3,1,3,4,3,2,1,-0.0005873, 0.0017299,-0.0097286, 0.0064917,-0.00058731,buy
2020-10-04,1,6,2,2,1,1,0,1,1,2,3,0,3,3,3,3,2,-0.0112890,-0.0108499, 0.0004238, 0.0067727,-0.00922367,sell
2020-10-05,0,3,3,3,1,1,1,0,1,2,2,1,2,4,3,2,1,-0.0202657,-0.0232910,-0.0226503,-0.0099584,-0.01986616,sell
2020-10-06,0,2,2,6,1,1,1,1,0,5,4,2,0,4,4,4,1, 0.0139401, 0.0084588, 0.0083434, 0.0093278, 0.00853856,buy
2020-10-07,0,1,1,5,4,1,1,2,2,5,4,3,2,4,4,4,1, 0.0046661, 0.0058238, 0.0130783, 0.0062532, 0.01523034,buy
2020-10-08,0,2,1,4,4,1,1,1,3,5,4,2,4,3,4,3,2,-0.0123670,-0.0175477,-0.0075878,-0.0168803,-0.00751305,sell
2020-10-09,0,2,2,4,1,2,1,0,3,4,4,1,4,2,3,3,2,-0.0174214,-0.0182781,-0.0203864,-0.0182781,-0.02034231,sell
2020-10-10,0,0,2,3,1,5,1,1,1,6,3,3,3,4,3,2,2, 0.0094594, 0.0096212, 0.0074419, 0.0141453, 0.01038759,buy
2020-10-11,0,1,1,4,1,3,2,0,1,6,2,3,3,3,3,3,2,-0.0055087,-0.0075007,-0.0169932,-0.0075007,-0.01151931,sell
2020-10-12,0,1,2,2,5,2,2,0,1,6,3,2,3,4,3,4,2, 0.0007556, 0.0027153, 0.0002602, 0.0051477,-0.00168418,sell
2020-10-13,1,0,2,5,2,2,1,0,1,6,3,2,2,3,5,3,2, 0.0316752, 0.0317904, 0.0188289, 0.0237909, 0.03494899,buy
2020-10-14,1,0,6,4,2,4,1,0,1,6,4,2,4,4,5,4,2,-0.0606095,-0.0597809,-0.0469309,-0.0638248,-0.03384316,sell
2020-10-15,0,3,4,2,2,3,1,0,1,6,4,1,3,4,5,4,1, 0.0024607, 0.0037672, 0.0016359, 0.0025554, 0.00168926,buy
2020-10-16,0,2,1,0,3,4,2,0,0,8,4,3,3,4,3,2,1, 0.0111372, 0.0111372, 0.0137091, 0.0037062, 0.01113721,buy
2020-10-17,0,0,2,1,1,4,1,1,0,7,3,2,3,4,2,2,1, 0.0145521, 0.0107902, 0.0128317,-0.0010198, 0.01128789,buy
2020-10-18,0,0,3,0,2,3,1,0,4,4,3,2,3,4,2,2,1, 0.0039064, 0.0056214, 0.0069689, 0.0061307, 0.00490679,buy
2020-10-19,0,1,2,2,2,2,1,3,1,4,3,2,3,4,3,3,0, 0.0206173, 0.0097180, 0.0107051, 0.0211442, 0.01247795,buy
2020-10-20,0,0,4,2,2,2,4,2,0,6,3,2,3,4,4,4,2,-0.0072087,-0.0062173,-0.0039896,-0.0015651,-0.00708974,sell
2020-10-21,0,2,4,3,1,2,3,1,0,4,2,2,3,3,3,4,3,-0.0059006,-0.0056323,-0.0076500,-0.0025813, 0.00209030,sell
2020-10-22,3,1,5,3,0,2,1,1,1,4,3,1,5,3,3,4,2,-0.0406406,-0.0242960,-0.0251824,-0.0372084, 0.00755721,sell
2020-10-23,3,1,4,3,0,1,1,2,0,5,3,1,4,3,3,4,2,-0.0306763,-0.0324242,-0.0306763,-0.0306763, 0.00878500,sell
2020-10-24,0,0,2,4,0,1,3,1,1,3,2,1,5,2,1,3,1,-0.0223922,-0.0231615,-0.0131508,-0.0178996,-0.02240512,sell
2020-10-25,0,0,2,3,1,0,5,1,1,2,2,2,4,3,2,1,1,-0.0326423,-0.0308133,-0.0056154, 0.0057567,-0.03278226,sell
2020-10-26,0,0,2,3,1,1,2,4,1,2,2,1,3,3,2,3,2,-0.0275727, 0.0037038,-0.0302722,-0.0133160,-0.02171447,sell
2020-10-27,1,0,1,2,0,2,3,2,3,2,2,1,4,1,4,2,2,-0.0072520,-0.0016622,-0.0001268,-0.0006076,-0.00167861,sell
2020-10-28,0,0,1,2,0,2,3,1,2,2,1,0,3,1,3,3,2,-0.0361875,-0.0361779,-0.0317324,-0.0359248,-0.03604802,sell
2020-10-29,1,0,0,1,0,1,4,0,0,4,2,1,3,1,1,2,1,-0.0070481,-0.0065182, 0.0084985,-0.0070481,-0.00547454,sell
2020-10-30,1,1,0,1,1,1,2,1,0,6,3,1,4,2,2,1,1,-0.0194030,-0.0172772,-0.0196314,-0.0156586,-0.02061783,sell
2020-10-31,1,4,0,0,2,1,2,1,0,3,3,1,2,2,2,3,1,-0.0089151,-0.0009902, 0.0036990,-0.0039015,-0.00880775,sell
2020-11-01,1,3,3,1,1,1,2,0,1,3,3,1,2,3,3,3,1, 0.0226513,-0.0270104,-0.0249062,-0.0048386, 0.02304129,buy
2020-11-02,0,2,4,2,1,1,2,1,0,4,5,1,1,4,2,3,1,-0.0116786,-0.0131603,-0.0116786,-0.0120710,-0.01486969,sell
2020-11-03,0,2,1,3,3,1,2,0,1,4,4,2,2,3,2,3,1,-0.0037285,-0.0019766,-0.0027435,-0.0037285, 0.01480609,buy
2020-11-04,0,5,0,0,5,1,1,1,1,4,3,2,3,3,3,3,1,-0.0142784,-0.0142549,-0.0128787,-0.0142549,-0.01488684,sell
2020-11-05,0,4,1,0,2,2,1,0,1,5,2,3,3,2,2,3,1, 0.0229582, 0.0277077, 0.0159643, 0.0228204, 0.02295820,buy
2020-11-06,0,4,2,0,2,4,1,0,0,5,3,4,3,3,3,1,1, 0.0205159, 0.0025412, 0.0219482, 0.0026133, 0.00969571,buy
2020-11-07,0,4,1,1,2,4,1,0,0,4,3,3,3,3,3,2,0, 0.0005201,-0.0297293, 0.0001303,-0.0291540,-0.02912625,sell
2020-11-08,0,3,2,0,5,1,1,0,1,3,1,3,4,3,2,2,1,-0.0138509, 0.0027901,-0.0141082, 0.0192336,-0.01883610,sell
2020-11-09,0,2,2,3,5,1,1,1,0,1,2,3,3,2,3,2,1, 0.0044156, 0.0170592,-0.0021486, 0.0144678, 0.00658199,buy
2020-11-10,0,1,4,5,3,2,2,0,2,1,3,3,5,3,3,2,1,-0.0199678,-0.0133857,-0.0279262,-0.0296916,-0.02417124,sell
2020-11-11,0,1,4,2,2,2,2,0,2,3,3,2,5,3,3,1,1, 0.0343330, 0.0367283, 0.0362332, 0.0351495, 0.03552158,buy
2020-11-12,1,3,1,1,3,2,1,0,2,5,4,2,5,4,2,1,1,-0.0066436, 0.0128172,-0.0080374,-0.0088287,-0.00097162,sell
2020-11-13,1,0,1,2,2,4,1,0,2,5,3,2,6,3,1,2,1, 0.0215119, 0.0227192, 0.0199234, 0.0096946, 0.02810540,buy
2020-11-14,0,0,2,2,2,2,2,0,4,2,3,1,6,3,0,2,1, 0.0298855, 0.0170076, 0.0295967, 0.0182890, 0.01590565,buy
2020-11-15,0,1,2,2,2,1,2,3,6,3,4,1,6,4,3,2,2, 0.0047463, 0.0052090, 0.0050404, 0.0046364,-0.00287861,buy
2020-11-16,0,1,1,2,1,1,2,4,3,4,3,1,4,4,3,3,1,-0.0114907,-0.0156993,-0.0067453,-0.0134365,-0.02111136,sell
2020-11-17,0,1,2,1,0,1,4,0,4,4,3,2,2,3,3,3,1,-0.0022280,-0.0021702, 0.0010479,-0.0018903, 0.01372874,buy
2020-11-18,0,1,1,1,0,1,1,0,4,4,2,3,2,2,2,2,0,-0.0242987,-0.0220336,-0.0421465,-0.0241045,-0.02373227,sell
2020-11-19,3,1,0,1,1,1,1,1,3,5,3,3,3,2,3,2,1,-0.0006476,-0.0019520,-0.0038886, 0.0112001,-0.00072133,buy
2020-11-20,1,1,1,2,1,1,2,1,2,4,1,3,5,0,3,2,2, 0.0120538, 0.0093236, 0.0128790, 0.0120538, 0.01205383,buy
2020-11-21,0,1,2,2,1,0,5,1,2,1,1,4,4,1,3,0,2,-0.0051660,-0.0114357,-0.0051660,-0.0060709,-0.00997878,sell
2020-11-22,0,0,2,2,1,0,3,4,2,1,2,3,3,1,4,1,1, 0.0038270, 0.0202460, 0.0176958,-0.0031566, 0.01976916,buy
2020-11-23,1,1,1,3,1,1,2,4,4,1,2,3,5,2,3,3,1,-0.0028870, 0.0002719, 0.0035647, 0.0026995, 0.00496069,buy
2020-11-24,1,1,1,2,2,1,2,1,4,0,1,2,5,2,1,3,1, 0.0080005, 0.0064920, 0.0154343, 0.0064920, 0.00868090,buy
2020-11-25,1,1,1,2,3,1,3,1,1,0,0,3,5,2,0,3,1,-0.0058311,-0.0028984, 0.0010457,-0.0064013,-0.01007249,sell
2020-11-26,1,1,1,2,1,1,2,1,2,3,2,2,5,3,1,2,0,-0.0287485,-0.0166555,-0.0181303,-0.0223074,-0.01911254,sell
2020-11-27,1,4,1,2,1,2,1,2,2,3,3,1,5,4,2,3,1,-0.0156073,-0.0156073,-0.0123863,-0.0133459,-0.01180778,sell
2020-11-28,1,4,2,0,1,2,2,2,4,0,4,1,3,4,2,3,1, 0.0025154, 0.0061628, 0.0052095,-0.0016533,-0.00165334,sell
2020-11-29,0,1,3,0,1,1,1,3,4,0,3,1,3,3,2,2,0,-0.0124179,-0.0137883,-0.0115599,-0.0135501,-0.01361925,sell
2020-11-30,0,1,0,4,2,1,2,3,4,1,3,3,3,3,2,3,1, 0.0027052,-0.0169817,-0.0105558,-0.0156572,-0.00050562,sell
2020-12-01,0,1,0,3,4,1,1,4,3,1,3,2,3,2,4,3,1,-0.0121329,-0.0005686,-0.0121298,-0.0005686,-0.00394858,sell
2020-12-02,0,2,2,2,4,0,1,3,3,0,3,2,4,1,3,2,2,-0.0146879,-0.0146879,-0.0149830,-0.0067154, 0.00226684,sell
2020-12-03,0,1,3,1,2,2,1,3,2,1,2,3,4,2,2,2,1,-0.0092765,-0.0049481,-0.0085130, 0.0035114,-0.00614532,sell
2020-12-04,0,3,3,2,2,3,1,4,0,2,2,4,6,3,2,2,1, 0.0054622, 0.0039168, 0.0032666, 0.0212348, 0.00326663,buy
2020-12-05,0,3,3,2,3,0,1,3,0,3,1,4,6,1,1,3,2, 0.0069699,-0.0017068, 0.0035969, 0.0035969, 0.00359689,buy
2020-12-06,0,2,3,2,6,0,1,3,0,3,2,5,5,3,2,2,1,-0.0022633,-0.0016706,-0.0070336,-0.0023283, 0.00174440,sell
2020-12-07,0,1,3,4,4,1,1,4,1,2,3,4,5,4,3,2,0,-0.0132098,-0.0152299,-0.0174000,-0.0089483,-0.01414626,sell
2020-12-08,0,0,5,3,3,1,1,5,2,2,4,3,4,4,4,2,1, 0.0052561,-0.0060687,-0.0121661,-0.0134986,-0.00910124,sell
2020-12-09,0,3,4,1,3,0,1,5,1,2,3,2,3,4,4,3,1,-0.0239983,-0.0293910,-0.0153024, 0.0000371,-0.02729079,sell
2020-12-10,0,3,2,1,2,1,2,2,1,6,3,3,5,4,3,1,1, 0.0108784,-0.0005094, 0.0102196, 0.0161583, 0.01509770,buy
2020-12-11,0,0,2,2,0,1,2,2,2,5,3,2,4,3,2,2,0,-0.0079600,-0.0133710,-0.0132623,-0.0071714,-0.00500829,sell
2020-12-12,1,0,3,1,1,0,2,2,6,3,3,3,4,4,3,1,1,-0.0015659, 0.0160451, 0.0107236, 0.0090767, 0.01232503,buy
2020-12-13,1,1,2,3,1,0,2,5,5,3,4,3,4,4,4,3,1,-0.0079983, 0.0016102,-0.0163071,-0.0182398,-0.01317075,sell
2020-12-14,0,0,3,3,0,0,7,2,2,4,3,3,4,4,3,3,1,-0.0355453,-0.0355453,-0.0355349,-0.0355453,-0.01510764,sell
2020-12-15,0,1,3,2,0,0,6,1,2,2,2,3,2,3,2,3,2,-0.0017394, 0.0096644,-0.0024321,-0.0022488,-0.00105570,sell
2020-12-16,3,2,2,2,0,0,4,1,3,3,3,3,4,4,2,3,1,-0.0214383,-0.0281536,-0.0247062,-0.0170548, 0.00052870,sell
2020-12-17,3,2,2,3,0,0,5,1,3,3,3,4,3,4,3,4,1, 0.0476009, 0.0108115, 0.0195450, 0.0228506, 0.01946104,buy
2020-12-18,0,1,2,2,1,0,9,0,3,2,3,4,3,4,3,3,0,-0.0074178,-0.0041388,-0.0074178,-0.0033949,-0.00724948,sell
2020-12-19,0,1,1,1,1,0,10,3,3,2,3,4,2,6,4,2,1, 0.0003377,-0.0309056, 0.0041054, 0.0002717, 0.01175827,buy
2020-12-20,1,2,0,1,1,0,4,6,1,2,3,2,2,3,3,3,2, 0.0204764, 0.0048876, 0.0375491, 0.0248233, 0.03754910,buy
2020-12-21,1,2,0,1,1,0,5,4,3,1,4,2,2,3,4,2,1, 0.0112405,-0.0012991, 0.0094431, 0.0089069,-0.00442498,buy
2020-12-22,0,1,2,1,1,0,5,1,2,1,3,1,1,2,3,3,1,-0.0238812,-0.0214667,-0.0214667,-0.0236968,-0.02321111,sell
2020-12-23,1,1,3,2,1,0,5,1,0,2,2,2,2,3,2,3,2,-0.0083919,-0.0042872,-0.0114918,-0.0078069,-0.00519930,sell
2020-12-24,2,1,2,2,1,0,3,2,0,4,3,2,1,4,2,4,1, 0.0046598, 0.0067898, 0.0041173, 0.0070724, 0.00630596,buy
2020-12-25,1,4,2,1,1,0,2,4,1,1,3,2,2,3,3,3,1,-0.0206210,-0.0186931, 0.0026624,-0.0217430,-0.00258968,sell
2020-12-26,0,2,5,1,0,0,3,3,1,2,4,3,2,3,3,2,0,-0.0038239,-0.0039394,-0.0044808,-0.0039394,-0.00258072,sell
2020-12-27,0,1,4,2,0,1,1,3,0,2,2,3,1,2,2,3,1, 0.0211066,-0.0014967, 0.0227892, 0.0226839, 0.02268392,buy
2020-12-28,0,1,2,3,1,1,1,4,1,3,2,3,2,3,2,3,2,-0.0122303,-0.0038710,-0.0133854,-0.0109733,-0.00621984,sell
2020-12-29,0,2,1,1,3,0,1,3,2,3,2,2,2,2,3,4,1,-0.0170144,-0.0245686,-0.0197918,-0.0245065,-0.01144270,sell
2020-12-30,0,1,2,1,1,1,1,2,2,3,1,1,3,2,2,3,2,-0.0244934,-0.0251970,-0.0323895,-0.0251970,-0.03238948,sell
2020-12-31,0,2,2,3,1,3,2,2,1,5,2,3,4,3,3,3,3,-0.0247022,-0.0169082,-0.0240918,-0.0149841,-0.02451313,sell
2021-01-01,1,3,1,3,1,2,2,2,1,4,2,3,4,3,3,3,2,-0.0274506,-0.0304589,-0.0264642,-0.0274506,-0.02745055,sell
2021-01-02,1,3,2,1,3,0,2,1,1,3,1,2,3,4,2,3,2, 0.0141305,-0.0032038, 0.0097038, 0.0132521, 0.00159739,buy
2021-01-03,1,3,3,3,2,0,2,0,1,4,2,4,2,4,2,3,2,-0.0076682,-0.0037563,-0.0240682,-0.0040962,-0.00865701,sell
2021-01-04,1,3,2,6,1,1,2,0,1,5,2,5,2,5,2,3,3,-0.0148504,-0.0159714,-0.0115595,-0.0146134,-0.01464730,sell
2021-01-05,1,3,4,1,2,0,2,0,1,5,2,4,1,5,2,3,2, 0.0012312, 0.0012312,-0.0017536,-0.0004912, 0.00565863,buy
2021-01-06,2,5,1,0,2,0,2,1,2,4,2,3,3,4,3,2,2,-0.0021802,-0.0008840,-0.0089783,-0.0056285,-0.00145323,sell
2021-01-07,2,3,1,1,0,2,3,1,2,6,3,4,3,3,4,2,2, 0.0092337, 0.0082441, 0.0014739,-0.0013791, 0.01081725,buy
2021-01-08,3,1,2,0,0,1,2,3,2,4,3,3,4,2,3,1,2,-0.0000799,-0.0118129,-0.0037404,-0.0065245,-0.01478668,sell
2021-01-09,3,3,2,0,2,0,4,3,4,4,4,4,5,3,4,3,2,-0.0105032,-0.0001938,-0.0070926,-0.0032154,-0.00534740,sell
2021-01-10,4,3,2,2,1,0,4,5,2,5,5,4,5,3,4,6,1, 0.0012593,-0.0008599, 0.0017436, 0.0022623,-0.00071037,buy
2021-01-11,5,2,4,1,0,0,6,3,1,5,5,4,4,2,4,6,2, 0.0022296, 0.0024756,-0.0017451, 0.0054976, 0.00154230,buy
2021-01-12,6,4,4,0,0,0,5,2,2,4,4,5,4,2,4,6,2, 0.0335426,-0.0080334, 0.0314502, 0.0393798, 0.03238412,buy
2021-01-13,7,4,2,0,0,0,4,3,1,6,4,5,4,2,4,6,2, 0.0221124, 0.0038473, 0.0186155, 0.0402271, 0.02001836,buy
2021-01-14,5,3,2,0,0,0,5,2,0,5,4,3,3,2,3,5,2, 0.0053678,-0.0076215,-0.0006737, 0.0059398, 0.00065686,buy
2021-01-15,3,2,2,0,0,0,5,2,1,3,3,2,2,3,2,4,2, 0.0045871, 0.0099558, 0.0089680, 0.0190180, 0.00420777,buy
2021-01-16,2,2,2,0,0,0,4,2,3,2,3,2,1,3,2,4,2, 0.0061300, 0.0052028, 0.0106897, 0.0132833, 0.00913026,buy
2021-01-17,3,2,1,0,0,0,3,5,2,2,3,1,3,3,2,4,2,-0.0155712,-0.0203955,-0.0118201,-0.0172211,-0.01557120,sell
2021-01-18,3,1,1,0,0,0,4,1,3,3,2,1,2,3,3,3,2, 0.0386328, 0.0182992, 0.0279057, 0.0277246, 0.03347744,buy
2021-01-19,3,1,0,0,0,0,5,2,1,4,2,1,4,3,2,2,2, 0.0253681, 0.0174694, 0.0306664, 0.0253681, 0.02083886,buy
2021-01-20,4,2,0,0,0,0,3,3,1,4,1,1,6,2,3,2,2, 0.0109725, 0.0074312, 0.0045016, 0.0026670, 0.00824287,buy
2021-01-21,4,3,1,0,0,0,2,3,1,5,2,1,5,2,4,3,2, 0.0274150, 0.0074631, 0.0143321, 0.0143321, 0.01433206,buy
2021-01-22,3,3,2,0,0,0,3,2,2,4,3,1,5,3,3,2,2, 0.0006283,-0.0096765,-0.0013242,-0.0038603,-0.00522520,sell
2021-01-23,3,1,3,2,0,0,5,2,1,4,3,2,4,4,3,3,2, 0.0154750, 0.0138322, 0.0138135, 0.0138788, 0.01383221,buy
2021-01-24,4,2,2,4,1,0,5,2,1,5,4,2,4,4,4,5,3,-0.0058457,-0.0000353,-0.0058457,-0.0011037,-0.00482314,sell
2021-01-25,4,3,0,2,3,0,2,3,1,5,3,2,4,4,4,4,2,-0.0040949,-0.0016754,-0.0043294,-0.0030919,-0.00595942,sell
2021-01-26,4,4,1,0,2,0,2,1,3,4,3,3,4,3,3,4,1, 0.0229126, 0.0227086, 0.0329317, 0.0227086, 0.02270856,buy
2021-01-27,4,3,1,0,0,2,2,1,1,3,2,2,3,4,1,3,2, 0.0324067, 0.0082810, 0.0335736, 0.0324067, 0.02216705,buy
2021-01-28,4,3,0,1,0,4,2,0,0,5,3,3,1,4,2,4,2, 0.0053013, 0.0084139, 0.0032664, 0.0055240, 0.00817209,buy
2021-01-29,4,5,0,0,3,1,2,0,0,5,3,4,1,4,1,5,2, 0.0221811, 0.0165423, 0.0158040, 0.0137785, 0.01964427,buy
2021-01-30,3,4,2,1,4,0,2,0,0,3,3,4,0,5,1,4,2,-0.0156623,-0.0099451,-0.0148476,-0.0143798,-0.01543533,sell
2021-01-31,2,2,3,5,1,1,2,0,0,3,4,3,1,5,1,3,2,-0.0162182,-0.0111175,-0.0173440,-0.0217468,-0.01897137,sell
2021-02-01,3,1,4,4,1,1,2,1,0,2,4,3,2,3,3,2,2,-0.0464728,-0.0162088,-0.0174331,-0.0450471,-0.01620877,sell
2021-02-02,2,4,2,0,3,0,1,1,0,3,3,3,2,3,3,1,1, 0.0191712, 0.0154347, 0.0111052, 0.0224782, 0.02135263,buy
2021-02-03,2,4,0,1,1,1,1,1,0,6,3,2,3,2,3,2,2, 0.0078870, 0.0067579,-0.0000556,-0.0011804, 0.00945031,buy
2021-02-04,2,1,1,1,0,2,2,1,0,6,3,3,4,1,2,2,1,-0.0121000, 0.0020059, 0.0006554, 0.0018362,-0.01210004,sell
2021-02-05,1,3,1,0,1,0,3,1,3,3,1,2,5,2,3,2,1,-0.0038424,-0.0085284,-0.0124728,-0.0085284,-0.01019146,sell
2021-02-06,2,3,0,0,2,0,3,3,4,4,3,3,6,2,4,2,1, 0.0112738,-0.0011219, 0.0118384, 0.0107199, 0.00652906,buy
2021-02-07,2,2,0,2,1,0,4,4,1,5,3,5,5,2,3,2,1,-0.0093400,-0.0028959,-0.0061305,-0.0056867,-0.01017736,sell
2021-02-08,2,1,2,1,0,0,5,1,1,4,3,4,4,0,3,2,1,-0.0131798, 0.0026312,-0.0137845, 0.0076675,-0.01188559,sell
2021-02-09,3,2,1,0,0,0,3,0,2,4,3,3,4,1,2,2,0, 0.0057934, 0.0051543, 0.0063525, 0.0052649, 0.00999637,buy
2021-02-10,7,2,0,0,0,0,3,1,1,4,3,3,4,2,3,2,1, 0.0064281, 0.0076903,-0.0016746,-0.0020220,-0.00490361,sell
2021-02-11,5,1,0,0,0,0,5,0,1,4,3,3,4,2,1,1,2, 0.0130947, 0.0096797, 0.0081371, 0.0092299,-0.01303346,buy
2021-02-12,3,1,0,0,0,0,5,1,2,3,2,3,3,3,2,1,1, 0.0225561, 0.0261172, 0.0160457, 0.0227589, 0.02438289,buy
2021-02-13,4,1,0,0,0,0,4,3,3,2,3,3,2,2,3,2,2,-0.0021556,-0.0041431,-0.0125296,-0.0175968,-0.02532468,sell
2021-02-14,4,1,0,0,0,0,3,5,4,1,3,3,3,2,3,2,2,-0.0202262,-0.0103987,-0.0139828,-0.0230268,-0.01360258,sell
2021-02-15,3,1,1,0,0,0,4,2,4,1,3,2,3,2,2,1,3, 0.0104174, 0.0095165, 0.0090112, 0.0128395,-0.00714209,buy
2021-02-16,3,2,1,0,0,0,4,0,3,3,3,3,3,3,2,1,1, 0.0044223, 0.0031343, 0.0172331, 0.0032579,-0.00198657,buy
2021-02-17,3,3,1,0,0,0,2,1,1,5,2,2,3,4,3,2,0,-0.0018526,-0.0109343,-0.0025628,-0.0044468,-0.00063234,sell
2021-02-18,4,4,2,0,0,0,3,0,2,5,2,3,3,5,4,2,1, 0.0049118, 0.0036391,-0.0002133, 0.0049118, 0.00667095,buy
2021-02-19,3,5,3,0,0,0,3,0,2,3,2,3,3,3,4,2,2, 0.0020915,-0.0001512,-0.0086692, 0.0002181, 0.00209153,sell
2021-02-20,2,3,3,1,0,0,3,0,1,3,2,2,3,3,3,2,1,-0.0108867,-0.0050236,-0.0053016,-0.0119821, 0.00106926,sell
2021-02-21,2,3,3,2,1,0,2,1,2,3,4,3,2,3,3,3,1, 0.0261012, 0.0080982, 0.0101681, 0.0119549, 0.01853714,buy
2021-02-22,2,4,2,2,2,0,3,1,2,2,3,4,1,3,4,3,2, 0.0439629, 0.0104782, 0.0101265, 0.0094412, 0.00540642,buy
2021-02-23,2,3,2,1,2,1,2,1,3,2,3,4,1,3,4,3,1, 0.0074665, 0.0039701, 0.0067211, 0.0034764, 0.01898666,buy
2021-02-24,2,2,2,1,1,2,2,0,2,3,2,3,2,3,3,3,1, 0.0149316, 0.0186974, 0.0149316, 0.0095924, 0.02216447,buy
2021-02-25,2,3,1,1,1,2,2,1,1,3,3,2,2,3,3,4,0, 0.0141667, 0.0142231, 0.0339475, 0.0142129, 0.01416667,buy
2021-02-26,2,3,2,0,2,2,1,1,1,3,3,3,1,3,2,4,1, 0.0262990, 0.0332362, 0.0318828, 0.0323226, 0.03323617,buy
2021-02-27,2,3,2,1,2,2,1,1,1,1,3,3,1,3,3,2,1,-0.0118820,-0.0142412, 0.0102136,-0.0043179,-0.01143059,sell
2021-02-28,1,2,3,3,2,1,1,1,2,0,4,2,1,3,2,3,1, 0.0069381, 0.0133987,-0.0080319, 0.0137535, 0.00729772,buy
2021-03-01,1,3,4,3,3,0,2,1,2,0,4,3,1,3,3,3,2,-0.0280175,-0.0283812,-0.0283076,-0.0203629,-0.02666417,sell
2021-03-02,1,4,2,3,2,0,2,1,2,1,4,3,2,3,3,2,1,-0.0012498,-0.0031230, 0.0248782,-0.0046639,-0.00443197,sell
2021-03-03,1,3,3,1,1,1,4,2,1,2,5,2,3,3,3,2,1, 0.0549132, 0.0571891, 0.0549132, 0.0549185, 0.05424018,buy
2021-03-04,1,3,2,0,0,1,3,2,2,1,4,2,2,4,1,1,1, 0.0174570, 0.0308328, 0.0333579, 0.0323891, 0.03083687,buy
2021-03-05,2,3,1,0,1,1,3,3,3,1,4,2,3,4,2,2,1,-0.0419409,-0.0508641,-0.0039063,-0.0581174,-0.04089009,sell
2021-03-06,2,2,1,1,1,0,4,3,2,2,4,2,3,4,2,2,1, 0.0142490, 0.0055818, 0.0140513,-0.0022783, 0.01340883,buy
2021-03-07,2,2,1,0,1,0,5,2,2,0,4,2,2,2,2,2,1, 0.0047594, 0.0050395, 0.0182838, 0.0146710, 0.00232645,buy
2021-03-08,3,3,1,1,0,0,5,1,2,0,4,2,3,2,2,2,1, 0.0127342, 0.0118101, 0.0383382, 0.0093054, 0.01273421,buy
2021-03-09,4,3,1,0,0,0,4,4,0,1,4,2,3,3,1,3,1,-0.0516606,-0.0466315,-0.0168037,-0.0474731,-0.04745120,sell
2021-03-10,5,3,0,0,0,0,6,3,0,1,5,2,5,1,2,2,1,-0.0070413,-0.0086433,-0.0199514,-0.0069258,-0.00692579,sell
2021-03-11,4,3,0,0,0,0,7,2,1,1,5,3,4,2,1,3,0,-0.0034649,-0.0018818,-0.0082262, 0.0036842,-0.00332150,sell
2021-03-12,4,2,1,0,0,0,6,4,2,1,4,2,3,3,3,4,1,-0.0205525,-0.0222967,-0.0207592,-0.0230511,-0.02055251,sell
2021-03-13,4,1,1,0,0,0,5,5,2,0,4,0,3,3,3,4,1,-0.0129997, 0.0066339, 0.0228005,-0.0167836, 0.00641087,sell
2021-03-14,2,1,1,0,0,0,4,5,4,0,3,1,2,3,4,4,0,-0.0155040, 0.0066892, 0.0203915,-0.0153508,-0.00052776,sell
2021-03-15,2,1,1,0,0,0,5,5,4,1,3,1,3,4,4,3,1,-0.0020147,-0.0001931,-0.0222229,-0.0014958,-0.01343350,sell
2021-03-16,3,2,1,1,0,0,6,7,2,2,2,2,4,6,4,4,2, 0.0020722, 0.0097264, 0.0101988,-0.0130052, 0.00968484,sell
2021-03-17,2,1,1,1,0,0,2,6,3,2,1,1,3,4,4,4,1,-0.0021756,-0.0025186,-0.0026801,-0.0158289, 0.00345462,sell
2021-03-18,1,2,2,1,0,0,1,3,4,2,2,1,2,4,4,2,1,-0.0185396, 0.0024349,-0.0294806,-0.0158738,-0.00101512,sell
2021-03-19,1,1,3,2,0,0,2,3,4,1,1,2,0,5,4,4,1, 0.0415239, 0.0435578,-0.0030061, 0.0063611, 0.03272875,buy
2021-03-20,1,0,3,3,1,0,3,2,3,2,1,2,1,5,5,4,0, 0.0106050, 0.0157742, 0.0020131, 0.0089426, 0.00258131,buy
2021-03-21,0,1,2,3,1,0,2,3,3,3,2,1,2,4,4,4,1,-0.0132503,-0.0040115,-0.0164031,-0.0064339,-0.00110296,sell
2021-03-22,0,2,2,2,2,0,3,2,2,1,3,2,2,2,3,3,1,-0.0333593,-0.0454823,-0.0326414,-0.0434629,-0.00901496,sell
2021-03-23,0,1,3,1,1,1,2,4,1,1,3,2,1,3,2,2,2,-0.0001874, 0.0035533,-0.0021368,-0.0021368,-0.00827775,sell
2021-03-24,0,0,2,2,0,2,2,3,2,2,2,2,1,3,3,3,1,-0.0005836,-0.0054662,-0.0007136,-0.0007136,-0.00058361,sell
2021-03-25,0,1,1,2,2,2,4,3,1,1,3,2,1,3,3,4,1, 0.0031148, 0.0002530, 0.0006647, 0.0031148, 0.00066474,buy
2021-03-26,0,0,2,2,3,0,3,3,0,2,2,2,0,4,3,3,1, 0.0028272, 0.0122743,-0.0102951,-0.0025362, 0.00399507,sell
2021-03-27,1,1,3,4,2,1,2,2,2,2,3,3,2,3,5,4,0, 0.0227268, 0.0123043, 0.0036917, 0.0098367, 0.01327480,buy
2021-03-28,1,2,4,4,1,1,3,2,2,1,4,3,1,3,5,4,1,-0.0132836,-0.0166835,-0.0229028,-0.0132836,-0.00857793,sell
2021-03-29,1,2,4,2,2,1,3,3,2,2,5,2,2,3,5,4,1, 0.0173805, 0.0132206, 0.0205484, 0.0098565, 0.01574695,buy
2021-03-30,1,2,2,3,1,1,3,4,3,2,5,1,2,3,6,4,1,-0.0027134,-0.0162328,-0.0045995, 0.0036840, 0.01424852,buy
2021-03-31,1,1,2,1,2,1,3,4,5,3,5,2,3,2,5,4,2, 0.0076380, 0.0088632,-0.0007819, 0.0084092,-0.00192688,buy
2021-04-01,1,1,2,1,1,0,3,4,6,2,3,1,4,3,4,4,2, 0.0437626, 0.0477928,-0.0008408, 0.0445442, 0.02914900,buy
2021-04-02,1,1,1,1,1,1,3,4,6,2,2,2,4,3,5,4,1, 0.0205861, 0.0396887,-0.0260600, 0.0211247, 0.01856967,buy
2021-04-03,0,1,1,1,0,0,2,4,6,2,2,2,2,2,5,3,1, 0.0108041, 0.0215397,-0.0169610, 0.0084429, 0.01276837,buy
2021-04-04,1,0,1,0,1,0,3,2,5,2,2,3,3,2,3,1,1,-0.0054912,-0.0043100,-0.0053343,-0.0061521,-0.00617180,sell
2021-04-05,1,1,1,1,1,0,2,1,4,3,2,4,4,1,1,2,1,-0.0004473, 0.0009401,-0.0018538, 0.0009401,-0.00138000,sell
2021-04-06,1,0,2,1,0,0,2,1,3,2,1,4,4,0,1,1,1,-0.0087169, 0.0007216, 0.0033192,-0.0028805,-0.00119467,sell
2021-04-07,1,0,2,0,0,0,5,2,4,1,4,3,4,1,0,2,1, 0.0157075, 0.0142188, 0.0155177, 0.0131145, 0.01905935,buy
2021-04-08,0,1,1,0,0,0,4,4,5,2,3,3,3,2,2,3,1, 0.0093214, 0.0117864, 0.0096229, 0.0119169, 0.00962289,buy
2021-04-09,1,0,1,0,0,0,6,5,5,3,4,3,4,3,3,3,1, 0.0037181, 0.0072732, 0.0040566, 0.0073889, 0.00405662,buy
2021-04-10,0,0,1,0,0,0,6,5,7,3,6,3,3,2,3,4,1, 0.0053840, 0.0151295, 0.0063393, 0.0150157, 0.00711451,buy
2021-04-11,0,0,1,0,1,0,5,3,7,3,5,3,4,3,2,3,0,-0.0230045,-0.0193352,-0.0193352, 0.0126943,-0.02091518,sell
2021-04-12,1,0,1,1,1,0,2,1,7,4,4,3,3,4,2,1,1,-0.0110451, 0.0048147, 0.0004185,-0.0129774,-0.00109801,sell
2021-04-13,1,1,1,1,1,0,2,3,3,4,3,2,4,4,2,2,0, 0.0020640, 0.0041698, 0.0032289, 0.0038479, 0.00466430,buy
2021-04-14,0,1,2,1,1,0,4,1,4,5,4,2,4,4,3,1,1, 0.0115288, 0.0112680, 0.0118698, 0.0118392, 0.01173048,buy
2021-04-15,0,2,3,2,1,0,5,1,4,5,5,3,3,6,3,2,1, 0.0022202, 0.0098571, 0.0024946, 0.0028768, 0.00044866,buy
2021-04-16,0,1,2,2,1,0,2,2,4,5,4,2,3,5,2,2,1, 0.0152885, 0.0130061, 0.0084407, 0.0153180, 0.00911869,buy
2021-04-17,1,1,2,2,2,0,1,4,5,4,4,3,5,4,2,2,2, 0.0003934, 0.0065438,-0.0024455,-0.0024526,-0.00283222,sell
2021-04-18,1,1,1,2,2,0,0,2,6,3,4,2,3,3,2,3,1, 0.0080772, 0.0041776, 0.0137781, 0.0051995,-0.00705844,buy
2021-04-19,1,1,2,2,3,1,1,2,4,2,5,3,2,5,2,2,0,-0.0183337,-0.0121972,-0.0206747,-0.0278640,-0.01982480,sell
2021-04-20,2,1,2,2,2,2,1,3,3,4,3,3,4,5,2,3,2, 0.0066437, 0.0065108, 0.0065108, 0.0019467, 0.01197092,buy
2021-04-21,3,3,1,2,2,2,0,4,1,4,2,2,4,3,3,5,3,-0.0388480,-0.0424005,-0.0511442,-0.0279151,-0.02864518,sell
2021-04-22,3,4,3,1,3,1,0,3,2,1,2,2,3,4,2,5,3, 0.0043743, 0.0026007, 0.0042650, 0.0045938, 0.00458486,buy
2021-04-23,3,2,3,2,2,1,0,4,1,2,1,2,4,4,4,3,2,-0.0082352, 0.0259009,-0.0104786, 0.0244254,-0.01901690,sell
2021-04-24,3,2,2,4,2,1,0,3,1,3,2,3,3,4,4,3,2,-0.0173296,-0.0298186,-0.0423358, 0.0036186,-0.00119065,sell
2021-04-25,4,6,2,2,3,0,0,3,0,3,2,4,3,4,4,4,2, 0.0249640, 0.0238423, 0.0241615, 0.0221815,-0.00150325,buy
2021-04-26,4,3,3,2,1,0,0,3,0,3,2,3,4,2,4,3,1, 0.0437564, 0.0111468, 0.0442784, 0.0393859, 0.02035980,buy
2021-04-27,3,3,3,2,0,2,0,3,0,3,2,4,4,1,3,3,2, 0.0140169,-0.0036587, 0.0231913, 0.0140735, 0.01407354,buy
2021-04-28,2,2,2,1,1,1,0,3,2,3,2,4,4,2,2,1,2, 0.0065613,-0.0010947,-0.0010947, 0.0014156, 0.00262649,buy
2021-04-29,2,4,1,0,3,0,0,4,3,3,0,3,6,3,4,2,2, 0.0398972, 0.0143173, 0.0514004, 0.0288204, 0.00408944,buy
2021-04-30,2,3,1,2,1,1,1,4,3,3,2,3,5,3,3,2,3, 0.0095874, 0.0025124, 0.0126812,-0.0007313,-0.00009340,buy
2021-05-01,2,3,3,1,0,1,1,3,2,2,2,2,4,2,3,2,3, 0.0179477,-0.0027906, 0.0091382, 0.0177353, 0.00828739,buy
2021-05-02,3,5,3,0,1,0,1,1,3,2,2,2,4,4,3,2,2,-0.0306003,-0.0385533,-0.0025526,-0.0368131,-0.03554992,sell
2021-05-03,2,5,2,0,1,0,1,2,1,3,2,2,3,3,4,2,1, 0.0337944, 0.0313669, 0.0446935, 0.0290252, 0.01014746,buy
2021-05-04,3,4,2,1,0,0,2,1,2,4,3,2,3,4,4,2,1, 0.0028719, 0.0082674, 0.0150382,-0.0033703, 0.01199756,buy
2021-05-05,2,2,3,0,0,0,2,2,3,4,3,2,2,4,3,3,1,-0.0194554,-0.0212223,-0.0210188,-0.0210188, 0.00667414,sell
2021-05-06,2,3,2,0,0,0,2,3,5,3,2,4,3,3,3,4,1,-0.0049043,-0.0031953, 0.0010579, 0.0034760,-0.00268544,sell
2021-05-07,1,3,1,0,0,0,2,2,3,3,2,3,2,2,3,2,1,-0.0074004,-0.0036490,-0.0008530,-0.0091574,-0.00460480,sell
2021-05-08,0,2,1,1,1,0,3,2,2,3,2,2,1,2,4,3,1,-0.0164876,-0.0010500,-0.0002616, 0.0029132,-0.00033709,sell
2021-05-09,0,3,2,1,1,0,4,2,3,2,4,1,3,3,3,2,2, 0.0120284, 0.0185742, 0.0115740, 0.0115740, 0.00870933,buy
2021-05-10,1,2,2,1,1,0,3,1,4,3,3,2,2,4,3,3,1, 0.0165771,-0.0018173, 0.0023683, 0.0023683, 0.00992556,buy
2021-05-11,1,3,2,2,1,0,2,1,4,2,3,3,2,3,4,3,0,-0.0067391,-0.0011513,-0.0021777, 0.0014635,-0.00074940,sell
2021-05-12,1,2,3,2,1,0,2,1,3,2,4,2,2,3,3,2,1, 0.0003137,-0.0001518, 0.0014459, 0.0197256,-0.00108285,buy
2021-05-13,1,3,3,3,1,0,4,0,2,1,4,2,1,3,4,3,1,-0.0116998,-0.0123982,-0.0150951,-0.0090554,-0.00905542,sell
2021-05-14,0,2,4,3,2,0,2,2,2,1,3,2,2,3,5,3,0,-0.0131803,-0.0131803,-0.0397136,-0.0110152,-0.04057203,sell
2021-05-15,1,3,3,3,3,0,3,2,3,1,4,3,2,3,5,4,1, 0.0008791,-0.0050513,-0.0039161,-0.0085136,-0.00383806,sell
2021-05-16,1,3,4,3,2,1,3,2,3,2,5,3,3,3,5,3,2, 0.0412656, 0.0303237, 0.0224551, 0.0334930, 0.02565294,buy
2021-05-17,0,2,4,3,2,1,3,2,2,2,4,3,4,3,4,2,1, 0.0200008, 0.0375814, 0.0290214, 0.0158672, 0.01997660,buy
2021-05-18,0,2,2,3,1,1,3,1,2,3,3,3,2,2,4,3,1,-0.0047419,-0.0086465,-0.0100401,-0.0112329,-0.00900153,sell
2021-05-19,0,3,2,2,3,1,3,2,1,2,4,4,2,3,3,3,0,-0.0096480, 0.0140091, 0.0033830, 0.0136933, 0.00625026,buy
2021-05-20,0,2,3,3,2,1,2,2,1,3,4,4,1,3,4,2,1,-0.0224256,-0.0174190,-0.0202451,-0.0232478,-0.01727430,sell
2021-05-21,0,3,4,5,3,1,2,1,1,3,4,3,2,4,5,3,2,-0.0013477,-0.0014809,-0.0028735,-0.0026106,-0.00492456,sell
2021-05-22,0,3,6,4,4,0,2,1,0,2,5,2,2,4,4,3,2, 0.0031677, 0.0011646, 0.0020478,-0.0064668, 0.00081225,buy
2021-05-23,0,3,5,2,3,0,1,2,0,5,5,3,4,3,3,2,1,-0.0197902,-0.0263682,-0.0193070,-0.0220571,-0.02188149,sell
2021-05-24,1,2,3,3,1,1,1,2,0,5,3,3,4,2,3,2,2, 0.0116641, 0.0117540, 0.0134633, 0.0045922, 0.01235703,buy
2021-05-25,1,1,3,1,2,1,1,2,1,5,4,3,4,2,1,2,2, 0.0000838,-0.0127397,-0.0130837,-0.0146691,-0.01297685,sell
2021-05-26,1,1,1,2,2,0,2,3,2,4,3,4,4,3,1,2,1, 0.0050221, 0.0020374, 0.0021637, 0.0010861, 0.00245580,buy
2021-05-27,1,1,1,2,4,1,3,4,2,4,2,4,5,4,3,3,2,-0.0096440,-0.0109844,-0.0055939, 0.0092766,-0.01072368,sell
2021-05-28,1,0,2,3,2,1,4,5,1,2,2,3,3,5,3,4,1, 0.0111364, 0.0109590, 0.0111364, 0.0152482, 0.04475471,buy
2021-05-29,2,1,3,3,3,2,4,4,1,2,1,4,4,5,4,5,2,-0.0170506,-0.0201382,-0.0012714, 0.0371080,-0.00127143,sell
2021-05-30,3,1,3,4,3,1,4,4,0,3,2,3,4,5,4,5,3,-0.0099763,-0.0121020,-0.0119926, 0.0007200,-0.01109330,sell
2021-05-31,2,1,4,4,3,1,5,4,0,3,2,4,5,5,4,4,3, 0.0064668, 0.0106585, 0.0003778,-0.0008263, 0.02170278,buy
2021-06-01,2,1,4,4,3,1,4,3,0,1,3,4,3,5,3,3,2, 0.0364886, 0.0340902, 0.0570221, 0.0352896, 0.05697943,buy
2021-06-02,2,2,4,3,2,1,3,4,1,1,2,4,3,5,3,4,2, 0.0356673, 0.0477556, 0.0383812, 0.0371609, 0.03709355,buy
2021-06-03,1,2,4,2,1,1,3,5,1,2,3,3,3,4,3,4,2, 0.0090130, 0.0059461, 0.0109706, 0.0137097, 0.00430271,buy
2021-06-04,0,3,3,2,1,1,4,3,1,2,4,3,3,3,3,3,1,-0.0038965,-0.0038810, 0.0009122,-0.0058725,-0.00429633,sell
2021-06-05,0,3,3,1,1,1,4,2,1,3,3,4,4,4,2,2,0,-0.0116401,-0.0126379,-0.0116401,-0.0077844,-0.00208868,sell
2021-06-06,1,3,3,0,1,1,2,2,2,4,3,3,4,4,2,2,1,-0.0223333,-0.0255879,-0.0251217,-0.0251217,-0.00351593,sell
2021-06-07,1,3,3,0,1,1,1,2,2,2,2,0,5,3,2,2,2, 0.0035322, 0.0023521, 0.0022112, 0.0025940, 0.00235212,buy
2021-06-08,0,3,4,0,1,1,0,1,2,3,4,1,5,2,2,0,1, 0.0044677, 0.0080557, 0.0045768, 0.0071216, 0.02504240,buy
2021-06-09,0,3,1,1,1,1,2,1,1,3,4,1,3,2,1,2,1,-0.0103927,-0.0120061, 0.0020738,-0.0085363,-0.01170151,sell
2021-06-10,0,2,1,2,3,1,2,2,1,3,2,2,4,3,3,3,0,-0.0118593,-0.0061075,-0.0034704,-0.0034435,-0.00819515,sell
2021-06-11,1,1,1,1,3,1,1,1,1,3,2,1,4,2,2,2,1,-0.0318984,-0.0157280,-0.0221020,-0.0133476,-0.03292028,sell
2021-06-12,1,1,1,1,3,1,0,1,2,2,2,1,4,1,2,2,1,-0.0211993,-0.0118845,-0.0210948,-0.0103616,-0.02681371,sell
2021-06-13,1,1,1,2,4,2,0,1,1,2,5,2,3,3,1,1,0,-0.0446275,-0.0419305,-0.0596592,-0.0447643,-0.05335996,sell
2021-06-14,1,1,0,2,4,1,2,1,1,3,4,2,3,1,2,2,2,-0.0182426,-0.0161766,-0.0168094,-0.0119301,-0.00992155,sell
2021-06-15,0,2,1,2,5,2,2,3,1,3,4,1,3,2,4,4,3,-0.0102750,-0.0380175,-0.0177172,-0.0192318,-0.02284384,sell
2021-06-16,0,2,2,3,5,1,2,3,1,1,4,2,1,3,4,4,2,-0.0092668,-0.0114101,-0.0111739,-0.0148176,-0.00926149,sell
2021-06-17,0,1,4,5,3,1,2,3,1,1,3,2,3,3,4,4,2,-0.0026925,-0.0015170, 0.0137452,-0.0033993,-0.00151701,sell
2021-06-18,0,1,5,5,3,1,2,2,1,1,5,2,4,2,4,3,1, 0.0053298, 0.0128416, 0.0086669, 0.0137570, 0.00504168,buy
2021-06-19,0,2,4,4,4,1,2,2,0,3,5,1,4,4,3,3,2, 0.0016193, 0.0007397,-0.0032123,-0.0077770,-0.00091580,sell
2021-06-20,0,3,4,3,3,1,1,2,0,3,4,2,4,3,3,2,2,-0.0069407,-0.0040287,-0.0086785,-0.0086783,-0.00322274,sell
2021-06-21,0,4,5,3,2,2,1,1,0,2,4,2,4,2,3,3,2, 0.0271273, 0.0143794, 0.0143794,-0.0082018, 0.01547551,buy
2021-06-22,0,4,6,3,0,1,1,1,1,1,4,2,4,2,2,2,2, 0.0385766, 0.0469441, 0.0417603, 0.0091546, 0.03857664,buy
2021-06-23,0,3,4,4,1,1,1,2,1,2,3,2,5,2,3,3,1, 0.0041343, 0.0064183, 0.0046962, 0.0159771, 0.03971412,buy
2021-06-24,0,2,3,3,2,2,2,2,1,1,3,2,4,2,3,2,2, 0.0319670, 0.0274142, 0.0291166, 0.0333078, 0.02741424,buy
2021-06-25,0,2,4,1,2,2,2,2,1,1,4,1,4,1,3,3,1, 0.0516466, 0.0555084, 0.0540664, 0.0593866, 0.05164658,buy
2021-06-26,1,3,2,1,1,4,3,2,1,1,4,2,4,2,2,3,2, 0.0138252, 0.0120277, 0.0048956, 0.0043072, 0.01069629,buy
2021-06-27,1,2,2,1,1,3,4,2,0,2,4,2,4,1,3,3,1, 0.0003304,-0.0090727, 0.0063895,-0.0031561,-0.00516566,sell
2021-06-28,1,2,2,1,2,2,4,1,0,1,4,1,3,2,2,2,2, 0.0002691,-0.0028116,-0.0029332, 0.0058588,-0.01744160,sell
2021-06-29,1,2,0,2,3,1,3,2,1,1,3,2,2,1,2,3,3,-0.0307050,-0.0231329,-0.0230218,-0.0307050,-0.01378134,sell
2021-06-30,1,2,0,4,2,1,2,3,2,2,3,2,5,1,3,3,2,-0.0087336,-0.0053203,-0.0096785,-0.0059851,-0.00962494,sell
2021-07-01,0,2,2,3,2,1,3,3,3,2,3,3,4,1,4,4,2, 0.0107582, 0.0035009, 0.0107582, 0.0052160, 0.00541852,buy
2021-07-02,0,1,1,1,2,1,3,2,2,3,2,2,3,1,3,3,2,-0.0165339,-0.0203355,-0.0210115,-0.0203355,-0.02101147,sell
2021-07-03,0,3,0,1,1,2,2,2,2,4,1,2,4,2,3,2,3, 0.0025035,-0.0066356, 0.0041268, 0.0027436, 0.00274365,buy
2021-07-04,1,1,0,2,1,2,1,2,2,6,2,2,3,1,4,4,2,-0.0036811,-0.0048056,-0.0180541,-0.0038765,-0.00358656,sell
2021-07-05,2,1,1,2,2,2,1,1,2,5,2,3,3,2,4,4,1,-0.0001744, 0.0011320,-0.0092224, 0.0055898, 0.00123472,buy
2021-07-06,1,0,2,4,2,2,2,1,2,4,2,2,2,3,5,4,2, 0.0111059, 0.0206047, 0.0344482, 0.0434080, 0.03133329,buy
2021-07-07,1,1,1,4,3,2,2,1,3,4,2,3,3,3,5,4,2, 0.0060755, 0.0126294, 0.0032573, 0.0094214, 0.01080446,buy
2021-07-08,1,1,1,3,2,2,1,5,1,4,2,3,3,2,4,5,2,-0.0036424,-0.0258257, 0.0038676,-0.0061615,-0.00364244,sell
2021-07-09,1,1,2,3,2,1,3,3,2,3,4,4,2,1,3,5,2, 0.0139414, 0.0172212, 0.0191591, 0.0170748, 0.00169125,buy
2021-07-10,1,0,3,3,2,2,3,2,2,3,4,3,3,2,2,5,2, 0.0311757, 0.0198275, 0.0102907, 0.0144441, 0.01406953,buy
2021-07-11,1,0,2,3,2,3,1,3,0,3,3,3,2,2,3,4,1,-0.0040135,-0.0019738,-0.0019738, 0.0088306,-0.00494562,sell
2021-07-12,3,1,2,2,3,2,1,3,0,3,2,4,3,2,2,5,2, 0.0069879,-0.0024834, 0.0056352, 0.0070737, 0.00493548,buy
2021-07-13,1,2,2,1,5,2,1,3,0,1,2,3,5,3,1,3,1, 0.0016557, 0.0151720,-0.0215275, 0.0226895, 0.00165572,buy
2021-07-14,1,1,4,1,3,2,3,3,0,0,1,4,5,3,1,2,2,-0.0061803,-0.0083578,-0.0130386,-0.0054264,-0.01106989,sell
2021-07-15,1,1,3,2,4,2,3,4,0,0,2,5,5,3,1,1,3, 0.0008440,-0.0055884, 0.0003605, 0.0003605, 0.00284249,sell
2021-07-16,1,3,2,1,6,1,1,4,1,0,1,5,4,4,2,2,2, 0.0070304, 0.0017756,-0.0033516, 0.0043130, 0.00003941,buy
2021-07-17,1,3,2,1,6,1,1,2,2,1,2,4,5,4,2,1,2, 0.0075045, 0.0015948, 0.0004947, 0.0045941, 0.00336270,buy
2021-07-18,1,3,2,1,5,3,1,2,1,1,3,3,5,3,2,3,1, 0.0052476, 0.0080853,-0.0004821, 0.0089094, 0.00445165,buy
2021-07-19,1,3,2,1,6,3,1,2,2,3,5,4,4,4,1,4,2, 0.0114768, 0.0072965, 0.0158517, 0.0111589, 0.00760539,buy
2021-07-20,1,5,1,1,6,2,1,2,2,2,4,3,3,4,2,4,3, 0.0047597, 0.0010914, 0.0020467,-0.0046291, 0.00238890,buy
2021-07-21,1,2,2,2,5,2,1,2,2,1,4,2,2,4,1,5,2,-0.0093275,-0.0018864,-0.0057141,-0.0016348, 0.00067008,sell
2021-07-22,1,2,3,4,3,3,1,2,2,0,6,2,2,2,1,5,3, 0.0040312, 0.0042093, 0.0043853,-0.0072569, 0.00242315,buy
2021-07-23,1,3,2,2,5,4,1,2,1,0,6,1,3,4,0,4,3, 0.0375566, 0.0274051, 0.0283591, 0.0284488, 0.03191783,buy
2021-07-24,2,2,1,0,5,3,2,1,0,1,4,2,3,3,1,3,1, 0.0052574, 0.0048422, 0.0142065, 0.0027934,-0.00175683,buy
2021-07-25,2,1,1,0,3,4,3,0,0,1,4,2,3,3,1,2,0, 0.0263426, 0.0211643, 0.0466807, 0.0485437, 0.02568640,buy
2021-07-26,1,1,1,1,3,5,3,1,1,0,5,2,2,4,1,2,1, 0.0440252, 0.0419518, 0.0422174, 0.0474409, 0.04635251,buy
2021-07-27,1,1,1,2,3,2,2,2,2,0,2,1,3,5,3,2,0, 0.0013113, 0.0003247, 0.0094716, 0.0019734, 0.00127994,buy
2021-07-28,1,1,0,2,5,3,2,2,2,0,3,2,2,4,4,2,1,-0.0009923,-0.0109202,-0.0077771,-0.0114254,-0.01321128,sell
2021-07-29,0,1,0,4,3,2,3,1,1,0,3,2,3,1,3,2,1,-0.0154357,-0.0154862,-0.0103452,-0.0155606,-0.00808941,sell
2021-07-30,0,1,2,4,1,3,1,0,1,1,2,1,3,2,3,2,1,-0.0156570,-0.0155004,-0.0156570,-0.0160608,-0.01235825,sell
2021-07-31,1,2,3,3,1,3,1,1,1,1,2,1,3,2,4,3,2, 0.0151377, 0.0157008, 0.0206196, 0.0151377, 0.01513766,buy
2021-08-01,1,3,3,3,1,3,1,0,1,4,2,1,3,2,5,5,2, 0.0062311,-0.0024359, 0.0028564, 0.0048417, 0.00907723,buy
2021-08-02,0,2,3,4,1,3,1,0,1,4,2,1,3,3,5,3,2,-0.0018848,-0.0015314, 0.0000984,-0.0015314,-0.00469720,sell
2021-08-03,0,1,2,2,0,3,2,0,0,5,2,1,2,1,3,4,2,-0.0069449,-0.0000933,-0.0013082, 0.0022444,-0.00294518,sell
2021-08-04,0,0,2,1,1,3,1,1,1,4,2,1,1,1,3,4,2,-0.0245416,-0.0244997,-0.0012848,-0.0234212,-0.01780093,sell
2021-08-05,0,1,2,1,1,3,1,1,2,2,3,1,2,0,2,5,1,-0.0416578,-0.0423347,-0.0297954,-0.0413582,-0.04165780,sell
2021-08-06,0,0,2,1,3,3,1,1,2,2,2,1,3,1,2,4,2,-0.0297346,-0.0315865,-0.0129705,-0.0287781,-0.03409431,sell
2021-08-07,0,0,3,1,3,4,2,1,0,1,1,1,4,3,2,2,2, 0.0490573, 0.0462151, 0.0463662, 0.0490573, 0.04905730,buy
2021-08-08,0,1,1,3,5,3,3,1,0,2,1,1,4,4,3,3,3,-0.0083718,-0.0220873,-0.0206436,-0.0206436,-0.01076425,sell
2021-08-09,1,2,1,2,5,3,2,0,0,1,2,1,3,4,2,3,2,-0.0260043,-0.0294329,-0.0291782,-0.0375416,-0.02883398,sell
2021-08-10,1,1,2,3,4,3,1,0,0,1,1,1,3,4,3,3,1,-0.0017958,-0.0040638,-0.0228803,-0.0216635,-0.00583924,sell
2021-08-11,1,1,3,4,5,3,0,0,0,1,3,0,3,4,3,4,1,-0.0058134,-0.0132825,-0.0106511, 0.0023350,-0.00589937,sell
2021-08-12,0,2,2,5,5,2,1,0,0,1,4,1,2,3,3,5,0, 0.0004832, 0.0047426, 0.0039704, 0.0004832, 0.00094185,buy
2021-08-13,0,1,2,4,6,2,1,1,0,1,4,1,3,4,3,2,1,-0.0262283,-0.0258529,-0.0246438,-0.0179325,-0.01953295,sell
2021-08-14,1,2,3,4,5,2,1,1,1,1,3,2,3,3,5,3,2,-0.0088257,-0.0134831,-0.0061728,-0.0062591,-0.00625906,sell
2021-08-15,1,1,3,3,5,2,0,1,3,2,4,2,2,5,3,3,2, 0.0114970, 0.0104136,-0.0060770,-0.0009073, 0.02143122,buy
2021-08-16,1,2,2,3,6,1,0,1,3,2,3,2,2,6,3,4,1,-0.0027739, 0.0008817,-0.0011933,-0.0135996, 0.00462890,sell
2021-08-17,1,3,2,4,6,1,1,2,2,2,3,3,3,5,4,6,0, 0.0014197, 0.0051337, 0.0014197, 0.0014197,-0.00040120,buy
2021-08-18,1,2,4,4,4,1,2,2,1,2,3,3,2,4,4,6,1, 0.0209542,-0.0006073, 0.0002884,-0.0006073,-0.01198117,buy
2021-08-19,2,2,5,3,4,1,2,1,1,0,3,2,2,4,4,5,1,-0.0108605,-0.0043523, 0.0002765, 0.0002765,-0.00065269,sell
2021-08-20,3,2,4,2,1,1,1,1,1,0,2,2,2,3,2,4,1, 0.0167670, 0.0189706, 0.0178108, 0.0157401, 0.01574005,buy
2021-08-21,3,1,4,1,2,2,2,1,0,1,2,2,3,2,2,4,2, 0.0127687, 0.0146764, 0.0115703, 0.0115703, 0.01313796,buy
2021-08-22,2,2,3,2,1,2,3,1,0,0,3,1,2,3,2,3,2, 0.0148893, 0.0101422, 0.0148893, 0.0023114, 0.01758431,buy
2021-08-23,2,2,4,2,1,3,1,1,1,0,2,2,2,3,3,4,1,-0.0089918, 0.0140292,-0.0103428,-0.0082439,-0.01007347,sell
2021-08-24,2,2,3,2,0,3,1,2,1,0,3,2,2,3,3,3,0, 0.0225867, 0.0122079, 0.0182621, 0.0199515, 0.01896885,buy
2021-08-25,0,1,3,2,3,2,1,2,1,0,3,1,1,2,3,4,1, 0.0047676, 0.0072517, 0.0090943, 0.0164257, 0.01574439,buy
2021-08-26,0,1,3,2,3,3,2,1,1,1,4,1,3,3,2,3,1, 0.0030655, 0.0076533, 0.0028262, 0.0347370, 0.00224076,buy
2021-08-27,0,2,3,4,3,2,0,1,1,2,3,1,3,4,4,3,0,-0.0097926,-0.0097926,-0.0031569,-0.0051860,-0.01099306,sell
2021-08-28,1,3,4,4,4,2,0,1,1,2,3,1,4,5,4,4,1,-0.0021616,-0.0046982,-0.0024891,-0.0018296,-0.00513725,sell
2021-08-29,0,3,5,4,3,1,1,0,1,1,2,3,2,5,3,3,1,-0.0485465,-0.0539512,-0.0489052,-0.0453732,-0.05543817,sell
2021-08-30,0,2,4,5,3,1,2,0,0,0,2,2,1,3,3,4,2,-0.0075075, 0.0061141, 0.0061141, 0.0061141,-0.01267349,sell
2021-08-31,0,0,3,4,4,1,2,1,0,2,1,2,3,3,3,4,1, 0.0349054, 0.0349054, 0.0291757, 0.0260690, 0.03148686,buy
2021-09-01,0,2,3,4,6,1,1,1,0,1,3,1,3,4,4,3,1, 0.0029650,-0.0033689,-0.0070009,-0.0070009, 0.00463025,sell
2021-09-02,0,1,5,3,4,2,1,0,2,2,3,2,3,4,4,2,2, 0.0040774,-0.0210172,-0.0000852,-0.0005354,-0.01388059,sell
2021-09-03,0,1,5,4,4,3,1,0,1,2,4,2,4,4,5,1,1,-0.0204447,-0.0241514,-0.0198650,-0.0184756,-0.01061082,sell
2021-09-04,0,2,4,4,3,2,1,1,0,2,3,2,3,4,5,2,0, 0.0075682, 0.0075682, 0.0123308,-0.0365534, 0.00606102,buy
2021-09-05,0,3,4,3,4,2,2,0,1,2,4,2,3,5,3,3,1,-0.0178667,-0.0076874,-0.0143981,-0.0129594,-0.02331316,sell
2021-09-06,0,3,5,3,3,1,1,1,0,1,3,1,2,4,4,3,1,-0.0312094,-0.0392407,-0.0309682,-0.0124722,-0.03082568,sell
2021-09-07,1,2,6,4,4,2,2,1,0,1,4,2,3,4,4,4,2, 0.0040227,-0.0006864,-0.0062656,-0.0082974,-0.00612888,sell
2021-09-08,1,3,6,5,4,1,2,0,0,1,5,2,1,5,4,5,1,-0.0306910,-0.0325373,-0.0254944,-0.0325373,-0.01174876,sell
2021-09-09,1,4,5,4,4,2,2,0,0,2,5,2,3,5,4,4,1, 0.0101708, 0.0115609, 0.0102725, 0.0125154, 0.02000575,buy
2021-09-10,1,3,4,2,2,3,2,1,0,3,4,3,3,4,2,4,1, 0.0038534, 0.0051477, 0.0044816, 0.0015570, 0.00864846,buy
2021-09-11,0,2,3,3,2,2,1,1,2,2,3,3,3,3,2,4,0, 0.0140768, 0.0186327, 0.0042155,-0.0046614, 0.00603630,buy
2021-09-12,0,1,4,2,3,1,2,1,3,1,3,2,3,4,2,3,1,-0.0233349,-0.0101862,-0.0283674,-0.0265019,-0.02608164,sell
2021-09-13,0,1,2,3,4,1,2,3,2,2,2,1,5,4,4,3,1, 0.0021561,-0.0193234,-0.0186651,-0.0190814,-0.01985894,sell
2021-09-14,0,0,2,4,3,1,2,2,2,3,3,1,4,3,4,3,1,-0.0087164,-0.0234061,-0.0258856,-0.0258856,-0.02705553,sell
2021-09-15,1,1,3,3,2,1,2,1,2,2,4,1,4,3,3,2,1, 0.0353091, 0.0393578, 0.0399506, 0.0413591, 0.03882339,buy
2021-09-16,2,3,3,3,2,1,1,1,1,3,4,1,5,3,4,2,1, 0.0118729,-0.0357766,-0.0263638,-0.0185032,-0.01957915,sell
2021-09-17,1,4,3,4,2,1,1,1,0,4,3,2,5,2,4,3,2, 0.0015586, 0.0001396,-0.0088350,-0.0051627,-0.00939076,sell
2021-09-18,1,3,3,5,3,1,2,0,0,3,4,2,4,3,4,3,1,-0.0025070,-0.0013002,-0.0017365,-0.0014880,-0.00050108,sell
2021-09-19,0,2,4,3,3,2,1,1,1,2,3,1,3,3,4,4,1,-0.0204026,-0.0153114,-0.0132694,-0.0121700,-0.02402048,sell
2021-09-20,1,2,4,4,2,1,1,2,2,2,4,0,3,3,4,5,2, 0.0031391, 0.0074101,-0.0010747,-0.0028920, 0.00682293,sell
2021-09-21,0,2,3,3,2,2,1,2,2,2,4,1,1,3,4,4,2, 0.0131757, 0.0285649, 0.0169156, 0.0154805, 0.04289460,buy
2021-09-22,1,2,3,2,2,1,2,1,2,2,5,1,2,3,3,3,1,-0.0203862,-0.0030007,-0.0031270, 0.0040352,-0.00221189,sell
2021-09-23,1,3,2,2,2,1,1,1,1,3,4,2,3,3,3,2,0,-0.0135632,-0.0246319,-0.0261428,-0.0331703,-0.02614278,sell
2021-09-24,2,3,3,2,2,2,0,1,0,2,2,2,2,2,5,3,1, 0.0061641,-0.0013744, 0.0078894, 0.0062980, 0.00616412,buy
2021-09-25,2,2,5,3,1,2,0,0,1,2,3,2,3,2,4,3,1, 0.0171041,-0.0007212, 0.0003555, 0.0195784, 0.01079420,buy
2021-09-26,1,3,6,3,1,1,1,0,0,2,4,2,2,3,4,3,0, 0.0376490, 0.0215791, 0.0393249, 0.0393249, 0.04201156,buy
2021-09-27,1,3,7,4,2,1,1,1,0,3,5,4,2,4,5,2,1,-0.0137182,-0.0152263,-0.0182720,-0.0181834,-0.01710080,sell
2021-09-28,1,4,5,5,4,0,0,2,1,4,6,4,4,4,5,1,2, 0.0447488, 0.0428502, 0.0374796, 0.0442706, 0.03859863,buy
2021-09-29,1,3,6,4,2,0,1,1,2,3,5,3,4,3,4,1,3,-0.0037121,-0.0096337,-0.0082148,-0.0060409,-0.00604086,sell
2021-09-30,1,3,6,2,3,1,1,1,2,2,5,2,3,5,3,2,2, 0.0155136, 0.0163951, 0.0160359,-0.0037126, 0.01614206,buy
2021-10-01,1,4,4,3,2,1,1,1,2,3,4,3,3,4,4,2,2,-0.0071023,-0.0099546,-0.0130809,-0.0109786,-0.00857868,sell
2021-10-02,1,5,4,2,4,1,1,2,2,4,5,4,3,5,3,3,3, 0.0498330, 0.0501201, 0.0362072, 0.0458209, 0.04560510,buy
2021-10-03,1,4,4,3,6,1,1,2,1,3,5,3,3,6,4,3,2, 0.0484870, 0.0395022, 0.0370726, 0.0404974, 0.03833028,buy
2021-10-04,1,3,5,3,5,1,2,1,1,2,4,3,3,6,4,3,1, 0.0281091, 0.0269683, 0.0266861, 0.0224729, 0.04649777,buy
2021-10-05,1,3,3,3,4,1,0,1,2,2,4,2,2,5,3,3,1,-0.0022457, 0.0049305, 0.0046661,-0.0071318, 0.00839311,buy
2021-10-06,2,5,3,1,5,0,0,2,0,2,3,3,2,5,3,3,1, 0.0160201, 0.0174024, 0.0019820, 0.0000573, 0.01243471,buy
2021-10-07,2,3,2,1,4,0,1,2,0,3,2,3,3,4,2,2,2,-0.0089018,-0.0071398,-0.0125810,-0.0034445,-0.00611827,sell
2021-10-08,2,3,2,1,4,1,1,2,0,2,3,4,3,2,1,4,1, 0.0389205, 0.0389205, 0.0249938, 0.0419730, 0.03892048,buy
2021-10-09,3,1,1,0,4,0,0,3,2,1,1,4,3,1,1,3,2, 0.0175097, 0.0039914,-0.0246993,-0.0181124, 0.00403747,sell
2021-10-10,3,2,1,0,5,0,0,5,4,1,2,5,3,2,3,4,2,-0.0008977, 0.0034563, 0.0027738, 0.0034563, 0.00199551,buy
2021-10-11,2,2,2,1,4,0,3,4,3,1,4,4,4,2,3,3,2,-0.0041501,-0.0041815,-0.0056564,-0.0056564,-0.00418151,sell
2021-10-12,2,2,3,0,4,0,2,4,2,2,3,4,4,3,2,3,2,-0.0014282,-0.0017122, 0.0016813, 0.0025810,-0.00142816,buy
2021-10-13,2,5,3,0,3,0,1,3,2,2,3,4,4,4,2,3,1, 0.0467872, 0.0465354, 0.0477876, 0.0142231, 0.04678720,buy
2021-10-14,2,5,4,0,3,0,0,3,3,3,2,4,4,4,4,3,2, 0.0278025, 0.0450599, 0.0482613, 0.0482613, 0.03259771,buy
2021-10-15,2,4,4,1,3,0,2,2,2,3,4,3,4,5,4,2,1, 0.0051621,-0.0103027,-0.0111770,-0.0038779,-0.02029446,sell
2021-10-16,1,4,3,2,4,0,1,3,3,3,3,3,3,5,5,3,2,-0.0295116,-0.0107149,-0.0153493,-0.0221593,-0.02453141,sell
2021-10-17,2,5,3,1,5,0,1,3,4,3,4,2,4,6,5,3,3,-0.0056680,-0.0012921, 0.0032771, 0.0032771, 0.00327709,buy
2021-10-18,2,5,3,1,5,0,1,4,3,2,5,2,4,5,5,3,2, 0.0472334, 0.0486567, 0.0498780, 0.0437502, 0.04930808,buy
2021-10-19,1,3,4,1,3,1,2,2,3,2,5,2,2,4,4,3,2, 0.0055577, 0.0097789, 0.0113220,-0.0074211, 0.00695758,buy
2021-10-20,1,3,3,2,3,1,1,0,2,3,4,2,2,4,3,2,2, 0.0354182,-0.0082410, 0.0327578, 0.0306958,-0.00141208,buy
2021-10-21,2,4,2,2,4,0,0,1,1,3,2,1,2,4,4,3,3,-0.0167049,-0.0192123,-0.0156570,-0.0202464,-0.02467753,sell
2021-10-22,2,3,3,1,5,0,0,0,1,4,3,2,3,4,3,3,1, 0.0095630, 0.0091699, 0.0095630, 0.0108783, 0.00956300,buy
2021-10-23,1,3,4,2,3,0,0,0,0,3,3,3,1,4,3,2,0, 0.0178623, 0.0223025, 0.0143821, 0.0330612, 0.01929349,buy
2021-10-24,0,3,3,3,1,1,1,1,1,3,4,1,2,3,4,2,1,-0.0183564,-0.0153779,-0.0178509,-0.0006991,-0.01851760,sell
2021-10-25,0,3,3,2,2,1,0,2,1,4,3,1,4,3,4,2,1, 0.0091509, 0.0075518,-0.0062955, 0.0094973, 0.00826927,buy
2021-10-26,0,4,2,2,2,0,1,2,2,3,3,2,3,3,4,3,0,-0.0044013,-0.0028341,-0.0015827, 0.0009320,-0.00283414,sell
2021-10-27,0,2,1,1,4,1,1,1,2,4,2,2,4,3,3,2,1, 0.0225153, 0.0176614, 0.0225153, 0.0290419,-0.00046757,buy
2021-10-28,0,1,2,3,4,2,1,1,1,4,4,1,5,3,3,1,2,-0.0089837, 0.0016247,-0.0176433,-0.0168128,-0.00953631,sell
2021-10-29,0,1,2,3,2,2,1,1,1,5,4,0,5,3,3,1,2,-0.0094009,-0.0001672,-0.0087304,-0.0153423,-0.00860355,sell
2021-10-30,0,3,2,2,3,1,1,1,3,3,4,1,4,3,3,2,2,-0.0092563,-0.0072312, 0.0056280,-0.0134976,-0.00680741,sell
2021-10-31,0,3,2,3,2,2,1,2,3,3,3,2,4,3,4,3,2,-0.0101207,-0.0107199,-0.0028445,-0.0067279,-0.01102623,sell
2021-11-01,0,3,3,4,2,2,2,2,2,3,4,2,3,3,4,4,3, 0.0080739,-0.0077834,-0.0036333,-0.0036333,-0.00363329,sell
2021-11-02,0,3,2,4,2,1,2,0,2,3,4,1,2,3,3,4,2, 0.0101847, 0.0138918, 0.0020122, 0.0043578, 0.01211396,buy
2021-11-03,1,4,2,2,2,1,1,0,2,4,3,1,2,4,4,3,2,-0.0155562,-0.0153400,-0.0180980,-0.0175041,-0.02161168,sell
2021-11-04,1,3,1,3,0,2,0,1,2,5,3,1,2,2,4,3,3,-0.0150733,-0.0039314,-0.0017099,-0.0040841,-0.00408827,sell
2021-11-05,1,1,1,2,0,2,1,1,3,3,2,2,2,2,1,3,3,-0.0207596,-0.0359108,-0.0360828,-0.0359108,-0.03764793,sell
2021-11-06,1,2,0,3,1,1,2,1,3,1,1,3,3,1,2,3,2,-0.0034052,-0.0020728,-0.0034052,-0.0019736,-0.02377820,sell
2021-11-07,2,0,1,4,1,1,1,2,3,3,1,3,4,1,3,4,2,-0.0108108,-0.0193062,-0.0192855,-0.0193062,-0.01839734,sell
2021-11-08,2,1,2,3,0,1,1,1,3,2,2,3,3,0,3,3,2,-0.0104228,-0.0024383,-0.0033909,-0.0043776,-0.00264988,sell
2021-11-09,2,3,2,2,0,1,2,1,3,2,4,2,4,1,3,3,1, 0.0035662, 0.0039589,-0.0044616, 0.0037621, 0.00356621,buy
2021-11-10,3,3,1,2,0,2,2,2,2,5,4,3,4,1,4,4,2, 0.0192652, 0.0159755, 0.0185969, 0.0176083, 0.01815071,buy
2021-11-11,3,3,1,2,0,2,3,2,2,5,5,4,4,1,4,3,2, 0.0158616, 0.0085214, 0.0118084, 0.0119729, 0.01897114,buy
2021-11-12,2,2,2,1,0,2,3,2,4,3,5,3,2,3,4,2,2,-0.0324729,-0.0280456,-0.0333235,-0.0140823,-0.03304426,sell
2021-11-13,2,2,3,2,0,2,3,3,5,3,5,4,3,3,5,4,1, 0.0054752, 0.0141674, 0.0068652, 0.0042155, 0.01285108,buy
2021-11-14,2,2,2,1,0,2,2,3,3,3,5,3,2,2,3,4,1,-0.0073718,-0.0135480,-0.0156500,-0.0059728,-0.00304571,sell
2021-11-15,1,2,3,0,1,2,2,2,3,3,5,3,2,1,3,4,1,-0.0151329,-0.0120380,-0.0148351, 0.0043273,-0.01502066,sell
2021-11-16,0,2,3,0,0,2,2,1,3,3,4,1,3,2,2,3,1, 0.0031985, 0.0027932, 0.0011746, 0.0109620, 0.00117464,buy
2021-11-17,1,2,4,0,0,2,1,2,2,5,4,2,3,3,3,3,1,-0.0019165,-0.0102813,-0.0017970,-0.0084607, 0.00484615,sell
2021-11-18,1,3,4,0,0,2,1,1,4,5,5,2,2,4,4,3,1,-0.0060786,-0.0069929,-0.0068550,-0.0015792,-0.00678770,sell
2021-11-19,0,3,4,1,0,1,1,1,4,3,6,1,2,3,3,2,1,-0.0009949,-0.0044314,-0.0044314, 0.0088727, 0.00122787,buy
2021-11-20,0,2,3,1,2,1,1,1,3,3,5,2,2,3,1,3,1,-0.0023785,-0.0007876,-0.0034378, 0.0016787,-0.00048527,buy
2021-11-21,0,1,3,2,3,1,0,2,2,3,4,3,2,2,1,3,2, 0.0060227, 0.0069679, 0.0069623, 0.0058608, 0.00681171,buy
2021-11-22,0,2,3,2,2,1,0,2,3,1,4,2,2,2,1,4,1, 0.0114683, 0.0008550, 0.0055363, 0.0043921, 0.01228467,buy
2021-11-23,0,0,4,1,2,3,0,1,3,1,3,2,2,2,1,3,2, 0.0015118,-0.0002872, 0.0051400, 0.0022302,-0.00223866,buy
2021-11-24,0,1,3,1,1,3,0,1,2,1,2,2,4,1,1,2,1, 0.0068014, 0.0064254, 0.0080032, 0.0064254, 0.00674022,buy
2021-11-25,0,2,2,1,1,1,0,1,2,2,0,3,4,0,1,2,2,-0.0034195,-0.0049927,-0.0031369,-0.0048643,-0.00414446,sell
2021-11-26,0,3,1,0,3,1,0,1,3,2,1,2,5,1,1,2,2,-0.0015650,-0.0016321, 0.0001953, 0.0159803,-0.00454362,sell
2021-11-27,0,3,2,2,2,1,0,1,4,0,1,1,4,2,3,2,2, 0.0014317, 0.0050362, 0.0028025, 0.0109958, 0.00181673,buy
2021-11-28,0,2,4,3,2,1,0,3,5,0,1,2,5,4,4,2,2, 0.0180361, 0.0168945, 0.0200778, 0.0130482, 0.00186859,buy
2021-11-29,0,4,3,3,4,1,0,4,4,1,3,2,5,4,4,4,2,-0.0015053,-0.0149450,-0.0074645,-0.0028755,-0.00260353,sell
2021-11-30,1,5,3,1,4,0,1,4,5,3,3,3,5,6,4,3,3, 0.0115740, 0.0101625, 0.0012247, 0.0124512, 0.01116464,buy
2021-12-01,1,3,2,1,3,1,1,2,5,4,2,2,6,5,4,3,1, 0.0235855, 0.0053743, 0.0253396, 0.0217747, 0.00195640,buy
2021-12-02,2,2,2,1,2,1,0,2,7,3,3,2,5,5,3,3,1, 0.0165204, 0.0091225, 0.0016257, 0.0037413,-0.03269754,buy
2021-12-03,2,2,2,0,2,0,1,4,7,2,3,2,5,6,2,2,2,-0.0016974,-0.0045830,-0.0139407,-0.0016974,-0.02137581,sell
2021-12-04,1,1,1,0,3,0,4,4,6,3,3,2,5,5,3,3,2, 0.0094705, 0.0125339,-0.0035714, 0.0094705,-0.01937693,buy
2021-12-05,1,0,2,1,1,0,5,4,5,3,4,3,4,4,3,3,1, 0.0247131,-0.0143166,-0.0197764,-0.0142876,-0.02052396,sell
2021-12-06,3,0,2,0,1,0,2,3,5,2,3,3,4,4,1,2,1,-0.0133058,-0.0007129,-0.0243393,-0.0295629,-0.02505380,sell
2021-12-07,4,1,0,0,1,0,3,2,5,4,3,2,5,3,2,3,2, 0.0347162, 0.0331882, 0.0091829, 0.0051623, 0.00486480,buy
2021-12-08,2,0,0,0,0,0,5,2,3,4,2,1,5,3,2,1,2, 0.0175416, 0.0177971, 0.0168112, 0.0175416, 0.01512358,buy
2021-12-09,2,1,0,1,0,0,7,1,4,4,4,3,4,4,1,2,2, 0.0319512, 0.0311485, 0.0236485, 0.0236074, 0.02367380,buy
2021-12-10,2,2,0,1,0,0,5,3,4,3,3,3,3,4,2,3,2, 0.0273627,-0.0075101, 0.0306557, 0.0288069, 0.03065572,buy
2021-12-11,2,1,1,1,0,0,5,3,5,2,4,3,2,4,2,3,2, 0.0168378,-0.0020036, 0.0130089,-0.0022780,-0.00692951,buy
2021-12-12,1,1,1,2,0,0,5,3,4,2,4,4,1,3,3,3,1, 0.0016638,-0.0195221,-0.0231877,-0.0129655,-0.02257893,sell
2021-12-13,1,1,0,2,0,0,7,3,3,4,5,2,2,4,3,3,2, 0.0300814, 0.0138996, 0.0266665, 0.0300814, 0.03583210,buy
2021-12-14,2,3,0,1,1,0,3,2,2,5,4,2,2,4,2,3,2, 0.0189104, 0.0048649, 0.0186250, 0.0152851, 0.01496352,buy
2021-12-15,2,4,0,1,0,0,3,2,2,3,3,1,3,3,3,3,1,-0.0093603,-0.0098725, 0.0243135,-0.0058173,-0.01012696,sell
2021-12-16,1,2,2,1,0,1,3,1,2,3,4,2,2,3,2,2,1, 0.0098917, 0.0100616, 0.0103975, 0.0082514, 0.02128052,buy
2021-12-17,1,2,2,3,0,1,5,1,1,3,5,2,1,3,3,4,1, 0.0036266,-0.0043648,-0.0033234, 0.0015298, 0.00009236,buy
2021-12-18,1,3,3,4,2,0,5,2,1,1,4,1,2,4,4,5,2, 0.0318809, 0.0027168, 0.0293288, 0.0336548, 0.03179500,buy
2021-12-19,1,3,2,2,3,0,3,3,1,1,4,1,3,3,3,4,1,-0.0307202,-0.0395673,-0.0304652,-0.0307202,-0.00253689,sell
2021-12-20,1,3,2,3,2,0,3,2,2,0,4,2,3,2,3,4,0,-0.0131549,-0.0138521,-0.0116987,-0.0134780, 0.01155484,sell
2021-12-21,1,2,2,2,1,2,3,2,1,0,4,1,2,3,2,3,1,-0.0250675,-0.0311639,-0.0053116,-0.0263192,-0.02040806,sell
2021-12-22,1,2,2,1,1,2,2,2,1,1,4,1,2,2,2,3,1,-0.0019250,-0.0062743, 0.0204852,-0.0140176,-0.00303917,sell
2021-12-23,1,4,1,0,4,2,2,3,2,1,4,2,2,3,3,5,1, 0.0024401, 0.0002849, 0.0007045,-0.0000857, 0.00361571,buy
2021-12-24,1,4,1,2,4,1,1,3,3,1,4,3,2,4,2,4,2, 0.0255852, 0.0336579, 0.0217915, 0.0075211, 0.03020582,buy
2021-12-25,1,2,1,2,2,1,1,3,2,1,2,2,3,3,2,3,1,-0.0508151,-0.0358828,-0.0160180,-0.0337099,-0.03122828,sell
2021-12-26,2,2,2,2,2,1,1,3,2,0,2,2,3,3,2,3,2, 0.0022883,-0.0044253, 0.0031713, 0.0022883, 0.00228834,buy
2021-12-27,3,4,2,1,3,0,1,3,3,0,1,4,3,4,2,4,2, 0.0253287, 0.0217675, 0.0265241, 0.0272754, 0.02468016,buy
2021-12-28,3,3,2,1,2,0,1,4,3,2,2,4,4,4,2,3,2,-0.0085817,-0.0123955,-0.0203517,-0.0057714,-0.00184535,sell
2021-12-29,3,5,2,1,1,1,3,3,3,1,2,4,4,3,4,5,1, 0.0008185,-0.0057069,-0.0011646, 0.0024923, 0.00061032,sell
2021-12-30,3,3,2,0,1,1,3,3,4,2,3,3,2,4,3,5,2, 0.0011124, 0.0049782,-0.0003817, 0.0106413, 0.00412182,buy
2021-12-31,4,2,1,0,2,0,3,5,3,1,2,4,2,4,3,4,2, 0.0111494, 0.0095184, 0.0095223, 0.0095223, 0.00811681,buy
2022-01-01,4,1,1,1,1,0,5,3,4,1,2,3,2,4,4,4,2, 0.0424293, 0.0406978, 0.0471467, 0.0445543, 0.04621201,buy
2022-01-02,2,1,2,0,1,0,5,5,3,0,4,3,1,3,4,4,0,-0.0076862, 0.0070204,-0.0036873,-0.0076862,-0.00449543,sell
2022-01-03,4,2,2,0,1,0,6,6,3,0,4,4,3,4,3,5,1,-0.0050007,-0.0034321, 0.0033714,-0.0048186,-0.00858049,sell
2022-01-04,3,1,1,0,0,0,4,5,3,2,3,4,4,2,3,3,0,-0.0250625,-0.0210778,-0.0200567,-0.0213226,-0.02107775,sell
2022-01-05,3,0,1,0,0,0,7,3,3,2,3,4,4,2,3,2,1, 0.0142889, 0.0124762, 0.0001541, 0.0106046, 0.01047486,buy
2022-01-06,1,0,1,0,0,0,6,6,2,2,4,4,3,2,2,2,1, 0.0182459, 0.0173800, 0.0148927, 0.0194413, 0.01697013,buy
2022-01-07,1,0,0,0,0,0,3,7,5,3,2,4,5,2,2,3,1, 0.0062487, 0.0110035, 0.0236471, 0.0052799, 0.02364712,buy
2022-01-08,0,1,0,0,0,0,4,6,4,2,3,4,4,1,2,3,0, 0.0158536, 0.0062351, 0.0062351, 0.0031354, 0.00623510,buy
2022-01-09,1,0,1,0,0,0,4,5,3,4,3,4,5,1,2,2,1,-0.0113523,-0.0040898,-0.0038030,-0.0055195,-0.00380303,sell
2022-01-10,1,1,1,1,0,0,3,4,3,4,3,4,6,1,1,1,2,-0.0060849,-0.0036243,-0.0132732,-0.0141646,-0.00520051,sell
2022-01-11,3,1,1,1,0,0,3,5,3,3,3,4,5,2,3,2,1,-0.0178321,-0.0095377,-0.0166837,-0.0120830,-0.01196491,sell
2022-01-12,2,1,2,1,1,0,2,4,3,3,2,3,5,2,4,1,2,-0.0028621,-0.0050001, 0.0050961,-0.0017456,-0.00380317,sell
2022-01-13,2,1,3,3,0,0,4,2,1,3,2,2,2,4,4,4,1, 0.0076288, 0.0017855, 0.0043416, 0.0014278, 0.00139517,buy
2022-01-14,2,2,2,2,1,1,4,2,1,3,2,3,3,3,3,5,1,-0.0032628,-0.0111315,-0.0003773,-0.0047730,-0.00937930,sell
2022-01-15,2,2,2,2,1,1,3,3,1,3,2,3,4,3,3,5,0,-0.0016672,-0.0152887,-0.0115674,-0.0122765,-0.00959789,sell
2022-01-16,2,2,2,2,1,1,3,3,1,2,3,2,3,2,3,5,1,-0.0112424,-0.0139071,-0.0115072,-0.0085275,-0.01424778,sell
2022-01-17,2,1,2,2,2,2,3,3,0,2,1,3,3,3,4,4,1,-0.0122114,-0.0140988,-0.0042418,-0.0018533,-0.01399807,sell
2022-01-18,2,1,1,3,3,2,3,3,0,3,1,4,3,3,4,5,1,-0.0080642,-0.0160483,-0.0119568,-0.0134399,-0.02487639,sell
2022-01-19,1,2,2,2,2,1,4,3,0,3,1,4,3,2,3,6,1, 0.0094295, 0.0046568, 0.0183822, 0.0047813,-0.01564801,buy
2022-01-20,1,2,2,2,2,1,5,2,0,1,3,2,2,3,2,5,1,-0.0150504,-0.0204360,-0.0196645,-0.0202458,-0.02543917,sell
2022-01-21,1,2,3,2,1,2,5,2,0,1,3,2,2,3,3,5,1,-0.0345356,-0.0321288,-0.0325355,-0.0323578,-0.03231821,sell
2022-01-22,0,2,2,3,1,1,5,3,0,1,2,3,3,2,4,3,1, 0.0077606, 0.0073515, 0.0073515, 0.0073515, 0.00245011,buy
2022-01-23,0,2,3,2,2,0,5,3,0,2,3,2,2,3,4,3,2, 0.0123106, 0.0159978, 0.0114307, 0.0112618, 0.01201465,buy
2022-01-24,1,2,2,2,2,0,5,3,1,2,3,2,3,4,3,4,1, 0.0327753, 0.0354706, 0.0348668, 0.0354466, 0.03544662,buy
2022-01-25,1,2,2,1,0,1,4,2,2,3,2,2,2,3,4,4,1,-0.0344058,-0.0027195,-0.0024016,-0.0030414, 0.00838988,sell
2022-01-26,1,2,2,0,0,1,3,4,2,2,2,2,2,2,3,4,2,-0.0017947,-0.0044800,-0.0011272,-0.0006573,-0.00306435,sell
2022-01-27,1,3,2,0,1,0,5,4,2,2,4,2,3,3,2,4,2,-0.0250474,-0.0285466,-0.0259955,-0.0158181, 0.00961523,sell
2022-01-28,1,2,1,1,1,0,4,3,2,3,3,0,3,3,3,5,1,-0.0279937,-0.0258757,-0.0297867,-0.0297867,-0.01370418,sell
2022-01-29,3,1,2,1,0,0,2,3,2,2,3,1,2,2,2,5,1,-0.0182177,-0.0049492, 0.0193290,-0.0123679,-0.01468934,sell
2022-01-30,4,1,2,0,0,0,2,4,3,1,5,0,2,2,3,4,1,-0.0194240, 0.0130588, 0.0172026,-0.0142654, 0.01446072,buy
2022-01-31,3,2,1,0,0,0,3,3,3,2,4,1,3,2,1,5,1,-0.0107446,-0.0171894,-0.0072574,-0.0181392,-0.01421408,sell
2022-02-01,3,1,2,0,0,0,4,4,3,2,4,2,3,1,2,5,2,-0.0031328,-0.0124994, 0.0018388,-0.0038750,-0.00313280,sell
2022-02-02,4,1,2,0,0,0,2,3,5,1,4,3,2,2,1,5,1, 0.0051470, 0.0074527, 0.0071264, 0.0051364, 0.00858428,buy
2022-02-03,5,1,2,0,0,0,1,2,6,1,4,2,2,2,2,5,1,-0.0161077,-0.0046431,-0.0081876,-0.0141796,-0.00726282,sell
2022-02-04,4,1,2,0,0,0,1,3,4,2,4,2,2,2,2,5,0,-0.0061660, 0.0252066, 0.0248937, 0.0066336, 0.01908663,buy
2022-02-05,3,1,2,0,0,0,3,1,4,2,4,2,1,1,3,4,1, 0.0016186, 0.0181059, 0.0119886,-0.0069161, 0.00457452,buy
2022-02-06,3,3,2,0,0,0,3,2,4,1,4,2,3,2,3,3,1,-0.0344728,-0.0344538, 0.0036566,-0.0443635,-0.04436081,sell
2022-02-07,4,2,4,0,0,0,2,2,4,2,4,2,3,3,3,4,1, 0.0103573,-0.0003828, 0.0034709, 0.0036754, 0.00450348,buy
2022-02-08,4,2,5,2,0,0,2,1,5,1,4,3,3,3,3,4,2, 0.0252255, 0.0056661, 0.0241097, 0.0230555, 0.02316839,buy
2022-02-09,3,2,3,2,0,0,2,1,3,1,3,2,3,2,3,3,1,-0.0000515,-0.0071034,-0.0016317, 0.0009430,-0.00349617,sell
2022-02-10,3,1,3,1,2,0,4,1,1,2,3,2,2,2,4,4,1, 0.0040762, 0.0089222, 0.0072981, 0.0048434, 0.00922205,buy
2022-02-11,2,2,3,1,1,0,3,2,1,1,3,1,2,2,4,4,0,-0.0153218,-0.0083309,-0.0109897,-0.0146613,-0.00824323,sell
2022-02-12,2,2,3,1,1,2,4,1,2,0,3,2,2,3,3,4,1, 0.0062651, 0.0027869, 0.0064848, 0.0062688, 0.00606828,buy
2022-02-13,2,1,4,1,1,3,4,1,1,0,3,2,2,3,3,4,1,-0.0189709, 0.0079400,-0.0096505,-0.0081984,-0.01870317,sell
2022-02-14,2,1,3,2,0,1,4,1,0,0,2,1,3,3,2,3,0,-0.0091262,-0.0070166,-0.0030028,-0.0042028,-0.00262876,sell
2022-02-15,2,1,2,1,4,1,3,0,0,1,1,2,2,2,3,4,1, 0.0229069, 0.0210356, 0.0206644, 0.0193381, 0.02200569,buy
2022-02-16,2,2,0,2,4,1,3,1,0,0,0,4,1,3,3,2,2,-0.0058489,-0.0064862, 0.0045309, 0.0034301,-0.00012047,buy
2022-02-17,2,1,3,3,1,1,3,2,0,0,1,4,1,3,3,2,2,-0.0387119,-0.0341024,-0.0358176,-0.0366203,-0.03410242,sell
2022-02-18,1,0,4,2,1,2,3,2,2,0,1,3,4,3,3,2,1,-0.0014810, 0.0101683, 0.0064264, 0.0081845, 0.00906160,buy
2022-02-19,1,3,1,2,2,0,3,2,2,0,1,3,3,3,3,2,1, 0.0047276, 0.0062402, 0.0116204, 0.0062402, 0.00472757,buy
2022-02-20,1,1,1,1,3,0,3,2,2,4,2,3,4,3,3,2,1,-0.0009746,-0.0038800,-0.0007525, 0.0118902,-0.00576035,sell
2022-02-21,1,1,1,2,1,1,2,2,2,3,2,3,5,1,3,2,0, 0.0132825, 0.0068493, 0.0126759, 0.0119309, 0.00717506,buy
2022-02-22,1,1,2,1,0,1,3,2,4,2,2,3,5,0,4,2,1, 0.0061114, 0.0137543, 0.0180205, 0.0061114, 0.00819212,buy
2022-02-23,1,2,1,0,0,0,3,4,5,2,2,4,5,1,3,1,2,-0.0019780,-0.0072884,-0.0035535,-0.0032066,-0.00320660,sell
2022-02-24,2,1,0,0,1,0,4,5,3,3,2,4,5,2,2,2,2,-0.0036413,-0.0173929,-0.0040212,-0.0079340,-0.00364128,sell
2022-02-25,3,0,0,1,0,0,4,2,3,2,1,3,3,3,2,2,1, 0.0237010, 0.0192332, 0.0149989, 0.0200699, 0.01718876,buy
2022-02-26,4,1,1,0,0,0,2,3,4,1,3,2,2,2,3,4,0,-0.0113210, 0.0197702, 0.0197702,-0.0083353, 0.01504030,buy
2022-02-27,8,3,0,0,0,0,2,5,4,1,5,3,3,4,2,5,1,-0.0026072,-0.0114704,-0.0057481,-0.0027651,-0.01257177,sell
2022-02-28,6,2,0,0,0,0,2,5,3,2,5,2,3,3,2,5,0,-0.0023067,-0.0170284, 0.0009484, 0.0011810,-0.01679493,sell
2022-03-01,6,2,0,0,0,0,6,4,3,0,5,3,3,4,2,3,1, 0.0003681,-0.0107142,-0.0071063,-0.0088151,-0.01504548,sell
2022-03-02,6,2,0,0,0,0,3,7,3,0,5,3,2,4,2,4,1, 0.0078915,-0.0122492, 0.0075495, 0.0081422,-0.01067660,buy
2022-03-03,7,2,0,0,0,0,2,8,4,0,4,4,2,5,2,4,2, 0.0249617,-0.0003080, 0.0218853, 0.0274129,-0.00113623,buy
2022-03-04,5,2,0,0,0,0,3,6,4,0,4,3,1,4,2,5,1, 0.0073898, 0.0009133, 0.0176337, 0.0082741, 0.00091332,buy
2022-03-05,5,2,0,0,0,0,4,4,2,3,4,3,2,4,2,4,1,-0.0005325,-0.0072818,-0.0003294,-0.0003680,-0.01347648,sell
2022-03-06,6,3,0,0,0,0,4,6,1,3,4,3,3,6,2,4,1, 0.0128557,-0.0009959, 0.0125520, 0.0137985, 0.00022934,buy
2022-03-07,5,5,0,0,0,0,3,5,2,1,4,3,3,5,2,3,1,-0.0143716,-0.0144626, 0.0064589,-0.0156194,-0.01232152,sell
2022-03-08,5,3,3,0,0,0,3,3,1,1,3,4,2,4,3,2,1,-0.0189147,-0.0110830,-0.0095032,-0.0110830,-0.02330754,sell
2022-03-09,5,3,3,2,0,0,5,3,0,1,4,5,1,5,2,3,2, 0.0169195, 0.0270481, 0.0169195, 0.0111659, 0.01901177,buy
2022-03-10,4,2,1,3,1,0,5,5,0,2,5,4,3,4,2,3,2, 0.0227848, 0.0200715, 0.0344101, 0.0200715, 0.03107146,buy
2022-03-11,3,2,0,1,3,0,4,6,0,1,4,4,5,2,2,1,2,-0.0055784,-0.0060229,-0.0056369,-0.0058889, 0.00072677,sell
2022-03-12,3,1,2,1,3,0,3,5,1,0,4,4,5,0,3,1,2, 0.0004818,-0.0006573, 0.0001419,-0.0007329, 0.00265848,sell
2022-03-13,2,0,2,1,1,2,3,5,0,0,3,4,4,1,2,1,1,-0.0133306,-0.0067902,-0.0016216,-0.0043348,-0.02202862,sell
2022-03-14,2,0,0,2,1,3,3,5,1,2,3,4,4,2,1,3,2, 0.0165488, 0.0056652, 0.0161411, 0.0066270, 0.01691905,buy
2022-03-15,2,1,0,0,3,1,2,5,2,3,1,3,4,3,1,6,1, 0.0099980, 0.0105451, 0.0096643,-0.0037138,-0.00115947,buy
2022-03-16,2,1,1,1,3,0,2,5,2,2,0,4,3,4,0,6,2, 0.0157407, 0.0072476, 0.0108356, 0.0155883, 0.01299703,buy
2022-03-17,3,0,1,3,3,2,2,5,2,2,2,5,4,3,1,5,3, 0.0101341, 0.0060469, 0.0081820, 0.0145027, 0.01356805,buy
2022-03-18,3,0,2,4,1,1,1,5,2,2,1,4,4,3,2,5,2, 0.0124172, 0.0013297, 0.0072022, 0.0094290, 0.00752513,buy
2022-03-19,2,1,3,1,3,0,1,5,2,2,2,3,3,3,2,5,2, 0.0094202, 0.0031469,-0.0019088, 0.0185726, 0.01057945,buy
2022-03-20,3,3,1,2,2,0,2,3,1,3,3,2,4,3,3,3,2, 0.0249133,-0.0138395,-0.0219210, 0.0007847,-0.02394376,sell
2022-03-21,3,1,2,2,0,1,1,2,1,5,3,2,4,1,3,4,1, 0.0079392, 0.0054670, 0.0069542, 0.0019757, 0.00964218,buy
2022-03-22,3,1,2,0,0,0,2,3,2,4,4,1,3,2,3,3,1,-0.0004984,-0.0066903, 0.0030443,-0.0054900, 0.00326592,sell
2022-03-23,4,2,0,0,1,0,2,3,2,3,4,2,2,1,3,4,1,-0.0190124,-0.0115820,-0.0115820,-0.0093829,-0.01158198,sell
2022-03-24,4,0,0,1,0,0,3,6,4,4,3,4,2,3,4,4,2, 0.0302287, 0.0036209, 0.0230587, 0.0257530, 0.00990640,buy
2022-03-25,3,0,1,1,0,0,3,6,1,1,1,4,1,2,3,4,1, 0.0476964, 0.0476964, 0.0411832, 0.0400380, 0.02375370,buy
2022-03-26,4,1,1,0,0,0,5,3,3,1,2,3,3,2,3,4,1,-0.0174753,-0.0172368,-0.0168254,-0.0101975,-0.01747529,sell
2022-03-27,4,1,0,0,0,0,2,5,1,2,2,3,2,2,2,4,0,-0.0105505,-0.0112628,-0.0105505,-0.0082667,-0.01323482,sell
2022-03-28,6,0,0,0,0,0,6,5,1,2,3,3,2,2,5,3,2,-0.0073929, 0.0006812,-0.0019749,-0.0071582,-0.00162642,sell
2022-03-29,3,0,0,0,0,0,6,5,1,1,2,2,2,2,4,3,1, 0.0036001, 0.0049433,-0.0059198, 0.0021349, 0.00245118,buy
2022-03-30,4,0,0,0,0,0,7,6,1,0,3,2,2,1,5,3,2,-0.0036826,-0.0037889, 0.0033796,-0.0102790,-0.00159508,sell
2022-03-31,4,0,0,0,0,0,8,8,1,0,3,2,2,2,6,3,3,-0.0127415,-0.0072867,-0.0045098,-0.0185708,-0.00768845,sell
2022-04-01,2,0,0,0,0,0,10,5,2,0,3,2,3,1,5,3,2,-0.0153794,-0.0212152,-0.0102386,-0.0201780,-0.01707723,sell
2022-04-02,2,0,0,0,0,0,8,2,3,1,3,1,3,2,3,2,2, 0.0281332, 0.0059771, 0.0281332, 0.0336942, 0.02813315,buy
2022-04-03,3,1,0,0,0,0,6,3,0,0,2,0,3,2,2,3,1, 0.0092446, 0.0036679, 0.0000281, 0.0127868, 0.00597415,buy
2022-04-04,2,0,1,0,0,0,5,1,2,3,2,1,2,2,2,3,2, 0.0224769, 0.0161761, 0.0232224, 0.0333169, 0.02531093,buy
2022-04-05,1,3,1,1,0,0,6,1,2,1,2,2,1,3,3,2,3, 0.0025590,-0.0005407,-0.0014219,-0.0066987, 0.01645866,buy
2022-04-06,1,1,2,1,0,0,7,0,2,2,3,2,3,2,3,2,1, 0.0346721, 0.0273858, 0.0347888, 0.0348160, 0.03662859,buy
2022-04-07,1,2,3,1,1,0,7,1,2,3,4,2,4,4,4,2,1, 0.0106317, 0.0066327, 0.0066327, 0.0144511, 0.00193624,buy
2022-04-08,1,2,1,3,0,0,5,0,4,1,3,2,3,2,4,1,2,-0.0355561,-0.0262701,-0.0356033,-0.0350653,-0.03667030,sell
2022-04-09,1,0,2,1,2,1,7,0,4,1,4,2,4,3,4,1,1,-0.0073025,-0.0082605,-0.0084592,-0.0057251,-0.01094260,sell
2022-04-10,1,0,2,2,2,1,6,0,2,2,4,2,5,3,2,1,1, 0.0039674,-0.0010753, 0.0039991, 0.0105971,-0.01473360,buy
2022-04-11,1,0,0,2,2,1,5,0,2,2,4,1,4,2,3,1,0, 0.0240720, 0.0190469, 0.0256991, 0.0285913, 0.00566368,buy
2022-04-12,1,1,0,0,3,3,5,0,1,1,3,1,3,3,3,1,1, 0.0034545, 0.0041780, 0.0041780, 0.0060813,-0.00030403,buy
2022-04-13,0,0,1,1,0,1,3,2,2,1,2,0,2,3,1,1,2, 0.0241684, 0.0187015, 0.0192043, 0.0226217, 0.02002711,buy
2022-04-14,0,1,2,1,2,2,3,3,3,1,3,1,3,5,2,3,1,-0.0031353,-0.0056491,-0.0015726,-0.0085377,-0.00701470,sell
2022-04-15,1,2,1,3,3,0,3,3,3,1,2,2,2,6,2,4,2,-0.0358574,-0.0266428,-0.0291528,-0.0236855,-0.01603639,sell
2022-04-16,1,2,2,2,3,0,3,3,3,2,3,2,3,6,2,3,2,-0.0006552, 0.0047342, 0.0122594, 0.0063211, 0.00690685,buy
2022-04-17,1,2,2,3,0,1,3,3,3,2,3,1,3,5,2,3,3,-0.0108428, 0.0016127,-0.0037731,-0.0035741,-0.00123182,sell
2022-04-18,1,4,3,1,0,1,3,2,3,3,4,2,2,5,2,3,3,-0.0016924,-0.0003518,-0.0017577,-0.0016924,-0.00192253,sell
2022-04-19,1,4,2,0,1,0,1,2,4,3,3,2,2,5,0,3,3, 0.0270955, 0.0319650, 0.0248773, 0.0201532, 0.02709548,buy
2022-04-20,1,2,0,1,1,0,1,2,4,4,2,1,2,4,1,4,2,-0.0342243,-0.0303494,-0.0021914,-0.0001108,-0.03446715,sell
2022-04-21,1,0,1,1,0,0,1,2,4,4,1,2,1,3,2,4,1,-0.0056536,-0.0134737,-0.0194210,-0.0171510,-0.01371693,sell
2022-04-22,1,0,1,0,0,0,1,2,7,2,1,2,2,2,3,2,2,-0.0018419,-0.0017942,-0.0049438,-0.0018419,-0.00184194,sell
2022-04-23,2,1,0,0,0,0,3,3,6,3,3,2,4,2,3,2,2,-0.0105883, 0.0005233,-0.0055353,-0.0024490,-0.00557338,sell
2022-04-24,2,0,1,0,0,0,5,2,4,2,3,2,4,1,3,1,2, 0.0091399, 0.0100649, 0.0209149, 0.0181747, 0.00898755,buy
2022-04-25,4,0,1,0,0,0,5,1,4,1,3,2,4,2,3,0,2, 0.0114729, 0.0054333, 0.0130631, 0.0131734,-0.00131750,buy
2022-04-26,5,0,1,0,0,0,2,2,5,1,2,2,4,2,3,1,2, 0.0076882, 0.0172725, 0.0198839, 0.0186790, 0.00737122,buy
2022-04-27,5,1,1,0,0,0,2,3,6,1,3,1,4,5,3,1,2,-0.0368788, 0.0051967, 0.0062129, 0.0090289, 0.00395088,buy
2022-04-28,2,1,1,0,0,0,3,5,6,1,3,2,3,4,3,3,1,-0.0050155, 0.0040434,-0.0237916,-0.0061193,-0.02378524,sell
2022-04-29,3,1,1,0,0,0,5,5,6,2,4,2,3,5,3,4,2,-0.0031109, 0.0022409, 0.0025495, 0.0054307,-0.00272529,buy
2022-04-30,4,2,1,0,0,0,3,8,6,1,5,3,3,6,1,4,3,-0.0202200,-0.0302415,-0.0261930,-0.0158617,-0.02227373,sell
2022-05-01,4,2,2,0,0,0,1,7,7,1,4,2,4,6,2,4,2,-0.0149295,-0.0272215,-0.0147661,-0.0149295,-0.02358523,sell
2022-05-02,3,2,2,0,0,0,0,4,8,1,4,1,3,5,2,3,2, 0.0199081, 0.0357120, 0.0067351, 0.0075880, 0.04714570,buy
2022-05-03,2,2,1,1,0,0,1,4,4,1,2,2,1,5,1,4,1, 0.0270655, 0.0361714,-0.0059237,-0.0050253, 0.03608639,buy
2022-05-04,2,3,2,0,1,0,1,5,4,4,3,3,2,5,2,5,2,-0.0085404,-0.0068105,-0.0059467,-0.0068788,-0.01676208,sell
2022-05-05,2,5,2,1,1,0,0,4,4,2,4,3,1,4,2,5,2,-0.0010058,-0.0003593,-0.0006936,-0.0010058,-0.00317765,sell
2022-05-06,2,4,2,1,1,1,0,3,4,0,3,2,1,3,3,4,2, 0.0082737, 0.0055456, 0.0003450, 0.0186572, 0.00760928,buy
2022-05-07,1,1,3,1,1,1,0,3,3,0,2,2,1,2,3,2,2,-0.0029113, 0.0173500,-0.0001905, 0.0099667,-0.00818995,sell
2022-05-08,1,1,1,3,1,0,0,3,3,1,2,3,1,1,2,3,2,-0.0044367, 0.0159602, 0.0127939,-0.0069539, 0.01365742,buy
2022-05-09,1,2,0,2,4,1,0,2,3,1,3,2,1,1,3,4,2,-0.0098450, 0.0033346,-0.0076945, 0.0033378,-0.00513109,sell
2022-05-10,1,2,1,1,3,0,0,1,3,1,1,1,0,2,3,4,2,-0.0021641, 0.0057213, 0.0057441, 0.0020617, 0.00484767,buy
2022-05-11,1,1,2,1,2,3,0,1,2,1,1,2,3,2,4,1,1, 0.0000068, 0.0023504, 0.0029428, 0.0000706, 0.00149648,buy
2022-05-12,1,1,1,2,1,3,2,1,2,1,1,1,3,1,6,2,1, 0.0001721, 0.0055515, 0.0058486, 0.0064579, 0.00670797,buy
2022-05-13,1,2,1,1,3,1,2,1,3,1,1,2,3,1,6,2,1, 0.0098132, 0.0090306, 0.0098132, 0.0180250, 0.01764300,buy
2022-05-14,1,1,2,2,3,0,2,1,3,2,2,3,4,2,5,1,0,-0.0020152, 0.0090692, 0.0052647,-0.0019874, 0.00194522,buy
2022-05-15,1,2,3,3,1,1,2,1,3,2,2,3,4,1,5,2,2, 0.0434084, 0.0431452, 0.0472356, 0.0434084, 0.03150913,buy
2022-05-16,1,0,5,1,0,0,2,1,4,2,2,2,3,3,3,1,2, 0.0088000, 0.0088000, 0.0088000, 0.0105381, 0.00435744,buy
2022-05-17,1,3,3,0,1,0,2,2,5,3,2,3,4,4,3,2,2, 0.0009942, 0.0022623, 0.0026123, 0.0011732, 0.00274853,buy
2022-05-18,1,1,3,1,0,0,3,2,6,4,3,2,3,4,4,2,3, 0.0026085, 0.0023427, 0.0001555, 0.0110090,-0.00518951,sell
2022-05-19,1,1,3,0,0,0,3,2,6,2,2,1,3,3,4,2,3, 0.0279713, 0.0250825, 0.0052285, 0.0245855, 0.03592838,buy
2022-05-20,3,1,2,0,0,0,3,3,8,2,4,2,5,4,3,2,2,-0.0144137,-0.0003656,-0.0345252,-0.0050965,-0.04370314,sell
2022-05-21,3,1,2,0,0,0,2,4,7,2,4,3,3,3,4,3,1, 0.0130705, 0.0172463, 0.0101725, 0.0013909, 0.00607610,buy
2022-05-22,3,0,2,0,0,0,6,2,7,1,5,3,3,4,4,1,1,-0.0042169,-0.0049268,-0.0032106,-0.0158439,-0.01687517,sell
2022-05-23,2,0,2,0,0,0,3,3,7,2,4,2,2,5,3,2,1,-0.0215979,-0.0140029,-0.0108162,-0.0373202,-0.03421962,sell
2022-05-24,5,0,2,0,0,0,4,2,9,2,4,3,4,5,3,3,2,-0.0167564,-0.0099489,-0.0134374,-0.0131223,-0.01356758,sell
2022-05-25,4,1,1,0,0,0,4,3,8,2,4,4,3,4,4,3,1,-0.0213670,-0.0091000,-0.0148131,-0.0142417,-0.01751638,sell
2022-05-26,2,1,1,0,0,0,5,2,7,3,2,3,3,4,5,2,2, 0.0148651, 0.0156056, 0.0045547, 0.0098656, 0.01113717,buy
2022-05-27,2,2,1,0,0,0,7,2,6,3,4,3,4,5,4,1,2, 0.0017118, 0.0017032, 0.0002180, 0.0052866,-0.00179349,sell
2022-05-28,2,2,1,0,0,0,3,4,3,3,4,2,2,4,3,2,1, 0.0044057, 0.0049829,-0.0024228,-0.0054153, 0.00107023,buy
2022-05-29,1,1,2,0,0,0,4,3,4,3,4,3,2,3,3,1,2, 0.0367540, 0.0108553, 0.0372914, 0.0364313, 0.03404387,buy
2022-05-30,1,2,2,2,0,0,4,2,3,2,3,2,1,5,3,2,2, 0.0109600, 0.0046208, 0.0106382, 0.0101579, 0.01061378,buy
2022-05-31,1,1,2,2,1,0,3,2,1,3,2,1,2,5,3,2,1,-0.0055399,-0.0045625,-0.0052035,-0.0056703,-0.00156636,sell
2022-06-01,1,2,2,2,1,0,2,2,2,4,3,2,3,3,4,2,1, 0.0050498,-0.0020290,-0.0045709,-0.0044590,-0.00222947,sell
2022-06-02,1,4,2,2,0,0,2,2,3,2,3,3,4,2,4,1,1, 0.0124753, 0.0060076, 0.0013174, 0.0120915, 0.01050590,buy
2022-06-03,1,3,3,1,1,1,3,3,1,1,4,3,3,4,3,1,0,-0.0032957, 0.0087069, 0.0154349,-0.0072709,-0.00442699,sell
2022-06-04,1,1,3,2,0,1,3,3,1,3,3,3,3,4,2,2,1,-0.0287272,-0.0303916,-0.0407627,-0.0303916,-0.01416419,sell
2022-06-05,1,3,1,3,2,1,2,3,1,2,2,3,3,4,3,3,1,-0.0089080,-0.0090476, 0.0072286,-0.0123973,-0.01309946,sell
2022-06-06,1,3,2,2,4,1,2,3,1,1,2,4,3,4,3,2,2, 0.0050845, 0.0182114, 0.0070899, 0.0075049, 0.01683801,buy
2022-06-07,2,1,3,2,1,1,2,3,1,1,1,3,3,4,2,3,1,-0.0089005,-0.0091053,-0.0148438,-0.0173862,-0.01255797,sell
2022-06-08,1,1,2,3,1,2,2,3,1,1,1,2,3,4,3,3,1,-0.0138043,-0.0272892,-0.0018759,-0.0138285,-0.01380431,sell
2022-06-09,1,2,1,2,2,2,2,3,1,1,1,3,2,3,3,4,1,-0.0053952,-0.0084604,-0.0068516,-0.0078838,-0.00259143,sell
2022-06-10,1,2,2,0,4,0,2,2,1,2,1,2,2,4,3,3,1,-0.0085163, 0.0014870, 0.0015044, 0.0042775,-0.00646167,sell
2022-06-11,1,1,2,1,2,2,3,3,1,3,2,3,3,2,4,4,1, 0.0081779, 0.0092469, 0.0106589, 0.0092469, 0.00323979,buy
2022-06-12,1,0,3,2,1,2,2,3,2,3,2,4,3,2,4,3,1, 0.0136657, 0.0113920, 0.0138503, 0.0124680, 0.01309813,buy
2022-06-13,1,1,4,1,2,0,1,4,1,2,2,3,2,3,3,3,1, 0.0615854, 0.0579102, 0.0631344, 0.0660062, 0.04033296,buy
2022-06-14,1,3,3,1,2,0,2,3,1,3,2,3,3,3,3,4,1, 0.0039545,-0.0145217,-0.0085350,-0.0081237,-0.00369227,sell
2022-06-15,1,1,3,2,1,0,2,3,2,4,3,3,2,3,3,4,1,-0.0091727,-0.0216941,-0.0212427,-0.0368613,-0.02578004,sell
2022-06-16,2,1,4,0,1,0,2,2,3,3,2,2,3,3,3,4,1,-0.0218225,-0.0267757,-0.0324124,-0.0267757, 0.00123799,sell
2022-06-17,1,2,3,0,1,0,1,3,4,3,3,2,3,4,2,3,1,-0.0071714, 0.0122410,-0.0199781,-0.0204708,-0.00038008,sell
2022-06-18,1,1,2,0,1,0,3,4,3,4,3,3,3,3,4,2,1, 0.0041657, 0.0151051, 0.0077958,-0.0001867, 0.00739818,buy
2022-06-19,0,1,2,0,1,0,3,5,3,2,3,2,2,4,3,3,0, 0.0193762, 0.0169821, 0.0150287,-0.0051879, 0.01567356,buy
2022-06-20,1,1,2,0,1,0,3,3,5,2,1,2,3,4,4,3,1, 0.0305485, 0.0367052,-0.0176556, 0.0306066, 0.02197755,buy
2022-06-21,2,1,2,0,1,0,2,5,4,2,2,1,3,3,5,3,2,-0.0133693,-0.0131857,-0.0278346,-0.0075253,-0.01356337,sell
2022-06-22,2,1,1,1,1,0,3,4,4,2,2,2,2,4,5,3,1,-0.0255958,-0.0175619,-0.0184044,-0.0268403,-0.01192265,sell
2022-06-23,1,1,1,1,1,0,5,2,3,3,3,2,2,4,4,2,1, 0.0553936, 0.0159526, 0.0542513, 0.0513175, 0.04299364,buy
2022-06-24,1,2,1,1,0,0,2,2,1,1,2,0,2,3,2,2,0, 0.0254675,-0.0004096, 0.0214974, 0.0228979, 0.02314028,buy
2022-06-25,2,0,2,1,0,0,3,2,3,3,3,1,2,4,2,3,1, 0.0048119, 0.0037107, 0.0007564, 0.0021782, 0.00193882,buy
2022-06-26,1,3,1,2,0,0,2,2,3,2,3,1,2,4,3,2,1,-0.0152566,-0.0152566,-0.0110552,-0.0091148,-0.01131772,sell
2022-06-27,0,2,1,3,0,0,3,3,3,3,2,3,3,3,4,3,0, 0.0028525, 0.0081188,-0.0037962,-0.0167896, 0.00442566,sell
2022-06-28,0,3,1,1,1,0,3,3,3,4,3,2,4,2,4,3,1, 0.0016159,-0.0096518,-0.0022439,-0.0016052,-0.01058520,sell
2022-06-29,0,4,1,2,0,0,3,2,3,3,4,1,3,1,5,3,1,-0.0190876,-0.0166299,-0.0180318,-0.0169813,-0.01786644,sell
2022-06-30,0,3,2,2,1,1,2,2,3,4,3,2,4,3,5,2,1, 0.0059765,-0.0098536, 0.0049982, 0.0027125,-0.00863090,sell
2022-07-01,0,3,3,3,0,1,1,1,4,4,3,4,5,3,4,0,1, 0.0020784, 0.0182269, 0.0152325, 0.0162401, 0.01767757,buy
2022-07-02,0,3,2,4,2,1,1,1,4,4,4,3,5,3,5,1,1,-0.0056348,-0.0157068, 0.0117630,-0.0029170,-0.01556015,sell
2022-07-03,0,2,2,3,4,1,1,1,2,3,3,3,4,4,4,1,0,-0.0197342,-0.0331592,-0.0345737,-0.0352618,-0.03194023,sell
2022-07-04,0,1,2,4,2,0,2,2,1,4,2,3,3,4,2,3,1, 0.0088773,-0.0204479,-0.0045742, 0.0050783, 0.00203294,buy
2022-07-05,0,1,3,4,3,1,1,2,1,3,0,4,2,4,3,4,2,-0.0030790,-0.0040751,-0.0108421, 0.0042968,-0.00166649,sell
2022-07-06,0,2,2,3,2,1,1,2,2,2,2,3,0,5,1,4,2,-0.0203103,-0.0172224,-0.0101789,-0.0136182,-0.01437759,sell
2022-07-07,0,2,2,1,2,0,1,2,2,3,1,2,2,3,2,4,1,-0.0043985, 0.0023270, 0.0019043, 0.0085419, 0.00173576,buy
2022-07-08,0,2,1,3,2,1,1,2,2,3,2,3,3,2,3,3,1,-0.0144039,-0.0123219,-0.0111035,-0.0104457,-0.00738423,sell
2022-07-09,0,3,2,3,2,1,1,1,2,3,4,1,3,2,4,3,1,-0.0226697,-0.0226697,-0.0191411,-0.0212298,-0.02266968,sell
2022-07-10,0,3,3,2,1,0,1,2,2,3,4,2,4,2,3,2,0, 0.0196444, 0.0198662, 0.0224836, 0.0381222, 0.02248359,buy
2022-07-11,0,4,2,2,1,1,3,2,2,3,5,2,4,2,3,3,1,-0.0070353,-0.0061910,-0.0070353,-0.0068236,-0.00609950,sell
2022-07-12,0,2,3,1,2,1,2,2,3,3,4,2,3,2,4,3,1, 0.0345397, 0.0401617, 0.0340394, 0.0336755, 0.04200065,buy
2022-07-13,1,3,4,0,3,0,2,2,3,2,4,3,3,2,4,3,1,-0.0001242,-0.0047124,-0.0073275, 0.0011825,-0.00623926,sell
2022-07-14,1,5,2,1,4,1,2,2,4,2,4,2,5,4,4,3,2,-0.0078768,-0.0069559, 0.0003889, 0.0018421, 0.00016551,sell
2022-07-15,1,3,4,1,3,1,3,3,2,3,5,1,6,4,4,2,2, 0.0147554, 0.0100915,-0.0107577, 0.0083796, 0.01584407,buy
2022-07-16,1,3,4,0,3,2,4,3,1,1,5,1,5,6,4,0,1, 0.0034339, 0.0128025, 0.0144654, 0.0138554, 0.01457076,buy
2022-07-17,1,4,3,0,3,2,4,4,2,1,4,2,5,5,4,2,2, 0.0299296, 0.0330770, 0.0201756, 0.0353458, 0.05242673,buy
2022-07-18,2,2,2,0,3,2,4,5,1,2,3,2,5,5,4,2,2,-0.0048989,-0.0051525,-0.0055194, 0.0132177,-0.00714843,sell
2022-07-19,1,1,2,0,2,2,4,4,0,0,2,1,3,4,2,3,1, 0.0072028, 0.0072028,-0.0048383, 0.0017884, 0.00720282,buy
2022-07-20,0,1,1,0,1,2,4,2,2,1,1,0,3,4,2,2,2,-0.0098936, 0.0094531, 0.0087398, 0.0103339, 0.00858381,buy
2022-07-21,2,3,2,1,0,1,3,3,1,1,4,1,4,3,1,2,2,-0.0028130,-0.0002027, 0.0001138,-0.0090671, 0.00302518,sell
2022-07-22,2,2,3,2,0,1,2,4,1,2,4,1,5,3,2,2,2, 0.0044594, 0.0027822, 0.0066958, 0.0051001, 0.00172820,buy
2022-07-23,0,3,3,3,0,1,4,3,2,3,5,2,5,4,3,1,2, 0.0204956, 0.0288134, 0.0002144, 0.0184972, 0.02047920,buy
2022-07-24,0,3,2,3,0,1,4,2,1,3,3,2,4,3,3,2,2, 0.0029853, 0.0027679, 0.0059378, 0.0029853, 0.00298526,buy
2022-07-25,1,2,2,2,1,1,2,3,0,3,2,2,4,3,2,3,1,-0.0047758,-0.0046847, 0.0008248,-0.0033922,-0.00477582,sell
2022-07-26,2,3,2,3,0,0,1,3,1,4,4,3,4,1,2,3,2,-0.0298818,-0.0095762,-0.0237053,-0.0089907,-0.00204520,sell
2022-07-27,2,2,2,1,1,1,0,0,3,3,3,3,2,1,2,3,1, 0.0288717, 0.0219427, 0.0217213, 0.0249752, 0.03216852,buy
2022-07-28,1,1,3,2,1,2,0,0,1,3,3,2,3,1,3,2,0,-0.0469082,-0.0582541,-0.0523342,-0.0563116,-0.06591527,sell
2022-07-29,1,0,2,4,0,2,1,0,1,5,5,3,2,0,2,3,1,-0.0074245,-0.0024099,-0.0024099,-0.0054369,-0.00170927,sell
2022-07-30,1,2,1,3,3,2,0,1,2,4,3,4,3,1,2,5,1,-0.0347293,-0.0344113,-0.0482113,-0.0309170,-0.03662324,sell
2022-07-31,1,2,3,3,3,1,0,1,3,2,3,3,2,2,2,5,2, 0.0017598,-0.0020110,-0.0016562, 0.0007481, 0.00245548,sell
2022-08-01,1,1,4,3,3,2,0,0,3,1,3,2,3,3,3,3,1,-0.0271104,-0.0176007,-0.0270234,-0.0198060,-0.03221768,sell
2022-08-02,1,3,2,5,3,3,0,0,2,1,4,2,3,3,4,4,0,-0.0086028,-0.0080848,-0.0052158,-0.0052158,-0.00237699,sell
2022-08-03,1,4,3,2,6,1,0,1,2,3,4,3,4,3,4,4,1, 0.0057563,-0.0001111, 0.0041725,-0.0001111, 0.00944707,buy
2022-08-04,1,5,3,2,5,0,0,1,2,3,4,3,4,2,4,3,2,-0.0199010,-0.0189506,-0.0126942,-0.0177805,-0.01563939,sell
2022-08-05,1,5,3,3,2,3,0,1,3,2,5,3,4,1,4,4,2,-0.0007036, 0.0131416, 0.0087905, 0.0210705, 0.01349388,buy
2022-08-06,1,3,5,2,1,3,0,1,3,3,5,3,4,2,3,4,1,-0.0053573, 0.0029995,-0.0024136, 0.0062209, 0.00430556,buy
2022-08-07,1,4,3,1,3,1,0,2,2,2,4,2,3,3,2,4,1, 0.0040504,-0.0060408, 0.0002138,-0.0050185, 0.00053429,sell
2022-08-08,1,3,2,1,5,1,1,2,3,3,4,3,3,3,3,4,2,-0.0404486,-0.0456281,-0.0405200,-0.0438154,-0.03389459,sell
2022-08-09,1,1,3,3,1,2,0,3,2,3,3,3,2,3,3,4,1,-0.0022037, 0.0076574, 0.0004486, 0.0058468, 0.00757305,buy
2022-08-10,2,2,4,1,1,3,1,2,2,2,2,2,3,4,3,4,2,-0.0044028,-0.0037690, 0.0040075, 0.0036730, 0.00120030,buy
2022-08-11,1,3,2,1,1,3,0,3,2,3,3,2,3,3,3,3,2,-0.0211261,-0.0270363,-0.0054625,-0.0074044,-0.02112614,sell
2022-08-12,1,0,1,2,2,2,2,3,1,4,4,1,2,4,3,2,2,-0.0052729,-0.0101638, 0.0143758, 0.0010285,-0.00775792,sell
2022-08-13,0,0,2,3,2,2,1,3,2,2,3,0,2,4,2,3,3, 0.0134793, 0.0123966,-0.0085524, 0.0029430, 0.01883923,buy
2022-08-14,1,0,4,3,1,1,1,3,4,3,3,2,3,3,3,4,3, 0.0033995,-0.0082434,-0.0086095,-0.0088035,-0.00007628,sell
2022-08-15,1,0,4,1,3,1,1,5,1,3,4,2,2,2,4,4,2, 0.0100585, 0.0123666, 0.0142608, 0.0080407, 0.01210048,buy
2022-08-16,0,1,3,2,3,1,3,2,2,3,2,3,4,3,3,3,2, 0.0065137, 0.0042033, 0.0063879, 0.0199801, 0.00631806,buy
2022-08-17,0,1,3,2,3,2,3,2,1,3,3,2,6,4,2,1,2,-0.0278595,-0.0298663,-0.0245655, 0.0038423,-0.02683950,sell
2022-08-18,1,1,5,2,3,2,1,3,2,3,4,1,6,5,3,2,2, 0.0052817, 0.0079837,-0.0004831, 0.0070465, 0.00179533,buy
2022-08-19,2,1,5,2,3,2,0,2,2,2,4,2,4,4,4,2,1, 0.0115906, 0.0135964, 0.0159554, 0.0097214, 0.01159057,buy
2022-08-20,0,1,5,2,3,1,1,1,2,1,2,1,3,4,3,2,2,-0.0053210,-0.0025065,-0.0031851,-0.0065402,-0.00846292,sell
2022-08-21,0,2,4,1,4,1,2,2,0,2,1,2,4,4,3,2,2,-0.0148996, 0.0016207,-0.0128760, 0.0016341,-0.00890634,sell
2022-08-22,0,3,4,2,2,1,2,3,0,2,2,3,3,4,2,2,3,-0.0023898, 0.0085385, 0.0047107,-0.0002236,-0.00081392,buy
2022-08-23,0,4,4,0,2,2,1,2,1,3,2,3,3,4,2,3,2, 0.0140153, 0.0151256, 0.0237639, 0.0151256, 0.01695078,buy
2022-08-24,0,3,4,0,1,3,0,1,1,2,2,3,2,2,3,2,1, 0.0131593, 0.0021360, 0.0009680, 0.0029104, 0.00918216,buy
2022-08-25,1,2,3,1,0,3,0,1,1,3,1,3,2,1,3,3,2,-0.0166179,-0.0268365,-0.0029271,-0.0301757,-0.02077763,sell
2022-08-26,1,3,2,3,3,2,0,1,1,4,4,3,1,2,3,5,2,-0.0166681,-0.0200531,-0.0118291,-0.0155920,-0.01957413,sell
2022-08-27,0,3,2,3,3,1,0,1,1,3,4,3,0,3,2,4,1,-0.0267976,-0.0267976,-0.0276615,-0.0209386,-0.02625643,sell
2022-08-28,0,3,3,4,3,3,1,1,1,2,4,3,2,2,4,4,2,-0.0008608,-0.0013312,-0.0013312, 0.0001415,-0.00133116,sell
2022-08-29,0,2,3,5,3,4,1,2,1,2,5,3,2,1,5,4,3, 0.0102030, 0.0102030, 0.0102030, 0.0102030, 0.01020301,buy
2022-08-30,0,2,3,7,4,3,0,2,2,2,5,4,1,3,5,4,3,-0.0075298, 0.0020966, 0.0060646,-0.0025856, 0.00209661,sell
2022-08-31,0,1,2,5,7,2,0,0,2,3,5,4,2,3,4,3,1, 0.0089820, 0.0089820, 0.0117827, 0.0089820, 0.01101336,buy
2022-09-01,0,2,1,5,5,3,0,0,1,2,5,3,2,2,5,2,0, 0.0095031, 0.0019749, 0.0031446, 0.0081905, 0.00012907,buy
2022-09-02,0,1,2,5,3,2,0,0,2,3,4,2,2,4,3,2,1,-0.0332348,-0.0409758,-0.0307710,-0.0295904,-0.05455386,sell
2022-09-03,0,3,2,4,3,2,0,1,1,2,4,3,2,4,1,2,2, 0.0210570, 0.0108099, 0.0089702, 0.0210436, 0.02947493,buy
2022-09-04,0,4,2,4,2,1,1,1,2,2,3,2,2,5,2,3,2,-0.0184000,-0.0102064,-0.0206813,-0.0166779,-0.01380405,sell
2022-09-05,0,1,2,6,2,1,1,1,1,3,3,3,1,4,2,3,2, 0.0058647,-0.0011868,-0.0102046,-0.0015553, 0.00981407,buy
2022-09-06,1,1,3,5,1,1,1,0,2,1,2,4,1,3,2,3,1, 0.0213242, 0.0219436,-0.0026333, 0.0218756, 0.02538523,buy
2022-09-07,1,2,3,4,2,1,0,1,3,1,4,4,2,3,1,3,1, 0.0349331, 0.0225121,-0.0007292, 0.0209407, 0.02450300,buy
2022-09-08,1,2,3,2,2,1,2,2,0,1,3,3,2,2,3,3,0, 0.0040489, 0.0100835, 0.0213374, 0.0060419, 0.01446728,buy
2022-09-09,0,2,2,2,2,2,4,1,0,1,3,3,1,3,2,2,2,-0.0070609,-0.0080104,-0.0003170,-0.0070556,-0.00608502,sell
2022-09-10,1,0,2,2,2,1,2,1,2,2,2,3,1,3,3,2,1, 0.0023718, 0.0092528, 0.0075562,-0.0014262, 0.00621124,buy
2022-09-11,2,0,2,3,3,2,1,2,2,1,3,3,2,3,3,2,2, 0.0142009, 0.0139272,-0.0049539,-0.0020053, 0.01384661,buy
2022-09-12,1,0,2,4,3,2,3,0,2,2,3,3,2,3,3,2,3, 0.0344703, 0.0146358,-0.0126765,-0.0110485, 0.01075335,buy
2022-09-13,0,1,3,4,1,2,3,2,1,2,2,3,3,4,3,1,3, 0.0039046,-0.0026456, 0.0000633,-0.0001582, 0.00000086,buy
2022-09-14,1,1,4,4,1,2,3,2,0,2,3,3,2,4,3,3,2, 0.0043249, 0.0082458,-0.0003329, 0.0028110, 0.01323411,buy
2022-09-15,1,3,3,4,1,2,0,1,2,2,3,2,2,4,4,3,1,-0.0515523,-0.0550202,-0.0537314,-0.0533938,-0.05528278,sell
2022-09-16,1,3,3,5,1,2,0,0,1,2,2,3,1,4,3,3,2,-0.0264580,-0.0185611,-0.0185037,-0.0267405,-0.01461677,sell
2022-09-17,1,1,4,5,2,2,2,0,0,3,1,3,2,5,4,4,1,-0.0096817,-0.0288601,-0.0175769,-0.0257663,-0.03340562,sell
2022-09-18,0,2,3,4,2,2,1,1,0,3,2,2,3,3,4,4,0,-0.0009376,-0.0009376, 0.0026442, 0.0002862, 0.00621943,buy
2022-09-19,0,3,4,3,2,2,2,0,2,2,3,3,3,1,5,4,1, 0.0020455, 0.0020455,-0.0035641, 0.0079980, 0.00466311,buy
2022-09-20,0,3,5,2,2,4,2,2,2,1,3,5,3,2,4,4,2, 0.0177603, 0.0136647, 0.0157282, 0.0151682, 0.01516816,buy
2022-09-21,0,2,4,3,1,3,1,2,1,1,2,5,3,1,3,3,1, 0.0082943,-0.0193662,-0.0157521,-0.0188199,-0.01541119,sell
2022-09-22,0,2,5,4,3,4,2,0,1,2,3,4,2,4,4,5,1,-0.0246656,-0.0188466,-0.0033861,-0.0188235,-0.02155725,sell
2022-09-23,0,3,5,5,4,3,2,0,0,0,3,2,2,5,4,5,1, 0.0127034,-0.0052110, 0.0153225, 0.0153225,-0.02162313,buy
2022-09-24,2,2,6,3,1,5,1,0,0,1,2,3,3,4,3,4,2,-0.0211962,-0.0114844,-0.0279726,-0.0240195,-0.02084664,sell
2022-09-25,2,3,5,4,1,5,1,0,0,1,2,4,3,3,4,4,2,-0.0023319,-0.0113695,-0.0115687,-0.0124409,-0.00791084,sell
2022-09-26,1,4,5,4,1,4,1,0,0,0,2,4,2,3,4,4,1,-0.0253512,-0.0300346,-0.0500271,-0.0420158,-0.04210004,sell
2022-09-27,1,3,5,2,3,3,2,0,0,2,2,3,4,4,3,3,2,-0.0001458, 0.0026071,-0.0061883,-0.0083538,-0.00709980,sell
2022-09-28,1,3,3,5,1,4,2,1,0,2,3,3,4,3,3,3,3,-0.0221128,-0.0120105,-0.0170399,-0.0043187,-0.02281751,sell
2022-09-29,1,2,4,5,1,4,1,1,2,3,3,4,3,3,4,4,3,-0.0358352,-0.0376200,-0.0017735,-0.0376200,-0.03678983,sell
2022-09-30,0,2,5,4,0,3,1,1,2,2,3,2,4,4,3,3,1, 0.0061670, 0.0130218, 0.0028607, 0.0075260, 0.00732939,buy
2022-10-01,0,3,2,3,1,4,2,1,1,3,3,3,4,3,4,3,0,-0.0223463,-0.0321858,-0.0226882,-0.0269544,-0.03294901,sell
2022-10-02,0,2,2,3,0,2,2,1,0,5,2,2,3,3,3,3,1,-0.0083138,-0.0134420,-0.0091698,-0.0034897,-0.00348967,sell
2022-10-03,1,3,3,2,1,2,2,0,1,2,1,3,3,3,3,3,1,-0.0009738,-0.0017900,-0.0050905,-0.0104024,-0.01040242,sell
2022-10-04,1,3,3,3,1,2,1,1,2,2,2,4,4,3,2,3,1,-0.0127294,-0.0100229,-0.0128405,-0.0143647,-0.01075059,sell
2022-10-05,1,3,4,4,0,2,2,2,0,3,2,4,4,2,3,4,2,-0.0014421,-0.0101527,-0.0010133, 0.0003961, 0.01079074,buy
2022-10-06,1,4,3,1,1,1,4,0,0,3,1,4,3,4,2,2,2, 0.0347518, 0.0267948, 0.0288546, 0.0328424, 0.02841752,buy
2022-10-07,1,3,3,0,3,1,2,1,1,3,0,3,3,5,3,3,1, 0.0062232, 0.0021419, 0.0125717, 0.0075159,-0.00400543,buy
2022-10-08,2,2,3,0,2,2,1,2,2,3,2,2,3,5,4,3,0,-0.0061693, 0.0007772,-0.0004013,-0.0004013,-0.00164308,sell
2022-10-09,1,2,3,0,2,3,1,2,1,1,2,0,2,4,4,3,1,-0.0220929,-0.0155523,-0.0126552,-0.0079028,-0.02209287,sell
2022-10-10,0,2,4,2,3,2,3,0,2,2,2,1,2,5,5,4,1,-0.0122672,-0.0223599,-0.0057199, 0.0049753,-0.01248844,sell
2022-10-11,1,2,5,2,4,1,1,3,0,2,3,2,2,4,5,4,1, 0.0102636,-0.0075407, 0.0008564, 0.0066515, 0.00665153,buy
2022-10-12,1,2,5,2,5,1,1,1,1,2,2,3,3,3,5,4,1, 0.0157414, 0.0157414, 0.0159764, 0.0159344, 0.01593444,buy
2022-10-13,0,3,5,4,4,1,1,0,2,1,2,3,3,4,5,3,1, 0.0029365,-0.0349689,-0.0043196,-0.0096146,-0.03805604,sell
2022-10-14,1,1,6,3,5,1,1,0,0,3,1,4,4,3,4,4,1, 0.0066636, 0.0120035, 0.0036112, 0.0061986, 0.00666365,buy
2022-10-15,1,2,6,3,6,1,1,1,0,4,2,4,5,3,5,5,1, 0.0138492, 0.0097004, 0.0078161, 0.0097004, 0.00852558,buy
2022-10-16,0,4,4,2,5,0,0,1,1,4,2,3,4,3,5,3,1,-0.0075065, 0.0055850, 0.0055604, 0.0010416, 0.00083435,sell
2022-10-17,0,3,6,0,4,1,1,0,1,4,2,4,4,5,3,1,1,-0.0195287,-0.0182904,-0.0199375,-0.0157040,-0.01350071,sell
2022-10-18,0,2,5,1,3,1,1,1,0,4,1,5,5,5,1,0,1,-0.0109404,-0.0110557,-0.0109152,-0.0111199, 0.00344417,sell
2022-10-19,0,1,2,2,4,1,0,1,1,4,1,4,5,4,1,1,0,-0.0001758, 0.0023914,-0.0004622, 0.0001919, 0.00410279,buy
2022-10-20,0,2,3,0,9,1,0,0,2,4,3,3,4,5,2,3,1, 0.0134381, 0.0143254, 0.0077071,-0.0045139, 0.01398070,buy
2022-10-21,0,2,4,1,7,0,0,1,0,3,3,2,2,5,2,3,1, 0.0135318, 0.0003591, 0.0072510,-0.0055421, 0.00574437,buy
2022-10-22,0,1,5,1,5,2,1,1,0,4,3,3,2,5,2,3,2, 0.0284287,-0.0258184, 0.0309637, 0.0237283,-0.01841898,buy
2022-10-23,0,2,4,2,5,1,1,0,0,4,3,4,2,5,2,2,1, 0.0097276,-0.0066848, 0.0078459, 0.0083005,-0.00322002,buy
2022-10-24,0,2,4,0,7,0,0,0,0,6,3,2,3,6,3,2,0, 0.0028463, 0.0013109,-0.0004265,-0.0012133, 0.00285535,sell
2022-10-25,1,3,3,2,6,0,0,0,0,4,4,3,4,3,4,0,1,-0.0181371,-0.0231682,-0.0170025,-0.0221069,-0.02014217,sell
2022-10-26,0,3,3,4,5,1,0,0,1,4,4,3,5,3,5,1,0,-0.0054237,-0.0058812,-0.0057174,-0.0061231,-0.00622551,sell
2022-10-27,0,3,3,2,5,0,1,0,1,4,4,2,6,3,3,0,1,-0.0282003,-0.0282003,-0.0287685,-0.0160616,-0.02664573,sell
2022-10-28,0,4,1,3,4,1,1,2,1,4,3,3,6,3,3,1,2,-0.0126861,-0.0125249,-0.0122949,-0.0155352,-0.01263301,sell
2022-10-29,0,2,1,4,2,1,1,2,2,5,3,3,4,3,4,1,2, 0.0101723, 0.0140843, 0.0117562,-0.0048503, 0.01388129,buy
2022-10-30,0,3,2,4,2,0,1,1,2,3,2,3,4,2,5,1,1,-0.0129320,-0.0091580,-0.0038830,-0.0131834,-0.00286258,sell
2022-10-31,1,4,1,5,3,0,1,1,2,2,4,3,5,2,4,2,0,-0.0055004,-0.0033797, 0.0011939,-0.0045296,-0.00611203,sell
2022-11-01,1,3,0,7,2,0,0,2,0,4,4,3,5,1,3,2,1,-0.0230778,-0.0230778,-0.0223301,-0.0229406,-0.02235404,sell
2022-11-02,1,3,1,6,1,1,3,0,0,3,3,4,4,2,3,2,1,-0.0203563,-0.0208868,-0.0139549,-0.0192413,-0.01944800,sell
2022-11-03,0,2,1,7,1,1,2,1,1,3,4,4,3,2,3,2,1,-0.0163853,-0.0102194, 0.0024020,-0.0104548,-0.00843747,sell
2022-11-04,2,1,1,7,1,2,1,2,2,4,4,3,4,2,4,4,2, 0.0155361, 0.0180241, 0.0228657, 0.0145424, 0.02352432,buy
2022-11-05,1,0,0,7,2,2,1,2,0,3,5,2,2,1,2,4,2,-0.0012804, 0.0013210, 0.0009405,-0.0016411, 0.00473962,buy
2022-11-06,1,0,1,5,2,3,3,0,2,5,5,3,3,2,3,4,2,-0.0240422,-0.0013938,-0.0108054, 0.0063900,-0.00890074,sell
2022-11-07,1,1,1,3,1,3,1,2,1,6,4,3,3,3,3,3,1,-0.0117040,-0.0208385,-0.0211121,-0.0148254,-0.01579332,sell
2022-11-08,2,1,2,2,1,4,1,3,1,6,4,2,4,3,4,4,2,-0.0135393,-0.0169088,-0.0026990,-0.0003841,-0.01564784,sell
2022-11-09,1,1,3,2,2,4,1,0,2,6,4,2,4,2,5,3,2,-0.0052904,-0.0053106,-0.0210128, 0.0048313,-0.00529041,sell
2022-11-10,1,1,4,2,2,2,1,0,1,5,2,1,4,3,5,3,1, 0.0000164, 0.0159614, 0.0086920, 0.0163649, 0.01316892,buy
2022-11-11,2,0,5,0,5,2,1,1,1,7,3,3,5,3,4,4,2, 0.0104268, 0.0329905, 0.0299371, 0.0071670, 0.03233893,buy
2022-11-12,1,2,4,2,5,2,0,1,2,5,4,3,5,4,3,3,2, 0.0308191, 0.0052708, 0.0017077, 0.0052708, 0.00644121,buy
2022-11-13,1,1,7,1,5,2,1,0,3,4,4,4,5,4,3,2,3, 0.0022154, 0.0043067, 0.0046585, 0.0042562, 0.00487569,buy
2022-11-14,1,0,9,1,4,2,1,1,3,3,4,5,6,5,2,1,2,-0.0136139,-0.0101747, 0.0106509,-0.0122235,-0.01150755,sell
2022-11-15,1,1,5,2,3,1,0,1,3,3,3,3,4,4,3,1,2, 0.0055397, 0.0091003, 0.0166949, 0.0114229, 0.00791963,buy
2022-11-16,1,2,5,1,5,1,0,0,4,4,5,2,3,5,3,2,3, 0.0142516, 0.0084093, 0.0111956, 0.0137641, 0.00300896,buy
2022-11-17,1,1,5,1,4,0,0,0,2,2,4,1,2,5,1,1,2, 0.0202611, 0.0029030, 0.0287729, 0.0195098,-0.00434813,buy
2022-11-18,1,0,7,1,3,1,0,0,1,2,3,2,3,4,2,1,1,-0.0169853,-0.0158386, 0.0029940,-0.0158386,-0.01355929,sell
2022-11-19,1,1,6,2,2,2,0,0,2,2,4,3,3,3,2,1,2,-0.0140418,-0.0172172,-0.0035893,-0.0163061,-0.02038659,sell
2022-11-20,1,3,5,1,3,0,0,1,2,1,1,2,4,3,3,1,3, 0.0398454, 0.0497745, 0.0464858, 0.0478480,-0.01028247,buy
2022-11-21,1,3,4,1,3,0,1,1,1,2,2,2,4,2,3,1,3,-0.0003531, 0.0301619, 0.0097180, 0.0071762,-0.00953151,buy
2022-11-22,1,3,2,3,0,1,1,2,1,2,2,1,4,3,3,1,2,-0.0001563,-0.0024451, 0.0011263, 0.0009134, 0.00161379,buy
2022-11-23,1,2,4,0,1,1,0,2,1,2,2,1,4,3,2,1,1, 0.0076874, 0.0332849, 0.0403649, 0.0461553, 0.04036489,buy
2022-11-24,2,4,3,0,1,1,0,3,1,1,3,1,4,3,2,1,2,-0.0175855, 0.0046309, 0.0042871,-0.0114825,-0.00745342,sell
2022-11-25,1,5,2,1,2,1,1,3,1,3,5,1,4,3,3,3,1,-0.0046329,-0.0231669,-0.0201183,-0.0214259,-0.01793154,sell
2022-11-26,1,4,3,1,2,0,2,3,0,2,4,0,3,2,3,4,2,-0.0061001,-0.0002912,-0.0006199,-0.0028005, 0.00046864,sell
2022-11-27,2,5,2,0,3,1,3,3,3,1,3,2,4,3,3,5,3, 0.0037599,-0.0055465, 0.0133129, 0.0045840, 0.00263360,buy
2022-11-28,3,4,2,1,2,2,1,4,4,3,4,4,4,2,4,5,3, 0.0005652, 0.0018075,-0.0015190, 0.0044241, 0.00136883,buy
2022-11-29,2,3,2,0,2,2,4,1,3,3,4,3,4,1,4,4,2,-0.0002712,-0.0004738, 0.0040507, 0.0110256,-0.00047377,buy
2022-11-30,1,4,1,0,2,2,3,2,3,3,3,3,4,3,3,4,1,-0.0321163,-0.0321163,-0.0347160,-0.0289195,-0.03211627,sell
2022-12-01,3,2,1,0,1,2,2,2,4,5,2,3,5,3,4,3,2, 0.0193345, 0.0037899, 0.0192953, 0.0023122, 0.00889990,buy
2022-12-02,3,3,1,0,1,2,2,3,3,4,3,2,5,3,4,3,2, 0.0106640, 0.0041152, 0.0062028, 0.0166210, 0.00762088,buy
2022-12-03,1,1,2,0,0,1,4,1,3,5,1,2,5,3,3,2,2, 0.0168185, 0.0123376, 0.0146704, 0.0142875, 0.01097231,buy
2022-12-04,1,3,2,2,1,2,5,3,2,5,3,3,6,5,3,3,3,-0.0055313,-0.0055313,-0.0034727,-0.0055313,-0.01342967,sell
2022-12-05,2,3,1,2,1,1,4,3,2,5,4,2,5,4,3,4,2, 0.0094914, 0.0094914, 0.0096806, 0.0094914, 0.01079154,buy
2022-12-06,2,2,2,1,2,1,4,1,2,4,4,2,2,4,3,4,2,-0.0045303,-0.0072638,-0.0081928,-0.0029822,-0.00560387,sell
2022-12-07,2,2,2,3,1,1,4,2,1,3,4,2,1,5,3,5,1,-0.0056209,-0.0180761,-0.0185237,-0.0184681,-0.01883279,sell
2022-12-08,2,1,2,4,2,2,3,2,1,5,4,2,2,5,4,5,2,-0.0128787,-0.0131240,-0.0207681,-0.0119900,-0.00055935,sell
2022-12-09,1,2,1,4,2,2,2,2,1,5,4,1,3,3,4,5,2,-0.0068618,-0.0001530, 0.0106025, 0.0114552, 0.02430332,buy
2022-12-10,1,3,1,4,2,1,3,1,2,2,3,2,3,2,4,5,1,-0.0125264,-0.0223908,-0.0267459,-0.0223908,-0.02835449,sell
2022-12-11,1,1,2,2,3,2,1,3,1,2,3,2,2,2,4,3,2,-0.0207098,-0.0206383, 0.0067435,-0.0067958,-0.00710162,sell
2022-12-12,0,1,1,4,1,1,1,3,2,3,4,2,2,2,3,3,1,-0.0015080,-0.0012575,-0.0080363,-0.0019355,-0.00045724,sell
2022-12-13,0,1,0,4,3,1,1,2,2,3,2,2,2,2,4,4,1, 0.0028664, 0.0032642, 0.0032642, 0.0028664, 0.00069127,buy
2022-12-14,0,1,2,1,4,1,1,1,1,1,1,1,2,2,3,3,1,-0.0025165, 0.0136231, 0.0233740, 0.0155873,-0.00251648,buy
2022-12-15,0,0,3,2,2,1,2,1,1,2,0,2,2,3,3,3,1,-0.0244585, 0.0097315,-0.0098751, 0.0212361,-0.00987511,sell
2022-12-16,0,2,3,2,2,2,2,1,1,2,2,2,2,3,3,4,1,-0.0184287,-0.0226385,-0.0211729,-0.0277926,-0.02139573,sell
2022-12-17,0,1,3,3,3,1,2,1,1,3,2,3,1,4,3,4,1,-0.0257200,-0.0284875,-0.0350615,-0.0310138,-0.02576661,sell
2022-12-18,0,1,4,3,5,0,2,1,0,3,2,4,2,4,2,5,0,-0.0119786,-0.0133724,-0.0151540,-0.0133724,-0.01477523,sell
2022-12-19,0,1,2,5,3,1,3,0,1,3,3,3,2,3,2,5,1,-0.0145638,-0.0138678,-0.0242674,-0.0010562,-0.00568252,sell
2022-12-20,0,1,4,4,2,1,3,1,3,2,3,2,3,3,3,5,2,-0.0029540, 0.0340106,-0.0064743,-0.0064743, 0.03335247,buy
2022-12-21,0,1,4,2,1,1,3,2,2,2,2,2,3,4,2,4,1,-0.0301242,-0.0227943,-0.0308321,-0.0302457,-0.03193160,sell
2022-12-22,0,2,2,2,2,1,4,1,2,2,2,2,3,4,2,4,1, 0.0006013, 0.0082150, 0.0064147, 0.0073642, 0.00641467,buy
2022-12-23,1,0,1,4,1,0,3,1,2,3,2,2,2,3,3,3,1,-0.0042537,-0.0043158,-0.0150005, 0.0045173, 0.00040740,buy
2022-12-24,4,0,2,4,1,0,3,2,2,1,1,3,2,3,5,3,2, 0.0208594, 0.0128017, 0.0128017, 0.0247440, 0.03545879,buy
2022-12-25,3,1,2,4,0,0,3,2,4,1,2,3,4,3,4,3,1, 0.0025236,-0.0000408,-0.0045372, 0.0030591, 0.00295224,buy
2022-12-26,3,1,2,4,0,0,5,3,2,2,2,4,4,3,4,3,2, 0.0468906, 0.0397714, 0.0391654, 0.0424831, 0.04169477,buy
2022-12-27,3,1,0,3,1,0,5,3,2,2,2,5,3,4,4,0,2, 0.0395291, 0.0404561, 0.0399849, 0.0460886, 0.04961645,buy
2022-12-28,4,0,0,3,1,0,3,3,4,1,0,4,3,4,4,1,3, 0.0145026, 0.0149258, 0.0162993, 0.0145026, 0.01492576,buy
2022-12-29,5,0,0,3,1,0,3,3,5,0,1,4,3,4,5,1,2, 0.0187317, 0.0202532, 0.0217205, 0.0176264, 0.01762644,buy
2022-12-30,3,1,0,3,1,0,4,2,4,0,0,4,3,3,6,1,1, 0.0026017, 0.0059085, 0.0047291, 0.0009789, 0.00590852,buy
2022-12-31,3,1,1,3,1,0,4,2,4,2,2,4,3,4,5,1,2, 0.0285852, 0.0376550, 0.0483447, 0.0376468, 0.05656297,buy
