Date,a120,a180,a60,a90,DiffPred1,DiffPred2,DiffPred3,DiffPred4,DiffPred5,EffPred
2010-01-01,0.61,0,0,0, 0.007607730, 0.00156491, 0.0095059, 0.0006612, 0.0003039,buy
2010-01-03,0,0,0,0, 0.004312849,-0.00437179,-0.0009577, 0.0008188,-0.0031383,buy
2010-01-04,0,0,0,0, 0.004910260, 0.00035310, 0.0049103, 0.0003531, 0.0043846,buy
2010-01-05,0,0,0,0, 0.006162483,-0.00136410, 0.0040714, 0.0061625, 0.0061625,buy
2010-01-06,0,0,0,0,-0.012368402,-0.00491139,-0.0145483,-0.0115860,-0.0039409,sell
2010-01-07,0,0,0,0, 0.002227481, 0.01217663, 0.0107242, 0.0023073, 0.0023876,buy
2010-01-08,0,0,0,0, 0.001670898, 0.00900359, 0.0090036, 0.0074425, 0.0101137,buy
2010-01-09,0.44,0,0,0, 0.005152256, 0.00729123, 0.0171227, 0.0098544, 0.0094026,buy
2010-01-10,0.87,0,0,0, 0.005272269, 0.00722438, 0.0064055, 0.0010295, 0.0063026,buy
2010-01-11,1.51,0,0.82,0.07,-0.004540813,-0.00730283,-0.0041418,-0.0041418,-0.0026601,buy
2010-01-12,1.8,0,2.19,0.11, 0.005649947, 0.01239262, 0.0088127, 0.0085008, 0.0085008,buy
2010-01-13,1.44,0,3.94,0.15,-0.009373613,-0.00083399,-0.0029191, 0.0012846, 0.0005644,buy
2010-01-14,1.15,0,2.68,0.17, 0.009527473, 0.01989252, 0.0052474, 0.0111736, 0.0045252,buy
2010-01-15,1.11,0,1.04,0.18,-0.012287392,-0.01027933,-0.0079527,-0.0071784,-0.0097298,sell
2010-01-16,1.32,0,0,0.18, 0.002297956,-0.00387235, 0.0020784,-0.0024796, 0.0003341,buy
2010-01-17,1.78,0,0,0.16,-0.014241643,-0.01323993,-0.0045527,-0.0107198,-0.0106993,sell
2010-01-18,1.78,0,0,0.13,-0.007666901,-0.00730152,-0.0045808,-0.0056122,-0.0135731,sell
2010-01-19,1.17,0,0,0.09,-0.008486149, 0.00491946, 0.0053787, 0.0051767,-0.0001033,buy
2010-01-20,1.12,0,0,0,-0.002416881,-0.00490810,-0.0099648,-0.0039490,-0.0038652,sell
2010-01-21,1.66,0,0,0, 0.004112631, 0.00391364,-0.0027295,-0.0034868,-0.0058290,buy
2010-01-22,2.16,0,0,0, 0.008032082,-0.00230003,-0.0007459,-0.0017831, 0.0228496,buy
2010-01-23,1.72,0,0,0, 0.004264968,-0.00266926,-0.0006206,-0.0029495,-0.0021282,buy
2010-01-24,1.77,0,0,0,-0.004985567,-0.01057231,-0.0052604,-0.0029577,-0.0069708,sell
2010-01-25,1.31,0,0,0, 0.005778720, 0.00578095, 0.0051400, 0.0119378, 0.0008808,buy
2010-01-26,0.52,0.13,0,0, 0.013746110, 0.01612170, 0.0069577, 0.0069577, 0.0099117,buy
2010-01-27,0,0.19,0,0,-0.007975221, 0.00906079, 0.0028172, 0.0062337, 0.0083174,buy
2010-01-28,0,0.13,0,0,-0.003025076, 0.01261752,-0.0063748,-0.0030108,-0.0026523,buy
2010-01-29,0,0.2,0,0,-0.017756793,-0.00125373,-0.0170058,-0.0145575,-0.0068246,sell
2010-01-30,0,0.16,0,0, 0.000278517, 0.00279225,-0.0013266, 0.0063165,-0.0005536,buy
2010-01-31,0,0.05,0,0,-0.005645183,-0.00479772,-0.0074646,-0.0054583,-0.0049273,sell
2010-02-04,0,0,0.42,0,-0.008871540,-0.00887937,-0.0122166,-0.0048897,-0.0083363,sell
2010-02-05,0,0,1.3,0,-0.016777252,-0.01636340,-0.0114474,-0.0117377,-0.0133345,sell
2010-02-06,0,0,2,0, 0.008149743, 0.00203866, 0.0017062,-0.0035993, 0.0045622,buy
2010-02-07,0,0,0.93,0, 0.014588514, 0.01460845, 0.0149010, 0.0127588, 0.0130754,buy
2010-02-08,0,0,0.38,0,-0.012009475,-0.00987878,-0.0089814,-0.0058290,-0.0149481,sell
2010-02-09,0,0,0.51,0, 0.007417664, 0.00437429, 0.0013388, 0.0013388,-0.0001187,buy
2010-02-10,0,0,0.66,0,-0.011355337, 0.00400742,-0.0022456, 0.0032061, 0.0032061,buy
2010-02-11,0.41,0.13,0.85,0,-0.000430246,-0.00257311,-0.0046333,-0.0041896,-0.0025731,buy
2010-02-12,1.56,0.28,1.09,0, 0.005375448, 0.00477549,-0.0023037, 0.0045265, 0.0020217,buy
2010-02-13,1.75,0.27,1.84,0, 0.006661188, 0.00452627, 0.0028495, 0.0052821, 0.0076014,buy
2010-02-14,0.51,0.08,3.09,0,-0.004993986,-0.00124733, 0.0036358,-0.0004664, 0.0010110,buy
2010-02-15,0,0,3.96,0, 0.020507584, 0.00771724, 0.0143433, 0.0228936, 0.0237797,buy
2010-02-16,0,0.05,2.78,0, 0.011122191,-0.00132551, 0.0077271, 0.0135327, 0.0127986,buy
2010-02-17,0,0.15,1.52,0,-0.001701449,-0.00394339, 0.0068944,-0.0048567,-0.0027405,buy
2010-02-18,0,0.2,1.25,0, 0.004377360,-0.00185414, 0.0000930, 0.0043774, 0.0043774,buy
2010-02-19,0,0.08,1.04,0,-0.013105704,-0.00638643,-0.0056673,-0.0062146,-0.0056673,sell
2010-02-20,0,0,0.88,0, 0.002700843,-0.00475977,-0.0082303, 0.0013582, 0.0028634,buy
2010-02-21,0,0,1.2,0,-0.008664095,-0.00625313,-0.0016555,-0.0036128, 0.0000901,buy
2010-02-22,0,0,1.7,0,-0.007321448,-0.01203109,-0.0083059,-0.0078109,-0.0074435,sell
2010-02-23,0,0,2.53,0,-0.017598626,-0.00933021,-0.0135267,-0.0134194,-0.0135712,sell
2010-02-24,0,0,2.04,0, 0.003465118,-0.01443054,-0.0094498,-0.0008356,-0.0040411,sell
2010-02-25,0,0,1.09,0, 0.001029004, 0.00102900, 0.0010290,-0.0033677,-0.0023686,buy
2010-02-26,0,0.05,0.42,0, 0.004291783, 0.00188672, 0.0067503, 0.0069405, 0.0018890,buy
2010-02-27,0,0.2,0.39,0,-0.009999001,-0.01135788,-0.0083963,-0.0099990,-0.0083963,sell
2010-02-28,0,0.14,0.36,0,-0.008337221,-0.00381698,-0.0023420,-0.0083372,-0.0120643,sell
2010-03-01,0,0,0.34,0, 0.000599293,-0.00247052, 0.0021064, 0.0001697, 0.0019522,buy
2010-03-02,0,0,0,0,-0.012368402,-0.00491139,-0.0145483,-0.0115860,-0.0039409,sell
2010-03-03,0,0,0.87,0,-0.000526609,-0.00459822,-0.0064332, 0.0069583,-0.0108209,buy
2010-03-04,0,0,1.98,0, 0.001492927, 0.00339347, 0.0070615, 0.0052696, 0.0138283,buy
2010-03-05,0,0,0.9,0,-0.010008828,-0.01004920,-0.0121540,-0.0100088,-0.0109837,sell
2010-03-06,0.69,0,0,0, 0.013052225, 0.01568949, 0.0131838, 0.0155629, 0.0175205,buy
2010-03-07,1.77,0.04,0,0, 0.004563676, 0.00242685, 0.0045637, 0.0145050, 0.0043019,buy
2010-03-08,1.44,0.13,0.34,0, 0.008472624, 0.00329641, 0.0044052, 0.0072770, 0.0003399,buy
2010-03-09,0.46,0.2,0.36,0, 0.010592056, 0.01009216, 0.0154498, 0.0135912, 0.0151418,buy
2010-03-10,0,0.09,0.38,0.17, 0.003502715, 0.00479777, 0.0059054, 0.0040664, 0.0070433,buy
2010-03-11,0,0,0.41,0.39,-0.004405877,-0.01309885,-0.0064543, 0.0020841,-0.0088240,sell
2010-03-12,0,0,0.45,0.3, 0.014861664, 0.00475654, 0.0131013, 0.0026265, 0.0052429,buy
2010-03-13,0,0,0.5,0.1,-0.008888744,-0.00799557,-0.0137374,-0.0099780,-0.0105495,sell
2010-03-14,0,0,0.55,0, 0.006368346, 0.00407310,-0.0006851, 0.0017488,-0.0061178,buy
2010-03-15,0,0,0.63,0, 0.003407226,-0.00493249,-0.0030136, 0.0036610, 0.0044816,buy
2010-03-16,0.32,0,0.72,0, 0.001537836,-0.00433754,-0.0032894, 0.0015378, 0.0098966,buy
2010-03-17,1.72,0.08,0.82,0, 0.000603345,-0.01124238,-0.0014711,-0.0005388,-0.0029947,buy
2010-03-18,1.74,0.2,0.95,0, 0.003419882,-0.00033378, 0.0030619, 0.0023506, 0.0088323,buy
2010-03-19,0.76,0.07,1.12,0.2, 0.003611314, 0.00653632, 0.0032537, 0.0032537, 0.0056868,buy
2010-03-20,0.98,0.07,1.33,0.39,-0.010093510,-0.00655797,-0.0060828,-0.0032226,-0.0065580,sell
2010-03-21,1.8,0.19,1.6,0.12,-0.001450890, 0.00293103,-0.0035769, 0.0056091, 0.0046547,buy
2010-03-22,1.48,0.2,1.93,0, 0.002804295, 0.00777074,-0.0033098, 0.0105025, 0.0081361,buy
2010-03-23,1.01,0.08,2,0, 0.010046435,-0.00382270, 0.0100464, 0.0153258, 0.0086072,buy
2010-03-24,1.36,0,1.69,0.14,-0.002668090,-0.00211792, 0.0009516,-0.0025772,-0.0021179,buy
2010-03-25,1.8,0,1.38,0.34, 0.008301733, 0.01162692, 0.0139686, 0.0132966, 0.0170430,buy
2010-03-26,0.9,0,1.1,0.4,-0.011887906,-0.00654930,-0.0067802,-0.0118507,-0.0068239,sell
2010-03-27,0.41,0,0.89,0.19, 0.003036071, 0.00473935, 0.0131301, 0.0044634, 0.0024962,buy
2010-03-28,1.75,0,1.47,0.08, 0.001959640, 0.00219107, 0.0081359, 0.0020294,-0.0052215,buy
2010-03-29,1.31,0,2.51,0,-0.006194395,-0.00178002,-0.0032592,-0.0016584,-0.0055500,sell
2010-03-30,0,0,2.48,0,-0.001395135, 0.00147694,-0.0000408, 0.0030358, 0.0045806,buy
2010-03-31,0,0,2.12,0,-0.001482650,-0.00527631, 0.0085701,-0.0019876, 0.0132034,buy
2010-04-01,0,0,1.95,0.1,-0.003806140,-0.00353877, 0.0171189, 0.0040276, 0.0032406,buy
2010-04-02,0,0,0.59,0.25, 0.001906139,-0.00147515,-0.0011988,-0.0022934,-0.0006942,buy
2010-04-03,0.49,0,0,0.51,-0.007088599, 0.00052480, 0.0005248,-0.0070886,-0.0039453,sell
2010-04-04,1.81,0,0,0.57,-0.005306693,-0.00879620,-0.0055894,-0.0051642,-0.0061173,sell
2010-04-05,2.82,0,0,0.51,-0.000228954,-0.00081032, 0.0006852,-0.0000998, 0.0024781,buy
2010-04-06,2.47,0,0,0.19, 0.004649631, 0.00290826, 0.0063195, 0.0010328,-0.0016125,buy
2010-04-07,1,0,0,0.08,-0.004235293, 0.00060755, 0.0023483, 0.0035353, 0.0045879,buy
2010-04-08,0.37,0,0,0, 0.002349398,-0.00461237, 0.0041714, 0.0004412, 0.0045850,buy
2010-04-09,0.4,0,0,0, 0.004656633, 0.00057214, 0.0049489,-0.0000361, 0.0059567,buy
2010-04-10,0.94,0,0,0,-0.005099766,-0.00683580,-0.0019750,-0.0007372,-0.0068358,sell
2010-04-11,1.77,0,0,0,-0.004985567,-0.01057231,-0.0052604,-0.0029577,-0.0069708,sell
2010-04-12,1.44,0,0,0, 0.018468632, 0.00530563,-0.0021814, 0.0073580, 0.0095776,buy
2010-04-13,0.63,0,0,0, 0.007704262, 0.00951168, 0.0094415, 0.0075809, 0.0045036,buy
2010-04-15,0,0,0.36,0, 0.004439400, 0.00204138, 0.0034326, 0.0004903, 0.0045929,buy
2010-04-16,0,0,1.5,0, 0.005331618, 0.00125303, 0.0039787, 0.0089070, 0.0124067,buy
2010-04-17,0,0,3.42,0.17, 0.000958027,-0.00186115,-0.0007370, 0.0015032,-0.0014865,buy
2010-04-18,0,0,3.75,0.39, 0.015613304, 0.01204155, 0.0156133, 0.0185621, 0.0138357,buy
2010-04-19,0,0,1.86,0.33,-0.003781840,-0.00828535,-0.0130809,-0.0066978,-0.0183929,sell
2010-04-20,0,0,0.49,0.12,-0.006582841, 0.01067480,-0.0028701, 0.0021408, 0.0073446,buy
2010-04-22,0.38,0,0.62,0.16, 0.004590099, 0.00631927, 0.0083313, 0.0041801,-0.0027408,buy
2010-04-23,1.59,0,1.75,0.52,-0.012135991,-0.00346979,-0.0119461,-0.0109052,-0.0118487,sell
2010-04-24,2.75,0,2,0.6,-0.000321266, 0.00030186, 0.0037175,-0.0028557, 0.0043254,buy
2010-04-25,2.62,0,0.78,0.5,-0.004781607,-0.00478161, 0.0062321,-0.0060403,-0.0049737,sell
2010-04-26,1.33,0,0,0.25, 0.002960336,-0.00202008, 0.0029310,-0.0033769, 0.0017725,buy
2010-04-27,0.55,0,0,0.1,-0.000390276, 0.00558009, 0.0056574,-0.0060584, 0.0025893,buy
2010-04-28,0,0,0,0,-0.004520316,-0.00314621,-0.0028734,-0.0000311,-0.0073409,sell
2010-04-29,0,0,0,0, 0.003268591, 0.00233228,-0.0051709,-0.0062666, 0.0042839,buy
2010-04-30,0.46,0,0,0.07,-0.014374864,-0.01129244,-0.0150172,-0.0148060,-0.0139592,sell
2010-05-01,0.81,0,0,0.11, 0.001305862, 0.00261807, 0.0040719, 0.0039780,-0.0004749,buy
2010-05-02,1.37,0,0,0.18,-0.001502834,-0.00724734,-0.0025743,-0.0010030, 0.0158317,buy
2010-05-03,1.8,0,0,0.3, 0.003486189, 0.00598057,-0.0018594, 0.0048537, 0.0006939,buy
2010-05-04,1.41,0,0,0.4,-0.014536579,-0.00014962,-0.0141116,-0.0103602,-0.0140905,sell
2010-05-05,0.91,0,0.52,0.32,-0.003393702,-0.00054676, 0.0025108,-0.0029314, 0.0024820,buy
2010-05-06,0.61,0,1.03,0.2, 0.001155782, 0.00106296, 0.0090259, 0.0024037, 0.0024037,buy
2010-05-07,0.43,0,1.98,0.12,-0.013563082,-0.01358311, 0.0099340,-0.0135631,-0.0119515,sell
2010-05-08,0.32,0,1.88,0.08,-0.019979410,-0.01664379, 0.0123734,-0.0127769,-0.0110913,sell
2010-05-09,0,0,0.95,0,-0.007990883,-0.01355140,-0.0163791,-0.0144149,-0.0144149,sell
2010-05-10,0,0,0.48,0, 0.012689485, 0.01077369, 0.0128280, 0.0130423, 0.0131514,buy
2010-05-15,0.37,0,0.82,0.1, 0.011822322, 0.00675919, 0.0132022, 0.0118213, 0.0110950,buy
2010-05-16,0.52,0,1.76,0.46,-0.008799483,-0.00879948,-0.0099750,-0.0109920,-0.0050918,sell
2010-05-17,2.12,0,3.81,0.98,-0.004389233,-0.01669987,-0.0111867,-0.0175354,-0.0102072,sell
2010-05-18,4.68,0,4.34,1.4,-0.009407245,-0.02322270,-0.0100786,-0.0232227,-0.0121672,sell
2010-05-19,5.23,0,2.8,1.46,-0.016476777,-0.02389239,-0.0142120,-0.0244510,-0.0150304,sell
2010-05-20,2.92,0,2.87,0.86,-0.003835453,-0.01892984,-0.0107064,-0.0192096,-0.0089161,sell
2010-05-21,1.23,0,1.85,0.37, 0.006264509, 0.00626451, 0.0167086, 0.0139551, 0.0137704,buy
2010-05-22,0.49,0.06,0.81,0,-0.003811082,-0.00370939,-0.0038264,-0.0063710, 0.0026420,buy
2010-05-23,0,0.16,0.35,0, 0.000278517, 0.00304327,-0.0013266, 0.0079356, 0.0010632,buy
2010-05-24,0,0.2,0,0,-0.017756793,-0.00125373,-0.0170058,-0.0145575,-0.0068246,sell
2010-05-25,0,0.08,0,0, 0.021215705, 0.00509782, 0.0151693, 0.0085181, 0.0183699,buy
2010-05-31,0,0.04,0,0,-0.006532196,-0.01014214,-0.0088278,-0.0084422,-0.0093535,sell
2010-06-01,0,0.06,0,0, 0.000691381, 0.00523961, 0.0042317, 0.0042317, 0.0088280,buy
2010-06-02,0,0.09,0,0, 0.020286994, 0.00913314, 0.0171196, 0.0178490, 0.0187972,buy
2010-06-03,0,0.14,0,0, 0.000096261, 0.01340199,-0.0024246, 0.0036980, 0.0026227,buy
2010-06-04,0,0.2,0,0,-0.017756793,-0.00125373,-0.0170058,-0.0145575,-0.0068246,sell
2010-06-05,0,0.18,0,0,-0.000355460, 0.00716174, 0.0057985, 0.0057733, 0.0110493,buy
2010-06-06,0,0.11,0,0, 0.008307042, 0.00293546,-0.0022534,-0.0011677,-0.0004949,buy
2010-06-07,0.43,0.07,0,0,-0.002200957,-0.00275905,-0.0026520, 0.0053621, 0.0052610,buy
2010-06-08,1.78,0.04,0,0.2,-0.015169455,-0.01661196,-0.0151695,-0.0186909,-0.0179570,sell
2010-06-09,1.71,0,1.83,0.46,-0.011110118,-0.00440179,-0.0118733,-0.0105541,-0.0104987,sell
2010-06-10,0.4,0,4.26,0.39,-0.002470001,-0.00843230,-0.0010942,-0.0025117,-0.0086768,sell
2010-06-11,0.31,0,2.97,0.39, 0.005432396, 0.01264313, 0.0054324, 0.0121557, 0.0184619,buy
2010-06-12,0.5,0,1.98,0.41,-0.003638394,-0.00363839,-0.0036384,-0.0040894,-0.0036384,sell
2010-06-13,2.14,0,1.38,0.47, 0.006762049, 0.00665858, 0.0086946, 0.0069140, 0.0086946,buy
2010-06-14,4.41,0,0.49,0.25,-0.003132769, 0.00643360, 0.0018862,-0.0082945,-0.0024430,buy
2010-06-15,4.95,0,0,0,-0.006346641, 0.00490404, 0.0048201,-0.0097013, 0.0105769,buy
2010-06-16,2.85,0,0,0,-0.003636826,-0.00147366,-0.0060920,-0.0033972,-0.0024147,buy
2010-06-17,1.52,0,0,0.11,-0.004909288,-0.00486638,-0.0049713,-0.0048664,-0.0057905,sell
2010-06-18,1.24,0,0,0.25,-0.015362329,-0.01018812,-0.0061574,-0.0109424,-0.0115542,sell
2010-06-19,2.03,0,0,0.47,-0.005470768,-0.00929054,-0.0066750,-0.0081842,-0.0082315,sell
2010-06-20,1.78,0,0,0.44,-0.003648835,-0.00662831,-0.0062988,-0.0060349,-0.0045527,sell
2010-06-21,0.77,0,0,0.62,-0.017136260,-0.01991254,-0.0105186,-0.0075035,-0.0105246,sell
2010-06-22,0.32,0,0,0.64,-0.013187920,-0.01164253,-0.0113885,-0.0035731,-0.0050041,sell
2010-06-23,0.37,0.04,0,0.68,-0.004408884,-0.00333257,-0.0086352, 0.0027372,-0.0044434,sell
2010-06-24,1.74,0.1,0,0.85,-0.008333053,-0.00973036,-0.0067895,-0.0017999,-0.0081495,sell
2010-06-25,1.16,0.2,0,0.89,-0.018079111,-0.01749911,-0.0179631,-0.0103375,-0.0158511,sell
2010-06-26,0,0.27,0,0.62, 0.008943245, 0.00021662, 0.0022329, 0.0056529,-0.0011027,buy
2010-06-27,0,0.27,0,0.15, 0.000806285, 0.00001837, 0.0005561,-0.0004941, 0.0007599,buy
2010-06-28,0,0.05,0,0,-0.006734068,-0.00872705, 0.0015977,-0.0067341,-0.0067341,sell
2010-06-29,0,0,0,0,-0.006919471,-0.00759340,-0.0069195,-0.0075934,-0.0074385,sell
2010-06-30,0,0,2.07,0, 0.014304520, 0.00819222, 0.0139493, 0.0170834, 0.0171975,buy
2010-07-01,0,0,3.92,0,-0.003850623,-0.00528841,-0.0093958, 0.0041272, 0.0047800,buy
2010-07-02,0,0,1.69,0,-0.004541347,-0.00694346,-0.0088535,-0.0058083,-0.0069435,sell
2010-07-03,0,0,0.35,0,-0.010134299,-0.00693072,-0.0076898,-0.0076898,-0.0102555,sell
2010-07-04,0,0,0.56,0,-0.003868229,-0.00378814,-0.0035893,-0.0035893,-0.0047296,sell
2010-07-05,0,0,1.26,0,-0.010963852,-0.01096385,-0.0109639,-0.0127318,-0.0126722,sell
2010-07-06,0,0,1.95,0, 0.007097276,-0.00466717,-0.0031974, 0.0072976, 0.0069166,buy
2010-07-07,0,0.07,2.66,0, 0.007134796, 0.01301448, 0.0129166, 0.0064979, 0.0096483,buy
2010-07-08,0,0.19,3.89,0,-0.014261423,-0.00924669,-0.0111307,-0.0011906,-0.0142614,sell
2010-07-09,1.71,0.2,4.32,0, 0.001531692, 0.00101542,-0.0029181, 0.0013024, 0.0015317,buy
2010-07-10,2.73,0.07,3.06,0,-0.007158244,-0.00715824,-0.0035727,-0.0071582,-0.0035727,sell
2010-07-11,2.1,0,2.38,0,-0.004634787,-0.00650404,-0.0062350,-0.0047899, 0.0001534,buy
2010-07-12,1.42,0,1.52,0,-0.003119287, 0.00046136, 0.0021138, 0.0038221,-0.0003833,buy
2010-07-13,1.8,0,1.1,0, 0.000974704,-0.00452484,-0.0087824,-0.0064159,-0.0029930,buy
2010-07-14,1.39,0,0.78,0,-0.008567328,-0.00194237,-0.0085673,-0.0011959,-0.0085673,sell
2010-07-15,0.5,0,0.57,0, 0.006168865,-0.00491056, 0.0086984,-0.0054877,-0.0086244,sell
2010-07-16,0,0,0.41,0,-0.016169027,-0.01090464,-0.0101227,-0.0039152,-0.0109046,sell
2010-07-20,0,0,0.39,0,-0.010319640, 0.00241316, 0.0021574, 0.0023779, 0.0024132,buy
2010-07-21,0.51,0,0.85,0,-0.012652137,-0.01573434,-0.0171336,-0.0124950,-0.0202003,sell
2010-07-22,1.22,0,1.86,0,-0.006137390,-0.00464325,-0.0001916, 0.0046018, 0.0021556,buy
2010-07-23,1.78,0,2,0,-0.019834481,-0.01983448,-0.0144070,-0.0218717,-0.0201197,sell
2010-07-24,1.58,0,0.95,0,-0.010485195,-0.00875966,-0.0104852,-0.0084686,-0.0104852,sell
2010-07-25,1.61,0.11,0.44,0, 0.005556013, 0.00479666, 0.0043814,-0.0017995, 0.0117703,buy
2010-07-26,1.77,0.2,0,0, 0.006742694,-0.00050488, 0.0067642,-0.0003787, 0.0077559,buy
2010-07-27,1.15,0.15,0,0,-0.001223278, 0.00533668, 0.0052916, 0.0049419, 0.0041521,buy
2010-07-28,0.81,0.08,0,0, 0.001236608, 0.00038196, 0.0006236, 0.0061613,-0.0007171,buy
2010-07-29,1.05,0.14,0,0,-0.007327180,-0.00780266,-0.0077262, 0.0065715,-0.0090743,buy
2010-07-30,1.78,0.2,0,0, 0.000360495,-0.00539531,-0.0032221,-0.0047256, 0.0059454,buy
2010-07-31,0.93,0.16,0,0, 0.013111407, 0.01008614, 0.0080331, 0.0131114, 0.0050179,buy
2010-08-01,0.31,0.14,0,0.11,-0.001698712,-0.00917895,-0.0016987,-0.0156169,-0.0015044,sell
2010-08-02,0,0.15,0,0.2,-0.000062898,-0.01242819,-0.0000332,-0.0116876, 0.0002853,sell
2010-08-03,0,0.17,0,0.35,-0.009273271,-0.00711635,-0.0144692,-0.0132173,-0.0064534,sell
2010-08-04,0,0.2,0,0.4,-0.000650802,-0.00302400,-0.0075236,-0.0047568, 0.0072821,buy
2010-08-05,0,0.17,0,0.26,-0.007630310,-0.01176128,-0.0116339,-0.0109739,-0.0032469,sell
2010-08-06,0,0.21,0,0.14,-0.000899370, 0.00094587,-0.0003384,-0.0014557, 0.0009459,buy
2010-08-07,0,0.24,0,0.08, 0.004616268, 0.00552199, 0.0063280, 0.0046163, 0.0048143,buy
2010-08-08,0,0.18,0,0.13,-0.000747433,-0.00120610, 0.0021795, 0.0000328, 0.0017445,buy
2010-08-09,0,0.23,0,0.33, 0.002204169, 0.00544993,-0.0114332,-0.0030893, 0.0066517,buy
2010-08-10,0,0.2,0,0.4,-0.018225069,-0.01367991,-0.0123808,-0.0148226,-0.0148226,sell
2010-08-11,0,0.08,0,0.19, 0.008336692, 0.01056343, 0.0105423, 0.0107148, 0.0100792,buy
2010-08-12,0,0,0,0.07, 0.013578105, 0.01284050, 0.0106998, 0.0131379, 0.0144280,buy
2010-08-14,0,0,0,0, 0.012575039, 0.00570500, 0.0142552, 0.0101251, 0.0111888,buy
2010-08-15,0,0,0,0,-0.002085015,-0.00835655, 0.0005622,-0.0263683,-0.0020850,sell
2010-08-16,0,0,0,0,-0.003656717, 0.00091798, 0.0033635, 0.0006489,-0.0014169,buy
2010-08-17,0,0,0,0, 0.009934566, 0.01233749, 0.0111834, 0.0073457, 0.0087712,buy
2010-08-18,0,0.05,0,0,-0.011772159,-0.01177216,-0.0192025,-0.0120414,-0.0120414,sell
2010-08-19,0,0.13,0,0,-0.006368824,-0.00925989,-0.0050228,-0.0105018,-0.0078219,sell
2010-08-20,0,0.2,0,0,-0.002026586,-0.00299322,-0.0007047,-0.0002395,-0.0030691,buy
2010-08-21,0,0.12,0,0,-0.008161666,-0.00919369,-0.0009144,-0.0103759,-0.0102233,sell
2010-08-22,0,0.05,0,0,-0.011543800,-0.01254879,-0.0103540,-0.0098407,-0.0126752,sell
2010-08-23,0,0,0,0,-0.000273944,-0.00154196,-0.0016019,-0.0015420,-0.0014976,buy
2010-08-24,0.61,0,0,0,-0.010318537,-0.00264317,-0.0020700, 0.0007465,-0.0108364,sell
2010-08-25,1.44,0,0,0,-0.002686048,-0.00279330,-0.0027933,-0.0022446,-0.0100681,sell
2010-08-26,1.78,0,0,0,-0.015681811,-0.01568181,-0.0155009,-0.0152640,-0.0135970,sell
2010-08-27,0.91,0,0,0,-0.005653733,-0.00894099,-0.0065403,-0.0012618,-0.0015806,buy
2010-08-28,0.38,0,0,0, 0.006476380, 0.00744875, 0.0070460, 0.0135908, 0.0135908,buy
2010-09-02,0.48,0,0,0,-0.006395432,-0.00192430,-0.0049738,-0.0018431,-0.0063954,sell
2010-09-03,1.02,0,0,0, 0.004979708, 0.00080139, 0.0049797,-0.0056151,-0.0026168,buy
2010-09-04,1.78,0,0,0,-0.009000321,-0.00900032,-0.0079560,-0.0035171,-0.0001359,buy
2010-09-05,1.45,0,0,0, 0.018468632, 0.00530563,-0.0040353, 0.0072695, 0.0096071,buy
2010-09-06,0.69,0,0,0,-0.005302121, 0.00098702,-0.0014917,-0.0076947,-0.0053130,sell
2010-09-07,0.83,0,0,0, 0.006682853, 0.00767977, 0.0110028, 0.0056254, 0.0092083,buy
2010-09-08,0.92,0,0,0,-0.008332680,-0.00695065,-0.0019750,-0.0030211,-0.0074409,sell
2010-09-09,1.71,0,0.4,0,-0.009587992,-0.01143895,-0.0150378,-0.0143619,-0.0066764,sell
2010-09-10,1.78,0,0.77,0,-0.010308025,-0.01030802,-0.0103080,-0.0103080,-0.0115024,sell
2010-09-11,1.01,0,1.46,0,-0.015941302,-0.01798720,-0.0116569,-0.0123879,-0.0147404,sell
2010-09-12,0.55,0,1.98,0, 0.014044355, 0.00594690, 0.0072164, 0.0050383, 0.0072164,buy
2010-09-13,0,0,1.89,0, 0.008615866, 0.01473115, 0.0118848,-0.0019176, 0.0092548,buy
2010-09-14,0,0,1.47,0, 0.012644819, 0.00955842, 0.0133360, 0.0131186, 0.0131165,buy
2010-09-15,0,0,1.32,0,-0.012066013,-0.01206601,-0.0069304,-0.0101800,-0.0130626,sell
2010-09-16,0,0,1.54,0, 0.013278635, 0.00384412, 0.0131451, 0.0173814, 0.0091114,buy
2010-09-17,0,0,2,0,-0.001771239,-0.01066074,-0.0168394,-0.0095698,-0.0136604,sell
2010-09-18,0,0,2.73,0, 0.005326129, 0.01041816, 0.0053261, 0.0059433, 0.0043798,buy
2010-09-19,0,0.08,2.76,0, 0.017838530, 0.01693965, 0.0178385, 0.0178385, 0.0132653,buy
2010-09-20,0,0.22,1.71,0, 0.006372491, 0.01550294, 0.0091890, 0.0106911, 0.0099991,buy
2010-09-21,0,0.4,0.65,0,-0.019358911,-0.01952167,-0.0207245,-0.0220234,-0.0168604,sell
2010-09-22,0,0.27,0.36,0,-0.016777559,-0.01232886,-0.0182694,-0.0116187,-0.0191727,sell
2010-09-23,0,0.1,0,0.07,-0.002878402, 0.00320428, 0.0010458, 0.0012352, 0.0022814,buy
2010-09-24,0,0,0,0.16, 0.006104265, 0.00404143, 0.0012392,-0.0012843,-0.0023168,buy
2010-09-25,0,0,0,0.38, 0.006479290, 0.00407850, 0.0045952,-0.0039875, 0.0041006,buy
2010-09-26,0,0,0,0.39,-0.006209060,-0.01165983,-0.0086963,-0.0095854,-0.0113114,sell
2010-09-27,0,0,0,0.17, 0.000748457,-0.01034602,-0.0054439,-0.0036394,-0.0107149,sell
2010-09-28,0,0,0,0.07,-0.007440831, 0.00769791,-0.0022621, 0.0045860,-0.0055045,buy
2010-09-29,0,0,0,0,-0.003508387, 0.00032605,-0.0098001,-0.0094114,-0.0037034,sell
2010-09-30,0,0.04,0,0, 0.003398943,-0.00660051,-0.0041448, 0.0021405, 0.0032211,buy
2010-10-01,0,0.26,0,0,-0.005040451,-0.00444482,-0.0031605,-0.0050405,-0.0044448,sell
2010-10-02,0,0.38,0,0,-0.003049233,-0.00291611,-0.0066451,-0.0080417,-0.0075426,sell
2010-10-03,0,0.14,0,0,-0.002533199,-0.00924719, 0.0013226,-0.0025332,-0.0109256,sell
2010-10-04,0,0,0,0.25, 0.003980860,-0.00159002, 0.0020044,-0.0012692, 0.0105132,buy
2010-10-05,0,0,0,0.4,-0.006544786,-0.01550626,-0.0025904,-0.0025457,-0.0018723,buy
2010-10-06,0,0,0,0.12, 0.015960149, 0.01261326, 0.0165087, 0.0166260, 0.0111031,buy
2010-10-07,0,0,0,0,-0.017332973,-0.01633444,-0.0081071,-0.0059868,-0.0138071,sell
2010-10-08,0,0,0,0, 0.002616491, 0.00173338, 0.0004203,-0.0058143, 0.0005553,buy
2010-10-09,0,0,0,0,-0.007543378, 0.00052510,-0.0030893,-0.0042344,-0.0080869,sell
2010-10-14,0,0,0,0,-0.011112369,-0.02392903,-0.0155368,-0.0195424,-0.0155021,sell
2010-10-15,0,0,0,0,-0.009750571,-0.00418772,-0.0001307,-0.0063367, 0.0053953,buy
2010-10-16,0,0,0,0, 0.010688407, 0.00656600, 0.0106266,-0.0029428, 0.0106884,buy
2010-10-17,1.24,0,0,0, 0.009676613, 0.00094713, 0.0096766, 0.0010036, 0.0025993,buy
2010-10-18,3.29,0,0,0,-0.003014376,-0.00209867, 0.0065170, 0.0038249, 0.0016006,buy
2010-10-19,3.44,0,0,0.07,-0.008503092,-0.00761349,-0.0018476,-0.0089828,-0.0128332,sell
2010-10-20,2.82,0,0,0.13,-0.003664890,-0.00379600,-0.0062568,-0.0062568,-0.0076633,sell
2010-10-21,2.57,0,0.57,0.26, 0.017734664, 0.00450313, 0.0183980, 0.0001335,-0.0023109,buy
2010-10-22,1.53,0,1.95,0.4, 0.004842550, 0.00484255, 0.0045574, 0.0063559, 0.0063559,buy
2010-10-23,1.61,0,1.54,0.32, 0.011673852, 0.01101324, 0.0110315, 0.0110315, 0.0073481,buy
2010-10-24,1.8,0,0.78,0.17, 0.005212960, 0.00080094, 0.0039957,-0.0007336,-0.0058545,buy
2010-10-25,1.4,0,0.96,0.09, 0.001506704, 0.00152338, 0.0015234, 0.0052658, 0.0009047,buy
2010-10-26,0.72,0,1.98,0, 0.017184906, 0.02171767, 0.0180467, 0.0151510, 0.0165212,buy
2010-10-27,0.37,0,1.67,0, 0.017933067, 0.01260737, 0.0145843, 0.0170991, 0.0158539,buy
2010-10-28,0,0,0.7,0, 0.005239383, 0.00803363,-0.0020092,-0.0014258, 0.0028575,buy
2010-10-29,0,0,0.47,0,-0.007638244,-0.00721363,-0.0020346, 0.0010307,-0.0142664,sell
2010-10-30,0,0,0.83,0, 0.000525629, 0.00395796,-0.0008477, 0.0009875, 0.0025297,buy
2010-10-31,0,0,1.43,0, 0.008942618, 0.00904712, 0.0143470, 0.0133480, 0.0069387,buy
2010-11-01,0,0,1.98,0, 0.006840047,-0.01209397,-0.0115639,-0.0099235,-0.0024519,sell
2010-11-02,0,0,1.57,0, 0.013536231, 0.00731373, 0.0145156, 0.0156407, 0.0095383,buy
2010-11-03,0.47,0,0.93,0,-0.014146500,-0.01490722,-0.0196681,-0.0141806,-0.0186239,sell
2010-11-04,1.77,0,0.56,0,-0.007972731,-0.00797273,-0.0110734,-0.0110734,-0.0076009,sell
2010-11-05,2.01,0,0.34,0.26,-0.007579320, 0.01118593,-0.0063522,-0.0087105,-0.0091346,buy
2010-11-06,2.07,0,0,0.39, 0.000698299, 0.00541764, 0.0037090, 0.0001807,-0.0011227,buy
2010-11-07,1.77,0,0,0.15,-0.012345059,-0.01222847,-0.0092727,-0.0071176,-0.0154629,sell
2010-11-08,0.47,0,0,0, 0.004395715, 0.00672835, 0.0181400, 0.0077891, 0.0085321,buy
2010-11-09,0,0,0,0,-0.000716756, 0.00555448, 0.0035985, 0.0078768,-0.0003603,buy
2010-11-10,0,0,0,0,-0.000716756, 0.00555448, 0.0035985, 0.0078768,-0.0003603,buy
2010-11-11,0,0,0,0,-0.003119349, 0.00191141,-0.0080099,-0.0038223,-0.0022123,buy
2010-11-12,0,0,0.55,0, 0.004728256, 0.00319005,-0.0025386,-0.0039571,-0.0051803,buy
2010-11-13,0,0,0.97,0,-0.001600516,-0.00160052,-0.0036778,-0.0027013,-0.0007316,buy
2010-11-14,0.71,0,1.7,0, 0.010551185, 0.00765989, 0.0073357, 0.0045991, 0.0084199,buy
2010-11-15,2.08,0,2,0,-0.011887663,-0.01105984,-0.0133267,-0.0046925,-0.0028860,buy
2010-11-16,2.14,0,1.85,0.11,-0.011753130,-0.00973679,-0.0085173, 0.0045379,-0.0138517,sell
2010-11-17,1.66,0,2.46,0.27,-0.008303670,-0.01281581,-0.0112037,-0.0095973,-0.0112037,sell
2010-11-18,1.77,0,2.4,0.4, 0.004103667, 0.00295102, 0.0024039, 0.0051313, 0.0040992,buy
2010-11-19,2.2,0,0.69,0.24,-0.017581242,-0.01649541,-0.0164954,-0.0166205,-0.0137567,sell
2010-11-20,1.3,0,0,0.1, 0.002817021,-0.00375876, 0.0015101,-0.0048129,-0.0040332,sell
2010-11-21,0.73,0,0,0,-0.006805193,-0.00885654,-0.0093447,-0.0159376,-0.0078472,sell
2010-11-22,0.34,0,0,0,-0.003327827, 0.00545700, 0.0117144, 0.0024199, 0.0019530,buy
2010-11-23,0,0,0,0,-0.009925761,-0.01398821,-0.0137113,-0.0074272,-0.0154295,sell
2010-11-24,0,0,0,0.19, 0.013789717, 0.01262650, 0.0051929, 0.0172090, 0.0122645,buy
2010-11-25,0,0,0.35,0.39,-0.006815990,-0.01138788,-0.0086945,-0.0037791,-0.0131196,sell
2010-11-26,0,0,1.05,0.44, 0.008021247, 0.00389103, 0.0069134, 0.0036300, 0.0130226,buy
2010-11-27,0,0,1.98,0.56, 0.000307213, 0.00004412,-0.0026667,-0.0054406, 0.0013758,buy
2010-11-28,0,0,1.61,0.65,-0.003725899,-0.00886813,-0.0146263,-0.0030704,-0.0088681,sell
2010-11-29,0,0,1.18,0.55,-0.003725855, 0.00080102,-0.0074688, 0.0014412,-0.0000286,buy
2010-11-30,0,0,1.94,0.38, 0.011276415, 0.00760677, 0.0072040, 0.0019391, 0.0044452,buy
2010-12-01,0,0,3.11,0.3,-0.000096561,-0.00146598,-0.0020411, 0.0065355, 0.0041763,buy
2010-12-02,0,0,3.7,0.35, 0.007197242, 0.00119582, 0.0078388, 0.0104084, 0.0023410,buy
2010-12-03,0,0,2.87,0.4,-0.001273620, 0.00423791,-0.0148897,-0.0047424,-0.0001253,buy
2010-12-04,0,0,1.71,0.3, 0.008714308, 0.01092915, 0.0033394, 0.0049084, 0.0109291,buy
2010-12-05,0,0,2.24,0.15, 0.000005727,-0.00633314,-0.0052075,-0.0054217,-0.0073997,sell
2010-12-06,0,0,2.83,0.08,-0.003777655,-0.00373911, 0.0047316, 0.0025904,-0.0033194,buy
2010-12-07,0,0,3.97,0,-0.004295392,-0.00423724,-0.0096211, 0.0003768, 0.0039911,buy
2010-12-08,0,0,3.89,0, 0.004818963, 0.00533153, 0.0037348, 0.0060271, 0.0040295,buy
2010-12-09,0,0,3.37,0,-0.007032728,-0.00703273,-0.0064875,-0.0079080,-0.0066176,sell
2010-12-10,0,0,2.99,0,-0.001250090,-0.00344625,-0.0069609,-0.0053097,-0.0035757,sell
2010-12-11,0,0,2.39,0, 0.003365308, 0.00336531,-0.0041019, 0.0071376, 0.0055748,buy
2010-12-12,0,0,0.85,0, 0.006957045, 0.00319400,-0.0026490,-0.0031831,-0.0018641,buy
2010-12-13,0,0,0,0,-0.000571419,-0.00981796,-0.0134045,-0.0046096,-0.0127088,sell
2010-12-14,0,0,0,0.08, 0.015117236, 0.00724689, 0.0003279, 0.0151172, 0.0134171,buy
2010-12-15,0,0,0,0.18, 0.002062333, 0.00117289, 0.0068118, 0.0090734, 0.0068118,buy
2010-12-16,0,0,0.53,0.48, 0.003332945, 0.00641908, 0.0077610, 0.0020477,-0.0009617,buy
2010-12-17,0,0,1.3,0.56,-0.006322204,-0.00638180,-0.0111496,-0.0036167,-0.0063818,sell
2010-12-18,0,0,1.96,0.56, 0.000307213, 0.00004412,-0.0026667,-0.0070872, 0.0003072,buy
2010-12-19,0,0,1.63,0.51,-0.006519775,-0.00436424,-0.0084582,-0.0079757,-0.0065018,sell
2010-12-20,0,0,1.96,0.62,-0.006338962,-0.00072955,-0.0078513,-0.0097658,-0.0076629,sell
2010-12-21,0,0,1.98,0.75, 0.004313825,-0.00962171,-0.0030077, 0.0050900,-0.0096217,buy
2010-12-22,0,0,0.77,0.52,-0.001088582, 0.00490556,-0.0007681, 0.0049056, 0.0051206,buy
2010-12-23,0,0,0,0.12,-0.001092746, 0.00354585,-0.0024335,-0.0015768,-0.0007606,buy
2010-12-25,0,0,0,0, 0.005249032, 0.00000072, 0.0029893, 0.0035020, 0.0045210,buy
2010-12-26,0,0,0,0.07,-0.004688128, 0.00133981,-0.0042943,-0.0042943, 0.0106109,buy
2010-12-27,0,0,0,0.13, 0.004957204, 0.00439198, 0.0056315, 0.0043920, 0.0078148,buy
2010-12-28,0,0,0,0.26, 0.003529405, 0.00257234,-0.0055554, 0.0056403, 0.0097943,buy
2010-12-29,0,0,0,0.4, 0.008702188, 0.00882260, 0.0062642, 0.0110864, 0.0100395,buy
2010-12-30,0,0,0,0.32, 0.008240102,-0.00396626,-0.0014346,-0.0014346, 0.0047917,buy
2010-12-31,0,0,0,0.17, 0.000748457,-0.01034602,-0.0054439,-0.0036394,-0.0107149,sell
2011-01-01,0,0,0,0.09,-0.015637524,-0.01403997,-0.0026235, 0.0048603, 0.0050103,buy
2011-01-02,1,0,0,0.12, 0.009826483, 0.00262223,-0.0007285, 0.0038466, 0.0011506,buy
2011-01-03,2.19,0,0,0.29, 0.010846656, 0.01197505, 0.0059092, 0.0108808, 0.0108467,buy
2011-01-04,3.55,0,0,0.39, 0.005867414, 0.00586741, 0.0047890, 0.0058674, 0.0058674,buy
2011-01-05,2.55,0,0,0.33, 0.010466271, 0.00826956, 0.0120428, 0.0082696, 0.0088083,buy
2011-01-06,1.13,0,0,0.33, 0.004685345, 0.00080048, 0.0025466, 0.0026923, 0.0026923,buy
2011-01-07,0,0,0,0.4, 0.006988264,-0.00461252, 0.0091831,-0.0038753,-0.0001142,buy
2011-01-08,0,0,0.38,0.28, 0.009781971, 0.01251064, 0.0066355,-0.0022644, 0.0080097,buy
2011-01-09,0,0,1.28,0.34, 0.000015748, 0.00588763, 0.0024711, 0.0009617, 0.0074754,buy
2011-01-10,0,0,3.11,0.57,-0.006690696,-0.00626103,-0.0026303,-0.0059757, 0.0058056,buy
2011-01-11,0,0,3.81,0.79,-0.012436343,-0.01243634,-0.0120179,-0.0148213,-0.0094443,sell
2011-01-12,0,0,3.73,0.51, 0.015145128, 0.01538619, 0.0152378, 0.0155330, 0.0168853,buy
2011-01-13,0,0,3.31,0.15, 0.001121621,-0.00393696, 0.0011216, 0.0020637, 0.0032666,buy
2011-01-14,0,0,2.68,0, 0.002421177, 0.00780185, 0.0024212, 0.0012656, 0.0025206,buy
2011-01-15,0,0,1.89,0, 0.008615866, 0.01473115, 0.0118848,-0.0019176, 0.0092548,buy
2011-01-16,0,0,1.55,0, 0.002339212, 0.00476047,-0.0070310, 0.0076762, 0.0023618,buy
2011-01-17,0,0,2.84,0, 0.003783561, 0.00735454, 0.0009016, 0.0027350, 0.0073545,buy
2011-01-18,0,0,2.8,0,-0.007499532,-0.00856049, 0.0037848, 0.0014265,-0.0075197,sell
2011-01-19,0,0,2.75,0, 0.005025683,-0.00713088, 0.0041870,-0.0003660,-0.0006305,buy
2011-01-20,0,0,1.93,0,-0.010282139,-0.00376290,-0.0036158, 0.0009167,-0.0044382,sell
2011-01-21,0,0,0.9,0,-0.001587614,-0.00199923,-0.0148295,-0.0072988,-0.0071781,sell
2011-01-22,0,0,1.3,0,-0.016777252,-0.01636340,-0.0114474,-0.0117377,-0.0133345,sell
2011-01-23,0,0,1.98,0, 0.006840047,-0.01209397,-0.0115639,-0.0099235,-0.0024519,sell
2011-01-24,0,0,1.64,0, 0.005687256,-0.00375573, 0.0072983,-0.0019201, 0.0090126,buy
2011-01-25,0,0,0.63,0.22,-0.001129763,-0.00431001,-0.0025833,-0.0079896,-0.0034376,sell
2011-01-26,0,0,0,0.4, 0.009590304, 0.00987291, 0.0073030, 0.0119746, 0.0118682,buy
2011-01-27,0,0,0,0.19, 0.018227103, 0.01542878, 0.0102299, 0.0190253, 0.0130943,buy
2011-01-28,0,0,0,0,-0.008700363,-0.02366941,-0.0116181,-0.0256808,-0.0110878,sell
2011-01-29,0,0,0,0,-0.007229084,-0.00330530,-0.0010587,-0.0031686,-0.0017174,buy
2011-01-30,0,0,0,0, 0.005249032, 0.00022092, 0.0032520, 0.0037647, 0.0047132,buy
2011-01-31,0,0,0.53,0.09,-0.001481806, 0.00148377,-0.0070919,-0.0070919,-0.0069976,sell
2011-02-01,0,0,2.18,0.23,-0.002692583, 0.00567474,-0.0042267,-0.0010677,-0.0019769,buy
2011-02-02,0,0,3.94,0.4,-0.004398829,-0.01010699,-0.0092481,-0.0050684,-0.0050684,sell
2011-02-03,0,0,2.32,0.25, 0.006996191,-0.00125517,-0.0003421, 0.0000381,-0.0012552,buy
2011-02-04,1.05,0,1.6,0.19,-0.000932241, 0.00014757,-0.0041104,-0.0036859,-0.0039375,sell
2011-02-05,2.38,0,1.95,0.19, 0.016739218, 0.01615417, 0.0208885, 0.0208885, 0.0133330,buy
2011-02-06,3.56,0,1.29,0.4, 0.004260590, 0.00381851,-0.0017636,-0.0017636, 0.0001748,buy
2011-02-07,2.39,0,0.38,0.34, 0.010304366, 0.00850064, 0.0107799, 0.0125147, 0.0103123,buy
2011-02-08,1.08,0,0,0.15, 0.000775479, 0.00423918, 0.0041702, 0.0029345, 0.0020377,buy
2011-02-09,0.35,0,0,0,-0.010039859,-0.01705474,-0.0140473,-0.0146448,-0.0165783,sell
2011-02-10,0,0,0,0,-0.004669564,-0.00892335,-0.0006382,-0.0046696,-0.0046696,sell
2011-02-11,0,0,0,0,-0.018772652,-0.01944192,-0.0190967,-0.0210189,-0.0188764,sell
2011-02-12,0,0,0,0, 0.008609416, 0.00953493, 0.0089250, 0.0069676, 0.0097909,buy
2011-02-13,0.96,0,0,0,-0.005637785,-0.01031921,-0.0114084,-0.0043382,-0.0047203,sell
2011-02-14,1.77,0,0,0,-0.004985567,-0.01057231,-0.0052604,-0.0029577,-0.0069708,sell
2011-02-15,0.68,0,0,0, 0.008867048, 0.00865275, 0.0066361, 0.0098266, 0.0086528,buy
2011-02-16,0,0,0,0,-0.004312895,-0.01083494,-0.0003892, 0.0011925,-0.0082576,sell
2011-02-17,0,0,0,0.16, 0.011913097, 0.00758059, 0.0100787, 0.0075806, 0.0111459,buy
2011-02-18,0,0,0,0.39, 0.007684560, 0.00219390, 0.0060004, 0.0114819, 0.0013364,buy
2011-02-19,0,0,0,0.32, 0.002076951, 0.00426741, 0.0042674, 0.0044140, 0.0090203,buy
2011-02-20,0,0,0,0.11, 0.010394854, 0.00553691,-0.0013174, 0.0090302, 0.0065724,buy
2011-02-21,0,0,0,0, 0.015117236, 0.00706223, 0.0003273, 0.0151172, 0.0134171,buy
2011-02-22,0,0,0,0, 0.012652979, 0.01278151, 0.0138521, 0.0140338, 0.0126530,buy
2011-02-23,0,0,0,0, 0.002394719, 0.00145841,-0.0055426,-0.0062666, 0.0034100,buy
2011-02-24,0,0,1.37,0, 0.024670543, 0.01787799, 0.0178780, 0.0178780, 0.0174687,buy
2011-02-25,0,0,3.89,0,-0.009039802,-0.00651404,-0.0021331,-0.0068311,-0.0091357,sell
2011-02-26,0,0,3.23,0,-0.002364619,-0.00350853,-0.0114940,-0.0062361,-0.0035085,sell
2011-02-27,0,0,1.21,0,-0.004783373,-0.00478337,-0.0050376,-0.0058475,-0.0118108,sell
2011-02-28,0,0,1.38,0,-0.008681439,-0.00722498, 0.0027946,-0.0060717,-0.0088159,sell
2011-03-01,0,0,3.39,0,-0.006956389,-0.00528983,-0.0101528,-0.0097164,-0.0022776,sell
2011-03-02,0,0,4.26,0, 0.013192789, 0.00399578, 0.0031475, 0.0039958, 0.0017044,buy
2011-03-03,0,0,3.41,0,-0.009268914,-0.00479798,-0.0064013,-0.0069050,-0.0029843,buy
2011-03-04,0,0,2,0,-0.001771239,-0.01066074,-0.0168394,-0.0095698,-0.0136604,sell
2011-03-05,0,0,1.09,0,-0.010210370,-0.01136332,-0.0097395,-0.0110597,-0.0110597,sell
2011-03-06,0,0,0.55,0, 0.005065121, 0.01190802, 0.0074102, 0.0071202, 0.0088948,buy
2011-03-07,0,0,0.44,0,-0.000841452,-0.01129952, 0.0039950,-0.0007366,-0.0047478,sell
2011-03-08,0,0,1.23,0,-0.004554283,-0.00455428,-0.0047673,-0.0046311,-0.0109946,sell
2011-03-09,0,0,2.39,0, 0.011254485, 0.00321292, 0.0123941, 0.0136680, 0.0145101,buy
2011-03-10,0,0,3.81,0,-0.001244868,-0.00072208,-0.0053418,-0.0004182, 0.0012816,buy
2011-03-11,0,0,3.33,0,-0.001520614,-0.00164562,-0.0022053,-0.0046920,-0.0020049,buy
2011-03-12,0,0,1.89,0.12,-0.000121731,-0.00785577, 0.0083787, 0.0074758, 0.0106146,buy
2011-03-13,0.52,0,0.81,0.39,-0.013892750,-0.00820809,-0.0076093,-0.0116515,-0.0096215,sell
2011-03-14,1.6,0,0.5,0.27,-0.004322662, 0.00169165,-0.0027855,-0.0045500,-0.0038321,sell
2011-03-15,1.75,0,0,0, 0.013955821, 0.01180485, 0.0139558, 0.0139558, 0.0124171,buy
2011-03-16,0.63,0,0,0,-0.011453597,-0.00720646,-0.0147264,-0.0182317,-0.0134384,sell
2011-03-17,0,0.09,0,0, 0.001566956,-0.00277981,-0.0027798,-0.0000460, 0.0000770,buy
2011-03-18,0,0.2,0,0,-0.017756793,-0.00125373,-0.0170058,-0.0145575,-0.0068246,sell
2011-03-19,0,0.12,0,0, 0.003249270,-0.00016595, 0.0001964, 0.0019062,-0.0024906,buy
2011-03-20,0,0,0,0,-0.012368402,-0.00491139,-0.0145265,-0.0115860,-0.0039409,sell
2011-03-21,0,0,0,0,-0.004520316,-0.00314621,-0.0028734,-0.0000311,-0.0073409,sell
2011-03-22,0,0,0,0,-0.004312895,-0.01083494,-0.0003892, 0.0011925,-0.0082576,sell
2011-03-23,0,0,0,0,-0.004367229,-0.01660317,-0.0151477,-0.0046443,-0.0181334,sell
2011-03-25,0,0,0,0,-0.003656717, 0.00091798, 0.0033635, 0.0006489,-0.0014169,buy
2011-03-26,0,0,0,0.1,-0.004001442, 0.00253227,-0.0037047,-0.0037047, 0.0110127,buy
2011-03-27,0,0,0.42,0.25,-0.008731413,-0.00334598,-0.0085021,-0.0095193,-0.0048634,sell
2011-03-28,0,0,0.57,0.4,-0.003071512,-0.00239245,-0.0083902,-0.0018779,-0.0110219,sell
2011-03-29,0,0,0.78,0.26, 0.000732122,-0.00440337, 0.0044712, 0.0013073, 0.0013073,buy
2011-03-30,0,0,1.08,0.11,-0.006935713,-0.00647899,-0.0060111,-0.0064790,-0.0020333,buy
2011-03-31,0,0,1.87,0, 0.002125194, 0.01473115, 0.0053941,-0.0019176, 0.0027641,buy
2011-04-01,0,0,3.1,0,-0.001953875,-0.00266973,-0.0049174,-0.0034416,-0.0029850,buy
2011-04-02,0,0.08,3.87,0, 0.008571549, 0.01065617, 0.0060214, 0.0062728, 0.0089735,buy
2011-04-03,0,0.19,2.58,0, 0.004424107, 0.00001225, 0.0090901, 0.0028773, 0.0033479,buy
2011-04-04,0,0.2,1.4,0, 0.000511122,-0.00758124, 0.0041834,-0.0019535,-0.0021573,buy
2011-04-05,0,0.08,0.71,0, 0.007690641, 0.00693076, 0.0067936, 0.0080835, 0.0025824,buy
2011-04-06,0,0,0.51,0, 0.004913779, 0.00398759,-0.0002681, 0.0002689, 0.0019020,buy
2011-04-07,0,0,0.37,0, 0.000636458, 0.00145591,-0.0008658,-0.0061904,-0.0002730,buy
2011-04-08,0,0,0,0,-0.017332973,-0.01633444,-0.0081071,-0.0059868,-0.0138071,sell
2011-04-09,0,0,0,0.11, 0.005166004, 0.00590521, 0.0056682, 0.0059052, 0.0046839,buy
2011-04-10,0,0,0,0.21, 0.013750326, 0.00503756, 0.0065891, 0.0030679, 0.0150085,buy
2011-04-11,0,0,0,0.4,-0.000999429,-0.00801691, 0.0015230,-0.0054496,-0.0076779,sell
2011-04-12,0,0,0,0.37, 0.004788218, 0.00190592, 0.0030885, 0.0058738, 0.0013069,buy
2011-04-13,0,0,0,0.18, 0.008006827, 0.00676759, 0.0076893, 0.0080068, 0.0080068,buy
2011-04-14,0,0,0,0.09,-0.001404137, 0.00289036, 0.0015195, 0.0055584,-0.0033873,buy
2011-04-16,0,0.09,0,0, 0.020286994, 0.00913314, 0.0171196, 0.0178490, 0.0187972,buy
2011-04-17,0,0.18,0,0, 0.003111149, 0.00808337, 0.0140280, 0.0199585, 0.0162978,buy
2011-04-18,0,0.28,0.39,0, 0.002024677,-0.01396345,-0.0150182,-0.0006823,-0.0006823,buy
2011-04-19,0,0.27,0.93,0, 0.002147940,-0.00161581, 0.0002741, 0.0018116, 0.0023505,buy
2011-04-20,0,0.19,1.96,0, 0.002732061, 0.00070872, 0.0007267, 0.0027001, 0.0027001,buy
2011-04-21,0,0.16,1.78,0,-0.000273651,-0.00175912,-0.0040291,-0.0002737,-0.0002737,buy
2011-04-22,0,0.14,0.76,0,-0.011681480,-0.01332440,-0.0116815,-0.0125630,-0.0129547,sell
2011-04-23,0,0.14,0,0,-0.004243261,-0.00691773,-0.0014798,-0.0020749,-0.0093208,sell
2011-04-24,0,0.13,0,0, 0.011281933,-0.00181373, 0.0046251, 0.0112819,-0.0044978,buy
2011-04-25,0,0.11,0,0.09,-0.002857833,-0.00282225,-0.0032789,-0.0063739,-0.0035723,sell
2011-04-26,0.69,0.09,0,0.27, 0.018286517, 0.01647950, 0.0189247, 0.0192984, 0.0164795,buy
2011-04-27,1.68,0.07,0.61,0.39, 0.001463571, 0.00015098,-0.0015773, 0.0108898, 0.0006976,buy
2011-04-28,1.8,0.05,1.35,0.29, 0.010399994, 0.01358819, 0.0108860, 0.0111066, 0.0106742,buy
2011-04-29,0.78,0.06,2,0.18,-0.018172834,-0.01740276, 0.0002783,-0.0174337,-0.0148690,sell
2011-04-30,0.32,0.19,1.3,0.31, 0.001193985, 0.00146426,-0.0000021,-0.0017990, 0.0017496,buy
2011-05-01,0,0.2,0.59,0.4,-0.000567500,-0.00153259,-0.0057079,-0.0039954, 0.0095632,buy
2011-05-02,0,0.07,0,0.28,-0.005417799,-0.01063838, 0.0015151,-0.0045890,-0.0085557,sell
2011-05-03,0,0,0,0.15,-0.000901809, 0.01191313, 0.0000900, 0.0029101,-0.0017964,buy
2011-05-04,0,0,0,0.08, 0.006748376, 0.00954804,-0.0000631, 0.0100444, 0.0064379,buy
2011-05-05,0,0,0,0,-0.008779117,-0.00702508,-0.0120575,-0.0018256,-0.0039823,sell
2011-05-06,0,0,0,0,-0.013936785,-0.01287261,-0.0149420,-0.0063839,-0.0107414,sell
2011-05-07,0,0,0,0,-0.008032493, 0.00791052, 0.0056917, 0.0041766, 0.0079403,buy
2011-05-08,0,0,0,0, 0.017023309, 0.01792479, 0.0095691,-0.0028189, 0.0088409,buy
2011-05-09,0,0,0.41,0, 0.007127757, 0.02080245, 0.0170110, 0.0208024, 0.0214815,buy
2011-05-10,0,0,0.8,0, 0.004575752,-0.00556929,-0.0045814, 0.0045758, 0.0035565,buy
2011-05-11,0,0,1.54,0, 0.008061446,-0.00137836,-0.0034964, 0.0049176, 0.0062801,buy
2011-05-12,0,0,1.98,0, 0.003756356,-0.01157660,-0.0100115,-0.0056409, 0.0012265,buy
2011-05-13,0,0,1.3,0,-0.002688435,-0.00497691, 0.0007831,-0.0028883,-0.0049769,sell
2011-05-14,0,0,1.02,0, 0.009149750, 0.00431592, 0.0024138, 0.0091697, 0.0009934,buy
2011-05-15,0,0,2.26,0, 0.002471393,-0.00055183,-0.0036312, 0.0018663, 0.0163334,buy
2011-05-16,0,0,3.96,0,-0.010232315,-0.00553351, 0.0021306,-0.0049741,-0.0072465,sell
2011-05-17,0,0,2.56,0, 0.005562730, 0.00186215, 0.0040053, 0.0118708, 0.0044308,buy
2011-05-18,0.53,0,0.81,0,-0.015053011,-0.01424180,-0.0065372,-0.0159363,-0.0142418,sell
2011-05-19,1.53,0,0,0,-0.004501172,-0.00535203, 0.0022516,-0.0078949, 0.0110536,buy
2011-05-20,4.31,0,0,0.13,-0.000305202, 0.01817641, 0.0037967, 0.0047044,-0.0011155,buy
2011-05-21,4.9,0,0,0.3,-0.002900699, 0.00887487,-0.0033058,-0.0004447,-0.0032988,buy
2011-05-22,2.54,0,0,0.39, 0.001295650, 0.00667103, 0.0035901, 0.0035901, 0.0035901,buy
2011-05-23,0.85,0,0.67,0.22, 0.004091775, 0.00032076, 0.0008153, 0.0092917, 0.0010885,buy
2011-05-24,0,0,1.53,0.1, 0.002750018,-0.00600668,-0.0007835,-0.0027203,-0.0027203,buy
2011-05-25,0,0,1.98,0.09,-0.004755299,-0.00475530,-0.0000790,-0.0046800,-0.0047037,sell
2011-05-26,0,0,1.11,0.35, 0.013270439, 0.01042553, 0.0077498, 0.0103929, 0.0077498,buy
2011-05-27,0,0,0.48,0.39,-0.002298048,-0.00855462,-0.0056542,-0.0020264,-0.0052400,sell
2011-05-28,0,0,0,0.2, 0.011752901, 0.00983753, 0.0090709, 0.0160325, 0.0118331,buy
2011-05-29,0,0,0,0.22, 0.000496472,-0.00210139,-0.0056270,-0.0062607,-0.0127551,sell
2011-05-30,0.52,0,0,0.39, 0.013038300, 0.00240824, 0.0020145, 0.0032803, 0.0140509,buy
2011-05-31,1.24,0,0,0.28, 0.000654877,-0.00244540,-0.0002264,-0.0069644,-0.0050853,sell
2011-06-01,1.78,0,0,0.11,-0.011460845,-0.01238419,-0.0027401,-0.0027401,-0.0114096,sell
2011-06-02,1.05,0,0,0.33, 0.002805046,-0.00242186,-0.0012035,-0.0035615,-0.0049232,sell
2011-06-03,0.44,0,0.41,0.58,-0.013936746,-0.01269875,-0.0146383,-0.0115771,-0.0099420,sell
2011-06-04,0,0,1.98,0.42, 0.006310612, 0.00464415, 0.0063220,-0.0004274, 0.0043617,buy
2011-06-05,0,0,1.48,0.4, 0.006193037, 0.00447742, 0.0044774, 0.0035480, 0.0083919,buy
2011-06-06,0.32,0,0,0.3, 0.005307803, 0.00612063,-0.0053175, 0.0053326, 0.0056370,buy
2011-06-07,1.75,0,0,0.17, 0.001949225,-0.00123949, 0.0019492,-0.0091232,-0.0059509,sell
2011-06-08,1.98,0,0,0.19, 0.004076123, 0.00036649, 0.0016569,-0.0061106,-0.0000906,buy
2011-06-09,1.29,0,0,0.26, 0.003919038, 0.00157830, 0.0049888,-0.0040116,-0.0006931,buy
2011-06-10,1.78,0,0,0.39,-0.003047314,-0.00029316,-0.0118643,-0.0042658,-0.0048496,sell
2011-06-11,2.91,0,0.58,0.2, 0.022968305, 0.01941341, 0.0223996, 0.0157706, 0.0115510,buy
2011-06-12,2.04,0,1.7,0, 0.009585812, 0.00947649, 0.0086500, 0.0106053, 0.0096038,buy
2011-06-13,0,0,1.96,0, 0.001492927, 0.00614150, 0.0078068, 0.0078068, 0.0145735,buy
2011-06-14,0,0,0.77,0, 0.002441898, 0.00516652,-0.0006828, 0.0023416, 0.0027368,buy
2011-06-16,1.6,0,0,0, 0.009993635, 0.01361704, 0.0029904, 0.0055090, 0.0029771,buy
2011-06-17,3.19,0,1.78,0.08,-0.006890560,-0.00909385,-0.0107716,-0.0107716,-0.0111815,sell
2011-06-18,2.16,0.04,1.95,0.4, 0.003705633,-0.00131627,-0.0006097, 0.0029258, 0.0021055,buy
2011-06-19,0.74,0.19,0.37,0.39,-0.001050102, 0.00083373, 0.0011567,-0.0012142, 0.0019581,buy
2011-06-20,0.44,0.14,0,0.26, 0.009477493, 0.00927357, 0.0037974, 0.0037545, 0.0077157,buy
2011-06-21,1.05,0,0,0.72,-0.008946228, 0.00001152, 0.0028259, 0.0000115, 0.0008674,buy
2011-06-22,1.78,0,0,0.67,-0.014528148,-0.00791201,-0.0023994,-0.0151325,-0.0090708,sell
2011-06-23,1.26,0,0.49,0.25,-0.009529241,-0.00240174,-0.0087563,-0.0137417,-0.0044319,sell
2011-06-24,1.34,0,1.4,0.25, 0.012297102, 0.02597168, 0.0130498, 0.0137511, 0.0106635,buy
2011-06-25,1.78,0,2.75,0.34,-0.004262687,-0.00737015,-0.0104581,-0.0048914,-0.0104581,sell
2011-06-26,1.25,0.07,3.48,0.4,-0.009680246,-0.00968025,-0.0255201,-0.0172008,-0.0074278,sell
2011-06-27,0.41,0.16,2.97,0.25, 0.015552737, 0.01370397, 0.0054123, 0.0194257, 0.0072591,buy
2011-06-28,0,0.2,1.9,0.11, 0.004402116, 0.01356062, 0.0138934, 0.0160165, 0.0128583,buy
2011-06-29,0,0.1,0.76,0,-0.009531629,-0.01139884,-0.0124169,-0.0124169,-0.0113139,sell
2011-06-30,0,0.04,0.4,0.07, 0.014304607, 0.00893580, 0.0140248, 0.0108296, 0.0112605,buy
2011-07-01,0,0,0,0.17, 0.000748457,-0.01034602,-0.0054439,-0.0036394,-0.0107149,sell
2011-07-02,0,0,0,0.38, 0.006479290, 0.00407850, 0.0045952,-0.0039875, 0.0041006,buy
2011-07-03,1.56,0,0,0.4,-0.007733209, 0.00624965,-0.0142178,-0.0015186,-0.0085612,buy
2011-07-04,4.12,0,0,0.33,-0.005820171, 0.00065217,-0.0035664,-0.0062232,-0.0058202,sell
2011-07-05,4.39,0,0,0.48,-0.001609270, 0.00082922, 0.0019046,-0.0031696,-0.0029064,buy
2011-07-06,2.69,0,0,0.44, 0.006104789, 0.00610479, 0.0093279, 0.0061048, 0.0077241,buy
2011-07-07,1.35,0.06,0.93,0.48,-0.013547962,-0.00530860,-0.0150417,-0.0007880,-0.0053086,sell
2011-07-08,0.74,0.19,2.75,0.36, 0.003972177, 0.00562254,-0.0047613, 0.0061675,-0.0038486,buy
2011-07-09,0.42,0.2,4.52,0.12,-0.009496553,-0.01034994,-0.0100316,-0.0010173,-0.0094966,sell
2011-07-10,0,0.07,2.89,0, 0.013541897, 0.01164379, 0.0135419, 0.0135419, 0.0157174,buy
2011-07-11,0,0,2.18,0.1, 0.003072236, 0.00152356, 0.0144187, 0.0029871, 0.0063970,buy
2011-07-12,0,0.03,1.98,0.27,-0.014023365,-0.00519340,-0.0031114,-0.0082497,-0.0051934,sell
2011-07-13,0.43,0.12,1.27,0.39, 0.003688392, 0.00394566, 0.0050015, 0.0050479, 0.0044384,buy
2011-07-14,0.93,0.19,0.77,0.2, 0.007930045, 0.00574455, 0.0078410, 0.0049730, 0.0048639,buy
2011-07-15,1.78,0.09,0.48,0.07, 0.010975057, 0.00600325, 0.0019019, 0.0007145, 0.0081986,buy
2011-07-16,1.55,0,0,0, 0.013386749, 0.01338397, 0.0028451, 0.0079180, 0.0071592,buy
2011-07-17,0.71,0,0,0,-0.006833379,-0.00471974,-0.0044077,-0.0070940,-0.0068334,sell
2011-07-18,0.32,0,0,0,-0.005324213,-0.00369444, 0.0026454,-0.0036944, 0.0069197,buy
2011-07-25,0.36,0.04,0,0, 0.011550548, 0.01302645, 0.0137817, 0.0043683, 0.0105915,buy
2011-07-26,0.85,0.07,0,0,-0.007112477,-0.00385406,-0.0071125,-0.0031162, 0.0006671,buy
2011-07-27,1.78,0.12,0,0,-0.006628974,-0.00488795,-0.0052938,-0.0071536, 0.0074830,buy
2011-07-28,1.55,0.18,0,0, 0.003645546, 0.00134692, 0.0035785, 0.0008234, 0.0048734,buy
2011-07-29,0.65,0.2,0,0,-0.005746482,-0.00565674, 0.0076103,-0.0078273,-0.0078273,sell
2011-07-30,0.46,0.15,0,0.11,-0.008179711, 0.00497724,-0.0018310,-0.0081054,-0.0082960,buy
2011-07-31,1.81,0.11,0,0.24,-0.005403758, 0.00272500,-0.0136612, 0.0042569, 0.0041445,buy
2011-08-01,2.49,0.09,0,0.4,-0.009186400,-0.00159336,-0.0091798,-0.0047752,-0.0014061,buy
2011-08-02,2.04,0.08,0.53,0.3,-0.004979586, 0.00652080,-0.0062535, 0.0079804, 0.0054178,buy
2011-08-03,1.78,0.11,1.61,0.25,-0.014247969,-0.01196005,-0.0119087,-0.0119087,-0.0085344,sell
2011-08-04,1.28,0.2,3.33,0.31,-0.005966675, 0.00518505,-0.0086542,-0.0053990,-0.0069417,buy
2011-08-05,0.69,0.29,3.93,0.39,-0.014219946, 0.00431454,-0.0132473,-0.0128897,-0.0150905,sell
2011-08-06,0.37,0.33,2.82,0.24,-0.002020364, 0.00501323,-0.0001581, 0.0008191, 0.0140555,buy
2011-08-07,0,0.4,2.7,0.14,-0.015423920,-0.00623862,-0.0089184,-0.0127534, 0.0160690,sell
2011-08-08,0,0.35,1.96,0.25,-0.015345228,-0.00518787,-0.0062696,-0.0111673, 0.0162039,sell
2011-08-09,0,0.26,0.8,0.4,-0.020274842,-0.01458282,-0.0142035,-0.0087649,-0.0199108,sell
2011-08-10,0,0.28,0,0.33, 0.001463773,-0.00056800,-0.0061791, 0.0163370, 0.0013903,buy
2011-08-11,0,0.26,0,0.18, 0.013499448, 0.00123392,-0.0013456, 0.0135104, 0.0134820,buy
2011-08-12,0,0.16,0,0.1,-0.006716769,-0.00907606,-0.0026524,-0.0067168,-0.0106314,sell
2011-08-13,0,0.07,0,0,-0.015758760,-0.00641195, 0.0013979,-0.0134808,-0.0077724,sell
2011-08-14,0,0.04,0,0,-0.016060505,-0.01635416,-0.0101749,-0.0161528,-0.0164387,sell
2011-08-15,0,0,0.45,0,-0.001399802,-0.00103749,-0.0034399, 0.0032266,-0.0166331,buy
2011-08-16,0,0,0.77,0, 0.014565919, 0.00421359,-0.0000984, 0.0144482, 0.0127846,buy
2011-08-17,0,0,1.33,0, 0.013019553,-0.00281630,-0.0034964, 0.0086365, 0.0113217,buy
2011-08-18,0,0,2,0,-0.005251099,-0.00539956,-0.0053996,-0.0053996, 0.0130114,buy
2011-08-19,0,0,1.7,0,-0.005034792,-0.00739975,-0.0068230,-0.0090536,-0.0086569,sell
2011-08-20,0,0.13,0.98,0, 0.000257231,-0.00021936,-0.0074052, 0.0012843,-0.0098786,buy
2011-08-21,0,0.28,0.56,0.07, 0.007525044,-0.01255847,-0.0148810, 0.0035085, 0.0050450,buy
2011-08-22,0,0.32,0,0.12,-0.009283237,-0.01472492,-0.0217301,-0.0088926,-0.0072261,sell
2011-08-23,0,0.24,0,0.19, 0.020543180, 0.00922078, 0.0067075, 0.0065227, 0.0152103,buy
2011-08-24,0.59,0.08,0,0.31, 0.011865517, 0.01082826, 0.0153807, 0.0151749, 0.0107283,buy
2011-08-25,1.78,0.03,0,0.4, 0.001772863,-0.00526812,-0.0072114,-0.0020530, 0.0123893,buy
2011-08-26,2.16,0,0,0.31, 0.015127924, 0.01512792, 0.0107715, 0.0149696, 0.0151279,buy
2011-08-27,1.57,0,0,0.19,-0.005722829,-0.00721037,-0.0047176,-0.0067651, 0.0062576,buy
2011-08-28,2.2,0,0,0.12,-0.013650478,-0.00486629,-0.0083220,-0.0072651,-0.0136505,sell
2011-08-29,2.57,0,0,0.07, 0.001142396, 0.00401062,-0.0001485, 0.0011626, 0.0011626,buy
2011-08-30,2.33,0,0,0, 0.007967418, 0.01623398, 0.0132295, 0.0163873, 0.0173053,buy
2011-08-31,0.81,0,0,0, 0.009107272, 0.00560035, 0.0122417, 0.0049713, 0.0089598,buy
2011-09-01,0.63,0,0,0, 0.007704262, 0.00951168, 0.0094415, 0.0075809, 0.0045036,buy
2011-09-02,1.51,0,0,0, 0.018140537, 0.01257601, 0.0060330, 0.0136138, 0.0128888,buy
2011-09-03,1.8,0,0,0,-0.003783305,-0.00106707,-0.0079002,-0.0080978,-0.0020795,buy
2011-09-04,0.87,0,0,0,-0.000622550, 0.00058076, 0.0074220, 0.0067899, 0.0002635,buy
2011-09-05,0.36,0,0,0, 0.004003725, 0.01038918, 0.0087672, 0.0125238, 0.0134906,buy
2011-09-07,0,0.08,0.34,0, 0.006244403, 0.00014942, 0.0103637, 0.0072047, 0.0065246,buy
2011-09-08,0,0.2,0.59,0,-0.006728545, 0.01288191, 0.0128819, 0.0032117, 0.0131532,buy
2011-09-09,0,0.12,1.02,0,-0.004271712,-0.00921650,-0.0120440,-0.0105739,-0.0092165,sell
2011-09-10,0,0,1.77,0,-0.020557735,-0.01670975,-0.0205577,-0.0194595,-0.0185895,sell
2011-09-11,1.19,0,1.98,0,-0.006768921,-0.00409947,-0.0017313, 0.0035972, 0.0014361,buy
2011-09-12,1.75,0,1.27,0, 0.010833211, 0.00754379,-0.0042503, 0.0059536,-0.0022829,buy
2011-09-13,0.54,0,0.73,0, 0.000581190,-0.00755591, 0.0016453,-0.0053209,-0.0212753,sell
2011-09-14,1.49,0,0.42,0,-0.005521840, 0.00822906,-0.0007845, 0.0064249,-0.0037473,buy
2011-09-15,1.77,0.04,0,0,-0.014705987,-0.00784638,-0.0159837,-0.0142537,-0.0086285,sell
2011-09-16,0.38,0.11,0,0, 0.010785978, 0.00813343, 0.0051808, 0.0054604, 0.0077428,buy
2011-09-17,0,0.2,0,0.12,-0.005449812,-0.01258471,-0.0002417,-0.0141074,-0.0127163,sell
2011-09-18,0.54,0.11,0,0.36, 0.017822355, 0.01646049, 0.0173340, 0.0169176, 0.0164605,buy
2011-09-19,1.6,0.03,0,0.4, 0.006380540,-0.01296653,-0.0102751, 0.0033578, 0.0043956,buy
2011-09-20,2.19,0,0,0.14,-0.012650318,-0.00200722,-0.0084427,-0.0071885,-0.0128366,sell
2011-09-21,1.4,0,0,0, 0.021745468,-0.00312522,-0.0074927, 0.0113898,-0.0007599,buy
2011-09-22,1.34,0,0,0, 0.000941618,-0.00579274,-0.0054384,-0.0014614,-0.0067555,sell
2011-09-23,1.78,0,0,0, 0.001098473, 0.00650037,-0.0088232, 0.0003127, 0.0057894,buy
2011-09-24,1.33,0.08,0,0,-0.004032784,-0.00261252,-0.0080059,-0.0066321, 0.0035434,buy
2011-09-25,0.75,0.19,0.46,0,-0.007733035,-0.00305533, 0.0010918,-0.0081702,-0.0081702,sell
2011-09-26,0.42,0.37,0.64,0.11,-0.019511413,-0.01689706,-0.0226397,-0.0194358,-0.0146568,sell
2011-09-27,0,0.34,1.38,0.41,-0.010720744, 0.00081350,-0.0083021,-0.0037015, 0.0095611,buy
2011-09-28,1.37,0.18,2.65,0.78,-0.015958476, 0.00213977,-0.0138796, 0.0064868,-0.0113273,buy
2011-09-29,3.2,0.18,3.74,0.45,-0.022292885,-0.01515490,-0.0222929,-0.0156365,-0.0212651,sell
2011-09-30,2.72,0.2,2.96,0.2,-0.018920402,-0.02202806,-0.0183884,-0.0204077,-0.0183884,sell
2011-10-01,0.96,0.14,1.9,0.18,-0.018582893,-0.01755119,-0.0078740,-0.0168035,-0.0178447,sell
2011-10-02,0.44,0.09,1.1,0.34, 0.009940132, 0.00503814, 0.0102418, 0.0102418, 0.0085656,buy
2011-10-03,0,0.06,0.78,0.4, 0.006227582,-0.01185158, 0.0022787, 0.0022787, 0.0022746,buy
2011-10-04,0,0.04,0.54,0.25, 0.008860256, 0.00979514, 0.0097180, 0.0103131, 0.0084233,buy
2011-10-05,0,0,0.38,0.13, 0.017072730,-0.00044598, 0.0146380, 0.0100485, 0.0102199,buy
2011-10-06,0.57,0,0,0.07, 0.001139066,-0.00068159,-0.0013523,-0.0018816,-0.0010170,buy
2011-10-07,1.75,0,0,0, 0.013236672, 0.01108571, 0.0132367, 0.0132367, 0.0116979,buy
2011-10-08,1.77,0,0,0,-0.013913694,-0.01391369,-0.0139137,-0.0135043,-0.0125058,sell
2011-10-09,0.57,0,0,0, 0.001444638,-0.00327392, 0.0004862,-0.0034548,-0.0033081,buy
2011-10-11,0.92,0,0.45,0, 0.004737517, 0.00522703, 0.0070568, 0.0067577, 0.0082282,buy
2011-10-12,1.77,0,1.34,0,-0.003303323, 0.00000391,-0.0109726,-0.0069348,-0.0077493,sell
2011-10-13,0.79,0.06,1.96,0,-0.001198310, 0.01389459, 0.0202633, 0.0058459, 0.0077943,buy
2011-10-14,0,0.19,0.95,0.09, 0.009854854,-0.00024964, 0.0100299, 0.0012251,-0.0016400,buy
2011-10-15,0,0.2,0.71,0.23, 0.007005448, 0.01034928, 0.0132177, 0.0070142, 0.0089376,buy
2011-10-16,0,0.12,2,0.4,-0.002457405,-0.00378178,-0.0087327,-0.0007591,-0.0039860,sell
2011-10-17,0,0.2,1.33,0.26, 0.007650487, 0.00732910, 0.0073291, 0.0166632, 0.0040515,buy
2011-10-18,0,0.15,0.34,0.27, 0.007397720, 0.00697608,-0.0005975,-0.0005254, 0.0073142,buy
2011-10-19,0,0,0,0.39,-0.006209060,-0.01165983,-0.0086963,-0.0095854,-0.0113114,sell
2011-10-20,0.71,0,0,0.28, 0.001666385,-0.01037206,-0.0111221,-0.0099135,-0.0001703,sell
2011-10-21,1.74,0,0.36,0.09,-0.016684767,-0.01740247,-0.0152086,-0.0008348,-0.0172591,sell
2011-10-22,1.8,0,0.54,0,-0.010508800,-0.01050880,-0.0145726,-0.0145726,-0.0104178,sell
2011-10-23,0.74,0,0.79,0, 0.012037495, 0.00639089, 0.0063221, 0.0097509, 0.0017154,buy
2011-10-24,0,0,1.16,0.12, 0.008992723, 0.00920314, 0.0054012, 0.0085656, 0.0098378,buy
2011-10-25,0,0,1.7,0.22, 0.009646859, 0.00798793, 0.0038537, 0.0038612, 0.0026685,buy
2011-10-26,0,0,1.98,0.51,-0.015061813,-0.00884137,-0.0189515,-0.0191881,-0.0190491,sell
2011-10-27,0,0.07,2.32,0.61,-0.004172079,-0.01008767,-0.0032913,-0.0032253,-0.0145354,sell
2011-10-28,0,0.18,2.81,0.61,-0.008191149,-0.00603489,-0.0068723,-0.0082213,-0.0048387,sell
2011-10-29,0,0.2,2.73,0.41,-0.005010798,-0.00501080,-0.0050429,-0.0039392,-0.0034895,sell
2011-10-30,0,0.08,1.47,0.35,-0.006961869,-0.01881232,-0.0182505,-0.0147153,-0.0188123,sell
2011-10-31,0,0,0.75,0.63, 0.018897271, 0.01955978, 0.0182053, 0.0155279, 0.0182450,buy
2011-11-01,0.38,0,0,0.74, 0.010113217, 0.00797894, 0.0066380, 0.0244402, 0.0226863,buy
2011-11-02,2.02,0,0,0.3,-0.015820378,-0.01163934,-0.0153775,-0.0166897,-0.0144168,sell
2011-11-03,3.58,0.04,0,0, 0.009186686, 0.01733843, 0.0187236, 0.0190564,-0.0001427,buy
2011-11-04,1.91,0.06,0,0.09,-0.011398746,-0.01310697,-0.0113987,-0.0076425,-0.0113987,sell
2011-11-05,0.32,0.1,0,0.18,-0.013174222,-0.01636644,-0.0125643,-0.0145051,-0.0104204,sell
2011-11-06,0,0.15,0,0.33,-0.007239733,-0.00995863,-0.0124107,-0.0117737,-0.0040675,sell
2011-11-07,0,0.2,0,0.4, 0.006113733, 0.00374054,-0.0075236,-0.0061287, 0.0064435,buy
2011-11-08,0,0.16,0,0.25,-0.007777232,-0.01010481,-0.0095698,-0.0092481,-0.0040342,sell
2011-11-09,0,0.1,0,0.13,-0.015147222,-0.01403498,-0.0140811,-0.0150140,-0.0152876,sell
2011-11-10,0,0.07,0,0.07, 0.010808632, 0.00142410, 0.0012310, 0.0028215, 0.0060258,buy
2011-11-11,0,0.04,0,0, 0.011703252, 0.01111220, 0.0123393, 0.0143365, 0.0107623,buy
2011-11-12,0,0,0,0, 0.007992139, 0.00797509, 0.0068006, 0.0073341, 0.0079544,buy
2011-11-13,0.36,0,0,0, 0.000150001, 0.00485428, 0.0124269, 0.0088712, 0.0083422,buy
2011-11-14,0.62,0,0.67,0,-0.001363681, 0.00449817, 0.0043185, 0.0206118, 0.0126680,buy
2011-11-15,1.07,0,2.05,0, 0.008216627,-0.00435198,-0.0001414, 0.0126268, 0.0050022,buy
2011-11-16,1.78,0,2.88,0, 0.010869271,-0.00687560, 0.0034392,-0.0018735, 0.0041064,buy
2011-11-17,1.74,0,2.51,0, 0.000645969,-0.00722665,-0.0008851,-0.0040395, 0.0009370,buy
2011-11-18,1.01,0,2.45,0.07,-0.009620794,-0.00695007,-0.0063372,-0.0040726,-0.0065343,sell
2011-11-19,1.04,0,1.98,0.18,-0.005448716, 0.00641475, 0.0064148, 0.0043563, 0.0041120,buy
2011-11-20,1,0,2.06,0.4, 0.000588239,-0.00048347, 0.0152112, 0.0066826, 0.0066826,buy
2011-11-21,1.43,0,2.71,0.35,-0.005958725,-0.00714458,-0.0074651,-0.0046274,-0.0094542,sell
2011-11-22,2.58,0,3.36,0.14,-0.004471360,-0.00248131,-0.0037770,-0.0005831,-0.0027337,buy
2011-11-23,3.58,0,3.27,0, 0.002305325, 0.00189421,-0.0037501, 0.0018942,-0.0028183,buy
2011-11-24,2.61,0,4.14,0, 0.002891090, 0.00358195, 0.0025113, 0.0035820, 0.0050144,buy
2011-11-25,1.48,0,3.65,0.11, 0.009989637, 0.00856382, 0.0054390, 0.0072200, 0.0111268,buy
2011-11-26,1.32,0,1.74,0.34, 0.007473507, 0.00701963, 0.0155313, 0.0145603, 0.0135208,buy
2011-11-27,2.24,0,0.53,0.39, 0.018446392, 0.01894392, 0.0172917, 0.0163720, 0.0165415,buy
2011-11-28,1.91,0,0,0.15,-0.005098940,-0.00584854,-0.0048434,-0.0110321,-0.0110193,sell
2011-11-29,0.49,0,0,0.1,-0.010290921,-0.00022492,-0.0007368,-0.0044288, 0.0008817,buy
2011-11-30,0,0,0,0.17, 0.004792307, 0.00465580, 0.0045665, 0.0049860, 0.0049860,buy
2011-12-01,0,0,0,0.29,-0.002863413,-0.00286341,-0.0028634,-0.0048423, 0.0110857,buy
2011-12-02,0,0,0,0.4,-0.013381535,-0.01845549,-0.0128943,-0.0128943,-0.0102579,sell
2011-12-03,0.53,0,0,0.39,-0.012080881,-0.01311715,-0.0122658,-0.0122776,-0.0043840,sell
2011-12-04,1.1,0,0,0.58, 0.022338588, 0.00838376, 0.0216756, 0.0116265, 0.0116770,buy
2011-12-05,1.78,0,0,0.49,-0.005275970,-0.00977538,-0.0073224,-0.0095630,-0.0090755,sell
2011-12-06,1.37,0,0,0.08, 0.004530683,-0.00054542,-0.0004206, 0.0051595,-0.0005454,buy
2011-12-07,0.66,0,0,0, 0.000799664, 0.00878309, 0.0099555, 0.0017950,-0.0000100,buy
2011-12-08,0.31,0,0,0,-0.004930430, 0.00194090, 0.0026454, 0.0020902, 0.0097573,buy
2011-12-16,0,0,0,0.07, 0.013578105, 0.01284050, 0.0106998, 0.0131379, 0.0144280,buy
2011-12-17,0,0,0.47,0.21,-0.001502696, 0.00643784, 0.0088537, 0.0042014,-0.0037932,buy
2011-12-18,0,0,1.46,0.39, 0.006215377, 0.00449976, 0.0044998, 0.0035703, 0.0089117,buy
2011-12-19,0,0,3.31,0.37, 0.012012194, 0.01940094, 0.0120122, 0.0288648, 0.0242884,buy
2011-12-20,0.4,0,5.34,0.5,-0.008328235,-0.00643385,-0.0072957,-0.0021737,-0.0031587,buy
2011-12-21,0.99,0,5.27,0.56,-0.011523077,-0.00261356,-0.0088710,-0.0016774,-0.0058401,sell
2011-12-22,1.77,0,3.17,0.55,-0.013299369,-0.01201350,-0.0190878,-0.0132994,-0.0061557,sell
2011-12-23,1.25,0,1.98,0.37, 0.003096456, 0.00276111, 0.0169544, 0.0077405, 0.0077405,buy
2011-12-24,0.5,0,1.56,0.15, 0.007218230,-0.00141229, 0.0131442, 0.0072852, 0.0071479,buy
2011-12-25,0,0,0.9,0,-0.001587614,-0.00199923,-0.0148295,-0.0072988,-0.0071781,sell
2011-12-26,0,0,0.53,0, 0.007068696, 0.01614709, 0.0100715, 0.0109556, 0.0100715,buy
2011-12-27,0,0,0,0,-0.009123831, 0.00074570, 0.0011459, 0.0010564,-0.0083150,buy
2011-12-28,0,0,0,0,-0.004015453, 0.00042960, 0.0020313,-0.0024263, 0.0004430,buy
2011-12-29,0,0,0,0,-0.000716756, 0.00555448, 0.0035985, 0.0078768,-0.0003603,buy
2011-12-30,0,0,0,0.11, 0.008984589, 0.00904601, 0.0046861, 0.0125876, 0.0089846,buy
2011-12-31,0,0,0,0.3, 0.006908276, 0.00115651,-0.0017116,-0.0009911,-0.0031176,buy
2012-01-01,0,0,0,0.4, 0.006988264,-0.00461252, 0.0091831,-0.0038753,-0.0001142,buy
2012-01-02,0,0,0,0.19,-0.006378153, 0.00209605,-0.0073899, 0.0104684,-0.0072561,buy
2012-01-03,0,0,0,0.07, 0.013578105, 0.01284050, 0.0106998, 0.0131379, 0.0144280,buy
2012-01-05,0,0,0.37,0, 0.001208944, 0.00398073, 0.0081405, 0.0031400, 0.0042909,buy
2012-01-06,0,0,2.11,0, 0.002957287,-0.00083637, 0.0085701, 0.0013089, 0.0132034,buy
2012-01-07,0.66,0,3.94,0.11, 0.011569035, 0.01443364, 0.0144448, 0.0122646, 0.0144448,buy
2012-01-08,1.78,0,2.16,0.39, 0.001235418,-0.00343229, 0.0002033, 0.0036753, 0.0057386,buy
2012-01-09,1.33,0,0.36,0.39,-0.008900652,-0.00357533,-0.0081488,-0.0078353,-0.0118326,sell
2012-01-10,0.69,0,0,0.11,-0.004280752,-0.00258272,-0.0064774,-0.0029888,-0.0042961,sell
2012-01-11,1.09,0,0,0, 0.004481032, 0.00288320,-0.0044332, 0.0038423, 0.0039261,buy
2012-01-12,2.64,0,0,0, 0.008702674,-0.00647344, 0.0008130,-0.0023794, 0.0023008,buy
2012-01-13,3.58,0,0.61,0, 0.005954817, 0.01250777, 0.0011309, 0.0068635,-0.0030328,buy
2012-01-14,1.9,0,2.48,0, 0.007772601, 0.00887703,-0.0016612, 0.0102780, 0.0102780,buy
2012-01-15,0.75,0,3.94,0, 0.011010758,-0.00041671, 0.0035965, 0.0045379, 0.0035965,buy
2012-01-16,0,0,2.69,0, 0.004932321, 0.00860177, 0.0037768, 0.0034709, 0.0030752,buy
2012-01-17,0,0,0.72,0.07, 0.000635030, 0.00716831, 0.0014046,-0.0049308, 0.0072975,buy
2012-01-18,0,0,0,0.18,-0.008354973,-0.01323529,-0.0093375,-0.0028800,-0.0109364,sell
2012-01-19,0,0,0.78,0.4, 0.010974931, 0.00188171, 0.0081788, 0.0059470, 0.0083212,buy
2012-01-20,0,0,2.72,0.49, 0.000569719, 0.00724351, 0.0023978, 0.0131461, 0.0158107,buy
2012-01-21,0,0,3.57,0.46, 0.019373898, 0.02305380, 0.0193739, 0.0260520, 0.0267672,buy
2012-01-22,0.87,0,2.57,0.39,-0.002439961,-0.00243996, 0.0058121,-0.0020954,-0.0007279,buy
2012-01-23,1.77,0,0.87,0.22, 0.010254211, 0.00594435, 0.0095922, 0.0080048, 0.0092811,buy
2012-01-24,0.84,0,0.36,0.1, 0.005764019, 0.00576402, 0.0057640, 0.0019966, 0.0050941,buy
2012-01-25,0,0,0,0, 0.002387339,-0.00036710, 0.0087280,-0.0125944, 0.0025718,sell
2012-01-26,0,0,0,0.22, 0.002273412, 0.00277220, 0.0012634, 0.0091228, 0.0082777,buy
2012-01-27,0,0,0.63,0.47,-0.014159138,-0.01520810,-0.0132465,-0.0136125,-0.0157276,sell
2012-01-28,0,0,1.96,0.47,-0.007388031,-0.00683452,-0.0073115,-0.0043101,-0.0041405,sell
2012-01-29,0,0,1.43,0.4, 0.003901979, 0.00167506,-0.0096684,-0.0048530, 0.0013447,buy
2012-01-30,0,0,0.34,0.13, 0.019047977, 0.00650369, 0.0157273, 0.0115149, 0.0148893,buy
2012-01-31,0,0.06,0,0, 0.000691381, 0.00523961, 0.0042317, 0.0042317, 0.0088280,buy
2012-02-01,0,0.19,0,0,-0.007975221, 0.00906079, 0.0028172, 0.0062337, 0.0083174,buy
2012-02-02,0,0.2,0,0,-0.017756793,-0.00125373,-0.0170058,-0.0145575,-0.0068246,sell
2012-02-03,0,0.06,0,0, 0.000691381, 0.00523961, 0.0042317, 0.0042317, 0.0088280,buy
2012-02-04,0,0.04,0,0,-0.012578191,-0.01220462,-0.0148805,-0.0133387,-0.0143111,sell
2012-02-05,0,0.07,0,0,-0.018665793,-0.02061002,-0.0139099,-0.0167579,-0.0181320,sell
2012-02-06,0,0.12,0,0,-0.002442567,-0.00244445,-0.0002238,-0.0085732,-0.0066993,sell
2012-02-07,0,0.2,0,0,-0.002026586,-0.00299322,-0.0007047,-0.0002395,-0.0030691,buy
2012-02-08,0,0.18,0,0, 0.006794877, 0.00735112, 0.0089725, 0.0080774, 0.0008666,buy
2012-02-09,0,0.1,0,0,-0.002164014,-0.00114493, 0.0020092,-0.0017524,-0.0056759,sell
2012-02-10,0,0.05,0,0, 0.002425662,-0.00580957,-0.0051615, 0.0008392, 0.0023108,buy
2012-02-11,0,0,0,0, 0.003627943, 0.00698990, 0.0092082, 0.0049161, 0.0068881,buy
2012-02-12,0.47,0,0,0, 0.003024672, 0.00351682, 0.0015221,-0.0052621,-0.0034000,buy
2012-02-13,1.77,0,0,0, 0.003116563, 0.00194144, 0.0025873, 0.0043108, 0.0040993,buy
2012-02-14,1.25,0,0,0.18, 0.002832713,-0.00633884,-0.0019685,-0.0046281,-0.0056102,sell
2012-02-15,0,0,0.68,0.39, 0.000212178, 0.00180472,-0.0072270,-0.0018346,-0.0077628,sell
2012-02-16,0.37,0,1.98,0.32, 0.010483384, 0.00263166, 0.0091554, 0.0087736, 0.0083261,buy
2012-02-17,0.94,0,1.66,0.12,-0.005802955,-0.00288338,-0.0028834,-0.0057710,-0.0056366,sell
2012-02-18,1.8,0,1.96,0, 0.000691065, 0.00194895, 0.0029307, 0.0088828, 0.0097019,buy
2012-02-19,1.32,0,1.67,0, 0.002613028, 0.00292819, 0.0096922, 0.0097192, 0.0026130,buy
2012-02-20,0.53,0,0,0,-0.002999350, 0.00630721,-0.0076769,-0.0086156,-0.0059713,buy
2012-02-21,0,0,0,0, 0.004843919, 0.00022092, 0.0032391, 0.0037647, 0.0047132,buy
2012-02-22,0,0.07,0,0, 0.002521871,-0.00533797, 0.0041119, 0.0007405, 0.0009001,buy
2012-02-23,0,0.19,0.66,0,-0.001049787, 0.01360730, 0.0134652, 0.0039518, 0.0149341,buy
2012-02-24,0,0.07,1.4,0, 0.001277321, 0.00813804, 0.0022771, 0.0022771, 0.0020183,buy
2012-02-25,0,0,1.98,0, 0.006840047,-0.01209397,-0.0115639,-0.0099235,-0.0024519,sell
2012-02-26,0,0,1.94,0,-0.011680873, 0.00384135, 0.0003476, 0.0018170, 0.0045036,buy
2012-02-27,0,0,2.11,0, 0.002957287,-0.00083637, 0.0085701, 0.0013089, 0.0132034,buy
2012-02-28,0,0,1.98,0, 0.006840047,-0.01209397,-0.0115639,-0.0099235,-0.0024519,sell
2012-02-29,0,0,1.09,0,-0.010210370,-0.01136332,-0.0097395,-0.0110597,-0.0110597,sell
2012-03-01,0,0,0.45,0, 0.009013355,-0.00899028, 0.0120495, 0.0071386, 0.0038302,buy
2012-03-02,0,0.11,0,0, 0.007630985, 0.00285234,-0.0022534,-0.0011677, 0.0025827,buy
2012-03-03,0,0.32,0,0,-0.010187070,-0.01437485,-0.0188437,-0.0100624,-0.0073932,sell
2012-03-04,0,0.36,0.45,0,-0.001811456,-0.00167833,-0.0066720,-0.0064034,-0.0048878,sell
2012-03-05,0,0.17,1.18,0,-0.006754895,-0.01089162,-0.0054057,-0.0080865,-0.0084571,sell
2012-03-06,0,0.04,1.98,0, 0.002851254, 0.00565260, 0.0068968, 0.0056053, 0.0008168,buy
2012-03-07,0,0,1.27,0, 0.004212126, 0.00228241, 0.0021643, 0.0055762, 0.0022426,buy
2012-03-08,0,0,0.49,0,-0.003813645,-0.00338904,-0.0020346, 0.0010629,-0.0142664,sell
2012-03-09,0.31,0,0,0, 0.005522192, 0.00823345, 0.0055118, 0.0078180, 0.0119139,buy
2012-03-10,0.76,0,0,0,-0.009689268,-0.01193850,-0.0131683,-0.0172294,-0.0146486,sell
2012-03-11,1.15,0,0,0,-0.008722890,-0.01222641,-0.0085764,-0.0159929,-0.0061512,sell
2012-03-12,2.73,0,0,0, 0.008628953,-0.00272251, 0.0026599, 0.0006765,-0.0028043,buy
2012-03-13,5.5,0,0,0, 0.006549807, 0.01423911, 0.0088382, 0.0117003, 0.0028917,buy
2012-03-14,7.07,0,0,0, 0.006379541, 0.01378535, 0.0081628, 0.0081628, 0.0034120,buy
2012-03-15,4.64,0,0,0,-0.010716326, 0.00113449,-0.0036493,-0.0036493,-0.0070685,sell
2012-03-16,2.12,0,0,0,-0.008622457,-0.01419634,-0.0070949,-0.0086225,-0.0065852,sell
2012-03-17,1.45,0,0,0, 0.007969697, 0.00541433, 0.0034225, 0.0084336, 0.0079040,buy
2012-03-18,1,0,0,0,-0.001008983,-0.00029923,-0.0010090,-0.0058221,-0.0032819,buy
2012-03-19,0.52,0,0,0, 0.003520385, 0.01091656, 0.0028502, 0.0077132, 0.0088873,buy
2012-03-20,0.38,0,0,0,-0.000857769, 0.00316745, 0.0131749, 0.0045336, 0.0047352,buy
2012-03-21,0,0,0,0, 0.002616491, 0.00173338, 0.0004203,-0.0058143, 0.0005553,buy
2012-03-22,0,0,0,0, 0.009711360, 0.00656600, 0.0065511,-0.0030958, 0.0097114,buy
2012-03-23,0,0,0,0,-0.008092408,-0.00369225,-0.0031179,-0.0068352, 0.0065107,buy
2012-03-24,0,0,0,0,-0.000716756, 0.00555448, 0.0035985, 0.0078768,-0.0003603,buy
2012-03-25,0,0,0,0, 0.005971200, 0.00597120, 0.0044909, 0.0059712, 0.0057028,buy
2012-03-26,0,0,0,0, 0.004312849,-0.00437179,-0.0009577, 0.0008188,-0.0031383,buy
2012-03-27,0,0,0,0.08,-0.008520877,-0.00023677, 0.0008167, 0.0051052, 0.0043456,buy
2012-03-28,0,0,0.69,0.19,-0.006796566,-0.00122351,-0.0018023,-0.0024640,-0.0067668,sell
2012-03-29,0,0,1.96,0.4, 0.006688708, 0.00396485, 0.0054304,-0.0014654, 0.0026716,buy
2012-03-30,0,0,1.41,0.35, 0.001111473, 0.01148537, 0.0069952, 0.0036789, 0.0109505,buy
2012-03-31,0,0,0.4,0.14,-0.005827786, 0.01219308,-0.0051692, 0.0067902, 0.0029148,buy
2012-04-03,0,0,0,0.08,-0.008520877,-0.00023677, 0.0008167, 0.0051052, 0.0043456,buy
2012-04-04,0,0,0,0.17, 0.000748457,-0.01034602,-0.0054439,-0.0036394,-0.0107149,sell
2012-04-05,0,0.04,0,0.44,-0.001914869,-0.00496426,-0.0047985,-0.0183313,-0.0145322,sell
2012-04-06,0,0.04,0,0.56,-0.010946541,-0.00853829,-0.0085383,-0.0088283,-0.0085383,sell
2012-04-07,0,0.05,0.56,0.59,-0.005663631,-0.01258749,-0.0114302,-0.0093031,-0.0126133,sell
2012-04-08,0,0.05,1.17,0.48, 0.008119651, 0.00619003,-0.0022944,-0.0038077, 0.0025857,buy
2012-04-09,0,0.05,2,0.17,-0.014012355,-0.01445271,-0.0026716,-0.0130593,-0.0144527,sell
2012-04-10,0,0.06,1.61,0.07,-0.013692047,-0.01276965, 0.0064948,-0.0106866,-0.0123739,sell
2012-04-11,0,0.06,0.8,0, 0.004029867,-0.00204849,-0.0024389, 0.0011007, 0.0002110,buy
2012-04-12,0,0.06,0.39,0, 0.002758023, 0.00225756, 0.0049930, 0.0037132,-0.0044692,buy
2012-04-13,0,0.11,0,0, 0.002461725,-0.00269902,-0.0032185,-0.0020811,-0.0022203,buy
2012-04-14,0,0.16,0,0, 0.000278517, 0.00279225,-0.0013266, 0.0063165,-0.0005536,buy
2012-04-15,0,0.27,0,0,-0.012941862,-0.00598848,-0.0170167,-0.0057236,-0.0160890,sell
2012-04-16,0,0.23,0,0,-0.013957995,-0.00927500,-0.0184103,-0.0092616,-0.0100946,sell
2012-04-17,0,0.13,0,0,-0.003025076, 0.01261752,-0.0063748,-0.0030108,-0.0026523,buy
2012-04-18,0,0.07,0,0, 0.002521871,-0.00533797, 0.0041119, 0.0007405, 0.0009001,buy
2012-04-19,0,0.07,0,0, 0.002521871,-0.00533797, 0.0041119, 0.0007405, 0.0009001,buy
2012-04-20,0,0.06,0.59,0, 0.013383835, 0.01142423, 0.0157583, 0.0097001, 0.0114759,buy
2012-04-21,0.36,0.06,1.39,0,-0.000755950,-0.00464728,-0.0028827,-0.0054515,-0.0073289,sell
2012-04-22,0.78,0.06,1.98,0,-0.001198310, 0.01389459, 0.0202633, 0.0058459, 0.0077943,buy
2012-04-23,1.69,0.05,1.18,0, 0.006313216,-0.00476234, 0.0004437, 0.0014769,-0.0006787,buy
2012-04-24,1.8,0.05,0.51,0.19,-0.012606543,-0.00980184,-0.0137146,-0.0110543,-0.0108418,sell
2012-04-25,0.87,0.05,0,0.4,-0.002718765, 0.00271592, 0.0019235, 0.0039740,-0.0056469,buy
2012-04-26,0.41,0.04,0,0.26, 0.002483917, 0.00095989, 0.0007377, 0.0097601,-0.0004190,buy
2012-04-27,0.51,0.04,0,0.08, 0.005014160,-0.00161044, 0.0068145,-0.0039816,-0.0011509,buy
2012-04-28,1.23,0,0,0, 0.006937699, 0.00860703, 0.0038684, 0.0057223, 0.0063743,buy
2012-04-29,1.77,0,0,0,-0.004985567,-0.01057231,-0.0052604,-0.0029577,-0.0069708,sell
2012-04-30,1.06,0,0,0, 0.010625998, 0.00915848, 0.0091103, 0.0092997, 0.0099348,buy
2012-05-01,0.44,0,0,0, 0.003117470, 0.00785964, 0.0022155,-0.0099861,-0.0035579,buy
2012-05-02,0,0,0.62,0,-0.008748007,-0.00561539,-0.0063590,-0.0083883,-0.0042549,sell
2012-05-03,0,0,1.69,0,-0.007164946,-0.00850157,-0.0077221,-0.0066703,-0.0044869,sell
2012-05-04,0,0.04,2,0,-0.002648318,-0.00661177,-0.0026765,-0.0022315,-0.0118417,sell
2012-05-05,0,0.17,0.78,0,-0.006207762, 0.00687960,-0.0020774,-0.0004231, 0.0082735,buy
2012-05-06,0.3,0.2,0,0,-0.018316917,-0.00312782,-0.0170234,-0.0177286,-0.0062109,sell
2012-05-07,0.41,0.05,0,0, 0.007851570, 0.00768390, 0.0088678, 0.0046480, 0.0086647,buy
2012-05-08,0.55,0,0,0,-0.002880473,-0.00418867,-0.0028169,-0.0037739,-0.0028805,buy
2012-05-09,0.72,0,0.45,0, 0.004386097, 0.00182493,-0.0048982, 0.0014569, 0.0036507,buy
2012-05-10,1.28,0,2,0, 0.009196259,-0.00274888, 0.0092076, 0.0127632, 0.0080441,buy
2012-05-11,1.59,0,1.75,0, 0.008484388, 0.00848439, 0.0022944, 0.0128294, 0.0100401,buy
2012-05-12,2.44,0,0.35,0, 0.007818029, 0.00632759, 0.0093598, 0.0044508, 0.0048855,buy
2012-05-13,5.03,0,0,0, 0.004494733, 0.02029886, 0.0118823, 0.0124379, 0.0018480,buy
2012-05-14,6.01,0,0,0, 0.006818503, 0.01370211, 0.0083009, 0.0069327, 0.0081646,buy
2012-05-15,4.11,0,0,0,-0.018797970,-0.01950461,-0.0222122,-0.0224251,-0.0083785,sell
2012-05-16,3.57,0,0,0,-0.005605662,-0.00495240, 0.0006403,-0.0056057,-0.0084380,sell
2012-05-17,3.75,0,0,0,-0.000577370,-0.00336948,-0.0012236,-0.0003533,-0.0046514,sell
2012-05-18,3.32,0,0,0,-0.008619066,-0.00977531,-0.0111542,-0.0111945,-0.0154301,sell
2012-05-19,2.97,0,0,0,-0.011188370,-0.00543390,-0.0111884,-0.0112955,-0.0113146,sell
2012-05-20,2.61,0,0,0, 0.005122739, 0.01012306, 0.0049068, 0.0058837, 0.0058837,buy
2012-05-21,2.3,0,0,0.08, 0.002605967,-0.00195212, 0.0119518, 0.0029726, 0.0012435,buy
2012-05-22,2.01,0,0,0.18, 0.015049222, 0.00589470, 0.0150492, 0.0062473,-0.0048124,buy
2012-05-23,1.49,0,0,0.4,-0.016435794,-0.00448382,-0.0164358, 0.0063069, 0.0031760,buy
2012-05-24,1.34,0,0,0.36,-0.012494425,-0.00396921,-0.0123906,-0.0122435,-0.0124735,sell
2012-05-25,1.2,0,0,0.54,-0.004287882, 0.00055435, 0.0051493, 0.0049361,-0.0001840,buy
2012-05-26,1.1,0,0.49,0.33, 0.014778670,-0.00232192, 0.0066360,-0.0072142, 0.0056141,buy
2012-05-27,0.72,0,3.01,0,-0.001894334, 0.00416510, 0.0076585, 0.0005504,-0.0016381,buy
2012-05-28,0.76,0,3.95,0,-0.012034409,-0.00895863,-0.0122910,-0.0076795,-0.0055747,sell
2012-05-29,0.8,0,1.52,0.07, 0.002208892, 0.00290468, 0.0029047,-0.0038999, 0.0019541,buy
2012-05-30,0.83,0,0.67,0.37,-0.007270715, 0.00007351, 0.0002808,-0.0047553,-0.0009588,buy
2012-05-31,0.85,0,0,0.39,-0.011217138, 0.00009256,-0.0024816,-0.0112171,-0.0126131,sell
2012-06-01,0.87,0,0,0.08,-0.005001911,-0.00333371,-0.0050019,-0.0049881,-0.0055616,sell
2012-06-02,0.89,0,0,0, 0.019945512, 0.02027429, 0.0161713, 0.0184517, 0.0186319,buy
2012-06-03,2.25,0,0,0.15,-0.011660732, 0.00127469,-0.0043243,-0.0027993,-0.0108149,sell
2012-06-04,2.66,0,0,0.47, 0.001274083, 0.00116135,-0.0033983, 0.0011614, 0.0080803,buy
2012-06-05,1.25,0,0,0.54, 0.010785311, 0.00941708, 0.0120340, 0.0110672, 0.0124308,buy
2012-06-06,0.92,0,0,0.39, 0.015500726, 0.00752538,-0.0046878, 0.0108327, 0.0111750,buy
2012-06-07,0.92,0,0,0.37,-0.004333171,-0.00891225,-0.0091262,-0.0127141, 0.0088074,sell
2012-06-08,2.39,0,0,0.4, 0.012727205, 0.01225274, 0.0085065, 0.0127272, 0.0141121,buy
2012-06-09,2.69,0,0,0.26, 0.007771747,-0.00112450, 0.0115728,-0.0014961,-0.0034593,buy
2012-06-10,1.27,0,0,0.28, 0.001193192,-0.00293631, 0.0007002,-0.0069644,-0.0050853,sell
2012-06-11,1.35,0.17,0,0.5,-0.007836750,-0.01146196,-0.0116448,-0.0168424,-0.0098978,sell
2012-06-12,1.97,0.2,0,0.33,-0.007700402,-0.00490578,-0.0102951,-0.0185665,-0.0083681,sell
2012-06-13,2.62,0.04,0,0, 0.004874996, 0.00696038, 0.0039263, 0.0050057, 0.0077120,buy
2012-06-14,1.98,0,0,0,-0.007569100,-0.01136189,-0.0144443,-0.0128085,-0.0055587,sell
2012-06-15,1.28,0,0.37,0, 0.001617774, 0.00724689, 0.0016178, 0.0052638, 0.0037398,buy
2012-06-16,0.76,0,0.54,0, 0.004271100,-0.00154654,-0.0010148,-0.0020229,-0.0002769,buy
2012-06-17,0.72,0,0.79,0, 0.012233484, 0.00561072, 0.0078584, 0.0112548,-0.0003263,buy
2012-06-18,0.69,0,1.74,0, 0.007220251, 0.00324770, 0.0032477, 0.0007314, 0.0032477,buy
2012-06-19,0.65,0,3.73,0.16, 0.006111910, 0.01651679, 0.0168493, 0.0086269, 0.0170594,buy
2012-06-20,0.62,0,5.29,0.4,-0.016924146,-0.00867141,-0.0109814,-0.0062329,-0.0089662,sell
2012-06-21,0.57,0,4.89,0.26,-0.023143415,-0.01478358,-0.0174385,-0.0190293,-0.0174385,sell
2012-06-22,1.18,0,3.24,0.07, 0.018562799, 0.01422603, 0.0163925, 0.0159613, 0.0188933,buy
2012-06-23,2.02,0,1.9,0,-0.006434794,-0.00732250,-0.0121832,-0.0041226, 0.0002894,buy
2012-06-24,2.25,0,1.12,0,-0.005628215, 0.00216690,-0.0054299,-0.0070903,-0.0054350,sell
2012-06-25,1.3,0,1,0,-0.019030765,-0.01419056,-0.0190308,-0.0103656,-0.0190259,sell
2012-06-26,0.77,0,0.91,0, 0.010827857, 0.00939737, 0.0032295, 0.0106915, 0.0055764,buy
2012-06-27,0.37,0.05,1.42,0.08, 0.014210979, 0.01494203, 0.0137623, 0.0107475, 0.0143962,buy
2012-06-28,0.34,0.11,2.07,0.19, 0.009134768,-0.00713369, 0.0021405, 0.0094656,-0.0065862,buy
2012-06-29,0.31,0.2,2.89,0.4, 0.001776585, 0.00225005, 0.0020017, 0.0067448,-0.0012752,buy
2012-06-30,0,0.14,2.56,0.35, 0.007453244, 0.00658142, 0.0040173, 0.0140989, 0.0065814,buy
2012-07-01,0,0.06,2.37,0.15, 0.012239841, 0.00325252, 0.0045345, 0.0045345, 0.0029911,buy
2012-07-02,0.51,0,2.58,0,-0.007255175,-0.00443484,-0.0038046,-0.0106319,-0.0020716,sell
2012-07-03,1.05,0,3.06,0, 0.008934219, 0.00691267, 0.0114286, 0.0069127, 0.0070444,buy
2012-07-04,1.8,0,3.91,0, 0.011751161, 0.00622019, 0.0058631, 0.0103004, 0.0153939,buy
2012-07-05,1.52,0,3.64,0, 0.010439862, 0.00514094, 0.0070497, 0.0063940, 0.0162972,buy
2012-07-06,0.82,0,2.74,0,-0.006902888,-0.00580254,-0.0027982,-0.0072477,-0.0033204,buy
2012-07-07,0.47,0,2.07,0,-0.005380587,-0.00044862, 0.0005326,-0.0008341,-0.0008341,buy
2012-07-08,0,0,1.6,0, 0.010936219, 0.00369131, 0.0078224, 0.0076437, 0.0147838,buy
2012-07-09,0,0,1.27,0,-0.013876232,-0.01136796,-0.0096768,-0.0084944,-0.0067454,sell
2012-07-10,0,0,1.1,0,-0.012049925,-0.01263108,-0.0115791,-0.0139149,-0.0139149,sell
2012-07-11,0.3,0,0.74,0,-0.014547698,-0.01194616,-0.0126091,-0.0112841,-0.0192825,sell
2012-07-12,0.41,0,0.95,0,-0.014929109,-0.01596839,-0.0199951,-0.0163239,-0.0186732,sell
2012-07-13,0.56,0,1.32,0.15, 0.010055493, 0.00276106, 0.0131383, 0.0107300, 0.0107300,buy
2012-07-14,0.78,0,1.98,0.42,-0.006861544,-0.00686154,-0.0010752,-0.0017426,-0.0017426,buy
2012-07-15,1.08,0.04,1.95,0.55,-0.001231602, 0.00053864,-0.0015026,-0.0015026,-0.0026502,buy
2012-07-16,1.49,0.07,1.16,0.45,-0.012376845,-0.00667883,-0.0123768, 0.0008597,-0.0081225,sell
2012-07-17,1.78,0.11,0.63,0.49,-0.006212296,-0.00302628,-0.0062123,-0.0048642,-0.0035980,sell
2012-07-18,1.55,0.18,0,0.37, 0.001058422, 0.00169690, 0.0009929,-0.0151325,-0.0014335,sell
2012-07-19,1.1,0.2,0,0.22,-0.007035147,-0.00185395,-0.0053177,-0.0070351,-0.0053177,sell
2012-07-20,0.79,0.13,0.48,0.13,-0.008594651, 0.01563927,-0.0059209,-0.0079140,-0.0079017,sell
2012-07-21,0.56,0.08,1.22,0.08, 0.004249464, 0.00453476, 0.0042495, 0.0042495, 0.0158914,buy
2012-07-22,0.81,0.05,2.53,0, 0.000189113,-0.01346928,-0.0080445,-0.0080445,-0.0036264,sell
2012-07-23,0.71,0,2.22,0, 0.001268587, 0.01120649, 0.0103341, 0.0007723, 0.0007723,buy
2012-07-24,1.26,0,2.38,0,-0.007766274,-0.00118087,-0.0017528,-0.0003798,-0.0048562,sell
2012-07-25,1.78,0,1.72,0,-0.003084243,-0.01186828,-0.0017647,-0.0097690,-0.0119155,sell
2012-07-26,1.37,0,1.57,0,-0.000319848, 0.00148776, 0.0035077, 0.0048486, 0.0015487,buy
2012-07-27,0.73,0,2.88,0, 0.002786345, 0.00278634, 0.0027863, 0.0027863,-0.0065067,buy
2012-07-28,0.76,0,2.74,0,-0.002456499, 0.00418322, 0.0107139, 0.0022433,-0.0027604,buy
2012-07-29,1.33,0,2.22,0, 0.002794933,-0.00277478,-0.0003754, 0.0036876, 0.0033077,buy
2012-07-30,2.84,0,2.34,0,-0.010179836,-0.01435473,-0.0124535,-0.0134447,-0.0145153,sell
2012-07-31,3.56,0,2.24,0,-0.001881145,-0.00261090,-0.0039586,-0.0035235,-0.0089818,sell
2012-08-01,2.04,0,2.33,0,-0.007832319,-0.01205880,-0.0092603,-0.0027912,-0.0027912,buy
2012-08-02,0.96,0,2.52,0,-0.007781035,-0.00366395, 0.0027310, 0.0011451, 0.0009623,buy
2012-08-03,0,0,1.33,0,-0.006642054,-0.00664205,-0.0036844,-0.0056793,-0.0130626,sell
2012-08-04,0,0,0.65,0,-0.011508339,-0.00063876,-0.0063737,-0.0066124,-0.0036804,sell
2012-08-07,0.35,0,0,0, 0.005657629, 0.01152453, 0.0128755, 0.0125998, 0.0146654,buy
2012-08-08,0.8,0,0,0, 0.006726646, 0.00386767, 0.0092563, 0.0008924, 0.0041477,buy
2012-08-09,1.78,0,0,0, 0.001098473, 0.00650037,-0.0088232, 0.0003127, 0.0057894,buy
2012-08-10,1.72,0,0,0, 0.004264968,-0.00266926,-0.0006206,-0.0029495,-0.0021282,buy
2012-08-11,0.74,0,0,0, 0.010553820, 0.01258920, 0.0116166, 0.0137939, 0.0172040,buy
2012-08-12,0.31,0,0,0,-0.004251919,-0.00951454,-0.0026106,-0.0035329,-0.0029133,buy
2012-08-13,0,0.06,0,0,-0.016423301,-0.01642330,-0.0145131,-0.0137966,-0.0160349,sell
2012-08-14,0,0.14,0.34,0.13,-0.005284884,-0.01400439,-0.0039012,-0.0193795,-0.0030052,sell
2012-08-15,0,0.2,1.05,0.3,-0.003054175,-0.00129320,-0.0002046,-0.0057627, 0.0037256,buy
2012-08-16,0,0.12,1.92,0.4,-0.000569397,-0.00035296, 0.0002526, 0.0048780,-0.0001552,buy
2012-08-17,0.62,0.05,2.83,0.21,-0.021119282,-0.00965267,-0.0088966,-0.0214969,-0.0251880,sell
2012-08-18,1.75,0,2.47,0.09,-0.002089275,-0.00394264,-0.0008805,-0.0017750,-0.0041486,sell
2012-08-19,1.77,0,2.14,0,-0.014711015,-0.00511618,-0.0060637, 0.0014498,-0.0032006,buy
2012-08-20,0.56,0,2,0, 0.009824178, 0.00594690, 0.0059313, 0.0027427, 0.0053953,buy
2012-08-21,0,0,2.53,0,-0.017598626,-0.00933021,-0.0135267,-0.0134194,-0.0135712,sell
2012-08-22,0,0.05,3.81,0, 0.003915270, 0.00052623, 0.0019089, 0.0049546,-0.0048758,buy
2012-08-23,0.45,0.12,4.18,0, 0.000788846, 0.00076455,-0.0004336, 0.0011397, 0.0007888,buy
2012-08-24,0.81,0.2,3.3,0,-0.006652152, 0.00035887,-0.0088844,-0.0053944,-0.0081043,sell
2012-08-25,1.48,0.13,1.55,0, 0.006082533, 0.00437807, 0.0107957, 0.0168976, 0.0107405,buy
2012-08-26,1.8,0.05,0.46,0,-0.010071633,-0.00486293,-0.0097840,-0.0134437,-0.0097865,sell
2012-08-27,1.18,0,0.34,0,-0.001881351, 0.00311855,-0.0018814, 0.0020688, 0.0034655,buy
2012-08-28,1.37,0,0.34,0,-0.000756789, 0.00552374, 0.0004663, 0.0094562, 0.0036515,buy
2012-08-29,2.06,0,1.7,0, 0.000344054,-0.00176809,-0.0008177, 0.0011085, 0.0009672,buy
2012-08-30,1.77,0,1.95,0,-0.011903932,-0.01190393,-0.0094639,-0.0179231,-0.0106737,sell
2012-08-31,0.76,0.04,0.9,0, 0.002282905, 0.00331491, 0.0021493,-0.0053153, 0.0048265,buy
2012-09-01,0.32,0.19,0.82,0.12, 0.020970429, 0.02214856, 0.0209704, 0.0205510, 0.0222335,buy
2012-09-02,0,0.16,1.49,0.29, 0.012323294, 0.01614046, 0.0158123, 0.0200919, 0.0076985,buy
2012-09-03,0.49,0,2.41,0.4, 0.003587273, 0.00283218, 0.0035873, 0.0029103, 0.0037653,buy
2012-09-04,1.77,0,2.76,0.22,-0.006278572,-0.00763215,-0.0112367,-0.0071760,-0.0078102,sell
2012-09-05,1.06,0,2.81,0.22, 0.010799836, 0.01178431, 0.0087671, 0.0018797, 0.0114576,buy
2012-09-06,0,0,1.38,0.28, 0.003874728, 0.01086073, 0.0038747, 0.0116568, 0.0020310,buy
2012-09-07,0,0,0,0.47,-0.008498552,-0.01135302,-0.0099975,-0.0134371,-0.0088075,sell
2012-09-08,0,0,0,0.62,-0.011610355,-0.00545682,-0.0053030,-0.0057073,-0.0054568,sell
2012-09-09,0,0,0,0.51,-0.020001352,-0.01415574,-0.0135972,-0.0161111,-0.0085692,sell
2012-09-10,0,0,0,0.27,-0.002911683,-0.00378046,-0.0029117,-0.0050167, 0.0104226,buy
2012-09-11,0.51,0,0,0.54,-0.004216009,-0.00915107,-0.0023517,-0.0022316,-0.0006132,buy
2012-09-12,1.41,0,0,0.61,-0.006153977,-0.00671685,-0.0017465,-0.0056413,-0.0060719,sell
2012-09-13,1.78,0,0,0.48,-0.010110104,-0.01272149,-0.0147345,-0.0124238,-0.0056396,sell
2012-09-14,0.79,0,0,0.28, 0.001157286,-0.00398947,-0.0071545,-0.0039895,-0.0028424,buy
2012-09-15,0,0,0,0.14,-0.015328304,-0.00635149,-0.0107586,-0.0130029,-0.0088303,sell
2012-09-16,0,0,0,0.07, 0.013578105, 0.01284050, 0.0106998, 0.0131379, 0.0144280,buy
2012-09-19,0,0.04,0.63,0.08, 0.014831599, 0.01034439, 0.0142486, 0.0133308, 0.0133582,buy
2012-09-20,0,0.19,1.64,0.39, 0.000542426, 0.00317481, 0.0059526, 0.0066346, 0.0005424,buy
2012-09-21,0,0.18,1.98,0.39,-0.005005937,-0.00211105, 0.0025128, 0.0030470,-0.0050059,sell
2012-09-22,0,0.04,0.88,0.15, 0.010715152, 0.00871208, 0.0142257, 0.0071696, 0.0107152,buy
2012-09-23,0,0,0,0.1,-0.009544348,-0.00442970, 0.0022848, 0.0033582, 0.0019843,buy
2012-09-24,0,0,0,0.15,-0.012430057,-0.01118464,-0.0113481,-0.0169348,-0.0128950,sell
2012-09-25,0.73,0,0.37,0.23,-0.008072289,-0.00979087,-0.0121443,-0.0099437,-0.0094190,sell
2012-09-26,1.78,0,0.89,0.34, 0.008150494, 0.00942347, 0.0087034, 0.0030303, 0.0157593,buy
2012-09-27,1.01,0.06,2,0.48,-0.010311565,-0.00772772,-0.0049697,-0.0041976,-0.0077277,sell
2012-09-28,0,0.15,1.77,0.51,-0.013286508,-0.00482033,-0.0048203,-0.0099492,-0.0132865,sell
2012-09-29,0,0.2,0.72,0.6,-0.019188141,-0.02180384,-0.0216999,-0.0222259,-0.0189081,sell
2012-09-30,0.75,0.11,0,0.46, 0.007018651, 0.00419071, 0.0072662, 0.0070376, 0.0121894,buy
2012-10-01,1.75,0.04,0.76,0.22, 0.015877850, 0.00462914, 0.0145779, 0.0120575, 0.0023514,buy
2012-10-02,1.16,0.07,1.91,0, 0.010209503,-0.00126867, 0.0102095, 0.0155322, 0.0106334,buy
2012-10-03,0.33,0.2,1.98,0, 0.006491515, 0.01176854,-0.0038829, 0.0005328, 0.0018079,buy
2012-10-04,0.49,0.19,0.79,0,-0.000310988,-0.00734042, 0.0055922,-0.0032987,-0.0025715,buy
2012-10-05,1.8,0.07,0,0.1,-0.009559207,-0.01499816,-0.0095592,-0.0059799,-0.0095592,sell
2012-10-06,1.62,0,0,0.19,-0.012303815,-0.00840879,-0.0051890,-0.0067925,-0.0091883,sell
2012-10-07,1.43,0,0.42,0.37,-0.008478249,-0.01018391,-0.0077208,-0.0134693,-0.0049078,sell
2012-10-08,2.61,0,0.89,0.4, 0.015721781, 0.01318934, 0.0142390, 0.0054855, 0.0013903,buy
2012-10-09,3.58,0,1.95,0.22,-0.003792918,-0.00120755,-0.0054428,-0.0054428,-0.0057007,sell
2012-10-10,1.82,0,2.78,0.12,-0.005181105,-0.00906730,-0.0083881, 0.0011840,-0.0066648,sell
2012-10-11,0.69,0,1.86,0, 0.004306922, 0.00151199, 0.0015120,-0.0011489, 0.0015120,buy
2012-10-12,0.34,0,1.21,0,-0.005239923,-0.00200081,-0.0152262,-0.0026330,-0.0033266,buy
2012-10-13,0.66,0,1.43,0, 0.005741851, 0.00031244,-0.0026391, 0.0039682, 0.0092012,buy
2012-10-14,1.31,0,1.66,0,-0.002817539,-0.00006704, 0.0002093, 0.0023684,-0.0020971,buy
2012-10-15,1.78,0,1.88,0.13,-0.007480769,-0.00672782, 0.0010343, 0.0047102,-0.0074808,sell
2012-10-16,1.69,0,2,0.39,-0.000030019,-0.00049879, 0.0001695, 0.0042491, 0.0041973,buy
2012-10-17,1.72,0,1.9,0.39, 0.000446647, 0.00102433, 0.0006614, 0.0059061, 0.0056375,buy
2012-10-18,2.1,0,1.73,0.13,-0.006102091,-0.00183218, 0.0003105, 0.0052689,-0.0104406,buy
2012-10-19,1.19,0,1.63,0,-0.012948404,-0.01468582,-0.0062896,-0.0066355,-0.0105389,sell
2012-10-20,0.5,0,1.54,0, 0.001086655,-0.00427181,-0.0012858, 0.0005729, 0.0081779,buy
2012-10-21,0.46,0,1.52,0, 0.002474869,-0.00111263,-0.0012858, 0.0019233, 0.0100679,buy
2012-10-22,1.14,0,1.56,0,-0.019644101,-0.01952535,-0.0100507,-0.0139532,-0.0181237,sell
2012-10-23,1.78,0,1.66,0.15, 0.001660077,-0.00487609, 0.0049655, 0.0116520,-0.0038586,buy
2012-10-24,1.11,0,1.81,0.4,-0.002115157,-0.00518868,-0.0063140,-0.0051887,-0.0159307,sell
2012-10-25,0.46,0,2,0.33,-0.009422627,-0.00691473, 0.0018288,-0.0040918,-0.0015610,buy
2012-10-26,0,0.06,1.91,0.11, 0.004801963, 0.00863915, 0.0110268,-0.0050370,-0.0018881,buy
2012-10-27,0,0.13,1.61,0.1, 0.004032066, 0.00201084,-0.0042492, 0.0028389,-0.0005395,buy
2012-10-28,0,0.2,1.85,0.22,-0.001627735, 0.00100876, 0.0023320, 0.0217432, 0.0010088,buy
2012-10-29,0,0.14,2.32,0.4,-0.004107220,-0.00258314,-0.0060336,-0.0016465,-0.0042429,sell
2012-10-30,0,0.07,2.68,0.33, 0.014246830, 0.01436177, 0.0043810, 0.0168301, 0.0166302,buy
2012-10-31,0,0.07,1.72,0.16, 0.011908919, 0.01371952, 0.0165105, 0.0094710, 0.0133904,buy
2012-11-01,0,0.2,0.51,0.09, 0.013964375, 0.02298067, 0.0229807, 0.0187386, 0.0229807,buy
2012-11-02,0,0.18,0,0.18,-0.014214462,-0.01082232,-0.0153345,-0.0085905,-0.0092924,sell
2012-11-03,0.46,0.06,0,0.39, 0.011010920, 0.01110063, 0.0122952, 0.0107588, 0.0081246,buy
2012-11-04,0.63,0,0,0.3, 0.001600087,-0.00382444,-0.0044276,-0.0038818, 0.0040792,buy
2012-11-05,0.77,0,0,0.1,-0.001197911, 0.00017608,-0.0007431, 0.0001761,-0.0024533,buy
2012-11-06,0.84,0,0,0, 0.003024332, 0.00802330, 0.0095854, 0.0056019, 0.0072238,buy
2012-11-07,1.2,0.06,0,0,-0.015280464,-0.01226795,-0.0169127,-0.0143407,-0.0084174,sell
2012-11-08,1.98,0.14,0,0,-0.012226940,-0.00752845,-0.0075285,-0.0099921,-0.0036536,sell
2012-11-09,2.44,0.2,0,0, 0.004335765,-0.00135734, 0.0046967,-0.0007396, 0.0043358,buy
2012-11-10,1.27,0.13,0,0, 0.000589667, 0.00634060,-0.0001770,-0.0090369, 0.0011382,buy
2012-11-11,0,0.06,0,0.07,-0.000638299, 0.00501195, 0.0062829, 0.0042317, 0.0083627,buy
2012-11-12,0,0,0,0.15,-0.012430057,-0.01118464,-0.0113481,-0.0169348,-0.0128950,sell
2012-11-13,0,0,0,0.38, 0.006479290, 0.00407850, 0.0045952,-0.0039875, 0.0041006,buy
2012-11-14,0,0,0.34,0.4, 0.002226643,-0.00809686, 0.0013522, 0.0012423,-0.0072289,sell
2012-11-15,0.97,0,0.67,0.14, 0.007888626, 0.00388341, 0.0030192, 0.0021243, 0.0072073,buy
2012-11-16,1.77,0,1.3,0, 0.003539307, 0.00161506,-0.0061607,-0.0000017,-0.0035411,buy
2012-11-17,0.89,0,1.98,0,-0.007580813, 0.01083757, 0.0136268,-0.0041466,-0.0075808,buy
2012-11-18,0,0,1.53,0,-0.008971133,-0.00897113,-0.0068951,-0.0089711,-0.0097097,sell
2012-11-19,0,0,0.78,0, 0.001131279, 0.00317805, 0.0067809, 0.0086440, 0.0020719,buy
2012-11-20,0.38,0,0.4,0.19,-0.004090884, 0.00961821, 0.0021239,-0.0031719,-0.0079800,buy
2012-11-21,1.14,0,0.35,0.44, 0.004459200, 0.00044079, 0.0004408, 0.0004408,-0.0123889,buy
2012-11-22,1.8,0,0.63,0.69,-0.014792444,-0.00072942, 0.0014009,-0.0067861,-0.0003955,buy
2012-11-23,0.91,0,1.12,0.61, 0.012174197, 0.00666834, 0.0045471, 0.0125450, 0.0089401,buy
2012-11-24,0.71,0,1.98,0.36, 0.004013234, 0.00335184, 0.0052788, 0.0052788, 0.0041122,buy
2012-11-25,1.01,0,2.32,0.13, 0.008020312, 0.01005206,-0.0061942, 0.0094620,-0.0026472,buy
2012-11-26,1.77,0,1.66,0, 0.003418256,-0.00141092,-0.0050214, 0.0137615, 0.0052111,buy
2012-11-27,1.24,0,2.42,0,-0.001318987,-0.00357382,-0.0042679, 0.0115622, 0.0009475,buy
2012-11-28,0.5,0,3.66,0, 0.022393055,-0.00819108, 0.0039912, 0.0208917, 0.0221300,buy
2012-11-29,0,0,3.37,0,-0.004506277,-0.00450628,-0.0049702,-0.0045063,-0.0045063,sell
2012-11-30,0,0,2.43,0,-0.010199722,-0.01622868,-0.0101997,-0.0072172,-0.0110219,sell
2012-12-01,0,0.06,1.28,0, 0.002622083, 0.00588014, 0.0008092, 0.0003880, 0.0064499,buy
2012-12-02,0,0.18,0.83,0,-0.009317432, 0.00917023,-0.0011356,-0.0032806, 0.0107192,buy
2012-12-03,0,0.2,0.55,0,-0.006728545, 0.00839941, 0.0083994, 0.0032117, 0.0086707,buy
2012-12-04,0,0.08,0.36,0, 0.003349467, 0.00014942, 0.0085369, 0.0072047, 0.0022150,buy
2012-12-07,0,0.04,0,0,-0.006532196,-0.01014214,-0.0088278,-0.0084422,-0.0093535,sell
2012-12-08,0,0.13,0,0,-0.003025076, 0.01261752,-0.0063748,-0.0030108,-0.0026523,buy
2012-12-09,0,0.2,0,0,-0.017756793,-0.00125373,-0.0170058,-0.0145575,-0.0068246,sell
2012-12-10,0,0.09,0,0.2, 0.007034563, 0.00935904, 0.0091835, 0.0087609, 0.0105474,buy
2012-12-11,0,0,0,0.4, 0.006988264,-0.00461252, 0.0091831,-0.0038753,-0.0001142,buy
2012-12-12,0,0,0,0.23,-0.007093973,-0.00845145,-0.0076722,-0.0137660,-0.0111407,sell
2012-12-13,0.96,0,0,0.07,-0.003240108,-0.00596595,-0.0059659, 0.0013932,-0.0063454,sell
2012-12-14,1.77,0,0,0,-0.004985567,-0.01057231,-0.0052604,-0.0029577,-0.0069708,sell
2012-12-15,0.93,0,0,0.17,-0.003102951, 0.00229419,-0.0015637,-0.0025792,-0.0040744,sell
2012-12-16,0,0.06,0,0.39, 0.002121218, 0.00212122, 0.0011362,-0.0112816,-0.0017340,sell
2012-12-17,0,0.19,0,0.31, 0.003725074, 0.01018231, 0.0064083, 0.0095399, 0.0040702,buy
2012-12-18,0.63,0.15,0,0.1,-0.013256644, 0.00543212,-0.0050187,-0.0104337,-0.0098931,sell
2012-12-19,1.77,0.04,0,0,-0.014705987,-0.00784638,-0.0159837,-0.0142537,-0.0086285,sell
2012-12-20,1.62,0.1,0.62,0, 0.005982087,-0.00427929,-0.0045316,-0.0018367, 0.0044960,buy
2012-12-21,0.54,0.25,1.5,0, 0.001974380,-0.00394972,-0.0000847, 0.0086948,-0.0047935,buy
2012-12-22,0,0.24,1.98,0, 0.006055368, 0.00649344, 0.0080180, 0.0131787, 0.0059516,buy
2012-12-23,0,0.2,1.06,0,-0.007230225, 0.00953840,-0.0027543,-0.0077868, 0.0119458,buy
2012-12-24,0,0.07,0.44,0.15, 0.003316410, 0.00278806, 0.0011540, 0.0035520, 0.0002056,buy
2012-12-25,0,0.06,0,0.36,-0.003690986,-0.00204318,-0.0011159,-0.0112998,-0.0044421,sell
2012-12-26,0,0.19,0,0.39,-0.012874052,-0.00821503,-0.0072215,-0.0141174,-0.0149608,sell
2012-12-27,0,0.17,0,0.17,-0.014999687,-0.01339846,-0.0167386,-0.0101126,-0.0122987,sell
2012-12-28,0,0.04,0.45,0.07, 0.007511110, 0.01007266, 0.0093365, 0.0093365, 0.0068177,buy
2012-12-29,0,0,1.5,0, 0.002120565, 0.00232841, 0.0023284, 0.0020886, 0.0023284,buy
2012-12-30,0,0,3.23,0,-0.003461687,-0.00680566,-0.0027610,-0.0022035,-0.0042283,sell
2012-12-31,0,0,4.71,0,-0.009203594,-0.00741765,-0.0090895, 0.0012809,-0.0079194,sell
2013-01-01,0,0,4.65,0,-0.002513244, 0.00863098, 0.0058630, 0.0086310, 0.0039648,buy
2013-01-02,0.53,0,1.84,0.15,-0.002723010,-0.00045243, 0.0126200,-0.0027230,-0.0028869,buy
2013-01-03,1.15,0,0.54,0.39,-0.010011319,-0.00760375,-0.0071256,-0.0093207,-0.0037041,sell
2013-01-04,1.8,0,0,0.26,-0.004561167, 0.00248218,-0.0055428,-0.0036381,-0.0056234,sell
2013-01-05,1.25,0,0.5,0.12, 0.000492661, 0.00407674, 0.0050131, 0.0056652, 0.0029954,buy
2013-01-06,0.9,0,1.93,0.23, 0.001844639, 0.00571860,-0.0013079, 0.0002950,-0.0068341,buy
2013-01-07,0.74,0,1.98,0.39,-0.006411089,-0.00762124,-0.0075208,-0.0076212,-0.0140835,sell
2013-01-08,1.68,0,1,0.35, 0.004553069, 0.00576528, 0.0052648, 0.0046547, 0.0153961,buy
2013-01-09,1.8,0,1.46,0.19, 0.006806289, 0.00436906, 0.0069560, 0.0068063, 0.0025341,buy
2013-01-10,0.83,0,1.98,0.1,-0.012740158,-0.00296888,-0.0022650,-0.0074046,-0.0103600,sell
2013-01-11,0.37,0,0.87,0.11, 0.009143174, 0.00527536, 0.0122782, 0.0113386, 0.0101154,buy
2013-01-12,0,0,0,0.31, 0.003936784,-0.00481239,-0.0072441,-0.0047471,-0.0034128,sell
2013-01-13,0,0,0,0.4, 0.006988264,-0.00461252, 0.0091831,-0.0038753,-0.0001142,buy
2013-01-14,0,0,0,0.16, 0.006104265, 0.00404143, 0.0012392,-0.0012843,-0.0023168,buy
2013-01-15,0,0,0,0, 0.002675469, 0.00367879, 0.0039994, 0.0009340, 0.0023232,buy
2013-01-16,0,0,0.94,0,-0.001346413, 0.00446530,-0.0011936,-0.0027415,-0.0026598,buy
2013-01-17,0,0,2,0, 0.001297069, 0.00520302, 0.0051963, 0.0051952,-0.0000014,buy
2013-01-18,0,0,1.4,0, 0.003944764, 0.00149515, 0.0031846, 0.0044282, 0.0014952,buy
2013-01-19,0,0,0.48,0,-0.001902414, 0.00167345, 0.0009631,-0.0050184,-0.0019024,buy
2013-01-20,0,0,0,0, 0.005249032, 0.00022092, 0.0032520, 0.0037647, 0.0047132,buy
2013-01-21,0.31,0,0.98,0,-0.001570800,-0.00312844,-0.0012855,-0.0034217, 0.0010051,buy
2013-01-22,1.45,0,1.95,0, 0.006513134,-0.00069927, 0.0010546, 0.0020821, 0.0010321,buy
2013-01-23,2.06,0,1.53,0, 0.005333053, 0.00367160, 0.0047577,-0.0003388, 0.0031273,buy
2013-01-24,2.48,0,1.61,0.12, 0.001226805, 0.00513089,-0.0010470, 0.0006109,-0.0094584,buy
2013-01-25,3.24,0,1.98,0.39, 0.011439030, 0.01143903, 0.0091445, 0.0086005, 0.0060182,buy
2013-01-26,2.25,0,1,0.29, 0.021547505, 0.01371022, 0.0154312, 0.0066789, 0.0084882,buy
2013-01-27,1.25,0,0.41,0, 0.001018277, 0.00760760, 0.0010183, 0.0063142, 0.0058360,buy
2013-01-28,1.33,0,0,0.07, 0.003719958,-0.00132630,-0.0041854, 0.0040758,-0.0013263,buy
2013-01-29,1.78,0,0,0.17, 0.004538736, 0.00164120, 0.0045387,-0.0091119,-0.0065690,sell
2013-01-30,1.29,0,0,0.4,-0.007278416,-0.00297671,-0.0065048,-0.0067552,-0.0076516,sell
2013-01-31,0.54,0,0,0.38, 0.012964868, 0.00257656, 0.0021829, 0.0039106, 0.0141917,buy
2013-02-01,0,0,0,0.16, 0.006104265, 0.00404143, 0.0012392,-0.0012843,-0.0023168,buy
2013-02-02,0,0,0,0,-0.011551679,-0.02149264,-0.0155368,-0.0176556,-0.0162734,sell
2013-02-03,0,0,0,0,-0.000273944,-0.00154196,-0.0016019,-0.0015420,-0.0014976,buy
2013-02-04,0,0,0,0,-0.015882254,-0.00809743,-0.0102511,-0.0135128,-0.0168749,sell
2013-02-05,0.44,0,0.81,0,-0.014178124,-0.01334302,-0.0047826,-0.0153565,-0.0133430,sell
2013-02-06,1.32,0,2,0, 0.001065333,-0.00032633,-0.0014013, 0.0163577, 0.0061145,buy
2013-02-07,1.8,0,1.6,0.08,-0.000200784,-0.00410244,-0.0048224, 0.0143114, 0.0022053,buy
2013-02-08,1.12,0,0.55,0.34, 0.002778594, 0.00468820, 0.0025143, 0.0037218, 0.0026509,buy
2013-02-09,0.93,0,0,0.8,-0.006106530,-0.00989184,-0.0047550,-0.0014838,-0.0077896,sell
2013-02-10,1.78,0,0.37,0.95, 0.012684660, 0.01297718, 0.0128845, 0.0125496, 0.0100208,buy
2013-02-11,1.8,0,1.38,0.92, 0.012954358, 0.00818753, 0.0147768, 0.0081875, 0.0099115,buy
2013-02-12,2.2,0,2,0.7,-0.005971375,-0.00371178,-0.0063344,-0.0074886,-0.0077130,sell
2013-02-13,1.41,0,1.38,0.34, 0.006272314, 0.01420878, 0.0092657, 0.0092657, 0.0120149,buy
2013-02-14,0.98,0,1.16,0.17, 0.009905848, 0.00736710, 0.0065531, 0.0078964, 0.0081974,buy
2013-02-15,1.09,0,1.98,0.31,-0.000727345,-0.00098527, 0.0090507, 0.0053296, 0.0053296,buy
2013-02-16,1.8,0,1.7,0.4, 0.005013220, 0.00097631, 0.0053862, 0.0096587, 0.0097000,buy
2013-02-17,1.43,0,0.86,0.29,-0.002619389, 0.01595010, 0.0184339, 0.0166072, 0.0282708,buy
2013-02-18,0.71,0,0.44,0.16,-0.006893540,-0.00341811,-0.0061396,-0.0126609,-0.0073222,sell
2013-02-19,0.36,0,0,0.09, 0.004435837, 0.00915608, 0.0091561, 0.0032913, 0.0047072,buy
2013-02-20,0,0,0,0,-0.009394723, 0.00397481, 0.0050587, 0.0035812, 0.0080207,buy
2013-02-21,0,0,0,0,-0.004520316,-0.00314621,-0.0028734,-0.0000311,-0.0073409,sell
2013-02-22,0,0,0,0,-0.000273944,-0.00154196,-0.0016019,-0.0015420,-0.0014976,buy
2013-02-23,0,0,0,0.08, 0.003728427, 0.00781610, 0.0045734, 0.0086351,-0.0059902,buy
2013-02-24,0,0,0,0.18, 0.020733667, 0.01672452, 0.0146649, 0.0230468, 0.0177525,buy
2013-02-25,0,0,0,0.4,-0.014054607,-0.01912856,-0.0135674,-0.0135674,-0.0109310,sell
2013-02-26,0,0,0,0.38,-0.003068369,-0.00499666,-0.0045062, 0.0013235, 0.0039291,buy
2013-02-27,0.32,0,0.49,0.17, 0.010755399, 0.01083378, 0.0144676, 0.0023310, 0.0118760,buy
2013-02-28,0.79,0,1.17,0.07,-0.009550801,-0.00835199,-0.0055151,-0.0134335,-0.0079368,sell
2013-03-01,1.77,0,1.96,0,-0.001485797,-0.00326455,-0.0084508,-0.0012606,-0.0012606,buy
2013-03-02,1.59,0,1.38,0.28,-0.006606356,-0.00210070,-0.0082325,-0.0009549, 0.0001782,buy
2013-03-03,0.63,0,0.57,0.68,-0.017877815,-0.01160897,-0.0129180, 0.0030046, 0.0010894,buy
2013-03-04,0,0,0,1.2, 0.012179137, 0.00412061, 0.0068609, 0.0077033, 0.0073802,buy
2013-03-05,1.02,0,1.14,0.8, 0.002991111, 0.00314950,-0.0003197, 0.0027824, 0.0031495,buy
2013-03-06,2.82,0,3.14,0.32, 0.003161072, 0.00384196, 0.0031611, 0.0038420, 0.0038420,buy
2013-03-07,3.56,0,3.98,0.08,-0.002614536,-0.00261454,-0.0026145,-0.0077844,-0.0026145,buy
2013-03-08,1.68,0,1.87,0.23, 0.000732791,-0.00492313, 0.0007328, 0.0004088, 0.0007328,buy
2013-03-09,0.46,0,0.49,0.56,-0.013700654,-0.01108455,-0.0112175,-0.0113064,-0.0035387,sell
2013-03-10,0,0,0,0.79,-0.032942655,-0.02343261,-0.0283209,-0.0289218,-0.0175836,sell
2013-03-11,0,0,0,0.49,-0.008033781,-0.00905388,-0.0103137,-0.0128050,-0.0085138,sell
2013-03-12,0,0,0,0.22, 0.000496472,-0.00210139,-0.0056270,-0.0062607,-0.0127551,sell
2013-03-16,0,0,0,0, 0.012575039, 0.00570500, 0.0142552, 0.0101251, 0.0111888,buy
2013-03-17,0,0,0,0, 0.011263929, 0.00675328, 0.0129444, 0.0117848, 0.0117503,buy
2013-03-18,0,0,0,0, 0.011263929, 0.00675328, 0.0129444, 0.0117848, 0.0117503,buy
2013-03-19,0,0,0,0, 0.012575039, 0.00570500, 0.0123829, 0.0101251, 0.0111888,buy
2013-03-20,0,0,0,0,-0.012607178,-0.00636947,-0.0058554,-0.0093332,-0.0035779,sell
2013-03-21,0,0,0,0, 0.004622068, 0.00462207, 0.0044909, 0.0046221, 0.0059878,buy
2013-03-22,0,0,0,0, 0.004506519, 0.00542984, 0.0069686, 0.0054298, 0.0066093,buy
2013-03-23,0,0,0.51,0, 0.008951617, 0.00676817,-0.0000893, 0.0026496, 0.0004269,buy
2013-03-24,0,0,0.89,0.09,-0.001974017,-0.00106632, 0.0012966, 0.0011614, 0.0099259,buy
2013-03-25,0.31,0,1.53,0.18,-0.002419236,-0.00946885,-0.0081745,-0.0101658,-0.0072587,sell
2013-03-26,0.62,0,1.96,0.43,-0.007352173,-0.00863994,-0.0066076,-0.0086399,-0.0080742,sell
2013-03-27,1.27,0,2,0.54, 0.001123599, 0.00112360, 0.0029009, 0.0011236, 0.0031560,buy
2013-03-28,1.78,0,1.92,0.48, 0.009664571, 0.00938136, 0.0103647, 0.0063540, 0.0063540,buy
2013-03-29,1.13,0,2.88,0.59, 0.010830264, 0.01037544, 0.0106690, 0.0063440, 0.0076676,buy
2013-03-30,0.49,0,3.37,0.71, 0.008398618, 0.00798251, 0.0103537, 0.0079825, 0.0101962,buy
2013-03-31,0,0,4.05,0.91,-0.006129463,-0.00461819,-0.0030178,-0.0051754,-0.0046182,sell
2013-04-01,0,0,3.37,0.69,-0.007607535,-0.00760753,-0.0071780,-0.0078288,-0.0063874,sell
2013-04-02,0,0,1.93,0.26, 0.011772933, 0.01264234, 0.0104248, 0.0126346, 0.0064604,buy
2013-04-03,0,0,0.67,0.08,-0.013941980,-0.01480041,-0.0154094,-0.0151551,-0.0151551,sell
2013-04-04,0,0,0,0,-0.006211010,-0.00137465,-0.0094343,-0.0018726, 0.0013065,buy
2013-04-05,0,0,0,0, 0.003420685, 0.00967828, 0.0063957, 0.0085235, 0.0097558,buy
2013-04-06,0,0,0,0, 0.021235758, 0.01911264, 0.0095691,-0.0015006, 0.0088779,buy
2013-04-07,0,0,0,0,-0.015882254,-0.00809743,-0.0102511,-0.0135128,-0.0168749,sell
2013-04-08,0,0,0,0.11,-0.002962857, 0.01133144,-0.0031043,-0.0002118,-0.0066390,buy
2013-04-09,0,0,0.64,0.27, 0.010393259, 0.01039326, 0.0095640, 0.0072053,-0.0046626,buy
2013-04-10,0,0,1.44,0.4, 0.005430251, 0.00029688,-0.0111944,-0.0056437, 0.0002969,buy
2013-04-11,0,0,2.4,0.23,-0.000489236, 0.00816094, 0.0025665, 0.0006928,-0.0019673,buy
2013-04-12,0,0,1.82,0.09,-0.002471952,-0.00541832,-0.0011158,-0.0067839,-0.0070967,sell
2013-04-13,0,0,1.79,0,-0.004282540,-0.01219192,-0.0121684,-0.0048945,-0.0043842,sell
2013-04-14,0,0,1.92,0,-0.000737391,-0.00073739,-0.0051040,-0.0025754, 0.0011359,buy
2013-04-15,0,0,2.96,0, 0.001298597, 0.00324683,-0.0056048,-0.0038131, 0.0032468,buy
2013-04-16,0,0,3.98,0, 0.000665349, 0.00244090,-0.0029673, 0.0076473, 0.0041226,buy
2013-04-17,0,0,4,0,-0.011138845,-0.00203818,-0.0040874,-0.0005600,-0.0070502,sell
2013-04-18,0,0,3.8,0,-0.008454348,-0.00790689,-0.0044392,-0.0083376,-0.0105286,sell
2013-04-19,0,0,3.37,0, 0.013158928,-0.00458561, 0.0019518, 0.0122771, 0.0132407,buy
2013-04-20,0,0.04,1.68,0.18,-0.007106557,-0.00779134,-0.0071212,-0.0071066,-0.0087405,sell
2013-04-21,0,0.13,0.38,0.4,-0.006611638,-0.01213066,-0.0067143,-0.0060539, 0.0007896,sell
2013-04-22,0,0.2,0.78,0.19, 0.004474172, 0.00981851, 0.0105366, 0.0081729, 0.0081729,buy
2013-04-23,0.84,0.09,2.43,0,-0.004240915,-0.00631284, 0.0017059,-0.0042409,-0.0020061,buy
2013-04-24,1.77,0,4.47,0, 0.015734009, 0.00968344, 0.0013320, 0.0138814, 0.0111081,buy
2013-04-25,1.23,0,3.45,0, 0.019654152, 0.00518026, 0.0177341, 0.0168523, 0.0220132,buy
2013-04-26,0.41,0.05,2.65,0,-0.002712299,-0.00202840,-0.0020284,-0.0071314,-0.0020246,buy
2013-04-27,0,0.14,2.32,0,-0.000891747,-0.00157428, 0.0018004, 0.0009063,-0.0080803,sell
2013-04-28,0,0.24,1.1,0, 0.000067353, 0.00051864, 0.0023219, 0.0017727, 0.0005186,buy
2013-04-29,0.38,0.19,0.58,0, 0.004605032, 0.01210111, 0.0121011, 0.0075577, 0.0129134,buy
2013-04-30,0.91,0.2,0,0, 0.000413076, 0.00273359, 0.0080550, 0.0003271, 0.0003271,buy
2013-05-01,1.78,0.2,0.34,0,-0.000714819,-0.00796766,-0.0053177,-0.0089508,-0.0008143,buy
2013-05-02,1.41,0.11,1.4,0, 0.006899137,-0.00448058, 0.0068309, 0.0092310, 0.0085420,buy
2013-05-03,1.08,0.05,3.32,0, 0.016222721, 0.01091936, 0.0153718, 0.0137319, 0.0156606,buy
2013-05-04,0.96,0.08,2.56,0, 0.009902190,-0.00611117, 0.0099022, 0.0016508,-0.0045509,buy
2013-05-05,1.78,0.2,0.46,0,-0.000714819,-0.00796766,-0.0053177,-0.0089508,-0.0008143,buy
2013-05-06,2.68,0.07,0,0, 0.013119191, 0.01311919, 0.0064272, 0.0128792, 0.0133324,buy
2013-05-07,2.6,0,0,0, 0.009187902,-0.00658435, 0.0013344,-0.0018499,-0.0004151,buy
2013-05-08,0.9,0,0,0,-0.009402995,-0.00676132,-0.0094030,-0.0141686,-0.0102855,sell
2013-05-09,0,0,0,0,-0.008062574,-0.01107217,-0.0031682,-0.0001461,-0.0136402,sell
2013-05-10,0,0,0,0, 0.000103718,-0.00613513,-0.0029288, 0.0005527,-0.0024182,buy
2013-05-11,0,0,0,0,-0.000716756, 0.00555448, 0.0035985, 0.0078768,-0.0003603,buy
2013-05-12,0,0,0,0.15, 0.013138618, 0.01048530, 0.0115774, 0.0104004, 0.0131003,buy
2013-05-13,0,0,0,0.4, 0.007501259, 0.00912063, 0.0018100, 0.0102186, 0.0055724,buy
2013-05-14,0,0,0,0.34, 0.013181466, 0.01444107, 0.0204950, 0.0196235, 0.0113957,buy
2013-05-15,0,0,0,0.12,-0.001092746, 0.00354585,-0.0024335,-0.0015768,-0.0007606,buy
2013-05-17,0,0,0.92,0.21,-0.001586369, 0.00528431, 0.0057572,-0.0026565,-0.0015864,buy
2013-05-18,0,0,1.96,0.39, 0.010722174, 0.00609105, 0.0064579, 0.0020886, 0.0032485,buy
2013-05-19,0,0,1.44,0.11,-0.000603550, 0.00139897, 0.0013155,-0.0049276,-0.0015417,buy
2013-05-20,0,0,1.91,0,-0.003330815, 0.00630724, 0.0008657, 0.0003443,-0.0021992,buy
2013-05-21,0,0,1.96,0,-0.008819565,-0.00458975,-0.0062244,-0.0093733,-0.0105431,sell
2013-05-22,0,0,0.44,0,-0.000696935,-0.00248239, 0.0065520, 0.0089958, 0.0020632,buy
2013-05-23,0,0,0,0,-0.007224646,-0.00440191,-0.0033626,-0.0048132, 0.0109910,buy
2013-05-24,0,0,0,0.11, 0.005579133, 0.00705802, 0.0076600, 0.0061489, 0.0108648,buy
2013-05-25,0,0,0,0.27,-0.002911683,-0.00378046,-0.0029117,-0.0050167, 0.0104226,buy
2013-05-26,0,0,0,0.39,-0.006018462,-0.00497380,-0.0049738,-0.0005466, 0.0039675,buy
2013-05-27,0,0,0,0.25,-0.006815042,-0.00655858,-0.0063639, 0.0085200,-0.0063639,buy
2013-05-28,0,0,0,0.11,-0.003211641, 0.00487156, 0.0050341, 0.0075721, 0.0050341,buy
2013-05-29,0,0,0,0, 0.009506790, 0.00950679, 0.0064394, 0.0073767, 0.0049389,buy
2013-05-30,0,0,0.35,0, 0.014048198, 0.00889552, 0.0084437, 0.0084437, 0.0083639,buy
2013-05-31,0,0,0.8,0,-0.003448781, 0.00189770, 0.0041580,-0.0002954, 0.0002068,buy
2013-06-01,0,0,1.81,0,-0.011950065,-0.00588197,-0.0104397,-0.0178791,-0.0131485,sell
2013-06-02,1.01,0,1.98,0,-0.003056644,-0.00266518, 0.0003922, 0.0000777,-0.0010751,buy
2013-06-03,3.34,0,0.93,0, 0.005544296, 0.00922892, 0.0042294,-0.0007250, 0.0048091,buy
2013-06-04,3.15,0,0.41,0,-0.016729459,-0.00393604,-0.0167295,-0.0162913,-0.0175796,sell
2013-06-05,1.27,0,0,0.11, 0.013822265, 0.01061302, 0.0043821, 0.0136664, 0.0106130,buy
2013-06-06,1.84,0.07,0,0.21,-0.010582133,-0.01092365,-0.0147849,-0.0064017,-0.0074716,sell
2013-06-07,3.54,0.2,0,0.56,-0.016575618,-0.00267841,-0.0175223,-0.0060839,-0.0047755,sell
2013-06-08,2.22,0.18,0,0.8,-0.012284491,-0.01204330,-0.0144402,-0.0097516,-0.0132715,sell
2013-06-09,0.74,0.06,0,0.53, 0.002400941, 0.01061428, 0.0086925, 0.0105395, 0.0066490,buy
2013-06-10,0,0.07,0,0.23, 0.003021307, 0.00303665, 0.0071560, 0.0143323, 0.0027952,buy
2013-06-11,0,0.2,0,0.14,-0.005884151,-0.01301242,-0.0030101,-0.0138196,-0.0120301,sell
2013-06-12,0,0.18,0,0.4,-0.013715876,-0.00966715,-0.0095627,-0.0128051,-0.0128051,sell
2013-06-13,0,0.06,0,0.38,-0.000206380,-0.00020638, 0.0011362,-0.0112998,-0.0026891,sell
2013-06-14,0,0,0.4,0.13,-0.004691642, 0.01128712,-0.0066875, 0.0081710, 0.0029148,buy
2013-06-15,0,0,0.72,0,-0.008205921, 0.00190248,-0.0087922,-0.0079244,-0.0087780,sell
2013-06-16,0,0,1.33,0,-0.009811156,-0.00981116,-0.0114235,-0.0114710,-0.0135510,sell
2013-06-17,0,0,1.98,0, 0.007518088, 0.00729097, 0.0008199, 0.0047756, 0.0086893,buy
2013-06-18,0,0,1.61,0, 0.009890862, 0.00975731, 0.0119459, 0.0115574, 0.0091386,buy
2013-06-19,0,0,0.88,0,-0.002576569,-0.00248058,-0.0024340,-0.0003809, 0.0084509,buy
2013-06-20,0,0,0.48,0,-0.005817541,-0.01666401,-0.0165082,-0.0133667,-0.0141781,sell
2013-06-21,0,0,0,0,-0.010868086,-0.01720530,-0.0138881,-0.0154730,-0.0174065,sell
2013-06-22,0,0,0,0,-0.005198668,-0.00945452,-0.0012187,-0.0051987,-0.0051987,sell
2013-06-23,0,0,0,0, 0.011096689, 0.01099786, 0.0127818, 0.0109979, 0.0110967,buy
2013-06-24,0.91,0,0,0, 0.016609457, 0.01660946, 0.0114554, 0.0184146, 0.0121215,buy
2013-06-25,2.17,0,0,0,-0.015181003,-0.01518100,-0.0109852,-0.0151810,-0.0100974,sell
2013-06-26,3.56,0,0,0, 0.001211373,-0.00122036, 0.0020327, 0.0015030,-0.0064368,buy
2013-06-27,2.49,0,0,0, 0.005889362, 0.01755061, 0.0088375, 0.0075802, 0.0075802,buy
2013-06-28,1.05,0,0,0, 0.010331134, 0.00974925, 0.0111281, 0.0100865, 0.0107300,buy
2013-06-29,0,0.03,0,0, 0.000451168,-0.00834634,-0.0083463,-0.0083463,-0.0092577,sell
2013-06-30,0,0.08,0,0.18, 0.006289716, 0.00962179, 0.0095316, 0.0082480, 0.0100792,buy
2013-07-01,0,0.19,0,0.4,-0.012633594,-0.00821503,-0.0072215,-0.0128714,-0.0138498,sell
2013-07-02,0,0.2,0,0.42,-0.017074909,-0.00937997,-0.0115039,-0.0128512,-0.0128746,sell
2013-07-03,0,0.08,0,0.41, 0.004318935, 0.00569186, 0.0050457,-0.0074101, 0.0041212,buy
2013-07-04,0,0.03,0,0.39, 0.001448400,-0.00153208,-0.0007264,-0.0115282,-0.0129264,sell
2013-07-05,0,0,0,0.22, 0.000496472,-0.00210139,-0.0056270,-0.0062607,-0.0127551,sell
2013-07-06,0.59,0,0,0.09,-0.016624891,-0.00836108,-0.0151710,-0.0134684,-0.0117880,sell
2013-07-07,1.71,0,0,0, 0.006087187,-0.00246923,-0.0022408,-0.0039798,-0.0040825,sell
2013-07-08,1.78,0,0,0,-0.017780308,-0.01778031,-0.0163791,-0.0170443,-0.0138822,sell
2013-07-09,0.62,0,0,0,-0.009102573,-0.00609188,-0.0109721,-0.0156073,-0.0095806,sell
2013-07-10,0,0,0,0,-0.004015453, 0.00042960, 0.0020313,-0.0024263, 0.0004430,buy
2013-07-11,0,0,0,0, 0.012575039, 0.00570500, 0.0123829, 0.0101251, 0.0111888,buy
2013-07-15,0,0,0,0.08,-0.008520877,-0.00023677, 0.0008167, 0.0051052, 0.0043456,buy
2013-07-16,0,0,0,0.11,-0.001796053, 0.00362527,-0.0007982,-0.0002648, 0.0021124,buy
2013-07-17,0.63,0,0,0.14,-0.016258003,-0.00697578,-0.0064794,-0.0095813,-0.0038721,sell
2013-07-18,1.16,0,0,0.17,-0.014770166, 0.00314085,-0.0042003,-0.0038115,-0.0053104,buy
2013-07-19,2.09,0,0,0.18,-0.013461406,-0.01162992,-0.0087930,-0.0128066,-0.0023691,sell
2013-07-20,3.56,0,0,0.19, 0.014281840, 0.00819484, 0.0082871, 0.0126382, 0.0086659,buy
2013-07-21,3.29,0,0,0.19, 0.010642267, 0.00638064, 0.0060786, 0.0103941, 0.0097739,buy
2013-07-22,1.82,0,0,0.18, 0.010301829,-0.00149297, 0.0104463, 0.0055569,-0.0036725,buy
2013-07-23,1.01,0,0,0.15,-0.001750312,-0.00236522,-0.0023652,-0.0078134,-0.0021623,buy
2013-07-24,0,0.04,0,0.12,-0.009618446,-0.01239111,-0.0099099,-0.0131251,-0.0131136,sell
2013-07-25,0,0.17,0.85,0.16,-0.002764681,-0.00017384, 0.0029388, 0.0002176,-0.0017599,buy
2013-07-26,0,0.31,2.44,0.16,-0.001109116, 0.00462192, 0.0029243, 0.0026362, 0.0108698,buy
2013-07-27,0,0.32,2.76,0.37,-0.017203401,-0.00325864,-0.0113526,-0.0067202, 0.0109858,buy
2013-07-28,0.32,0.23,2.54,0.4,-0.002170174,-0.00172558,-0.0052971, 0.0024268,-0.0079231,sell
2013-07-29,0.96,0.11,1.36,0.29, 0.004410616, 0.00398958, 0.0028074, 0.0044106, 0.0061455,buy
2013-07-30,1.8,0.06,1.07,0.28, 0.012279953, 0.01248074, 0.0125162, 0.0154054, 0.0093735,buy
2013-07-31,1.09,0,0.81,0.36,-0.009414079,-0.00477017,-0.0025997,-0.0062138, 0.0021366,buy
2013-08-01,0.37,0,1.3,0.4,-0.004153748,-0.00410954,-0.0041095,-0.0050390, 0.0068926,buy
2013-08-02,0.42,0,1.98,0.24, 0.006576708, 0.00784646, 0.0078465, 0.0078465, 0.0083114,buy
2013-08-03,1.01,0,1.88,0.13,-0.002066835,-0.00320543,-0.0032054, 0.0099947,-0.0041417,buy
2013-08-04,1.8,0,1.16,0.07, 0.006428112, 0.00747190,-0.0005939,-0.0016498,-0.0071523,buy
2013-08-05,1.31,0,0.72,0, 0.000896780,-0.00393545, 0.0000825,-0.0007836, 0.0000307,buy
2013-08-06,0.55,0,0.45,0,-0.014915186,-0.01019341,-0.0105687,-0.0157723,-0.0101934,sell
2013-08-07,0,0,0,0, 0.002966993,-0.00323387, 0.0141783, 0.0165531, 0.0078644,buy
2013-08-08,0,0,0,0, 0.009934566, 0.01233749, 0.0111834, 0.0073457, 0.0087712,buy
2013-08-09,0,0,0,0,-0.007598430,-0.01586571,-0.0163460,-0.0091103,-0.0177997,sell
2013-08-10,0,0,0,0.11,-0.002083624, 0.00038521, 0.0010968, 0.0062027,-0.0061927,buy
2013-08-11,0,0,0,0.4, 0.006988264,-0.00461252, 0.0091831,-0.0038753,-0.0001142,buy
2013-08-12,0,0,0,0.27, 0.001400053, 0.00730835, 0.0053235,-0.0053351, 0.0003347,buy
2013-08-14,1.43,0,0,0, 0.022902023, 0.01227594,-0.0022191, 0.0163506, 0.0165479,buy
2013-08-15,1.77,0,0,0,-0.004985567,-0.01057231,-0.0052604,-0.0029577,-0.0069708,sell
2013-08-16,0.36,0,0,0, 0.004003725, 0.01038918, 0.0087672, 0.0125238, 0.0134906,buy
2013-08-17,0,0,0,0,-0.009123831, 0.00074570, 0.0011459, 0.0010564,-0.0083150,buy
2013-08-18,0,0,0,0, 0.002616491, 0.00173338, 0.0004203,-0.0058143, 0.0005553,buy
2013-08-19,0,0,0,0,-0.000999567, 0.00520897, 0.0019754, 0.0040483, 0.0052629,buy
2013-08-20,0,0,0,0, 0.005850258, 0.00615522, 0.0095616, 0.0046765, 0.0057402,buy
2013-08-22,0,0,0,0.08,-0.002823360, 0.00672550, 0.0039320, 0.0072982,-0.0014915,buy
2013-08-23,0,0,0,0.24,-0.005530393,-0.00424957,-0.0073948,-0.0001719, 0.0080717,buy
2013-08-24,0,0,0,0.4, 0.009602132, 0.00162319, 0.0092960, 0.0097470, 0.0010531,buy
2013-08-25,0,0.36,0,0.28,-0.000743581,-0.00035013,-0.0186568,-0.0107972,-0.0059274,sell
2013-08-26,0,0.57,0.95,0.24,-0.018108482,-0.01568715,-0.0173422,-0.0190783,-0.0036295,sell
2013-08-27,0.58,0.35,1.96,0.4,-0.012558795, 0.00482612, 0.0039648,-0.0002416, 0.0192628,buy
2013-08-28,1.78,0.14,1.49,0.37,-0.013503261,-0.01251907,-0.0135033,-0.0121576,-0.0164100,sell
2013-08-29,0.95,0.04,1.95,0.15, 0.002206318, 0.01186231, 0.0049970, 0.0092702, 0.0092702,buy
2013-08-30,0.53,0,3.52,0,-0.003104691, 0.00302922, 0.0029913, 0.0029913, 0.0036948,buy
2013-08-31,1.26,0,3.04,0, 0.010284335, 0.00879287, 0.0149492, 0.0086707, 0.0087530,buy
2013-09-01,1.78,0,1.04,0,-0.001431251,-0.00322104,-0.0052315,-0.0047042,-0.0044298,sell
2013-09-02,1.04,0,0,0, 0.009525528, 0.00942488, 0.0104427, 0.0099253, 0.0100446,buy
2013-09-03,0.43,0,0,0,-0.001832697, 0.00129214,-0.0016221,-0.0096471,-0.0051788,sell
2013-09-05,0,0,0.62,0.07, 0.003551762, 0.01050599, 0.0025785,-0.0011430, 0.0109623,buy
2013-09-06,0,0,1.28,0.12,-0.004390904,-0.00462185,-0.0029191,-0.0046219,-0.0056305,sell
2013-09-07,0,0,1.98,0.19, 0.009158203, 0.00288929, 0.0077437, 0.0043232, 0.0071193,buy
2013-09-08,0,0,1.46,0.31, 0.003357105, 0.01522208, 0.0044099, 0.0124288, 0.0071571,buy
2013-09-09,0,0,1.29,0.4, 0.004831207, 0.00477003, 0.0050751, 0.0024829, 0.0112788,buy
2013-09-10,0,0,1.43,0.31, 0.001733401, 0.01522208, 0.0032818, 0.0110783, 0.0087275,buy
2013-09-11,0.32,0,2,0.19, 0.006837263, 0.00373955, 0.0094495, 0.0037395, 0.0058226,buy
2013-09-12,1.03,0,1.96,0.12,-0.010146558,-0.00132080,-0.0017122,-0.0055641,-0.0065601,sell
2013-09-13,2.34,0,1.05,0.18, 0.019294613, 0.01441119, 0.0093953, 0.0026471, 0.0013982,buy
2013-09-14,3.57,0,0.57,0.39, 0.003860551, 0.00386055, 0.0063116, 0.0046631, 0.0010958,buy
2013-09-15,2.5,0.13,0.67,0.33,-0.016785338,-0.01143947,-0.0183111,-0.0115680,-0.0106635,sell
2013-09-16,0.93,0.19,1.52,0.08, 0.000571954, 0.00057195,-0.0019806, 0.0121903, 0.0012576,buy
2013-09-17,0.51,0.07,2.62,0,-0.005318659,-0.00130448, 0.0011552,-0.0066583,-0.0016858,buy
2013-09-18,0,0,2.92,0.1,-0.000976489,-0.00090634, 0.0011416, 0.0079228,-0.0009765,buy
2013-09-19,0,0,2.5,0.34, 0.001076478, 0.00067844, 0.0011796, 0.0040680, 0.0034940,buy
2013-09-20,0,0,0.78,0.39, 0.001235089, 0.00279355,-0.0080173, 0.0003268,-0.0080173,buy
2013-09-21,0,0,0,0.14,-0.015328304,-0.00635149,-0.0107586,-0.0130029,-0.0088303,sell
2013-09-24,0.32,0,0,0.08,-0.005350927,-0.00626966,-0.0079224,-0.0099565,-0.0099565,sell
2013-09-25,0.79,0,0,0.12, 0.002453139, 0.00544491, 0.0042824, 0.0052943,-0.0013720,buy
2013-09-26,1.8,0,0,0.19, 0.005944026, 0.00153642, 0.0054947,-0.0088325,-0.0019934,buy
2013-09-27,1.6,0,0,0.3, 0.011503197, 0.00341231, 0.0080841, 0.0110083, 0.0052457,buy
2013-09-28,0.66,0,0,0.4, 0.008259646, 0.00441668, 0.0040024, 0.0036865, 0.0103539,buy
2013-09-29,0,0,0,0.33, 0.012453737, 0.01732920, 0.0170573, 0.0136052, 0.0072073,buy
2013-09-30,0.62,0,0,0.36, 0.005907406, 0.00510247, 0.0015216, 0.0081811, 0.0117608,buy
2013-10-01,1.78,0.04,0,0.5,-0.003951821,-0.00477202,-0.0034873,-0.0029964, 0.0087457,buy
2013-10-02,1.62,0.11,0,0.47, 0.001258951,-0.00114090, 0.0019037,-0.0112425, 0.0019037,sell
2013-10-03,0.54,0.2,0,0.18,-0.014866846,-0.01263210,-0.0140386,-0.0149013,-0.0129019,sell
2013-10-04,0,0.14,0,0.07, 0.007789061, 0.01288671, 0.0009720, 0.0088986, 0.0036980,buy
2013-10-05,0,0.05,0.67,0, 0.016525117, 0.01527353, 0.0180293, 0.0133802, 0.0149101,buy
2013-10-06,0,0,1.78,0, 0.006012772, 0.00959537,-0.0016521, 0.0056435, 0.0060128,buy
2013-10-07,0,0,2,0,-0.006029858,-0.00602986,-0.0068460,-0.0060299,-0.0050612,sell
2013-10-08,0,0,0.85,0.1,-0.004805064,-0.00606932,-0.0009138,-0.0030032, 0.0059534,buy
2013-10-09,0,0,0.79,0.27, 0.002947001, 0.01077436, 0.0029470,-0.0029704,-0.0019393,buy
2013-10-10,0,0,0.67,0.5, 0.003814285, 0.00348232, 0.0027459,-0.0069446,-0.0042127,buy
2013-10-11,0,0,0.99,0.45, 0.010173781, 0.00690951, 0.0044694, 0.0062371, 0.0075763,buy
2013-10-12,0,0,1.36,0.48, 0.011304633, 0.01130463, 0.0042540, 0.0069375, 0.0121501,buy
2013-10-13,0,0,1.8,0.3,-0.005988676,-0.01314171,-0.0083727,-0.0063683,-0.0122441,sell
2013-10-14,0,0,2,0.13,-0.005084825,-0.01611915, 0.0017078,-0.0002677, 0.0060388,buy
2013-10-15,0.69,0,1.8,0, 0.007920625, 0.00508290, 0.0052292,-0.0003296, 0.0052292,buy
2013-10-16,1.8,0.04,1.56,0, 0.010990196, 0.00756119, 0.0104990, 0.0044405, 0.0078462,buy
2013-10-17,1.68,0.06,1.46,0, 0.003662886,-0.00205215,-0.0018899,-0.0046077, 0.0032736,buy
2013-10-18,0.95,0.11,1.6,0,-0.005873168,-0.01003972,-0.0060587, 0.0000366,-0.0057991,sell
2013-10-19,0.39,0.19,1.93,0, 0.006662061, 0.01384710,-0.0019847, 0.0016886, 0.0038784,buy
2013-10-20,0.42,0.2,2,0, 0.006572230, 0.01348458,-0.0025953, 0.0011926, 0.0042642,buy
2013-10-21,0.42,0.12,1.52,0,-0.002556477,-0.00475095,-0.0047509,-0.0095740,-0.0052263,sell
2013-10-22,0.39,0.07,1.01,0, 0.000092651, 0.00551007, 0.0000409,-0.0044682, 0.0084413,buy
2013-10-23,0.63,0.04,0.59,0,-0.003346072,-0.00650662,-0.0031647,-0.0123171,-0.0071799,sell
2013-10-24,0.74,0,0,0.07,-0.012788391,-0.00258304,-0.0053277,-0.0018139,-0.0029392,buy
2013-10-25,1.78,0,0,0.12,-0.010039583,-0.01003958,-0.0015297,-0.0018993,-0.0100396,sell
2013-10-26,1.72,0,0,0.2, 0.002115974,-0.00046086, 0.0021160,-0.0115305,-0.0007567,sell
2013-10-27,1.01,0,0,0.33, 0.004285074,-0.00248727,-0.0000870,-0.0025763,-0.0039369,sell
2013-10-28,0.52,0,0,0.4,-0.005945564,-0.00122108,-0.0017930,-0.0064256,-0.0114844,sell
2013-10-29,0.86,0,0.38,0.29,-0.001754937, 0.00306824,-0.0048306, 0.0040873, 0.0057929,buy
2013-10-30,1.41,0,0.98,0.17,-0.003264382,-0.00548229,-0.0035861,-0.0035861,-0.0031834,buy
2013-10-31,1.78,0,3.26,0.1, 0.003327944,-0.00138755, 0.0019660, 0.0019632, 0.0012057,buy
2013-11-01,1.37,0,7.14,0,-0.006375472,-0.00085466,-0.0063755,-0.0102291,-0.0063855,sell
2013-11-02,0.83,0,6.01,0,-0.005868316,-0.00168546,-0.0058683,-0.0122321,-0.0056679,sell
2013-11-03,0.51,0,3.24,0,-0.001477354, 0.00153643, 0.0009803, 0.0008344, 0.0009803,buy
2013-11-04,0.31,0,1.57,0, 0.010332363, 0.01031301, 0.0015148, 0.0100771, 0.0103324,buy
2013-11-05,0,0,1.55,0, 0.007281975, 0.00672522, 0.0067252, 0.0073913, 0.0067252,buy
2013-11-06,0.53,0,2.23,0, 0.005956380, 0.01369659, 0.0177886, 0.0067336, 0.0089635,buy
2013-11-07,0.95,0,4.4,0,-0.012935629,-0.00881844,-0.0090667,-0.0037202,-0.0043917,sell
2013-11-08,1.43,0,5.88,0,-0.001635115, 0.01163305,-0.0104257,-0.0040971,-0.0073385,buy
2013-11-09,1.8,0,4.01,0, 0.011751161, 0.00639087, 0.0038830, 0.0087087, 0.0155894,buy
2013-11-10,2.15,0,2.4,0,-0.007047180,-0.01127366,-0.0099461,-0.0023062,-0.0023062,buy
2013-11-11,2.72,0,1.1,0,-0.002337508,-0.00044056,-0.0044136,-0.0002102,-0.0044136,buy
2013-11-12,3.52,0,0.74,0.07, 0.008182748, 0.01163446, 0.0063864,-0.0023603, 0.0064871,buy
2013-11-13,2.72,0,0.5,0.16, 0.020029154, 0.01628613, 0.0165980, 0.0158485, 0.0061770,buy
2013-11-14,1.46,0,0.34,0.37,-0.000837179,-0.00073736,-0.0007374, 0.0005957, 0.0052560,buy
2013-11-15,0.54,0,0,0.4, 0.018754523, 0.01062329, 0.0010651, 0.0074585, 0.0113525,buy
2013-11-16,0,0,0.49,0.19, 0.005551113, 0.00728496, 0.0086517, 0.0038439, 0.0107572,buy
2013-11-17,0,0,0.83,0.08,-0.015121253,-0.01338834,-0.0151213,-0.0162720,-0.0155231,sell
2013-11-18,0,0,1.41,0,-0.006999739,-0.00349771,-0.0073185, 0.0038876,-0.0070734,sell
2013-11-19,0,0,2.6,0,-0.003650744,-0.00037126,-0.0037292,-0.0038230,-0.0048163,sell
2013-11-20,0,0,3.75,0, 0.003870663,-0.00135899, 0.0015881, 0.0020807,-0.0096408,buy
2013-11-21,0,0,3.6,0,-0.009324022,-0.01138276,-0.0179431,-0.0093202,-0.0090966,sell
2013-11-22,0,0,2.53,0.08,-0.016370544,-0.00971698,-0.0001783,-0.0132019,-0.0217561,sell
2013-11-23,0,0,2.42,0.2,-0.008043198,-0.00252150,-0.0071734,-0.0066568,-0.0061885,sell
2013-11-24,0,0,2.48,0.4, 0.008084495, 0.00474582,-0.0149844,-0.0110894,-0.0040618,sell
2013-11-25,0,0.03,2.69,0.32, 0.000299685,-0.00514952,-0.0047497, 0.0026152,-0.0013154,buy
2013-11-26,0,0.07,3.51,0.13, 0.012893790, 0.00345569, 0.0059386, 0.0089612, 0.0031750,buy
2013-11-27,1.12,0.14,3.71,0, 0.001456207, 0.00145621,-0.0009791, 0.0001600, 0.0001600,buy
2013-11-28,2.09,0.2,3.1,0, 0.002319887, 0.00478551,-0.0008441, 0.0068816, 0.0068816,buy
2013-11-29,1.56,0.14,1.75,0, 0.007053188, 0.00614855, 0.0101244, 0.0177958, 0.0093834,buy
2013-11-30,1.77,0.07,0.91,0, 0.000965362,-0.01046776,-0.0104678,-0.0104503,-0.0023265,sell
2013-12-01,1.45,0.04,0.44,0,-0.015655440,-0.01405850,-0.0220310,-0.0167233,-0.0153394,sell
2013-12-02,0.58,0,1.04,0, 0.005612490, 0.00507218,-0.0121107, 0.0056125, 0.0050722,buy
2013-12-03,0,0,1.96,0,-0.008819565,-0.00458975,-0.0062244,-0.0093733,-0.0105431,sell
2013-12-04,0,0,1.52,0, 0.007709181, 0.00045285, 0.0071407, 0.0127060, 0.0110548,buy
2013-12-05,0,0,0.62,0.11,-0.015212862, 0.00589654,-0.0111734,-0.0127476, 0.0040835,buy
2013-12-06,0,0,0,0.39,-0.006209060,-0.01165983,-0.0086963,-0.0095854,-0.0113114,sell
2013-12-07,0,0,0,0.35, 0.007526006, 0.00842270, 0.0207078, 0.0126682, 0.0062582,buy
2013-12-08,0,0,0,0.09,-0.015637524,-0.01403997,-0.0026235, 0.0048603, 0.0050103,buy
2013-12-09,0.63,0,0,0, 0.007704262, 0.00951168, 0.0094415, 0.0075809, 0.0045036,buy
2013-12-10,1.8,0,0.53,0,-0.010223208,-0.01022321,-0.0145726,-0.0145726,-0.0101322,sell
2013-12-11,1.21,0,1.48,0,-0.017213826,-0.01703598,-0.0090779,-0.0113779,-0.0179197,sell
2013-12-12,0.3,0,2,0,-0.009014805,-0.00789527,-0.0040865,-0.0056638,-0.0054707,sell
2013-12-13,0,0,0.92,0,-0.004415483,-0.01086704,-0.0221441,-0.0133169,-0.0124826,sell
2013-12-21,0,0.05,0,0,-0.005645183,-0.00479772,-0.0074646,-0.0054583,-0.0049273,sell
2013-12-22,0,0.07,0.42,0, 0.005122081, 0.00466810, 0.0088670, 0.0055478, 0.0071472,buy
2013-12-23,0,0.11,1.02,0,-0.004528436,-0.00705740,-0.0101252,-0.0101252,-0.0070574,sell
2013-12-24,0,0.17,2,0, 0.000684172, 0.00562060, 0.0054791, 0.0069460,-0.0043301,buy
2013-12-25,0,0.2,2.67,0,-0.010056156, 0.00385066,-0.0058622,-0.0111542,-0.0142384,sell
2013-12-26,0,0.15,2.64,0.09,-0.002474098,-0.00094956, 0.0023993,-0.0003552,-0.0056672,sell
2013-12-27,0,0.1,0.83,0.13,-0.003783966,-0.00792780,-0.0085489, 0.0033251,-0.0034083,buy
2013-12-28,0,0.07,0,0.42,-0.000846229,-0.01300655, 0.0051559,-0.0026828,-0.0024339,buy
2013-12-29,0,0.05,0,1.05, 0.005747339, 0.00136111, 0.0062482, 0.0055662, 0.0042410,buy
2013-12-30,0,0,0,1.4, 0.009401058, 0.00127642, 0.0020158, 0.0019495, 0.0001303,buy
2013-12-31,0,0,0,1.22, 0.004780149,-0.00038503,-0.0003850,-0.0009545,-0.0029844,buy
2014-01-01,0,0,0,0.87, 0.007599488, 0.00171443, 0.0017144, 0.0075995, 0.0073152,buy
2014-01-02,0,0.12,0,0.69, 0.010878128,-0.00389609, 0.0055403, 0.0030062,-0.0041480,sell
2014-01-03,0,0.2,0,0.54,-0.020157139,-0.02341581,-0.0240967,-0.0204974,-0.0201571,sell
2014-01-04,0,0.15,0,0.5,-0.011669040,-0.01058417,-0.0107296,-0.0105842,-0.0105842,sell
2014-01-05,0,0.2,1.13,0.69, 0.002975333,-0.01051172, 0.0074225, 0.0092986, 0.0029753,buy
2014-01-06,0,0.18,1.98,0.52,-0.012917498,-0.00424624,-0.0081936,-0.0093760,-0.0129175,sell
2014-01-07,0,0.06,0.83,0.34,-0.004085066, 0.00412181, 0.0016265,-0.0018569, 0.0001906,buy
2014-01-08,0,0,0.43,0.47,-0.012583095,-0.01570038,-0.0109101,-0.0120403,-0.0152731,sell
2014-01-09,0,0,1.31,0.66,-0.003791028,-0.00518008,-0.0135284, 0.0001283,-0.0055615,sell
2014-01-10,0,0,2.68,0.8, 0.002499900, 0.00381743, 0.0059423, 0.0041743, 0.0037202,buy
2014-01-11,0,0,3.96,0.92,-0.006817278,-0.00470881,-0.0011462,-0.0047088,-0.0045735,sell
2014-01-12,0,0,2.81,0.68,-0.003601377,-0.00259574,-0.0013585,-0.0033211,-0.0025957,buy
2014-01-13,0,0,1.37,0.3,-0.003047162, 0.01233956,-0.0025486, 0.0099503, 0.0046330,buy
2014-01-14,0,0,0.42,0.2,-0.003607768, 0.00712997, 0.0083593, 0.0042266,-0.0052693,buy
2014-01-15,0,0,0,0.21, 0.012830646, 0.00602399, 0.0038566, 0.0124830, 0.0114283,buy
2014-01-16,0,0,1.27,0.4, 0.000736956, 0.00146460, 0.0025266,-0.0019471, 0.0129793,buy
2014-01-17,0,0,1.95,0.32,-0.007974121,-0.01558011,-0.0151697,-0.0128216,-0.0203528,sell
2014-01-18,0,0,0.69,0.14,-0.018617635,-0.00066056,-0.0089367,-0.0097339,-0.0031161,sell
2014-01-22,0,0.04,0,0,-0.006532196,-0.01014214,-0.0088278,-0.0084422,-0.0093535,sell
2014-01-23,0.88,0.04,0,0,-0.012643365,-0.01671941,-0.0111754,-0.0172093,-0.0153696,sell
2014-01-24,1.8,0.05,0,0.2,-0.015125108,-0.01687537,-0.0154937,-0.0148307,-0.0160482,sell
2014-01-25,1.21,0.06,0,0.4,-0.002546540,-0.00071494,-0.0047275, 0.0050828,-0.0028949,buy
2014-01-26,0.95,0.06,0,0.21, 0.007224727, 0.00513286, 0.0078010, 0.0075962, 0.0051329,buy
2014-01-27,1.43,0.07,0.59,0,-0.004758786,-0.01306483,-0.0124694,-0.0069596,-0.0104524,sell
2014-01-28,1.77,0.07,1.41,0,-0.005352194,-0.00923124,-0.0087821,-0.0089059,-0.0040247,sell
2014-01-29,0.84,0.07,1.96,0, 0.004978333,-0.01451541, 0.0052598, 0.0052530, 0.0027827,buy
2014-01-30,0.34,0.07,1.13,0, 0.004093037, 0.00297016, 0.0030602, 0.0009431,-0.0009189,buy
2014-01-31,0,0.07,0.48,0, 0.009699637, 0.01010784, 0.0101078, 0.0091916, 0.0008828,buy
2014-02-01,0,0.06,0,0,-0.013956537,-0.01532950,-0.0136163,-0.0197928,-0.0171348,sell
2014-02-02,0,0.05,0,0,-0.015158218,-0.01515822,-0.0140151,-0.0179795,-0.0180269,sell
2014-02-03,0,0.05,0,0,-0.019472004,-0.01947200,-0.0203101,-0.0171699,-0.0171699,sell
2014-02-04,0,0.04,0,0,-0.017967687,-0.01807304,-0.0146538,-0.0192734,-0.0191072,sell
2014-02-05,0,0,0,0,-0.003508387, 0.00032605,-0.0098001,-0.0094114,-0.0037034,sell
2014-02-06,0,0,0,0,-0.006211010,-0.00137465,-0.0094343,-0.0018726, 0.0013065,buy
2014-02-07,0,0,0,0,-0.010657081,-0.01227705,-0.0101698,-0.0079975,-0.0118987,sell
2014-02-08,0,0,0,0, 0.002830109,-0.00260484,-0.0036983,-0.0032404,-0.0021809,buy
2014-02-09,0,0,0,0.08, 0.003728427, 0.01251652, 0.0113729, 0.0128580, 0.0019207,buy
2014-02-10,0,0,0,0.19,-0.006378153, 0.00209605,-0.0073899, 0.0104684,-0.0072561,buy
2014-02-11,0,0,0,0.4, 0.006988264,-0.00461252, 0.0091831,-0.0038753,-0.0001142,buy
2014-02-12,0.91,0,0,0.35,-0.011022193,-0.01028159,-0.0057287,-0.0116310,-0.0126175,sell
2014-02-13,2.27,0,0,0.14,-0.011897528,-0.00108919,-0.0043243,-0.0027993,-0.0108149,sell
2014-02-14,3.79,0,0,0,-0.008907427,-0.00851241,-0.0109589,-0.0107072,-0.0008185,sell
2014-02-15,3.63,0,0,0, 0.014114428, 0.01794064, 0.0209856, 0.0183004, 0.0050504,buy
2014-02-16,3.33,0,0,0, 0.008404417, 0.01138672, 0.0139242, 0.0136613, 0.0033719,buy
2014-02-17,2.75,0,0,0.11,-0.004823722,-0.00519339,-0.0071475,-0.0071475,-0.0072361,sell
2014-02-18,1.77,0,0,0.29, 0.000248770, 0.00331722,-0.0025169, 0.0015623,-0.0026269,buy
2014-02-19,0.92,0,0,0.4,-0.007491595, 0.00477899, 0.0003306,-0.0074916,-0.0201746,sell
2014-02-20,0.41,0,0,0.21,-0.002180802,-0.00037832,-0.0000671,-0.0022686,-0.0020856,buy
2014-02-21,0,0,0,0.09, 0.001395053, 0.00568956, 0.0029361, 0.0083576,-0.0058778,buy
2014-02-22,0,0,0.52,0,-0.002904482,-0.00170234,-0.0025995,-0.0025995,-0.0037658,sell
2014-02-23,0,0,0.94,0,-0.001934358,-0.00568827,-0.0094095,-0.0049492,-0.0123596,sell
2014-02-24,0,0,1.72,0, 0.012699100, 0.01506081, 0.0132261, 0.0129288, 0.0160040,buy
2014-02-25,0,0,1.98,0, 0.003657597,-0.00711218,-0.0028495,-0.0039384,-0.0019448,buy
2014-02-26,0,0,1.21,0,-0.007217543,-0.00639694,-0.0008056,-0.0039604,-0.0036128,sell
2014-02-27,0.6,0,0.64,0, 0.009020879,-0.00263331, 0.0074958, 0.0000531,-0.0062906,sell
2014-02-28,1.49,0,0,0.11, 0.012136627, 0.01390596, 0.0127693, 0.0160104, 0.0143558,buy
2014-03-01,1.78,0,0.4,0.21, 0.008496159, 0.00264622, 0.0066152,-0.0118559,-0.0013222,sell
2014-03-02,0.84,0,0.95,0.4,-0.011058222,-0.00652048,-0.0057348,-0.0101471,-0.0063716,sell
2014-03-03,0.34,0,1.98,0.45,-0.005271857,-0.00527186,-0.0058525,-0.0083057,-0.0052719,sell
2014-03-04,0,0,1.67,0.38, 0.008419689, 0.00728467, 0.0073799, 0.0036302, 0.0060372,buy
2014-03-05,0,0,0.7,0.48,-0.000802583,-0.00099646, 0.0000694,-0.0008296, 0.0009203,buy
2014-03-06,0,0,0,0.34, 0.013181466, 0.01444107, 0.0204950, 0.0196235, 0.0113957,buy
2014-03-07,0,0,0,0.16, 0.006104265, 0.00404143, 0.0012392,-0.0012843,-0.0023168,buy
2014-03-08,0,0,0,0.15,-0.012430057,-0.01162874,-0.0058932,-0.0155755,-0.0095638,sell
2014-03-09,0,0,0,0.15,-0.012430057,-0.01118464,-0.0113481,-0.0169348,-0.0128950,sell
2014-03-10,0,0,0,0.32, 0.008240102,-0.00396626,-0.0014346,-0.0014346, 0.0047917,buy
2014-03-11,0.31,0,0,0.4, 0.004843433, 0.00313825, 0.0042004,-0.0033115, 0.0034843,buy
2014-03-12,1.1,0,0,0.22, 0.001843820, 0.00088710, 0.0005388,-0.0005255, 0.0021063,buy
2014-03-13,2.63,0,0,0.1,-0.003243097,-0.00153108,-0.0044563,-0.0040462,-0.0046570,sell
2014-03-14,3.39,0,0,0,-0.003251323,-0.00770407,-0.0032513,-0.0043493,-0.0138475,sell
2014-03-15,2.45,0,0,0, 0.003611849, 0.01497776, 0.0068921, 0.0055049, 0.0055049,buy
2014-03-16,1.95,0,0.46,0,-0.017312706,-0.01794951,-0.0207350,-0.0207350,-0.0134375,sell
2014-03-17,1.78,0,1.02,0,-0.002687698,-0.00554637,-0.0057777,-0.0057777,-0.0044298,sell
2014-03-18,0.66,0,2,0, 0.012005890, 0.01222810, 0.0122281, 0.0098015, 0.0120994,buy
2014-03-19,0,0,1.7,0,-0.007975651,-0.00931227,-0.0085328,-0.0040333,-0.0074435,sell
2014-03-20,0,0,0.75,0, 0.008439349, 0.01049067, 0.0080631, 0.0089249, 0.0079802,buy
2014-03-21,0,0,0,0, 0.001319005,-0.00727161,-0.0029288, 0.0005527,-0.0059035,sell
2014-03-22,0,0,0,0,-0.004520316,-0.00314621,-0.0028734,-0.0000311,-0.0073409,sell
2014-03-23,0,0,0,0, 0.008692272, 0.00784824, 0.0065532, 0.0083089, 0.0062395,buy
2014-03-24,0,0,0,0,-0.011112369,-0.02392903,-0.0155368,-0.0195424,-0.0155021,sell
2014-03-25,0.89,0,0,0,-0.006580751,-0.00528835, 0.0029135, 0.0037123,-0.0060516,sell
2014-03-26,1.78,0,0.39,0,-0.016284259,-0.01719691,-0.0191747,-0.0191747,-0.0101636,sell
2014-03-27,1.04,0,1.4,0,-0.016409729,-0.01800408,-0.0112547,-0.0124341,-0.0138754,sell
2014-03-28,0.97,0,1.95,0.17,-0.006347780, 0.00551569, 0.0055157, 0.0040244, 0.0043234,buy
2014-03-29,1.78,0,0.74,0.4, 0.004564370, 0.00078201, 0.0062733,-0.0038282, 0.0017839,buy
2014-03-30,1.4,0,0,0.49,-0.014995255,-0.00749641,-0.0104004,-0.0106140,-0.0075705,sell
2014-03-31,0.83,0,0,0.44, 0.011645181,-0.00067969, 0.0107904,-0.0030137, 0.0110522,buy
2014-04-01,1.62,0,0,0.5, 0.001701092,-0.00409432,-0.0044539,-0.0006824, 0.0018158,buy
2014-04-02,3.18,0,0,0.51,-0.008369353,-0.00615030,-0.0067127,-0.0067127,-0.0059932,sell
2014-04-03,2.57,0,0,0.49,-0.009700346,-0.00924499,-0.0089037,-0.0099352,-0.0048772,sell
2014-04-04,0.49,0,0,0.23,-0.019929986,-0.00649061,-0.0019907, 0.0002858,-0.0130656,sell
2014-04-05,0,0,0,0.1,-0.009544348,-0.00442970, 0.0022848, 0.0033582, 0.0019843,buy
2014-04-07,0,0.07,0,0, 0.002521871,-0.00533797, 0.0041119, 0.0007405, 0.0009001,buy
2014-04-08,0,0.2,0,0,-0.017756793,-0.00125373,-0.0170058,-0.0145575,-0.0068246,sell
2014-04-09,0,0.17,0,0, 0.002832124, 0.00546219, 0.0049885, 0.0107242, 0.0055567,buy
2014-04-10,0,0.05,0,0,-0.017357857,-0.01879953,-0.0125734,-0.0185924,-0.0203561,sell
2014-04-11,0,0.04,0,0, 0.011812370, 0.01111220, 0.0124485, 0.0144457, 0.0107623,buy
2014-04-12,0,0.11,0,0,-0.006511947,-0.00776837, 0.0012095,-0.0101068,-0.0100115,sell
2014-04-13,0,0.2,0,0.11,-0.002853055,-0.00528915,-0.0030827,-0.0049743,-0.0056056,sell
2014-04-14,0,0.12,0,0.67, 0.011563441,-0.00011168, 0.0102690, 0.0096589,-0.0019392,buy
2014-04-15,0,0.11,0,0.67, 0.010975473,-0.00235818, 0.0038004, 0.0076292,-0.0018418,buy
2014-04-16,0.69,0.2,0.49,0.1, 0.001429109,-0.00287151, 0.0026207, 0.0012813, 0.0013104,buy
2014-04-17,1.66,0.07,1.3,0.07,-0.003131058,-0.00570425,-0.0052955,-0.0094524,-0.0004973,sell
2014-04-18,1.78,0.11,1.96,0.18,-0.013733640,-0.00698395,-0.0065179,-0.0066575, 0.0019861,buy
2014-04-19,0.79,0.25,1.1,0.25, 0.005610180, 0.00426429, 0.0082507, 0.0049909, 0.0022862,buy
2014-04-20,0.33,0.16,0.41,0.36,-0.001667531,-0.00418793,-0.0051656,-0.0074428, 0.0002057,buy
2014-04-21,0,0.13,0,0.53,-0.007028857,-0.00967912,-0.0070557,-0.0074129,-0.0103858,sell
2014-04-22,0,0.18,0,0.73,-0.012676621,-0.01235201,-0.0122935,-0.0122935,-0.0118301,sell
2014-04-23,0.47,0.2,0,0.77,-0.010861522,-0.01188377,-0.0118838,-0.0130583,-0.0102259,sell
2014-04-24,1.37,0.16,0,0.59,-0.008504353,-0.00918009,-0.0106812,-0.0123418,-0.0106812,sell
2014-04-25,1.78,0.11,1.04,0.43,-0.002437161,-0.00352143,-0.0061341, 0.0000830,-0.0024148,buy
2014-04-26,0.79,0.08,3.26,0.31,-0.008975822,-0.01071588,-0.0111002,-0.0084354,-0.0085455,sell
2014-04-27,0,0.06,3.15,0.23,-0.001300424, 0.00603079,-0.0045264,-0.0061452,-0.0054983,buy
2014-04-28,0.41,0.04,1.25,0.12, 0.020754686, 0.01919576, 0.0207222, 0.0212640, 0.0232139,buy
2014-04-29,1.74,0,1.52,0.1,-0.004559120,-0.00430401, 0.0032205,-0.0011006,-0.0066679,sell
2014-04-30,1.06,0,1.93,0.08,-0.011213177,-0.00211796,-0.0033136,-0.0047095,-0.0082423,sell
2014-05-01,0,0,0.64,0,-0.010878499,-0.00651993,-0.0060895,-0.0062512,-0.0058207,sell
2014-05-02,0.71,0.17,0,0,-0.005186857,-0.00962145, 0.0054303,-0.0096812,-0.0108781,sell
2014-05-03,1.71,0.2,0.34,0, 0.002212866,-0.00594076,-0.0033803,-0.0086732, 0.0023304,buy
2014-05-04,1.77,0,0.7,0,-0.009368236,-0.00936824,-0.0093682,-0.0093682,-0.0086134,sell
2014-05-05,0.76,0,1.44,0,-0.001151864,-0.00207122,-0.0040314,-0.0025298,-0.0018420,buy
2014-05-06,0.32,0,1.98,0,-0.007316255,-0.00621886,-0.0039841,-0.0045999,-0.0036667,sell
2014-05-07,0,0,1.32,0,-0.012066013,-0.01206601,-0.0069304,-0.0101800,-0.0130626,sell
2014-05-08,0,0.04,0.64,0, 0.018593623, 0.01300477, 0.0172750, 0.0144927, 0.0136318,buy
2014-05-09,0,0.13,0,0,-0.003025076, 0.01261752,-0.0063748,-0.0030108,-0.0026523,buy
2014-05-10,0,0.32,0,0.16,-0.005827258,-0.01384785,-0.0191353,-0.0016157,-0.0090209,sell
2014-05-11,0.56,0.35,0,0.39,-0.011260044, 0.00417495,-0.0132207, 0.0011357, 0.0072459,buy
2014-05-12,1.8,0.16,0.56,0.19,-0.005211994,-0.00244526,-0.0048111,-0.0033388,-0.0031773,buy
2014-05-13,1.05,0,0.9,0.18, 0.005866736, 0.00928574, 0.0058377, 0.0058731, 0.0093229,buy
2014-05-14,0,0,1.9,0.4, 0.014001895, 0.00936921,-0.0068358,-0.0090928, 0.0014461,buy
2014-05-15,0,0,3.95,0.31,-0.002846402,-0.00852900,-0.0102106,-0.0056687,-0.0059490,sell
2014-05-16,1.04,0.08,3.86,0.2,-0.003364469,-0.00264416,-0.0032345,-0.0023306,-0.0023306,buy
2014-05-17,1.77,0.2,1.92,0.22,-0.002103359,-0.00246310,-0.0042293, 0.0051311, 0.0008461,buy
2014-05-18,0.73,0.15,1.06,0.39, 0.000387504, 0.00008471, 0.0000847, 0.0014740, 0.0062640,buy
2014-05-19,0,0.05,0.87,0.3, 0.017559948, 0.00988554, 0.0166879, 0.0170239, 0.0166879,buy
2014-05-20,0,0,0.74,0.12,-0.013604450, 0.00337805,-0.0054819,-0.0056511, 0.0028051,buy
2014-05-21,0,0,0.66,0,-0.011355337, 0.00400742,-0.0022456, 0.0032061, 0.0032061,buy
2014-05-22,0,0,0.64,0,-0.010878499,-0.00651993,-0.0060895,-0.0062512,-0.0058207,sell
2014-05-23,0,0,0.68,0,-0.012292640, 0.00250906,-0.0061978,-0.0008709,-0.0006276,buy
2014-05-24,0,0,0.77,0, 0.008631035, 0.00615866, 0.0129209, 0.0109855, 0.0018161,buy
2014-05-25,0,0,0.93,0,-0.007114070,-0.01753386,-0.0244722,-0.0190112,-0.0191446,sell
2014-05-26,0,0,1.18,0.07,-0.015059490,-0.02280515,-0.0098967,-0.0230985,-0.0215951,sell
2014-05-27,0,0,1.6,0.17, 0.001562252, 0.01205066,-0.0021346, 0.0047737,-0.0001187,buy
2014-05-28,0.31,0,2,0.39, 0.001693157, 0.00223335, 0.0025679, 0.0005458, 0.0022334,buy
2014-05-29,0.65,0,1.7,0.4,-0.006847926,-0.00832126,-0.0069684,-0.0062007,-0.0039666,sell
2014-05-30,1.37,0,1.1,0.17, 0.015312070, 0.02398336, 0.0215081, 0.0211750, 0.0233793,buy
2014-05-31,1.8,0,0.67,0.07,-0.013204526,-0.01430914,-0.0132045,-0.0088196,-0.0140735,sell
2014-06-01,1.1,0,0.38,0, 0.000241397, 0.00757915, 0.0002414, 0.0062127, 0.0062127,buy
2014-06-02,0.54,0,0.38,0,-0.005809042,-0.00408655,-0.0064374,-0.0051133,-0.0060700,sell
2014-06-03,0,0,1.07,0,-0.006219672,-0.00795812,-0.0061708,-0.0078561,-0.0078561,sell
2014-06-04,0,0,2.55,0,-0.014394466,-0.00733015,-0.0133713,-0.0147253,-0.0149660,sell
2014-06-05,0.45,0,2.58,0,-0.000964056,-0.00380198,-0.0032930,-0.0068462, 0.0039145,buy
2014-06-06,0.98,0,2.42,0.07,-0.007972522,-0.00393040,-0.0031116,-0.0005314,-0.0031116,buy
2014-06-07,2.32,0,1.3,0.08, 0.000591022, 0.00614837,-0.0075031,-0.0076204,-0.0112345,buy
2014-06-08,3.05,0,0.57,0.1,-0.003341754, 0.00572229,-0.0063234,-0.0067704,-0.0083134,buy
2014-06-09,2.45,0,0,0.13,-0.008088280, 0.00287379,-0.0053278,-0.0053278,-0.0098159,buy
2014-06-10,0.99,0,0,0.16,-0.000277142, 0.00572570,-0.0012815, 0.0002302,-0.0025791,buy
2014-06-11,0,0.05,0,0.21, 0.001242200, 0.00124220,-0.0002511, 0.0090652,-0.0015971,buy
2014-06-12,0,0.16,0,0.27, 0.004170281, 0.00023437,-0.0065289,-0.0038728, 0.0001937,buy
2014-06-13,0,0.2,0,0.34, 0.002725785, 0.01099926, 0.0051369, 0.0094729, 0.0044045,buy
2014-06-14,0,0.08,0,0.4, 0.004160661, 0.00388578, 0.0050457,-0.0084544, 0.0039629,buy
2014-06-15,0,0,0,0.35, 0.007526006, 0.00842270, 0.0207078, 0.0126682, 0.0062582,buy
2014-06-16,0,0,0.58,0.27,-0.000543749, 0.00112442, 0.0001084, 0.0014974, 0.0020022,buy
2014-06-17,0,0,1.39,0.2,-0.000103667,-0.00324707,-0.0134114,-0.0010305,-0.0147940,sell
2014-06-18,0,0.03,1.98,0.15,-0.007050169,-0.00123136,-0.0129399,-0.0074530,-0.0163735,sell
2014-06-19,0,0.04,1.17,0.11,-0.011228344,-0.01363104,-0.0062949,-0.0115508,-0.0088738,sell
2014-06-20,0,0.06,0.49,0.08, 0.013667631, 0.00612324, 0.0065078, 0.0062535, 0.0113546,buy
2014-06-21,0,0.08,0,0,-0.002465300,-0.00265829,-0.0024653,-0.0021443, 0.0010808,buy
2014-06-22,0,0.1,0,0, 0.013424804, 0.00933172, 0.0083255, 0.0075547, 0.0091571,buy
2014-06-23,0,0.13,0,0,-0.003025076, 0.01261752,-0.0063748,-0.0030108,-0.0026523,buy
2014-06-24,0,0.18,0,0,-0.000355460, 0.00716174, 0.0057985, 0.0057733, 0.0110493,buy
2014-06-25,0,0.2,0,0,-0.017756793,-0.00125373,-0.0170058,-0.0145575,-0.0068246,sell
2014-06-26,0,0.16,0,0, 0.000278517, 0.00279225,-0.0013266, 0.0063165,-0.0005536,buy
2014-06-27,0.56,0.12,0,0, 0.013033831, 0.01497929, 0.0074838, 0.0074838, 0.0096859,buy
2014-06-28,1.33,0.09,0,0.16, 0.004956217, 0.00147177,-0.0044051, 0.0013487, 0.0035678,buy
2014-06-29,1.77,0.06,0,0.39, 0.004494653, 0.00023291, 0.0018201, 0.0025808, 0.0124704,buy
2014-06-30,0.99,0.05,0,0.33,-0.000092106,-0.00083765, 0.0049257, 0.0012734,-0.0019307,buy
2014-07-01,0.42,0,0,0.11, 0.010692241,-0.00040505, 0.0101084, 0.0083803, 0.0073212,buy
2014-07-02,0,0.06,0,0, 0.000691381, 0.00523961, 0.0042317, 0.0042317, 0.0088280,buy
2014-07-03,0,0.14,0,0,-0.004409411, 0.01463034,-0.0005379,-0.0014485,-0.0015760,buy
2014-07-04,0,0.2,0,0,-0.017756793,-0.00490904,-0.0004620,-0.0006939, 0.0069444,buy
2014-07-05,0,0.11,0.49,0, 0.001945034, 0.00737106, 0.0033412, 0.0033907, 0.0052320,buy
2014-07-06,0,0.05,1.41,0.09, 0.007953386, 0.00714921, 0.0006663,-0.0066541, 0.0004017,buy
2014-07-07,0.71,0,1.98,0.22, 0.003029244, 0.00519647, 0.0056452, 0.0087177, 0.0061230,buy
2014-07-08,1.71,0,0.94,0.39,-0.007509878,-0.00571126,-0.0070922,-0.0059024,-0.0038041,sell
2014-07-09,1.77,0,0,0.31, 0.004554080, 0.00455408, 0.0045541, 0.0015793, 0.0126062,buy
2014-07-10,1.14,0,0,0.13, 0.000275551,-0.00222458, 0.0023471, 0.0030572, 0.0034220,buy
2014-07-11,1.45,0,0,0, 0.006535653, 0.00482608, 0.0015037, 0.0079148, 0.0059889,buy
2014-07-12,2.31,0,0,0,-0.005158410,-0.01520117,-0.0022728,-0.0051584,-0.0033161,sell
2014-07-13,3.56,0,0,0, 0.008791354, 0.01509643, 0.0180981, 0.0170331,-0.0001586,buy
2014-07-14,2.7,0,0,0, 0.008589094,-0.00190607, 0.0044470, 0.0015388,-0.0016044,buy
2014-07-15,1.3,0,0,0.2, 0.006425153,-0.00247202, 0.0013597,-0.0012930,-0.0006077,buy
2014-07-16,0.63,0,0,0.33, 0.015698052, 0.01223042,-0.0054264, 0.0070202, 0.0200538,buy
2014-07-17,0.37,0,0,0.55,-0.005072129,-0.00705323,-0.0051322, 0.0005265,-0.0021542,buy
2014-07-18,1.26,0,0,0.75, 0.006925084, 0.00105024, 0.0069251, 0.0044062, 0.0009766,buy
2014-07-19,1.77,0,0,0.68, 0.011063448, 0.01074488, 0.0107449, 0.0162640, 0.0110634,buy
2014-07-20,0.66,0,0,0.46, 0.016938465, 0.00773315, 0.0225933, 0.0059784, 0.0122035,buy
2014-07-21,0,0.12,0,0.29, 0.012811259, 0.00194470, 0.0151738, 0.0057596, 0.0070334,buy
2014-07-22,0.35,0.2,0,0.13,-0.006906291,-0.00805520,-0.0078029,-0.0069292,-0.0109858,sell
2014-07-23,1.34,0.07,0,0.17,-0.013320042,-0.01599373,-0.0150389,-0.0120678,-0.0138840,sell
2014-07-24,3.23,0,0,0.37, 0.002477766,-0.00001948,-0.0050273,-0.0050273,-0.0050273,sell
2014-07-25,2.79,0,0,0.4,-0.006928839, 0.00048772,-0.0006726,-0.0006726,-0.0006726,buy
2014-07-26,0.75,0.05,0,0.15,-0.004009311,-0.00674010,-0.0048540,-0.0027143,-0.0020431,buy
2014-07-27,0,0.14,0,0.1,-0.007010101,-0.00960763,-0.0051359,-0.0070101,-0.0151719,sell
2014-07-28,0,0.2,0,0.13,-0.005445477,-0.01220257, 0.0007208,-0.0130257,-0.0110410,sell
2014-07-29,0,0.09,0,0.17, 0.004663065, 0.00926374, 0.0088691, 0.0051616, 0.0110628,buy
2014-07-30,0.37,0,0,0.32, 0.002330172, 0.00342858,-0.0039454, 0.0047584, 0.0030395,buy
2014-07-31,1.09,0,0,0.91,-0.004612700, 0.00348919,-0.0004104,-0.0023774, 0.0034892,buy
2014-08-01,1.77,0,0,1.3, 0.005957706, 0.01411513, 0.0051175, 0.0138192, 0.0044252,buy
2014-08-02,0.98,0,0,1.05, 0.000848790, 0.00000292, 0.0011330,-0.0001102,-0.0021130,buy
2014-08-03,0.34,0,0,0.69, 0.012708405, 0.00983982, 0.0121268, 0.0204781, 0.0203731,buy
2014-08-04,0.47,0,0,0.32, 0.004460069, 0.00686458,-0.0043126, 0.0080173, 0.0048789,buy
2014-08-05,0.8,0,0,0.16,-0.006765382, 0.00203823,-0.0041207,-0.0037057,-0.0084118,sell
2014-08-06,1.34,0,0,0.12,-0.008850631,-0.00488512,-0.0078528,-0.0078165,-0.0100484,sell
2014-08-07,2.87,0,0,0.19, 0.019805143, 0.01992173, 0.0186865, 0.0207378, 0.0192479,buy
2014-08-08,4.87,0,0,0.53,-0.006408999,-0.00677927,-0.0120132,-0.0122907,-0.0072173,sell
2014-08-09,3.94,0,0,0.8,-0.003766864,-0.00726598,-0.0117693,-0.0117693,-0.0072660,sell
2014-08-10,1.26,0,0,0.38,-0.006693705, 0.00667585,-0.0068307, 0.0091676, 0.0127381,buy
2014-08-11,0.32,0,0,0.13, 0.004385328,-0.00471984, 0.0029080, 0.0016636, 0.0016636,buy
2014-08-12,0,0,0.53,0, 0.007068696, 0.01614709, 0.0100715, 0.0109556, 0.0100715,buy
2014-08-13,0,0,0.92,0,-0.004415483,-0.01086704,-0.0221441,-0.0133169,-0.0124826,sell
2014-08-14,0,0,1.57,0, 0.013536231, 0.00731373, 0.0145156, 0.0156407, 0.0095383,buy
2014-08-15,0,0,1.98,0.08, 0.003046662, 0.00488984, 0.0143707, 0.0129224, 0.0124314,buy
2014-08-16,0,0,1.44,0.17, 0.002471519, 0.00247152, 0.0022750, 0.0006480, 0.0002419,buy
2014-08-17,0,0,0.83,0.35, 0.004046823, 0.01100332, 0.0042985, 0.0024502,-0.0053050,buy
2014-08-18,0,0.14,1.07,0.4,-0.002593681, 0.00005847,-0.0004786, 0.0006738, 0.0057043,buy
2014-08-19,0,0.19,1.96,0.21, 0.005136532, 0.00858128, 0.0063167, 0.0074461, 0.0079125,buy
2014-08-20,0.46,0.05,1.83,0.1, 0.020426016, 0.00704540,-0.0031671,-0.0028997,-0.0028997,buy
2014-08-21,1.75,0,0.53,0,-0.002782683,-0.00278268,-0.0071076,-0.0071076,-0.0032195,buy
2014-08-22,1.32,0,0,0,-0.001127627,-0.00509627,-0.0055493,-0.0017669,-0.0101921,sell
2014-08-23,0.36,0,0.51,0, 0.015551763, 0.02000107, 0.0187127, 0.0179293, 0.0187127,buy
2014-08-24,1.1,0,2.23,0.09, 0.012228915, 0.00883829,-0.0029702, 0.0143836, 0.0020769,buy
2014-08-25,1.77,0,3.93,0.33,-0.013837387,-0.00611714,-0.0102336,-0.0061171,-0.0102580,sell
2014-08-26,0.92,0,2.11,0.67,-0.004381243,-0.00482647, 0.0002655,-0.0048265,-0.0045949,sell
2014-08-27,0,0.05,0.44,0.71, 0.000018431,-0.00198226,-0.0002819, 0.0059460,-0.0002178,buy
2014-08-28,0,0.11,0,0.44, 0.006613540,-0.00237906, 0.0064701, 0.0040145,-0.0012667,buy
2014-08-29,0,0.2,0,0.19, 0.005523147, 0.00361602,-0.0012595,-0.0018513, 0.0004940,buy
2014-08-30,0,0.14,0,0.11,-0.001872577,-0.00038106,-0.0057643,-0.0041530,-0.0118941,sell
2014-08-31,0,0.06,0,0, 0.000691381, 0.00523961, 0.0042317, 0.0042317, 0.0088280,buy
2014-09-01,0.41,0,0,0, 0.005571317, 0.00583051, 0.0039469, 0.0028165, 0.0037352,buy
2014-09-02,0.96,0,0,0,-0.003120031,-0.00454583, 0.0000394, 0.0003643,-0.0045458,sell
2014-09-03,1.78,0,0,0, 0.001098473, 0.00650037,-0.0088232, 0.0003127, 0.0057894,buy
2014-09-04,1.37,0,0,0, 0.001355828,-0.01348046,-0.0072187, 0.0080958,-0.0028399,buy
2014-09-05,0.57,0,0,0, 0.001444638,-0.00327392, 0.0004862,-0.0034548,-0.0033081,buy
2014-09-06,0,0,0.51,0, 0.013270334, 0.01737051, 0.0139179, 0.0144750, 0.0144750,buy
2014-09-07,0,0,0.8,0,-0.003448781, 0.00189770, 0.0041580,-0.0002954, 0.0002068,buy
2014-09-08,0,0.04,1.26,0.12, 0.019938127, 0.01812363, 0.0214766, 0.0189665, 0.0211116,buy
2014-09-09,0,0.11,3.39,0.39, 0.010890853, 0.01028137, 0.0040418, 0.0148451, 0.0102814,buy
2014-09-10,0,0.2,5.11,0.38,-0.008420898,-0.00386324,-0.0089948,-0.0041517,-0.0113762,sell
2014-09-11,0,0.15,4.85,0.11,-0.007796781,-0.00736225,-0.0121437,-0.0025919,-0.0077938,sell
2014-09-12,0,0.16,2.87,0,-0.007536611,-0.00091980, 0.0014378,-0.0056870,-0.0098239,sell
2014-09-13,0.87,0.2,1.18,0,-0.005465492,-0.00027001,-0.0094898, 0.0018240,-0.0053294,buy
2014-09-14,1.75,0.09,0,0, 0.005946521, 0.00560344, 0.0039408,-0.0011079, 0.0111032,buy
2014-09-15,1.16,0,0,0, 0.009945211, 0.00335707, 0.0015545, 0.0015051, 0.0038172,buy
2014-09-16,0.38,0,0,0, 0.006476380, 0.00744875, 0.0070460, 0.0135908, 0.0135908,buy
2014-09-19,0,0,0.39,0.1, 0.002896276, 0.01180909,-0.0057468, 0.0097320, 0.0099183,buy
2014-09-20,0,0,1.09,0.19, 0.000351330, 0.00362784, 0.0037481, 0.0022932,-0.0040592,buy
2014-09-21,0,0,2,0.35, 0.000840137,-0.00872324,-0.0102380,-0.0117706,-0.0112929,sell
2014-09-22,0,0,1.61,0.4, 0.007139615, 0.00316345, 0.0031635, 0.0020322, 0.0050457,buy
2014-09-23,0,0,1.15,0.23, 0.004681315, 0.00614102, 0.0003766, 0.0043834,-0.0070120,buy
2014-09-24,0,0,1.39,0.12,-0.008103413,-0.00777285,-0.0029098,-0.0090450,-0.0090450,sell
2014-09-25,0,0,2,0,-0.001771239,-0.01066074,-0.0168394,-0.0095698,-0.0136604,sell
2014-09-26,0,0,1.41,0,-0.000452293,-0.00004774, 0.0122092, 0.0060245, 0.0006625,buy
2014-09-27,0,0,0.72,0,-0.008205921, 0.00190248,-0.0087922,-0.0079244,-0.0087780,sell
2014-09-28,0,0,0.36,0, 0.004439400, 0.00204138, 0.0034326, 0.0004903, 0.0045929,buy
2014-10-02,0.41,0,0,0.12, 0.009803830,-0.00202519, 0.0081348, 0.0070448, 0.0071184,buy
2014-10-03,0.8,0,0,0.29,-0.004080615,-0.00900522,-0.0102138,-0.0090052,-0.0054247,sell
2014-10-04,1.56,0,0,0.4,-0.007733209, 0.00624965,-0.0142178,-0.0015186,-0.0085612,buy
2014-10-05,2.21,0.03,0,0.22,-0.010367434,-0.00635555,-0.0128699,-0.0107127,-0.0086028,sell
2014-10-06,1.75,0.09,0,0.09, 0.007597270, 0.00302197,-0.0010337, 0.0008356, 0.0084169,buy
2014-10-07,1.69,0.2,0.34,0.17,-0.009998159, 0.00266519,-0.0084377,-0.0063189,-0.0058773,sell
2014-10-08,1.78,0.18,0.88,0.39, 0.005624068, 0.00649671, 0.0044656, 0.0006994,-0.0054716,buy
2014-10-09,1.68,0.11,1.5,0.3,-0.011679667,-0.01129859,-0.0118412,-0.0118412,-0.0053455,sell
2014-10-10,1.03,0.12,2.68,0.1, 0.002942258,-0.00962253, 0.0013703,-0.0105800,-0.0187482,sell
2014-10-11,0.63,0.2,2.86,0,-0.000252668, 0.00788063,-0.0032628,-0.0012642,-0.0019731,buy
2014-10-12,0.38,0.1,2.58,0, 0.012614720, 0.01215053, 0.0126147, 0.0114692, 0.0104004,buy
2014-10-13,0,0,3.24,0, 0.000577731, 0.00215817, 0.0024049,-0.0097199,-0.0062097,sell
2014-10-14,0,0,3.81,0, 0.007016504, 0.00052623, 0.0022279, 0.0012893,-0.0097371,buy
2014-10-15,0,0,3.06,0,-0.003440042,-0.01174839,-0.0124640,-0.0122539,-0.0173206,sell
2014-10-16,0,0,4.16,0, 0.001921213, 0.01103380, 0.0140711, 0.0111497, 0.0109141,buy
2014-10-17,0,0,4,0, 0.015409071, 0.00063363, 0.0139025, 0.0169024, 0.0150508,buy
2014-10-18,0,0,2.57,0, 0.017826585, 0.01892857, 0.0179428, 0.0198645, 0.0195087,buy
2014-10-19,0,0,3.43,0,-0.006683839,-0.00668384,-0.0072774,-0.0088935,-0.0075923,sell
2014-10-20,0,0,4.6,0,-0.007555813, 0.00816515, 0.0051127, 0.0084271, 0.0051127,buy
2014-10-21,0,0,3.68,0, 0.003833992, 0.00483210, 0.0046413, 0.0038340, 0.0048435,buy
2014-10-22,0,0,2.06,0, 0.002238522, 0.00223852,-0.0010140, 0.0007473, 0.0117703,buy
2014-10-23,0,0,0.95,0, 0.014588514, 0.01460845, 0.0145641, 0.0123827, 0.0130754,buy
2014-10-24,0,0,0.35,0,-0.017467119,-0.00777392,-0.0158820,-0.0163968,-0.0174540,sell
2014-10-25,0,0,0,0,-0.015882254,-0.00809743,-0.0102511,-0.0135128,-0.0168749,sell
2014-10-26,1.2,0,0,0, 0.010492433, 0.00618952, 0.0104924, 0.0016851, 0.0054850,buy
2014-10-27,2.99,0,0,0, 0.002765800, 0.00246832, 0.0079485, 0.0082461, 0.0010248,buy
2014-10-28,3.18,0,0,0,-0.001987571,-0.00020958, 0.0078405, 0.0043637, 0.0030453,buy
2014-10-29,1.51,0,0.36,0, 0.007189600, 0.01105268, 0.0032921, 0.0043947, 0.0031815,buy
2014-10-30,0.43,0,1.15,0, 0.001195204,-0.00140225, 0.0056971,-0.0014023, 0.0060851,buy
2014-10-31,0,0,2.95,0,-0.003267948,-0.00660164,-0.0091423,-0.0095940,-0.0058800,sell
2014-11-01,0,0,6.26,0, 0.002880329, 0.00511863, 0.0013832,-0.0061193, 0.0092725,buy
2014-11-02,0,0,6.11,0, 0.004046156, 0.00641036, 0.0042732,-0.0046631, 0.0120493,buy
2014-11-03,0,0,4.2,0, 0.013497482, 0.00521964, 0.0023541, 0.0052196, 0.0005389,buy
2014-11-04,0,0,2.43,0, 0.004198367, 0.01196997, 0.0098055, 0.0119595, 0.0097702,buy
2014-11-05,0,0,0.8,0,-0.003448781, 0.00189770, 0.0041580,-0.0002954, 0.0002068,buy
2014-11-08,0,0,0,0.16, 0.027146269, 0.00829824, 0.0198626, 0.0260375, 0.0086474,buy
2014-11-09,0,0,0,0.39,-0.003653764,-0.01250372,-0.0021321, 0.0018539,-0.0021010,buy
2014-11-10,0.35,0,0,0.43, 0.013065708, 0.00428913, 0.0073849, 0.0082953, 0.0045585,buy
2014-11-11,1.39,0,0,0.31, 0.005017951, 0.00559195, 0.0050108, 0.0055919, 0.0050108,buy
2014-11-12,1.75,0,0,0.52, 0.007915326, 0.00547375, 0.0076429, 0.0123881, 0.0076429,buy
2014-11-13,0.56,0,0,0.75, 0.002803716,-0.00686056,-0.0021786, 0.0060882, 0.0060882,buy
2014-11-14,0,0,0,0.61,-0.015968001,-0.01804152,-0.0210042,-0.0137947,-0.0180415,sell
2014-11-15,0,0,0.84,0.29,-0.008593615,-0.01252169, 0.0030423,-0.0074217,-0.0086091,sell
2014-11-16,0,0,1.98,0.08,-0.005008446,-0.00839929,-0.0037492,-0.0095028,-0.0095028,sell
2014-11-17,0,0,1.12,0, 0.016516440, 0.01437646, 0.0143765, 0.0146960, 0.0158776,buy
2014-11-18,0,0,0,0,-0.015882254,-0.00809743,-0.0102511,-0.0135128,-0.0168749,sell
2014-11-19,0,0,0.61,0.19, 0.002674378, 0.00252612, 0.0050240, 0.0012545,-0.0071320,buy
2014-11-20,0,0,1.27,0.4, 0.013009490, 0.00820433, 0.0046307, 0.0063862, 0.0082439,buy
2014-11-21,0,0,2,0.33,-0.006898417,-0.01683780,-0.0153516,-0.0137805,-0.0208892,sell
2014-11-22,0,0,1.48,0.38, 0.005167234, 0.00586175, 0.0058618, 0.0023520, 0.0078126,buy
2014-11-23,0,0,0.71,0.39, 0.008396694,-0.00159278, 0.0046903, 0.0054423, 0.0046949,buy
2014-11-24,0,0,0.34,0.13, 0.010519982,-0.00215477, 0.0071414, 0.0096812, 0.0085917,buy
2014-11-25,0.54,0,0,0.13,-0.005384360,-0.00626682,-0.0007316,-0.0025161,-0.0052386,sell
2014-11-26,1.69,0,0,0.33, 0.000191913, 0.00314157, 0.0047506, 0.0044205, 0.0031626,buy
2014-11-27,1.77,0,0,0.4,-0.004902925,-0.00583427,-0.0058343, 0.0034753, 0.0004522,buy
2014-11-28,0.59,0,0.38,0.19,-0.007593404,-0.00293590,-0.0049169,-0.0092085,-0.0097725,sell
2014-11-29,0,0,0.69,0.15,-0.019048348,-0.00444696,-0.0110486,-0.0108940,-0.0055425,sell
2014-11-30,0,0,1.24,0.29,-0.004837112, 0.00505318,-0.0048274, 0.0040619,-0.0009125,buy
2014-12-01,0,0,2,0.39, 0.010556235, 0.00464065, 0.0069344, 0.0002778, 0.0040260,buy
2014-12-02,0,0,1.78,0.13,-0.004263209,-0.00722302,-0.0038315, 0.0013136, 0.0040145,buy
2014-12-03,1.44,0,0.99,0,-0.017160170,-0.01261108,-0.0171602,-0.0074308,-0.0171602,sell
2014-12-04,3.88,0,0.55,0,-0.003143613,-0.00207846,-0.0102630,-0.0154050, 0.0035556,sell
2014-12-05,4.5,0,0,0,-0.011272351,-0.01222393,-0.0126460,-0.0156765,-0.0002995,sell
2014-12-06,2.93,0,0,0,-0.009038051,-0.00490199,-0.0008275,-0.0074201,-0.0079229,sell
2014-12-07,0.55,0,0,0, 0.003467782, 0.00997444, 0.0028502, 0.0077890, 0.0088873,buy
2014-12-08,0,0,0,0,-0.000716756, 0.00555448, 0.0035985, 0.0078768,-0.0003603,buy
2014-12-09,0,0,0,0,-0.008032493, 0.00791052, 0.0056917, 0.0041766, 0.0079403,buy
2014-12-10,0,0,0,0,-0.004346402, 0.00224508, 0.0013833, 0.0001408,-0.0050214,buy
2014-12-11,0.87,0,0,0, 0.006226518, 0.00141611, 0.0043967, 0.0063688, 0.0061971,buy
2014-12-12,2.12,0,0,0,-0.004289352, 0.00417616, 0.0000851, 0.0020467,-0.0004514,buy
2014-12-13,1.8,0,0.87,0,-0.008360754,-0.00678812,-0.0129193,-0.0129193,-0.0129193,sell
2014-12-14,1.8,0,2,0,-0.003296590, 0.00170404,-0.0047517, 0.0066918, 0.0064709,buy
2014-12-15,1.33,0,1.44,0, 0.000083944, 0.00022689, 0.0083518, 0.0117491, 0.0000839,buy
2014-12-16,0.52,0,0.48,0,-0.016877052,-0.01200197,-0.0079572,-0.0175895,-0.0120020,sell
2014-12-17,0,0,0,0, 0.001670898, 0.00900359, 0.0090036, 0.0074425, 0.0101137,buy
2014-12-18,0,0,0.43,0, 0.006039748, 0.00389320, 0.0070588, 0.0083148, 0.0066586,buy
2014-12-19,0,0,1.95,0.17,-0.002786136,-0.00072955, 0.0010104,-0.0012022,-0.0116113,sell
2014-12-20,0,0,3.68,0.4,-0.008803451,-0.01467953,-0.0152498,-0.0097887,-0.0100951,sell
2014-12-21,0,0,2.84,0.29, 0.007405324, 0.00167513,-0.0022921, 0.0056096, 0.0009474,buy
2014-12-22,0,0,1.11,0.1,-0.007617257,-0.00714169,-0.0173387,-0.0096546,-0.0092365,sell
2014-12-23,0,0,0.55,0.08,-0.001729016, 0.00345304, 0.0055056,-0.0010189, 0.0039057,buy
2014-12-24,0,0,0,0.35,-0.004798390,-0.00706039,-0.0047984, 0.0016646,-0.0016614,buy
2014-12-25,0,0,0.7,0.39,-0.011246955,-0.00173226,-0.0018133,-0.0000027, 0.0068845,buy
2014-12-26,0,0,1.7,0.11,-0.004719763,-0.00490476,-0.0000977,-0.0080333,-0.0084564,sell
2014-12-27,0,0,1.98,0, 0.006840047,-0.01209397,-0.0115639,-0.0099235,-0.0024519,sell
2014-12-28,0,0,0.93,0,-0.007114070,-0.01753386,-0.0244722,-0.0190112,-0.0191446,sell
2014-12-29,0,0,0.38,0,-0.003866370, 0.00076209, 0.0040196,-0.0009381, 0.0026842,buy
2014-12-30,0,0.05,0,0,-0.005645183,-0.00479772,-0.0074646,-0.0054583,-0.0049273,sell
2014-12-31,0,0.1,0,0, 0.013424804, 0.00933172, 0.0083255, 0.0075547, 0.0091571,buy
2015-01-01,0,0.2,0,0.11,-0.005909555,-0.00945211, 0.0088221,-0.0127489,-0.0104022,sell
2015-01-02,0,0.17,0.37,0.28,-0.001617853,-0.00314331, 0.0007041,-0.0057689,-0.0068397,sell
2015-01-03,0,0.08,1.04,0.4, 0.005746263, 0.00086186, 0.0057463, 0.0056291, 0.0088891,buy
2015-01-04,0,0.04,2.55,0.22, 0.003071946,-0.00099477, 0.0092510, 0.0047832,-0.0009948,buy
2015-01-05,0,0,3.28,0.09,-0.006298944,-0.00629894,-0.0076272, 0.0008946,-0.0133229,sell
2015-01-06,0,0,2.3,0,-0.011098040,-0.01109804,-0.0156210,-0.0031955,-0.0088715,sell
2015-01-07,0,0,0.52,0,-0.006193352,-0.00377047,-0.0062539,-0.0109910,-0.0061934,sell
2015-01-08,0,0,0,0, 0.008315243, 0.00793188, 0.0053482, 0.0079319, 0.0062395,buy
2015-01-09,0,0,0,0,-0.017523653,-0.01798706,-0.0179871,-0.0146609,-0.0168876,sell
2015-01-10,0,0,0,0, 0.010906767, 0.00771716, 0.0109068, 0.0077172, 0.0106198,buy
2015-01-11,0,0,0,0,-0.006919471,-0.00778572,-0.0069195,-0.0077857,-0.0076308,sell
2015-01-12,0,0,1.22,0.1,-0.009152121,-0.01323062,-0.0105700,-0.0122625,-0.0132306,sell
2015-01-13,0,0,3.25,0.18, 0.009944486, 0.00681197, 0.0089738, 0.0188656, 0.0114421,buy
2015-01-14,0,0,3.65,0.33, 0.004589651,-0.00376087,-0.0061118,-0.0000815,-0.0009522,buy
2015-01-15,0,0,1.76,0.4, 0.000615059, 0.00015142,-0.0033634,-0.0025122, 0.0006151,buy
2015-01-16,0,0,0.52,0.25, 0.008411777, 0.00760765, 0.0102250, 0.0014632, 0.0112094,buy
2015-01-17,0,0,0,0.13, 0.009897704, 0.00474715, 0.0063280, 0.0118117, 0.0104825,buy
2015-01-18,0,0.09,0,0.07,-0.004023797, 0.00051940, 0.0027021,-0.0077937, 0.0024842,buy
2015-01-19,0,0.2,0,0,-0.001900622,-0.00286726,-0.0006457,-0.0002395,-0.0029431,buy
2015-01-20,0,0.12,0,0,-0.008905488,-0.00971655,-0.0017918,-0.0105253,-0.0109173,sell
2015-01-21,0,0.04,0.69,0,-0.007649458,-0.00641100,-0.0048999,-0.0054310,-0.0106040,sell
2015-01-22,0,0,1.6,0, 0.005256982, 0.00565616,-0.0028183, 0.0065073, 0.0052570,buy
2015-01-23,0,0,1.96,0,-0.008819565,-0.00458975,-0.0062244,-0.0093733,-0.0105431,sell
2015-01-24,0,0,1.04,0, 0.000499989, 0.00011206, 0.0005000, 0.0006252, 0.0005087,buy
2015-01-25,0,0,0.45,0, 0.009013355,-0.00899028, 0.0120495, 0.0071386, 0.0038302,buy
2015-01-26,0,0,0.61,0,-0.008594353,-0.00727242,-0.0063590,-0.0082346,-0.0022315,buy
2015-01-27,0,0,1.91,0,-0.003330815,-0.00208844,-0.0020533, 0.0019017,-0.0027487,buy
2015-01-28,0,0,2.69,0.09,-0.016250755,-0.01139465,-0.0053846,-0.0067023,-0.0223589,sell
2015-01-29,0,0,2.22,0.27, 0.013818790, 0.01836884, 0.0067200, 0.0081412, 0.0139394,buy
2015-01-30,0,0,1.98,0.39,-0.006313207,-0.00423078, 0.0005268, 0.0026327, 0.0025876,buy
2015-01-31,0,0,2.01,0.2, 0.006553516,-0.00475332,-0.0054475,-0.0064891,-0.0086416,sell
2015-02-01,0,0,1.99,0.07,-0.002261576,-0.00260352,-0.0009036,-0.0009036, 0.0041088,buy
2015-02-02,0,0,2.36,0, 0.013384279, 0.01330797, 0.0100753, 0.0136436, 0.0137847,buy
2015-02-03,0,0,1.85,0,-0.002088841,-0.01084617,-0.0067651,-0.0012883,-0.0016891,buy
2015-02-04,0,0,1.84,0,-0.000605044,-0.00728723,-0.0094264,-0.0046322,-0.0072872,sell
2015-02-05,0,0.09,1.96,0,-0.014162106,-0.00447530, 0.0158804,-0.0071069,-0.0013514,buy
2015-02-06,0,0.2,1.85,0, 0.002567630, 0.00121213,-0.0021153, 0.0027301, 0.0027301,buy
2015-02-07,0,0.16,2.15,0,-0.002154157,-0.00015171, 0.0023659, 0.0048545,-0.0088337,buy
2015-02-08,0,0.06,2.39,0, 0.009906995, 0.00825672, 0.0141059, 0.0099070, 0.0038366,buy
2015-02-09,0,0,0.88,0, 0.002700843,-0.00475977,-0.0082303, 0.0013582, 0.0028634,buy
2015-02-15,0,0,0.34,0,-0.002652776, 0.00047859, 0.0012040,-0.0040614, 0.0045929,buy
2015-02-16,0,0,0.5,0, 0.014328568, 0.01652489, 0.0141471, 0.0171483, 0.0167037,buy
2015-02-17,0,0,0.81,0,-0.001684036, 0.00438148,-0.0045827,-0.0004930,-0.0018311,buy
2015-02-18,0,0,1.41,0,-0.000582145,-0.00092750,-0.0040392, 0.0045791,-0.0026134,buy
2015-02-19,0,0,2,0, 0.005942578,-0.00552316,-0.0059144, 0.0060437, 0.0060662,buy
2015-02-20,0,0,1.5,0, 0.003140543, 0.00337828, 0.0033783, 0.0036164, 0.0033783,buy
2015-02-21,0,0,0.77,0.1,-0.004551665,-0.00259770, 0.0006545,-0.0028296, 0.0087338,buy
2015-02-22,0.31,0,0.37,0.23, 0.014085875, 0.01693007, 0.0094972, 0.0041285, 0.0140859,buy
2015-02-23,1.31,0,0,0.4, 0.004292355, 0.00385289, 0.0024990, 0.0005405, 0.0042924,buy
2015-02-24,2.63,0,0,0.28, 0.003156764,-0.00032269,-0.0003227,-0.0036319,-0.0070765,buy
2015-02-25,2.81,0,0,0.12, 0.011760999, 0.00447912, 0.0080653, 0.0058758,-0.0039879,buy
2015-02-26,2.21,0,0,0, 0.006090849, 0.00171473, 0.0060975, 0.0014791, 0.0038299,buy
2015-02-27,1.01,0,0.36,0, 0.003059897, 0.00315909,-0.0039263, 0.0157097,-0.0041622,buy
2015-02-28,0.53,0.07,0.98,0,-0.005843026,-0.00625735,-0.0063031,-0.0076932,-0.0009616,buy
2015-03-01,0,0.2,2,0, 0.000490558, 0.00853973,-0.0067536,-0.0019239,-0.0016973,buy
2015-03-02,0,0.17,1.43,0, 0.002562734,-0.00013064,-0.0033499, 0.0025627, 0.0025627,buy
2015-03-03,0.81,0.05,0.5,0.11,-0.006469982,-0.01211906,-0.0100656,-0.0064700,-0.0091045,sell
2015-03-04,1.78,0,0.79,0.33, 0.005507469, 0.00507527, 0.0050753, 0.0068605, 0.0040589,buy
2015-03-05,1.17,0,1.9,0.4, 0.001450587, 0.00154774, 0.0015897, 0.0024352, 0.0015477,buy
2015-03-06,0.36,0,2.34,0.16,-0.007137206, 0.00279030,-0.0040412,-0.0071372,-0.0112482,buy
2015-03-07,0.32,0,1.53,0, 0.004488756,-0.00059627, 0.0023530, 0.0080529, 0.0116650,buy
2015-03-08,0.68,0,1.64,0, 0.010865110, 0.00863746, 0.0065301, 0.0024617, 0.0089412,buy
2015-03-09,1.44,0,1.98,0.11, 0.007367371, 0.00235353, 0.0095740, 0.0169272, 0.0032066,buy
2015-03-10,1.8,0,1.6,0.21, 0.001864419, 0.00136191, 0.0161488, 0.0161488, 0.0013724,buy
2015-03-11,1.03,0,0.84,0.4,-0.010637750,-0.01006599,-0.0071218,-0.0075256,-0.0084464,sell
2015-03-12,0.48,0,0.45,0.39, 0.001885565,-0.00605574,-0.0004323,-0.0091445, 0.0024521,buy
2015-03-13,0,0,0,0.2, 0.010725931, 0.01072593, 0.0060270, 0.0123325, 0.0120266,buy
2015-03-14,0,0,0,0.1, 0.002252547, 0.00634022, 0.0055374, 0.0099009,-0.0019685,buy
2015-03-15,0,0,0,0.22, 0.000496472,-0.00210139,-0.0056270,-0.0062607,-0.0127551,sell
2015-03-16,0,0,0,0.39,-0.006209060,-0.01165983,-0.0086963,-0.0095854,-0.0113114,sell
2015-03-17,0,0,0,0.17, 0.004929962, 0.00427773, 0.0080137, 0.0052444, 0.0049300,buy
2015-03-18,0,0,0,0,-0.000716756, 0.00555448, 0.0035985, 0.0078768,-0.0003603,buy
2015-03-19,0,0,0,0, 0.005037640, 0.01198455, 0.0117078, 0.0064304, 0.0073832,buy
2015-03-21,0,0,0.53,0, 0.007068696, 0.01614709, 0.0100715, 0.0109556, 0.0100715,buy
2015-03-22,0,0,2.47,0, 0.001101661, 0.00704394, 0.0022182, 0.0053782, 0.0034067,buy
2015-03-23,0.34,0,3.05,0, 0.008013302, 0.00978854, 0.0102281, 0.0082503, 0.0076428,buy
2015-03-24,0.84,0,2.31,0,-0.000136106, 0.00719125, 0.0087901, 0.0031474, 0.0031474,buy
2015-03-25,1.78,0,0.94,0,-0.011161006,-0.01213385,-0.0120859,-0.0120859,-0.0120770,sell
2015-03-26,1.52,0,0,0.11, 0.013920831, 0.01396192, 0.0124880, 0.0168480, 0.0141165,buy
2015-03-27,0.62,0,0,0.35, 0.004338781, 0.00353385, 0.0007216, 0.0067788, 0.0113909,buy
2015-03-28,0.43,0,0,0.4, 0.011174059, 0.00879705, 0.0087970, 0.0068675, 0.0132441,buy
2015-03-29,1.23,0,0.38,0.15, 0.008121705, 0.01225600, 0.0036062, 0.0090031, 0.0116658,buy
2015-03-30,1.77,0,0.48,0,-0.004335288,-0.00433529,-0.0144753,-0.0144753,-0.0035770,sell
2015-03-31,1.25,0,0.6,0, 0.005356600, 0.01009591, 0.0053566, 0.0065575, 0.0068924,buy
2015-04-01,1.91,0,0.76,0,-0.011213710,-0.01121371,-0.0112137,-0.0112137,-0.0114001,sell
2015-04-02,3.54,0,0.95,0, 0.009515442, 0.01298100, 0.0078028,-0.0022028, 0.0079034,buy
2015-04-03,2.17,0,1.21,0.09,-0.002867506, 0.00381292,-0.0046481,-0.0047258,-0.0066785,buy
2015-04-04,0.57,0,1.53,0.22, 0.004168407, 0.00127476, 0.0061235, 0.0076989, 0.0062868,buy
2015-04-05,0.61,0,1.95,0.4,-0.000230386,-0.00448350,-0.0058243,-0.0058243,-0.0031401,buy
2015-04-06,1.74,0,2,0.29, 0.018599502, 0.02009608, 0.0220133, 0.0220133, 0.0198567,buy
2015-04-07,0.81,0,1.63,0.49,-0.009644877,-0.01024700,-0.0108888,-0.0094776,-0.0098514,sell
2015-04-08,0,0,1.28,0.4,-0.006735689,-0.00144298,-0.0053403,-0.0013173, 0.0023342,buy
2015-04-09,0,0,1.37,0, 0.007800903, 0.00446404, 0.0072484, 0.0073106, 0.0057895,buy
2015-04-10,0,0,1.46,0, 0.010489874, 0.00934481,-0.0016161,-0.0002102,-0.0009894,buy
2015-04-11,0,0,1.87,0,-0.002997513,-0.01084617,-0.0092221,-0.0021970,-0.0025978,buy
2015-04-12,0,0,2.48,0,-0.001395135, 0.00147694,-0.0000408, 0.0030358, 0.0045806,buy
2015-04-13,0,0.05,2.06,0, 0.004960511, 0.00331466, 0.0084165, 0.0026935,-0.0081374,buy
2015-04-14,0,0.16,0.9,0,-0.006636266, 0.00135059,-0.0087611,-0.0066427, 0.0015157,buy
2015-04-15,0,0.2,0.48,0.11, 0.010994060, 0.00953944, 0.0224322,-0.0003323, 0.0093940,buy
2015-04-16,0,0.08,0,0.2, 0.009295706, 0.00974713, 0.0096734, 0.0121831, 0.0101384,buy
2015-04-17,0,0,0,0.48,-0.008575898,-0.01096214,-0.0103104,-0.0129507,-0.0090644,sell
2015-04-18,0,0,1.55,0.76,-0.003563155,-0.00813772,-0.0129934, 0.0014022,-0.0101918,sell
2015-04-19,0.51,0,3.87,0.81,-0.014117702,-0.01411770,-0.0138056,-0.0140744,-0.0115860,sell
2015-04-20,0.98,0,2.55,1, 0.011368789, 0.00855031, 0.0086584, 0.0095303, 0.0085503,buy
2015-04-21,2.41,0,1.39,0.87, 0.002190079, 0.00021973, 0.0046295,-0.0022380, 0.0030745,buy
2015-04-22,3.43,0,1.98,0.33,-0.005193784,-0.00334539,-0.0033454,-0.0036300,-0.0049357,sell
2015-04-23,1.73,0,1.61,0.12, 0.006970835, 0.00697083, 0.0109068, 0.0131370, 0.0110474,buy
2015-04-24,0.46,0,0.6,0, 0.002483187, 0.01702834, 0.0196465, 0.0177566, 0.0196465,buy
2015-04-25,0,0,0.81,0,-0.007847232,-0.00026771, 0.0033069,-0.0048540, 0.0029060,buy
2015-04-26,0,0,1.96,0,-0.008819565,-0.00458975,-0.0062244,-0.0093733,-0.0105431,sell
2015-04-27,0,0,2.17,0,-0.003927706,-0.00584733, 0.0081648, 0.0028508, 0.0127328,buy
2015-04-28,0,0,1.55,0, 0.012374527, 0.00341161, 0.0142899, 0.0184282, 0.0084864,buy
2015-04-29,0,0,2,0,-0.001771239,-0.01066074,-0.0168394,-0.0095698,-0.0136604,sell
2015-04-30,0,0,1.95,0,-0.009293456, 0.00112032, 0.0007823, 0.0032085,-0.0002640,buy
2015-05-01,0,0.04,0.83,0, 0.019172408, 0.01197589, 0.0163817, 0.0142731, 0.0148020,buy
2015-05-02,0,0.12,0.36,0.13,-0.001611549, 0.00521913, 0.0030017, 0.0032792, 0.0072705,buy
2015-05-03,0,0.2,0,0.29, 0.003635349, 0.01043098, 0.0046222, 0.0101497, 0.0076580,buy
2015-05-04,0.56,0.09,0,0.4, 0.016249171, 0.01653835, 0.0159586, 0.0151020, 0.0152180,buy
2015-05-05,1.34,0,0,0.24, 0.000292446,-0.00919639,-0.0006300,-0.0066471, 0.0003406,buy
2015-05-06,1.78,0,0.39,0.11,-0.022272234,-0.02194631,-0.0187113,-0.0034284,-0.0210126,sell
2015-05-07,0.98,0,0.63,0.11, 0.017829632, 0.01056788, 0.0105679, 0.0097751, 0.0172979,buy
2015-05-08,0.41,0,1.03,0.24,-0.003462087, 0.00293911, 0.0028899, 0.0017121, 0.0017121,buy
2015-05-09,0,0,1.69,0.4, 0.008165512, 0.00300727, 0.0030073, 0.0026531, 0.0030537,buy
2015-05-10,0,0,1.98,0.32,-0.010822732,-0.01778613,-0.0151697,-0.0153621,-0.0203528,sell
2015-05-11,0,0,1.44,0.17, 0.001209294,-0.00069403,-0.0060127, 0.0002605,-0.0071060,buy
2015-05-12,0,0.04,0.88,0.1, 0.017551368, 0.01187944, 0.0169912, 0.0168872, 0.0169008,buy
2015-05-13,0,0.08,0.53,0,-0.001907497,-0.00156397, 0.0048649, 0.0022661,-0.0017993,buy
2015-05-14,0.32,0.16,0,0, 0.001924463,-0.00060711, 0.0011711, 0.0002722,-0.0024211,buy
2015-05-15,0.83,0.2,0.37,0,-0.003794992, 0.00312529, 0.0035580,-0.0042321,-0.0042321,buy
2015-05-16,1.8,0.12,0.41,0,-0.003512495,-0.00220743,-0.0022074,-0.0057604, 0.0103890,buy
2015-05-17,1.47,0.06,0.42,0,-0.017472547,-0.02064318,-0.0233095,-0.0195482,-0.0171503,sell
2015-05-18,0.57,0,0.42,0,-0.005971073,-0.00630994,-0.0064222,-0.0071184,-0.0075549,sell
2015-05-19,0,0,0.39,0,-0.010319640, 0.00241316, 0.0021574, 0.0023779, 0.0024132,buy
2015-05-20,0,0.07,0.34,0, 0.005069248, 0.00354266, 0.0088670, 0.0044740, 0.0077809,buy
2015-05-21,0,0.25,0,0,-0.011960170,-0.00453990,-0.0127111,-0.0049343,-0.0107405,sell
2015-05-22,0,0.38,0,0,-0.019024709,-0.01812379,-0.0195096,-0.0176919,-0.0179159,sell
2015-05-23,0,0.28,0,0.2, 0.010007990,-0.00350898,-0.0089331, 0.0054326, 0.0075746,buy
2015-05-24,0,0.08,0,0.41, 0.004318935, 0.00569186, 0.0050457,-0.0074101, 0.0041212,buy
2015-05-25,0,0,0,0.89,-0.024746122,-0.02233216,-0.0242981,-0.0244000,-0.0187605,sell
2015-05-26,0,0,0,0.84, 0.002347441,-0.00436535, 0.0040083, 0.0069351, 0.0069351,buy
2015-05-27,0,0,0,0.55,-0.010984397,-0.01104443,-0.0097352, 0.0002376,-0.0036245,buy
2015-05-28,0,0,0,0.46,-0.012002820,-0.01054805,-0.0027291,-0.0032116,-0.0005706,buy
2015-05-29,0,0,0,0.5,-0.018728928,-0.01539123,-0.0120464,-0.0106824,-0.0072968,sell
2015-05-30,0,0,0,0.52,-0.008518229,-0.00961361,-0.0093605, 0.0018412,-0.0031068,buy
2015-05-31,0,0,0,0.57,-0.010898793,-0.01337484,-0.0115986,-0.0089801,-0.0042224,sell
2015-06-01,0.35,0,0,0.37, 0.009819203, 0.00527616, 0.0052762,-0.0030319, 0.0054009,buy
2015-06-02,0.6,0,0.46,0.12, 0.002767978, 0.00318595, 0.0027680,-0.0034617, 0.0019277,buy
2015-06-03,1.04,0,0.75,0, 0.004454313, 0.00953147, 0.0044543, 0.0000815,-0.0020916,buy
2015-06-04,2.32,0,1.22,0,-0.004967165, 0.00026186,-0.0068429,-0.0072766,-0.0068429,sell
2015-06-05,3.1,0,1.98,0,-0.006026835,-0.00830797,-0.0103411,-0.0103411,-0.0097841,sell
2015-06-06,2.78,0,2.98,0,-0.005439758,-0.00583834,-0.0076906,-0.0058383,-0.0054398,sell
2015-06-07,1.5,0,3.16,0, 0.014411126,-0.00277824, 0.0132376, 0.0120830, 0.0150501,buy
2015-06-08,0.71,0,5.23,0,-0.004148229, 0.01106157,-0.0044442,-0.0039780,-0.0009732,buy
2015-06-09,0,0,6.42,0, 0.002154948, 0.00541418, 0.0003315,-0.0056267, 0.0095680,buy
2015-06-10,0,0,6.22,0, 0.003728113, 0.00598120, 0.0023376,-0.0077853, 0.0063299,buy
2015-06-11,0,0,4.38,0,-0.008339715, 0.00150634,-0.0045133, 0.0023769,-0.0033668,buy
2015-06-12,0,0,1.79,0,-0.008581414,-0.00886404,-0.0122690,-0.0113071,-0.0088640,sell
2015-06-13,0,0,0.35,0,-0.007410470,-0.00046885,-0.0097322,-0.0099008,-0.0087399,sell
2015-06-14,0,0,0,0,-0.015882254,-0.00809743,-0.0102511,-0.0135128,-0.0168749,sell
2015-06-15,0,0,0,0, 0.015026623, 0.01336872, 0.0063224,-0.0076957, 0.0101036,buy
2015-06-16,0,0,0,0,-0.010023655, 0.00250054,-0.0011210, 0.0013922, 0.0043976,buy
2015-06-17,0,0,0,0,-0.008047776,-0.00933897,-0.0053039,-0.0052467,-0.0093710,sell
2015-06-18,0,0,0,0, 0.008609416, 0.00953493, 0.0089250, 0.0069676, 0.0097909,buy
2015-06-19,0,0,0,0, 0.001128297,-0.00764698,-0.0054076,-0.0041867,-0.0076470,sell
2015-06-20,0,0,0,0,-0.011551679,-0.02149264,-0.0155368,-0.0176556,-0.0162734,sell
2015-06-21,0,0,0,0.11, 0.001755173, 0.00187246, 0.0043186, 0.0091245,-0.0088654,buy
2015-06-22,0,0,0,0.22, 0.000496472,-0.00210139,-0.0056270,-0.0062607,-0.0127551,sell
2015-06-23,0,0,0,0.4, 0.006988264,-0.00461252, 0.0091831,-0.0038753,-0.0001142,buy
2015-06-24,0,0,0,0.33, 0.012453737, 0.01732920, 0.0170573, 0.0136052, 0.0072073,buy
2015-06-25,0,0,0,0.21, 0.012745435, 0.00025784,-0.0006747, 0.0032120, 0.0084167,buy
2015-06-26,0.42,0,0,0.12, 0.011622183,-0.00202519, 0.0099531, 0.0088631, 0.0089367,buy
2015-06-27,0.79,0,0,0.23,-0.020376704,-0.01664302,-0.0094340,-0.0075626,-0.0106370,sell
2015-06-28,1.48,0,0,0.4,-0.012634164,-0.00235638,-0.0109244, 0.0064871, 0.0093062,buy
2015-06-29,2.13,0,0,0.38,-0.011966636,-0.00892967,-0.0129379,-0.0154103,-0.0109470,sell
2015-06-30,1.96,0,0,0.2, 0.008090616,-0.00046295, 0.0080906, 0.0010213,-0.0097948,buy
2015-07-01,2.42,0,0.71,0.11, 0.025331660, 0.02388218, 0.0249931, 0.0226329,-0.0088618,buy
2015-07-02,1.99,0,2.55,0, 0.001461025,-0.00158889,-0.0029049,-0.0024541,-0.0008154,buy
2015-07-03,0.69,0,3.95,0.08,-0.009143325,-0.00726723,-0.0152995,-0.0019878,-0.0064952,sell
2015-07-04,0,0.05,3.82,0.11, 0.006249825, 0.00424476, 0.0043681, 0.0061990, 0.0046727,buy
2015-07-05,0,0.11,2.59,0.16, 0.011931393,-0.00270007, 0.0071612, 0.0143063, 0.0019535,buy
2015-07-06,0.54,0.2,1.1,0.24, 0.014569079, 0.01330799, 0.0133080, 0.0133080, 0.0120490,buy
2015-07-07,0.98,0.15,0.42,0.35,-0.002193731,-0.00447051,-0.0021937,-0.0092102, 0.0092152,buy
2015-07-08,1.78,0.06,0,0.4, 0.004494653, 0.00023291, 0.0018201, 0.0031405, 0.0124704,buy
2015-07-09,1.74,0,0,0.3, 0.005104102, 0.00620078, 0.0022887, 0.0059032,-0.0005345,buy
2015-07-10,0.96,0,0,0.3, 0.000318081,-0.00617336,-0.0064843,-0.0059086,-0.0056710,sell
2015-07-11,0.52,0,0,0.45, 0.009781436, 0.01020839, 0.0102084, 0.0060016, 0.0118948,buy
2015-07-12,0.4,0.04,0,0.68,-0.022336988,-0.01840277,-0.0222528,-0.0102172,-0.0182142,sell
2015-07-13,1.77,0.07,0,1, 0.007281490, 0.01222474, 0.0121374, 0.0121374, 0.0142844,buy
2015-07-14,1.26,0.14,0,0.98,-0.005915864,-0.01105764,-0.0061028,-0.0037401,-0.0046067,sell
2015-07-15,0,0.39,0,0.5, 0.000339726, 0.00089373,-0.0121467,-0.0073251,-0.0002865,buy
2015-07-16,0,0.35,0,0.22,-0.000009817,-0.00000982,-0.0115359,-0.0087758,-0.0031801,buy
2015-07-17,0,0.08,0,0.17,-0.003819860,-0.00513957,-0.0071617,-0.0016638,-0.0071617,sell
2015-07-18,0,0.05,0,0.47, 0.003525602, 0.00223797,-0.0010543,-0.0176553,-0.0062991,sell
2015-07-19,0.49,0,0,0.5, 0.003471378, 0.00483942, 0.0038537, 0.0038639, 0.0057347,buy
2015-07-20,1.16,0,0,0.08, 0.007645258, 0.00197683, 0.0013749, 0.0054962, 0.0019768,buy
2015-07-21,2.2,0,0,0, 0.006668171, 0.00831627, 0.0069468, 0.0113802, 0.0217062,buy
2015-07-22,2.9,0,0,0.1, 0.019243885, 0.02040068, 0.0172235, 0.0155713, 0.0192439,buy
2015-07-23,1.58,0,0,0.17, 0.009057621,-0.00620831, 0.0081684, 0.0062809,-0.0001049,buy
2015-07-24,0,0,0,0.31, 0.008908417, 0.00446749, 0.0089084, 0.0016701, 0.0126780,buy
2015-07-25,0,0,0,0.4, 0.008931254, 0.00927083, 0.0039996, 0.0110555, 0.0077599,buy
2015-07-26,0,0,0,0.28, 0.007011287, 0.01057736, 0.0066137,-0.0090032, 0.0017403,buy
2015-07-27,0,0,0,0.16, 0.006104265, 0.00404143, 0.0012392,-0.0012843,-0.0023168,buy
2015-07-28,0.55,0,0,0.09,-0.016135306,-0.00868034,-0.0152974,-0.0155606,-0.0138802,sell
2015-07-29,1.75,0,0,0, 0.005530182, 0.00284922, 0.0017320, 0.0037417, 0.0040907,buy
2015-07-30,1,0,0,0.08, 0.006270777,-0.00559303,-0.0055930, 0.0013327,-0.0053652,buy
2015-07-31,0,0,0,0.09,-0.015637524,-0.01403997,-0.0026235, 0.0048603, 0.0050103,buy
2015-08-01,0.58,0,0,0.12,-0.012080498,-0.00390445,-0.0038280,-0.0076981, 0.0018203,buy
2015-08-02,1.78,0,0,0.16,-0.013882826,-0.01480561,-0.0161281,-0.0084261,-0.0178761,sell
2015-08-03,1.74,0,0,0.22,-0.013700244,-0.01370024,-0.0135867,-0.0135631,-0.0158946,sell
2015-08-04,1.57,0,0,0.31, 0.012861758, 0.00664003, 0.0124860, 0.0120437, 0.0087528,buy
2015-08-05,3.15,0,0,0.5,-0.004901969,-0.00404511,-0.0081549,-0.0081549,-0.0081549,sell
2015-08-06,3.55,0,0,0.74,-0.009354546,-0.01024879,-0.0024935,-0.0123789,-0.0130819,sell
2015-08-07,2.05,0,0,0.54, 0.007033246, 0.00735745, 0.0073574, 0.0073645, 0.0073574,buy
2015-08-08,1.07,0,0,0.15, 0.000271879, 0.01065784, 0.0094100, 0.0094100, 0.0083513,buy
2015-08-09,0.4,0,0,0.09, 0.001151815,-0.00372502,-0.0013154,-0.0053862,-0.0053862,sell
2015-08-11,0.5,0.04,0,0, 0.008386984, 0.00169885, 0.0123041,-0.0023348, 0.0017883,buy
2015-08-12,1.19,0.17,0,0, 0.001595169, 0.00939451, 0.0099243, 0.0076915, 0.0076915,buy
2015-08-13,1.78,0.2,0,0, 0.003815009,-0.00074725, 0.0038365,-0.0003787, 0.0048282,buy
2015-08-14,1.63,0.05,0,0, 0.001825630, 0.00239190,-0.0004599, 0.0037903,-0.0042807,buy
2015-08-15,2.26,0,0,0, 0.009800419,-0.00425669, 0.0023133, 0.0016490, 0.0006131,buy
2015-08-16,1.85,0,0,0, 0.010863133, 0.00939366, 0.0108631, 0.0108631, 0.0109739,buy
2015-08-17,1.07,0,0,0, 0.004536326, 0.00299561,-0.0035142, 0.0034941, 0.0045608,buy
2015-08-18,1.23,0,0,0, 0.006937699, 0.00860703, 0.0038684, 0.0057223, 0.0063743,buy
2015-08-19,1.78,0,0,0.07,-0.009977412,-0.01212593,-0.0049393,-0.0038739,-0.0082624,sell
2015-08-20,1.55,0,0,0.17,-0.005919100,-0.00569869,-0.0050098,-0.0053639, 0.0083322,buy
2015-08-21,0.94,0,0,0.39,-0.014706707, 0.00285128,-0.0015971,-0.0152814,-0.0226954,sell
2015-08-22,0.58,0,0,0.4, 0.012086245, 0.00229691, 0.0022969, 0.0018663, 0.0141728,buy
2015-08-23,0.36,0,0,0.17, 0.002427529,-0.00067697, 0.0016924, 0.0016924, 0.0016924,buy
2015-08-24,0,0,0,0.07,-0.002443880, 0.01469388, 0.0075729, 0.0134321, 0.0052076,buy
2015-08-25,0.38,0,0.9,0,-0.013783761,-0.01211268,-0.0128319,-0.0109177,-0.0109705,sell
2015-08-26,0.74,0,2,0,-0.001301347, 0.01779887, 0.0170291,-0.0005722,-0.0013013,buy
2015-08-27,1.44,0,1.4,0, 0.005035944, 0.00517889, 0.0087493, 0.0117491, 0.0050359,buy
2015-08-28,1.8,0,0.48,0, 0.002561995, 0.00517525,-0.0060169,-0.0033541,-0.0033229,buy
2015-08-29,1.11,0,0,0, 0.002424982,-0.00970558,-0.0138505,-0.0081031,-0.0090592,sell
2015-08-30,0.56,0.07,0,0, 0.001568371, 0.00007131, 0.0015684, 0.0066101,-0.0015907,buy
2015-08-31,0,0.17,0,0, 0.003497773, 0.00031544, 0.0038329, 0.0092989,-0.0055087,buy
2015-09-01,0,0.2,0,0,-0.002026586,-0.00299322,-0.0007047,-0.0002395,-0.0030691,buy
2015-09-02,0,0.09,0,0, 0.003793437, 0.00328446, 0.0093558,-0.0043320, 0.0033768,buy
2015-09-03,0.31,0.04,0,0, 0.000703079, 0.00033617, 0.0007031,-0.0035029,-0.0034210,buy
2015-09-04,0.74,0,0,0,-0.009816066,-0.00528342,-0.0096921,-0.0111758,-0.0106114,sell
2015-09-05,2.11,0.08,0,0, 0.004120124, 0.00473164, 0.0053575,-0.0018614, 0.0083488,buy
2015-09-06,2.35,0.2,0,0, 0.008359461, 0.00058629, 0.0081678, 0.0004338, 0.0071849,buy
2015-09-07,1.8,0.19,0,0.12,-0.003611587, 0.01019300, 0.0070298, 0.0016755, 0.0058196,buy
2015-09-08,2.11,0.08,0,0.23,-0.012093071,-0.00315722,-0.0208003, 0.0005119, 0.0029025,buy
2015-09-09,1.63,0.03,0.52,0.4,-0.002652769,-0.01889729,-0.0092705, 0.0006127,-0.0061304,sell
2015-09-10,0.9,0,0.8,0.36,-0.007422081,-0.00093801, 0.0028456,-0.0049302, 0.0031258,buy
2015-09-11,0.5,0,1.11,0.2, 0.002059222, 0.00380739, 0.0097061, 0.0052648, 0.0053273,buy
2015-09-12,0,0,1.39,0.12,-0.008103413,-0.00777285,-0.0029098,-0.0090450,-0.0090450,sell
2015-09-13,0,0,1.59,0.08,-0.004824799,-0.00358422, 0.0025917,-0.0060946,-0.0016339,buy
2015-09-14,0,0,1.63,0, 0.008873280,-0.00026611, 0.0017389,-0.0000647, 0.0128106,buy
2015-09-15,0,0,1.63,0, 0.008873280,-0.00026611, 0.0017389,-0.0000647, 0.0128106,buy
2015-09-16,0,0,1.48,0, 0.010486434, 0.00705717, 0.0099277, 0.0102698, 0.0123157,buy
2015-09-17,0,0,1.21,0,-0.007217543,-0.00639694,-0.0008056,-0.0039604,-0.0036128,sell
2015-09-18,0,0,0.88,0, 0.002700843,-0.00475977,-0.0082303, 0.0013582, 0.0028634,buy
2015-09-19,0.39,0,0.57,0,-0.001898500,-0.00573375, 0.0000124,-0.0049002,-0.0132037,sell
2015-09-20,0.62,0,0,0, 0.006338689, 0.00122953, 0.0094415, 0.0075809, 0.0045036,buy
2015-09-21,0.99,0,0.46,0.07, 0.012663722, 0.01312728, 0.0127006, 0.0101969, 0.0110682,buy
2015-09-22,1.63,0,1.03,0.2, 0.014321095, 0.01115616, 0.0111358, 0.0112194, 0.0099472,buy
2015-09-23,1.8,0,1.98,0.34, 0.001754100, 0.00193998, 0.0035231, 0.0060671, 0.0045176,buy
2015-09-24,1.17,0,1.67,0.63, 0.010440698, 0.01565748, 0.0093971, 0.0104407, 0.0060295,buy
2015-09-25,0.68,0,0.74,0.76,-0.000578918,-0.00443992,-0.0024031,-0.0034179,-0.0049150,sell
2015-09-26,0.39,0,0,0.57,-0.013049865,-0.00667226,-0.0102924,-0.0092674,-0.0093702,sell
2015-09-27,0,0.05,0,0.32,-0.005258642,-0.00525864,-0.0041887,-0.0030703,-0.0055354,sell
2015-09-28,0,0.16,0,0.16,-0.005783449,-0.01300820,-0.0143146,-0.0095641,-0.0131901,sell
2015-09-29,0,0.2,0,0.1, 0.000140140, 0.00010284, 0.0103827, 0.0023265, 0.0023265,buy
2015-09-30,0,0.13,0,0,-0.004210834,-0.00982225,-0.0008947,-0.0050858,-0.0106181,sell
2015-10-01,0,0.11,0,0, 0.006163300, 0.00075368, 0.0028032, 0.0048251, 0.0024632,buy
2015-10-02,0,0.2,0,0,-0.017756793,-0.00125373,-0.0170058,-0.0145575,-0.0068246,sell
2015-10-03,0,0.18,0,0,-0.000355460, 0.00716174, 0.0057985, 0.0057733, 0.0110493,buy
2015-10-04,0,0.15,0.55,0.1,-0.004123765, 0.00162123,-0.0082016,-0.0000872,-0.0057151,buy
2015-10-05,0,0.16,1.12,0.23, 0.015847800, 0.01807569, 0.0171336, 0.0171336, 0.0133387,buy
2015-10-06,0,0.22,2,0.4, 0.002860988, 0.00430793, 0.0030837, 0.0058234, 0.0028610,buy
2015-10-07,0,0.2,1.95,0.28,-0.003571452,-0.00291831, 0.0018634, 0.0185042,-0.0029183,buy
2015-10-08,0,0.12,1.29,0.22, 0.013791260, 0.00911324, 0.0093043, 0.0165326, 0.0054916,buy
2015-10-09,0,0.07,0.99,0.2,-0.005381530, 0.00841156, 0.0086025,-0.0041308, 0.0014148,buy
2015-10-10,0,0.15,0.94,0.38, 0.000862402, 0.00295931,-0.0007952, 0.0002333,-0.0026011,buy
2015-10-11,0,0.24,1.15,0.4, 0.008182061, 0.01053567, 0.0118014, 0.0111304, 0.0088247,buy
2015-10-12,0.32,0.34,1.63,0.21,-0.011855399,-0.00612733,-0.0077853,-0.0074435, 0.0144081,buy
2015-10-13,0.55,0.29,1.98,0.1, 0.006850026, 0.00887905, 0.0061545, 0.0052260, 0.0088790,buy
2015-10-14,0.95,0.2,1.48,0,-0.001726473,-0.00177570,-0.0061190, 0.0070010,-0.0014205,buy
2015-10-15,1.63,0.13,0.79,0,-0.002260371,-0.00212631,-0.0017374, 0.0017624,-0.0045831,sell
2015-10-16,1.78,0.17,0.38,0, 0.002683328, 0.00013978, 0.0015672,-0.0036500, 0.0060586,buy
2015-10-17,1.13,0.2,0,0, 0.002897497, 0.00303165, 0.0056653, 0.0027720, 0.0057365,buy
2015-10-18,0.66,0.1,0,0,-0.004245889,-0.00086534,-0.0038628,-0.0012796,-0.0021297,buy
2015-10-19,0.39,0.04,0,0,-0.005460292,-0.00446278,-0.0036238,-0.0044628,-0.0049423,sell
2015-10-20,0,0,0,0,-0.004346402, 0.00224508, 0.0013833, 0.0001408,-0.0050214,buy
2015-10-21,0.56,0,0,0.12,-0.006411000, 0.00559048, 0.0056608,-0.0056045,-0.0011814,buy
2015-10-22,1.32,0,0,0.39,-0.017092883, 0.00871621,-0.0163305, 0.0079921, 0.0066908,buy
2015-10-23,1.77,0,0,0.35, 0.013304000, 0.01208654, 0.0120865, 0.0059292, 0.0108780,buy
2015-10-24,1,0.05,0,0.09,-0.000230434,-0.00565628,-0.0025420, 0.0036399, 0.0037918,buy
2015-10-25,0.42,0.2,0,0, 0.000869938, 0.00418389, 0.0031216, 0.0008699, 0.0002311,buy
2015-10-26,0,0.19,0,0, 0.008027502, 0.00547007, 0.0134367, 0.0097143, 0.0004889,buy
2015-10-27,0,0.04,0,0,-0.020289325,-0.02028932,-0.0179702,-0.0216022,-0.0224026,sell
2015-10-28,0.32,0,0,0,-0.002861750,-0.00572229,-0.0004177,-0.0047700,-0.0004964,buy
2015-10-29,0.79,0,0,0, 0.013096821, 0.00821267, 0.0075106, 0.0165222, 0.0128725,buy
2015-10-30,1.78,0,0,0,-0.018725674,-0.01872567,-0.0176365,-0.0174728,-0.0146831,sell
2015-10-31,1.62,0,0,0, 0.007591526, 0.00759153, 0.0075915, 0.0109019, 0.0080667,buy
2015-11-01,0.66,0,0,0, 0.014230189, 0.01690931, 0.0250450, 0.0186860, 0.0208291,buy
2015-11-02,0,0,0,0, 0.005508160, 0.00451432, 0.0032519,-0.0055834, 0.0035348,buy
2015-11-03,0,0,0,0,-0.000716756, 0.00555448, 0.0035985, 0.0078768,-0.0003603,buy
2015-11-04,0,0,0.69,0, 0.002787712, 0.00583444, 0.0027985,-0.0033523, 0.0027877,buy
2015-11-05,0.74,0.04,1.66,0, 0.008033153, 0.00536019, 0.0049134, 0.0080332, 0.0080332,buy
2015-11-06,1.77,0.12,2,0,-0.007606837, 0.00198502, 0.0067088, 0.0086730,-0.0000412,buy
2015-11-07,0.96,0.24,0.96,0,-0.000901475,-0.00408548,-0.0047934, 0.0062465,-0.0021794,buy
2015-11-08,0,0.2,0.79,0, 0.000270865, 0.00970653, 0.0072827,-0.0041071, 0.0122534,buy
2015-11-09,0,0.18,1.75,0,-0.000250333, 0.01199846,-0.0000312, 0.0031013, 0.0003796,buy
2015-11-10,0,0.2,3.76,0,-0.013541013,-0.00890929,-0.0116124,-0.0014831,-0.0135410,sell
2015-11-11,0,0.16,3.41,0,-0.005238826,-0.00051996,-0.0036617,-0.0019944,-0.0052388,sell
2015-11-12,0,0.09,2.74,0, 0.017536007, 0.01732689, 0.0175360, 0.0175360, 0.0143693,buy
2015-11-13,0,0.05,4.41,0, 0.003844659, 0.00415087,-0.0014846, 0.0058513,-0.0032350,buy
2015-11-14,0,0,3.02,0,-0.004071200,-0.00675365,-0.0077929,-0.0073124,-0.0079003,sell
2015-11-15,0,0,1.04,0,-0.016151032,-0.01484468,-0.0158750,-0.0148981,-0.0160013,sell
2015-11-16,0,0,0,0,-0.000362987, 0.00658948, 0.0096512, 0.0158530, 0.0102725,buy
2015-11-17,0,0,0,0,-0.015882254,-0.00809743,-0.0102511,-0.0135128,-0.0168749,sell
2015-11-18,0.42,0,0,0, 0.008854489, 0.01746548, 0.0105997, 0.0054379, 0.0133784,buy
2015-11-19,2.18,0,0,0.13,-0.003953427,-0.00414280, 0.0053633,-0.0028969,-0.0007787,buy
2015-11-20,2.95,0,0.5,0.35,-0.013443600,-0.01360208,-0.0039559,-0.0136021,-0.0134987,sell
2015-11-21,2.27,0,0.76,0.4, 0.010800322, 0.01646468, 0.0102988, 0.0055778, 0.0020755,buy
2015-11-22,1.13,0.07,1.17,0.16, 0.001933488, 0.00900615, 0.0034538, 0.0027901, 0.0093018,buy
2015-11-23,0.49,0.2,2.25,0, 0.004804064, 0.00862125,-0.0055628,-0.0038394,-0.0027187,buy
2015-11-24,0,0.19,3.06,0.25, 0.013715843, 0.01357783, 0.0140128, 0.0147236, 0.0119432,buy
2015-11-25,0,0.07,3.4,0.4,-0.003939963,-0.00803855,-0.0102230,-0.0042220,-0.0062784,sell
2015-11-26,0,0,2.48,0.15,-0.014429828, 0.01222669,-0.0143873, 0.0072230,-0.0191178,buy
2015-11-27,0,0,1.26,0.09, 0.003468831, 0.00103500, 0.0022404,-0.0020695, 0.0010350,buy
2015-11-28,0,0,0.41,0.22, 0.007640685, 0.00764069, 0.0055472, 0.0035356, 0.0135131,buy
2015-11-29,0,0,0,0.4, 0.012457063, 0.00390807, 0.0118024, 0.0127365, 0.0039081,buy
2015-11-30,0.74,0,0,0.29, 0.005143660, 0.00510548,-0.0077138, 0.0019606, 0.0158739,buy
2015-12-01,1.8,0,0.36,0.12,-0.008936168,-0.00829296, 0.0039018, 0.0027171,-0.0113099,sell
2015-12-02,1,0,0.53,0, 0.007658977, 0.00310731, 0.0029368, 0.0048494, 0.0044868,buy
2015-12-03,0,0,0.78,0.28,-0.008410381,-0.01054973, 0.0030788,-0.0064724,-0.0064502,sell
2015-12-04,0,0,1.14,0.56, 0.002624957, 0.00628401,-0.0079149, 0.0072097, 0.0062840,buy
2015-12-05,0,0,1.67,0.47, 0.011458988, 0.01056581, 0.0031764,-0.0000224, 0.0105658,buy
2015-12-06,0,0,2,0.4, 0.005984641, 0.00355679, 0.0053366,-0.0026114, 0.0019755,buy
2015-12-07,0.62,0.04,1.6,0.38,-0.005128827,-0.00601375,-0.0028915,-0.0005340, 0.0000656,buy
2015-12-08,1.57,0.07,1.1,0.23, 0.008252097, 0.00762291, 0.0080250, 0.0081400, 0.0042780,buy
2015-12-09,2.23,0.11,0.74,0.28,-0.016329176,-0.00201936,-0.0180390,-0.0033296,-0.0029086,buy
2015-12-10,2.11,0.19,0.5,0.49, 0.000573647, 0.00148989,-0.0006105,-0.0024046,-0.0096420,buy
2015-12-11,2.1,0.2,0.34,0.33,-0.012263282,-0.01090260,-0.0147454,-0.0164756,-0.0156416,sell
2015-12-12,0.83,0.12,0,0.2, 0.002879777, 0.01950169, 0.0030206, 0.0023206, 0.0018686,buy
2015-12-13,0,0.07,0.63,0.23,-0.000819132, 0.00239472, 0.0060774, 0.0002645,-0.0002474,buy
2015-12-14,0,0.04,1.95,0.4, 0.016243495, 0.01522940, 0.0110600, 0.0140768, 0.0153211,buy
2015-12-15,0,0,1.99,0.29,-0.011522984,-0.01586129,-0.0131769,-0.0180001,-0.0164000,sell
2015-12-16,0,0,1.58,0.13,-0.001924458, 0.01117724,-0.0019245, 0.0002942, 0.0007089,buy
2015-12-17,0,0,1.96,0,-0.008819565,-0.00458975,-0.0062244,-0.0093733,-0.0105431,sell
2015-12-18,0,0,1.15,0,-0.011212172,-0.01121217,-0.0122669,-0.0146384,-0.0140847,sell
2015-12-19,0,0,0.41,0.09, 0.002016656, 0.00602934, 0.0135213, 0.0040754, 0.0122765,buy
2015-12-20,0,0,0,0.32,-0.004911153,-0.00815384,-0.0045888,-0.0081538, 0.0022159,buy
2015-12-21,0,0,0,0.4, 0.002627606, 0.00327269, 0.0005815, 0.0037715, 0.0034381,buy
2015-12-22,0,0,0.78,0.13,-0.018456881,-0.00267728,-0.0080301,-0.0080495, 0.0000050,buy
2015-12-23,0,0,1.64,0, 0.005687256,-0.00375573, 0.0043574,-0.0019201, 0.0060717,buy
2015-12-24,0.68,0,2.43,0.12,-0.012185341,-0.00449817,-0.0033249,-0.0088805,-0.0057717,sell
2015-12-25,1.78,0,1.56,0.24, 0.009685597, 0.00862524, 0.0103703, 0.0100451, 0.0084610,buy
2015-12-26,1.52,0,0.86,0.51, 0.002351944, 0.00148208,-0.0026975,-0.0061511,-0.0093298,sell
2015-12-27,0.54,0,0.94,0.51,-0.015986145,-0.01267964,-0.0102516,-0.0126796,-0.0024031,sell
2015-12-28,0,0,1.61,0.47, 0.011282908, 0.00931023, 0.0025378, 0.0016290, 0.0094283,buy
2015-12-29,0,0,2.37,0.48, 0.006209266, 0.01044612, 0.0062093, 0.0113970, 0.0129107,buy
2015-12-30,0,0,1.35,0.35, 0.000226979, 0.00882308, 0.0027565, 0.0020527, 0.0107200,buy
2015-12-31,0,0,0.55,0.26, 0.002602132, 0.00144822,-0.0013326,-0.0007251, 0.0006919,buy
2016-01-01,0,0,0,0.21, 0.012830646, 0.00602399, 0.0038566, 0.0124830, 0.0114283,buy
2016-01-02,0,0,0,0.2, 0.011752901, 0.00983753, 0.0090709, 0.0160325, 0.0118331,buy
2016-01-03,0.65,0,0,0.3, 0.001560828,-0.00227600,-0.0032285,-0.0023333, 0.0040792,buy
2016-01-04,1.49,0,0,0.52,-0.008277523,-0.00732119,-0.0107532,-0.0106627,-0.0097875,sell
2016-01-05,1.77,0,0,0.89, 0.005155437, 0.00315124, 0.0051554, 0.0072865,-0.0005350,buy
2016-01-06,0.91,0,0,0.81, 0.000167105,-0.00672091,-0.0002330,-0.0021375,-0.0068832,sell
2016-01-07,0.4,0,0,0.65, 0.005341664,-0.00181542,-0.0014427, 0.0116686, 0.0116686,buy
2016-01-08,0,0,0,0.33, 0.009251832, 0.00884750, 0.0095033, 0.0026488, 0.0092637,buy
2016-01-09,0,0,0,0.11, 0.005579133, 0.00792898, 0.0095982, 0.0073583, 0.0122045,buy
2016-01-10,0,0,0,0, 0.009934566, 0.01233749, 0.0111834, 0.0073457, 0.0087712,buy
2016-01-11,0.58,0,0,0,-0.003043995,-0.00789623,-0.0033480,-0.0083083,-0.0074612,sell
2016-01-12,2.44,0,0,0, 0.003611849, 0.01497776, 0.0068921, 0.0055049, 0.0055049,buy
2016-01-13,4.04,0,0,0,-0.018376518,-0.02162452,-0.0239163,-0.0241293,-0.0068863,sell
2016-01-14,4.25,0,0,0, 0.002226351, 0.01691777, 0.0139352, 0.0139352,-0.0046121,buy
2016-01-15,3.05,0,0,0,-0.010595273,-0.00344716, 0.0005683,-0.0109499,-0.0109499,sell
2016-01-16,1.55,0,0,0.1, 0.012029462, 0.01416381, 0.0128626, 0.0146740, 0.0141638,buy
2016-01-17,1.44,0,0,0.3,-0.000258936,-0.00568410,-0.0002157,-0.0033974,-0.0028992,buy
2016-01-18,1.8,0,0,0.49,-0.010737865,-0.01272149,-0.0150787,-0.0146746,-0.0071835,sell
2016-01-19,1.41,0,0,0.39,-0.016858318, 0.00751706,-0.0168583, 0.0104022,-0.0014425,buy
2016-01-20,0.91,0,0,0.4, 0.017942859, 0.00448288, 0.0156564, 0.0017536, 0.0157403,buy
2016-01-21,0.59,0,0,0.34, 0.014120294, 0.00126078,-0.0070524,-0.0035754, 0.0152977,buy
2016-01-22,0.38,0,0,0.19, 0.020328821, 0.01333075, 0.0165584, 0.0067542, 0.0142195,buy
2016-01-23,0,0,0,0.12, 0.000740431, 0.01241354, 0.0007404, 0.0012235,-0.0026096,buy
2016-01-24,0,0,0,0.18, 0.005600866, 0.00536128, 0.0087790, 0.0056009, 0.0056009,buy
2016-01-25,0,0,0,0.22, 0.005346701, 0.00584549, 0.0043367, 0.0056783, 0.0113510,buy
2016-01-26,0,0,0,0.19, 0.012402898, 0.01163450, 0.0092945, 0.0150598, 0.0135104,buy
2016-01-27,0,0,0,0.3,-0.004088509,-0.00720292,-0.0128194,-0.0037318,-0.0000629,buy
2016-01-28,0,0,0,0.33,-0.021128421,-0.02160670,-0.0211284,-0.0211284,-0.0145563,sell
2016-01-29,0,0,1.25,0.37,-0.010562782, 0.00192366,-0.0052348,-0.0066076,-0.0105628,sell
2016-01-30,0,0,2.8,0.44, 0.003736723, 0.00321259, 0.0003370, 0.0064479, 0.0046094,buy
2016-01-31,0,0,2.51,0.55, 0.000000063,-0.00174636,-0.0049597,-0.0049633,-0.0043252,sell
2016-02-01,0,0,2.03,0.55,-0.006753705,-0.00202588,-0.0083690,-0.0102157,-0.0071233,sell
2016-02-02,0,0,2.65,0.35, 0.005927683, 0.00552644,-0.0100450,-0.0105454,-0.0062912,sell
2016-02-03,0,0,3.98,0.28,-0.010839488,-0.01587953,-0.0100100,-0.0080873,-0.0152145,sell
2016-02-04,0.33,0,4.4,0.12,-0.006855072, 0.00880838,-0.0062456, 0.0118624,-0.0021081,buy
2016-02-05,0.83,0,4.16,0.42,-0.020145237,-0.02021432,-0.0211236,-0.0211016,-0.0211016,sell
2016-02-06,1.78,0,5.21,0.91,-0.023195758,-0.02636003,-0.0225171,-0.0260100,-0.0245360,sell
2016-02-07,1.45,0,5.99,1.17,-0.015340252,-0.01939569,-0.0181861,-0.0168084,-0.0193957,sell
2016-02-08,0.9,0,4,0.8,-0.011169303,-0.01141253,-0.0114125,-0.0109588,-0.0097726,sell
2016-02-09,1.16,0,1.81,0.36, 0.005391998, 0.00539200, 0.0161407, 0.0141043, 0.0141043,buy
2016-02-10,1.8,0,1.41,0.2, 0.008706373, 0.00572240, 0.0087064, 0.0091510, 0.0051494,buy
2016-02-11,0.81,0,0.73,0.07, 0.019010920, 0.01901092, 0.0190109, 0.0160033, 0.0162300,buy
2016-02-12,0,0,1.21,0,-0.007217543,-0.00639694,-0.0008056,-0.0039604,-0.0036128,sell
2016-02-13,0,0,2,0,-0.001771239,-0.01066074,-0.0168394,-0.0095698,-0.0136604,sell
2016-02-14,0,0,1.96,0,-0.008819565,-0.00458975,-0.0062244,-0.0093733,-0.0105431,sell
2016-02-15,0,0,1.18,0,-0.011174160,-0.00543701,-0.0111408,-0.0064563,-0.0084635,sell
2016-02-16,0,0,0.72,0,-0.008205921, 0.00190248,-0.0087922,-0.0079244,-0.0087780,sell
2016-02-17,0,0,0.44,0,-0.000841452,-0.01129952, 0.0039950,-0.0007366,-0.0047478,sell
2016-02-23,0,0,0.35,0,-0.002652776, 0.00047859, 0.0012040,-0.0040614, 0.0045929,buy
2016-02-24,0,0,1.22,0,-0.000715825,-0.00758867, 0.0037135, 0.0041571, 0.0045047,buy
2016-02-25,0,0,2.54,0,-0.016890448,-0.00942849,-0.0163424,-0.0168773,-0.0167188,sell
2016-02-26,0,0,2.85,0,-0.002414080,-0.01372569,-0.0073691,-0.0099078,-0.0121541,sell
2016-02-27,0,0,1.9,0, 0.002203709, 0.00220371,-0.0019149, 0.0017066, 0.0028274,buy
2016-02-28,0,0,1.13,0,-0.000852236,-0.00236957,-0.0102988,-0.0046199,-0.0122821,sell
2016-02-29,0,0,1.81,0,-0.005009909,-0.00017088,-0.0075154,-0.0046611,-0.0001709,buy
2016-03-01,0,0,2.63,0, 0.005482217,-0.01531906, 0.0054822,-0.0033148, 0.0007122,buy
2016-03-02,0,0,2.88,0, 0.007090784, 0.01070410, 0.0063337, 0.0102163, 0.0052458,buy
2016-03-03,0,0,3,0.09,-0.007891446,-0.00789145,-0.0099576,-0.0043649,-0.0135428,sell
2016-03-04,0,0,2.69,0.42,-0.006064507,-0.00207525,-0.0058911,-0.0013901, 0.0038178,buy
2016-03-05,0,0,1.91,0.7, 0.003645296,-0.01246659,-0.0053661, 0.0051185,-0.0124666,buy
2016-03-06,0,0.04,2.04,0.57, 0.013784538, 0.00084729, 0.0118785, 0.0128632, 0.0035626,buy
2016-03-07,0,0.12,1.96,0.21, 0.006511154,-0.00849239, 0.0037025, 0.0145890,-0.0081549,buy
2016-03-08,0,0.2,0.99,0.09, 0.015162034, 0.01677367, 0.0149864, 0.0098995, 0.0174438,buy
2016-03-09,0,0.12,0.41,0, 0.003696395, 0.01063628, 0.0033458, 0.0008465, 0.0073240,buy
2016-03-10,0,0.04,0,0,-0.017719792,-0.01782515,-0.0139844,-0.0179965,-0.0179965,sell
2016-03-11,0,0,0,0,-0.015882254,-0.00809743,-0.0102511,-0.0135128,-0.0168749,sell
2016-03-12,0,0,0.58,0.08, 0.015397842, 0.00545930, 0.0075365,-0.0032353, 0.0115934,buy
2016-03-13,0,0,1.2,0.29,-0.004827440, 0.00505318,-0.0048274, 0.0030118,-0.0019625,buy
2016-03-14,0,0.09,3.14,0.79, 0.010150479,-0.01041249, 0.0101505, 0.0106357, 0.0027134,buy
2016-03-15,0,0.19,3.52,0.65,-0.001571310, 0.00170588,-0.0027397,-0.0015713, 0.0006389,buy
2016-03-16,0,0.07,1.38,0.16, 0.009067190, 0.01883333, 0.0181820, 0.0091522, 0.0127008,buy
2016-03-17,0,0,0.36,0.07, 0.009601159, 0.00995369,-0.0017470, 0.0097130, 0.0090020,buy
2016-03-19,0,0,0,0, 0.009934566, 0.01233749, 0.0111834, 0.0073457, 0.0087712,buy
2016-03-20,0,0,0,0,-0.004520316,-0.00314621,-0.0028734,-0.0000311,-0.0073409,sell
2016-03-21,0,0,0,0, 0.010688407, 0.00656600, 0.0082908,-0.0030958, 0.0106884,buy
2016-03-22,0,0,0,0,-0.001956140, 0.00542884, 0.0070244, 0.0088834, 0.0079027,buy
2016-03-23,0.72,0,0,0,-0.010855712,-0.01138841,-0.0126454,-0.0167395,-0.0138681,sell
2016-03-24,2.43,0.1,0.39,0.18, 0.007462611, 0.00447099, 0.0074626, 0.0088305, 0.0081410,buy
2016-03-25,2.95,0.2,1.14,0.4,-0.012776357,-0.00654803,-0.0140515,-0.0123021,-0.0146644,sell
2016-03-26,2.12,0.11,1.98,0.29,-0.016257231,-0.01415033,-0.0139717,-0.0141503,-0.0065837,sell
2016-03-27,1.24,0,1.12,0.1, 0.007301356, 0.01066346, 0.0040139, 0.0100374, 0.0010000,buy
2016-03-28,0.62,0,0.37,0,-0.007613277,-0.00184645,-0.0092504,-0.0037004,-0.0047342,sell
2016-03-29,1.63,0,0,0.12, 0.012368690, 0.01532390, 0.0138176, 0.0149894, 0.0158945,buy
2016-03-30,1.78,0,0,0.4, 0.003000093, 0.00341434, 0.0025894, 0.0047277, 0.0007850,buy
2016-03-31,0.36,0,0,0.2, 0.019398744, 0.01241099, 0.0178208, 0.0072707, 0.0160470,buy
2016-04-01,0,0,0,0, 0.006436498, 0.00643650, 0.0062931, 0.0064365, 0.0075805,buy
2016-04-03,0.39,0,0,0, 0.006432603, 0.00876757, 0.0082003, 0.0110932, 0.0112000,buy
2016-04-04,0.96,0,0,0.08, 0.001719559,-0.00559303,-0.0055930, 0.0011349,-0.0055630,sell
2016-04-05,1.78,0,0,0.18, 0.006981317,-0.00025453, 0.0069813,-0.0084602,-0.0045532,sell
2016-04-06,1.34,0,0,0.4,-0.009601129,-0.00034422,-0.0090188,-0.0090779,-0.0093554,sell
2016-04-07,0.55,0,0,0.35,-0.002090565,-0.00546445,-0.0046823,-0.0105375,-0.0032843,sell
2016-04-08,0,0,0,0.15, 0.011484710, 0.00406681, 0.0084223, 0.0114847, 0.0114847,buy
2016-04-09,0,0,0,0,-0.004520316,-0.00314621,-0.0028734,-0.0000311,-0.0073409,sell
2016-04-10,0,0,0,0, 0.015622126, 0.01496003, 0.0075663,-0.0049918, 0.0097067,buy
2016-04-11,0.74,0,1.11,0, 0.005339035, 0.00673768, 0.0118106, 0.0079027, 0.0133693,buy
2016-04-12,1.77,0,1.96,0,-0.013917118,-0.00227245,-0.0013999,-0.0008091,-0.0027325,buy
2016-04-13,2.23,0,0.93,0,-0.006905277,-0.00525030,-0.0068610,-0.0074699,-0.0067255,sell
2016-04-14,2.28,0,0,0,-0.006026826, 0.00462111,-0.0033124,-0.0030410,-0.0047091,buy
2016-04-15,1.58,0,0,0, 0.006705311, 0.00678124, 0.0067053, 0.0090151, 0.0085566,buy
2016-04-16,1.54,0,0,0, 0.014157439, 0.01144794, 0.0130606, 0.0128201, 0.0125767,buy
2016-04-17,2.64,0,0,0, 0.008702674,-0.00647344, 0.0008130,-0.0023794, 0.0023008,buy
2016-04-18,2.8,0,0,0.15, 0.020275535, 0.02076294, 0.0209407, 0.0214632, 0.0223400,buy
2016-04-19,1.58,0,0,0.4,-0.016410784,-0.00814617,-0.0158734, 0.0071985,-0.0017876,buy
2016-04-20,0.37,0,0,0.34,-0.002407961,-0.00223310,-0.0025296,-0.0097686,-0.0033307,sell
2016-04-21,0,0,0,0.11, 0.016892881, 0.01254056, 0.0162142, 0.0173355, 0.0154581,buy
2016-04-22,0,0,0,0,-0.015882254,-0.00809743,-0.0102511,-0.0135128,-0.0168749,sell
2016-04-23,0,0,0,0, 0.019121550, 0.01816307, 0.0135016,-0.0011952, 0.0040919,buy
2016-04-24,0,0,0,0,-0.009123831, 0.00074570, 0.0011459, 0.0010564,-0.0083150,buy
2016-04-27,0,0,0,0,-0.001742209, 0.00025846, 0.0069576,-0.0029160,-0.0018523,buy
2016-04-28,0,0,0,0,-0.004367229,-0.01660317,-0.0151477,-0.0046443,-0.0181334,sell
2016-04-29,0,0,0.54,0, 0.004928125, 0.00333655, 0.0017166, 0.0017166, 0.0009506,buy
2016-04-30,0,0,1.27,0, 0.024820796, 0.01847077, 0.0184708, 0.0184708, 0.0204516,buy
2016-05-01,0.54,0,2,0, 0.005610114, 0.01491318, 0.0188565, 0.0055035, 0.0080089,buy
2016-05-02,1.29,0,1.32,0, 0.004361642, 0.00251047, 0.0010023, 0.0015193,-0.0022588,buy
2016-05-03,1.78,0,0.56,0,-0.004007351, 0.00161889,-0.0095925,-0.0086865,-0.0083643,sell
2016-05-04,1,0,0,0,-0.000427389,-0.00249753,-0.0083193,-0.0019852,-0.0020195,buy
2016-05-05,0.87,0,0,0,-0.000622550, 0.00058076, 0.0074220, 0.0067899, 0.0002635,buy
2016-05-06,1.08,0,0,0, 0.012034500, 0.01064098, 0.0103715, 0.0094838, 0.0111617,buy
2016-05-07,1.78,0,0.37,0,-0.016284259,-0.01719691,-0.0191747,-0.0184411,-0.0113339,sell
2016-05-08,1.21,0,1.08,0, 0.006427662, 0.00642766,-0.0061294,-0.0035641,-0.0061294,buy
2016-05-09,1.58,0,1.96,0, 0.004712801, 0.00475286, 0.0052119, 0.0080783, 0.0047448,buy
2016-05-10,2.39,0,1.2,0, 0.014545134, 0.00720583, 0.0104648, 0.0006498,-0.0087906,buy
2016-05-11,2.44,0,0.41,0, 0.003360785, 0.01541409, 0.0104701, 0.0055049, 0.0082064,buy
2016-05-12,2.65,0,0,0, 0.007148084, 0.01040927, 0.0016404, 0.0024388, 0.0024388,buy
2016-05-13,3.31,0,0,0, 0.010493458, 0.00621235, 0.0099186, 0.0062123,-0.0004457,buy
2016-05-14,2.94,0,0,0, 0.002387060, 0.00186328, 0.0078362, 0.0050033, 0.0016458,buy
2016-05-15,1.42,0,0,0, 0.021560210, 0.00862181,-0.0019666, 0.0139793, 0.0188332,buy
2016-05-16,0.5,0,0,0, 0.010313775, 0.00892626, 0.0115689, 0.0094314, 0.0081027,buy
2016-05-17,0.73,0,0,0,-0.013241765,-0.00574968,-0.0085173,-0.0130273,-0.0124078,sell
2016-05-18,0.51,0,0,0, 0.009674409, 0.00634060, 0.0101983, 0.0091781, 0.0091781,buy
2016-05-19,0.63,0.06,0,0,-0.005170808,-0.00907316,-0.0054776,-0.0045214,-0.0017270,buy
2016-05-20,0.75,0.16,0,0,-0.000678486,-0.00369782, 0.0061015, 0.0033914,-0.0020526,buy
2016-05-21,0.84,0.31,0,0,-0.009686664,-0.01686523,-0.0226261,-0.0057219,-0.0138130,sell
2016-05-22,0.87,0.35,0,0,-0.009507810,-0.01085635,-0.0205541,-0.0102282,-0.0100799,sell
2016-05-23,0.87,0.22,0,0,-0.000727463, 0.00024642, 0.0076904,-0.0002925, 0.0009615,buy
2016-05-24,0.84,0.2,0,0, 0.007178287, 0.00555895, 0.0128928, 0.0057628, 0.0048862,buy
2016-05-25,0.78,0.2,0,0, 0.008098386, 0.00709622, 0.0076429, 0.0070962, 0.0050978,buy
2016-05-26,0.66,0.06,0,0, 0.000650336, 0.00063724,-0.0001192, 0.0026368, 0.0091604,buy
2016-05-27,0.93,0,0,0, 0.000157448,-0.00007044, 0.0001574,-0.0076214,-0.0013926,buy
2016-05-28,1,0,0,0,-0.001008983,-0.00029923,-0.0010090,-0.0058221,-0.0032819,buy
2016-05-29,0.96,0,0,0, 0.012628989, 0.01262899, 0.0106199, 0.0120331, 0.0113845,buy
2016-05-30,1.63,0,0,0, 0.004331109, 0.00375257, 0.0038018, 0.0076661, 0.0070220,buy
2016-05-31,1.8,0,0,0.15,-0.011765157,-0.01139978,-0.0080452,-0.0091887,-0.0138296,sell
2016-06-01,1.07,0.06,0,0.46, 0.007263798, 0.01085203, 0.0074445, 0.0094577, 0.0047862,buy
2016-06-02,0.56,0.21,0,0.83,-0.013842778,-0.01307029,-0.0132184,-0.0104713,-0.0134645,sell
2016-06-03,0,0.38,0,0.99,-0.011688650,-0.01479135,-0.0149572,-0.0131927,-0.0109510,sell
2016-06-04,0,0.3,0,1.01,-0.013781732,-0.01654355,-0.0144146,-0.0119334,-0.0151658,sell
2016-06-05,0,0.11,0,0.66, 0.005282721,-0.00579612, 0.0013387, 0.0014357,-0.0070481,buy
2016-06-06,0,0,0,0.27,-0.002911683,-0.00378046,-0.0029117,-0.0050167, 0.0104226,buy
2016-06-07,0,0,0,0, 0.002616491, 0.00173338, 0.0004203,-0.0058143, 0.0005553,buy
2016-06-08,0,0.08,0,0, 0.012839194, 0.00461910, 0.0120773,-0.0005011, 0.0060137,buy
2016-06-09,0,0.2,0,0, 0.002530471,-0.00235938, 0.0011188, 0.0045760,-0.0085349,sell
2016-06-10,0,0.14,0.34,0, 0.001931876,-0.00584302, 0.0009183, 0.0013800,-0.0121690,sell
2016-06-11,0,0.04,0.97,0, 0.001645390,-0.00446884,-0.0056203,-0.0034355,-0.0091867,sell
2016-06-12,0,0,2.63,0, 0.000245008,-0.01570967, 0.0002450,-0.0032415,-0.0017236,sell
2016-06-13,0,0,2.83,0, 0.005591464,-0.01386369, 0.0006365,-0.0033678,-0.0105100,sell
2016-06-14,0,0,2.47,0,-0.005453383,-0.01409696,-0.0054534,-0.0038456,-0.0070822,sell
2016-06-15,0,0,1.15,0,-0.007833377,-0.01220040,-0.0083547,-0.0084520,-0.0086784,sell
2016-06-16,0,0,0.51,0, 0.013270334, 0.01737051, 0.0139179, 0.0144750, 0.0144750,buy
2016-06-19,0,0.07,0,0.12, 0.001214753, 0.00822993, 0.0047990, 0.0050918, 0.0055797,buy
2016-06-20,0,0.2,0,0.39,-0.012228733,-0.00279188,-0.0040996,-0.0101847,-0.0106647,sell
2016-06-21,0,0.11,0,0.35, 0.015205940, 0.00974671, 0.0143170, 0.0108444, 0.0082526,buy
2016-06-22,0,0,0,0.4, 0.007310738,-0.00053575, 0.0119734, 0.0076892,-0.0005357,buy
2016-06-23,0,0,0,0.38, 0.007456771, 0.00457448, 0.0071137, 0.0100833, 0.0037170,buy
2016-06-24,0,0,0,0.08, 0.004426339, 0.01492729, 0.0115888, 0.0136290, 0.0057519,buy
2016-06-25,0.3,0,0,0,-0.004930430, 0.00194090, 0.0026454, 0.0020902, 0.0097573,buy
2016-06-26,0.91,0,1.54,0,-0.013655701,-0.01411987,-0.0098881,-0.0141713,-0.0156402,sell
2016-06-27,1.78,0,1.93,0,-0.016333734,-0.01633373,-0.0124697,-0.0206722,-0.0156836,sell
2016-06-28,1.13,0,0.4,0, 0.000165569, 0.00759391, 0.0001656, 0.0062127, 0.0066380,buy
2016-06-29,0.37,0.05,0,0, 0.005849467, 0.00827405, 0.0091386, 0.0048054, 0.0089168,buy
2016-06-30,0,0.16,0.87,0,-0.005505163, 0.00466946,-0.0065983,-0.0017129, 0.0048420,buy
2016-07-01,0.5,0.19,1.98,0, 0.005195031, 0.00991635,-0.0058059, 0.0010545, 0.0023883,buy
2016-07-02,1.17,0.08,1.66,0, 0.008947495,-0.00466799, 0.0089475, 0.0108350, 0.0097147,buy
2016-07-03,1.8,0,0.63,0,-0.010289500,-0.01028950,-0.0119253,-0.0119253,-0.0101356,sell
2016-07-04,1.74,0,0,0, 0.005544044, 0.00206607, 0.0027703, 0.0022582, 0.0040377,buy
2016-07-05,2.96,0.04,0,0.07, 0.016311643, 0.01447421, 0.0158989, 0.0163116, 0.0163116,buy
2016-07-06,2.47,0.16,0,0.2, 0.010559257, 0.00858302, 0.0128818, 0.0105526, 0.0145216,buy
2016-07-07,1.53,0.4,1.34,0.39, 0.001148807, 0.00968674,-0.0076656,-0.0092334, 0.0064452,buy
2016-07-08,0.56,0.27,2.78,0.26, 0.006652372, 0.01120900, 0.0064481, 0.0096696, 0.0094240,buy
2016-07-09,0,0.08,2.3,0.09, 0.015582976, 0.01437650, 0.0155830, 0.0155830, 0.0124376,buy
2016-07-10,1.44,0,1.96,0.21, 0.001049638,-0.00018661,-0.0006247,-0.0005757,-0.0009746,buy
2016-07-11,1.8,0,1.16,0.39, 0.006331188, 0.00733328, 0.0079433, 0.0074543, 0.0150959,buy
2016-07-12,0.37,0,0.57,0.11, 0.003606818, 0.00345692, 0.0036068, 0.0023011, 0.0028985,buy
2016-07-14,0.41,0,0,0.1,-0.002982092, 0.00322822, 0.0032282,-0.0009760, 0.0019466,buy
2016-07-15,0.81,0,0,0.24,-0.012075392,-0.01667691,-0.0096289,-0.0059060,-0.0004319,sell
2016-07-16,1.57,0,0,0.4, 0.004271667, 0.00724554, 0.0072455, 0.0095311, 0.0072455,buy
2016-07-17,1.78,0,0,0.28, 0.009065193, 0.00455686, 0.0098718, 0.0084590, 0.0065589,buy
2016-07-18,2.09,0,0,0.12,-0.005680386,-0.00424046, 0.0076977,-0.0029114,-0.0032222,buy
2016-07-19,3.21,0,0,0,-0.014108386,-0.01317567,-0.0099348,-0.0141084,-0.0169538,sell
2016-07-20,2.29,0,0,0, 0.008322457, 0.01275980, 0.0127716, 0.0173874, 0.0203967,buy
2016-07-21,1.08,0,0,0, 0.012034500, 0.01064098, 0.0103715, 0.0094838, 0.0111617,buy
2016-07-22,0.36,0,0,0, 0.004003725, 0.01038918, 0.0087672, 0.0125238, 0.0134906,buy
2016-07-26,1.05,0,0,0, 0.010331134, 0.00974925, 0.0111281, 0.0100865, 0.0107300,buy
2016-07-27,1.78,0,0,0, 0.001098473, 0.00650037,-0.0088232, 0.0003127, 0.0057894,buy
2016-07-28,0.68,0,0,0.15,-0.007161921, 0.00227767,-0.0020496,-0.0006837,-0.0097063,sell
2016-07-29,0,0,0,0.4, 0.006988264,-0.00461252, 0.0091831,-0.0038753,-0.0001142,buy
2016-07-30,0.85,0,0.41,0.35,-0.002494393,-0.00498832, 0.0034663,-0.0020427, 0.0023558,buy
2016-07-31,2.32,0,1.12,0.12, 0.006560973, 0.01089755, 0.0008760, 0.0012428,-0.0021024,buy
2016-08-01,3.56,0,2,0,-0.003650294,-0.00468005,-0.0058619,-0.0065220,-0.0092795,sell
2016-08-02,2.15,0,1.29,0,-0.003090697,-0.00045936,-0.0059735,-0.0081318,-0.0059735,sell
2016-08-03,0.61,0,0.5,0, 0.001185106,-0.00381400,-0.0011842,-0.0032569,-0.0015949,buy
2016-08-04,0,0,0,0.09,-0.015637524,-0.01403997,-0.0026235, 0.0048603, 0.0050103,buy
2016-08-05,0,0,0,0.38, 0.006479290, 0.00407850, 0.0045952,-0.0039875, 0.0041006,buy
2016-08-06,0,0.08,0,0.78,-0.029745536,-0.02299131,-0.0255733,-0.0304253,-0.0213263,sell
2016-08-07,0,0.2,0,0.63,-0.016504383,-0.01562945,-0.0155255,-0.0156295,-0.0153614,sell
2016-08-08,0,0.14,0.47,0.26, 0.006105301, 0.01154438, 0.0028373, 0.0028373, 0.0054302,buy
2016-08-09,0.59,0.04,0.99,0.1, 0.014510863, 0.01266394, 0.0145109, 0.0132928, 0.0174673,buy
2016-08-10,1.77,0,1.98,0,-0.017675218,-0.01581556,-0.0121615,-0.0195166,-0.0150382,sell
2016-08-11,1.75,0,1.86,0,-0.007141090,-0.01544555,-0.0062117,-0.0113167,-0.0076637,sell
2016-08-12,0.6,0,0.89,0.2,-0.001268791, 0.00167168, 0.0075113, 0.0022061, 0.0002688,buy
2016-08-13,0,0.09,0.42,0.39, 0.009849698, 0.00604772, 0.0131186, 0.0002444, 0.0098497,buy
2016-08-14,0.35,0.2,0,0.26,-0.002181677, 0.00031106,-0.0008841, 0.0003111, 0.0036599,buy
2016-08-15,0.83,0.15,0,0.09,-0.014561344, 0.00715442,-0.0057469,-0.0091615,-0.0071580,buy
2016-08-16,2.28,0.05,0,0,-0.003468464, 0.00166949, 0.0018150,-0.0029870, 0.0062364,buy
2016-08-17,3.14,0,0,0,-0.011994250,-0.00874878,-0.0119942,-0.0131693,-0.0147318,sell
2016-08-18,2.44,0,0,0,-0.002439967, 0.01282888,-0.0009328,-0.0020233,-0.0035685,buy
2016-08-19,0.66,0,0,0, 0.002622895, 0.00467911, 0.0030429, 0.0046791, 0.0035312,buy
2016-08-20,0,0,0,0,-0.009394723, 0.00397481, 0.0050587, 0.0026778, 0.0090666,buy
2016-08-21,0,0,0,0,-0.008851224,-0.00337208,-0.0042947,-0.0033721,-0.0065355,sell
2016-08-22,0,0,0,0.08,-0.001215511, 0.00099961, 0.0009996, 0.0009996, 0.0009996,buy
2016-08-23,0,0,0,0.13,-0.004965061, 0.00107718, 0.0018243, 0.0076223, 0.0018243,buy
2016-08-24,0,0,0,0.21, 0.000128086,-0.00308382, 0.0020487, 0.0105838, 0.0020487,buy
2016-08-25,0,0,0,0.34, 0.002886634, 0.00411277, 0.0041128, 0.0036165, 0.0075154,buy
2016-08-26,0,0,0,0.4,-0.003068369,-0.00479606,-0.0035238,-0.0019505, 0.0053141,buy
2016-08-27,0,0,0,0.28,-0.006985488,-0.00672903,-0.0065343, 0.0096975,-0.0064186,buy
2016-08-28,0,0,0,0.17,-0.013558322,-0.01551308,-0.0125813,-0.0170416,-0.0169225,sell
2016-08-29,0,0,0,0.1,-0.007263922, 0.00038084, 0.0003808, 0.0029182,-0.0024916,buy
2016-08-30,0,0,0,0, 0.011544159, 0.01154416, 0.0086087, 0.0025193, 0.0024304,buy
2016-08-31,0,0.04,0,0.15,-0.000378290,-0.00640803,-0.0063119, 0.0038385,-0.0046151,sell
2016-09-01,0,0.1,0,0.34, 0.002910645,-0.00797756, 0.0095204, 0.0003467, 0.0050842,buy
2016-09-02,0,0.2,0,0.4, 0.003989560, 0.00161637,-0.0028832,-0.0001164, 0.0072821,buy
2016-09-03,0,0.15,0,0.2,-0.001273955,-0.01439417,-0.0011031,-0.0122360,-0.0001845,sell
2016-09-04,0,0.06,0,0.08,-0.013151304,-0.01538412,-0.0146088,-0.0128386,-0.0131489,sell
2016-09-05,0.6,0,0.4,0, 0.003990180, 0.02422461, 0.0220691, 0.0242246, 0.0231961,buy
2016-09-06,1.43,0,1.5,0,-0.001305314,-0.00098705,-0.0009590, 0.0007494,-0.0039969,sell
2016-09-07,1.78,0,2.57,0,-0.008023978,-0.01459910,-0.0069116,-0.0071676,-0.0071676,sell
2016-09-08,0.91,0,2.2,0.08,-0.011440811,-0.00867741,-0.0084527,-0.0119393,-0.0120555,sell
2016-09-09,0.38,0,2.23,0.2, 0.003500868, 0.00329869, 0.0119293, 0.0032987, 0.0024126,buy
2016-09-10,0,0,2,0.42, 0.006310612, 0.00464415, 0.0063220, 0.0004689, 0.0043617,buy
2016-09-11,0,0,1.24,0.72,-0.004449604,-0.00551217,-0.0114315,-0.0001772,-0.0083175,sell
2016-09-12,0,0,1.1,0.97, 0.013921773, 0.00736396, 0.0106502, 0.0106502, 0.0070828,buy
2016-09-13,0,0,1.74,0.87, 0.007410811, 0.00618831, 0.0071449, 0.0030239, 0.0015919,buy
2016-09-14,0.46,0,1.95,0.82, 0.004911393,-0.00327873,-0.0031778, 0.0047701,-0.0032362,buy
2016-09-15,0.82,0,0.9,0.67, 0.008361186, 0.00630774, 0.0025986, 0.0073031, 0.0032154,buy
2016-09-16,1.48,0.04,0.52,0.39,-0.002971780,-0.01699008,-0.0089361, 0.0012190,-0.0039692,sell
2016-09-17,2.36,0.13,0.89,0.24,-0.013282059,-0.00858966,-0.0157962,-0.0066043,-0.0043660,sell
2016-09-18,2.12,0.2,1.5,0.11, 0.000349210, 0.00435265,-0.0049920, 0.0056114, 0.0050087,buy
2016-09-19,2.04,0.1,2,0.08,-0.004554090, 0.00335914, 0.0046070, 0.0023229, 0.0122646,buy
2016-09-20,2.14,0,1.54,0, 0.000776632,-0.00056591,-0.0006414,-0.0036987,-0.0006985,buy
2016-09-21,1.8,0,0.9,0,-0.008112910,-0.00812036,-0.0082722,-0.0081204,-0.0084223,sell
2016-09-22,1.71,0,0.54,0,-0.003390741,-0.00339074,-0.0076596,-0.0081964,-0.0026827,buy
2016-09-23,1.8,0,0,0,-0.013913694,-0.01391369,-0.0139137,-0.0135043,-0.0128756,sell
2016-09-24,1.57,0,0,0, 0.001842907, 0.00184291, 0.0018429, 0.0071353, 0.0013166,buy
2016-09-25,1.13,0,0,0, 0.012368772, 0.01053425, 0.0123688, 0.0097238, 0.0146868,buy
2016-09-26,0.71,0,0,0,-0.010455309,-0.00885692,-0.0117351,-0.0156249,-0.0132096,sell
2016-09-27,0.38,0,0,0,-0.000857769, 0.00729289, 0.0126287, 0.0083993, 0.0080982,buy
2016-09-28,0,0,0,0,-0.007229084,-0.00330530,-0.0010587,-0.0031686,-0.0017174,buy
2016-09-30,0.78,0,0,0,-0.000930047,-0.00205262, 0.0010545,-0.0052022,-0.0037018,sell
2016-10-01,1.78,0,0,0.08,-0.009551384,-0.01212593,-0.0044138,-0.0018800,-0.0081127,sell
2016-10-02,1.32,0,0.48,0.12, 0.017103867, 0.01200994, 0.0102630, 0.0121521, 0.0176280,buy
2016-10-03,0.44,0,1.98,0.18, 0.002302091, 0.00230209, 0.0076104, 0.0023021, 0.0071431,buy
2016-10-04,0,0,4.72,0.27,-0.023319507,-0.01479024,-0.0129514,-0.0205430,-0.0160231,sell
2016-10-05,0,0,5.01,0.48,-0.002828076,-0.00016936,-0.0008630,-0.0014822, 0.0039289,buy
2016-10-06,0,0,2.95,0.58,-0.005330843,-0.00347648,-0.0013556,-0.0029092, 0.0058967,buy
2016-10-07,0,0,0.6,0.64,-0.016732409,-0.00185271,-0.0055601,-0.0019843,-0.0055601,sell
2016-10-08,0,0,0.35,0.51,-0.009079267,-0.00735613,-0.0080674,-0.0084582,-0.0078244,sell
2016-10-09,0,0,0.66,0.25, 0.001016482,-0.00336244,-0.0001042, 0.0007139, 0.0013795,buy
2016-10-10,0,0,1.25,0.07,-0.007326157,-0.00722458,-0.0082152,-0.0072246,-0.0072246,sell
2016-10-11,0,0,1.98,0.07,-0.002261576,-0.00260352,-0.0009036,-0.0009036, 0.0041088,buy
2016-10-12,0,0,1.66,0.17,-0.003374862,-0.00337486, 0.0035209,-0.0046591,-0.0104104,sell
2016-10-13,0,0.05,1.47,0.4, 0.010402753, 0.00789359, 0.0086872, 0.0113856, 0.0112269,buy
2016-10-14,0,0.13,2.45,0.43,-0.003483700,-0.00319734,-0.0147447, 0.0012270,-0.0034837,buy
2016-10-15,0.36,0.2,1.45,0.46,-0.004124786, 0.00647857, 0.0012835,-0.0020710,-0.0041248,buy
2016-10-16,0.84,0.12,0.34,0.39, 0.004625209, 0.00268052, 0.0039049, 0.0037846, 0.0187571,buy
2016-10-17,1.78,0.05,0,0.1,-0.002436111,-0.00105885, 0.0014023, 0.0004716,-0.0078301,sell
2016-10-18,1.57,0,0,0, 0.008173804, 0.00719552, 0.0081738, 0.0082166, 0.0073296,buy
2016-10-19,0.67,0.11,0,0,-0.004450018,-0.00231817,-0.0037706,-0.0044404,-0.0051172,sell
2016-10-20,0,0.2,0,0, 0.000047794,-0.00267171, 0.0008669, 0.0014837,-0.0123397,sell
2016-10-21,0,0.07,0,0.11,-0.008901218,-0.01199627,-0.0106401,-0.0090480,-0.0095597,sell
2016-10-22,0,0,0,0.21, 0.022131177, 0.01995257, 0.0139698, 0.0221312, 0.0169556,buy
2016-10-23,0,0,0,0.4, 0.006988264,-0.00461252, 0.0091831,-0.0038753,-0.0001142,buy
2016-10-24,0,0,0.45,0.66,-0.016139364,-0.00142230,-0.0021214,-0.0002462,-0.0021387,buy
2016-10-25,0,0,1.09,0.93, 0.006743743, 0.00548729, 0.0080351, 0.0075422, 0.0075422,buy
2016-10-26,0,0,1.96,0.83, 0.008361096, 0.00569030, 0.0070816, 0.0058185, 0.0084290,buy
2016-10-27,0,0,1.44,0.4,-0.015314843,-0.00458190,-0.0074409,-0.0145784,-0.0112920,sell
2016-10-28,0,0,0.59,0.35,-0.001975408, 0.00527535, 0.0023490, 0.0019360, 0.0049849,buy
2016-10-29,0.76,0,0,0.4, 0.017327001, 0.00376962, 0.0160735, 0.0170810, 0.0190462,buy
2016-10-30,2.31,0,0,0.23, 0.022119274, 0.01232756, 0.0248825, 0.0129349, 0.0015025,buy
2016-10-31,2.18,0,0,0.12,-0.004346772,-0.00174884, 0.0026186,-0.0020930, 0.0008898,buy
2016-11-01,1.78,0,0.34,0,-0.015203961,-0.01491943,-0.0167643,-0.0167643,-0.0103865,sell
2016-11-02,0.99,0,1.39,0,-0.015054828,-0.01763822,-0.0119420,-0.0120597,-0.0139655,sell
2016-11-03,0.82,0,1.98,0, 0.001792895, 0.00196931, 0.0025298, 0.0012398, 0.0011478,buy
2016-11-04,1.28,0,0.67,0, 0.002755019, 0.00697291, 0.0027550, 0.0049958, 0.0028124,buy
2016-11-05,1.77,0,0.59,0,-0.007713573,-0.00771357,-0.0105338,-0.0105338,-0.0076294,sell
2016-11-06,0.8,0,1.43,0,-0.003222277,-0.00234618,-0.0049521,-0.0046455,-0.0042327,sell
2016-11-07,0,0,1.96,0,-0.008819565,-0.00458975,-0.0062244,-0.0093733,-0.0105431,sell
2016-11-08,0,0,1.13,0,-0.010261005,-0.01457787,-0.0099673,-0.0097493,-0.0098058,sell
2016-11-09,0,0,0.47,0, 0.003352751, 0.00014159, 0.0033528, 0.0033664, 0.0025012,buy
2016-11-12,0,0.04,0,0,-0.006532196,-0.01014214,-0.0088278,-0.0084422,-0.0093535,sell
2016-11-13,0,0.07,0.57,0, 0.007910038, 0.00730554, 0.0104968, 0.0048425, 0.0083601,buy
2016-11-14,0.66,0.12,1.17,0,-0.008291758,-0.00932781,-0.0093790,-0.0122472,-0.0093278,sell
2016-11-15,1.78,0.2,1.98,0, 0.000400437, 0.00702924, 0.0003046, 0.0106636, 0.0091011,buy
2016-11-16,1.33,0.18,1.64,0, 0.002788799, 0.00525369,-0.0016859, 0.0115625, 0.0061183,buy
2016-11-17,0.37,0.1,0.82,0.15, 0.003877655, 0.00947987, 0.0065392, 0.0043988, 0.0043988,buy
2016-11-18,0,0.06,1.1,0.4, 0.005028773,-0.00382883, 0.0042645, 0.0042645, 0.0032767,buy
2016-11-19,0,0,2,0.26,-0.011957256,-0.01412658,-0.0090777,-0.0170686,-0.0141266,sell
2016-11-20,0,0,1.91,0,-0.003330815, 0.00630724, 0.0008657, 0.0003443,-0.0021992,buy
2016-11-21,0,0,1.45,0, 0.012783931, 0.00761762, 0.0136967, 0.0130336, 0.0113072,buy
2016-11-22,0,0,1.98,0, 0.006334785,-0.00651539,-0.0020432, 0.0051244, 0.0047977,buy
2016-11-23,0,0,1.52,0.09,-0.008852290,-0.01001816,-0.0081190,-0.0095932,-0.0095380,sell
2016-11-24,0,0,0.48,0.23, 0.005602496, 0.00676162, 0.0086676, 0.0079437, 0.0086676,buy
2016-11-25,1.28,0,0,0.4, 0.012159053, 0.00779104, 0.0120489, 0.0126524, 0.0126524,buy
2016-11-26,2.9,0,0,0.27, 0.001032161,-0.00079406,-0.0024156,-0.0019874,-0.0007941,buy
2016-11-27,2.79,0,0,0.11, 0.018815509, 0.01331652, 0.0133165, 0.0133165, 0.0112819,buy
2016-11-28,1.47,0,0,0.16,-0.003873874,-0.00375023, 0.0012048, 0.0020150, 0.0128328,buy
2016-11-29,1.04,0,0,0.54,-0.001022532, 0.00468491, 0.0078638, 0.0052637, 0.0027310,buy
2016-11-30,0.96,0,0.48,0.71, 0.001186737, 0.00020434, 0.0014546, 0.0002043, 0.0002255,buy
2016-12-01,1.63,0,0.83,0.52,-0.001705412,-0.00238607,-0.0058466,-0.0102085,-0.0075670,sell
2016-12-02,1.8,0,1.46,0.17, 0.004987962, 0.00483790, 0.0084820, 0.0049880, 0.0017282,buy
2016-12-03,1.16,0,2,0.07,-0.009571433,-0.00599202,-0.0054323,-0.0042993,-0.0058222,sell
2016-12-04,0.69,0,1.96,0, 0.012005890, 0.01253323, 0.0118412, 0.0089910, 0.0118412,buy
2016-12-05,0.41,0,1.75,0, 0.001075800,-0.00552923, 0.0021671, 0.0023283, 0.0052097,buy
2016-12-06,0,0,2.26,0,-0.002490376, 0.00164411, 0.0130773,-0.0001980, 0.0085230,buy
2016-12-07,0,0,2.43,0, 0.004228222, 0.01364354, 0.0114791, 0.0119595, 0.0114437,buy
2016-12-08,0,0,2.58,0,-0.000881026,-0.01570967,-0.0008810,-0.0042936,-0.0008085,sell
2016-12-09,0,0,3.92,0,-0.001412791,-0.00403966,-0.0076648, 0.0033285, 0.0067225,buy
2016-12-10,0.53,0.05,3.81,0,-0.009039802,-0.01048983,-0.0066269,-0.0092251,-0.0108725,sell
2016-12-11,1.33,0.15,1.95,0,-0.008622200,-0.00429995,-0.0013344, 0.0053666,-0.0069509,buy
2016-12-12,1.78,0.2,0.84,0,-0.002337573,-0.00748356,-0.0026538, 0.0022550,-0.0006875,buy
2016-12-13,0.93,0.08,0,0,-0.007564417,-0.00517477,-0.0075644,-0.0039078, 0.0001479,buy
2016-12-14,0.37,0,0,0, 0.007349579, 0.00413896, 0.0042875, 0.0133957, 0.0135533,buy
2016-12-16,0,0,0,0, 0.001007755, 0.00396514, 0.0065016,-0.0001660, 0.0008977,buy
2016-12-17,0,0,0,0,-0.008700363,-0.02366941,-0.0116181,-0.0256808,-0.0110878,sell
2016-12-18,0,0,0,0,-0.004367229,-0.01660317,-0.0151477,-0.0046443,-0.0181334,sell
2016-12-19,0,0,0.35,0, 0.011040991, 0.00470091, 0.0067405, 0.0071796, 0.0065304,buy
2016-12-20,0,0,0.45,0, 0.001899836, 0.00011439, 0.0026447, 0.0036322, 0.0061518,buy
2016-12-21,0,0,0.56,0, 0.002690018, 0.00567788, 0.0011458, 0.0099627, 0.0021773,buy
2016-12-22,0,0,0.72,0,-0.008205921, 0.00190248,-0.0087922,-0.0079244,-0.0087780,sell
2016-12-23,0.44,0,1.65,0, 0.000327392,-0.00274327, 0.0012596,-0.0009179, 0.0069542,buy
2016-12-24,1.06,0,3.08,0, 0.012093604, 0.01029926, 0.0140583, 0.0111683, 0.0103413,buy
2016-12-25,1.78,0,5.9,0, 0.005934066, 0.01801540,-0.0103550, 0.0012458,-0.0082903,buy
2016-12-26,1.22,0,6.45,0,-0.003952077, 0.00986423,-0.0055132,-0.0059518,-0.0031082,buy
2016-12-27,0.51,0,5.19,0, 0.003550812, 0.00915864,-0.0005847,-0.0009279, 0.0026716,buy
2016-12-28,0,0,4.44,0,-0.009168397, 0.00064120,-0.0002137, 0.0061817,-0.0044893,buy
2016-12-29,0,0,4.02,0,-0.002388651, 0.00153565,-0.0031463, 0.0034104, 0.0006246,buy
2016-12-30,0,0,3.02,0,-0.000680946,-0.00387050,-0.0034143,-0.0034143,-0.0038705,sell
2016-12-31,0,0,2.79,0, 0.009276705, 0.00841763, 0.0102671, 0.0125506, 0.0147597,buy
2017-01-01,0,0,1.46,0, 0.010489874, 0.00934481,-0.0016161,-0.0002102,-0.0009894,buy
2017-01-02,0,0,1,0, 0.010888455, 0.01088846, 0.0108885, 0.0080400, 0.0097887,buy
2017-01-03,0,0,2.37,0,-0.008998254,-0.01492569,-0.0089993,-0.0111866,-0.0068292,sell
2017-01-04,0,0,1.5,0,-0.006949698,-0.00308705,-0.0075973, 0.0062635,-0.0069497,buy
2017-01-05,0,0,0,0,-0.007229084,-0.00330530,-0.0010587,-0.0031686,-0.0017174,buy
2017-01-06,0,0,0,0,-0.008032493, 0.00791052, 0.0056917, 0.0041766, 0.0079403,buy
2017-01-07,0,0,0,0,-0.000716756, 0.00555448, 0.0035985, 0.0078768,-0.0003603,buy
2017-01-08,0,0,0.44,0.08,-0.009389683,-0.00531099,-0.0113073,-0.0115285,-0.0082497,sell
2017-01-09,0,0,0.84,0.21, 0.006829362, 0.01009455, 0.0100945, 0.0045542, 0.0097749,buy
2017-01-10,0,0,1.61,0.54,-0.013789595,-0.00780457,-0.0152124,-0.0146130,-0.0137142,sell
2017-01-11,0,0,1.98,0.63,-0.007402634,-0.00087671,-0.0040452,-0.0062255,-0.0061029,sell
2017-01-12,0,0,1.28,0.52,-0.015466844,-0.00979624,-0.0175816,-0.0186384,-0.0144745,sell
2017-01-13,0,0,0.67,0.2, 0.000762419, 0.00569296, 0.0030762,-0.0016026, 0.0046364,buy
2017-01-14,0,0,0.35,0.09, 0.008670122, 0.00691189, 0.0081588, 0.0053012, 0.0095407,buy
2017-01-16,0,0.06,0,0.1, 0.007089873, 0.00820139, 0.0047229, 0.0102204, 0.0029259,buy
2017-01-17,0,0.18,0,0.17,-0.014526194,-0.01063217,-0.0155782,-0.0084004,-0.0098140,sell
2017-01-18,0,0.2,0.52,0.31, 0.003662801, 0.00524159, 0.0013847, 0.0041281, 0.0006588,buy
2017-01-19,0,0.07,1.19,0.4, 0.007134641,-0.00232954, 0.0080437, 0.0072937, 0.0034806,buy
2017-01-20,0,0,2,0.28,-0.012832014,-0.01508511,-0.0124255,-0.0180001,-0.0156239,sell
2017-01-21,0.37,0,1.43,0.16, 0.009763617, 0.00489148, 0.0118337, 0.0124714, 0.0118337,buy
2017-01-22,0.93,0,1.4,0.09,-0.002287429, 0.00012987, 0.0001299,-0.0035774,-0.0017807,buy
2017-01-23,1.78,0,1.96,0,-0.011512156,-0.01151216,-0.0065208,-0.0202530,-0.0130036,sell
2017-01-24,1.37,0,1.8,0, 0.002513737,-0.00040134, 0.0013396, 0.0046353, 0.0035292,buy
2017-01-25,0.55,0,0.63,0.11, 0.006544551, 0.00471860, 0.0065446, 0.0059742, 0.0052344,buy
2017-01-26,0,0,0,0.23,-0.007093973,-0.00845145,-0.0076722,-0.0137660,-0.0111407,sell
2017-01-27,0.68,0,0,0.4, 0.004608144, 0.00121261, 0.0002840, 0.0015584, 0.0047181,buy
2017-01-28,1.77,0,0,0.33, 0.004397268, 0.00410726, 0.0041073,-0.0005306, 0.0120020,buy
2017-01-29,1.69,0,0,0.17, 0.006510314,-0.01072597, 0.0062514, 0.0063530,-0.0030489,buy
2017-01-30,0.63,0,0,0.18,-0.002731833,-0.00689992,-0.0025399,-0.0079765,-0.0068999,sell
2017-01-31,0,0,0,0.32, 0.007401470, 0.00032345,-0.0009363, 0.0006278,-0.0046755,buy
2017-02-01,0,0,0,0.56,-0.010842751,-0.00316801,-0.0096674,-0.0080050,-0.0096674,sell
2017-02-02,0,0.13,0,0.53,-0.007028857,-0.00967912,-0.0070557,-0.0074129,-0.0103858,sell
2017-02-03,0,0.2,0,0.25, 0.008662885, 0.00701779, 0.0007740, 0.0070178, 0.0047304,buy
2017-02-04,0,0.07,0,0.07, 0.002521871,-0.00533797, 0.0067934, 0.0050415, 0.0020965,buy
2017-02-07,0,0,0.37,0, 0.001208944, 0.00398073, 0.0081405, 0.0031400, 0.0042909,buy
2017-02-08,0,0,1.37,0,-0.008959842,-0.00828041, 0.0017113,-0.0056707,-0.0084149,sell
2017-02-09,0.38,0,2.97,0, 0.006762456, 0.00673551, 0.0069857, 0.0077618, 0.0102464,buy
2017-02-10,0.96,0,3.79,0, 0.011341272, 0.00484076, 0.0062595, 0.0042678, 0.0091829,buy
2017-02-11,1.77,0,2.61,0,-0.005762982,-0.01233811,-0.0069116,-0.0056454,-0.0056454,sell
2017-02-12,1.29,0,1.52,0,-0.005840640,-0.00622552,-0.0041178,-0.0045458,-0.0036847,sell
2017-02-13,0.52,0,1.93,0, 0.016453004, 0.00805414, 0.0106141, 0.0082306, 0.0106141,buy
2017-02-14,0,0,2.5,0,-0.006926341,-0.00575200,-0.0109519,-0.0068727,-0.0068727,sell
2017-02-15,0,0,2.14,0,-0.002910463,-0.00584733, 0.0051351,-0.0012668, 0.0131148,buy
2017-02-16,0,0,2.44,0, 0.004228222, 0.01234181, 0.0101773, 0.0093458, 0.0102699,buy
2017-02-17,0,0,1.66,0, 0.000884440,-0.00525474, 0.0024867, 0.0001267, 0.0041423,buy
2017-02-18,0,0,0.75,0, 0.008439349, 0.01049067, 0.0080631, 0.0089249, 0.0079802,buy
2017-02-19,0,0,0.35,0.09, 0.006707798, 0.01135828,-0.0042126, 0.0115640, 0.0099594,buy
2017-02-20,0.52,0,1.48,0.16, 0.004971334,-0.00062739, 0.0121026, 0.0089322, 0.0080910,buy
2017-02-21,1.75,0,2,0.31, 0.003864178, 0.00190268, 0.0048967, 0.0047743, 0.0057026,buy
2017-02-22,1.25,0,1.08,0.49, 0.001240158,-0.00667097,-0.0107628,-0.0066268,-0.0094936,sell
2017-02-23,0,0,1.98,0.46, 0.012077463, 0.01169462, 0.0082415, 0.0064833, 0.0120775,buy
2017-02-24,0,0,1.73,0.53,-0.014756400,-0.00688756,-0.0157863,-0.0190461,-0.0132230,sell
2017-02-25,0,0.06,0.39,0.48,-0.006919401,-0.00969104,-0.0096910,-0.0037202,-0.0138867,sell
2017-02-26,0,0.13,0,0.2,-0.011532162,-0.01753580,-0.0115322,-0.0144751,-0.0086013,sell
2017-02-27,0,0.2,0,0.1, 0.001452833, 0.00331847, 0.0012732, 0.0014528, 0.0024283,buy
2017-02-28,0,0.15,0,0,-0.004562202,-0.00596050,-0.0027192,-0.0014736,-0.0070918,sell
2017-03-01,0,0.07,0,0, 0.004338396,-0.00292758,-0.0007938, 0.0046859, 0.0030406,buy
2017-03-02,0.31,0.04,0,0, 0.000151316,-0.00111041,-0.0004139,-0.0000023, 0.0033163,buy
2017-03-03,0.57,0,0,0,-0.008331820,-0.00184075,-0.0108154,-0.0117659,-0.0092413,sell
2017-03-04,1.04,0,0,0,-0.012501347,-0.01266339,-0.0082574,-0.0183447, 0.0001528,sell
2017-03-05,1.78,0,0,0, 0.013718184, 0.01103118, 0.0137182, 0.0137182, 0.0113276,buy
2017-03-06,1.66,0,0,0, 0.011670511, 0.01040799, 0.0116705, 0.0116705, 0.0115368,buy
2017-03-07,1.31,0,1.86,0,-0.000268630, 0.00253435, 0.0088087, 0.0053566,-0.0002767,buy
2017-03-08,2.7,0,3.34,0, 0.003992621, 0.00370506, 0.0039926, 0.0037051, 0.0037051,buy
2017-03-09,2.45,0,2.49,0,-0.004924022,-0.00662309,-0.0062818,-0.0044371,-0.0041259,sell
2017-03-10,1.77,0,1.14,0, 0.005162521,-0.00159535,-0.0079346,-0.0031130,-0.0029930,buy
2017-03-11,1.23,0,0.48,0.16,-0.000987629, 0.00594598,-0.0012273,-0.0022280, 0.0039968,buy
2017-03-12,0.52,0,0,0.4, 0.011920909, 0.00506502, 0.0050650, 0.0021447, 0.0134046,buy
2017-03-13,0,0,0,0.17, 0.000748457,-0.01034602,-0.0054439,-0.0036394,-0.0107149,sell
2017-03-15,0,0,0,0.08,-0.008520877,-0.00023677, 0.0008167, 0.0051052, 0.0043456,buy
2017-03-16,0,0,0,0.18,-0.008354973,-0.01323529,-0.0093375,-0.0028800,-0.0109364,sell
2017-03-17,0,0,0,0.4, 0.008931254, 0.00927083, 0.0039996, 0.0110555, 0.0077599,buy
2017-03-18,0,0,0,0.37, 0.007456771, 0.00457448, 0.0071137, 0.0100833, 0.0043780,buy
2017-03-19,0,0,0,0.16, 0.017028916, 0.00977537, 0.0169004, 0.0178631, 0.0090726,buy
2017-03-22,0,0,0,0.08,-0.008520877,-0.00023677, 0.0008167, 0.0051052, 0.0043456,buy
2017-03-23,0,0.08,0,0.36,-0.000795226,-0.00079523, 0.0033637,-0.0095243,-0.0011513,buy
2017-03-24,0,0.2,0.38,0.65,-0.011844764,-0.01522007,-0.0070724,-0.0083708,-0.0126759,sell
2017-03-25,0,0.1,0.7,0.49, 0.009499372, 0.00845633, 0.0029158, 0.0041089, 0.0172408,buy
2017-03-26,0,0,1.28,0.15,-0.015904969,-0.01746298,-0.0125775,-0.0173052,-0.0174630,sell
2017-03-27,0,0,2,0, 0.008541854, 0.00802717, 0.0017878, 0.0042246, 0.0085773,buy
2017-03-28,0.72,0,1.67,0, 0.008962208, 0.00692164, 0.0065711, 0.0024381, 0.0076553,buy
2017-03-29,1.77,0,0.91,0,-0.007182409,-0.00734173,-0.0072938,-0.0072938,-0.0070177,sell
2017-03-30,1.39,0,0.5,0, 0.000741598, 0.01425270, 0.0007416, 0.0063562, 0.0033536,buy
2017-03-31,0.49,0,0,0, 0.006563664, 0.00476273, 0.0098016,-0.0003255, 0.0046754,buy
2017-04-03,0.46,0,0,0.08,-0.013213090,-0.00961902,-0.0132703,-0.0127688,-0.0119220,sell
2017-04-04,0.85,0,0,0.12, 0.003097110, 0.00439948, 0.0008899, 0.0033755,-0.0015013,buy
2017-04-05,1.57,0,0,0.17,-0.006021635,-0.00613214,-0.0049555,-0.0067651, 0.0052993,buy
2017-04-06,1.8,0.08,0,0.24,-0.007113975,-0.00430561,-0.0168984, 0.0002052,-0.0001647,buy
2017-04-07,1.07,0.2,0,0.48, 0.001649322,-0.00128187,-0.0013182,-0.0052536,-0.0008323,buy
2017-04-08,0.58,0.18,0,0.77,-0.011355775,-0.01135910,-0.0128635,-0.0135525,-0.0105876,sell
2017-04-09,0.31,0.07,0.36,0.79,-0.023876466,-0.01378707,-0.0225378,-0.0238765,-0.0174884,sell
2017-04-10,0,0,0.55,0.48,-0.004542050,-0.00268551,-0.0029133, 0.0010486,-0.0026855,buy
2017-04-11,0,0,0.84,0.33,-0.010063200,-0.00973206,-0.0066656,-0.0070513,-0.0109952,sell
2017-04-12,0,0,1.28,0.35, 0.018296018, 0.00652778, 0.0033887, 0.0057053, 0.0060834,buy
2017-04-13,0,0,1.95,0.44,-0.001662011, 0.00196869,-0.0020990, 0.0010197,-0.0005112,buy
2017-04-14,0.35,0,2.55,0.6,-0.004658504,-0.00704215,-0.0080397,-0.0092527,-0.0084262,sell
2017-04-15,0.87,0,2.4,0.54,-0.003430141,-0.00693906,-0.0080716,-0.0080716,-0.0039357,sell
2017-04-16,1.59,0,2.77,0.39, 0.001708872, 0.00170887,-0.0009109, 0.0025622,-0.0000398,buy
2017-04-17,2.38,0,2.57,0.32,-0.000315005,-0.00440304,-0.0031846,-0.0005072,-0.0031159,buy
2017-04-18,1.86,0,1.58,0.25, 0.009242726, 0.00820332, 0.0103703, 0.0100349, 0.0084508,buy
2017-04-19,1.22,0,0.72,0.3,-0.006608452,-0.00919884,-0.0091988,-0.0098263,-0.0091988,sell
2017-04-20,0.78,0,0.44,0.36, 0.000133188, 0.00434745,-0.0039945, 0.0086364, 0.0026234,buy
2017-04-21,1.26,0,0,0.4,-0.002749910, 0.00807335,-0.0064179, 0.0103134, 0.0142765,buy
2017-04-22,1.64,0,0,0.47,-0.010549243,-0.00929630,-0.0133427,-0.0107879,-0.0068349,sell
2017-04-23,2.27,0,0,0.56,-0.015778331,-0.01498737,-0.0127516,-0.0163068,-0.0145148,sell
2017-04-24,2.59,0,0,0.61,-0.011430471,-0.01319927,-0.0077477,-0.0147409,-0.0137685,sell
2017-04-25,2.04,0,0,0.4, 0.000419183, 0.00358804, 0.0035880, 0.0004740,-0.0022539,buy
2017-04-26,1.49,0,0,0.22,-0.007335959,-0.00392272,-0.0046467,-0.0022909,-0.0023172,buy
2017-04-27,1.15,0,0,0.07, 0.000395076,-0.00360311,-0.0036031,-0.0019533, 0.0072078,buy
2017-04-28,0.93,0,0,0,-0.007250181,-0.00676132,-0.0072502,-0.0148546,-0.0106299,sell
2017-04-29,0.52,0,0,0,-0.001498138, 0.00913045,-0.0028728,-0.0046613,-0.0005486,buy
2017-04-30,0.44,0,0,0, 0.001249604, 0.00859421, 0.0141931, 0.0092084, 0.0080953,buy
2017-05-01,0.37,0,0.35,0, 0.003922534, 0.01680194, 0.0172821, 0.0106060, 0.0090270,buy
2017-05-02,0.31,0,0.81,0,-0.005083753, 0.00742132, 0.0118949, 0.0074213, 0.0144401,buy
2017-05-03,0,0,1.88,0, 0.003419143,-0.00717916,-0.0032000,-0.0045856,-0.0020565,buy
2017-05-04,0,0,1.98,0, 0.004957892,-0.00508798,-0.0020830,-0.0040332,-0.0000565,buy
2017-05-05,0,0,0.88,0,-0.003877870,-0.00264275,-0.0072923,-0.0046338,-0.0022412,buy
2017-05-06,0,0,0.38,0, 0.013937736, 0.00695026, 0.0070342, 0.0034976, 0.0023757,buy
2017-05-07,0.37,0,0,0,-0.002891633, 0.00232615, 0.0092552, 0.0008718, 0.0004280,buy
2017-05-08,1.32,0,0,0.08, 0.007045712, 0.00028039,-0.0002439, 0.0007950, 0.0125402,buy
2017-05-09,2.78,0,0,0.14, 0.012809035, 0.00763027, 0.0105385, 0.0071606,-0.0012467,buy
2017-05-10,3.24,0,0,0.25, 0.003976318, 0.00538332, 0.0028883, 0.0039478, 0.0015095,buy
2017-05-11,3.72,0,0,0.4,-0.005263543,-0.00196680,-0.0079004,-0.0083864,-0.0020147,buy
2017-05-12,3.43,0,0,0.35,-0.001682758,-0.00168276, 0.0010079,-0.0090218,-0.0016828,buy
2017-05-13,2.11,0,0,0.19,-0.012305426,-0.00686396,-0.0125660,-0.0119822, 0.0027262,sell
2017-05-14,1.06,0,0,0.11, 0.016617562, 0.00786637, 0.0007645, 0.0128260, 0.0078664,buy
2017-05-15,0.32,0,0,0,-0.005324213,-0.00369444, 0.0026454,-0.0036944, 0.0069197,buy
2017-05-17,0,0.06,0,0, 0.000691381, 0.00523961, 0.0042317, 0.0042317, 0.0088280,buy
2017-05-18,0,0.12,0,0, 0.004254320, 0.00746417,-0.0035188,-0.0072995, 0.0023724,buy
2017-05-19,0,0.2,0,0.07,-0.008807301,-0.00517337,-0.0044107,-0.0084819,-0.0093323,sell
2017-05-20,0,0.15,0,0.13,-0.003690654,-0.00899868,-0.0121227,-0.0111338,-0.0170947,sell
2017-05-21,0,0.07,0,0.26, 0.000810044, 0.00194940, 0.0068575, 0.0100541, 0.0006818,buy
2017-05-22,0,0,0,0.4, 0.006988264,-0.00461252, 0.0091831,-0.0038753,-0.0001142,buy
2017-05-23,0,0,0,0.39,-0.006209060,-0.01165983,-0.0086963,-0.0095854,-0.0113114,sell
2017-05-24,0,0,0,0.35, 0.007526006, 0.00842270, 0.0207078, 0.0126682, 0.0062582,buy
2017-05-25,0,0,0,0.4, 0.006988264,-0.00461252, 0.0091831,-0.0038753,-0.0001142,buy
2017-05-26,0,0.04,0.37,0.31, 0.003690598, 0.00794601, 0.0085023, 0.0061457, 0.0085023,buy
2017-05-27,0,0.08,2.07,0.14, 0.013478922, 0.00244065, 0.0123069, 0.0113261, 0.0067971,buy
2017-05-28,0,0.16,3.31,0,-0.004956890, 0.00045530,-0.0029955,-0.0003346,-0.0049569,buy
2017-05-29,0,0.2,3.05,0,-0.015493189,-0.00408561,-0.0083412,-0.0059274,-0.0158977,sell
2017-05-30,1.24,0.12,3.83,0, 0.006487268, 0.00596913, 0.0040544,-0.0010354,-0.0010354,buy
2017-05-31,2.77,0.07,3.94,0,-0.001301626,-0.00094233, 0.0035180,-0.0008273, 0.0044380,buy
2017-06-01,3.05,0.03,2.4,0,-0.008343485,-0.01837200,-0.0121391,-0.0183720,-0.0193913,sell
2017-06-02,2.25,0,1.41,0.09, 0.018492742, 0.01410325, 0.0185352, 0.0195359, 0.0071761,buy
2017-06-03,2.3,0,1.24,0.22, 0.019909643, 0.02016076, 0.0203041, 0.0204704, 0.0142986,buy
2017-06-04,1.35,0,0.52,0.4, 0.001279752,-0.00188694,-0.0018869,-0.0028370, 0.0020986,buy
2017-06-05,0.57,0,0.69,0.3, 0.009680871, 0.00435280, 0.0105033, 0.0097630, 0.0022622,buy
2017-06-06,0,0,0.91,0.13,-0.015094964,-0.00544017,-0.0047996,-0.0059758,-0.0003792,sell
2017-06-07,0,0,1.21,0,-0.007217543,-0.00639694,-0.0008056,-0.0039604,-0.0036128,sell
2017-06-08,0,0,1.63,0, 0.008873280,-0.00026611, 0.0017389,-0.0000647, 0.0128106,buy
2017-06-09,0,0,1.98,0, 0.006840047,-0.01209397,-0.0115639,-0.0099235,-0.0024519,sell
2017-06-10,0,0,1.8,0,-0.012669916,-0.00653519,-0.0112474,-0.0189325,-0.0128247,sell
2017-06-11,0,0,1.33,0,-0.006642054,-0.00664205,-0.0036844,-0.0056793,-0.0130626,sell
2017-06-12,0.5,0,0.97,0,-0.011045816,-0.01484860,-0.0197431,-0.0141220,-0.0185653,sell
2017-06-13,1.77,0.05,1.3,0.28, 0.015150134, 0.01207412, 0.0157710, 0.0164870, 0.0102753,buy
2017-06-14,0.96,0.13,2.48,0.39, 0.002595282, 0.00472375, 0.0051010, 0.0153390, 0.0043254,buy
2017-06-15,0,0.2,1.79,0.08, 0.004364715, 0.01486414, 0.0115544, 0.0134111, 0.0111323,buy
2017-06-16,0,0.12,0.45,0,-0.000910813, 0.00800154,-0.0012607,-0.0018359, 0.0050315,buy
2017-06-17,0,0.09,1.02,0,-0.009550903,-0.00960154,-0.0091303,-0.0098233,-0.0090989,sell
2017-06-18,0,0.2,2.52,0,-0.010095092, 0.00738880, 0.0016674,-0.0091626,-0.0140816,buy
2017-06-19,0,0.13,3.92,0,-0.000550619,-0.00055062,-0.0057041, 0.0022291,-0.0005506,buy
2017-06-20,0,0,4.63,0,-0.009336807, 0.00171902,-0.0042100, 0.0038769,-0.0030143,buy
2017-06-21,0,0,1.71,0, 0.007420638, 0.01449513, 0.0139492, 0.0139492, 0.0099484,buy
2017-06-22,0.46,0,0.43,0.18,-0.017556657,-0.01898477,-0.0091480,-0.0113199,-0.0161871,sell
2017-06-23,1.67,0,0,0.32, 0.009923064, 0.01065747, 0.0094612, 0.0064284, 0.0091976,buy
2017-06-24,2.63,0,0,0.55,-0.006286819,-0.00628682,-0.0032443,-0.0098196,-0.0072437,sell
2017-06-25,2.49,0,0,0.77,-0.010076863,-0.00417216,-0.0022232,-0.0082958,-0.0071856,sell
2017-06-26,2.15,0,0,0.76,-0.007084108,-0.00388099, 0.0025974, 0.0003600,-0.0040978,sell
2017-06-27,2.78,0,0,0.79,-0.007021372,-0.00558689,-0.0017035,-0.0067239,-0.0070808,sell
2017-06-28,2.4,0,0,0.48,-0.010377244,-0.00404536, 0.0030452, 0.0072997, 0.0030452,buy
2017-06-29,0.36,0.22,0,0.07,-0.010015497,-0.01001550,-0.0085163,-0.0054063,-0.0097530,sell
2017-06-30,0,0.27,0,0,-0.006480690,-0.00420086,-0.0120755,-0.0030394,-0.0082764,sell
2017-07-01,0,0.17,0,0, 0.002832124, 0.00546219, 0.0049885, 0.0107242, 0.0055567,buy
2017-07-02,0,0.2,0,0,-0.017756793,-0.00125373,-0.0170058,-0.0145575,-0.0068246,sell
2017-07-03,0.31,0.15,0,0.07,-0.002288409, 0.01418767,-0.0005648,-0.0039783,-0.0040365,sell
2017-07-04,0.72,0.08,0.36,0.51, 0.006257139, 0.01226731, 0.0126634, 0.0122768, 0.0103626,buy
2017-07-05,1.69,0.04,0.72,0.75,-0.013163771, 0.00118310, 0.0061079,-0.0019808, 0.0013005,buy
2017-07-06,1.78,0,1.39,0.48,-0.002765489, 0.00043563,-0.0033403,-0.0044104,-0.0002308,buy
2017-07-07,0.78,0,1.98,0.2, 0.007336680, 0.00977798, 0.0106493, 0.0106493, 0.0111843,buy
2017-07-08,0.33,0.07,1.53,0.09, 0.011994662, 0.01590540, 0.0147503, 0.0108744, 0.0152526,buy
2017-07-09,0,0.16,0.86,0,-0.005505163, 0.00466946,-0.0065344,-0.0017129, 0.0048420,buy
2017-07-10,0,0.2,0.49,0,-0.012146039, 0.01549084, 0.0154908, 0.0090553, 0.0151651,buy
2017-07-11,0,0.1,0,0, 0.013424804, 0.00933172, 0.0083255, 0.0075547, 0.0091571,buy
2017-07-12,0,0.04,0,0,-0.006532196,-0.01014214,-0.0088278,-0.0084422,-0.0093535,sell
2017-07-13,0,0,0.61,0,-0.008594353,-0.00727242,-0.0063590,-0.0082346,-0.0022315,buy
2017-07-14,0,0,1.98,0.07, 0.003763677, 0.00540237, 0.0143081, 0.0088795, 0.0116744,buy
2017-07-15,0,0,1.67,0.19, 0.010752450, 0.01572067, 0.0072146, 0.0115081, 0.0073495,buy
2017-07-16,0.32,0,0.47,0.42,-0.016635695,-0.01644490,-0.0129346, 0.0008096,-0.0164449,sell
2017-07-17,0.81,0,0,0.77,-0.006558694, 0.00218787, 0.0021141, 0.0015968, 0.0018284,buy
2017-07-18,2.41,0,0,0.74,-0.010940900,-0.00526402,-0.0018928,-0.0078053,-0.0073367,sell
2017-07-19,3.33,0,0,0.5, 0.006380978, 0.00638098, 0.0073390, 0.0065405, 0.0061062,buy
2017-07-20,2.02,0,0,0.51,-0.008658257,-0.01294933,-0.0106630,-0.0106446,-0.0098228,sell
2017-07-21,0.4,0,0,0.48,-0.001185391, 0.00630537, 0.0053128,-0.0015472,-0.0006937,buy
2017-07-22,0,0.03,0,0.17, 0.005721981, 0.00067250, 0.0045558, 0.0132645,-0.0038869,buy
2017-07-23,0.83,0.1,0,0.07,-0.003846750,-0.00906400,-0.0046309, 0.0037414,-0.0037351,sell
2017-07-24,1.77,0.2,0,0, 0.004569878,-0.00366842,-0.0000245,-0.0007351, 0.0051673,buy
2017-07-25,1.29,0.13,0,0, 0.001607875,-0.00358379,-0.0049964, 0.0081514,-0.0062874,buy
2017-07-26,0.47,0.05,0,0, 0.000311617,-0.00082463,-0.0004082,-0.0003948, 0.0019878,buy
2017-07-27,0,0,0,0,-0.015882254,-0.00809743,-0.0102511,-0.0135128,-0.0168749,sell
2017-07-28,0,0,0.49,0,-0.004139892,-0.00098160,-0.0031227,-0.0010235,-0.0115257,sell
2017-07-29,0,0,1.36,0, 0.023816543, 0.02603730, 0.0080121, 0.0083624, 0.0057091,buy
2017-07-30,0,0,2,0,-0.006656493,-0.00576342,-0.0057588,-0.0057588, 0.0128930,buy
2017-07-31,0,0,1.02,0,-0.000299898,-0.00582011,-0.0112544,-0.0076986,-0.0115952,sell
2017-08-01,0,0,0.36,0, 0.004209941, 0.00219338,-0.0013176, 0.0024829,-0.0006570,buy
2017-08-02,0,0,0,0,-0.004000663,-0.00188471,-0.0016851,-0.0018847,-0.0024879,buy
2017-08-03,0,0,0,0, 0.004673277, 0.00467328, 0.0052280, 0.0046733, 0.0060040,buy
2017-08-04,0,0,0,0,-0.004312895,-0.01083494,-0.0003892, 0.0011925,-0.0082576,sell
2017-08-05,0,0,0,0,-0.009593766,-0.01136908,-0.0079262,-0.0072882,-0.0095005,sell
2017-08-06,0,0,0.35,0,-0.004904061,-0.00261961,-0.0025440,-0.0025440,-0.0119159,sell
2017-08-07,0,0,0.65,0,-0.009650874,-0.01083101,-0.0108965,-0.0108965,-0.0113285,sell
2017-08-08,0,0,2.36,0,-0.003338917,-0.00333892,-0.0134296, 0.0017831,-0.0003277,buy
2017-08-09,0,0,4.41,0,-0.006637123,-0.00627732,-0.0082940,-0.0012013,-0.0053540,sell
2017-08-10,0.47,0,5.73,0,-0.007148431,-0.00678583,-0.0071089,-0.0117930,-0.0071484,sell
2017-08-11,1.71,0.04,3.96,0,-0.001253817, 0.00541984, 0.0041762, 0.0041762, 0.0041762,buy
2017-08-12,2.58,0.04,1.87,0,-0.010236950,-0.01748030,-0.0127546,-0.0170048,-0.0312502,sell
2017-08-13,2.59,0.08,0.44,0, 0.006292705, 0.00249581, 0.0026686, 0.0089090, 0.0062927,buy
2017-08-14,1.62,0.16,0,0, 0.003657545, 0.00032926, 0.0036740, 0.0059363, 0.0030586,buy
2017-08-15,0.68,0.24,0,0.12, 0.003804030,-0.00328249, 0.0060138,-0.0044602, 0.0068395,buy
2017-08-16,0,0.11,0.42,0.3, 0.006910143, 0.00765010, 0.0106784, 0.0065409, 0.0069101,buy
2017-08-17,0,0.04,0.63,0.4, 0.000402045,-0.01151510,-0.0069834,-0.0070420,-0.0070420,sell
2017-08-18,0,0,0.96,0.21,-0.001691913, 0.00304085, 0.0046402,-0.0020699,-0.0016919,buy
2017-08-19,0.98,0,1.46,0.08,-0.012211003,-0.01146604,-0.0065832,-0.0138142,-0.0125320,sell
2017-08-20,2.1,0,1.98,0,-0.012559507,-0.01162287,-0.0133267,-0.0052556,-0.0033776,sell
2017-08-21,3.05,0,1.75,0,-0.006330697,-0.00868677,-0.0103109,-0.0099749,-0.0082023,sell
2017-08-22,2.73,0,1.16,0, 0.000866219, 0.00226072,-0.0018360,-0.0002261,-0.0018360,buy
2017-08-23,1.8,0,0.77,0.16, 0.007339931,-0.00171474, 0.0030105, 0.0044220,-0.0011788,buy
2017-08-24,0.79,0,0.51,0.4,-0.010244583,-0.00269646,-0.0003168,-0.0070524,-0.0039711,sell
2017-08-25,0.44,0,0,0.32,-0.001168598, 0.00041848,-0.0022006,-0.0045972,-0.0024580,buy
2017-08-26,0,0,0,0.11, 0.005240688, 0.00705802, 0.0076600, 0.0065610, 0.0108648,buy
2017-08-27,0,0,0,0, 0.006436498, 0.00643650, 0.0062931, 0.0064365, 0.0075805,buy
2017-08-30,0.4,0,0,0, 0.005571317, 0.00608704, 0.0048641, 0.0050851, 0.0060039,buy
2017-08-31,1.15,0,0,0, 0.009945211, 0.00653197, 0.0015545, 0.0015051, 0.0065424,buy
2017-09-01,1.97,0,0,0,-0.016534449,-0.01653445,-0.0146342,-0.0156719,-0.0140971,sell
2017-09-02,2.75,0,0,0, 0.001489340, 0.00016824, 0.0069957, 0.0001681,-0.0109218,buy
2017-09-03,2.53,0.06,0,0,-0.003282225,-0.01116580,-0.0071409,-0.0047417,-0.0090605,sell
2017-09-04,2.08,0.16,0,0, 0.005338094, 0.00271420, 0.0037532,-0.0005656, 0.0071318,buy
2017-09-05,1.75,0.2,0,0, 0.009090684, 0.00044469, 0.0053307, 0.0021099, 0.0054510,buy
2017-09-06,1.31,0.1,0,0,-0.008399367,-0.00219651,-0.0086385,-0.0053207,-0.0009955,buy
2017-09-07,1.6,0.04,0,0,-0.008584030,-0.00463339,-0.0142570,-0.0085840,-0.0054227,sell
2017-09-08,2.01,0,0,0,-0.003882789,-0.00765491,-0.0087445,-0.0074241, 0.0034006,buy
2017-09-09,2.33,0,0,0, 0.007967418, 0.01623398, 0.0132295, 0.0163873, 0.0173053,buy
2017-09-10,1.43,0,0,0, 0.022902023, 0.00570633,-0.0022191, 0.0097809, 0.0099783,buy
2017-09-11,1.04,0,0,0, 0.009525528, 0.00942488, 0.0104427, 0.0099253, 0.0100446,buy
2017-09-12,1.66,0,0,0.15, 0.002581301, 0.00245779, 0.0024578,-0.0011671, 0.0038368,buy
2017-09-13,1.78,0,0.37,0.35, 0.007761614, 0.01592277, 0.0151093, 0.0034196, 0.0047753,buy
2017-09-14,0.65,0,0.92,0.4, 0.008132480, 0.00201879, 0.0060992, 0.0100397,-0.0035354,buy
2017-09-15,0,0,1.98,0.19,-0.005219225,-0.00108012,-0.0058309,-0.0047184,-0.0060569,sell
2017-09-16,0.46,0,1.7,0.08,-0.003527293, 0.00613489, 0.0053796,-0.0051030,-0.0097991,buy
2017-09-17,1.4,0,0.69,0, 0.002264616,-0.00187478,-0.0013034,-0.0013034, 0.0011023,buy
2017-09-18,1.77,0.03,0,0, 0.003460487, 0.00346049, 0.0038969, 0.0033046,-0.0004602,buy
2017-09-19,0.72,0.15,0,0, 0.007266209, 0.00468115, 0.0079334, 0.0043373, 0.0033775,buy
2017-09-20,0,0.2,0,0,-0.017756793,-0.00125373,-0.0170058,-0.0145575,-0.0068246,sell
2017-09-21,0.53,0.1,0,0, 0.004761869, 0.00517952, 0.0017505, 0.0041569, 0.0049672,buy
2017-09-22,1.8,0.07,0,0, 0.001148537, 0.00270549, 0.0000671,-0.0062710,-0.0002759,buy
2017-09-23,1.22,0.12,0,0,-0.002452969,-0.00553049,-0.0040898,-0.0074277,-0.0058343,sell
2017-09-24,0,0.2,0,0.14, 0.001517143, 0.00106814, 0.0097357,-0.0028637, 0.0006409,buy
2017-09-25,0,0.18,0,0.39,-0.009537165,-0.00898583,-0.0119653,-0.0125655,-0.0156468,sell
2017-09-26,0,0.1,0,0.22,-0.009445687,-0.01361425,-0.0047378,-0.0083312,-0.0063954,sell
2017-09-27,0,0.06,0,0, 0.009442108, 0.00573862, 0.0044876, 0.0110867, 0.0080063,buy
2017-09-28,0.33,0.06,0,0, 0.002199524, 0.00363537, 0.0038756, 0.0037716, 0.0066680,buy
2017-09-29,0.57,0.19,0,0, 0.007545621, 0.00478956, 0.0096367, 0.0047896, 0.0013052,buy
2017-09-30,1.01,0.2,0,0, 0.012825690, 0.01304130, 0.0153322, 0.0134073, 0.0134184,buy
2017-10-01,1.77,0.07,0,0, 0.003282586, 0.00416084, 0.0038417,-0.0004552,-0.0016869,buy
2017-10-02,2.5,0,0,0,-0.004491706, 0.01147464,-0.0016111,-0.0044077,-0.0054939,buy
2017-10-03,2.8,0,0,0, 0.008851930,-0.00362575, 0.0047280,-0.0004483, 0.0031055,buy
2017-10-04,2.02,0,0,0, 0.005298235, 0.00575502, 0.0110982,-0.0012937, 0.0089884,buy
2017-10-05,0.81,0,0,0,-0.001255554, 0.00159964, 0.0029935,-0.0049858, 0.0033616,buy
2017-10-06,0,0,0,0.08, 0.001895875, 0.00377809, 0.0014762, 0.0027990, 0.0033415,buy
2017-10-07,0,0,0,0.22, 0.012063675, 0.00543260, 0.0032683, 0.0038892, 0.0150339,buy
2017-10-08,0,0,0,0.84,-0.001036869,-0.00990019,-0.0085035, 0.0051118, 0.0045063,buy
2017-10-09,0,0,0,1.21, 0.010809593, 0.00412061, 0.0064673, 0.0066110, 0.0064042,buy
2017-10-10,0,0,0,0.97, 0.008861304,-0.00342547, 0.0087791, 0.0088613, 0.0088613,buy
2017-10-11,0,0,0.37,0.57,-0.008101088,-0.00129027,-0.0012903,-0.0020236,-0.0012903,buy
2017-10-12,0,0,1.57,0.39, 0.005975649, 0.00529625, 0.0052963, 0.0029615, 0.0075785,buy
2017-10-13,0,0,2,0.2, 0.008019823, 0.00249180, 0.0091138, 0.0031866, 0.0063743,buy
2017-10-14,0,0.11,1.15,0.12, 0.001075451, 0.00764411, 0.0076067, 0.0047158, 0.0072559,buy
2017-10-15,0,0.2,1.33,0.07, 0.005912060, 0.01106113, 0.0071318, 0.0139448, 0.0106035,buy
2017-10-16,0,0.07,1.98,0, 0.010890234, 0.01251270, 0.0135291, 0.0070151, 0.0007885,buy
2017-10-17,0,0.04,1.29,0, 0.004833669,-0.00308867,-0.0030887,-0.0021703,-0.0003197,buy
2017-10-18,0,0.1,0.57,0,-0.000546977, 0.00440914, 0.0045421,-0.0005470,-0.0064277,buy
2017-10-19,0,0.2,0,0, 0.004207375, 0.00120648, 0.0113265, 0.0064732, 0.0055060,buy
2017-10-20,0,0.16,0,0, 0.000278517, 0.00279225,-0.0013266, 0.0063165,-0.0005536,buy
2017-10-21,0,0.06,0,0, 0.000691381, 0.00523961, 0.0042317, 0.0042317, 0.0088280,buy
2017-10-23,0.66,0,0,0, 0.000799664, 0.00878309, 0.0099555, 0.0017950,-0.0000100,buy
2017-10-24,1.8,0,0,0,-0.015876231,-0.01587623,-0.0154065,-0.0150594,-0.0129734,sell
2017-10-25,1.12,0,0,0, 0.017111470, 0.01647737, 0.0047790, 0.0200338, 0.0068473,buy
2017-10-26,0,0,0.4,0.11, 0.002780985, 0.00685887, 0.0143508, 0.0049049, 0.0146553,buy
2017-10-27,0,0,1.56,0.33,-0.004616109, 0.00920000, 0.0077376,-0.0028995,-0.0039693,buy
2017-10-28,0,0,1.95,0.39, 0.010393999, 0.00184426,-0.0055228,-0.0082222, 0.0018443,buy
2017-10-29,0,0,0.63,0.16, 0.005448285, 0.00061214,-0.0001135,-0.0082429, 0.0030033,buy
2017-10-30,0,0,0,0, 0.004843919, 0.00022092, 0.0032391, 0.0037647, 0.0047132,buy
2017-10-31,0,0,0,0,-0.004015453, 0.00042960, 0.0020313,-0.0024263, 0.0004430,buy
2017-11-01,0.34,0,0.48,0,-0.015229631,-0.00538964,-0.0004863,-0.0126500,-0.0053766,sell
2017-11-02,0.84,0.05,1.34,0, 0.004752784, 0.00452584, 0.0025548, 0.0080370, 0.0082702,buy
2017-11-03,1.77,0.15,1.96,0,-0.000440728, 0.00603120, 0.0056806, 0.0167499, 0.0031010,buy
2017-11-04,1.51,0.2,1.02,0,-0.011100242,-0.00637425,-0.0160049,-0.0029339,-0.0080858,sell
2017-11-05,0.61,0.08,0.37,0,-0.001186773,-0.00201308,-0.0012872, 0.0033815, 0.0034115,buy
2017-11-07,0,0,0.52,0, 0.007731354, 0.01737051, 0.0077846, 0.0074393, 0.0083417,buy
2017-11-08,0,0,1.24,0,-0.001102264,-0.00056795, 0.0037769, 0.0046806, 0.0040005,buy
2017-11-09,0,0,1.98,0, 0.006840047,-0.01209397,-0.0115639,-0.0099235,-0.0024519,sell
2017-11-10,0,0,1.29,0,-0.014920407,-0.01459662,-0.0099229,-0.0081507,-0.0082743,sell
2017-11-11,0,0,0.54,0,-0.002225881, 0.00204191, 0.0001172, 0.0023990, 0.0037909,buy
2017-11-12,0,0,0,0.12,-0.000880050, 0.01431695,-0.0010215, 0.0023687,-0.0071559,buy
2017-11-13,0,0,0,0.4, 0.009602132, 0.00162319, 0.0092960, 0.0097470, 0.0010531,buy
2017-11-14,0,0,0.41,0.38, 0.001754925,-0.00745716, 0.0017549, 0.0022842,-0.0042592,sell
2017-11-15,0.84,0,0.76,0.11, 0.015763550, 0.01272551, 0.0051680, 0.0128083, 0.0046136,buy
2017-11-16,1.77,0,1.38,0.1,-0.000719789,-0.00071979, 0.0057243,-0.0007198,-0.0054211,sell
2017-11-17,1.19,0,1.98,0.17,-0.004504380, 0.00192638, 0.0019264, 0.0017012, 0.0017012,buy
2017-11-18,0.39,0,1.59,0.3, 0.018103903, 0.02254735, 0.0179989, 0.0221808, 0.0169283,buy
2017-11-19,0,0,1.29,0.4, 0.004831207, 0.00477003, 0.0050751, 0.0024829, 0.0112788,buy
2017-11-20,0,0,1.67,0.31, 0.001957140, 0.00412309,-0.0002120, 0.0047176,-0.0037460,buy
2017-11-21,0,0,1.96,0.18, 0.007321344, 0.00234642, 0.0058220, 0.0037804, 0.0128473,buy
2017-11-22,0,0,1.12,0.1,-0.008277654,-0.00937379,-0.0068067,-0.0093738,-0.0068455,sell
2017-11-23,0.47,0,0.38,0,-0.001212639,-0.00103412,-0.0012126,-0.0015562,-0.0034267,buy
2017-11-24,1.17,0,0,0, 0.009945211, 0.00555415, 0.0037516, 0.0037022, 0.0038172,buy
2017-11-25,1.8,0,0,0,-0.014878442,-0.01487844,-0.0146975,-0.0144606,-0.0130628,sell
2017-11-26,1.14,0,0,0, 0.008600134, 0.00823247, 0.0018492, 0.0192737, 0.0032292,buy
2017-11-27,0.53,0,0,0, 0.002605087, 0.01000126, 0.0044820, 0.0061638, 0.0079720,buy
2017-11-28,0,0.05,0,0, 0.010062744, 0.00687542, 0.0080248, 0.0123584, 0.0068710,buy
2017-11-29,0,0.08,0,0, 0.001290330, 0.00442112, 0.0124161,-0.0010915, 0.0066017,buy
2017-11-30,0,0.15,0,0, 0.005099662,-0.00036817, 0.0049185, 0.0027183,-0.0127205,buy
2017-12-01,0,0.2,0,0.1, 0.004202035, 0.00384711, 0.0105619, 0.0054145, 0.0048874,buy
2017-12-02,0,0.14,0,0.25, 0.006778478,-0.00010359, 0.0106053,-0.0017101, 0.0021110,buy
2017-12-03,0,0.08,0.53,0.4,-0.000298191,-0.01073078,-0.0002982, 0.0021792,-0.0000266,buy
2017-12-04,0,0.04,1.22,0.25, 0.007371332,-0.01305806,-0.0130581,-0.0126606,-0.0120443,sell
2017-12-05,0,0,2.25,0.1, 0.012642250, 0.01527881, 0.0126423, 0.0126423, 0.0086407,buy
2017-12-06,0,0,3.98,0,-0.009926052,-0.00160844, 0.0014713,-0.0005600,-0.0027043,buy
2017-12-07,0,0,3.26,0, 0.001625477, 0.00392614, 0.0014253,-0.0003985, 0.0034353,buy
2017-12-08,0.44,0,1.59,0, 0.008906147, 0.00890615, 0.0043723, 0.0088681, 0.0089061,buy
2017-12-09,1.14,0,0.76,0.2,-0.000523941, 0.00754979, 0.0002316, 0.0007229, 0.0111037,buy
2017-12-10,1.77,0,0.48,0.4, 0.007586108, 0.00010813, 0.0017673,-0.0005180,-0.0001374,buy
2017-12-11,0.92,0,0,0.25, 0.004539050, 0.00033467,-0.0011177, 0.0019471,-0.0008490,buy
2017-12-12,0,0,0,0.08,-0.002471755, 0.00407214,-0.0027888,-0.0022464,-0.0025348,buy
2017-12-13,0,0,0,0,-0.004520316,-0.00314621,-0.0028734,-0.0000311,-0.0073409,sell
2017-12-14,0.44,0,0,0,-0.003186596,-0.00523504,-0.0001759,-0.0006645,-0.0001759,buy
2017-12-15,1.12,0,0,0, 0.007605144, 0.00141294, 0.0076051,-0.0046695,-0.0009915,buy
2017-12-16,1.77,0,0,0,-0.009177216,-0.00917722,-0.0081657,-0.0088822,-0.0053362,sell
2017-12-17,1.11,0,0,0, 0.011395942, 0.00827418, 0.0056562, 0.0076126, 0.0085241,buy
2017-12-18,0.44,0,0,0, 0.003117470, 0.00785964, 0.0022155,-0.0099861,-0.0035579,buy
2017-12-19,0.57,0,0,0,-0.001298267, 0.00471318, 0.0000408, 0.0001296, 0.0052186,buy
2017-12-20,1.78,0,0,0.09,-0.010657024,-0.00968162, 0.0023892,-0.0039429,-0.0102547,sell
2017-12-21,1.74,0,0,0.11, 0.006130295, 0.00724844, 0.0061303, 0.0025635,-0.0022065,buy
2017-12-22,0.56,0,0,0.13, 0.010242553, 0.00145352, 0.0052077,-0.0015894, 0.0014535,buy
2017-12-23,0,0,0,0.13, 0.015820976, 0.01237320, 0.0124411, 0.0158210, 0.0158210,buy
2017-12-24,0.31,0,0,0.12,-0.005691225, 0.00128348,-0.0056912,-0.0016105,-0.0080081,sell
2017-12-25,0.53,0,0,0.1, 0.008636147, 0.00606627, 0.0077516, 0.0030128, 0.0060663,buy
2017-12-26,0.9,0,0,0.08,-0.005372226,-0.00537223,-0.0053722,-0.0014655,-0.0018033,buy
2017-12-27,1.53,0,0,0,-0.006183722,-0.00618372,-0.0061837,-0.0045932,-0.0119979,sell
2017-12-28,1.8,0,0,0,-0.003783305,-0.00106707,-0.0079002,-0.0080978,-0.0020795,buy
2017-12-29,1.19,0,0,0, 0.010585747, 0.00574328, 0.0056007, 0.0050909, 0.0054872,buy
2017-12-30,0.7,0,0,0,-0.004285270,-0.00229146,-0.0014917,-0.0053394,-0.0042962,sell
2017-12-31,0.41,0,0.56,0, 0.000156819, 0.00572687, 0.0145505, 0.0059689, 0.0026511,buy
2018-01-01,0,0,1.34,0,-0.003216754,-0.00323119,-0.0045321, 0.0044795,-0.0038482,sell
2018-01-02,0,0,2.83,0, 0.000125614,-0.00936090,-0.0040168,-0.0046698,-0.0080521,sell
2018-01-03,0,0,3.15,0,-0.002212764,-0.00281391,-0.0147373,-0.0077734,-0.0028139,buy
2018-01-04,0,0,1.97,0,-0.005867700, 0.00003908,-0.0058677,-0.0058677, 0.0131800,buy
2018-01-05,0.6,0,1.37,0, 0.002786054, 0.00309388, 0.0076111,-0.0016694, 0.0021640,buy
2018-01-06,1.75,0,2.74,0, 0.000965086, 0.00037735,-0.0033823, 0.0163363, 0.0047762,buy
2018-01-07,1.77,0,5.14,0, 0.005176713,-0.00122421, 0.0062806, 0.0198017, 0.0062806,buy
2018-01-08,0.59,0,8.45,0,-0.003464229,-0.00377851,-0.0034642,-0.0033523,-0.0034642,buy
2018-01-09,0,0,8.45,0,-0.003698858,-0.00438985,-0.0026155,-0.0004067,-0.0036989,buy
2018-01-10,0,0,6.11,0, 0.008512967, 0.00251757, 0.0080825, 0.0149373, 0.0080825,buy
2018-01-11,0,0,3.21,0, 0.007551918,-0.00343560, 0.0033509, 0.0106937, 0.0079179,buy
2018-01-12,0,0,2.04,0.23,-0.006135102,-0.01523697,-0.0062961,-0.0048330,-0.0151649,sell
2018-01-13,0,0,1.08,0.58,-0.008445665,-0.00100621,-0.0027609,-0.0058381, 0.0022366,buy
2018-01-14,0,0,0.53,0.72, 0.007508204, 0.00672980, 0.0107374, 0.0156987, 0.0156987,buy
2018-01-15,0,0,0.37,0.47, 0.002164158, 0.00003498, 0.0021642,-0.0013329, 0.0039161,buy
2018-01-16,0,0,0,0.14, 0.013080165,-0.00140028, 0.0130802, 0.0142063, 0.0004126,buy
2018-01-17,0,0,0.55,0, 0.007120287, 0.00839844, 0.0025600, 0.0113769, 0.0043384,buy
2018-01-18,0,0,1.6,0, 0.010936219, 0.00369131, 0.0078224, 0.0076437, 0.0147838,buy
2018-01-19,0,0,3.76,0, 0.003255766,-0.00357272,-0.0010684,-0.0005758,-0.0096408,buy
2018-01-20,0,0,4.1,0, 0.013880431, 0.00482168,-0.0015590, 0.0055083,-0.0068273,buy
2018-01-21,0,0,2.07,0, 0.003797656,-0.00255910, 0.0033469, 0.0017854, 0.0081984,buy
2018-01-22,0,0,1.44,0, 0.010094738, 0.00895243, 0.0146302, 0.0126787, 0.0069066,buy
2018-01-23,0,0,1.63,0, 0.003663441, 0.00398455,-0.0034982, 0.0043517, 0.0036634,buy
2018-01-24,0,0,3.02,0,-0.008072834,-0.00720300,-0.0022443,-0.0001773,-0.0077407,sell
2018-01-25,0,0,3.41,0, 0.001928866, 0.00688057, 0.0068806,-0.0029622, 0.0072798,buy
2018-01-26,0,0,1.93,0, 0.005847633, 0.00298584, 0.0009640,-0.0025555, 0.0024377,buy
2018-01-27,0,0,0.54,0.25,-0.000246283,-0.00189670,-0.0037131,-0.0041713,-0.0027712,buy
2018-01-28,0,0,0,0.4, 0.006988264,-0.00461252, 0.0091831,-0.0038753,-0.0001142,buy
2018-01-29,0,0,0,0.15,-0.012430057,-0.01118464,-0.0113481,-0.0169348,-0.0128950,sell
2018-02-01,0,0,0.43,0,-0.005692611,-0.00394202, 0.0002404, 0.0053389,-0.0018542,buy
2018-02-02,0,0,1.05,0.11,-0.011990413,-0.01067528,-0.0110436,-0.0106753,-0.0031753,sell
2018-02-03,0,0,2,0.3,-0.012727190,-0.01830940,-0.0116520,-0.0152037,-0.0188481,sell
2018-02-04,0,0,1.48,0.4, 0.006193037, 0.00447742, 0.0044774, 0.0035480, 0.0083919,buy
2018-02-05,0,0,1.84,0.19, 0.015930621, 0.01718160, 0.0164819, 0.0173268, 0.0202776,buy
2018-02-06,0,0,3.71,0, 0.002495622,-0.00135899,-0.0021518, 0.0018011,-0.0092666,buy
2018-02-07,0,0,3.94,0, 0.012581535,-0.00395948,-0.0021202,-0.0032729,-0.0073056,sell
2018-02-08,0,0,1.38,0.07,-0.014263598,-0.02014090,-0.0009929,-0.0209869,-0.0201409,sell
2018-02-09,0,0,0,0.17, 0.000748457,-0.01034602,-0.0054439,-0.0036394,-0.0107149,sell
2018-02-10,0,0,0,0.4, 0.006988264,-0.00461252, 0.0091831,-0.0038753,-0.0001142,buy
2018-02-11,0,0,0,0.39,-0.006209060,-0.01165983,-0.0086963,-0.0095854,-0.0113114,sell
2018-02-12,0,0,0.74,0.26, 0.002006675,-0.00440337, 0.0057457, 0.0025819, 0.0025819,buy
2018-02-13,0,0,1.77,0.53, 0.000376156, 0.00037616,-0.0036845,-0.0081560, 0.0003762,buy
2018-02-14,0,0,3.38,0.48, 0.015905486, 0.02073300, 0.0166347, 0.0194236, 0.0235528,buy
2018-02-15,0,0,4.85,0.27,-0.002719825, 0.00179379,-0.0016801, 0.0020797,-0.0001658,buy
2018-02-16,0,0,3.43,0.31, 0.006246206,-0.00143162,-0.0044553, 0.0037352, 0.0031614,buy
2018-02-17,0,0,0.69,0.4,-0.006901325, 0.00088585, 0.0025000, 0.0046667, 0.0087017,buy
2018-02-18,0,0,0,0.31, 0.005188733, 0.00795257, 0.0051887, 0.0000826, 0.0116795,buy
2018-02-19,0,0,0,0.19, 0.000147402, 0.01329927, 0.0011198, 0.0003613,-0.0030127,buy
2018-02-20,0,0,0.48,0.11,-0.002187315, 0.00130306, 0.0058077,-0.0020249, 0.0136850,buy
2018-02-21,0,0,1.95,0.07,-0.011092415,-0.00759595,-0.0066162,-0.0066092,-0.0106155,sell
2018-02-22,0,0,1.57,0.09,-0.013618874,-0.01643642,-0.0114101,-0.0156903,-0.0164364,sell
2018-02-23,0,0,0.46,0.28,-0.010377210,-0.00581841,-0.0103772,-0.0121701,-0.0020747,sell
2018-02-24,0,0,1.04,0.55,-0.014933128,-0.00318555,-0.0085221,-0.0140727,-0.0073777,sell
2018-02-25,0,0,2.38,0.8, 0.010727364, 0.00989356, 0.0121600, 0.0051029, 0.0102612,buy
2018-02-26,0,0,2.8,0.58,-0.010089485,-0.00736484,-0.0012526,-0.0072839,-0.0007538,buy
2018-02-27,0.35,0,2.66,0.6,-0.005226433,-0.00709641,-0.0089782,-0.0091006,-0.0087547,sell
2018-02-28,1.03,0,2.43,0.87,-0.005561090,-0.00592055, 0.0078970,-0.0059205,-0.0056337,sell
2018-03-01,2.46,0,2.32,0.62,-0.001971890,-0.00176692,-0.0018419,-0.0017669,-0.0017669,buy
2018-03-02,2.81,0,0.53,0.13, 0.015834626, 0.01334223, 0.0133422, 0.0138972,-0.0042933,buy
2018-03-03,1.19,0,0,0, 0.000886008, 0.00279735, 0.0068232,-0.0102915, 0.0058473,buy
2018-03-04,0,0,0,0,-0.010868086,-0.01720530,-0.0138881,-0.0154730,-0.0174065,sell
2018-03-05,0,0,0,0, 0.003000258,-0.00545331, 0.0000415, 0.0029752, 0.0030003,buy
2018-03-06,0,0,0,0,-0.018772652,-0.01834900,-0.0185162,-0.0200324,-0.0188764,sell
2018-03-07,0.33,0,0,0, 0.001021820, 0.00630086, 0.0121929, 0.0057407, 0.0063285,buy
2018-03-08,0.55,0,0,0,-0.003763023, 0.00487582, 0.0010209, 0.0015722, 0.0043022,buy
2018-03-09,0.87,0,0.53,0.07, 0.015406318, 0.01520950, 0.0152095, 0.0126405, 0.0149083,buy
2018-03-10,1.41,0,1.25,0.27, 0.010932471, 0.02498773, 0.0119306, 0.0125960, 0.0135825,buy
2018-03-11,2.11,0,1.98,0.48,-0.004897952,-0.00327454,-0.0058807,-0.0039320,-0.0030883,buy
2018-03-12,2.21,0,1.28,0.48, 0.009602901, 0.00793101, 0.0097438, 0.0082174, 0.0073958,buy
2018-03-13,2.65,0,0.54,0.56,-0.005822375,-0.00582237, 0.0033640,-0.0113036,-0.0098691,sell
2018-03-14,2.11,0,0,0.54,-0.011730557,-0.01256791,-0.0151743,-0.0156493,-0.0130978,sell
2018-03-15,0.97,0,0,0.47, 0.012080158, 0.01618892, 0.0134431, 0.0119779,-0.0026043,buy
2018-03-16,0,0,0,0.29, 0.000958071, 0.00570141, 0.0000112,-0.0068768,-0.0024677,buy
2018-03-17,0,0,0,0.16, 0.022971550, 0.00495333, 0.0162699, 0.0231926, 0.0067616,buy
2018-03-18,0,0,0,0.09, 0.014513505, 0.01464830, 0.0142033, 0.0155235, 0.0155235,buy
2018-03-19,0,0,0,0.07,-0.005240210, 0.00284573,-0.0066234,-0.0060218, 0.0063621,buy
2018-03-20,0,0,0,0.1, 0.004404123, 0.00657435, 0.0071764, 0.0056652, 0.0094065,buy
2018-03-21,0,0,0,0.14, 0.009283335, 0.00212049, 0.0057127, 0.0106406, 0.0092833,buy
2018-03-22,0,0,0,0.34, 0.005067764, 0.00036635,-0.0032767,-0.0027754,-0.0078474,buy
2018-03-23,0,0,0,0.71,-0.026429920,-0.02261379,-0.0216307,-0.0120627,-0.0137294,sell
2018-03-24,0,0,0,0.79,-0.032942655,-0.02343261,-0.0283209,-0.0289218,-0.0175836,sell
2018-03-25,0,0,0,0.48,-0.008575898,-0.01096214,-0.0103104,-0.0129507,-0.0090644,sell
2018-03-26,0,0,0,0.24, 0.004269515, 0.00306971, 0.0041405,-0.0117278, 0.0033143,buy
2018-03-27,0,0,0,0.26, 0.009224164, 0.00839744, 0.0032285, 0.0090358, 0.0155375,buy
2018-03-28,0.4,0,0,0.34, 0.023330176, 0.01466769, 0.0057243, 0.0091071, 0.0217127,buy
2018-03-29,0.94,0,0,0.48, 0.021573837, 0.00915640, 0.0169728, 0.0197539, 0.0197539,buy
2018-03-30,1.8,0,0,0.28,-0.012695426,-0.01209153,-0.0126954,-0.0149122,-0.0153981,sell
2018-03-31,1.39,0,0,0.12, 0.006916541, 0.00373766, 0.0047967,-0.0024126, 0.0088807,buy
2018-04-01,0.59,0,0,0, 0.002047761, 0.00083565, 0.0019305,-0.0041703, 0.0021115,buy
2018-04-02,0,0,0,0.15,-0.008463480,-0.00734502,-0.0061566, 0.0077909,-0.0061566,buy
2018-04-03,0,0,0,0.41, 0.000383012,-0.00841008, 0.0037944,-0.0053668,-0.0084101,sell
2018-04-04,0,0,0,0.7, 0.014254967, 0.01191640, 0.0094460, 0.0169786, 0.0178011,buy
2018-04-05,0.32,0,0,0.57,-0.018596788,-0.01822161,-0.0212644,-0.0153216,-0.0182216,sell
2018-04-06,0.93,0,0,0.25,-0.015607356,-0.01329580,-0.0064924,-0.0138604,-0.0147050,sell
2018-04-07,1.77,0,0,0.13,-0.012695116,-0.01207701,-0.0046013,-0.0056508,-0.0120770,sell
2018-04-08,1.57,0,0,0.07, 0.004246519, 0.00820472, 0.0042414, 0.0087931, 0.0081886,buy
2018-04-09,1.19,0,0,0.13, 0.013652807, 0.01265511, 0.0044826, 0.0135029, 0.0126048,buy
2018-04-10,1.51,0,0.38,0.32, 0.006526255,-0.00951735, 0.0068047, 0.0017364, 0.0056942,buy
2018-04-11,1.8,0,1.51,0.4, 0.009141448, 0.01113007, 0.0116010, 0.0138601, 0.0143366,buy
2018-04-12,1.12,0,2.89,0.2, 0.014796077, 0.01515402, 0.0122639, 0.0073558, 0.0149865,buy
2018-04-13,0.61,0,2.87,0.08,-0.008614356,-0.00815110,-0.0081511,-0.0182204,-0.0081511,sell
2018-04-14,0.32,0,2.47,0, 0.002384937,-0.00013573,-0.0029984,-0.0062248, 0.0012951,buy
2018-04-15,0.32,0.04,1.78,0.08, 0.009403951, 0.00194864, 0.0022328,-0.0018732,-0.0018086,buy
2018-04-16,0.95,0.13,1.15,0.08,-0.015203453,-0.01039715,-0.0148075,-0.0117386,-0.0137254,sell
2018-04-17,1.8,0.2,0.75,0.08, 0.005414476, 0.00032370, 0.0045517, 0.0038405, 0.0095755,buy
2018-04-18,1.09,0.09,0.49,0.08,-0.007048095,-0.01061134,-0.0099746,-0.0070481,-0.0105705,sell
2018-04-19,0.37,0,0,0.07,-0.001474703,-0.00068636, 0.0030031, 0.0046348, 0.0046348,buy
2018-04-20,0,0,0.34,0, 0.014658051, 0.00341749, 0.0034871, 0.0039351, 0.0034072,buy
2018-04-21,0,0,0.58,0,-0.008091084,-0.00368525,-0.0041595,-0.0056003, 0.0011036,buy
2018-04-22,0.61,0,1.01,0, 0.005169828, 0.01079371, 0.0063322, 0.0107937, 0.0107937,buy
2018-04-23,1.31,0,1.75,0.11, 0.000391262,-0.00343915, 0.0003430, 0.0161876,-0.0026816,buy
2018-04-24,1.78,0,2,0.21,-0.008888261,-0.01250184, 0.0072638, 0.0089499,-0.0114831,buy
2018-04-25,1.1,0,1.3,0.39,-0.009955822,-0.01245678,-0.0124568,-0.0126729,-0.0179619,sell
2018-04-26,0.51,0,0.76,0.37,-0.006449773,-0.00262232, 0.0050383, 0.0010925,-0.0004043,buy
2018-04-27,0.49,0,0.45,0.18,-0.012852621,-0.01684642, 0.0006531,-0.0046826,-0.0163492,sell
2018-04-28,1.21,0,0,0.08, 0.012329554, 0.00156208, 0.0041869, 0.0102635, 0.0090104,buy
2018-04-29,1.8,0,0,0,-0.016196435,-0.01619644,-0.0143809,-0.0152618,-0.0125680,sell
2018-04-30,1.07,0,0,0, 0.004536326,-0.00759861,-0.0113333,-0.0071001,-0.0060334,sell
2018-05-01,0.44,0,0,0, 0.003117470, 0.00785964, 0.0022155,-0.0099861,-0.0035579,buy
2018-05-04,0,0,0.51,0, 0.013270334, 0.01737051, 0.0139179, 0.0144750, 0.0144750,buy
2018-05-05,0,0,1.18,0.08,-0.012465673,-0.02212695,-0.0106773,-0.0221270,-0.0195139,sell
2018-05-06,0,0,2,0.39, 0.010556235, 0.00464065, 0.0069344, 0.0002778, 0.0040260,buy
2018-05-07,0,0.07,1.4,0.8, 0.005836994,-0.00675180, 0.0027471, 0.0058370, 0.0074687,buy
2018-05-08,0,0.19,0.61,0.56,-0.024404175,-0.02890023,-0.0267027,-0.0285715,-0.0235141,sell
2018-05-09,0.32,0.2,0,0.13,-0.015664265,-0.01748321,-0.0091155,-0.0175463,-0.0164365,sell
2018-05-10,0.74,0.08,0,0.16, 0.013900753, 0.01141125, 0.0144801, 0.0139008, 0.0125344,buy
2018-05-11,1.78,0,0,0.32, 0.000377811,-0.00052359,-0.0018709, 0.0039427,-0.0019515,buy
2018-05-12,1.75,0,0,0.53,-0.006021873,-0.00995217,-0.0116356,-0.0096171,-0.0084662,sell
2018-05-13,0.73,0,0,0.46, 0.017782431, 0.00727986, 0.0050969, 0.0098073, 0.0098073,buy
2018-05-14,0.31,0,0,0.37,-0.011149413,-0.00758315,-0.0106458,-0.0003601,-0.0022506,buy
2018-05-15,0.86,0,0,0.36,-0.011842884,-0.00828160,-0.0078506,-0.0123410,-0.0102642,sell
2018-05-16,1.78,0,0,0.4,-0.000048670,-0.00217494,-0.0124152,-0.0030991,-0.0017327,buy
2018-05-17,1.34,0,0,0.32,-0.002417719,-0.00547796,-0.0018036,-0.0082671,-0.0082671,sell
2018-05-18,1.77,0,0.9,0.24, 0.009947905, 0.00559750, 0.0104524, 0.0082447, 0.0108124,buy
2018-05-19,1.12,0,1.96,0.18,-0.003051837, 0.00319079, 0.0031908, 0.0028888, 0.0028888,buy
2018-05-20,0.32,0,1.52,0.14, 0.009003171, 0.01423435, 0.0111818, 0.0090032, 0.0111818,buy
2018-05-21,0.55,0.06,0.54,0.1, 0.001108738,-0.01102844, 0.0011087, 0.0005626,-0.0017896,buy
2018-05-22,0.96,0.32,1.6,0.08, 0.002170783, 0.00818459, 0.0080303, 0.0067977, 0.0074991,buy
2018-05-23,1.66,0.38,1.96,0, 0.012323490, 0.01503464, 0.0130311, 0.0125376, 0.0150346,buy
2018-05-24,2.4,0.16,0.44,0,-0.007049572,-0.00696866,-0.0075829,-0.0061868,-0.0064403,sell
2018-05-25,2.84,0.14,0,0, 0.003488062, 0.00245855,-0.0052274, 0.0049595, 0.0005320,buy
2018-05-26,1.46,0.2,0,0, 0.011673016, 0.00370954, 0.0112788, 0.0017335, 0.0102541,buy
2018-05-27,0.36,0.09,0,0, 0.005818200, 0.00561533, 0.0064531, 0.0085107, 0.0134893,buy
2018-05-31,1.9,0,0,0,-0.002975185,-0.00428746,-0.0039164,-0.0038567,-0.0018965,buy
2018-06-01,4.74,0,0,0,-0.006012139, 0.00311292, 0.0031129,-0.0089803, 0.0085278,buy
2018-06-02,3.82,0,0,0, 0.000124325,-0.00168288,-0.0012236,-0.0004936,-0.0032368,buy
2018-06-03,1.27,0,0,0, 0.003003878, 0.01159415, 0.0068664, 0.0067281, 0.0058961,buy
2018-06-04,0.32,0.06,0,0, 0.000348925, 0.00283017, 0.0033426, 0.0005249,-0.0008444,buy
2018-06-05,0,0.17,0,0.25,-0.006200140,-0.00852771,-0.0079927,-0.0085438,-0.0033299,buy
2018-06-06,0,0.2,0,0.71, 0.007294442,-0.00021054, 0.0124788, 0.0058697,-0.0026580,buy
2018-06-07,0,0.08,0,0.58,-0.003275375,-0.01075650,-0.0110344,-0.0106297,-0.0149314,sell
2018-06-08,0,0,0,0.21, 0.012830646, 0.00602399, 0.0038566, 0.0124830, 0.0114283,buy
2018-06-09,0,0,0,0.09,-0.015637524,-0.01403997,-0.0026235, 0.0048603, 0.0050103,buy
2018-06-12,0,0.19,0.76,0,-0.003019848, 0.01235722, 0.0052906,-0.0017933, 0.0149341,buy
2018-06-13,0,0.16,1.95,0.12,-0.000661894, 0.00224840, 0.0106630, 0.0145392, 0.0004633,buy
2018-06-14,0,0,0.78,0.33,-0.009033962,-0.00861693,-0.0043672,-0.0062428,-0.0104326,sell
2018-06-15,0,0.16,0,0.39,-0.008716631,-0.00656117,-0.0069287,-0.0100896,-0.0100896,sell
2018-06-16,0,0.2,0,0.17,-0.007746231,-0.00649310,-0.0096156,-0.0084688,-0.0074168,sell
2018-06-17,0,0.04,0,0,-0.006532196,-0.01014214,-0.0088278,-0.0084422,-0.0093535,sell
2018-06-18,0.4,0.08,0,0,-0.000171041,-0.00238843,-0.0005159, 0.0052108, 0.0042180,buy
2018-06-19,1.75,0.24,0,0, 0.008751538, 0.00242657, 0.0032177, 0.0005487, 0.0074603,buy
2018-06-20,2.6,0.27,0,0, 0.012299624, 0.00741089, 0.0037840, 0.0023966, 0.0091253,buy
2018-06-21,1.8,0.26,0.69,0, 0.010805426,-0.00087913,-0.0029080,-0.0007438, 0.0016493,buy
2018-06-22,0.46,0.25,1.59,0, 0.002501240,-0.00325727, 0.0021753, 0.0086948,-0.0041010,buy
2018-06-23,0,0.25,2,0, 0.006849974, 0.00430459, 0.0063295, 0.0136744, 0.0043046,buy
2018-06-24,0,0.08,1.08,0.18, 0.002529985, 0.01504040, 0.0144667, 0.0027255, 0.0051447,buy
2018-06-25,0,0.05,0.48,0.4,-0.001637928,-0.01409176,-0.0086804,-0.0098350,-0.0098350,sell
2018-06-26,0,0.12,0,0.3, 0.010753856, 0.01123490, 0.0091047, 0.0085062, 0.0107539,buy
2018-06-27,0,0.2,0,0.1,-0.007721946,-0.00989811, 0.0025889,-0.0115182,-0.0089672,sell
2018-06-28,0,0.13,0,0,-0.003025076, 0.01261752,-0.0063748,-0.0030108,-0.0026523,buy
2018-06-29,0,0.05,0,0.19, 0.002875077, 0.00456992, 0.0002814, 0.0096284,-0.0033100,buy
2018-06-30,0,0,0,0.4, 0.006988264,-0.00461252, 0.0091831,-0.0038753,-0.0001142,buy
2018-07-01,0,0,0,0.22, 0.000496472,-0.00210139,-0.0056270,-0.0062607,-0.0127551,sell
2018-07-03,0.49,0,0,0, 0.006563664, 0.00476273, 0.0098016,-0.0003255, 0.0046754,buy
2018-07-04,2.01,0.1,0,0,-0.000210756, 0.00385637, 0.0031071,-0.0003653, 0.0076039,buy
2018-07-05,3.55,0.2,0,0,-0.000647918,-0.00120052,-0.0056491,-0.0037784,-0.0006479,buy
2018-07-06,2.68,0.11,0,0, 0.006905441, 0.00760433,-0.0057490, 0.0105764, 0.0069951,buy
2018-07-07,1.86,0,0,0.09,-0.013606094,-0.01500398,-0.0073792,-0.0067865,-0.0134749,sell
2018-07-08,1.78,0,0,0.26,-0.003610958, 0.00182626,-0.0047266,-0.0036381,-0.0048071,sell
2018-07-09,1.29,0,0,0.4,-0.007278416,-0.00297671,-0.0065048,-0.0067552,-0.0076516,sell
2018-07-10,1.11,0.06,0,0.22, 0.004525310, 0.00130413, 0.0023901, 0.0045253, 0.0013041,buy
2018-07-11,1.51,0.13,0,0.09, 0.000575497, 0.00043970,-0.0010461,-0.0129149, 0.0005716,sell
2018-07-12,2.23,0.2,0,0, 0.007511564, 0.00228092, 0.0091711, 0.0022807, 0.0081882,buy
2018-07-13,2.06,0.12,0,0,-0.007221596,-0.00106428,-0.0022519,-0.0013143, 0.0059024,buy
2018-07-14,1.78,0.05,0,0,-0.010071633,-0.00263972,-0.0066075,-0.0128888,-0.0064641,sell
2018-07-15,0.84,0,0,0, 0.003024332, 0.00802330, 0.0095854, 0.0056019, 0.0072238,buy
2018-07-18,0.48,0,0,0, 0.006563664, 0.00476273, 0.0050611,-0.0030851, 0.0007074,buy
2018-07-19,0.84,0,0,0, 0.003024332, 0.00802330, 0.0095854, 0.0056019, 0.0072238,buy
2018-07-20,1.34,0,0.52,0, 0.000315033, 0.01143089, 0.0000376, 0.0032090,-0.0003249,buy
2018-07-21,1.78,0,1.33,0, 0.012421095, 0.01198214, 0.0006824, 0.0076223, 0.0041395,buy
2018-07-22,1.56,0,1.96,0,-0.006010677,-0.01398800,-0.0078881,-0.0121762,-0.0093555,sell
2018-07-23,1.12,0.09,1.13,0.11,-0.006950158,-0.00364640,-0.0065240,-0.0056155, 0.0056241,buy
2018-07-24,0.86,0.2,0.45,0.26, 0.000399725, 0.00103464, 0.0011570, 0.0003997,-0.0024997,buy
2018-07-25,0.71,0.22,0,0.46,-0.003088119, 0.00186367, 0.0018709, 0.0007610, 0.0030634,buy
2018-07-26,1.27,0.21,0,0.35, 0.004391455, 0.00301033, 0.0020889,-0.0072101, 0.0023498,buy
2018-07-27,2.3,0.2,0,0.22,-0.019496527,-0.01298821,-0.0198116,-0.0196564,-0.0168817,sell
2018-07-28,2.54,0.08,0,0.24,-0.020298678, 0.00041032,-0.0253173,-0.0036073,-0.0004983,buy
2018-07-29,1.68,0,0,0.44,-0.006605465,-0.00344422,-0.0136639,-0.0040417,-0.0053018,sell
2018-07-30,1.31,0,0,0.63,-0.013850530,-0.00611880, 0.0041181,-0.0062379,-0.0094316,sell
2018-07-31,1.78,0,0,0.53,-0.010921039,-0.01406866,-0.0146715,-0.0143193,-0.0104046,sell
2018-08-01,1.66,0,0,0.48,-0.008661335,-0.00929630,-0.0113538,-0.0100845,-0.0034017,sell
2018-08-02,1.05,0,0,0.4,-0.002912124, 0.00513989, 0.0020678,-0.0064524,-0.0250319,sell
2018-08-03,0.62,0,0,0.32, 0.000879677, 0.00485017,-0.0027311, 0.0073344, 0.0049018,buy
2018-08-04,0.35,0,0,0.33, 0.002674655, 0.00211204,-0.0044356, 0.0032407, 0.0026747,buy
2018-08-05,0,0,0,0.38, 0.006479290, 0.00407850, 0.0045952,-0.0039875, 0.0041006,buy
2018-08-06,0.55,0,0,0.55,-0.003463928,-0.00176590,-0.0050577,-0.0026698, 0.0012095,buy
2018-08-07,1.68,0,0,0.52,-0.007075698,-0.01285948,-0.0064113,-0.0060441,-0.0058707,sell
2018-08-08,1.77,0,0,0.5,-0.001965582,-0.00416004,-0.0044248, 0.0012086,-0.0014567,buy
2018-08-09,0.61,0,0,0.68, 0.004292116,-0.00536630,-0.0020287, 0.0013018, 0.0013018,buy
2018-08-10,0,0,0,0.78,-0.024136496,-0.01578305,-0.0216739,-0.0186623,-0.0127324,sell
2018-08-11,0,0,0,0.57,-0.017734917,-0.00415584,-0.0104458,-0.0083365,-0.0104458,sell
2018-08-12,0,0,0,0.24, 0.004269515, 0.00306971, 0.0041405,-0.0117278, 0.0033143,buy
2018-08-13,0.43,0,0,0.12, 0.011465096,-0.00450099, 0.0041964, 0.0031064, 0.0031800,buy
2018-08-14,0.92,0,0,0,-0.008332680,-0.00695065,-0.0019750,-0.0030211,-0.0074409,sell
2018-08-15,1.8,0,0,0,-0.003783305,-0.00106707,-0.0079002,-0.0080978,-0.0020795,buy
2018-08-16,1.59,0,0.37,0,-0.009863248,-0.00180037,-0.0112995,-0.0018881,-0.0075230,sell
2018-08-17,0.75,0,1.04,0, 0.007741362, 0.00763833,-0.0033039, 0.0077414, 0.0050231,buy
2018-08-18,0.36,0,1.98,0,-0.006609781,-0.00458622,-0.0028997,-0.0045018,-0.0028027,buy
2018-08-19,0,0,1.46,0, 0.012518653, 0.00777834, 0.0130232, 0.0116398, 0.0119828,buy
2018-08-20,0,0,0.65,0,-0.011508339,-0.00063876,-0.0063737,-0.0066124,-0.0036804,sell
2018-08-23,0.72,0,0,0,-0.007019017,-0.00483298,-0.0042471,-0.0071430,-0.0060638,sell
2018-08-24,1.72,0,0,0.09,-0.006261050,-0.00806478, 0.0005553, 0.0008404,-0.0053923,sell
2018-08-25,3.56,0,0,0.27,-0.003894291,-0.00141010,-0.0025247,-0.0047348,-0.0044507,sell
2018-08-26,3.05,0,0,0.53, 0.003888268, 0.00388827, 0.0055582, 0.0041442, 0.0055621,buy
2018-08-27,1.27,0,0,0.66,-0.013057678,-0.00797831, 0.0026809,-0.0093394,-0.0089937,sell
2018-08-28,0,0,0,0.54,-0.007655135,-0.00268442,-0.0089920,-0.0104082,-0.0089920,sell
2018-08-29,0,0,0,0.27, 0.001400053, 0.00730835, 0.0053235,-0.0053351, 0.0003347,buy
2018-08-30,0,0,0,0.07, 0.013578105, 0.01284050, 0.0106998, 0.0131379, 0.0144280,buy
2018-08-31,0,0,0.35,0,-0.002652776, 0.00047859, 0.0012040,-0.0040614, 0.0045929,buy
2018-09-01,0,0,1.17,0,-0.009869639,-0.00643801,-0.0102425,-0.0107856,-0.0079786,sell
2018-09-02,0.51,0,2.17,0,-0.002848063, 0.00390692, 0.0039069,-0.0035983,-0.0025049,buy
2018-09-03,1.77,0,3.46,0, 0.005899520, 0.00805732, 0.0071709, 0.0103780, 0.0142363,buy
2018-09-04,1.68,0,3.4,0, 0.008524300, 0.00921986, 0.0112338, 0.0115543, 0.0177526,buy
2018-09-05,0.45,0.04,2.24,0.08,-0.020654351,-0.02632681,-0.0122205,-0.0180331,-0.0250070,sell
2018-09-06,1.72,0.1,1.01,0.15,-0.000182039, 0.00430474, 0.0010814, 0.0010814, 0.0060848,buy
2018-09-07,3.54,0.2,0.63,0.25,-0.017655292,-0.01099760,-0.0175333,-0.0152983,-0.0152983,sell
2018-09-08,1.39,0.16,0.41,0.4, 0.002885807, 0.00160260, 0.0023587,-0.0151434, 0.0006136,sell
2018-09-09,0.41,0.11,0.65,0.37, 0.013415413, 0.01287696, 0.0147769, 0.0147769, 0.0131201,buy
2018-09-10,0.99,0.08,1.88,0.23, 0.007520478, 0.00788373, 0.0017756, 0.0075205, 0.0094887,buy
2018-09-11,1.77,0.15,2.99,0.21,-0.004792955,-0.00538084,-0.0146449,-0.0059234,-0.0061227,sell
2018-09-12,1.32,0.2,3.17,0.18,-0.002474363, 0.00996919,-0.0004039,-0.0033382,-0.0043877,buy
2018-09-13,0.55,0.31,2.68,0.11, 0.004630876, 0.00763930, 0.0042607, 0.0042931, 0.0114960,buy
2018-09-14,0,0.27,1.25,0.14,-0.001052905,-0.01069316,-0.0059179,-0.0037076,-0.0106932,sell
2018-09-15,1.37,0.08,1.59,0.18, 0.001694418, 0.00736079, 0.0020714, 0.0023327, 0.0091420,buy
2018-09-16,1.78,0,2.41,0.23,-0.003627840,-0.01153970,-0.0077477,-0.0059074,-0.0074505,sell
2018-09-17,0.41,0,0.92,0.3,-0.009572817,-0.00958748,-0.0074090,-0.0102908,-0.0095728,sell
2018-09-18,0,0,0,0.4, 0.007988705, 0.00905181, 0.0036218, 0.0113479, 0.0110144,buy
2018-09-19,0,0,0,0.4, 0.001532473, 0.00025468,-0.0002323, 0.0133159, 0.0029033,buy
2018-09-20,0,0,0,0.3, 0.011679361, 0.00764804, 0.0110032, 0.0055929, 0.0148577,buy
2018-09-21,0,0,0,0.32, 0.010444465, 0.00792744, 0.0104445, 0.0023572, 0.0127979,buy
2018-09-22,0.43,0,0,0.79,-0.001331108,-0.00247161,-0.0041351, 0.0124556, 0.0073142,buy
2018-09-23,1.57,0,0,1.14, 0.005519877, 0.01362960, 0.0055725, 0.0149198, 0.0049691,buy
2018-09-24,2.08,0,0,0.92, 0.004252901, 0.00352623, 0.0061982, 0.0065672, 0.0046009,buy
2018-09-25,1.13,0,0,0.79,-0.007640809, 0.00067298,-0.0003206,-0.0021660, 0.0009046,buy
2018-09-26,1.03,0,0,0.68,-0.009498434,-0.00541545, 0.0026125,-0.0054155,-0.0054777,sell
2018-09-27,1.78,0,0,0.33, 0.000749305,-0.00028060,-0.0013537, 0.0049051,-0.0012205,buy
2018-09-28,1.78,0,0,0.16, 0.001906009,-0.00062715, 0.0019060,-0.0085713,-0.0057792,sell
2018-09-29,1.04,0,0,0, 0.009525528, 0.00942488, 0.0104427, 0.0099253, 0.0100446,buy
2018-09-30,0.61,0,0,0, 0.007607730, 0.00156491, 0.0095059, 0.0006612, 0.0003039,buy
2018-10-01,0.36,0,0,0.09,-0.000768238,-0.00688520,-0.0024917,-0.0071713,-0.0071713,sell
2018-10-02,0,0,0,0.37, 0.006141442, 0.00395460, 0.0049209, 0.0023723, 0.0003595,buy
2018-10-03,0,0,0,0.4, 0.006988264,-0.00461252, 0.0091831,-0.0038753,-0.0001142,buy
2018-10-04,0,0,0,0.09,-0.015637524,-0.01403997,-0.0026235, 0.0048603, 0.0050103,buy
2018-10-07,0,0,0,0.07, 0.013578105, 0.01284050, 0.0106998, 0.0131379, 0.0144280,buy
2018-10-08,0,0,0,0.12,-0.001092746, 0.00354585,-0.0024335,-0.0015768,-0.0007606,buy
2018-10-09,0,0.07,0,0.21, 0.006665637, 0.00668098, 0.0064571, 0.0137065, 0.0058137,buy
2018-10-10,0,0.19,0,0.51,-0.029724822,-0.02725638,-0.0256158,-0.0274303,-0.0281862,sell
2018-10-11,0,0.14,1.54,0.73, 0.008791594,-0.00426874, 0.0091573, 0.0093507, 0.0103656,buy
2018-10-12,0,0.03,2.57,0.63, 0.006635006,-0.00662798, 0.0056300, 0.0104178,-0.0011846,buy
2018-10-13,0,0,1.97,0.31,-0.013364163,-0.01821206,-0.0141766,-0.0145638,-0.0195573,sell
2018-10-14,0,0,2.41,0.08,-0.024228882,-0.01575850,-0.0237418,-0.0106515,-0.0238667,sell
2018-10-15,0,0,2.97,0,-0.008122362,-0.00877834,-0.0038197, 0.0010080,-0.0077816,sell
2018-10-16,0,0,2.92,0, 0.000520784, 0.00636814, 0.0003484, 0.0043243, 0.0074581,buy
2018-10-17,0,0,1.73,0.09,-0.004846054,-0.00282066, 0.0007798, 0.0074651, 0.0082372,buy
2018-10-18,1.01,0,0.49,0.21,-0.013616538,-0.01004477,-0.0156615,-0.0158294,-0.0084589,sell
2018-10-19,1.78,0,0,0.4,-0.000048670,-0.00217494,-0.0124152,-0.0030991,-0.0017327,buy
2018-10-20,0.84,0,0,0.32,-0.008779848,-0.01111413,-0.0079014,-0.0079014,-0.0076908,sell
2018-10-21,0,0,1.14,0.14,-0.002733396,-0.00347809,-0.0014115,-0.0034781, 0.0011509,buy
2018-10-22,0,0.07,2.76,0, 0.014128287, 0.01257828, 0.0155465, 0.0141283, 0.0132653,buy
2018-10-23,0,0.19,2.98,0,-0.012354268,-0.00230314,-0.0029784,-0.0051561,-0.0145861,sell
2018-10-24,0,0.2,2.46,0,-0.009521035, 0.00897740, 0.0040790,-0.0084343,-0.0115600,buy
2018-10-25,0,0.08,1.84,0, 0.016013502, 0.01713637, 0.0157068, 0.0109520, 0.0098741,buy
2018-10-26,0,0,1.59,0, 0.007488310, 0.01681977, 0.0124550, 0.0124550, 0.0039046,buy
2018-10-27,0,0.04,2.2,0, 0.004922180, 0.00629165, 0.0048352, 0.0049222, 0.0135449,buy
2018-10-28,0,0.06,2,0, 0.020854306, 0.01714325, 0.0169871, 0.0160252, 0.0130511,buy
2018-10-29,0,0.1,0.97,0,-0.001222113, 0.00104302, 0.0064680,-0.0019988,-0.0024903,buy
2018-10-30,0,0.16,0.43,0,-0.007201664,-0.01090360,-0.0072017,-0.0082046,-0.0180368,sell
2018-10-31,0,0.2,0,0,-0.002780153, 0.00021310, 0.0009747, 0.0064768, 0.0041322,buy
2018-11-01,0,0.15,0,0,-0.003053393, 0.00834545,-0.0017045,-0.0036038,-0.0054023,buy
2018-11-02,0,0.1,0,0, 0.013424804, 0.00933172, 0.0083255, 0.0075547, 0.0091571,buy
2018-11-03,0,0.06,0,0, 0.000691381, 0.00523961, 0.0042317, 0.0042317, 0.0088280,buy
2018-11-04,0.55,0.04,0,0, 0.008129093, 0.00169885, 0.0120790,-0.0025599, 0.0015867,buy
2018-11-05,1.34,0,0,0, 0.000941618,-0.00579274,-0.0054384,-0.0014614,-0.0067555,sell
2018-11-06,1.77,0,0,0,-0.004985567,-0.01057231,-0.0052604,-0.0029577,-0.0069708,sell
2018-11-07,1.41,0,0,0, 0.021745468,-0.00519552,-0.0037137, 0.0163506, 0.0070305,buy
2018-11-08,1.43,0,0,0, 0.022902023, 0.00570633,-0.0022191, 0.0097809, 0.0099783,buy
2018-11-09,1.8,0,0.46,0,-0.011994852,-0.01205054,-0.0190326,-0.0190326,-0.0094015,sell
2018-11-10,1.35,0,1.43,0,-0.010270692,-0.00334457,-0.0031089,-0.0008758,-0.0090989,sell
2018-11-11,0.64,0,2.52,0.07,-0.010694802,-0.01226129,-0.0128807,-0.0135991,-0.0101071,sell
2018-11-12,0.31,0,2.88,0.11,-0.016040415,-0.01604042,-0.0149252,-0.0137785,-0.0202016,sell
2018-11-13,0,0,3.01,0.18, 0.010449366, 0.00480435, 0.0079162, 0.0101186, 0.0026596,buy
2018-11-14,0,0,3.54,0.24,-0.009787260,-0.01185612,-0.0097873,-0.0110899,-0.0062351,sell
2018-11-15,0,0,3.54,0.39, 0.019059838, 0.02151769, 0.0184542, 0.0278902, 0.0263925,buy
2018-11-16,0,0,2.36,0.46, 0.007436010, 0.00944453, 0.0074360, 0.0102232, 0.0122633,buy
2018-11-17,0,0,1.35,0.61,-0.005618141,-0.00561814,-0.0118210,-0.0022558,-0.0056181,sell
2018-11-18,0,0,0.79,0.7,-0.015004342,-0.00963454,-0.0110093,-0.0060613,-0.0090998,sell
2018-11-19,0,0,0,0.81,-0.034143495,-0.02822119,-0.0291998,-0.0301226,-0.0223722,sell
2018-11-20,0,0,0,0.8,-0.032942655,-0.02314428,-0.0279989,-0.0289218,-0.0172953,sell
2018-11-21,0,0,0,0.68,-0.022414268,-0.01836156,-0.0221958,-0.0114631,-0.0181726,sell
2018-11-22,0,0,0,0.54,-0.007655135,-0.00268442,-0.0089920,-0.0104082,-0.0089920,sell
2018-11-23,0,0,0,0.54,-0.004612530,-0.00283297,-0.0028330, 0.0017580, 0.0007610,buy
2018-11-24,0,0,0.5,0.49,-0.002005561,-0.00406827,-0.0019287,-0.0113086,-0.0115512,sell
2018-11-25,0,0,0.81,0.61,-0.006001045,-0.00800971, 0.0013270,-0.0060173, 0.0026023,buy
2018-11-26,0,0.04,1.28,0.71, 0.003350177, 0.00599289, 0.0078144, 0.0021492, 0.0123490,buy
2018-11-27,0,0.05,1.98,0.47, 0.005504781, 0.00424069, 0.0039673,-0.0038925, 0.0068457,buy
2018-11-28,0,0.08,1.91,0.37, 0.008373395, 0.00441868,-0.0004211,-0.0006403, 0.0092167,buy
2018-11-29,0,0.12,1.19,0.4,-0.007440206,-0.00805254,-0.0069172, 0.0005448,-0.0080525,sell
2018-11-30,0,0.19,1.6,0.46,-0.005889522, 0.00237201, 0.0009703,-0.0020885,-0.0058895,sell
2018-12-01,0,0.2,2.44,0.55,-0.011560167,-0.00221073,-0.0076177,-0.0088312,-0.0111520,sell
2018-12-02,0,0.13,1.19,0.68, 0.009173543,-0.00787159, 0.0093093, 0.0093093, 0.0108262,buy
2018-12-03,0,0.08,0.38,0.78,-0.023817943,-0.01418622,-0.0203871,-0.0235923,-0.0173495,sell
2018-12-04,0,0.05,0,0.8,-0.030339175,-0.01919248,-0.0303392,-0.0297085,-0.0253836,sell
2018-12-05,0,0,0,0.99, 0.008861304,-0.00462300, 0.0094197, 0.0088613, 0.0098012,buy
2018-12-06,0,0,0,0.93, 0.009761684,-0.00253935, 0.0103339, 0.0122866, 0.0128666,buy
2018-12-07,0,0,0,0.62,-0.012688493,-0.01695882,-0.0163778, 0.0080583, 0.0055726,buy
2018-12-08,0,0,0,0.38,-0.016607836,-0.01740372,-0.0168473,-0.0174037,-0.0118485,sell
2018-12-09,0,0,0,0.25,-0.002438784,-0.00143180,-0.0070856,-0.0013455, 0.0127374,buy
2018-12-10,0,0,0,0.21, 0.023557505, 0.02150791, 0.0146519, 0.0235575, 0.0188585,buy
2018-12-11,0,0,0,0.17, 0.000748457,-0.01034602,-0.0054439,-0.0036394,-0.0107149,sell
2018-12-12,0,0,0,0.14,-0.015328304,-0.00635149,-0.0107586,-0.0130029,-0.0088303,sell
2018-12-13,0,0,0.41,0.11, 0.002497521, 0.01414001,-0.0011293, 0.0087951, 0.0113137,buy
2018-12-14,0,0,1.28,0.08,-0.016185206,-0.02367760,-0.0064304,-0.0236776,-0.0236776,sell
2018-12-15,0,0,2.29,0, 0.001382930, 0.00959988, 0.0143919, 0.0046963, 0.0079115,buy
2018-12-16,0,0,3.64,0,-0.009324022,-0.01018028,-0.0162489,-0.0089972,-0.0106025,sell
2018-12-17,0,0,3.56,0,-0.017335012,-0.01324413,-0.0200907,-0.0191425,-0.0093347,sell
2018-12-18,0.37,0,2.17,0,-0.003616244,-0.00383110,-0.0025230,-0.0049391,-0.0042308,sell
2018-12-19,1.39,0,1.84,0, 0.016905995,-0.00044380, 0.0171130, 0.0242393, 0.0192534,buy
2018-12-20,2.77,0,1.71,0, 0.008036199,-0.01275052, 0.0076970,-0.0170357,-0.0190453,sell
2018-12-21,3.12,0,1.98,0,-0.008656344,-0.02163857,-0.0070156,-0.0248591,-0.0318135,sell
2018-12-22,1.98,0,1.5,0, 0.014350987, 0.01169326, 0.0123019, 0.0143429, 0.0066872,buy
2018-12-23,0.67,0,0.72,0.11,-0.000179638, 0.02388483, 0.0126695, 0.0171680, 0.0078806,buy
2018-12-24,0.3,0,0.34,0.37,-0.008044031,-0.01068689,-0.0081281, 0.0012701,-0.0106869,sell
2018-12-25,0,0,0,0.39,-0.006209060,-0.01165983,-0.0086963,-0.0095854,-0.0113114,sell
2018-12-26,0,0,0.41,0.12,-0.003064493, 0.01288111,-0.0050603, 0.0081710, 0.0075349,buy
2018-12-27,0,0,0.93,0,-0.007114070,-0.01753386,-0.0244722,-0.0190112,-0.0191446,sell
2018-12-28,0,0,1.96,0,-0.008819565,-0.00458975,-0.0062244,-0.0093733,-0.0105431,sell
2018-12-29,0,0,1.83,0,-0.003468349, 0.00514671,-0.0015297,-0.0131524,-0.0038351,sell
2018-12-30,0,0,0.81,0,-0.007847232,-0.00026771, 0.0033069,-0.0048540, 0.0029060,buy
2018-12-31,0,0,0.35,0, 0.014757133, 0.00813412, 0.0081341, 0.0081341, 0.0081086,buy
2019-01-01,0,0,0,0, 0.006436498, 0.00643650, 0.0062931, 0.0064365, 0.0075805,buy
2019-01-02,0.34,0,0.38,0,-0.015199564, 0.00456261, 0.0064408,-0.0137557, 0.0045626,buy
2019-01-03,1.28,0,0.92,0, 0.004940324, 0.00498670,-0.0076106,-0.0058964,-0.0076106,buy
2019-01-04,1.78,0,1.98,0,-0.004314094,-0.00365184, 0.0081441, 0.0131069, 0.0092908,buy
2019-01-05,0.63,0,1.72,0, 0.006109048,-0.00007423, 0.0003075,-0.0039858, 0.0031769,buy
2019-01-06,0,0,0.71,0.13,-0.017207733, 0.00238105,-0.0059734,-0.0066481, 0.0003349,buy
2019-01-07,0,0,0,0.28, 0.007011287, 0.01057736, 0.0066137,-0.0090032, 0.0017403,buy
2019-01-08,0,0,0,0.4, 0.006988264,-0.00461252, 0.0091831,-0.0038753,-0.0001142,buy
2019-01-09,0,0,0,0.26, 0.012007455, 0.00937094, 0.0056509, 0.0120075, 0.0093066,buy
2019-01-10,0,0,0,0.12, 0.001636552, 0.01082049, 0.0003277, 0.0085789,-0.0003128,buy
2019-01-11,0,0,0,0,-0.000716756, 0.00555448, 0.0035985, 0.0078768,-0.0003603,buy
2019-01-12,0,0,0,0,-0.018278883,-0.02121974,-0.0209276,-0.0188301,-0.0173353,sell
2019-01-13,0.33,0,0.88,0, 0.000437380,-0.00347291, 0.0014279,-0.0079374,-0.0079374,sell
2019-01-14,0.47,0,1.98,0, 0.009891868, 0.00989187, 0.0064065, 0.0084941, 0.0122054,buy
2019-01-15,0.68,0,1.07,0, 0.015041401, 0.01504140, 0.0001834, 0.0150414, 0.0122305,buy
2019-01-16,0.96,0,0,0,-0.003120031,-0.00454583, 0.0000394, 0.0003643,-0.0045458,sell
2019-01-17,1.38,0,0,0.22,-0.015405203,-0.00340873,-0.0031719,-0.0046468,-0.0035232,sell
2019-01-18,1.8,0,0,0.48,-0.004750859,-0.00446792,-0.0038679, 0.0051816,-0.0028831,buy
2019-01-19,1.62,0,0,0.71, 0.010856755, 0.00921050, 0.0108568, 0.0168444, 0.0091683,buy
2019-01-20,1.12,0,0,0.81,-0.004599516,-0.00551499,-0.0022477, 0.0053965, 0.0015229,buy
2019-01-21,1.11,0,0,0.87,-0.004173737,-0.00426660,-0.0041737,-0.0004538,-0.0053946,sell
2019-01-22,1.06,0,0,0.68, 0.017179376, 0.00497658, 0.0171794, 0.0054103, 0.0049766,buy
2019-01-23,1.18,0,0,0.66, 0.009322517, 0.00362151, 0.0119234, 0.0058364, 0.0036215,buy
2019-01-24,1.27,0,0,0.29,-0.011394593,-0.00953563,-0.0023043,-0.0056403,-0.0095356,sell
2019-01-25,1.8,0,0,0.07,-0.009862746,-0.01210335,-0.0058568,-0.0056506,-0.0096315,sell
2019-01-26,1.6,0,0,0, 0.009993635, 0.01361704, 0.0029904, 0.0055090, 0.0029771,buy
2019-01-27,1.04,0,0,0, 0.006289922,-0.00626334,-0.0089261,-0.0049516,-0.0041836,sell
2019-01-28,0.67,0,0,0,-0.008200382,-0.00377125,-0.0049291, 0.0024574,-0.0112623,sell
2019-01-29,0.42,0,0,0,-0.000936904, 0.01967252,-0.0013102,-0.0103672,-0.0016063,sell
2019-01-30,0,0,0,0.11, 0.005579133, 0.00792898, 0.0095982, 0.0073583, 0.0122045,buy
2019-01-31,0,0,0,0.2, 0.009034589, 0.00859433, 0.0111596, 0.0090346, 0.0090346,buy
2019-02-01,0.65,0,0,0.36,-0.013756125,-0.01510227,-0.0162243,-0.0162870,-0.0083361,sell
2019-02-02,1.75,0,0.9,0.4, 0.006360236, 0.00344932, 0.0069384, 0.0050631, 0.0106398,buy
2019-02-03,1.78,0,2.67,0.24,-0.009594727,-0.01145265,-0.0126171,-0.0094464,-0.0109732,sell
2019-02-04,0.66,0,2.97,0.14, 0.003170108, 0.00107414, 0.0008087,-0.0115041, 0.0011780,sell
2019-02-05,0,0,2.84,0.08,-0.001839269,-0.00224507,-0.0037366,-0.0014596,-0.0169058,sell
2019-02-06,0,0,3.37,0,-0.004975602,-0.00528983,-0.0075592,-0.0095296,-0.0039374,sell
2019-02-07,0,0,4.73,0, 0.013388628, 0.00178920, 0.0065474, 0.0025771, 0.0017012,buy
2019-02-08,0,0,4.92,0, 0.013177082, 0.00810334, 0.0073416, 0.0074614, 0.0087042,buy
2019-02-09,0,0,3.71,0, 0.002495622,-0.00135899,-0.0021518, 0.0018011,-0.0092666,buy
2019-02-10,0,0,2.3,0,-0.012714093,-0.01185662,-0.0131433,-0.0096765,-0.0109849,sell
2019-02-11,0,0,0.38,0, 0.002275447,-0.00066773,-0.0012015,-0.0012015,-0.0094863,buy
2019-02-12,0,0,0,0,-0.004000663,-0.00188471,-0.0016851,-0.0018847,-0.0024879,buy
2019-02-13,0,0,0,0,-0.001871083,-0.00750223, 0.0006565,-0.0018711,-0.0018711,buy
2019-02-14,0,0,0,0, 0.008177952, 0.00507405, 0.0081780, 0.0050740, 0.0078990,buy
2019-02-15,0,0,0.48,0,-0.004823536,-0.00358427,-0.0047410,-0.0080931,-0.0048235,sell
2019-02-16,0,0,1.95,0,-0.006581736,-0.01152563,-0.0089452,-0.0063349,-0.0063747,sell
2019-02-17,0,0,3.43,0,-0.005168388,-0.00278854,-0.0097532,-0.0052034,-0.0049602,sell
2019-02-18,0,0,3.44,0, 0.010755261,-0.00073448, 0.0041959, 0.0117757, 0.0105309,buy
2019-02-19,0,0,3.51,0, 0.010567469, 0.00059500, 0.0039839, 0.0125167, 0.0103189,buy
2019-02-20,0,0,2.99,0,-0.003535954,-0.00907082,-0.0133673,-0.0120148,-0.0088934,sell
2019-02-21,0,0,1.38,0.14, 0.008490567, 0.00849057, 0.0050265, 0.0056220, 0.0087868,buy
2019-02-22,0,0,2.22,0.39, 0.003228869, 0.00505087, 0.0045668, 0.0039195, 0.0039499,buy
2019-02-23,0,0,3.72,0.34, 0.001899848,-0.00043551,-0.0054643,-0.0053633,-0.0036105,buy
2019-02-24,0,0,3.5,0.11,-0.000362493, 0.00009527, 0.0021608, 0.0000953,-0.0016436,buy
2019-02-25,0,0,2.83,0, 0.004480119, 0.01070410, 0.0044801, 0.0099577, 0.0027879,buy
2019-02-26,0,0,2.7,0, 0.005072997, 0.00878508, 0.0050730, 0.0034709, 0.0030752,buy
2019-02-27,0,0,3.04,0.08,-0.008770214,-0.00919260,-0.0090488,-0.0041240,-0.0151954,sell
2019-02-28,0,0,2.9,0.22, 0.013017080, 0.00622208, 0.0130529, 0.0130171, 0.0139365,buy
2019-03-01,0,0,2.18,0.39, 0.008918242,-0.00037912, 0.0055270,-0.0037735,-0.0003791,buy
2019-03-02,0,0,1.54,0.24, 0.001452390, 0.00217199,-0.0132197, 0.0103649,-0.0133156,buy
2019-03-03,0,0,0.85,0.09,-0.004978822, 0.00546166, 0.0039531, 0.0043488, 0.0086480,buy
2019-03-04,0,0,0.63,0,-0.003155963, 0.00664995,-0.0026091, 0.0018338,-0.0017094,buy
2019-03-05,0,0,0.47,0,-0.005977635, 0.00053485,-0.0057323,-0.0097424,-0.0059776,sell
2019-03-06,0,0,0.35,0, 0.002064907, 0.01114545, 0.0113496, 0.0111454, 0.0112464,buy
2019-03-07,0,0,1.09,0, 0.000401687,-0.00761861,-0.0074190,-0.0010325, 0.0027178,buy
2019-03-08,0,0,2.28,0, 0.001497904, 0.00136834, 0.0063855, 0.0060461, 0.0063914,buy
2019-03-09,0,0,3.32,0, 0.008004101, 0.01062159, 0.0066822, 0.0008850, 0.0106216,buy
2019-03-10,0,0,3.1,0, 0.001633425, 0.00163342,-0.0016427,-0.0018863, 0.0015163,buy
2019-03-11,0.49,0,3.02,0.07, 0.000798429, 0.00181670, 0.0018167, 0.0020910,-0.0033389,buy
2019-03-12,0.82,0,2.53,0.16, 0.011186875, 0.00820792, 0.0069019, 0.0031553, 0.0056990,buy
2019-03-13,1.4,0,3.02,0.37,-0.008341327,-0.00886117,-0.0177175,-0.0087906,-0.0090125,sell
2019-03-14,1.8,0,2.52,0.55, 0.005190856, 0.00395258, 0.0053061, 0.0039526, 0.0039526,buy
2019-03-15,1.32,0,2.51,0.59,-0.000825317, 0.00403829, 0.0032912, 0.0040383, 0.0036133,buy
2019-03-16,0.77,0,3.22,0.47,-0.018112673,-0.01811267,-0.0184645,-0.0189346,-0.0184160,sell
2019-03-17,0.88,0,3.88,0.24,-0.016846669,-0.00657255,-0.0098923,-0.0069639,-0.0069639,sell
2019-03-18,0.74,0,4.23,0.13,-0.015652125,-0.01312996,-0.0171430,-0.0045909,-0.0077190,sell
2019-03-19,1.33,0,3.59,0.21, 0.006942981, 0.00056466,-0.0051668, 0.0005114, 0.0045223,buy
2019-03-20,1.78,0,4.63,0.33,-0.000728766, 0.00206874,-0.0158992,-0.0050987, 0.0032261,buy
2019-03-21,1.34,0,5.38,0.4,-0.012972398, 0.00536585,-0.0001786, 0.0009890,-0.0001786,buy
2019-03-22,0.74,0,4.1,0.29,-0.011673250,-0.01263834,-0.0167646,-0.0075590,-0.0112633,sell
2019-03-23,0.42,0,2.71,0.18,-0.012384983,-0.00793181,-0.0162279,-0.0053138,-0.0187216,sell
2019-03-24,0,0,1.52,0.11, 0.001932662,-0.00686648, 0.0012643,-0.0007205,-0.0027038,buy
2019-03-25,0,0,1.63,0.07, 0.008491760, 0.00198168, 0.0052510, 0.0058281, 0.0035015,buy
2019-03-26,0,0,2.05,0, 0.001819722, 0.00124869,-0.0031166,-0.0011077, 0.0017492,buy
2019-03-27,0,0,2.9,0,-0.004631119,-0.01125058,-0.0130346,-0.0124529,-0.0112506,sell
2019-03-28,0,0,2.26,0,-0.009650444,-0.00965044,-0.0142801,-0.0031955,-0.0069417,sell
2019-03-29,0,0,1.21,0,-0.013713307,-0.01111966,-0.0138822,-0.0128403,-0.0131554,sell
2019-03-30,0,0,0.57,0,-0.005872422,-0.00532941,-0.0059791,-0.0059791,-0.0059067,sell
2019-03-31,0,0,0.49,0,-0.004823536,-0.00270577,-0.0047899,-0.0081420,-0.0048235,sell
2019-04-01,0,0,0.42,0,-0.016069430,-0.00637623,-0.0143161,-0.0135808,-0.0169164,sell
2019-04-02,0,0,0.35,0,-0.009003764,-0.00857915,-0.0088667,-0.0033902,-0.0129727,sell
2019-04-03,0,0,0,0, 0.003738139, 0.00422642, 0.0052505, 0.0042264, 0.0048400,buy
2019-04-04,0,0,0.5,0,-0.005430102,-0.00428965,-0.0059578,-0.0059578,-0.0056400,sell
2019-04-05,0,0,0.84,0,-0.000020046, 0.00093540,-0.0047292,-0.0000200, 0.0003218,buy
2019-04-06,0,0,1.52,0,-0.005785055,-0.00199784,-0.0078583, 0.0077908,-0.0057624,buy
2019-04-07,0,0,1.98,0, 0.006840047,-0.01209397,-0.0115639,-0.0099235,-0.0024519,sell
2019-04-08,0,0,1.76,0.12,-0.001099147,-0.00121220, 0.0032115,-0.0054182,-0.0065670,sell
2019-04-09,0,0,1.59,0.28,-0.002983054, 0.00550981, 0.0054757,-0.0067393,-0.0027975,buy
2019-04-10,0,0,2.33,0.54,-0.001254120,-0.00202757,-0.0057974,-0.0043747,-0.0038760,sell
2019-04-11,0,0,2.85,0.68,-0.003738867,-0.00360138,-0.0014960,-0.0036460,-0.0032891,buy
2019-04-12,0.44,0,2.76,0.78, 0.008768197,-0.00446556, 0.0031742, 0.0085397,-0.0031274,buy
2019-04-13,1.05,0,2.01,0.59, 0.007346338, 0.00769955, 0.0063792, 0.0067282, 0.0044430,buy
2019-04-14,1.78,0,2.4,0.42,-0.003125984,-0.00348794,-0.0045573, 0.0020244, 0.0018889,buy
2019-04-15,1.23,0,1.98,0.48,-0.004352407, 0.00315625, 0.0000145,-0.0039129,-0.0039129,buy
2019-04-16,0.51,0,0.68,0.39,-0.015931707,-0.01292704,-0.0134086,-0.0111244,-0.0128928,sell
2019-04-17,0,0,0,0.13,-0.006991994,-0.00517727,-0.0116712,-0.0093915,-0.0112065,sell
2019-04-20,0,0,0,0, 0.001007755, 0.00396514, 0.0065016,-0.0001660, 0.0008977,buy
2019-04-21,0,0,0,0, 0.009934566, 0.01233749, 0.0111834, 0.0073457, 0.0087712,buy
2019-04-22,0,0,0,0, 0.003610809, 0.00493770, 0.0072929, 0.0049377, 0.0050652,buy
2019-04-23,0,0,0,0, 0.003257088,-0.00103134, 0.0032571,-0.0010313, 0.0027380,buy
2019-04-24,0,0,0,0.09,-0.001186057,-0.00007401, 0.0014663,-0.0002145,-0.0002145,buy
2019-04-25,0,0,0,0.17, 0.017922031, 0.01334895, 0.0152531, 0.0124249, 0.0181693,buy
2019-04-26,0,0,0,0.29, 0.008633405, 0.00547716, 0.0012714, 0.0036990, 0.0014555,buy
2019-04-27,0,0,0,0.4, 0.006988264,-0.00461252, 0.0091831,-0.0038753,-0.0001142,buy
2019-04-28,0,0,0,0.31, 0.000968679,-0.00534436,-0.0048709,-0.0082659,-0.0111219,sell
2019-04-29,0,0,0.62,0.18, 0.012875584, 0.00918818, 0.0112103,-0.0001681, 0.0171628,buy
2019-04-30,0,0,1.49,0.32,-0.001095928, 0.00741729, 0.0053024,-0.0021771,-0.0010959,buy
2019-05-01,0,0,1.96,0.49,-0.002944194,-0.00148773,-0.0081926,-0.0070132,-0.0058375,sell
2019-05-02,1.29,0,1.02,0.56,-0.001302441,-0.00391634,-0.0016609,-0.0039668,-0.0055545,sell
2019-05-03,1.8,0.06,0.4,0.35, 0.004641542, 0.01009813, 0.0015276, 0.0080426, 0.0100981,buy
2019-05-04,0.47,0.11,0,0.07, 0.009331847, 0.00921886, 0.0068941, 0.0067184, 0.0054354,buy
2019-05-05,0,0.2,0,0.07,-0.008807301,-0.00517337,-0.0044107,-0.0084819,-0.0093323,sell
2019-05-06,0,0.19,0,0.21, 0.000623473,-0.00199313,-0.0092757,-0.0014372,-0.0005892,buy
2019-05-07,0,0.1,0.76,0.39,-0.005395611,-0.00771635,-0.0053956, 0.0029502,-0.0042558,sell
2019-05-08,0.76,0.05,1.73,0.42,-0.004180271,-0.00406852,-0.0049857,-0.0040685,-0.0067634,sell
2019-05-09,2.31,0,1.98,0.47, 0.003288322, 0.00430175, 0.0043018, 0.0046615, 0.0046615,buy
2019-05-10,2.52,0,0.95,0.3, 0.017275035, 0.01096661, 0.0119100,-0.0009351,-0.0019980,buy
2019-05-11,2.18,0,0.94,0.1, 0.003199484, 0.00425348, 0.0035796, 0.0032128, 0.0032234,buy
2019-05-12,1.69,0,0.88,0,-0.008239475,-0.00839880,-0.0083509,-0.0083509,-0.0084229,sell
2019-05-13,2,0,1.46,0, 0.008220093, 0.00807001, 0.0072807, 0.0046690, 0.0054631,buy
2019-05-14,1.8,0,2,0,-0.009797176,-0.00979718,-0.0144070,-0.0118344,-0.0100824,sell
2019-05-15,0.84,0,3.28,0, 0.008701348, 0.00392765, 0.0092796, 0.0039276, 0.0027912,buy
2019-05-16,2.13,0,2.93,0, 0.003407796,-0.00219367, 0.0006234,-0.0006087, 0.0015416,buy
2019-05-17,2.73,0,0.92,0, 0.005177830,-0.00233239, 0.0118657,-0.0121413,-0.0115724,sell
2019-05-18,1.77,0,0.35,0, 0.011217187, 0.00863198, 0.0112172, 0.0098190, 0.0098072,buy
2019-05-19,0.41,0,0.49,0,-0.012819350,-0.00668378,-0.0030935,-0.0159657,-0.0052664,sell
2019-05-20,0,0,0.83,0, 0.011898258, 0.01219356, 0.0119575, 0.0087619, 0.0089410,buy
2019-05-21,0,0,1.41,0, 0.008405061, 0.00918892,-0.0023818, 0.0003318,-0.0038963,buy
2019-05-22,0,0,1.98,0, 0.008554171, 0.00789656, 0.0016050, 0.0046006, 0.0084300,buy
2019-05-23,0,0,1.63,0,-0.003714021, 0.00056878,-0.0077334, 0.0019302,-0.0037140,buy
2019-05-24,0,0,0.96,0,-0.007013010,-0.01310190,-0.0159766,-0.0138395,-0.0156925,sell
2019-05-25,0,0,0.57,0,-0.004527561, 0.00336446,-0.0003154, 0.0012429, 0.0064575,buy
2019-05-26,0,0,0.34,0,-0.002652776, 0.00047859, 0.0012040,-0.0040614, 0.0045929,buy
2019-05-29,0,0,0.9,0.33,-0.011039449,-0.01120126,-0.0069841,-0.0101186,-0.0119232,sell
2019-05-30,0.84,0.14,1.98,0.39, 0.002434544,-0.00102985,-0.0063821, 0.0095408, 0.0006100,buy
2019-05-31,1.77,0.2,1.45,0.07,-0.004292346, 0.00405944,-0.0069695, 0.0045086, 0.0031048,buy
2019-06-01,1.69,0.04,0.5,0,-0.014745308,-0.01126468,-0.0181748,-0.0168840,-0.0138429,sell
2019-06-02,1.84,0,0.9,0,-0.010821671,-0.01082912,-0.0108291,-0.0108291,-0.0111310,sell
2019-06-03,1.78,0,1.98,0,-0.020326702,-0.02032670,-0.0121615,-0.0220136,-0.0187522,sell
2019-06-04,0.71,0,1.1,0, 0.014250049, 0.01425005, 0.0013246, 0.0140903, 0.0112793,buy
2019-06-06,0,0,0.76,0, 0.009458094, 0.01191729, 0.0092962, 0.0071845, 0.0069272,buy
2019-06-07,0,0,1.96,0.08, 0.001758850, 0.00563873, 0.0151196, 0.0134216, 0.0144681,buy
2019-06-08,0,0.04,1.08,0.19, 0.008243376, 0.01272521, 0.0132177, 0.0035017, 0.0070392,buy
2019-06-09,0,0.1,0,0.4, 0.008699866, 0.00869987, 0.0129784,-0.0001422, 0.0086999,buy
2019-06-10,0,0.2,0,0.34, 0.002725785, 0.01099926, 0.0051369, 0.0094729, 0.0044045,buy
2019-06-11,0.49,0.18,0,0.15,-0.019068289,-0.01452943,-0.0133205,-0.0186400,-0.0191098,sell
2019-06-12,0.87,0.12,0,0, 0.005202637, 0.01384732, 0.0010790, 0.0025834, 0.0057013,buy
2019-06-13,1.52,0.13,0,0,-0.003397529,-0.00222399,-0.0026972,-0.0122508, 0.0010273,sell
2019-06-14,1.78,0.2,0,0, 0.003815009,-0.00074725, 0.0038365,-0.0003787, 0.0048282,buy
2019-06-15,2.13,0.25,0,0, 0.012777278, 0.00641271, 0.0021328, 0.0043086, 0.0084465,buy
2019-06-16,2.46,0.29,0,0, 0.013550101, 0.00623437, 0.0031924, 0.0034888, 0.0075041,buy
2019-06-17,1.36,0.27,0,0, 0.001040038,-0.00588025, 0.0001158,-0.0014837, 0.0007538,buy
2019-06-18,0.31,0.26,0,0,-0.003854582,-0.00138971,-0.0025436,-0.0042895,-0.0029034,buy
2019-06-19,0,0.38,0,0,-0.008072867,-0.00541420,-0.0203466,-0.0135558,-0.0078719,sell
2019-06-20,0,0.31,0,0,-0.004162843,-0.01428766,-0.0185714,-0.0052053,-0.0052053,sell
2019-06-21,0,0.16,0,0, 0.003312229,-0.00286192, 0.0066106, 0.0041592, 0.0011222,buy
2019-06-22,0,0.15,0,0.08,-0.009298775,-0.00429155,-0.0092909,-0.0098825,-0.0174085,sell
2019-06-23,0,0.24,0,0.24, 0.020532678, 0.01463990, 0.0092531, 0.0016721, 0.0111993,buy
2019-06-24,0,0.14,0,0.4,-0.000197843,-0.00061607,-0.0006008,-0.0005498,-0.0005498,buy
2019-06-25,0,0.04,0.47,0.21,-0.000174843,-0.00034098,-0.0003410, 0.0025510,-0.0016116,buy
2019-06-26,0,0,1.42,0.07,-0.007328818,-0.01247858,-0.0019583,-0.0136973,-0.0123297,sell
2019-06-27,0,0,2.6,0,-0.003650744,-0.00037126,-0.0037292,-0.0038230,-0.0048163,sell
2019-06-28,0,0,2.65,0,-0.001026317, 0.00110071,-0.0010263,-0.0004762,-0.0007436,buy
2019-06-29,0,0,2.41,0, 0.004198367, 0.01141989, 0.0098055, 0.0119595, 0.0097702,buy
2019-06-30,0,0,1.98,0, 0.006840047,-0.01209397,-0.0115639,-0.0099235,-0.0024519,sell
2019-07-01,0,0,1.36,0,-0.009297520,-0.00929752,-0.0015683,-0.0081449,-0.0110542,sell
2019-07-02,0,0,0.81,0,-0.007847232,-0.00026771, 0.0033069,-0.0048540, 0.0029060,buy
2019-07-03,0,0,0.48,0, 0.012689485, 0.01077369, 0.0128280, 0.0130423, 0.0131514,buy
2019-07-04,0,0,0,0.07, 0.013578105, 0.01284050, 0.0106998, 0.0131379, 0.0144280,buy
2019-07-05,0,0,0,0.08,-0.000957616, 0.00551178, 0.0005459, 0.0041089,-0.0072543,buy
2019-07-06,0,0,0,0.09, 0.009837509, 0.01637463, 0.0165036, 0.0169982, 0.0111003,buy
2019-07-07,0,0.04,0.95,0.09,-0.008289074,-0.00859489,-0.0113649,-0.0094225,-0.0082440,sell
2019-07-08,0,0.1,1.96,0.18,-0.010181157,-0.00883220, 0.0131814,-0.0079461,-0.0088322,sell
2019-07-09,0.63,0.2,1.38,0.24, 0.003487602, 0.00364222, 0.0065279, 0.0011283, 0.0048176,buy
2019-07-10,1.48,0.15,0.47,0.34,-0.009050168,-0.00921840,-0.0099372,-0.0124140,-0.0078959,sell
2019-07-11,1.77,0.06,0,0.4, 0.008143201, 0.00735552, 0.0030806, 0.0076013, 0.0116533,buy
2019-07-12,0.89,0.05,0.6,0.35,-0.007633625,-0.00372839,-0.0052436, 0.0003192,-0.0072369,sell
2019-07-13,0.38,0.11,1.33,0.2, 0.010116674, 0.00685096, 0.0113127, 0.0137174, 0.0070950,buy
2019-07-14,0,0.2,1.98,0.12, 0.002709303, 0.01321513, 0.0138934, 0.0142568, 0.0114655,buy
2019-07-15,0,0.19,1.33,0.07, 0.004644325, 0.01076988, 0.0048440, 0.0106491, 0.0074444,buy
2019-07-16,0,0.21,0.61,0,-0.006910823, 0.00383193, 0.0038319,-0.0021529, 0.0041032,buy
2019-07-17,0.75,0.19,0,0,-0.005383815,-0.00523570, 0.0084489,-0.0074265,-0.0074265,sell
2019-07-18,1.8,0.08,0,0, 0.003530655, 0.00212038, 0.0017031,-0.0076644, 0.0061367,buy
2019-07-19,1.37,0.04,0,0,-0.017696135,-0.01483286,-0.0229252,-0.0169010,-0.0144342,sell
2019-07-20,0.45,0.13,0,0, 0.009830243, 0.00103000, 0.0076543, 0.0145949, 0.0061337,buy
2019-07-21,0,0.2,0,0,-0.001900622,-0.00286726,-0.0006457,-0.0002395,-0.0029431,buy
2019-07-22,0.37,0.1,0,0, 0.001520522,-0.00358491, 0.0031608,-0.0001900, 0.0026468,buy
2019-07-23,0.69,0,0,0, 0.005877476, 0.01568949, 0.0060090, 0.0083882, 0.0171533,buy
2019-07-24,1.28,0,0,0, 0.015137845, 0.00826772, 0.0151378, 0.0081646, 0.0083400,buy
2019-07-25,1.78,0,0,0.08, 0.000818034, 0.00556515, 0.0008180, 0.0008180, 0.0008959,buy
2019-07-26,1.34,0,0,0.11,-0.006520997,-0.00213758,-0.0044380,-0.0044380,-0.0106831,sell
2019-07-27,0.73,0,0,0.21,-0.000109503,-0.00667423,-0.0023702, 0.0001325,-0.0012582,buy
2019-07-28,0.4,0,0,0.37, 0.008842251, 0.00331732, 0.0024801, 0.0016151, 0.0098486,buy
2019-07-29,0,0,0,0.66,-0.024252397,-0.01350892,-0.0203063,-0.0096369,-0.0192780,sell
2019-07-30,0,0,0,0.75,-0.031663925,-0.02539724,-0.0198122,-0.0252425,-0.0059181,sell
2019-07-31,0,0,0,0.65,-0.026770575,-0.01192942,-0.0208698,-0.0096369,-0.0197850,sell
2019-08-01,0,0,0,0.63,-0.025231919,-0.00331719,-0.0073622,-0.0027626,-0.0073622,sell
2019-08-02,0,0,0,0.64,-0.024754606,-0.00919925,-0.0128431,-0.0076542,-0.0124970,sell
2019-08-03,0,0,0,0.38, 0.006479290, 0.00407850, 0.0045952,-0.0039875, 0.0041006,buy
2019-08-04,0,0,0,0.2, 0.011752901, 0.00983753, 0.0090709, 0.0160325, 0.0118331,buy
2019-08-05,0.55,0,0,0.09,-0.016135306,-0.00868034,-0.0152974,-0.0155606,-0.0138802,sell
2019-08-06,1.32,0,0,0, 0.007432507, 0.00372255, 0.0050678, 0.0115997,-0.0011054,buy
2019-08-07,2.43,0,0,0,-0.006217079, 0.01208643,-0.0016752,-0.0058004,-0.0073456,buy
2019-08-08,2.76,0,0,0, 0.009673906, 0.00657178, 0.0036315, 0.0040039, 0.0040039,buy
2019-08-09,1.95,0,0,0,-0.016685851,-0.01668585,-0.0144301,-0.0158766,-0.0122139,sell
2019-08-10,0.51,0,0,0,-0.010054787,-0.00158648,-0.0007238,-0.0001482,-0.0099547,sell
2019-08-11,0,0,0,0,-0.008047776,-0.00933897,-0.0053039,-0.0052467,-0.0093710,sell
2019-08-12,0,0,0,0,-0.010023655, 0.00250054,-0.0011210, 0.0013922, 0.0043976,buy
2019-08-13,0,0,0,0.23, 0.011567492, 0.00308716, 0.0072640, 0.0028934, 0.0154115,buy
2019-08-14,0,0,0,0.49, 0.003313232,-0.00070744, 0.0017895, 0.0153624,-0.0007074,buy
2019-08-15,0,0,0,0.93, 0.005228104,-0.00322889, 0.0049412, 0.0052805, 0.0043507,buy
2019-08-16,0,0,0,0.99, 0.012075792, 0.00168304, 0.0110121, 0.0120758, 0.0118955,buy
2019-08-17,0,0,0,0.56,-0.024592219,-0.02298785,-0.0235515,-0.0203996,-0.0229205,sell
2019-08-18,0,0,0,0.1, 0.016227799, 0.01548826, 0.0166725, 0.0174006, 0.0172040,buy
2019-08-19,0,0,0,0,-0.007229084,-0.00330530,-0.0010587,-0.0031686,-0.0017174,buy
2019-08-20,0.86,0,0,0, 0.004950749, 0.00795117, 0.0066549, 0.0103829, 0.0135293,buy
2019-08-21,1.8,0,0,0,-0.009169276,-0.00916928,-0.0081985,-0.0076777,-0.0056749,sell
2019-08-22,0.7,0,0,0,-0.006124813,-0.00327928,-0.0049097,-0.0004289,-0.0057607,sell
2019-08-23,0,0,0,0,-0.017332973,-0.01633444,-0.0081071,-0.0059868,-0.0138071,sell
2019-08-24,0,0,0,0,-0.015882254,-0.00809743,-0.0102511,-0.0135128,-0.0168749,sell
2019-08-25,1.25,0,0,0.11, 0.001571037, 0.00107188, 0.0010719,-0.0128497, 0.0011647,sell
2019-08-26,2.52,0,0,0.4,-0.013979622,-0.01298825,-0.0119909,-0.0140946,-0.0130119,sell
2019-08-27,2.57,0,0,0.29,-0.004973942,-0.00366211,-0.0076783,-0.0082298,-0.0031829,buy
2019-08-28,2.85,0,0,0,-0.006369629,-0.00434476, 0.0061285,-0.0060718,-0.0060718,sell
2019-08-29,2.85,0,0,0, 0.000098961, 0.00109123, 0.0082988,-0.0027488,-0.0027488,buy
2019-08-30,2.52,0,0,0,-0.014128469,-0.01183296,-0.0041512,-0.0138633,-0.0112371,sell
2019-08-31,2.55,0,0,0,-0.001961982,-0.00799023, 0.0069836,-0.0016990,-0.0082932,sell
2019-09-01,3.9,0,0,0.19, 0.006848685, 0.01721736, 0.0162878, 0.0159109, 0.0031229,buy
2019-09-02,2.28,0.04,0,0.39, 0.004968038, 0.00803917, 0.0069881, 0.0069881, 0.0069881,buy
2019-09-03,0.46,0.11,0,0.29, 0.001163295, 0.00154520,-0.0011988,-0.0001308,-0.0008586,buy
2019-09-04,1,0.2,0,0.1,-0.011751235,-0.01226205,-0.0084984,-0.0117512,-0.0117512,sell
2019-09-05,3,0.11,0,0.23, 0.006758690, 0.00516598, 0.0077926, 0.0079202, 0.0077926,buy
2019-09-06,4.53,0.15,0,0.5,-0.014217539,-0.00818170,-0.0141232,-0.0103630,-0.0118605,sell
2019-09-07,4.32,0.2,0,0.36,-0.016411875,-0.00816793,-0.0168416,-0.0109645,-0.0127102,sell
2019-09-08,4.34,0.12,0,0.47,-0.014714979,-0.00558365,-0.0137039,-0.0088088,-0.0109763,sell
2019-09-09,3.56,0.15,0,0.42,-0.017576313,-0.00478015,-0.0196158,-0.0124345,-0.0108649,sell
2019-09-10,2.01,0.2,0,0.34,-0.010603255,-0.00964220,-0.0127576,-0.0171885,-0.0112624,sell
2019-09-11,2.85,0.16,0,0.33,-0.008330966,-0.00852308,-0.0082913,-0.0082913,-0.0088492,sell
2019-09-12,4.75,0.13,0,0.4,-0.012291204,-0.00850616,-0.0122421,-0.0098039,-0.0119923,sell
2019-09-13,3.77,0.17,0,0.3,-0.003099005,-0.00158004,-0.0022206,-0.0017553,-0.0022206,buy
2019-09-14,1.83,0.2,0,0.18, 0.003742343,-0.00062394, 0.0018324, 0.0010724, 0.0134331,buy
2019-09-15,0.64,0.13,0,0.11,-0.010900773,-0.01780920,-0.0078544, 0.0001210,-0.0102114,sell
2019-09-16,0.38,0.07,0,0.07, 0.002975939, 0.00193633, 0.0019363,-0.0017424,-0.0040899,buy
2019-09-17,0.68,0.04,0,0, 0.006156814, 0.00881134, 0.0061568, 0.0006758,-0.0011290,buy
2019-09-18,1.56,0,0,0, 0.012415231, 0.01373594, 0.0037546, 0.0079180, 0.0071592,buy
2019-09-19,2.62,0,0,0, 0.005122739, 0.01012306, 0.0049068, 0.0058837, 0.0058837,buy
2019-09-20,3.25,0,0,0,-0.012549266,-0.00899004,-0.0125493,-0.0113583,-0.0155047,sell
2019-09-21,2.48,0,0,0.14,-0.008088280, 0.00287379,-0.0053278,-0.0053278,-0.0098159,buy
2019-09-22,1.17,0,0,0.39,-0.005414500,-0.00019707,-0.0022403,-0.0048307,-0.0161915,sell
2019-09-23,0,0,0.62,0.26, 0.000038652,-0.00174952,-0.0007836,-0.0005206,-0.0001684,buy
2019-09-24,0,0,2,0.16, 0.002040215,-0.00279674, 0.0008360, 0.0002285, 0.0131914,buy
2019-09-25,0,0,1.72,0.49, 0.008461306, 0.00899580,-0.0009959,-0.0043803, 0.0089958,buy
2019-09-26,0,0,0.48,0.7,-0.016907808,-0.01639997,-0.0164606,-0.0090089,-0.0124790,sell
2019-09-27,0.43,0,0.72,0.51,-0.013801432,-0.01104575,-0.0117808,-0.0110457, 0.0034860,sell
2019-09-28,0.79,0,1.93,0.1,-0.013553712,-0.00409860,-0.0019848,-0.0097410,-0.0111700,sell
2019-09-29,1.44,0,1.96,0.1,-0.004901931,-0.00485654,-0.0048565, 0.0027861,-0.0049555,sell
2019-09-30,1.78,0,0.74,0.31, 0.008933224, 0.00937965, 0.0092979, 0.0037726, 0.0143831,buy
2019-10-01,1.18,0,0,0.4,-0.004754242,-0.00523898,-0.0037575,-0.0098727,-0.0154505,sell
2019-10-02,0.63,0,0,0.16,-0.007104017,-0.00280800,-0.0039736,-0.0048382,-0.0095375,sell
2019-10-03,0.34,0,0,0, 0.003525082, 0.01327783, 0.0103867, 0.0104680, 0.0146429,buy
2019-10-05,0,0.04,0,0.08,-0.001089138,-0.00185466,-0.0027030,-0.0027030,-0.0027481,buy
2019-10-06,0,0.14,0,0.2, 0.003244694,-0.00804804,-0.0121940,-0.0085996,-0.0082554,sell
2019-10-07,0,0.2,0,0.4,-0.012789298,-0.00279188,-0.0047365,-0.0076586,-0.0081386,sell
2019-10-08,0,0.08,0,0.34,-0.001642589,-0.00164259, 0.0097245,-0.0017978,-0.0016426,buy
2019-10-09,0,0,0,0.14,-0.015328304,-0.00635149,-0.0107586,-0.0130029,-0.0088303,sell
2019-10-11,0,0.07,0.53,0, 0.005414344, 0.00436127, 0.0047642, 0.0067926, 0.0058644,buy
2019-10-12,0,0.2,1.62,0.12, 0.012315936, 0.01687530, 0.0176888, 0.0199470, 0.0176888,buy
2019-10-13,0,0.18,3.41,0.29, 0.014679037, 0.01611046, 0.0102447, 0.0184994, 0.0110461,buy
2019-10-14,0.63,0.06,3.66,0.39, 0.010592720, 0.01066039, 0.0124721, 0.0147910, 0.0112132,buy
2019-10-15,1.78,0,1.77,0.22, 0.009037742, 0.00596670, 0.0090377, 0.0090377, 0.0076389,buy
2019-10-16,1.71,0,0.73,0.09,-0.014058524,-0.01498978,-0.0138188,-0.0071281,-0.0131197,sell
2019-10-17,0.61,0,0,0, 0.007607730, 0.00156491, 0.0095059, 0.0006612, 0.0003039,buy
2019-10-18,0,0,1.18,0,-0.011174160,-0.00543701,-0.0111408,-0.0064563,-0.0084635,sell
2019-10-19,0,0,3.01,0, 0.007549281, 0.01035056, 0.0075493, 0.0070823, 0.0023437,buy
2019-10-20,0.68,0,3.88,0, 0.006999028,-0.00251645,-0.0015326,-0.0025165,-0.0007937,buy
2019-10-21,1.77,0,2.08,0,-0.013076437,-0.01202993,-0.0129649,-0.0131726,-0.0121774,sell
2019-10-22,1.48,0.07,0.8,0, 0.000241093,-0.00905557,-0.0106223,-0.0092408,-0.0046517,sell
2019-10-23,0.48,0.18,0.41,0,-0.001416996,-0.00219251, 0.0047948,-0.0035318,-0.0033202,buy
2019-10-24,0,0.2,1.21,0.1, 0.011416416, 0.01593690, 0.0117200, 0.0141456, 0.0161079,buy
2019-10-25,0,0.09,1.98,0.17, 0.010722252, 0.00075627, 0.0090820, 0.0126882, 0.0037182,buy
2019-10-26,0,0.18,1.04,0.29, 0.018359588, 0.01310960, 0.0136792, 0.0144159, 0.0091672,buy
2019-10-27,0,0.34,0.35,0.4,-0.007472133,-0.00178443,-0.0107175, 0.0002046, 0.0053452,buy
2019-10-28,0,0.34,0,0.32,-0.005907524,-0.00243781,-0.0148916, 0.0004594, 0.0001860,buy
2019-10-29,0,0.15,0,0.19,-0.003423106,-0.00695599,-0.0015422,-0.0082653,-0.0077342,sell
2019-10-30,0,0.04,0,0.11, 0.013625345, 0.00330226, 0.0079072, 0.0079072, 0.0112617,buy
2019-10-31,0,0,0,0.07,-0.004688128, 0.00133981,-0.0042943,-0.0042943, 0.0106109,buy
2019-11-01,0,0,0,0,-0.007229084,-0.00330530,-0.0010587,-0.0031686,-0.0017174,buy
2019-11-02,0,0,0,0.1,-0.009544348,-0.00442970, 0.0022848, 0.0033582, 0.0019843,buy
2019-11-03,0,0,0,0.17, 0.000748457,-0.01034602,-0.0054439,-0.0036394,-0.0107149,sell
2019-11-04,0,0,0,0.3,-0.000380404,-0.00173748,-0.0038139,-0.0096378,-0.0028494,sell
2019-11-05,0,0,0,0.4, 0.006988264,-0.00461252, 0.0091831,-0.0038753,-0.0001142,buy
2019-11-06,0.36,0,0.47,0.29,-0.010660728,-0.00931618,-0.0134887,-0.0038979,-0.0093162,sell
2019-11-07,0.88,0,1.07,0.16, 0.006840296, 0.00462331, 0.0062822, 0.0047141, 0.0065131,buy
2019-11-08,1.8,0.04,2.99,0.09, 0.005271934, 0.00797932, 0.0042413, 0.0083694, 0.0082669,buy
2019-11-09,1.43,0.09,3.94,0, 0.006923134, 0.00662727, 0.0069313, 0.0048884, 0.0053115,buy
2019-11-10,0.58,0.24,3.63,0,-0.002068065, 0.00117412,-0.0062031,-0.0051822,-0.0029278,buy
2019-11-11,0,0.28,2.53,0, 0.010526145, 0.00968213, 0.0105131, 0.0106407, 0.0105261,buy
2019-11-12,0.61,0.26,3.92,0,-0.001186732,-0.00118673,-0.0035911, 0.0029784,-0.0011867,buy
2019-11-13,1.77,0.1,5.79,0.17, 0.006332870, 0.01473106, 0.0026027, 0.0079196,-0.0009392,buy
2019-11-14,1.69,0,4.09,0.4,-0.007316872,-0.00720222,-0.0219691,-0.0100792,-0.0039771,sell
2019-11-15,0.62,0,1.92,0.29, 0.010028679, 0.00816436, 0.0100287, 0.0100287, 0.0104936,buy
2019-11-16,0,0,0.55,0.1,-0.010765738, 0.00362152,-0.0112503,-0.0091416, 0.0043516,buy
2019-11-17,0,0,0.37,0, 0.001208944, 0.00398073, 0.0081405, 0.0031400, 0.0042909,buy
2019-11-21,0,0.04,0,0,-0.006532196,-0.01014214,-0.0088278,-0.0084422,-0.0093535,sell
2019-11-22,0,0.07,0,0,-0.009872455,-0.01074208,-0.0108950,-0.0090721,-0.0070040,sell
2019-11-23,0,0.13,0,0, 0.005277227,-0.00591381, 0.0006574, 0.0016319,-0.0010929,buy
2019-11-24,0,0.2,0,0,-0.001900622,-0.00299322,-0.0006457,-0.0002395,-0.0029431,buy
2019-11-25,0,0.17,0,0,-0.007508932,-0.00945102,-0.0075089,-0.0103293,-0.0188799,sell
2019-11-26,0.53,0.14,0,0, 0.009878241, 0.01568720, 0.0109208, 0.0087166, 0.0098054,buy
2019-11-27,1.92,0.2,0,0, 0.002375611,-0.00061753, 0.0030885, 0.0004937, 0.0023220,buy
2019-11-28,3.55,0.2,0.63,0,-0.003496421,-0.00401969,-0.0072412,-0.0053371,-0.0034964,sell
2019-11-29,2.44,0.09,1.52,0,-0.002957942, 0.00198984, 0.0020555,-0.0017229, 0.0078367,buy
2019-11-30,0.85,0,2.48,0,-0.008158485,-0.00166293, 0.0016135, 0.0005682, 0.0005682,buy
2019-12-01,0,0,2.32,0, 0.001846377, 0.01187244, 0.0127171, 0.0072790, 0.0059044,buy
2019-12-02,0,0,3.26,0,-0.004420153,-0.00283971,-0.0025930,-0.0097199,-0.0062097,sell
2019-12-03,0,0,3.94,0, 0.012581535,-0.00395948,-0.0021202,-0.0032729,-0.0073056,sell
2019-12-04,0,0,2.5,0,-0.006926341,-0.00575200,-0.0109519,-0.0068727,-0.0068727,sell
2019-12-05,0.32,0,1,0,-0.012569104,-0.00922103,-0.0162344,-0.0109762,-0.0116417,sell
2019-12-06,1.14,0,0.61,0.11, 0.015399783, 0.00959219, 0.0095922, 0.0086318, 0.0126581,buy
2019-12-07,1.77,0.05,1.06,0.28, 0.013219238, 0.01035535, 0.0131004, 0.0170456, 0.0065437,buy
2019-12-08,0.76,0.1,1.98,0.4,-0.002811353,-0.00772916,-0.0069956, 0.0039725,-0.0028114,buy
2019-12-09,0,0.2,1.8,0.23, 0.002687215, 0.00402903, 0.0057865, 0.0186005, 0.0040290,buy
2019-12-10,0.41,0.18,0.61,0.09,-0.006885595,-0.01148155,-0.0026487,-0.0122749,-0.0125055,sell
2019-12-11,0.73,0.09,0,0,-0.005875548,-0.00364008,-0.0080405,-0.0045017,-0.0046642,sell
2019-12-12,1.32,0.04,0,0, 0.016280487, 0.00418999, 0.0162805, 0.0113528, 0.0098886,buy
2019-12-13,1.8,0,0,0, 0.006200174, 0.00381325, 0.0103172, 0.0030681, 0.0094061,buy
2019-12-14,1.33,0,0,0, 0.012487795, 0.00851550, 0.0051042, 0.0077263, 0.0109175,buy
2019-12-15,0.74,0,0.36,0, 0.017721250, 0.01306984, 0.0132412, 0.0177212, 0.0148990,buy
2019-12-16,0.41,0,0.59,0, 0.000178497,-0.00562023, 0.0019829,-0.0048715,-0.0132277,sell
2019-12-17,0,0,0.96,0,-0.007013010,-0.01310190,-0.0159766,-0.0138395,-0.0156925,sell
2019-12-18,0,0,1.59,0.08,-0.004824799,-0.00358422, 0.0025917,-0.0060946,-0.0016339,buy
2019-12-19,0,0,2.44,0.3,-0.018622657,-0.01049898,-0.0191409,-0.0252895,-0.0104990,sell
2019-12-20,0,0,2.27,0.46, 0.007529782, 0.00480184, 0.0088062, 0.0078847, 0.0084496,buy
2019-12-21,0,0,2.3,0.33,-0.016048431,-0.01004416,-0.0202385,-0.0214340,-0.0100442,sell
2019-12-22,0,0,2.53,0.39,-0.006566536,-0.01058908,-0.0065665,-0.0098681,-0.0075743,sell
2019-12-23,0.75,0,1.93,0.25, 0.003392820, 0.00631064, 0.0056772, 0.0059332, 0.0073027,buy
2019-12-24,1.78,0,0.9,0.08,-0.006130629,-0.00513302,-0.0061306,-0.0051330,-0.0061306,sell
2019-12-25,1.66,0,0.51,0,-0.010600753,-0.00750063,-0.0106008,-0.0105689,-0.0102102,sell
2019-12-26,0.66,0,0,0, 0.006015873, 0.00727488, 0.0077485, 0.0163013, 0.0069442,buy
2019-12-27,0,0,0,0,-0.000716756, 0.00555448, 0.0035985, 0.0078768,-0.0003603,buy
2019-12-28,0,0,0,0.11,-0.002383616, 0.00510720,-0.0033222,-0.0024254, 0.0104456,buy
2019-12-29,0.46,0,0,0.34,-0.009944661,-0.00157836,-0.0094243,-0.0032670,-0.0032670,buy
2019-12-30,1.77,0,0,0.39, 0.000726715, 0.00076466,-0.0000602, 0.0033300, 0.0018216,buy
2019-12-31,1.63,0,0,0.15, 0.002521072, 0.00252107, 0.0025211,-0.0001775, 0.0082044,buy
2020-01-01,1.05,0,0,0,-0.000928251,-0.00363030,-0.0038396,-0.0026198,-0.0037539,sell
2020-01-02,1.59,0,0,0, 0.012879325, 0.01144794, 0.0128793, 0.0128201, 0.0125767,buy
2020-01-03,1.77,0,0,0, 0.006697057, 0.00373584, 0.0066971, 0.0070511, 0.0049492,buy
2020-01-04,1.27,0,0,0,-0.002159743,-0.00697820,-0.0085948,-0.0053919,-0.0073231,sell
2020-01-05,2.12,0,0.62,0,-0.009756090,-0.00896558,-0.0089656,-0.0098438,-0.0069562,sell
2020-01-06,1.71,0,1.52,0, 0.009211925, 0.00640150, 0.0087011, 0.0063096,-0.0034016,buy
2020-01-07,0.43,0,2.85,0, 0.001925077,-0.00055270, 0.0020265, 0.0026168,-0.0043498,buy
2020-01-08,0,0,3.04,0, 0.002921924, 0.00174957, 0.0002247,-0.0000496, 0.0015804,buy
2020-01-09,0,0,1.47,0, 0.016317893, 0.00838171, 0.0083817, 0.0087331, 0.0083817,buy
2020-01-10,0,0,0,0,-0.000716756, 0.00555448, 0.0035985, 0.0078768,-0.0003603,buy
2020-01-11,0,0,0,0,-0.009461908,-0.01720530,-0.0139660,-0.0122156,-0.0174065,sell
2020-01-12,0,0,0,0, 0.014404078, 0.00670376,-0.0002153, 0.0144041, 0.0128739,buy
2020-01-13,0,0,0,0, 0.015384301, 0.00670376,-0.0002308, 0.0153843, 0.0128739,buy
2020-01-14,0,0,0.67,0,-0.000172279, 0.02063858, 0.0096198, 0.0172522, 0.0164643,buy
2020-01-15,0,0,1.98,0, 0.008018557, 0.00736094, 0.0016050, 0.0040650, 0.0078944,buy
2020-01-16,0,0,1.93,0,-0.010282139,-0.00376290,-0.0036158, 0.0009167,-0.0044382,sell
2020-01-17,0,0,0.66,0.22,-0.003636647,-0.00511866,-0.0047302,-0.0079541,-0.0047302,sell
2020-01-18,0,0,0,0.39,-0.006209060,-0.01165983,-0.0086963,-0.0095854,-0.0113114,sell
2020-01-19,0,0,0,0.15,-0.012430057,-0.01118464,-0.0113481,-0.0169348,-0.0128950,sell
2020-01-21,0,0,0.5,0.12,-0.006621716, 0.01073877,-0.0028061, 0.0021408, 0.0073446,buy
2020-01-22,0,0,1.2,0.3,-0.004146077, 0.00477640,-0.0041377, 0.0029890,-0.0010201,buy
2020-01-23,0,0,2.82,0.57,-0.002301242,-0.00345081, 0.0020685,-0.0000395, 0.0052559,buy
2020-01-24,0,0,3.42,0.64,-0.009296357,-0.00929636,-0.0059535,-0.0074342, 0.0021426,buy
2020-01-25,0,0,4.5,0.82,-0.011898977,-0.01226560,-0.0122656,-0.0143832,-0.0078685,sell
2020-01-26,0,0,2.99,0.68,-0.003758750,-0.00375875,-0.0026789,-0.0037588,-0.0030967,buy
2020-01-27,0,0,1.19,0.7,-0.011132240,-0.00271112,-0.0020761,-0.0099949,-0.0023139,sell
2020-01-28,0,0,0,0.66, 0.001614646,-0.00610899,-0.0059986, 0.0159180, 0.0159180,buy
2020-01-29,0,0,0,0.46, 0.002716215, 0.00271621, 0.0003276, 0.0043378, 0.0086963,buy
2020-01-30,0,0,0,0.27, 0.001400053, 0.00730835, 0.0053235,-0.0053351, 0.0003347,buy
2020-01-31,0,0,0.51,0.09,-0.001645398, 0.00614464,-0.0068068,-0.0007995, 0.0059808,buy
2020-02-01,0,0,1.41,0,-0.000452293,-0.00004774, 0.0122092, 0.0060245, 0.0006625,buy
2020-02-02,0,0,2.78,0, 0.006679456, 0.01070410, 0.0066795, 0.0100492, 0.0029877,buy
2020-02-03,0,0,2.97,0.09,-0.002958003,-0.00301899,-0.0049398, 0.0005076,-0.0135428,sell
2020-02-04,0,0,3.31,0.17, 0.004146438,-0.00069785, 0.0030695, 0.0041464, 0.0019268,buy
2020-02-05,0,0,2.69,0.35,-0.005840647,-0.00761380,-0.0090161,-0.0070200,-0.0014512,buy
2020-02-06,0,0,0.94,0.4, 0.010474450, 0.00494069, 0.0066594, 0.0049748, 0.0126171,buy
2020-02-07,0,0,0,0.22, 0.000496472,-0.00210139,-0.0056270,-0.0062607,-0.0127551,sell
2020-02-08,0,0,0,0.11,-0.001796053, 0.00362527,-0.0007982,-0.0002648, 0.0021124,buy
2020-02-18,0.44,0,0.35,0,-0.001431750,-0.00155576,-0.0012190,-0.0039136,-0.0033352,buy
2020-02-19,0.78,0,0.47,0, 0.001785413,-0.00138575,-0.0039300,-0.0019476,-0.0002769,buy
2020-02-20,1.4,0,1.1,0,-0.020866386,-0.01626306,-0.0211422,-0.0111119,-0.0205983,sell
2020-02-21,1.8,0,1.99,0.09,-0.013949687,-0.01394969,-0.0136092,-0.0045934,-0.0139497,sell
2020-02-22,1.25,0,3.09,0.21, 0.016276009, 0.00718477, 0.0027442, 0.0067695, 0.0054245,buy
2020-02-23,0.7,0,2.85,0.4, 0.005518172, 0.00548053, 0.0005392, 0.0062280, 0.0027831,buy
2020-02-24,0.39,0,2.52,0.31, 0.015200687, 0.01388716, 0.0149646, 0.0154268, 0.0151607,buy
2020-02-25,0,0,3.27,0.14,-0.004183439,-0.00418344,-0.0029986, 0.0134572,-0.0034263,buy
2020-02-26,0,0,3.54,0, 0.003861553, 0.00374044, 0.0056328,-0.0111055, 0.0038101,buy
2020-02-27,0,0,2.42,0.16,-0.028412684,-0.00664593,-0.0183748,-0.0133633,-0.0266515,sell
2020-02-28,0,0,2.58,0.4,-0.004189426,-0.00781990,-0.0041894,-0.0071000,-0.0047673,sell
2020-02-29,0,0,2.67,0.37,-0.005518335,-0.00906629,-0.0078322,-0.0091318,-0.0042005,sell
2020-03-01,0,0,1.4,0.22, 0.002842018, 0.00077245,-0.0107268, 0.0060486,-0.0112692,buy
2020-03-02,0,0,0.76,0.21,-0.003793906,-0.00269590,-0.0020383,-0.0040718,-0.0037939,sell
2020-03-03,0,0,0.47,0.39,-0.004405877,-0.01283793,-0.0103602, 0.0020841,-0.0127504,sell
2020-03-04,0,0,1.95,0.3,-0.012727190,-0.01885816,-0.0123606,-0.0156881,-0.0193969,sell
2020-03-05,0,0,1.7,0.12,-0.001665411, 0.00250538,-0.0002485, 0.0003387, 0.0020204,buy
2020-03-06,0,0,0.41,0, 0.005330912,-0.00405253,-0.0055809,-0.0055809,-0.0070682,sell
2020-03-07,0,0,0,0,-0.019587960,-0.01842791,-0.0190967,-0.0184279,-0.0188764,sell
2020-03-08,0,0,0,0,-0.001871083,-0.00750223,-0.0000041,-0.0032484,-0.0018711,buy
2020-03-09,0,0,0.63,0, 0.001800504, 0.02172644, 0.0170104, 0.0199200, 0.0182284,buy
2020-03-10,0,0,1.32,0.08,-0.009710480,-0.01470879,-0.0152455,-0.0147088,-0.0147088,sell
2020-03-11,0,0,2.45,0.1,-0.019440518,-0.00772620, 0.0077130,-0.0064672,-0.0172784,sell
2020-03-12,0,0,2.68,0.11,-0.017589106,-0.01149495,-0.0051729,-0.0062435,-0.0222279,sell
2020-03-13,0,0,3.24,0.11,-0.005731103,-0.00654412,-0.0062114,-0.0014396,-0.0026149,buy
2020-03-14,0,0,3.98,0.11, 0.013553027,-0.00230142,-0.0017383,-0.0035498,-0.0045178,sell
2020-03-15,0,0,2.97,0.1,-0.003018988,-0.00301899,-0.0041794, 0.0006407,-0.0136289,sell
2020-03-16,0,0,1.9,0.09,-0.008040564,-0.00614786, 0.0066674,-0.0061536,-0.0064360,sell
2020-03-17,0,0,1.62,0.08,-0.000675907,-0.00055975, 0.0022584,-0.0044584,-0.0048050,sell
2020-03-18,0,0,2.28,0,-0.011098040,-0.01109804,-0.0157277,-0.0031955,-0.0088715,sell
2020-03-19,0,0,3.93,0,-0.003850623,-0.00528841,-0.0093958, 0.0041272, 0.0047800,buy
2020-03-20,0,0,4.16,0, 0.009099235, 0.01215103, 0.0198541, 0.0126210, 0.0175378,buy
2020-03-21,0,0,3.75,0, 0.015994038,-0.01023227,-0.0062998, 0.0187044, 0.0181195,buy
2020-03-22,0,0,4.59,0, 0.008983865, 0.01213766, 0.0182552, 0.0138648, 0.0163860,buy
2020-03-23,0,0,3.38,0, 0.013352198,-0.01444533,-0.0061363, 0.0119112, 0.0157394,buy
2020-03-24,0,0,1.57,0, 0.023016917, 0.02447238, 0.0220684, 0.0220684, 0.0244724,buy
2020-03-25,0.35,0,0.41,0, 0.009974175, 0.02031859, 0.0220674, 0.0222590, 0.0220674,buy
2020-03-26,0.72,0,0,0, 0.010817757, 0.01301755, 0.0115416, 0.0137042, 0.0172073,buy
2020-03-27,2.2,0,0,0, 0.006668171, 0.00831627, 0.0069468, 0.0113802, 0.0217062,buy
2020-03-28,3.35,0,0,0,-0.013756723,-0.01293550,-0.0098906,-0.0133874,-0.0175646,sell
2020-03-29,2.78,0,0,0, 0.002109415, 0.00584895, 0.0039345,-0.0027344,-0.0017611,buy
2020-03-30,1.34,0,0,0, 0.013401902, 0.00981968, 0.0054494, 0.0120317, 0.0085760,buy
2020-03-31,0.38,0,0,0,-0.006546845, 0.01481845, 0.0068850,-0.0135597, 0.0068850,buy
2020-04-01,0,0,0,0, 0.017596959, 0.01759696, 0.0134930, 0.0018409, 0.0039305,buy
2020-04-02,0.48,0,0,0, 0.008528528, 0.01584520, 0.0101121, 0.0095472, 0.0125939,buy
2020-04-03,1.03,0,0,0,-0.012410524,-0.01550945,-0.0124105,-0.0190638,-0.0108997,sell
2020-04-04,2.12,0,0,0.08, 0.018554185, 0.01749682, 0.0185542, 0.0153715,-0.0036589,buy
2020-04-05,1.9,0,0,0.14,-0.008033955,-0.01045670,-0.0149939,-0.0056173,-0.0181542,sell
2020-04-06,1.29,0,1.08,0.25, 0.011449273, 0.02417567, 0.0189955, 0.0215947, 0.0202064,buy
2020-04-07,1.45,0,3.65,0.4,-0.016683897,-0.01563804,-0.0229550,-0.0171203,-0.0085445,sell
2020-04-08,1.4,0,3.69,0.36,-0.012956850,-0.01428478,-0.0196607,-0.0143847,-0.0059252,sell
2020-04-09,1.77,0,1.1,0.2, 0.001543470, 0.00001631, 0.0015435, 0.0093413, 0.0091013,buy
2020-04-10,2.25,0,0.48,0.11, 0.008851044, 0.01084719, 0.0097284, 0.0099723, 0.0072366,buy
2020-04-11,2.32,0,1.9,0,-0.006284784,-0.01655086, 0.0014985,-0.0093134,-0.0177759,sell
2020-04-12,1.95,0,2,0.11,-0.003437810,-0.00408224, 0.0140721, 0.0162757,-0.0074257,buy
2020-04-13,1.65,0,0.49,0.38, 0.000566443,-0.00041574,-0.0004157,-0.0043950,-0.0009924,buy
2020-04-14,1.45,0,0,0.67, 0.019906641, 0.01548867, 0.0199066, 0.0140594, 0.0154887,buy
2020-04-15,1.3,0,0.37,0.65, 0.020335675, 0.01552835, 0.0203357, 0.0139175, 0.0155284,buy
2020-04-16,1.18,0,1.83,0.37, 0.000946261,-0.00040548,-0.0011740,-0.0004055,-0.0112285,buy
2020-04-17,1.09,0,4.15,0.12,-0.006904452,-0.01031507,-0.0133366,-0.0069941,-0.0084770,sell
2020-04-18,0.74,0,4.55,0,-0.011474119,-0.00287945,-0.0150208,-0.0087954,-0.0104458,sell
2020-04-19,0.74,0,2.93,0.13, 0.011679567, 0.01237960, 0.0103240, 0.0057591, 0.0045744,buy
2020-04-20,0.72,0,1.22,0.3, 0.010951927, 0.00764487, 0.0123953, 0.0121350, 0.0068108,buy
2020-04-21,0.71,0,0,0.4,-0.012973145,-0.01721069,-0.0206794,-0.0206794,-0.0048225,sell
2020-04-22,0.68,0,0,0.22, 0.003267706,-0.01216251,-0.0056484,-0.0029532,-0.0004248,buy
2020-04-23,0.64,0,0,0.1,-0.011653424,-0.00761179,-0.0116300,-0.0087977,-0.0091438,sell
2020-04-24,0.59,0,0,0.21,-0.025878588,-0.01494502,-0.0064469,-0.0063752,-0.0090878,sell
2020-04-25,0.54,0,0,0.66, 0.004079234, 0.00363458, 0.0034383, 0.0100074, 0.0093058,buy
2020-04-26,0.48,0,0,0.51,-0.001251038,-0.00610212,-0.0035272, 0.0022690,-0.0035272,buy
2020-04-27,0.41,0,0,0.2,-0.007296963,-0.00889943,-0.0020116,-0.0088994,-0.0029863,buy
2020-04-28,0.36,0,0,0.46,-0.009172491, 0.00506905, 0.0093734,-0.0087707,-0.0048542,buy
2020-04-29,0,0,0,0.34, 0.018053943, 0.01880517, 0.0191564, 0.0180057, 0.0169866,buy
2020-04-30,0,0,0,0.15,-0.003320689, 0.01450072,-0.0032984,-0.0010316,-0.0055366,buy
2020-05-01,0,0,0,0.21, 0.016940528, 0.00918796, 0.0116610, 0.0070915, 0.0176357,buy
2020-05-02,0,0,0,0.29, 0.005947068, 0.00250442,-0.0007281, 0.0008199,-0.0006857,buy
2020-05-03,0,0,0,0.38,-0.001453783,-0.00111172,-0.0060214, 0.0065827,-0.0042954,buy
2020-05-04,0,0,0,0.4, 0.010471268, 0.00249233, 0.0117843, 0.0131044, 0.0019223,buy
2020-05-05,0,0,0,0.32, 0.015336997, 0.01226074, 0.0153370, 0.0074484, 0.0150014,buy
2020-05-06,0,0,0.78,0.26, 0.012482651, 0.01109534, 0.0127167, 0.0058407, 0.0100823,buy
2020-05-07,0,0,1.95,0.21, 0.008107993, 0.00368066, 0.0088434, 0.0034938, 0.0051394,buy
2020-05-08,0.57,0,1.16,0.18, 0.004525694, 0.00121956, 0.0073713, 0.0049466, 0.0049466,buy
2020-05-09,2.27,0,1.09,0.22, 0.019082619, 0.01648581, 0.0138304, 0.0037998, 0.0050141,buy
2020-05-10,2.51,0,1.98,0.39, 0.013065646, 0.01306565, 0.0122107, 0.0130656, 0.0121980,buy
2020-05-11,1.2,0,1.52,0.52, 0.006429365, 0.00903241, 0.0079482, 0.0064294, 0.0062660,buy
2020-05-12,1.77,0,0.66,0.29,-0.009929575,-0.00509724,-0.0093694,-0.0093273,-0.0067007,sell
2020-05-13,1.91,0,0,0.13,-0.015633772,-0.01288126, 0.0014321,-0.0091384,-0.0075075,sell
2020-05-14,1.35,0,0,0.13, 0.004137677, 0.00120770, 0.0027627,-0.0084164, 0.0013767,buy
2020-05-15,2.18,0,0,0.15, 0.018106531, 0.01329359, 0.0183509, 0.0149385,-0.0059241,buy
2020-05-16,1.93,0,0,0.17,-0.007031553,-0.01221286, 0.0009526,-0.0101178,-0.0132266,sell
2020-05-17,2.19,0,0,0.2,-0.016496830,-0.01505752,-0.0104068,-0.0161302,-0.0012337,sell
2020-05-18,1.38,0,0,0.24,-0.012036275,-0.00462438,-0.0043834,-0.0042484,-0.0059082,sell
2020-05-19,0.58,0,0,0.31, 0.004488520, 0.00237574,-0.0038092, 0.0058428, 0.0064876,buy
2020-05-20,0.47,0,0,0.4, 0.010657837, 0.00664992, 0.0066499, 0.0068675, 0.0127279,buy
2020-05-21,1.12,0,0,0.54,-0.008759022,-0.00745262, 0.0069770,-0.0042736,-0.0064585,sell
2020-05-22,1.8,0,0.55,0.68, 0.013529005, 0.01118192, 0.0135290, 0.0129073, 0.0111819,buy
2020-05-23,1.16,0,0.96,0.45, 0.007692543, 0.00681210, 0.0058583, 0.0085757, 0.0038717,buy
2020-05-24,0.49,0,1.67,0.14, 0.001873267, 0.00639356, 0.0060389, 0.0025560, 0.0053104,buy
2020-05-25,0,0,1.98,0.1, 0.006835242, 0.00149979, 0.0064719, 0.0064719, 0.0012722,buy
2020-05-26,0,0,1.35,0, 0.006502898, 0.00692858,-0.0057790, 0.0013332,-0.0099145,buy
2020-05-27,0,0,0.78,0,-0.010611827,-0.00810994,-0.0120435,-0.0120435,-0.0120435,sell
2020-05-28,0,0,0.45,0, 0.008157253, 0.00815725, 0.0068666, 0.0129338, 0.0053665,buy
2020-05-31,0,0,0,0.08,-0.008520877,-0.00023677, 0.0008167, 0.0051052, 0.0043456,buy
2020-06-01,0,0,0,0.23,-0.008958168,-0.00962875,-0.0107805,-0.0137660,-0.0111407,sell
2020-06-02,0,0,0,0.51,-0.017407832,-0.01719994,-0.0171999,-0.0157159,-0.0127495,sell
2020-06-03,0,0,0.59,0.58,-0.010996080,-0.01116119,-0.0103934,-0.0042318,-0.0039904,sell
2020-06-04,0,0,1.35,0.37,-0.003217120, 0.00088305,-0.0050550,-0.0017127,-0.0032171,buy
2020-06-05,0,0,2,0.32, 0.003246650,-0.00226225,-0.0136203,-0.0134211,-0.0038112,sell
2020-06-06,0,0,1.34,0.4, 0.004723065, 0.00427814, 0.0042781, 0.0026419, 0.0106616,buy
2020-06-07,0,0,0.66,0.38, 0.007090907,-0.00491860, 0.0030007, 0.0058679, 0.0020357,buy
2020-06-08,0,0,0.34,0.29, 0.004618677, 0.01235562, 0.0026794,-0.0015997, 0.0069158,buy
2020-06-09,0,0,0,0.34, 0.018053943, 0.01880517, 0.0191564, 0.0180057, 0.0169866,buy
2020-06-10,0,0,0,0.45, 0.008816292, 0.00922001, 0.0074437, 0.0091991, 0.0147568,buy
2020-06-11,0,0,0,0.52,-0.026862351,-0.02748405,-0.0274841,-0.0248104,-0.0211498,sell
2020-06-12,0,0,0,0.34,-0.016900079,-0.01938899,-0.0174583,-0.0174583,-0.0083524,sell
2020-06-13,0,0,0,0.17, 0.012854717, 0.00906112, 0.0110313, 0.0090611, 0.0123756,buy
2020-06-14,0,0,0,0, 0.006436498, 0.00643650, 0.0062931, 0.0064365, 0.0075805,buy
2020-06-15,0,0,0.35,0, 0.005330912, 0.00624262, 0.0047143, 0.0047143,-0.0070682,buy
2020-06-16,0,0,0.62,0, 0.001366877, 0.00664995, 0.0019137, 0.0063566, 0.0028135,buy
2020-06-17,0,0,1.53,0, 0.006206939, 0.00030753, 0.0056055, 0.0150934, 0.0063679,buy
2020-06-18,0,0,2.82,0, 0.006679456, 0.01070410, 0.0066795, 0.0099577, 0.0027879,buy
2020-06-19,0,0,3.53,0,-0.015890074,-0.01264812,-0.0190109,-0.0175670,-0.0088369,sell
2020-06-20,0,0,3.1,0, 0.006539835, 0.00627159, 0.0065398,-0.0027178,-0.0025647,buy
2020-06-21,0,0,1.91,0,-0.003330815,-0.00208844,-0.0020533, 0.0019017,-0.0027487,buy
2020-06-22,0,0,1.02,0, 0.002438071,-0.00043330,-0.0003341, 0.0011980, 0.0011980,buy
2020-06-23,0,0,0.35,0,-0.002652776, 0.00047859, 0.0012040,-0.0040614, 0.0045929,buy
2020-06-25,0,0,0.45,0, 0.009013355,-0.00899028, 0.0120495, 0.0071386, 0.0038302,buy
2020-06-26,0,0,0.81,0,-0.007847232,-0.00026771, 0.0033069,-0.0048540, 0.0029060,buy
2020-06-27,0,0,1.86,0, 0.006287399,-0.00894294,-0.0016129, 0.0000164, 0.0047959,buy
2020-06-28,0,0,2.66,0, 0.004525332, 0.00225612, 0.0054639, 0.0122648, 0.0039929,buy
2020-06-29,0,0,3.3,0, 0.012971423,-0.01528336,-0.0008928, 0.0089527, 0.0130684,buy
2020-06-30,0,0,4.35,0, 0.010093234, 0.01213766, 0.0192332, 0.0126210, 0.0173640,buy
2020-07-01,0,0,4.37,0, 0.015906206, 0.01472486, 0.0223005, 0.0210689, 0.0213555,buy
2020-07-02,0,0,2.18,0, 0.002780508, 0.00278051, 0.0019388, 0.0013039, 0.0067633,buy
2020-07-03,0,0,1.11,0,-0.008520992,-0.00917575,-0.0085210,-0.0097910,-0.0090290,sell
2020-07-04,0,0,0.37,0,-0.017410523,-0.00771733,-0.0143161,-0.0144511,-0.0182575,sell
2020-07-05,0,0,0,0,-0.015882254,-0.00809743,-0.0102511,-0.0135128,-0.0168749,sell
2020-07-06,0,0,0,0.12,-0.000880050, 0.01313358,-0.0010215, 0.0023687,-0.0071559,buy
2020-07-07,0,0,0,0.27, 0.005101240, 0.00145217,-0.0067374, 0.0064798, 0.0112026,buy
2020-07-08,0,0,0,0.4, 0.011524497, 0.01186407, 0.0061288, 0.0116647, 0.0099933,buy
2020-07-09,0,0,0,0.26, 0.005315870, 0.00339666,-0.0005232, 0.0047436, 0.0026641,buy
2020-07-10,0.37,0,0.34,0.13, 0.001647188, 0.00244998, 0.0032759,-0.0001598,-0.0009465,buy
2020-07-11,0.88,0,0.36,0.07, 0.008372758, 0.00632776, 0.0083728, 0.0044100, 0.0017031,buy
2020-07-12,1.78,0.05,0.36,0,-0.010071633,-0.00331071,-0.0079262,-0.0135598,-0.0099195,sell
2020-07-13,1.49,0.18,0.36,0,-0.004017817,-0.00736848,-0.0051575,-0.0065305,-0.0017940,buy
2020-07-14,0.63,0.3,0.36,0,-0.017060220,-0.02081458,-0.0237714,-0.0137857,-0.0216325,sell
2020-07-15,0,0.3,0.35,0,-0.019669331,-0.02016530,-0.0236949,-0.0146412,-0.0222209,sell
2020-07-16,0,0.21,0,0,-0.015029406,-0.00704252,-0.0155906,-0.0171901,-0.0116208,sell
2020-07-17,0,0.07,0,0, 0.002521871,-0.00533797, 0.0041119, 0.0007405, 0.0009001,buy
2020-07-19,0,0.08,0,0, 0.021215705, 0.00509782, 0.0151693, 0.0085181, 0.0183699,buy
2020-07-20,0,0.2,0.48,0,-0.012146039, 0.01860156, 0.0186016, 0.0145543, 0.0182758,buy
2020-07-21,0,0.19,0.99,0,-0.010855214, 0.00737289,-0.0035864,-0.0123539, 0.0067747,buy
2020-07-22,0,0.08,1.96,0, 0.008630341, 0.01025120, 0.0116923, 0.0086303, 0.0008651,buy
2020-07-23,0,0,1.77,0,-0.020557735,-0.01670975,-0.0205577,-0.0194595,-0.0185895,sell
2020-07-24,0,0,0.73,0,-0.009499091, 0.00009986,-0.0100190,-0.0090925,-0.0100034,sell
2020-07-25,0,0,0,0.21, 0.012745435, 0.00025784,-0.0006747, 0.0032120, 0.0084167,buy
2020-07-26,0,0,0,0.42,-0.006085897,-0.00758069, 0.0004830,-0.0124063,-0.0021868,sell
2020-07-27,0,0,0,0.8,-0.032942655,-0.02314428,-0.0279989,-0.0289218,-0.0172953,sell
2020-07-28,0,0,0,0.7,-0.023965837,-0.02014971,-0.0248294,-0.0120627,-0.0169281,sell
2020-07-29,0.57,0.08,0,0.32, 0.011450231, 0.01139747, 0.0142577, 0.0142467, 0.0109082,buy
2020-07-30,1.78,0.2,0,0.08, 0.001955685, 0.00668042, 0.0084863, 0.0039163, 0.0091498,buy
2020-07-31,1.31,0.2,0,0.18,-0.009499678, 0.00928228,-0.0061551,-0.0061551,-0.0061551,buy
2020-08-01,0,0.2,0,0.38,-0.013147632,-0.00256135,-0.0020135,-0.0130393,-0.0118241,sell
2020-08-02,0,0.13,0,0.59, 0.010623024,-0.00360563, 0.0093881, 0.0044014,-0.0064330,buy
2020-08-03,0,0.2,0,0.56, 0.007914867,-0.00384858, 0.0027335, 0.0047722, 0.0016476,buy
2020-08-04,0,0.16,0,0.51,-0.018106437,-0.01787745,-0.0162844,-0.0167615,-0.0211038,sell
2020-08-05,0,0,0,0.32, 0.008240102,-0.00396626,-0.0014346,-0.0014346, 0.0047917,buy
2020-08-06,0,0,0,0.2, 0.011752901, 0.00983753, 0.0090709, 0.0160325, 0.0118331,buy
2020-08-07,0,0,0,0.13,-0.006991994,-0.00517727,-0.0116712,-0.0093915,-0.0112065,sell
2020-08-08,0,0,0,0.17, 0.002114944,-0.01034602,-0.0053542,-0.0033595,-0.0051343,sell
2020-08-09,0,0,0,0.27, 0.001400053, 0.00730835, 0.0053235,-0.0053351, 0.0003347,buy
2020-08-10,0,0,0,0.58,-0.017426296,-0.00384722,-0.0122958,-0.0072288,-0.0122958,sell
2020-08-11,0,0,0,0.43,-0.002018410,-0.00732488, 0.0004830,-0.0091265,-0.0021868,buy
2020-08-12,0,0,0,0.36, 0.004833228, 0.00858001, 0.0151274, 0.0106929,-0.0004921,buy
2020-08-13,0.4,0,0,0.4, 0.010676003, 0.00889827, 0.0088983, 0.0059430, 0.0133600,buy
2020-08-14,0.71,0,0,0.32,-0.002176177,-0.00447899,-0.0068903,-0.0007325, 0.0027824,buy
2020-08-15,1.25,0,0,0.23,-0.014705543,-0.00957427,-0.0072562,-0.0088713,-0.0092629,sell
2020-08-16,2.99,0,0.39,0.17, 0.021789498, 0.02141623, 0.0187146, 0.0203963, 0.0160433,buy
2020-08-17,3.16,0,0.94,0.13, 0.011018678, 0.01559347, 0.0155935, 0.0128889,-0.0105836,buy
2020-08-18,1.33,0,1.96,0.18,-0.001675907, 0.00009019, 0.0058133, 0.0116652,-0.0051884,buy
2020-08-19,0.43,0,1.69,0.18, 0.003859353, 0.00599719, 0.0048730, 0.0048730, 0.0022236,buy
2020-08-20,0,0,0.69,0.15,-0.019048348,-0.00444696,-0.0110486,-0.0108940,-0.0055425,sell
2020-08-21,0,0,0,0.19,-0.006378153, 0.00209605,-0.0073899, 0.0104684,-0.0072561,buy
2020-08-22,0,0,0,0.25, 0.007765695, 0.00690156, 0.0055397,-0.0115455, 0.0051624,buy
2020-08-23,0,0,0,0.33, 0.012453737, 0.01732920, 0.0170573, 0.0136052, 0.0072073,buy
2020-08-24,0.58,0.08,0,0.4, 0.016249171, 0.01540775, 0.0156815, 0.0144780, 0.0152209,buy
2020-08-25,1.77,0.2,0,0.38, 0.002153105,-0.00200758,-0.0041805,-0.0137480,-0.0005749,sell
2020-08-26,1.73,0.19,0,0.3,-0.000764090,-0.00401258,-0.0048686,-0.0169609,-0.0005375,sell
2020-08-27,1.78,0.07,0,0.24,-0.007683236,-0.00956604,-0.0151920,-0.0063892,-0.0043094,sell
2020-08-28,2.3,0.04,0,0.2,-0.020450420,-0.01127318,-0.0168862,-0.0116447,-0.0156442,sell
2020-08-29,2.37,0.16,0,0.16,-0.014640716,-0.01633115,-0.0163167,-0.0137390,-0.0141203,sell
2020-08-30,0.89,0.4,0,0.13,-0.016747480,-0.00862223,-0.0173758,-0.0136448,-0.0062707,sell
2020-08-31,1.28,0.31,0,0.11,-0.006632828,-0.01071793,-0.0138093,-0.0039230,-0.0106081,sell
2020-09-01,2.81,0.17,0.44,0.1,-0.002851558,-0.01060304,-0.0077223,-0.0056636,-0.0041432,sell
2020-09-02,3.6,0.2,0.75,0.19,-0.014558124,-0.01138570,-0.0155079,-0.0156478,-0.0140657,sell
2020-09-03,3,0.12,1.27,0.35,-0.025048241,-0.01669595,-0.0250482,-0.0193961,-0.0173540,sell
2020-09-04,1.16,0.05,1.98,0.4,-0.007531546,-0.00753155, 0.0050793,-0.0003931,-0.0046858,sell
2020-09-05,0,0,1.86,0.23, 0.006347315, 0.00436004, 0.0096085, 0.0021766, 0.0043600,buy
2020-09-06,0,0,1.16,0.09,-0.010930860,-0.01648520,-0.0106773,-0.0164765,-0.0149017,sell
2020-09-07,0.4,0,0.73,0,-0.012733287,-0.00956824,-0.0093149,-0.0090307,-0.0228556,sell
2020-09-08,0.96,0,0.47,0, 0.004845056, 0.00836098, 0.0009134, 0.0027959, 0.0030933,buy
2020-09-09,1.8,0.04,0,0,-0.012564028,-0.00614821,-0.0096996,-0.0117954,-0.0101594,sell
2020-09-10,1.34,0.09,0,0,-0.001112057, 0.00030820,-0.0049041,-0.0049046, 0.0054055,buy
2020-09-11,0.56,0.2,0,0,-0.006256223,-0.00539982, 0.0030261,-0.0077037,-0.0077037,sell
2020-09-12,0.31,0.17,0,0, 0.006123299, 0.00090809, 0.0061233, 0.0039717, 0.0031206,buy
2020-09-13,0.74,0.07,0.35,0.07, 0.003538971,-0.00397515, 0.0035390, 0.0030678, 0.0030678,buy
2020-09-14,1.78,0,0.87,0.2, 0.010254211, 0.00594435, 0.0083345, 0.0062258, 0.0070833,buy
2020-09-15,2.07,0,1.98,0.39, 0.001521072,-0.00159836, 0.0012827, 0.0028558, 0.0036485,buy
2020-09-16,1.5,0,1.8,0.5,-0.012198318,-0.00391130,-0.0121181,-0.0110149,-0.0120797,sell
2020-09-17,2.07,0,0.75,0.49, 0.001960039, 0.00362747,-0.0007952,-0.0039137,-0.0008961,buy
2020-09-18,1.65,0,0,0.2,-0.004430046,-0.00806081,-0.0041242,-0.0117392,-0.0022236,sell
2020-09-19,0.68,0,0,0.16,-0.022608052,-0.00596094,-0.0063565,-0.0076279,-0.0061260,sell
2020-09-20,0,0,0,0.37,-0.001620394,-0.00092846,-0.0059194, 0.0059213,-0.0053455,buy
2020-09-21,0,0,0,0.55,-0.008887121,-0.00968726,-0.0094262,-0.0085770,-0.0015398,buy
2020-09-22,0,0,0,0.49, 0.003313232,-0.00070744, 0.0017895, 0.0153624,-0.0018559,buy
2020-09-23,0,0.11,0,0.51, 0.009651168,-0.00262385, 0.0055165, 0.0066224,-0.0023973,buy
2020-09-24,0,0.2,0,0.35,-0.005716616, 0.00351999,-0.0013795,-0.0062012,-0.0082776,buy
2020-09-25,0,0.1,0,0.24, 0.007852811, 0.00819777, 0.0114801, 0.0052697, 0.0103750,buy
2020-09-26,0,0,0,0.21, 0.012830646, 0.00602399, 0.0038566, 0.0124830, 0.0114283,buy
2020-09-27,0.46,0,0,0.26, 0.012122743, 0.01003439,-0.0037649, 0.0085019, 0.0116930,buy
2020-09-28,1.62,0,0,0.32, 0.010053310, 0.00146807, 0.0090404, 0.0104615, 0.0047809,buy
2020-09-29,1.8,0,0,0.4, 0.000538983,-0.00217494,-0.0119674,-0.0030991,-0.0017327,buy
2020-09-30,0.54,0,0,0.39, 0.011988489, 0.00230861, 0.0018413, 0.0031630, 0.0139336,buy
2020-10-01,0,0,0,0.31, 0.003936784,-0.00481239,-0.0072441,-0.0047471,-0.0034128,sell
2020-10-02,0,0,0,0.24, 0.004269515, 0.00306971, 0.0041405,-0.0117278, 0.0033143,buy
2020-10-03,0.49,0,0,0.28, 0.009138949, 0.00722754,-0.0052012, 0.0072275, 0.0089692,buy
2020-10-04,0.91,0,0,0.25, 0.004539050, 0.00013391,-0.0011177, 0.0019471,-0.0010732,buy
2020-10-05,1.71,0.06,0,0.26,-0.010086693,-0.01140946,-0.0160542,-0.0090310,-0.0088104,sell
2020-10-06,1.8,0.11,0,0.27,-0.006835640, 0.00221093,-0.0142069, 0.0038412, 0.0041445,buy
2020-10-07,0.97,0.2,0,0.26,-0.006082220,-0.00168135,-0.0040444,-0.0060822,-0.0040444,sell
2020-10-08,0.52,0.19,0,0.34, 0.003729609, 0.01025577, 0.0062407, 0.0090690, 0.0033062,buy
2020-10-09,0.6,0.11,0,0.51, 0.007240878, 0.00513007, 0.0052202, 0.0038074, 0.0052051,buy
2020-10-10,1.78,0.07,0.47,0.59,-0.004255271, 0.00923060, 0.0030134, 0.0082687, 0.0047061,buy
2020-10-11,1.74,0.05,1.05,0.65,-0.001956469, 0.00988294, 0.0003533, 0.0053567, 0.0066040,buy
2020-10-12,0.58,0.1,1.96,0.48,-0.004013801,-0.00622449,-0.0063625,-0.0004548,-0.0040138,sell
2020-10-13,0,0.2,1.5,0.39, 0.002454127, 0.00559546, 0.0087694, 0.0063720, 0.0024541,buy
2020-10-14,0,0.19,0.55,0.46,-0.024280332,-0.02796590,-0.0255054,-0.0274303,-0.0232195,sell
2020-10-15,0,0.06,0,0.6,-0.008296804, 0.00192207,-0.0030846,-0.0141472,-0.0145855,sell
2020-10-16,0,0.04,0,0.51,-0.000524570,-0.00030881, 0.0000272,-0.0162897,-0.0102004,sell
2020-10-17,0.48,0.16,0,0.58,-0.019664038,-0.01551360,-0.0158196,-0.0169929,-0.0157877,sell
2020-10-18,1.27,0.29,0,0.76,-0.006514625,-0.00661120,-0.0066112,-0.0056634,-0.0008281,buy
2020-10-19,1.77,0.31,0,0.68,-0.000018641,-0.00438437,-0.0011275,-0.0002790,-0.0027168,buy
2020-10-20,1.58,0.24,0.54,0.42,-0.001002602, 0.00060942,-0.0084890,-0.0064612,-0.0080345,sell
2020-10-21,2.12,0.1,0.93,0.21,-0.011658261,-0.00267735,-0.0087792,-0.0025938,-0.0054660,sell
2020-10-22,1.93,0.04,1.6,0.15, 0.001444868, 0.00542334, 0.0063366, 0.0053906,-0.0012586,buy
2020-10-23,1.43,0,1.96,0.11,-0.002363470,-0.00236347,-0.0023181, 0.0004509,-0.0023635,buy
2020-10-24,1.77,0,1.4,0.07,-0.002065015,-0.00265542,-0.0010626,-0.0019038,-0.0080037,sell
2020-10-25,1.26,0,1.51,0,-0.000231223, 0.00022689, 0.0088601, 0.0120331,-0.0002312,buy
2020-10-26,0.44,0,2.43,0, 0.012393555, 0.01239355, 0.0077915, 0.0132409, 0.0125329,buy
2020-10-27,0,0,1.27,0,-0.013876232,-0.01136796,-0.0096768,-0.0084944,-0.0067454,sell
2020-10-29,0,0.04,0,0.07,-0.001658001,-0.00869825,-0.0089961,-0.0088138,-0.0085957,sell
2020-10-30,0,0.1,0,0.15, 0.000752150, 0.00795823, 0.0064925, 0.0041118, 0.0090550,buy
2020-10-31,0,0.2,0,0.28, 0.005135532, 0.00694646, 0.0014810, 0.0069321, 0.0045167,buy
2020-11-01,0,0.15,0,0.4,-0.004510232,-0.00380155,-0.0049307,-0.0062531,-0.0062531,sell
2020-11-02,0,0.06,0,0.37,-0.002043178,-0.00204318, 0.0011362,-0.0112998,-0.0045259,sell
2020-11-03,0,0,0,0.29, 0.000958071, 0.00570141, 0.0000112,-0.0068768,-0.0024677,buy
2020-11-04,0,0,0,0.28, 0.007011287, 0.01057736, 0.0066137,-0.0090032, 0.0017403,buy
2020-11-05,0,0,0,0.35, 0.007526006, 0.00842270, 0.0207078, 0.0126682, 0.0062582,buy
2020-11-06,0,0,0,0.4, 0.006988264,-0.00461252, 0.0091831,-0.0038753,-0.0001142,buy
2020-11-07,0,0,0,0.31, 0.003936784,-0.00481239,-0.0072441,-0.0047471,-0.0034128,sell
2020-11-08,0.57,0.09,0,0.19, 0.015425508, 0.01609164, 0.0172598, 0.0162613, 0.0162771,buy
2020-11-09,1.43,0.2,0,0.1,-0.006533711, 0.01192927, 0.0039371, 0.0001621,-0.0017582,buy
2020-11-10,1.78,0.14,0,0,-0.009103156,-0.00783708,-0.0078371,-0.0090969, 0.0000403,buy
2020-11-11,0.88,0.04,0,0,-0.012643365,-0.01671941,-0.0111754,-0.0172093,-0.0153696,sell
2020-11-12,0.36,0,0.76,0,-0.012747971,-0.01185852,-0.0135440,-0.0111319,-0.0211210,sell
2020-11-13,0,0,1.75,0,-0.019165221,-0.02003188,-0.0200468,-0.0188766,-0.0181591,sell
2020-11-14,0,0,3.68,0.28,-0.013213274,-0.01306013,-0.0132133,-0.0092821,-0.0097650,sell
2020-11-15,0,0.04,3.7,0.71,-0.002295580,-0.00847278,-0.0011799,-0.0003550, 0.0021450,buy
2020-11-16,0,0.12,2.23,0.72, 0.015958740,-0.00424947, 0.0159587, 0.0159587, 0.0163358,buy
2020-11-17,0,0.2,2.33,0.38,-0.003709567,-0.00178392,-0.0019067, 0.0034306,-0.0037096,sell
2020-11-18,0,0.08,3.46,0.3, 0.004172478, 0.00100022,-0.0024905, 0.0050544, 0.0036952,buy
2020-11-19,0,0,3.2,0.39, 0.011616595, 0.02331878, 0.0116166, 0.0287829, 0.0281748,buy
2020-11-20,0,0,1.56,0.23, 0.014255868, 0.00273891,-0.0029247, 0.0148111,-0.0078027,buy
2020-11-21,0,0,0.49,0.08, 0.000936614, 0.00559481,-0.0068313, 0.0017702, 0.0054524,buy
2020-11-22,0.33,0,0,0, 0.002386644, 0.00470333, 0.0079092, 0.0047033, 0.0076905,buy
2020-11-23,1.31,0,0,0, 0.005778720, 0.00578095, 0.0051400, 0.0119378, 0.0008808,buy
2020-11-24,1.77,0,0,0,-0.004985567,-0.01057231,-0.0052604,-0.0029577,-0.0069708,sell
2020-11-25,0.6,0,0,0,-0.001900463,-0.00510859, 0.0011656,-0.0046673,-0.0062266,sell
2020-11-26,0,0.08,1.03,0,-0.009229027,-0.00669511,-0.0076409,-0.0078611,-0.0063691,sell
2020-11-27,0,0.2,2.45,0,-0.008494720, 0.00897740, 0.0040790,-0.0066558,-0.0108105,buy
2020-11-28,0,0.15,2.58,0,-0.004452089, 0.00169806, 0.0021987,-0.0012696,-0.0100462,sell
2020-11-29,0,0.05,2.65,0, 0.007437764, 0.00534715, 0.0094888, 0.0061344, 0.0012800,buy
2020-11-30,0,0,3.08,0, 0.006275236, 0.00627159, 0.0073749,-0.0016496,-0.0038769,buy
2020-12-01,0,0,2.46,0, 0.003121328, 0.01157525, 0.0101773, 0.0084605, 0.0089334,buy
2020-12-02,0,0,2.37,0, 0.005277042, 0.01141989, 0.0086316, 0.0113194, 0.0091300,buy
2020-12-03,0,0,1.77,0,-0.020557735,-0.01670975,-0.0205577,-0.0194595,-0.0185895,sell
2020-12-04,0.46,0,0.74,0.12, 0.007085808, 0.00341279, 0.0077083, 0.0054975, 0.0042680,buy
2020-12-05,1.37,0,0,0.24, 0.002406942,-0.00917726,-0.0006300,-0.0066471, 0.0002494,buy
2020-12-06,1.8,0,0,0.4, 0.000538983,-0.00217494,-0.0119674,-0.0030991,-0.0017327,buy
2020-12-07,0.74,0,0,0.4,-0.003170010, 0.00405945, 0.0016013,-0.0022517,-0.0037593,buy
2020-12-08,0.41,0,0.38,0.35,-0.018374513,-0.01994975,-0.0193743,-0.0080571,-0.0183745,sell
2020-12-09,0.79,0,1.12,0.49,-0.007911129,-0.01201490,-0.0113692,-0.0079111,-0.0113739,sell
2020-12-10,1.49,0,2,0.42,-0.000237763, 0.00032314, 0.0043886, 0.0053532, 0.0053532,buy
2020-12-11,1.8,0,1.15,0.39, 0.006331188, 0.00733328, 0.0082270, 0.0075308, 0.0150959,buy
2020-12-12,1.12,0,0.73,0.58, 0.007524580, 0.00939568, 0.0036091, 0.0074436,-0.0004978,buy
2020-12-13,1.06,0,1.26,0.58, 0.014345242, 0.01223499, 0.0105865, 0.0139233, 0.0092953,buy
2020-12-14,1.72,0,3.11,0.2, 0.000861662,-0.00178802,-0.0121994,-0.0030822,-0.0017165,buy
2020-12-15,1.77,0,3.78,0, 0.008897057, 0.00433488, 0.0068463, 0.0104338, 0.0163772,buy
2020-12-16,0.73,0,1.95,0, 0.011452294, 0.01147655, 0.0080041, 0.0097754, 0.0080041,buy
2020-12-17,0,0,0.45,0.07, 0.014519281, 0.00753892, 0.0067026,-0.0017956, 0.0072514,buy
2020-12-18,0,0,0,0.1, 0.008760994, 0.00904601, 0.0047903, 0.0125902, 0.0087610,buy
2020-12-19,0,0,0,0.13, 0.005792430, 0.00669455, 0.0083297, 0.0065359, 0.0090572,buy
2020-12-20,0,0,0,0.17, 0.012854717, 0.00906112, 0.0110313, 0.0090611, 0.0123756,buy
2020-12-21,0,0,0,0.24, 0.006201665, 0.00679686, 0.0107317, 0.0067969, 0.0042983,buy
2020-12-22,0,0,0,0.32,-0.000526509,-0.00431793,-0.0112120,-0.0001322,-0.0015611,buy
2020-12-23,0,0,0,0.4, 0.003659238, 0.00390025, 0.0005815, 0.0045845, 0.0042511,buy
2020-12-24,1.11,0,0,0.35, 0.011097473, 0.00718992, 0.0093527, 0.0087802, 0.0015830,buy
2020-12-25,1.8,0,0,0.26,-0.004561167, 0.00248218,-0.0055428,-0.0036381,-0.0056234,sell
2020-12-26,1.25,0,0,0.18, 0.004874756, 0.00457191, 0.0052954, 0.0089771, 0.0137076,buy
2020-12-27,1.52,0,0,0.13, 0.012072305, 0.01485750, 0.0148519, 0.0154597, 0.0165998,buy
2020-12-28,1.77,0,0,0.18, 0.006130063,-0.00110279, 0.0061301,-0.0091039,-0.0054044,sell
2020-12-29,0.82,0,0,0.31,-0.006599457,-0.00980408,-0.0091330,-0.0091934,-0.0073254,sell
2020-12-30,0.32,0,0,0.58,-0.013978446,-0.00707529,-0.0118237,-0.0096655,-0.0103151,sell
2020-12-31,0,0,0.96,0.61, 0.004088515, 0.00535197,-0.0087047, 0.0066960, 0.0052995,buy
2021-01-01,0.74,0,1.96,0.38, 0.002417332, 0.00088424, 0.0044605, 0.0044605, 0.0038430,buy
2021-01-02,1.77,0,0.94,0.12,-0.003018774,-0.00490338,-0.0049817, 0.0000822,-0.0077605,sell
2021-01-03,1.06,0,0,0, 0.004536326,-0.00759861,-0.0113333,-0.0071001,-0.0060334,sell
2021-01-04,0,0,0,0, 0.018514416, 0.01766432, 0.0135016,-0.0016940, 0.0052004,buy
2021-01-05,0,0,0,0,-0.015882254,-0.00809743,-0.0102511,-0.0135128,-0.0168749,sell
2021-01-06,0,0,0.42,0, 0.002156915, 0.00158641, 0.0091479, 0.0111177, 0.0030078,buy
2021-01-07,0.55,0,1.03,0.19, 0.002399373, 0.00414754, 0.0097061, 0.0052648, 0.0053273,buy
2021-01-08,1.1,0,1.98,0.44, 0.005809798, 0.00580980, 0.0134946, 0.0077658, 0.0092590,buy
2021-01-09,2.45,0,1.54,0.52,-0.004308279,-0.00197785, 0.0010179,-0.0017796, 0.0020712,buy
2021-01-10,2.93,0,0.63,0.34, 0.004737425, 0.00684521,-0.0003261,-0.0003261,-0.0017000,buy
2021-01-11,2.51,0,0,0.39,-0.002998953, 0.00299282, 0.0066000, 0.0066998, 0.0066000,buy
2021-01-12,1.78,0,0,0.74, 0.018868333, 0.01759753, 0.0188683, 0.0159013, 0.0152124,buy
2021-01-13,2.06,0,0,0.63, 0.005479292, 0.00444796, 0.0050007, 0.0089859, 0.0051489,buy
2021-01-14,1.77,0,0,0.34,-0.000950441, 0.00364720, 0.0039360, 0.0036020, 0.0022951,buy
2021-01-15,0.6,0,0,0.31, 0.009515837,-0.00463990,-0.0132145,-0.0083705, 0.0060962,buy
2021-01-16,0,0,0,0.26, 0.006790264, 0.00346762,-0.0046039, 0.0081688, 0.0132181,buy
2021-01-17,0,0,0,0.23, 0.020848132, 0.02083782, 0.0105376, 0.0204767, 0.0200823,buy
2021-01-18,0,0,0,0.23,-0.004319760,-0.00261530,-0.0052797,-0.0003845, 0.0078590,buy
2021-01-19,0,0,0,0.18, 0.001231882, 0.01118043, 0.0037848, 0.0028110,-0.0005629,buy
2021-01-20,0,0,0,0.22, 0.013461506, 0.00646464, 0.0070985, 0.0047682, 0.0172966,buy
2021-01-21,0,0,0,0.29,-0.001149996,-0.00115000,-0.0011500,-0.0036205, 0.0081639,buy
2021-01-22,0,0,0.77,0.37,-0.012340144, 0.00287025,-0.0000166,-0.0017117,-0.0000651,buy
2021-01-23,0,0,1.98,0.4,-0.011052452,-0.01382259,-0.0073501,-0.0042397,-0.0100848,sell
2021-01-24,0.86,0,1.66,0.44,-0.010207090,-0.00878708,-0.0070501,-0.0101887,-0.0095387,sell
2021-01-25,1.77,0,0.55,0.51,-0.009830443,-0.00891744,-0.0140877,-0.0095081,-0.0093479,sell
2021-01-26,1.12,0,0,0.6,-0.003922526,-0.00718176, 0.0068114,-0.0038486,-0.0039507,sell
2021-01-27,0.35,0,0,0.42, 0.012014824, 0.00598061, 0.0102392, 0.0034389, 0.0059806,buy
2021-01-28,0,0,0,0.32,-0.006810684,-0.00683490,-0.0065343, 0.0074602,-0.0065343,buy
2021-01-29,0,0,0,0.24,-0.006097143,-0.00655858,-0.0056460, 0.0099336,-0.0056460,buy
2021-01-30,0,0,0,0.28,-0.000852556,-0.00484898,-0.0008526,-0.0052279, 0.0089651,buy
2021-01-31,0,0,0,0.33, 0.012248731, 0.00447913, 0.0022361, 0.0008307,-0.0042239,buy
2021-02-01,0,0,0,0.4, 0.006988264,-0.00461252, 0.0091831,-0.0038753,-0.0001142,buy
2021-02-02,0,0,0,0.31, 0.003936784,-0.00481239,-0.0072441,-0.0047471,-0.0034128,sell
2021-02-03,0,0,0,0.2, 0.011752901, 0.00983753, 0.0090709, 0.0160325, 0.0118331,buy
2021-02-04,0,0,0,0.13, 0.008801671,-0.00300457, 0.0111595, 0.0119490,-0.0032396,buy
2021-02-05,0,0,0,0.2, 0.001298495, 0.01287783, 0.0025717, 0.0013650,-0.0006905,buy
2021-02-06,0,0,0,0.33, 0.012316365, 0.00905952, 0.0125271, 0.0026060, 0.0117529,buy
2021-02-07,0,0,0,0.39,-0.015143598,-0.01638779,-0.0178482,-0.0163878,-0.0131495,sell
2021-02-08,0,0,0,0.16, 0.009658078, 0.00571977, 0.0096189, 0.0057198, 0.0104391,buy
2021-02-09,0,0,0,0.17, 0.001231882, 0.01101357, 0.0039122, 0.0031145,-0.0002595,buy
2021-02-10,0.51,0,0.47,0.39,-0.002119624, 0.00018598, 0.0113584,-0.0000761, 0.0024686,buy
2021-02-11,0.96,0,0.74,0.19,-0.009807681,-0.01087332,-0.0082159,-0.0031023,-0.0114053,sell
2021-02-12,1.78,0,1.18,0, 0.006540750, 0.00623955, 0.0008466, 0.0119852, 0.0082104,buy
2021-02-13,1.68,0,1.88,0,-0.000909203,-0.00059297,-0.0027847, 0.0138688, 0.0047862,buy
2021-02-14,0.86,0,1.98,0, 0.010060417, 0.02184107, 0.0145217, 0.0109520, 0.0100604,buy
2021-02-15,0.44,0,1.3,0, 0.001568678,-0.00113887,-0.0038961,-0.0097980,-0.0087832,sell
2021-02-16,0,0,0.82,0,-0.005737692,-0.00529823,-0.0092613,-0.0073078,-0.0057855,sell
2021-02-17,0,0,0.51,0.12, 0.007699116, 0.00730229, 0.0043570, 0.0021993, 0.0177488,buy
2021-02-18,0,0,0,0.22, 0.000496472,-0.00210139,-0.0056270,-0.0062607,-0.0127551,sell
2021-02-19,0,0,0,0.4, 0.006988264,-0.00461252, 0.0091831,-0.0038753,-0.0001142,buy
2021-02-20,0,0,0,0.39,-0.006209060,-0.01165983,-0.0086963,-0.0095854,-0.0113114,sell
2021-02-21,0.4,0,0,0.21,-0.002085567,-0.00037832, 0.0000465,-0.0022686,-0.0020856,buy
2021-02-22,0.65,0,0,0.12,-0.003450294, 0.00041574,-0.0006655, 0.0001850,-0.0068768,buy
2021-02-23,1.04,0,0.38,0, 0.001962785, 0.00650108, 0.0019411, 0.0052242, 0.0051466,buy
2021-02-24,1.71,0,0.9,0,-0.007182409,-0.00734173,-0.0072938,-0.0072938,-0.0073659,sell
2021-02-25,1.8,0,1.98,0,-0.009967187,-0.00996719,-0.0133322,-0.0127019,-0.0083927,sell
2021-02-26,1.14,0,1.8,0,-0.012952334,-0.00652089,-0.0022013, 0.0014927,-0.0045198,sell
2021-02-27,0.71,0,0.76,0, 0.007977046, 0.00202748, 0.0064619, 0.0076805,-0.0071259,buy
2021-02-28,0.43,0,0,0,-0.001832697, 0.00129214,-0.0016221,-0.0096471,-0.0051788,sell
2021-03-02,0,0,0.89,0, 0.000950761, 0.00237854,-0.0022961,-0.0004478, 0.0027549,buy
2021-03-03,0,0.08,1.98,0, 0.017767632, 0.01751551, 0.0187745, 0.0099194, 0.0109393,buy
2021-03-04,0,0.2,1.46,0, 0.004465207,-0.00417499, 0.0066459, 0.0012544, 0.0012544,buy
2021-03-05,0,0.15,0.5,0,-0.003756846,-0.00817343,-0.0003007,-0.0026601,-0.0084999,sell
2021-03-06,0,0.05,0,0,-0.013601513,-0.01360151,-0.0212809,-0.0128986,-0.0128986,sell
2021-03-07,0,0.12,0,0, 0.003226159, 0.00020712, 0.0006151, 0.0027915,-0.0021838,buy
2021-03-08,0,0.19,0,0,-0.008567335, 0.00906079, 0.0123796, 0.0113073, 0.0130735,buy
2021-03-09,0,0.08,0,0,-0.008948077,-0.00118487, 0.0006474,-0.0100627,-0.0083246,sell
2021-03-10,0,0,0,0, 0.005508160, 0.00451432, 0.0032519,-0.0055834, 0.0035348,buy
2021-03-11,0,0,0,0,-0.015882254,-0.00809743,-0.0102511,-0.0135128,-0.0168749,sell
2021-03-12,0,0,0,0, 0.002966993,-0.00323387, 0.0141783, 0.0165531, 0.0078644,buy
2021-03-13,0,0,0,0,-0.003161525,-0.00262576,-0.0012528,-0.0055952,-0.0066205,sell
2021-03-14,0,0,0.41,0,-0.010079108,-0.00965450,-0.0089165,-0.0033852,-0.0140481,sell
2021-03-15,0,0,0.99,0,-0.012885770,-0.01288577,-0.0148239,-0.0128858,-0.0143500,sell
2021-03-16,0,0,1.96,0,-0.008819565,-0.00458975,-0.0062244,-0.0093733,-0.0105431,sell
2021-03-17,0,0,2.5,0,-0.006926341,-0.00575200,-0.0109519,-0.0068727,-0.0068727,sell
2021-03-18,0.44,0,2.67,0, 0.004963511,-0.00003867, 0.0029225, 0.0026308, 0.0001705,buy
2021-03-19,0.69,0,1.48,0.13, 0.006876505, 0.00714679, 0.0066686, 0.0150145, 0.0096918,buy
2021-03-20,1.07,0,1.05,0.27, 0.015803476, 0.02266229, 0.0224915, 0.0224915, 0.0216548,buy
2021-03-21,1.69,0.05,1.95,0.47, 0.006460157, 0.00646016, 0.0064602, 0.0064602, 0.0064629,buy
2021-03-22,1.78,0.2,1.96,0.43, 0.005925460,-0.00308452,-0.0019137, 0.0068077,-0.0134097,buy
2021-03-23,1.21,0.17,0.54,0.48,-0.021386835,-0.02156095,-0.0206269,-0.0213786,-0.0178728,sell
2021-03-24,0.76,0.04,0,0.39, 0.008648677,-0.00575858,-0.0052470,-0.0078379, 0.0043533,buy
2021-03-25,0.49,0,0,0.19, 0.010258688, 0.00574257, 0.0079403,-0.0006277, 0.0057426,buy
2021-03-26,0.31,0,0,0.08, 0.010656020, 0.01668233, 0.0166823, 0.0138408, 0.0200273,buy
2021-03-27,0,0,0,0, 0.010860410, 0.00872698, 0.0092417, 0.0054066, 0.0049389,buy
2021-03-28,0,0,0.35,0,-0.015114987,-0.00647791,-0.0149462,-0.0147409,-0.0161711,sell
2021-03-29,0,0,1.39,0, 0.004268580, 0.00416200, 0.0042676, 0.0069174, 0.0041620,buy
2021-03-30,0,0,2.93,0, 0.006487434,-0.00547674, 0.0010386, 0.0096413, 0.0089100,buy
2021-03-31,0,0,3.4,0,-0.005263722,-0.00283654,-0.0097235,-0.0053094,-0.0052637,sell
2021-04-01,0,0,3.58,0,-0.001848422,-0.00184842,-0.0000726,-0.0037315,-0.0038381,sell
2021-04-02,0,0,2.81,0, 0.004035480,-0.01386369,-0.0009195,-0.0033678,-0.0130370,sell
2021-04-03,0,0,1.47,0,-0.006949698,-0.00308705,-0.0075973, 0.0081773,-0.0069497,buy
2021-04-04,0,0,0.84,0,-0.008230490,-0.00022014,-0.0009451,-0.0067262,-0.0009767,buy
2021-04-05,0,0,1.49,0, 0.004812317, 0.00218812, 0.0049113, 0.0074107, 0.0119879,buy
2021-04-06,0,0,1.98,0.1,-0.002681789,-0.00345416, 0.0162066, 0.0040276, 0.0020374,buy
2021-04-07,0,0,1.48,0.16, 0.001209294, 0.00268975,-0.0054693, 0.0002605,-0.0065626,buy
2021-04-08,0,0,1.56,0.26, 0.003191303, 0.00339569, 0.0012594, 0.0112090,-0.0043886,buy
2021-04-09,0,0,2.57,0.4,-0.004189426,-0.00859206,-0.0041894,-0.0071000,-0.0055395,sell
2021-04-10,0,0,4.67,0.47, 0.005628810, 0.00357627, 0.0018854, 0.0076385, 0.0047446,buy
2021-04-11,0,0,3.73,0.55, 0.007426250, 0.00887010, 0.0103112, 0.0050495, 0.0161693,buy
2021-04-12,0.35,0,2.06,0.52,-0.004496041,-0.00472890,-0.0064874,-0.0062376,-0.0044960,sell
2021-04-13,0.51,0,2.57,0.24, 0.011753520, 0.01334814, 0.0122695, 0.0107277, 0.0152201,buy
2021-04-14,0.76,0,3.15,0.1, 0.009899008, 0.01060477, 0.0107733, 0.0006435, 0.0106527,buy
2021-04-15,1.1,0,3.41,0.24, 0.010441020, 0.00866949, 0.0050534, 0.0038946, 0.0143040,buy
2021-04-16,1.62,0,3.87,0.46,-0.009734857,-0.00752142,-0.0234568,-0.0111539,-0.0084206,sell
2021-04-17,1.8,0,5.48,0.66,-0.013396395,-0.00002999,-0.0072106,-0.0038381,-0.0070816,sell
2021-04-18,1.8,0,3.56,0.45,-0.013113580,-0.00752889,-0.0075289,-0.0075289,-0.0075289,sell
2021-04-19,2.31,0,0.77,0, 0.017196702, 0.00649773, 0.0111824, 0.0108714,-0.0014130,buy
2021-04-20,2.39,0,0,0,-0.014375551,-0.00940693,-0.0113862,-0.0151423,-0.0146122,sell
2021-04-21,1.68,0,0,0,-0.015546433,-0.01554643,-0.0155464,-0.0118805,-0.0143901,sell
2021-04-22,1.75,0,0,0, 0.011922142, 0.01069991, 0.0119221, 0.0119221, 0.0109515,buy
2021-04-23,0.84,0,0,0.11, 0.001873731, 0.00521990, 0.0052199, 0.0089303, 0.0052199,buy
2021-04-24,0.36,0,0,0.47,-0.006949778,-0.00901428,-0.0069633,-0.0023655, 0.0020221,buy
2021-04-25,0.83,0,0,0.79, 0.009953886,-0.00120646, 0.0046719, 0.0057611, 0.0051701,buy
2021-04-26,1.78,0,0,0.33, 0.000726333, 0.00262053, 0.0049107, 0.0033486, 0.0032629,buy
2021-04-27,1.66,0,0,0,-0.003113010,-0.00311301,-0.0031130, 0.0043749, 0.0024492,buy
2021-04-28,0.74,0,0,0,-0.008890490,-0.00559898,-0.0058769,-0.0015564,-0.0087411,sell
2021-04-29,0.33,0,1.56,0, 0.002048051, 0.00204805,-0.0038464, 0.0020481, 0.0021379,buy
2021-04-30,0,0,1.95,0, 0.001496657, 0.00614150, 0.0078068, 0.0078068, 0.0145735,buy
2021-05-01,0.87,0,1.11,0.12,-0.014789993,-0.01463512,-0.0094792,-0.0097372,-0.0142433,sell
2021-05-02,1.77,0,2.45,0.47, 0.003385036, 0.00422310, 0.0042482, 0.0047298, 0.0047298,buy
2021-05-03,0.65,0,2.66,0.79, 0.008029954, 0.00186574, 0.0069904, 0.0099055, 0.0016050,buy
2021-05-04,0.34,0,1.85,0.4,-0.007189066,-0.00661594,-0.0066159,-0.0058561,-0.0058513,sell
2021-05-05,1.02,0,1.88,0.11,-0.010171046,-0.00173667,-0.0017367,-0.0055641,-0.0065590,sell
2021-05-06,1.77,0,1.98,0.08,-0.015627162,-0.01562716,-0.0132794,-0.0083117,-0.0165419,sell
2021-05-07,1.01,0,1.35,0.34, 0.003232887,-0.00243531, 0.0035404, 0.0095141, 0.0060157,buy
2021-05-08,0.33,0,1.3,0.8,-0.005034979,-0.00824637,-0.0126973,-0.0045270,-0.0094604,sell
2021-05-09,0,0,1.26,0.62,-0.005561503,-0.00556150,-0.0130632,-0.0022558,-0.0055615,sell
2021-05-10,0,0,1.51,0.21, 0.011152854, 0.00274737,-0.0050292, 0.0106467,-0.0068675,buy
2021-05-11,0.71,0,2.53,0,-0.008608233,-0.00436457,-0.0045520,-0.0104137,-0.0089859,sell
2021-05-12,1.77,0,3.57,0, 0.005612136, 0.00805732, 0.0087517, 0.0114123, 0.0152706,buy
2021-05-13,1.4,0,3.27,0, 0.011630210, 0.00992144, 0.0128064, 0.0136188, 0.0207238,buy
2021-05-14,0.48,0,1.84,0.08,-0.016441471,-0.01535043, 0.0099409,-0.0126685,-0.0126465,sell
2021-05-15,0.51,0,0.94,0.21, 0.001042468, 0.00171623, 0.0096996, 0.0019875, 0.0021982,buy
2021-05-16,1.22,0,0,0.4,-0.004754242,-0.00573841,-0.0052820,-0.0098727,-0.0154505,sell
2021-05-17,1.78,0,0,0.29, 0.000248770, 0.00331722,-0.0025169, 0.0015328,-0.0026269,buy
2021-05-18,1.6,0,0,0.11, 0.013005694, 0.01607219, 0.0148466, 0.0162245, 0.0173646,buy
2021-05-19,2.02,0,0,0.11,-0.017448466,-0.01587839,-0.0118354,-0.0118354,-0.0174485,sell
2021-05-20,1.8,0,0,0.37, 0.000723070, 0.00266971,-0.0053693, 0.0006926,-0.0032812,buy
2021-05-21,0.66,0,0,0.63,-0.009440945,-0.00475525,-0.0010317,-0.0047552,-0.0015811,buy
2021-05-22,0,0,0,0.67,-0.024252397,-0.01760195,-0.0186493,-0.0117190,-0.0190880,sell
2021-05-23,0,0,0,0.54,-0.007655135,-0.00268442,-0.0089920,-0.0104082,-0.0089920,sell
2021-05-24,0,0,0,0.27, 0.001400053, 0.00730835, 0.0053235,-0.0053351, 0.0003347,buy
2021-05-25,0,0,0,0.19,-0.006378153, 0.00209605,-0.0073899, 0.0104684,-0.0072561,buy
2021-05-26,0,0,0,0.3,-0.000403864,-0.00476464,-0.0078313,-0.0085767,-0.0055112,sell
2021-05-27,0.31,0,0,0.5,-0.012366624,-0.00742113,-0.0074211,-0.0113436,-0.0115412,sell
2021-05-28,0.54,0,0,0.43,-0.001897088,-0.01234575,-0.0066355,-0.0136821,-0.0046264,sell
2021-05-29,0.91,0,0,0.2,-0.014647161,-0.01533815,-0.0157086,-0.0152632,-0.0147665,sell
2021-05-30,1.56,0,0,0.09,-0.005497646,-0.00697584, 0.0017894, 0.0086331, 0.0012771,buy
2021-05-31,1.8,0,0,0.1,-0.013897644,-0.01586188,-0.0057021,-0.0057021,-0.0138976,sell
2021-06-01,1.54,0,0,0.23,-0.003407544,-0.00736760,-0.0079283,-0.0089100, 0.0032393,buy
2021-06-02,2.18,0.04,0,0.36, 0.006299490, 0.00472284, 0.0017124, 0.0060279, 0.0215347,buy
2021-06-03,3.98,0.07,0,0.59,-0.002383593,-0.00028482, 0.0000861,-0.0021108,-0.0020024,buy
2021-06-04,3.26,0.12,0,0.69,-0.021208754,-0.00436143,-0.0207156,-0.0055574,-0.0075400,sell
2021-06-05,1.25,0.2,0,0.63,-0.009384061,-0.00619099,-0.0105095,-0.0131348,-0.0090208,sell
2021-06-06,0,0.18,0,0.49,-0.028900936,-0.02660911,-0.0265497,-0.0281061,-0.0281265,sell
2021-06-07,0,0.1,0,0.31, 0.005832017, 0.00583202, 0.0149901, 0.0069304, 0.0058320,buy
2021-06-08,0,0.06,0,0.15, 0.007045804, 0.00726233, 0.0059657, 0.0113760, 0.0058863,buy
2021-06-09,0,0,0,0.09, 0.002252547, 0.00568956, 0.0029361, 0.0078587,-0.0058778,buy
2021-06-10,0,0,0,0, 0.019121550, 0.01816307, 0.0135016,-0.0011952, 0.0040919,buy
2021-06-11,0,0,0.53,0.07,-0.000815175,-0.00655680, 0.0032783, 0.0014075,-0.0011081,buy
2021-06-12,0,0,1.5,0.17, 0.002076157, 0.00207616, 0.0019199,-0.0000564,-0.0002646,buy
2021-06-13,0,0,1.98,0.39, 0.010556235, 0.00609105, 0.0064049, 0.0020886, 0.0036461,buy
2021-06-14,0,0,1.28,0.52, 0.000616163, 0.00061616,-0.0050137, 0.0049940, 0.0006162,buy
2021-06-15,0,0,0.85,0.43, 0.009019625, 0.00426620, 0.0062844, 0.0042194, 0.0106957,buy
2021-06-16,0,0,1.86,0.47, 0.008789185, 0.00891354, 0.0022975,-0.0015815, 0.0089135,buy
2021-06-17,0,0,2,0.31,-0.013364163,-0.01978763,-0.0151697,-0.0153357,-0.0203264,sell
2021-06-18,0,0,0.95,0.16,-0.009338085, 0.00075276, 0.0008627,-0.0026468, 0.0007041,buy
2021-06-19,0.31,0,0.43,0.09, 0.001019719, 0.00105006,-0.0027689, 0.0012445, 0.0010501,buy
2021-06-20,0.92,0,0,0,-0.008332680,-0.00695065,-0.0019750,-0.0030211,-0.0074409,sell
2021-06-21,2.29,0,0,0, 0.008322457, 0.01275980, 0.0127716, 0.0173874, 0.0203967,buy
2021-06-22,2.36,0.06,0,0, 0.004381525, 0.00533612, 0.0045051, 0.0021884, 0.0096483,buy
2021-06-23,2.17,0.19,0,0, 0.006301281, 0.00023224, 0.0091711, 0.0022794, 0.0081525,buy
2021-06-24,1.1,0.2,0,0, 0.001376205, 0.00825493, 0.0094980, 0.0052193, 0.0052193,buy
2021-06-25,0.46,0.07,0,0,-0.003486367,-0.00518771,-0.0035438, 0.0014807, 0.0037628,buy
2021-06-28,0,0.04,0,0,-0.006532196,-0.01014214,-0.0088278,-0.0084422,-0.0093535,sell
2021-06-29,0,0.08,0,0, 0.021215705, 0.00509782, 0.0151693, 0.0085181, 0.0183699,buy
2021-06-30,0,0.14,0,0.08,-0.002461827, 0.01347906,-0.0014709, 0.0027710,-0.0016106,buy
2021-07-01,0,0.2,0,0.13,-0.005445477,-0.01220257, 0.0007208,-0.0130257,-0.0110410,sell
2021-07-02,0,0.15,0,0.22, 0.003986978,-0.01251756,-0.0132085,-0.0119907,-0.0087789,sell
2021-07-03,0,0.08,0.44,0.38, 0.006314562, 0.00084538, 0.0087941,-0.0040800, 0.0063146,buy
2021-07-04,0,0.05,1.01,0.52, 0.004520317,-0.01015607, 0.0024290, 0.0024290,-0.0013424,buy
2021-07-05,0,0.05,1.98,0.61, 0.002017246,-0.01503500, 0.0013284, 0.0004227,-0.0150350,sell
2021-07-06,0,0.17,1.7,0.7, 0.003887542,-0.00753483, 0.0069611, 0.0050200, 0.0044457,buy
2021-07-07,0,0.2,0.74,0.74, 0.000864981,-0.01334518,-0.0017726, 0.0004989, 0.0008168,buy
2021-07-08,0,0.07,0,0.87,-0.030448917,-0.02394701,-0.0282689,-0.0301028,-0.0280884,sell
2021-07-09,0,0,0,0.6,-0.022447465,-0.00103256,-0.0119766,-0.0084271,-0.0119766,sell
2021-07-10,0,0,0,0.24, 0.014495849, 0.01480393, 0.0064477, 0.0151165, 0.0136757,buy
2021-07-11,0.55,0,0,0,-0.009908938,-0.00160430,-0.0007618,-0.0000023,-0.0098267,sell
2021-07-12,1.77,0,0,0, 0.008338856, 0.00668017, 0.0083389, 0.0083814, 0.0072378,buy
2021-07-13,1.94,0,0,0, 0.012046526, 0.01039649, 0.0120465, 0.0115511, 0.0105120,buy
2021-07-14,1.61,0,0,0, 0.012728859, 0.01166274, 0.0127289, 0.0127289, 0.0120705,buy
2021-07-15,1.8,0.04,0,0, 0.004418926, 0.00441893, 0.0044584, 0.0060189, 0.0021077,buy
2021-07-16,1.04,0.08,0,0,-0.008053490,-0.00677010,-0.0092095,-0.0019401,-0.0062837,sell
2021-07-17,0.44,0.2,0,0,-0.003498443,-0.00192476, 0.0041941, 0.0032567, 0.0049593,buy
2021-07-18,0,0.19,0,0,-0.007975221, 0.00906079, 0.0028172, 0.0062337, 0.0083174,buy
2021-07-19,0,0.08,0.95,0,-0.005953377,-0.00411828,-0.0064484,-0.0068922,-0.0050226,sell
2021-07-20,0,0,1.95,0,-0.009293456, 0.00112032, 0.0007823, 0.0032085,-0.0002640,buy
2021-07-21,0,0.1,1.14,0,-0.010725525,-0.01246538,-0.0121881,-0.0121881,-0.0118211,sell
2021-07-22,0,0.2,0.67,0,-0.003552392, 0.00858465, 0.0111154,-0.0018827, 0.0113866,buy
2021-07-23,0.47,0.12,1.05,0,-0.006511881,-0.00804911,-0.0080842,-0.0121010,-0.0022267,sell
2021-07-24,1.74,0.08,1.69,0, 0.002887863,-0.00061617, 0.0036706,-0.0018874, 0.0084214,buy
2021-07-25,1.02,0.2,1.98,0, 0.004661548, 0.00628474,-0.0068937, 0.0080532, 0.0042300,buy
2021-07-26,0,0.18,1.46,0,-0.011791987, 0.00325724,-0.0117920,-0.0100392,-0.0062504,sell
2021-07-27,0,0.07,0.92,0, 0.005414143, 0.00936691, 0.0035423,-0.0014856, 0.0084625,buy
2021-07-28,0,0.13,0.58,0,-0.005022363,-0.00111908,-0.0078382,-0.0056278,-0.0052169,sell
2021-07-29,0,0.2,1.53,0,-0.000483293, 0.01255157,-0.0004833, 0.0020084, 0.0038313,buy
2021-07-30,0,0.16,1.98,0, 0.002021640, 0.00565730,-0.0002294, 0.0033102,-0.0044804,buy
2021-07-31,0,0.14,0.74,0, 0.002390132,-0.00410845,-0.0021239, 0.0004246,-0.0136239,sell
2021-08-01,0.44,0.39,0,0,-0.006213656,-0.00295467,-0.0124621,-0.0113020,-0.0071066,sell
2021-08-02,1.27,0.37,0,0,-0.010260317,-0.01209668,-0.0212909,-0.0091800,-0.0122856,sell
2021-08-03,1.8,0.1,0,0.32, 0.006767088, 0.00957180, 0.0004833, 0.0098298, 0.0096392,buy
2021-08-04,0.85,0.04,0,0.47, 0.005665467, 0.01123365, 0.0060509, 0.0085760,-0.0015205,buy
2021-08-05,0,0,0,0.25, 0.007765695, 0.00690156, 0.0055397,-0.0115455, 0.0051624,buy
2021-08-06,0,0,0,0.39,-0.006209060,-0.01165983,-0.0086963,-0.0095854,-0.0113114,sell
2021-08-07,0,0,0,0.4, 0.006988264,-0.00461252, 0.0091831,-0.0038753,-0.0001142,buy
2021-08-08,0,0.06,0,0.17, 0.005788296, 0.00618696, 0.0044998, 0.0106891, 0.0008049,buy
2021-08-09,0,0.19,0,0.07,-0.008011383,-0.00246689, 0.0064314,-0.0017639, 0.0004785,buy
2021-08-10,0.62,0.37,0,0,-0.020329417,-0.01833825,-0.0210124,-0.0192616,-0.0185044,sell
2021-08-11,1.78,0.27,0,0, 0.009916696, 0.00298321,-0.0007326, 0.0014899, 0.0041106,buy
2021-08-12,1.71,0.04,0,0,-0.012624220,-0.00646130,-0.0115260,-0.0128741,-0.0098412,sell
2021-08-13,0.58,0,0,0,-0.003043995,-0.00789623,-0.0033480,-0.0083083,-0.0074612,sell
2021-08-17,0,0,0,0,-0.003151418,-0.00172537, 0.0004653, 0.0003886,-0.0005961,buy
2021-08-18,0,0.07,0,0, 0.013147605, 0.00126455, 0.0062566, 0.0012165, 0.0017127,buy
2021-08-19,1.52,0.19,0,0, 0.002083930, 0.00113122, 0.0039250,-0.0009617, 0.0099457,buy
2021-08-20,2.65,0.2,0,0, 0.010411196,-0.00037205, 0.0058408, 0.0016917, 0.0046124,buy
2021-08-21,2.5,0.08,0,0, 0.013025685, 0.01310848, 0.0051409, 0.0130278, 0.0149127,buy
2021-08-22,2.74,0,0,0,-0.000841490, 0.00359629,-0.0008357, 0.0008118,-0.0001158,buy
2021-08-23,2.97,0.04,0,0,-0.002760874,-0.00025220,-0.0029427,-0.0014963,-0.0015676,buy
2021-08-24,1.75,0.18,0,0, 0.011455541, 0.00653937, 0.0109097, 0.0027119, 0.0115731,buy
2021-08-25,1.48,0.2,0,0, 0.011673016, 0.00370954, 0.0112788, 0.0017335, 0.0116556,buy
2021-08-26,1.75,0.05,0,0,-0.011644261,-0.00263972,-0.0087569,-0.0128888,-0.0057857,sell
2021-08-27,1.04,0,0,0, 0.009525528, 0.00942488, 0.0104427, 0.0099253, 0.0100446,buy
2021-08-30,0,0.04,0,0,-0.006532196,-0.01014214,-0.0088278,-0.0084422,-0.0093535,sell
2021-08-31,0,0.07,0,0,-0.009230387,-0.00965956,-0.0096596,-0.0088776,-0.0070040,sell
2021-09-01,0,0.12,0,0, 0.012634365, 0.00263841, 0.0042529, 0.0126344, 0.0012879,buy
2021-09-02,0,0.2,0,0,-0.001982608, 0.00003158,-0.0014010, 0.0045841,-0.0094252,buy
2021-09-03,0.89,0.17,0,0, 0.010771655, 0.00977254, 0.0152804, 0.0107717, 0.0089311,buy
2021-09-04,2.31,0.09,0,0.12,-0.001564812,-0.00714305,-0.0027149, 0.0011047,-0.0015648,buy
2021-09-05,4.66,0.05,0,0.33,-0.009808655,-0.00524170,-0.0108870,-0.0113149,-0.0098087,sell
2021-09-06,5.83,0,0,0.4,-0.007022505, 0.00267772,-0.0020036,-0.0085287,-0.0033727,buy
2021-09-07,4.19,0,0,0.16,-0.009396036,-0.00765158,-0.0098348,-0.0098348,-0.0041431,sell
2021-09-08,1.89,0,0,0,-0.001515222,-0.00136479,-0.0039164,-0.0023283,-0.0018965,buy
2021-09-09,0.75,0,0,0,-0.010634311,-0.00492062,-0.0096921,-0.0121180,-0.0106326,sell
2021-09-12,0,0.06,0,0, 0.000691381, 0.00523961, 0.0042317, 0.0042317, 0.0088280,buy
2021-09-13,0,0.14,0,0, 0.000096261, 0.01340199,-0.0024246, 0.0036980, 0.0026227,buy
2021-09-14,0,0.2,0,0,-0.017756793,-0.00125373,-0.0170058,-0.0145575,-0.0068246,sell
2021-09-15,0.67,0.12,0,0.1,-0.006005629, 0.01409683,-0.0003858,-0.0032822,-0.0043880,buy
2021-09-16,1.62,0.05,0,0.29,-0.013162737,-0.01763950,-0.0185952,-0.0133278,-0.0139547,sell
2021-09-17,1.8,0,0,0.4, 0.000538983,-0.00217494,-0.0119674,-0.0030991,-0.0017327,buy
2021-09-18,1.29,0,0,0.18, 0.003666764, 0.00214719, 0.0029137, 0.0054472, 0.0140239,buy
2021-09-19,1.29,0,0,0.11, 0.013553388, 0.00934597, 0.0034290, 0.0121545, 0.0093460,buy
2021-09-20,1.8,0,0,0.19, 0.005944026, 0.00153642, 0.0054947,-0.0088325,-0.0019934,buy
2021-09-21,1.75,0.05,0,0.31,-0.002878040,-0.00842589,-0.0092153,-0.0142292,-0.0010671,sell
2021-09-22,1.31,0.13,0,0.4,-0.000645202,-0.00711887,-0.0012056,-0.0084599, 0.0048630,buy
2021-09-23,1.17,0.2,0,0.33,-0.000752378, 0.00105265, 0.0000215,-0.0063269, 0.0008915,buy
2021-09-24,1.43,0.11,0,0.24, 0.004100240, 0.00333701,-0.0018889, 0.0129097, 0.0053484,buy
2021-09-25,2.09,0.04,0,0.19,-0.018824377,-0.01545273,-0.0202223,-0.0132365,-0.0164295,sell
2021-09-26,1.71,0,0,0.16, 0.000132096,-0.00032422, 0.0001321,-0.0065329,-0.0023888,buy
2021-09-27,1.55,0,0,0.15, 0.000550985, 0.00096333, 0.0004326,-0.0022947, 0.0130095,buy
2021-09-28,2.14,0,0,0.17,-0.006027326, 0.00505055,-0.0043129,-0.0062007,-0.0076108,buy
2021-09-29,3.56,0,0,0.35, 0.002654392, 0.00265439, 0.0034736, 0.0026544, 0.0026544,buy
2021-09-30,3.34,0,0.52,0.69,-0.012376586,-0.01163919,-0.0002140,-0.0130360,-0.0117470,sell
2021-10-01,1.7,0,1.39,0.79, 0.011008864, 0.00594462, 0.0117844, 0.0085129, 0.0107955,buy
2021-10-02,0.92,0,1.98,0.47, 0.009656254, 0.00985411, 0.0134048, 0.0119016, 0.0119016,buy
2021-10-03,1.75,0,1.02,0.18,-0.004523189,-0.00896752,-0.0047888, 0.0044840, 0.0044373,buy
2021-10-04,1.8,0,0.38,0.09,-0.005384098,-0.00265466, 0.0016356, 0.0032018,-0.0145996,sell
2021-10-05,0.85,0,0,0, 0.001135916, 0.00260133, 0.0001063, 0.0129141,-0.0001361,buy
2021-10-06,0.36,0,0,0, 0.000710005, 0.00346142, 0.0091212, 0.0088712, 0.0083422,buy
2021-10-07,0,0,0,0, 0.009711360, 0.00656600, 0.0065511,-0.0030958, 0.0097114,buy
2021-10-08,0,0,0,0, 0.011299874, 0.00803287, 0.0112999, 0.0080329, 0.0112999,buy
2021-10-09,0,0,0,0, 0.010928111, 0.00711887, 0.0007254, 0.0095635, 0.0081544,buy
2021-10-10,0,0,0,0,-0.005198668,-0.00945452,-0.0012187,-0.0051987,-0.0051987,sell
2021-10-11,0,0,0.34,0,-0.005204107,-0.00315862,-0.0078778,-0.0049107,-0.0069928,sell
2021-10-12,0,0,0.89,0,-0.003877870,-0.00198943,-0.0066389,-0.0038779,-0.0022412,buy
2021-10-13,0.46,0,1.98,0, 0.010671065, 0.01226186, 0.0098546, 0.0101681, 0.0122619,buy
2021-10-14,1.11,0,1.67,0, 0.007173869,-0.01611432, 0.0120110, 0.0131611, 0.0098039,buy
2021-10-15,1.78,0,1.12,0.1,-0.002459330,-0.00385480,-0.0048651,-0.0039557,-0.0074395,sell
2021-10-16,1.64,0,1.77,0.25, 0.009072802, 0.00220486, 0.0086563, 0.0055813, 0.0051175,buy
2021-10-17,1.38,0,1.96,0.4, 0.002775720, 0.00277572, 0.0160002, 0.0103192, 0.0103192,buy
2021-10-18,1.65,0,0.69,0.26, 0.013372975, 0.00818611, 0.0137219, 0.0048718, 0.0152140,buy
2021-10-19,1.78,0,0,0.22, 0.000820204, 0.00110351,-0.0005747,-0.0128667,-0.0044844,sell
2021-10-20,1.06,0,0,0.2, 0.002158242, 0.00403929,-0.0004540, 0.0008908, 0.0013616,buy
2021-10-21,0.59,0,0,0.35, 0.006003630, 0.00621406, 0.0021786, 0.0078547, 0.0113909,buy
2021-10-22,0.33,0,0,0.4, 0.006520485, 0.00333714, 0.0042004,-0.0033115, 0.0047128,buy
2021-10-23,0,0,0,0.25, 0.007765695, 0.00690156, 0.0055397,-0.0115455, 0.0051624,buy
2021-10-24,0,0,0,0.14,-0.015328304,-0.00635149,-0.0107586,-0.0130029,-0.0088303,sell
2021-10-25,0,0,0,0.23,-0.008958168,-0.00962875,-0.0107805,-0.0137660,-0.0111407,sell
2021-10-26,0,0,0.4,0.37,-0.004219661,-0.01278048,-0.0054724, 0.0079079,-0.0136332,sell
2021-10-27,0,0,0.96,0.4, 0.010474450, 0.00494069, 0.0066594, 0.0046334, 0.0126171,buy
2021-10-28,0,0,1.98,0.28,-0.012832014,-0.01508511,-0.0118235,-0.0180001,-0.0156239,sell
2021-10-29,0,0,1.69,0.34, 0.004491979, 0.00648973, 0.0025654, 0.0044920,-0.0003419,buy
2021-10-30,0.39,0,0.72,0.4,-0.010378410,-0.01518408,-0.0137880,-0.0058808,-0.0107745,sell
2021-10-31,1.37,0,0,0.24, 0.002406942,-0.00917726,-0.0006300,-0.0066471, 0.0002494,buy
2021-11-01,1.78,0,0,0.32, 0.000377811,-0.00052359,-0.0018709, 0.0039427,-0.0019515,buy
2021-11-02,0.62,0,0,0.39, 0.010110170, 0.00511450, 0.0051145, 0.0056313, 0.0133459,buy
2021-11-03,0,0.08,0.44,0.18, 0.004407434, 0.00453917, 0.0060281, 0.0046619, 0.0063973,buy
2021-11-04,0,0.19,0.76,0,-0.003019848, 0.01235722, 0.0052906,-0.0017933, 0.0149341,buy
2021-11-05,0,0.2,1.33,0,-0.008709031, 0.00773051,-0.0096239,-0.0052001, 0.0021973,buy
2021-11-06,0,0.08,2,0, 0.008630341, 0.01025120, 0.0116923, 0.0086303, 0.0008651,buy
2021-11-07,0,0,1.64,0.07,-0.003391910,-0.00225098, 0.0074518,-0.0011048, 0.0018163,buy
2021-11-08,0,0,0.9,0.13, 0.013220342, 0.01081059, 0.0094235, 0.0068291, 0.0130551,buy
2021-11-09,0,0,0.49,0.37,-0.004060864,-0.00733583,-0.0040609,-0.0040609,-0.0117767,sell
2021-11-10,0.38,0,0,0.8,-0.002720195,-0.00814586,-0.0089029,-0.0001738,-0.0001738,buy
2021-11-11,0.93,0,0,0.66, 0.007308771, 0.00377151, 0.0073088, 0.0078080, 0.0065393,buy
2021-11-12,1.78,0.07,0,0.22,-0.012898077,-0.01046851,-0.0157380,-0.0116881,-0.0071719,sell
2021-11-13,1.35,0.2,0.36,0.22,-0.009109704, 0.00731572,-0.0087599,-0.0091097,-0.0091097,buy
2021-11-14,0.55,0.15,0.79,0.27, 0.001337965, 0.00413130, 0.0002437, 0.0009280, 0.0075498,buy
2021-11-15,0,0.06,1.38,0.4, 0.011627817, 0.00584343, 0.0097198, 0.0127338, 0.0112092,buy
2021-11-16,0.31,0.12,2.56,0.35, 0.004579381, 0.00307241, 0.0015289, 0.0178674, 0.0054437,buy
2021-11-17,1.35,0.2,2.44,0.15,-0.002430564,-0.00018355,-0.0077162, 0.0048700, 0.0010578,buy
2021-11-18,3.2,0.17,1.46,0.07,-0.009898370,-0.00902937,-0.0111882,-0.0105746,-0.0089912,sell
2021-11-19,2.89,0.09,0.8,0.1, 0.009139220, 0.00767212,-0.0049583, 0.0078070, 0.0104623,buy
2021-11-20,1.03,0.05,1.98,0.39,-0.008696190,-0.00808977, 0.0050250, 0.0024121,-0.0028954,buy
2021-11-21,0.5,0,2.93,0.39, 0.004857923, 0.01194993, 0.0051282, 0.0117838, 0.0177687,buy
2021-11-22,0,0,1.86,0.11,-0.009444809,-0.00933941, 0.0036165, 0.0035989, 0.0051228,buy
2021-11-23,0,0,1.05,0,-0.003579765,-0.00400889,-0.0035798,-0.0035678,-0.0035678,buy
2021-11-24,0,0,1.08,0, 0.001090884, 0.00109088, 0.0012965,-0.0039813,-0.0057038,sell
2021-11-25,0,0,1.1,0,-0.009515797,-0.00943052,-0.0096065,-0.0098613,-0.0102990,sell
2021-11-26,0.36,0,1.11,0,-0.006422420,-0.01031226,-0.0070874,-0.0166540,-0.0119877,sell
2021-11-27,0.66,0,1.49,0,-0.004636536,-0.00159955,-0.0004694,-0.0015996, 0.0007332,buy
2021-11-28,1.23,0,2.15,0, 0.005419575,-0.00778117,-0.0078985, 0.0004579, 0.0019088,buy
2021-11-29,1.8,0,4.37,0, 0.000478601,-0.00613718, 0.0004101, 0.0081856, 0.0016180,buy
2021-11-30,1.39,0,6.9,0,-0.001882555, 0.00071371,-0.0018826,-0.0035474,-0.0018826,buy
2021-12-01,0.75,0,5.5,0,-0.013372380,-0.00926859,-0.0136415,-0.0124690,-0.0136415,sell
2021-12-02,0.41,0,2.77,0,-0.001940992,-0.01059301,-0.0056244,-0.0056244,-0.0116491,sell
2021-12-03,0,0,2.2,0,-0.005595515,-0.00584733, 0.0081648, 0.0019677, 0.0090110,buy
2021-12-04,0,0,1.86,0.08, 0.002480941, 0.00742968, 0.0153038, 0.0146988, 0.0145097,buy
2021-12-05,0,0,1.99,0.13,-0.005084825,-0.01611915, 0.0017078,-0.0002677, 0.0060388,buy
2021-12-06,0,0,2.42,0.37, 0.012349403, 0.01261939,-0.0088431,-0.0061478,-0.0004136,buy
2021-12-07,0,0,1.83,0.74, 0.006498523, 0.00593154, 0.0056845, 0.0091567, 0.0059315,buy
2021-12-08,0,0,0.81,0.64, 0.014071002, 0.01234867, 0.0111039, 0.0111059, 0.0111059,buy
2021-12-09,0,0,0.45,0.28, 0.001424063, 0.00152279, 0.0012469, 0.0013457,-0.0083924,buy
2021-12-10,0,0,0.68,0.29, 0.010836023, 0.01368265, 0.0108360, 0.0091140, 0.0016778,buy
2021-12-11,0,0,1.95,0.41,-0.007410375,-0.00463482,-0.0027760,-0.0028454,-0.0049945,sell
2021-12-12,0,0,1.57,0.39,-0.012509395,-0.00083448,-0.0022846,-0.0060451,-0.0080814,sell
2021-12-13,0,0,0.45,0.21, 0.004047629, 0.00615397, 0.0026639, 0.0015886,-0.0056480,buy
2021-12-14,0,0,0,0.08, 0.005037289, 0.01093380,-0.0011556, 0.0092514, 0.0043535,buy
2021-12-15,0,0,0,0, 0.003206082, 0.00461783, 0.0090036, 0.0086562, 0.0051916,buy
2021-12-16,0,0,0,0,-0.012672966,-0.00561086,-0.0057570,-0.0093292,-0.0032934,buy
2021-12-17,0,0,0.42,0, 0.002946959,-0.00875171,-0.0092855,-0.0092855,-0.0091716,sell
2021-12-18,0,0,0.9,0,-0.011383799,-0.01142417,-0.0135289,-0.0105359,-0.0109837,sell
2021-12-19,0.51,0,1.9,0, 0.010229210, 0.00820593, 0.0038705, 0.0102292, 0.0102292,buy
2021-12-20,1.77,0,1.96,0, 0.000691065, 0.00194895, 0.0029307, 0.0088828, 0.0097019,buy
2021-12-21,1.45,0,0.96,0, 0.000715223, 0.00140172,-0.0115535,-0.0111842,-0.0115535,sell
2021-12-22,0.35,0,0.46,0,-0.004055192,-0.00004981, 0.0024219, 0.0001576, 0.0047549,buy
2021-12-23,0,0,0,0, 0.001636327, 0.00629187, 0.0124834, 0.0166062, 0.0129873,buy
2021-12-24,0,0,0,0, 0.017596959, 0.01759696, 0.0134930, 0.0018409, 0.0039305,buy
2021-12-25,0,0,0.56,0,-0.001518536,-0.00110296,-0.0020346, 0.0027222,-0.0142664,sell
2021-12-26,0,0,2.33,0, 0.009929293, 0.00657419,-0.0019585, 0.0101919, 0.0173171,buy
2021-12-27,0,0,2.39,0, 0.011899181, 0.01138968, 0.0065280, 0.0117420, 0.0143603,buy
2021-12-28,0,0,1.58,0, 0.013848000, 0.02174048, 0.0153673, 0.0153673, 0.0068168,buy
2021-12-29,0,0,1.95,0, 0.002099014, 0.00200950, 0.0030897, 0.0020095,-0.0014296,buy
2021-12-30,0.47,0,1.98,0, 0.006541683, 0.00888213, 0.0050164, 0.0088821, 0.0046667,buy
2021-12-31,1.19,0,1.17,0, 0.005313392, 0.00436646,-0.0068835,-0.0053824,-0.0066994,buy
2022-01-01,1.8,0,0.69,0,-0.011333074,-0.01133307,-0.0113331,-0.0113331,-0.0099423,sell
2022-01-02,1.04,0,0.88,0, 0.000435976, 0.00699828, 0.0004360,-0.0056199,-0.0097859,buy
2022-01-03,0.41,0,0.81,0,-0.017110383,-0.01713755,-0.0198372,-0.0156957,-0.0226597,sell
2022-01-04,0,0,1.36,0,-0.009297520,-0.00929752,-0.0015683,-0.0081449,-0.0110542,sell
2022-01-05,0,0,2,0,-0.001771239,-0.01066074,-0.0168394,-0.0095698,-0.0136604,sell
2022-01-06,0,0,1.67,0, 0.000749634,-0.00847885,-0.0038875,-0.0026630, 0.0011182,buy
2022-01-07,0,0,0.96,0, 0.002467657, 0.00549825, 0.0016233, 0.0024677, 0.0034513,buy
2022-01-08,0,0,0.55,0,-0.008734319,-0.00206401,-0.0067082,-0.0054251,-0.0131605,sell
2022-01-09,0,0,0.7,0.12,-0.004180362,-0.00289359, 0.0022837,-0.0034441, 0.0106802,buy
2022-01-10,0,0,1.69,0.32, 0.014507627, 0.00956026,-0.0003463,-0.0022053, 0.0095603,buy
2022-01-11,0,0,1.96,0.55, 0.001375829, 0.00125316,-0.0026667,-0.0037815, 0.0025718,buy
2022-01-12,0,0,0.94,0.59, 0.003558502, 0.00664217,-0.0079173, 0.0078190, 0.0066422,buy
2022-01-13,0,0,0.38,0.45,-0.008232824,-0.01219733,-0.0081422,-0.0056160,-0.0112379,sell
2022-01-14,0,0,0,0.37, 0.003659238, 0.00313016,-0.0006714,-0.0048774,-0.0049838,buy
2022-01-15,0,0,0,0.25, 0.009276426, 0.00663710,-0.0025377, 0.0074506, 0.0127920,buy
2022-01-16,0,0,0,0.21, 0.015474136, 0.00634836, 0.0108559, 0.0055466, 0.0172604,buy
2022-01-17,0,0,0,0.15,-0.003275150, 0.01500839,-0.0033901,-0.0011241,-0.0056589,buy
2022-01-18,0,0,0,0.09, 0.008375580, 0.01629550, 0.0164245, 0.0169191, 0.0111003,buy
2022-01-20,0.39,0,0,0, 0.006432603, 0.00876757, 0.0082003, 0.0110932, 0.0112000,buy
2022-01-21,0.52,0,0,0, 0.008052034, 0.00619293, 0.0099012, 0.0087949, 0.0072963,buy
2022-01-22,0.68,0,0,0,-0.004339062,-0.00209797,-0.0027598,-0.0003901,-0.0039749,sell
2022-01-23,0.84,0,0,0,-0.012021898,-0.00936047,-0.0132649,-0.0139236,-0.0122523,sell
2022-01-24,1.02,0,0,0, 0.002116030,-0.00335038,-0.0044743,-0.0015206, 0.0004994,buy
2022-01-25,1.17,0,0,0, 0.009945211, 0.00555415, 0.0037516, 0.0037022, 0.0038172,buy
2022-01-26,1.32,0,0,0, 0.007432507, 0.00372255, 0.0050678, 0.0115997,-0.0011054,buy
2022-01-27,1.43,0,0,0,-0.000191071,-0.00019107,-0.0001911, 0.0042932,-0.0052939,buy
2022-01-28,1.48,0,0,0.08, 0.001951841, 0.00251289, 0.0019518, 0.0019518,-0.0008343,buy
2022-01-29,1.49,0,0,0.19, 0.000744258,-0.00816956,-0.0013379,-0.0013379,-0.0060640,sell
2022-01-30,1.49,0,0,0.39, 0.006244178, 0.00771316, 0.0079157, 0.0114916, 0.0077132,buy
2022-01-31,1.45,0,0.4,0.34, 0.009735430, 0.01321055, 0.0126336, 0.0132278, 0.0127537,buy
2022-02-01,1.35,0,0.63,0.14,-0.006529178,-0.01375686,-0.0098680,-0.0098680,-0.0124827,sell
2022-02-02,1.23,0,0.98,0,-0.005175461,-0.00770886,-0.0048559,-0.0042592,-0.0051755,sell
2022-02-03,1.07,0,1.52,0,-0.000349730, 0.00255561, 0.0083803, 0.0087808,-0.0003497,buy
2022-02-04,0.91,0,1.98,0, 0.016398432, 0.01722600, 0.0089406, 0.0180158, 0.0195110,buy
2022-02-05,1.08,0,1.66,0, 0.016537093, 0.01905963, 0.0098150, 0.0152202, 0.0165371,buy
2022-02-06,1.22,0,1.05,0, 0.001942260, 0.00087032,-0.0014093,-0.0004079,-0.0031639,buy
2022-02-07,1.63,0,0.68,0, 0.004195139, 0.00700216,-0.0118199,-0.0098144,-0.0058286,sell
2022-02-08,2.15,0,0.44,0, 0.001837919,-0.00626743,-0.0005381,-0.0020250,-0.0007631,buy
2022-02-09,1.41,0,0,0, 0.013106821, 0.01151061, 0.0125553, 0.0125553, 0.0131007,buy
2022-02-10,0.75,0,0,0,-0.010455309,-0.01021781,-0.0117351,-0.0156249,-0.0132096,sell
2022-02-11,0.4,0,0,0, 0.014042478, 0.00955744, 0.0140425, 0.0095574, 0.0140425,buy
2022-02-12,0,0,0,0, 0.007169038, 0.00760275, 0.0087514, 0.0090971, 0.0087999,buy
2022-02-13,0,0,0,0,-0.018610915,-0.01460991,-0.0149930,-0.0186614,-0.0188764,sell
2022-02-14,0,0,0,0, 0.005508160, 0.00451432, 0.0032519,-0.0055834, 0.0035348,buy
2022-02-15,0,0,0,0, 0.015622126, 0.01496003, 0.0075663,-0.0049918, 0.0097067,buy
2022-02-16,0,0,0,0,-0.015882254,-0.00809743,-0.0102511,-0.0135128,-0.0168749,sell
2022-02-17,0,0,0,0, 0.010797050, 0.01015835, 0.0127923, 0.0116527, 0.0107970,buy
2022-02-18,0,0,0,0, 0.004506519, 0.00542984, 0.0069686, 0.0054298, 0.0066093,buy
2022-02-19,0,0,0,0, 0.004506519, 0.00410371, 0.0069686, 0.0041037, 0.0066093,buy
2022-02-20,0,0,0,0, 0.008881319, 0.01015835, 0.0123508, 0.0116527, 0.0094212,buy
2022-02-21,0,0,1.02,0,-0.002837812, 0.00355856, 0.0044140,-0.0002320,-0.0003783,buy
2022-02-22,0,0,1.88,0,-0.006854698,-0.00375742,-0.0000828,-0.0031539,-0.0051216,sell
2022-02-23,0,0,3.26,0.11, 0.005915333,-0.00331455, 0.0067420, 0.0107905, 0.0061074,buy
2022-02-24,0,0,3.77,0.34, 0.016270051, 0.00447351, 0.0193946, 0.0141256, 0.0150264,buy
2022-02-25,0,0,2.55,0.39, 0.008226883, 0.00452223, 0.0022144,-0.0074926, 0.0113752,buy
2022-02-26,0,0,1.36,0.14, 0.002490212,-0.01267663,-0.0125996,-0.0083273,-0.0009728,buy
2022-02-27,0,0,0.45,0,-0.004411362,-0.01666401,-0.0165082,-0.0122777,-0.0141781,sell
2022-02-28,0,0,0.68,0,-0.003116745,-0.01349385,-0.0166905,-0.0117634,-0.0118601,sell
2022-03-01,0,0,1.6,0, 0.007853210,-0.00158659,-0.0038173, 0.0053042, 0.0060719,buy
2022-03-02,0,0,1.98,0, 0.010019605, 0.00548105, 0.0061966, 0.0089608, 0.0098263,buy
2022-03-03,0,0,1.02,0, 0.010738454, 0.00754366, 0.0056677, 0.0107385, 0.0101271,buy
2022-03-04,0,0,0.43,0, 0.012609111, 0.00732694, 0.0006622, 0.0126091, 0.0113734,buy
2022-03-05,0,0,0,0, 0.015384301, 0.00670376,-0.0002308, 0.0145741, 0.0128739,buy
2022-03-06,0,0,0,0,-0.011692427,-0.01388643,-0.0117643,-0.0138593,-0.0139950,sell
2022-03-07,0,0,0,0, 0.008881319, 0.01015835, 0.0108766, 0.0116527, 0.0094212,buy
2022-03-08,0,0,0,0,-0.015357125,-0.00784218,-0.0114884,-0.0097520,-0.0176565,sell
2022-03-09,0,0,0,0,-0.001956140, 0.00542884, 0.0070244, 0.0088834, 0.0079027,buy
2022-03-10,0,0,0,0,-0.012368402,-0.00491139,-0.0145265,-0.0115860,-0.0039409,sell
2022-03-11,0,0,0,0, 0.004961008, 0.00511623, 0.0044909, 0.0049610, 0.0071654,buy
2022-03-12,0,0,0,0,-0.017523653,-0.01798706,-0.0179871,-0.0146609,-0.0168876,sell
2022-03-13,0,0,0,0, 0.016011064, 0.01554917, 0.0160111, 0.0155492, 0.0160111,buy
2022-03-14,0,0,0,0, 0.000421440,-0.00262576,-0.0012528,-0.0066872,-0.0066205,sell
2022-03-15,0,0,0,0, 0.002675469, 0.00367879, 0.0039994, 0.0009340, 0.0023232,buy
2022-03-16,0,0,1.29,0,-0.001410973,-0.00141097,-0.0030809, 0.0046776,-0.0036843,buy
2022-03-17,0,0,2.91,0.11,-0.002965359,-0.00187819,-0.0076535, 0.0019035,-0.0217094,sell
2022-03-18,0,0,2.92,0.26, 0.007052403, 0.00103468, 0.0046984, 0.0091534, 0.0105725,buy
2022-03-19,0,0,1.7,0.4, 0.010828567, 0.00349079, 0.0034908, 0.0026459, 0.0027698,buy
2022-03-20,0,0,0.71,0.38, 0.009508048, 0.00950805, 0.0095080, 0.0119696,-0.0113199,buy
2022-03-21,0,0,0,0.34, 0.011740213, 0.00946030, 0.0117402, 0.0055053, 0.0082087,buy
2022-03-22,0,0,0,0.4,-0.013439733,-0.01941974,-0.0133461,-0.0133461,-0.0103161,sell
2022-03-23,0,0,0,0.37, 0.004788218, 0.00190592, 0.0040425, 0.0070121, 0.0013069,buy
2022-03-24,0,0,0,0.19, 0.003475120, 0.01021147, 0.0079175, 0.0057328, 0.0034756,buy
2022-03-25,0,0,1.26,0.1,-0.006622565,-0.01303646,-0.0084525,-0.0130365,-0.0124105,sell
2022-03-26,0,0,2.55,0,-0.006093379,-0.01680118,-0.0060934,-0.0063672,-0.0082019,sell
2022-03-27,0,0,1.75,0,-0.013026351,-0.01375110,-0.0079829,-0.0130264,-0.0130264,sell
2022-03-28,0,0,1.56,0, 0.011794373, 0.01829843, 0.0124550, 0.0124550, 0.0042483,buy
2022-03-29,0,0,1.98,0,-0.001705871, 0.00226402,-0.0032814,-0.0032814, 0.0165099,buy
2022-03-30,0,0,1.56,0, 0.005879919, 0.00360248,-0.0009863, 0.0034618, 0.0044511,buy
2022-03-31,0,0,1.98,0, 0.006840047,-0.01209397,-0.0115639,-0.0099235,-0.0024519,sell
2022-04-01,0,0,2.54,0, 0.008623262,-0.01347479, 0.0086233,-0.0013356, 0.0016079,buy
2022-04-02,0,0,1.27,0, 0.004693140, 0.00319633, 0.0039789, 0.0064570, 0.0033805,buy
2022-04-03,0,0,0,0, 0.008185993, 0.00508303, 0.0081860, 0.0050830, 0.0078990,buy
2022-04-04,0,0,0,0, 0.008881319, 0.01015835, 0.0123508, 0.0116527, 0.0094212,buy
2022-04-05,0,0,0,0,-0.000716756, 0.00555448, 0.0035985, 0.0078768,-0.0003603,buy
2022-04-06,0,0,0.72,0,-0.011217482,-0.00956139,-0.0104687,-0.0142258,-0.0104687,sell
2022-04-07,0,0,2.73,0, 0.006782038,-0.01319137, 0.0063921,-0.0047480, 0.0012888,buy
2022-04-08,0,0,2.83,0, 0.002107298,-0.01393919,-0.0037918,-0.0034544,-0.0172857,sell
2022-04-09,0,0,1.52,0.19, 0.006364042, 0.00696914, 0.0000884, 0.0103424,-0.0015668,buy
2022-04-10,0,0,0.85,0.39, 0.006446094, 0.00087910, 0.0012606, 0.0031914, 0.0062609,buy
2022-04-11,0,0,0.86,0.12,-0.015945915,-0.00321244,-0.0047996,-0.0051999, 0.0007664,sell
2022-04-12,0,0,1.91,0,-0.003330815, 0.00630724, 0.0008657, 0.0003443,-0.0021992,buy
2022-04-13,0,0,1.98,0, 0.006840047,-0.01209397,-0.0115639,-0.0099235,-0.0024519,sell
2022-04-14,0,0,0.9,0,-0.001587614,-0.00199923,-0.0148295,-0.0072988,-0.0071781,sell
2022-04-15,0,0,0.91,0,-0.005420160,-0.01130466,-0.0178790,-0.0117663,-0.0118589,sell
2022-04-16,0,0,1.56,0.09,-0.004824799,-0.00358422, 0.0025917,-0.0066679,-0.0016339,buy
2022-04-17,0,0,3.35,0.22,-0.005643396,-0.00705343,-0.0115327, 0.0087431,-0.0096773,buy
2022-04-18,0,0,3.98,0.4,-0.007456276,-0.01204588,-0.0141931,-0.0107728,-0.0107728,sell
2022-04-19,0,0,2.18,0.44,-0.002458494, 0.00115526,-0.0171874,-0.0165411,-0.0146033,sell
2022-04-20,0,0,1.08,0.52,-0.000051836, 0.00304325,-0.0036114, 0.0052727, 0.0030432,buy
2022-04-21,0,0,0.42,0.34, 0.007964602, 0.00628793, 0.0078491, 0.0152976, 0.0067473,buy
2022-04-22,0,0,0,0.12,-0.001092746, 0.00354585,-0.0024335,-0.0015768,-0.0007606,buy
2022-04-23,0,0,0.62,0.19,-0.006732799,-0.00089800, 0.0002062,-0.0042004,-0.0067480,sell
2022-04-24,0,0,1.96,0.4, 0.006688708, 0.00396485, 0.0054304,-0.0014654, 0.0026716,buy
2022-04-25,0,0,2.53,0.25,-0.003465160,-0.00002840,-0.0101411,-0.0022596,-0.0043214,sell
2022-04-26,0.39,0,2.21,0.08,-0.001655238, 0.00026506,-0.0023163,-0.0003217,-0.0016552,buy
2022-04-27,1.07,0,1.98,0,-0.008199854, 0.00266281, 0.0092391,-0.0012915,-0.0081999,buy
2022-04-28,1.8,0,1.46,0, 0.009347375, 0.00934737, 0.0082906, 0.0145090, 0.0109702,buy
2022-04-29,1.14,0,1.43,0, 0.003398763, 0.00571993, 0.0083135, 0.0083135, 0.0024475,buy
2022-04-30,0.49,0,1.8,0,-0.001478013, 0.01922915, 0.0206266, 0.0000770,-0.0006461,buy
2022-05-01,0,0,3.03,0,-0.008683828,-0.00771325,-0.0050616, 0.0005495,-0.0060770,sell
2022-05-02,0,0,2.69,0, 0.006065101,-0.00674572, 0.0060651,-0.0006640, 0.0030929,buy
2022-05-03,0,0,3.23,0,-0.008381317,-0.00896826,-0.0122297,-0.0089683,-0.0089683,sell
2022-05-04,0,0,4.14,0,-0.002889400,-0.00068012,-0.0081410, 0.0069243, 0.0060877,buy
2022-05-05,0,0,4.77,0,-0.001548508, 0.00694850, 0.0056829, 0.0159488, 0.0055923,buy
2022-05-06,0,0,4.72,0,-0.009197977,-0.00393337,-0.0069941, 0.0022957,-0.0058711,sell
2022-05-07,0,0,3.64,0,-0.000110233,-0.00146364, 0.0012274,-0.0011490,-0.0016232,buy
2022-05-08,0,0,2.33,0, 0.001609234, 0.01170887, 0.0125535, 0.0068553, 0.0054889,buy
2022-05-09,0,0,1.48,0, 0.010486434, 0.00705717, 0.0099277, 0.0102698, 0.0123157,buy
2022-05-10,0,0,1.21,0,-0.007217543,-0.00639694,-0.0008056,-0.0039604,-0.0036128,sell
2022-05-11,0,0,1.01,0, 0.001536111,-0.00081008,-0.0010427,-0.0007600,-0.0007600,buy
2022-05-12,0,0,0.83,0,-0.008431054,-0.00102718, 0.0010697,-0.0062373, 0.0010542,buy
2022-05-13,0,0,1.11,0.09,-0.011296118,-0.01354645,-0.0068067,-0.0135465,-0.0127123,sell
2022-05-14,0,0,1.56,0.2, 0.004956137,-0.00124718,-0.0081693, 0.0050068,-0.0089692,buy
2022-05-15,0,0,2.45,0.4, 0.003936327,-0.00014389,-0.0166018,-0.0109428,-0.0080694,sell
2022-05-16,0,0,2.08,0.42,-0.006631125,-0.00079564,-0.0185451,-0.0173739,-0.0137900,sell
2022-05-17,0.47,0,1.27,0.31,-0.002293844, 0.00870892, 0.0072729,-0.0020143, 0.0007454,buy
2022-05-18,1.12,0,0.98,0.28,-0.005671824,-0.00580589,-0.0035297,-0.0042313,-0.0056326,sell
2022-05-19,1.78,0,1.86,0.4, 0.006618395, 0.00658742, 0.0070830, 0.0077950, 0.0020912,buy
2022-05-20,1.17,0,2.86,0.31, 0.012662720, 0.01238664, 0.0049182, 0.0128136,-0.0093370,buy
2022-05-21,0.49,0,2.8,0.29, 0.006475581, 0.00124716, 0.0131412, 0.0067300, 0.0052513,buy
2022-05-22,0.44,0,4.87,0.37,-0.013409818,-0.01280968,-0.0140757,-0.0143408,-0.0143408,sell
2022-05-23,0.72,0,6.69,0.4,-0.012254152, 0.00612963,-0.0004980, 0.0077117,-0.0008189,buy
2022-05-24,1.16,0,6.28,0.27,-0.015510994, 0.00458064,-0.0006110,-0.0012545,-0.0006110,buy
2022-05-25,1.8,0,3.08,0.23,-0.008546743,-0.01215652,-0.0135294,-0.0096208,-0.0120911,sell
2022-05-26,1.74,0,0.75,0.29,-0.011048274,-0.00724358,-0.0114411,-0.0086589,-0.0072183,sell
2022-05-27,1.13,0,0.42,0.39, 0.017751933, 0.00780738, 0.0181370, 0.0086629, 0.0192160,buy
2022-05-28,0.77,0,1.31,0.26,-0.014078039,-0.01481210,-0.0150540,-0.0150540,-0.0167563,sell
2022-05-29,0.56,0,2.5,0.1, 0.000479537, 0.01156556, 0.0138441, 0.0004795, 0.0001280,buy
2022-05-30,0.42,0,2.45,0.13,-0.001173937, 0.00975911, 0.0010785,-0.0008089,-0.0047889,buy
2022-05-31,0.33,0,1.59,0.16,-0.003481811,-0.00348181, 0.0038252,-0.0037431,-0.0067278,sell
2022-06-01,0,0,1.24,0.18, 0.007841630, 0.01123948, 0.0061084, 0.0088881, 0.0083428,buy
2022-06-02,0,0,0.96,0.19,-0.003573451, 0.00483152, 0.0046088,-0.0034421,-0.0024715,buy
2022-06-03,0,0,0.97,0.19,-0.003573451, 0.00414209, 0.0046088,-0.0034421,-0.0024715,buy
2022-06-04,0,0,0.96,0.19,-0.003573451, 0.00483152, 0.0046088,-0.0034421,-0.0024715,buy
2022-06-05,0.32,0,0.9,0.17, 0.010745912, 0.00884210, 0.0152283, 0.0135729, 0.0103195,buy
2022-06-06,0.4,0,0.79,0.15, 0.011979953, 0.00832356, 0.0149453, 0.0128453, 0.0088055,buy
2022-06-07,0.53,0,0.64,0.12, 0.006373830, 0.00471860, 0.0063738, 0.0057846, 0.0052485,buy
2022-06-08,0.76,0,0.49,0.09, 0.007254628, 0.00725463, 0.0072546, 0.0044147, 0.0069124,buy
2022-06-09,1.15,0,0.35,0, 0.000410107, 0.00432677, 0.0001015, 0.0024443, 0.0036006,buy
2022-06-10,1.78,0,0,0,-0.008703739,-0.00870374,-0.0081657,-0.0086673,-0.0068783,sell
2022-06-11,1.69,0,0,0, 0.011725668, 0.01052988, 0.0117257, 0.0114126, 0.0114007,buy
2022-06-12,0.98,0,0,0,-0.000805575,-0.00029923,-0.0008056,-0.0056187,-0.0031653,buy
2022-06-13,0.54,0,0,0,-0.005240813, 0.00019068,-0.0016812, 0.0001907,-0.0028963,buy
2022-06-14,0.56,0,0,0.1,-0.014214139,-0.00895521,-0.0139652,-0.0137485,-0.0120680,sell
2022-06-15,1.34,0,0,0.24, 0.000292446,-0.00919639,-0.0006300,-0.0066471, 0.0003406,buy
2022-06-16,1.78,0,0,0.4,-0.000048670,-0.00217494,-0.0124152,-0.0030991,-0.0017327,buy
2022-06-17,0.97,0,0.56,0.52, 0.006858081, 0.00975229, 0.0063952, 0.0097523, 0.0050083,buy
2022-06-18,0.41,0,2.19,0.73, 0.010402519,-0.00772312, 0.0020390, 0.0104025,-0.0062253,buy
2022-06-19,0.4,0,3.41,0.75,-0.008149672,-0.00814967,-0.0074189,-0.0096090,-0.0072953,sell
2022-06-20,1.17,0,2.81,0.41,-0.006422128,-0.00642213,-0.0129243,-0.0064221,-0.0021470,buy
2022-06-21,1.77,0,1.05,0.11,-0.002471675,-0.00291627,-0.0024459,-0.0016091,-0.0066575,sell
2022-06-22,0.9,0,0.38,0,-0.003746398, 0.00114943,-0.0099558, 0.0031085, 0.0006358,buy
2022-06-23,0.3,0,0,0,-0.004930430, 0.00194090, 0.0026454, 0.0020902, 0.0097573,buy
2022-06-25,0.31,0,0.53,0,-0.002107590,-0.00134858,-0.0020349,-0.0064555,-0.0087528,sell
2022-06-26,0.67,0,1.04,0.16, 0.001731001,-0.00073706, 0.0065612, 0.0017372, 0.0021829,buy
2022-06-27,1.45,0,2.6,0.4,-0.000368233,-0.00036823, 0.0026498, 0.0010046, 0.0004544,buy
2022-06-28,1.78,0,3.54,0.77,-0.012688498,-0.01936360,-0.0179011,-0.0217650,-0.0107260,sell
2022-06-29,0.98,0,2.98,0.75,-0.000324323,-0.00435299,-0.0031870,-0.0003680,-0.0012480,buy
2022-06-30,0.45,0,1.37,0.47,-0.005108851,-0.00510885,-0.0082608,-0.0069883, 0.0016977,buy
2022-07-01,0.81,0,0,0.55,-0.003798103, 0.00281808, 0.0030176, 0.0028409, 0.0028593,buy
2022-07-02,1.75,0,0,0.8,-0.006306789,-0.00106996, 0.0055201, 0.0058423,-0.0023954,buy
2022-07-03,0.71,0,0.48,0.54,-0.009132726,-0.00868532,-0.0067070,-0.0086853, 0.0041401,buy
2022-07-04,0,0,1.41,0.12,-0.003337678,-0.00450279,-0.0029098,-0.0064304,-0.0064304,sell
2022-07-05,0,0,1.96,0,-0.008819565,-0.00458975,-0.0062244,-0.0093733,-0.0105431,sell
2022-07-06,0,0,0.88,0, 0.002700843,-0.00475977,-0.0082303, 0.0013582, 0.0028634,buy
2022-07-07,0.47,0,0,0, 0.003024672, 0.00351682, 0.0015221,-0.0052621,-0.0034000,buy
2022-07-08,1.74,0,0.63,0.23, 0.011130000, 0.00437925, 0.0110116,-0.0025535, 0.0083748,buy
2022-07-09,1,0,1.45,0.39, 0.004405870,-0.00304017, 0.0039199, 0.0139836, 0.0038595,buy
2022-07-10,0,0,1.98,0.1,-0.002681789,-0.00345416, 0.0162066, 0.0040276, 0.0020374,buy
2022-07-11,0.46,0,1.18,0, 0.003364622, 0.00481928,-0.0175506, 0.0018263, 0.0018263,buy
2022-07-12,1.39,0,1.08,0.1,-0.002378743, 0.00001071,-0.0122600, 0.0010361,-0.0148348,buy
2022-07-13,1.75,0,2.87,0.3,-0.003494258,-0.00858046,-0.0106747,-0.0046187,-0.0101191,sell
2022-07-14,0.72,0,3.94,0.39,-0.005571053,-0.01268620,-0.0052420,-0.0077030, 0.0069823,buy
2022-07-15,0.32,0,1.91,0.17, 0.000287602, 0.00034048, 0.0056516, 0.0003405,-0.0090951,buy
2022-07-16,1.65,0,0.99,0,-0.000528385,-0.00632749,-0.0005307, 0.0016604,-0.0001466,buy
2022-07-17,3.58,0.11,0.51,0, 0.016909406, 0.01718495, 0.0160090, 0.0169864, 0.0124287,buy
2022-07-18,2.24,0.28,0,0, 0.014043072, 0.00818538, 0.0033177, 0.0070802, 0.0094904,buy
2022-07-19,0.73,0.23,0,0,-0.005097896,-0.00305739, 0.0041946,-0.0050979,-0.0050979,sell
2022-07-20,0.31,0.2,0,0,-0.018316917,-0.00312782,-0.0170234,-0.0177286,-0.0062109,sell
2022-07-21,0.51,0.09,0,0,-0.002153586,-0.00207189,-0.0021536, 0.0039404, 0.0034227,buy
2022-07-22,2.1,0.04,0,0,-0.007799533,-0.00410193,-0.0052676,-0.0083586,-0.0002053,buy
2022-07-23,3.54,0,0,0.1, 0.002595709,-0.00185287, 0.0025957, 0.0015030,-0.0058738,sell
2022-07-24,1.7,0,0,0.29, 0.007137767, 0.00457896, 0.0047000, 0.0071028, 0.0025482,buy
2022-07-25,0,0,0,0.55,-0.007655135,-0.00649672,-0.0077397,-0.0097997,-0.0102969,sell
2022-07-26,0,0,0,0.58,-0.017426296,-0.00384722,-0.0122958,-0.0072288,-0.0122958,sell
2022-07-27,0,0,0,0.41, 0.006166334,-0.00269672, 0.0083727,-0.0006832,-0.0001142,buy
2022-07-28,0,0,0,0.5,-0.009610284,-0.00876009,-0.0108001,-0.0120064,-0.0103590,sell
2022-07-29,0.32,0,0,0.33, 0.001073248,-0.00236638,-0.0024905,-0.0085669,-0.0034671,sell
2022-07-30,0.77,0.12,0.41,0,-0.001086720,-0.00732813, 0.0021300, 0.0067153,-0.0019878,buy
2022-07-31,1.77,0.2,1.05,0, 0.003419882,-0.00033378, 0.0030619, 0.0023753, 0.0088850,buy
2022-08-01,1.71,0.06,2.22,0, 0.003712753,-0.00049631,-0.0020689,-0.0001679,-0.0006662,buy
2022-08-02,0.72,0,3.84,0,-0.009849829,-0.00835717, 0.0034013,-0.0006090,-0.0003925,buy
2022-08-03,0.3,0,3.19,0,-0.002161694,-0.00554247,-0.0153612,-0.0088279,-0.0055425,sell
2022-08-04,0,0,1.66,0, 0.005132788, 0.00253370,-0.0016327, 0.0048494, 0.0046115,buy
2022-08-05,0,0.09,0.74,0.12, 0.000777804,-0.00076632, 0.0033404, 0.0032516, 0.0032516,buy
2022-08-06,0.8,0.19,0.44,0.23, 0.000518238,-0.00053500, 0.0015463,-0.0006843,-0.0017573,buy
2022-08-07,1.78,0.13,0,0.4,-0.000029723, 0.00029911,-0.0006174,-0.0214403, 0.0017233,sell
2022-08-08,1.28,0.15,0.37,0.36,-0.002005506,-0.00483812,-0.0020055,-0.0132661, 0.0039669,sell
2022-08-09,0.42,0.2,0.66,0.3, 0.008866843, 0.00263921, 0.0023388, 0.0028128, 0.0016299,buy
2022-08-10,0,0.08,1.17,0.35, 0.006520840,-0.00292323, 0.0074525, 0.0080371, 0.0039142,buy
2022-08-11,0.34,0,1.98,0.4,-0.002359720,-0.00237521,-0.0023597,-0.0037732, 0.0008652,buy
2022-08-12,0.61,0.04,1.9,0.27, 0.004786701, 0.00670701, 0.0132827, 0.0129805, 0.0048783,buy
2022-08-13,1.07,0.1,1.08,0.12,-0.012465481,-0.00384287,-0.0148851,-0.0053176,-0.0031863,buy
2022-08-14,1.78,0.2,0.62,0,-0.012055058,-0.01288541,-0.0125141,-0.0111692,-0.0121545,sell
2022-08-15,2.4,0.15,0.35,0,-0.006401985,-0.00763266,-0.0080339,-0.0064211,-0.0064520,sell
2022-08-16,3.12,0.06,0,0, 0.010305401, 0.00970754,-0.0034267, 0.0096527, 0.0061370,buy
2022-08-17,3.05,0,0,0,-0.014354663,-0.00603931,-0.0136712,-0.0129539,-0.0136739,sell
2022-08-18,2.51,0,0,0.11,-0.007989804,-0.00003508,-0.0059421,-0.0055320,-0.0084925,sell
2022-08-19,0.84,0.04,0,0.24, 0.001416123,-0.00120286,-0.0049661, 0.0032083, 0.0000987,buy
2022-08-20,0,0.13,0,0.4, 0.003241836, 0.00079576, 0.0013401, 0.0007373, 0.0013401,buy
2022-08-21,0.66,0.28,0,0.31, 0.001098509,-0.00135788,-0.0013579, 0.0158468,-0.0003890,buy
2022-08-22,1.8,0.3,0,0.24, 0.001866721,-0.00392886,-0.0129451,-0.0064602,-0.0017461,buy
2022-08-23,1.65,0.16,0,0.19, 0.001034312, 0.01272486,-0.0010089,-0.0017766, 0.0004635,buy
2022-08-24,0.6,0.05,0,0.18,-0.000501115,-0.00074601,-0.0000103, 0.0061913,-0.0007882,buy
2022-08-25,0,0,0,0.35, 0.007526006, 0.00842270, 0.0207078, 0.0126682, 0.0062582,buy
2022-08-26,0,0,0,0.67,-0.024252397,-0.01760195,-0.0186493,-0.0117190,-0.0190880,sell
2022-08-27,0,0.08,0,0.79,-0.029745536,-0.02200648,-0.0281032,-0.0287813,-0.0235101,sell
2022-08-28,0,0.2,0,0.46,-0.025693742,-0.02098449,-0.0214419,-0.0233569,-0.0233569,sell
2022-08-29,0.37,0.15,0.47,0.21, 0.001614358,-0.00121302,-0.0034132,-0.0055483, 0.0039716,buy
2022-08-30,0.46,0.05,0.83,0.14, 0.015625996, 0.01422308, 0.0156260, 0.0151758, 0.0184172,buy
2022-08-31,0.57,0.05,1.48,0.1, 0.017285476, 0.01529063, 0.0118658, 0.0124049, 0.0117150,buy
2022-09-01,0.66,0.17,1.98,0.07,-0.000698271, 0.00218299,-0.0082072, 0.0028163,-0.0028822,buy
2022-09-02,0.73,0.39,1.5,0,-0.003167182,-0.00466399,-0.0038836,-0.0054915, 0.0078444,buy
2022-09-03,0.76,0.35,0.86,0,-0.018974777,-0.01456766,-0.0178747,-0.0182287,-0.0126302,sell
2022-09-04,0.76,0.16,0.48,0,-0.003473161,-0.00482559, 0.0008172,-0.0086138,-0.0092095,sell
2022-09-05,0.74,0.07,0,0,-0.002915508,-0.00253842,-0.0022741, 0.0005795, 0.0001153,buy
2022-09-06,0.69,0.04,0,0,-0.002274579,-0.00454626,-0.0026618,-0.0107448,-0.0096843,sell
2022-09-07,0.59,0,0,0,-0.003688862,-0.00775716,-0.0033480,-0.0073753,-0.0078078,sell
2022-09-08,0.47,0,0,0, 0.003024672, 0.00351682, 0.0015221,-0.0052621,-0.0034000,buy
2022-09-09,0.79,0,0,0, 0.002621166, 0.00220831, 0.0057137, 0.0012996, 0.0015566,buy
2022-09-10,1.06,0,0,0, 0.010625998, 0.00915848, 0.0091103, 0.0092997, 0.0099348,buy
2022-09-11,1.78,0,0,0, 0.001098473, 0.00650037,-0.0088232, 0.0003127, 0.0057894,buy
2022-09-12,1.21,0,0,0, 0.008624287, 0.00920657, 0.0056009, 0.0063397, 0.0077529,buy
2022-09-13,0.5,0,0,0, 0.010313775, 0.00892626, 0.0115689, 0.0094314, 0.0081027,buy
2022-09-14,0,0.03,0,0.11, 0.004384123, 0.00810668, 0.0066600, 0.0051926, 0.0051280,buy
2022-09-15,0,0.11,0,0.22, 0.008286852, 0.01244370, 0.0125792, 0.0089676, 0.0128000,buy
2022-09-16,0,0.26,0,0.4,-0.017081697,-0.01264770,-0.0120667,-0.0002876,-0.0146662,sell
2022-09-17,0.62,0.29,0,0.34, 0.001658258,-0.00265661,-0.0026568, 0.0167651, 0.0016583,buy
2022-09-18,1.95,0.28,0,0.17, 0.001697859, 0.00175687,-0.0114130,-0.0026727, 0.0007442,buy
2022-09-19,3.18,0.19,0,0.08,-0.001400157,-0.00504638,-0.0050043,-0.0055016,-0.0014002,buy
2022-09-20,2.64,0.09,0,0, 0.012731810, 0.01297726, 0.0046170, 0.0127330, 0.0133374,buy
2022-09-21,1.09,0.04,0,0,-0.015068902,-0.01115774,-0.0161779,-0.0161096,-0.0075610,sell
2022-09-22,0,0.04,0,0,-0.021516374,-0.02151637,-0.0215932,-0.0209797,-0.0209797,sell
2022-09-23,0.35,0.13,0,0,-0.001593467,-0.00307644,-0.0007593,-0.0024505,-0.0076615,sell
2022-09-24,0.95,0.2,0,0, 0.008288157, 0.01345783, 0.0156558, 0.0122903, 0.0082882,buy
2022-09-25,2.63,0.18,0,0, 0.005609783,-0.00415333, 0.0049369, 0.0014414, 0.0056098,buy
2022-09-26,4.08,0.2,0,0, 0.000798596, 0.00229014, 0.0020922, 0.0020922, 0.0011673,buy
2022-09-27,4.18,0.17,0,0,-0.002079396, 0.00064232,-0.0047376,-0.0035662,-0.0061733,sell
2022-09-28,3.14,0.11,0,0, 0.010681020, 0.00992843,-0.0049557, 0.0111026, 0.0076718,buy
2022-09-29,2.13,0.08,0,0, 0.004120124, 0.00473164, 0.0053575,-0.0018614, 0.0081335,buy
2022-09-30,1.46,0.19,0,0, 0.002684410, 0.00134692, 0.0035785, 0.0014856, 0.0048734,buy
2022-10-01,1.06,0.32,0,0,-0.017486409,-0.01715485,-0.0195781,-0.0126643,-0.0158095,sell
2022-10-02,0.82,0.27,0,0,-0.011652120,-0.01233786,-0.0155489,-0.0022751,-0.0144447,sell
2022-10-03,1.07,0.15,0,0,-0.000952036, 0.00629239, 0.0076053, 0.0031101, 0.0038091,buy
2022-10-04,0.97,0.09,0,0,-0.003737614,-0.00236251,-0.0047720,-0.0029070, 0.0002070,buy
2022-10-05,1.43,0.07,0,0.08,-0.006475074,-0.00640346,-0.0090610,-0.0103423, 0.0004651,sell
2022-10-06,2.29,0.04,0,0.1,-0.003697775, 0.00238626, 0.0005446, 0.0005446,-0.0032874,buy
2022-10-07,2.73,0,0,0.14,-0.005583337,-0.00051243,-0.0080014,-0.0080014,-0.0089975,sell
2022-10-08,2.14,0,0,0.18,-0.001968515, 0.00340807,-0.0031492,-0.0033459,-0.0047561,buy
2022-10-09,1.86,0,0,0.23,-0.002338899, 0.00237908,-0.0037009,-0.0101315,-0.0065056,sell
2022-10-10,2.43,0.04,0,0.3, 0.004362552, 0.00908898, 0.0000215, 0.0083089, 0.0083089,buy
2022-10-11,3.48,0.13,0,0.38,-0.022345809,-0.01695338,-0.0243701,-0.0175647,-0.0190673,sell
2022-10-12,3.74,0.19,0,0.4,-0.018523379,-0.00549555,-0.0204351,-0.0124438,-0.0114549,sell
2022-10-13,3.34,0.08,0,0.34,-0.013614339,-0.00701864,-0.0163926,-0.0121218,-0.0123709,sell
2022-10-14,3.6,0,0,0.27,-0.003288056,-0.00152915,-0.0025247,-0.0047348,-0.0044507,sell
2022-10-15,3.1,0,0,0.22, 0.022878379, 0.01608983, 0.0161355, 0.0158341, 0.0063718,buy
2022-10-16,4.1,0,0,0.18,-0.017705824,-0.02410195,-0.0238103,-0.0228410,-0.0131599,sell
2022-10-17,6.2,0,0,0.25, 0.002092195, 0.01280806, 0.0097977,-0.0030881, 0.0113073,buy
2022-10-18,6.48,0,0,0.46,-0.004251091, 0.00020177,-0.0037044,-0.0084233,-0.0031988,buy
2022-10-19,4.36,0,0,0.79,-0.005900078,-0.00338826,-0.0057007,-0.0076216,-0.0033883,sell
2022-10-20,1.79,0,0,0.76, 0.007218262, 0.00721826, 0.0072183, 0.0168399, 0.0075188,buy
2022-10-21,1,0,0,0.36, 0.011948644, 0.00730191,-0.0068264, 0.0042566, 0.0128930,buy
2022-10-22,2.24,0,0,0.07, 0.018126540, 0.01163296, 0.0152868, 0.0124753,-0.0079682,buy
2022-10-23,2.46,0,0,0, 0.009941257,-0.00728068, 0.0014033,-0.0012131, 0.0007568,buy
2022-10-24,1.11,0,0,0, 0.012546079, 0.01091262, 0.0111849, 0.0101735, 0.0145325,buy
2022-10-25,1.84,0,0,0,-0.000375943,-0.00231166,-0.0009052,-0.0000718, 0.0047468,buy
2022-10-26,3.93,0,0,0.17,-0.019850817,-0.01978415,-0.0187662,-0.0187746,-0.0099889,sell
2022-10-27,3.61,0,0,0.4,-0.000088168,-0.00008817, 0.0009776,-0.0022464,-0.0000324,buy
2022-10-28,1.5,0,0,0.2,-0.010138526, 0.00013886,-0.0033586,-0.0008819,-0.0030425,buy
2022-10-29,1.12,0,0,0, 0.002424982,-0.00970558,-0.0138505,-0.0081031,-0.0090592,sell
2022-10-30,1.31,0,0,0,-0.001948350,-0.00470161,-0.0083834,-0.0019025,-0.0050934,sell
2022-10-31,1.53,0,0,0, 0.017308518, 0.01313359, 0.0055143, 0.0122656, 0.0131448,buy
2022-11-01,1.8,0,0,0,-0.003783305,-0.00106707,-0.0079002,-0.0080978,-0.0020795,buy
2022-11-02,1.74,0,0,0, 0.005544044, 0.00206607, 0.0027703, 0.0022582, 0.0040377,buy
2022-11-03,1.41,0,0,0, 0.021745468,-0.00519552,-0.0037137, 0.0163506, 0.0070305,buy
2022-11-04,1.13,0.07,0,0,-0.013608014,-0.00993335,-0.0146625,-0.0133114,-0.0055556,sell
2022-11-05,0.89,0.2,0,0.09, 0.006657835, 0.00131852, 0.0102002, 0.0032022, 0.0066578,buy
2022-11-06,0.69,0.18,0,0.27, 0.000369734,-0.00877934,-0.0095391,-0.0128758,-0.0119018,sell
2022-11-07,0.52,0.15,0,0.39, 0.000072170,-0.00529900,-0.0052731,-0.0053063,-0.0078298,sell
2022-11-08,0.7,0.3,0,0.19, 0.007797279, 0.00497233, 0.0011547, 0.0030629, 0.0004898,buy
2022-11-09,0.96,0.4,0,0.36,-0.001690069, 0.00054589,-0.0137668,-0.0123586,-0.0036593,sell
2022-11-10,1.77,0.16,0,0.76,-0.021273569,-0.02112410,-0.0212736,-0.0171976,-0.0211059,sell
2022-11-11,1.6,0.04,0.41,0.65,-0.004515999, 0.00660515, 0.0060045, 0.0037448, 0.0049517,buy
2022-11-12,2.09,0,1.22,0.33, 0.009749980, 0.01467812, 0.0139704, 0.0112868, 0.0164033,buy
2022-11-13,2.27,0,2.37,0.36, 0.000311646,-0.00253018,-0.0002354, 0.0014114, 0.0024503,buy
2022-11-14,2.91,0,2.66,0.52, 0.009889358, 0.01210265, 0.0098894, 0.0100892, 0.0146231,buy
2022-11-15,4.21,0,2.3,0.75,-0.000669485,-0.00967683, 0.0034638,-0.0096768,-0.0005251,sell
2022-11-16,3.52,0,0.94,0.78,-0.011817996,-0.01333907,-0.0039659,-0.0152786,-0.0144561,sell
2022-11-17,1.44,0,0.87,0.6, 0.002137574, 0.00351518, 0.0043907,-0.0037979, 0.0028684,buy
2022-11-18,0,0,1.96,0.42, 0.002342300,-0.00147745,-0.0165105,-0.0151492,-0.0059805,sell
2022-11-19,0.6,0,1.83,0.4,-0.001738402,-0.00448350,-0.0063122,-0.0058243,-0.0069255,sell
2022-11-20,1.49,0,0.76,0.48,-0.012446258,-0.01497605,-0.0149761,-0.0132233,-0.0124463,sell
2022-11-21,1.8,0,0,0.51,-0.001530793,-0.00049463,-0.0008599, 0.0073548,-0.0016884,buy
2022-11-22,0.85,0,0,0.62, 0.014822776, 0.00106608, 0.0125037, 0.0025357, 0.0010661,buy
2022-11-23,0.66,0,0,0.55, 0.003572328,-0.00305473, 0.0035723, 0.0007884, 0.0023885,buy
2022-11-24,0.45,0,0,0.33,-0.019290764,-0.01110539,-0.0219148,-0.0111054,-0.0055316,sell
2022-11-25,0.64,0,0,0.19,-0.013776215,-0.00900677,-0.0047070,-0.0017171,-0.0008398,buy
2022-11-26,0.92,0,0,0.07, 0.004540848, 0.01244011, 0.0110045, 0.0106859, 0.0124401,buy
2022-11-27,1.34,0,0,0,-0.001127627,-0.00509627,-0.0055493,-0.0026164,-0.0101921,sell
2022-11-28,1.8,0.04,0.4,0, 0.000129016, 0.00299518,-0.0007161, 0.0007540,-0.0045653,buy
2022-11-29,1.63,0.19,1.49,0,-0.002502153, 0.00447942,-0.0062801, 0.0050970, 0.0058665,buy
2022-11-30,1.11,0.3,2.53,0.09, 0.008873694, 0.00822578, 0.0093897, 0.0109607, 0.0071371,buy
2022-12-01,0.76,0.19,2.36,0.35, 0.006173551, 0.00479404,-0.0019986, 0.0093544,-0.0011971,buy
2022-12-02,0.51,0.07,2,0.49,-0.001534221,-0.00342390,-0.0036723, 0.0029342,-0.0039717,sell
2022-12-03,0.34,0,0.8,0.39,-0.004672395,-0.01181144,-0.0087764,-0.0058729,-0.0044632,sell
2022-12-04,0,0,0,0.47,-0.008498552,-0.01135302,-0.0099975,-0.0134371,-0.0088075,sell
2022-12-05,0,0,0,0.44, 0.000399201,-0.01085849,-0.0074000,-0.0155238,-0.0078436,sell
2022-12-06,0,0.04,0,0.4, 0.000208767,-0.00163012,-0.0023000,-0.0120880,-0.0109181,sell
2022-12-07,0,0.14,0,0.23, 0.003446347,-0.00408402,-0.0073007,-0.0054856,-0.0000249,buy
2022-12-08,0,0.2,0,0.21, 0.002012007,-0.00041604,-0.0073034,-0.0012742,-0.0006010,buy
2022-12-09,0,0.08,0.56,0.4, 0.008405227,-0.00691953, 0.0067736, 0.0003735, 0.0071567,buy
2022-12-10,0,0,1.96,0.24, 0.000698392,-0.00346232, 0.0001835, 0.0023447,-0.0034623,buy
2022-12-11,0,0,3,0.08,-0.008770214,-0.00880653,-0.0093366,-0.0027682,-0.0151954,sell
2022-12-12,0,0,2.93,0.08,-0.000903967,-0.00140820,-0.0029635, 0.0016782,-0.0154755,sell
2022-12-13,0,0,2,0.2, 0.008019823, 0.00249180, 0.0091138, 0.0031866, 0.0063743,buy
2022-12-14,0,0,1.18,0.4, 0.003008043, 0.00218271, 0.0037890,-0.0002630, 0.0152499,buy
2022-12-15,0,0,1.03,0.31,-0.014094875,-0.00976604,-0.0112542,-0.0073699,-0.0115515,sell
2022-12-16,0.6,0,1.96,0.13,-0.009977763,-0.00560454, 0.0086960,-0.0099616,-0.0085434,sell
2022-12-17,1.77,0,1.67,0, 0.001423390,-0.00832486, 0.0016297,-0.0062042,-0.0106723,sell
2022-12-18,1.6,0,0.76,0,-0.008714470,-0.00871447,-0.0094835,-0.0084943,-0.0106444,sell
2022-12-19,0.52,0,0.34,0.07,-0.005561060,-0.00032219,-0.0054361,-0.0138873,-0.0037077,sell
2022-12-20,0.34,0,0,0.24, 0.008905297, 0.01111654, 0.0028718,-0.0034614, 0.0048374,buy
2022-12-21,1.08,0,0,0.52, 0.008078515, 0.01046124, 0.0124582, 0.0131788, 0.0020054,buy
2022-12-22,1.78,0,0.46,0.66,-0.014277270,-0.00615788,-0.0020864,-0.0143747,-0.0084571,sell
2022-12-23,0.91,0,0.97,0.58, 0.008674195, 0.00703678, 0.0033949, 0.0080710, 0.0091159,buy
2022-12-24,0,0,1.9,0.42, 0.006988467, 0.00493757, 0.0052907, 0.0008369, 0.0042422,buy
2022-12-25,0,0,1.98,0.19, 0.009158203, 0.00288929, 0.0077437, 0.0043232, 0.0071193,buy
2022-12-26,0,0,1.62,0.11, 0.001272677, 0.00613022, 0.0012727, 0.0031087, 0.0059780,buy
2022-12-27,0,0,2.07,0,-0.001619697,-0.00126787,-0.0026225,-0.0078703,-0.0026225,buy
2022-12-28,0,0,2.55,0, 0.001825368,-0.00571365,-0.0106460, 0.0038650,-0.0034556,buy
2022-12-29,0,0,1.52,0, 0.010732532, 0.01652600, 0.0092603, 0.0088128, 0.0010536,buy
2022-12-30,0,0,0.64,0,-0.000965124, 0.00033238,-0.0027986,-0.0051314,-0.0032480,buy
2022-12-31,0,0,0.94,0, 0.014588514, 0.01460845, 0.0149010, 0.0127588, 0.0130754,buy
