Date,CEY_neg,CEY_pos,JUY_neg,JUY_pos,MAY_neg,MAY_pos,NEY_neg,NEY_pos,PLY_neg,PLY_pos,SAY_neg,SAY_pos,SUY_neg,SUY_pos,URY_neg,URY_pos,VEY_neg,VEY_pos,DiffPred1,DiffPred2,DiffPred3,DiffPred4,DiffPred5,EffPred
2010-01-01,1,0,2,0,1,0,2,0,0,0,0,0,1,0,0,0,0,0, 0.00214625, 0.00214048, 0.0020835, 0.00068558, 0.00232092,buy
2010-01-02,1,0,2,0,1,0,2,0,0,0,0,0,1,0,0,0,0,0, 0.00214625, 0.00214048, 0.0020835, 0.00068558, 0.00232092,buy
2010-01-03,0,0,2,0,1,0,2,0,0,0,0,0,2,0,0,0,1,0,-0.00014954, 0.00014643, 0.0001464,-0.00040602, 0.00014643,sell
2010-01-04,0,0,3,0,1,0,1,0,0,0,0,0,2,0,0,0,1,0,-0.00264838,-0.00051791,-0.0026484,-0.00304792,-0.00264838,sell
2010-01-05,0,0,3,0,1,0,0,0,0,0,0,0,2,0,0,0,1,0,-0.00349320,-0.00081851,-0.0034932,-0.00349246,-0.00349320,sell
2010-01-06,0,0,2,0,2,0,1,0,0,0,0,0,2,0,0,0,1,0,-0.00140970, 0.00015607,-0.0014046,-0.00161643,-0.00140456,sell
2010-01-07,0,1,2,0,2,0,1,0,0,0,0,0,1,0,0,0,0,0, 0.00315558, 0.00347051, 0.0033797,-0.00087593, 0.00378649,buy
2010-01-08,0,1,1,0,2,0,1,0,0,0,0,0,1,0,0,0,0,0, 0.00079108, 0.00060218, 0.0010398,-0.00121932, 0.00152687,buy
2010-01-09,0,1,0,0,2,0,1,0,0,0,0,0,1,0,0,0,0,0,-0.00125744,-0.00166020,-0.0019442,-0.00373045,-0.00166020,sell
2010-01-10,1,1,0,0,2,0,1,0,1,0,0,1,1,0,0,2,0,0, 0.00233925, 0.00275487, 0.0007820, 0.00164125, 0.00082500,buy
2010-01-11,2,1,0,0,0,0,1,0,1,0,0,1,1,0,0,2,0,0,-0.00513829,-0.00658789,-0.0037447,-0.00536960,-0.00681243,sell
2010-01-12,2,1,0,0,0,0,0,2,1,0,0,1,1,0,0,2,0,0,-0.00424483,-0.00386792,-0.0043527,-0.00426557,-0.00409579,sell
2010-01-13,2,0,0,0,0,0,0,2,1,0,0,1,1,0,0,2,0,0,-0.00184579,-0.00233799,-0.0022795,-0.00326305,-0.00157813,sell
2010-01-14,2,0,0,0,0,0,0,2,1,0,0,1,1,0,0,2,0,0,-0.00184579,-0.00233799,-0.0022795,-0.00326305,-0.00157813,sell
2010-01-15,2,0,0,1,0,0,0,2,1,0,0,1,1,0,0,2,0,0,-0.00274624,-0.00356113,-0.0037290,-0.00383640,-0.00410418,sell
2010-01-16,2,0,0,1,0,0,0,2,1,0,0,1,1,0,0,1,0,0,-0.00222756,-0.00344800,-0.0038142,-0.00353211,-0.00360581,sell
2010-01-17,2,0,0,2,0,0,0,2,1,0,0,1,1,0,0,0,0,0,-0.00002003, 0.00016416, 0.0001642,-0.00010220, 0.00027378,buy
2010-01-18,1,0,0,2,0,0,0,1,1,0,0,1,1,0,0,0,0,0, 0.00020582, 0.00020582, 0.0002851, 0.00029852, 0.00016518,buy
2010-01-19,1,0,0,2,0,0,0,0,1,1,1,1,1,0,0,0,0,0,-0.00010529, 0.00019492, 0.0000113, 0.00026646, 0.00018015,buy
2010-01-20,1,0,0,2,0,0,1,0,1,1,1,1,1,0,0,0,0,0, 0.00056130, 0.00028305, 0.0009386, 0.00096018, 0.00105525,buy
2010-01-21,0,0,0,2,0,0,1,0,1,2,2,1,1,0,0,0,0,0,-0.00351787,-0.00342516,-0.0018709,-0.00342878,-0.00348969,sell
2010-01-22,0,0,0,1,0,0,1,0,1,2,2,0,1,0,0,0,0,0,-0.00280792,-0.00377677,-0.0016252,-0.00395748,-0.00404774,sell
2010-01-23,0,0,0,1,1,0,1,0,0,2,2,0,1,0,1,0,0,1,-0.00061169,-0.00181740, 0.0001301,-0.00144623,-0.00189645,sell
2010-01-24,0,0,0,1,1,1,1,0,0,2,2,0,1,0,1,0,0,1,-0.00009182,-0.00017167,-0.0001591,-0.00015800,-0.00022007,sell
2010-01-25,0,1,0,0,1,1,1,0,0,1,1,0,1,0,1,0,0,1,-0.00034673,-0.00077929,-0.0005415,-0.00062007,-0.00077929,sell
2010-01-26,0,1,0,0,1,1,1,0,0,1,1,0,1,0,2,0,0,1,-0.00100262,-0.00087916,-0.0004533,-0.00050774,-0.00079563,sell
2010-01-27,0,1,0,0,1,2,1,0,0,1,1,0,1,0,2,0,0,1,-0.00212025,-0.00163361,-0.0015198,-0.00128431,-0.00164362,sell
2010-01-28,0,2,0,0,1,2,1,0,0,0,0,0,1,0,2,0,0,1,-0.00092814, 0.00080276, 0.0012085,-0.00015708, 0.00080276,buy
2010-01-29,0,2,1,0,0,2,0,0,0,0,0,0,0,0,1,0,0,1, 0.00228745, 0.00275924, 0.0036032, 0.00095867, 0.00228745,buy
2010-01-30,0,2,1,0,0,1,0,0,0,0,0,0,0,0,1,0,0,1, 0.00227282, 0.00227282, 0.0007992, 0.00215952, 0.00227282,buy
2010-01-31,0,2,1,0,0,1,0,0,1,0,0,1,0,0,1,0,0,1, 0.00176972, 0.00176675,-0.0001660, 0.00176675, 0.00176675,buy
2010-02-01,0,2,1,0,0,1,0,0,1,0,0,1,0,0,1,0,0,1, 0.00176972, 0.00176675,-0.0001660, 0.00176675, 0.00176675,buy
2010-02-02,0,2,1,0,0,0,0,0,1,0,0,1,0,0,0,0,0,1, 0.00124621, 0.00121346, 0.0004570, 0.00091464, 0.00121346,buy
2010-02-03,0,2,1,0,0,0,0,0,1,0,0,1,0,0,0,1,0,1, 0.00162751, 0.00065289, 0.0017726, 0.00039595, 0.00165777,buy
2010-02-04,0,1,1,0,0,0,1,0,1,0,0,1,0,0,0,2,0,1, 0.00071272,-0.00177287, 0.0036363,-0.00189328, 0.00155908,buy
2010-02-05,0,1,0,0,0,0,1,1,2,0,0,2,0,0,0,2,0,1,-0.00320353,-0.00310675,-0.0023413,-0.00345050,-0.00268923,sell
2010-02-06,0,1,0,0,0,0,1,1,1,0,0,1,0,0,0,2,0,1,-0.00145456,-0.00097232,-0.0002948,-0.00146206,-0.00065748,sell
2010-02-07,0,1,0,0,0,0,1,1,1,0,0,1,0,0,0,2,0,1,-0.00145456,-0.00097232,-0.0002948,-0.00146206,-0.00065748,sell
2010-02-08,0,1,0,0,0,0,1,1,1,0,0,1,0,0,0,2,0,1,-0.00145456,-0.00097232,-0.0002948,-0.00146206,-0.00065748,sell
2010-02-09,0,1,0,0,0,0,1,1,1,0,0,1,0,0,0,1,0,1,-0.00168920, 0.00066691, 0.0005634,-0.00025788,-0.00004886,sell
2010-02-10,0,1,0,0,0,0,2,0,1,0,0,1,0,0,0,1,0,1, 0.00121368, 0.00122743, 0.0026514, 0.00060563, 0.00218686,buy
2010-02-11,1,1,0,0,0,1,2,0,1,1,1,0,0,0,0,1,0,1, 0.00207176, 0.00296817, 0.0022558, 0.00308063, 0.00305023,buy
2010-02-12,1,0,0,1,1,1,1,0,0,2,2,0,0,0,0,1,0,1, 0.00071021, 0.00103148, 0.0009713, 0.00097128, 0.00181605,buy
2010-02-13,1,0,1,1,1,1,1,0,0,2,2,0,0,0,0,1,0,1,-0.00260277,-0.00030729, 0.0002915, 0.00048267, 0.00030169,sell
2010-02-14,1,0,1,1,1,1,1,0,0,2,2,0,0,0,0,1,0,1,-0.00260277,-0.00030729, 0.0002915, 0.00048267, 0.00030169,sell
2010-02-15,1,0,1,1,1,1,1,0,0,2,2,0,0,0,1,1,0,1, 0.00020671, 0.00032246, 0.0006664, 0.00075314, 0.00066637,buy
2010-02-16,1,0,1,1,1,0,1,0,0,1,1,0,0,0,1,1,0,1, 0.00088770, 0.00056964, 0.0012117, 0.00060559, 0.00083508,buy
2010-02-17,1,0,1,1,0,0,1,0,0,1,0,0,0,0,1,0,0,1, 0.00087446, 0.00028229, 0.0015705, 0.00072526, 0.00074764,buy
2010-02-18,0,0,1,0,1,0,1,0,0,0,0,0,0,0,1,0,0,0, 0.00289185, 0.00355759, 0.0033853, 0.00355309, 0.00343370,buy
2010-02-19,0,0,1,0,1,0,1,0,0,0,1,0,0,0,1,0,0,0, 0.00252922, 0.00330261, 0.0043447, 0.00327282, 0.00322966,buy
2010-02-20,0,0,1,0,1,0,0,0,0,1,1,1,0,0,0,0,0,0,-0.00311289,-0.00358801,-0.0035907,-0.00346542,-0.00047394,sell
2010-02-21,0,0,1,0,1,0,0,0,1,1,1,1,0,0,0,0,0,0,-0.00169883,-0.00391392,-0.0018355,-0.00272514,-0.00238214,sell
2010-02-22,0,0,0,0,1,1,0,0,1,1,1,1,0,0,0,0,0,0,-0.00355621,-0.00401775,-0.0034182,-0.00397142,-0.00074233,sell
2010-02-23,0,0,1,0,1,1,0,0,1,1,1,1,0,0,0,0,0,0,-0.00484267,-0.00631725,-0.0049788,-0.00506135,-0.00449387,sell
2010-02-24,0,1,1,0,0,1,0,0,1,1,1,1,0,0,0,0,0,0,-0.00282172,-0.00485627,-0.0038155,-0.00420742,-0.00406207,sell
2010-02-25,0,1,1,0,0,1,1,0,1,1,0,0,0,0,0,1,0,0,-0.00156546,-0.00323077,-0.0017086,-0.00170858,-0.00326296,sell
2010-02-26,0,1,1,0,0,1,1,0,0,1,0,0,0,0,0,1,0,0,-0.00088827,-0.00394519,-0.0009363,-0.00219246,-0.00373013,sell
2010-02-27,0,1,1,0,0,0,1,0,0,0,0,0,0,0,0,1,0,0, 0.00194266,-0.00004117, 0.0014548, 0.00111422,-0.00024112,buy
2010-02-28,0,1,1,0,1,0,1,0,0,0,0,0,0,0,1,1,0,0, 0.00291485, 0.00237926, 0.0010001, 0.00231627, 0.00248390,buy
2010-03-01,0,1,1,0,1,0,1,0,0,0,1,0,0,0,1,0,0,0, 0.00197760, 0.00215112, 0.0035978, 0.00234408, 0.00203869,buy
2010-03-02,0,1,1,0,1,0,0,1,0,1,1,0,0,0,1,0,0,0,-0.00021830,-0.00078209,-0.0005200, 0.00009731,-0.00053899,sell
2010-03-03,0,1,1,0,1,1,0,1,0,1,1,0,0,0,1,0,0,0, 0.00057145, 0.00200938, 0.0001643, 0.00035723, 0.00005183,buy
2010-03-04,0,1,1,0,0,1,0,1,0,1,1,0,0,0,1,0,0,0,-0.00180753,-0.00166814,-0.0002355,-0.00040297,-0.00028138,sell
2010-03-05,0,1,2,0,1,1,0,1,0,1,0,0,0,0,1,0,0,0, 0.00308996, 0.00373919, 0.0037001, 0.00439850, 0.00432600,buy
2010-03-06,0,1,1,0,1,1,0,1,0,1,0,1,0,0,1,0,0,0, 0.00407439, 0.00281080, 0.0042735, 0.00264358, 0.00436013,buy
2010-03-07,0,1,1,0,1,1,0,1,0,0,0,1,0,0,1,0,0,0, 0.00053769, 0.00186216, 0.0025089, 0.00236279, 0.00119476,buy
2010-03-08,0,0,1,0,1,2,0,0,0,0,0,1,0,0,0,0,0,0, 0.00058281, 0.00057625, 0.0006175, 0.00094714, 0.00020446,buy
2010-03-09,0,0,1,0,1,2,0,0,0,1,0,1,0,0,0,0,0,0, 0.00114153, 0.00175829, 0.0009336, 0.00175829,-0.00059058,buy
2010-03-10,0,0,1,0,1,1,0,0,0,1,0,1,1,0,0,0,0,0, 0.00096410, 0.00129244, 0.0005676, 0.00163940, 0.00095844,buy
2010-03-11,0,0,0,0,0,1,0,0,0,1,0,1,1,0,0,0,0,0, 0.00428220, 0.00413319, 0.0026446, 0.00372763, 0.00372763,buy
2010-03-12,0,0,0,0,0,0,0,0,0,1,0,1,1,0,0,0,0,0, 0.00459424, 0.00604103, 0.0026891, 0.00343971, 0.00395703,buy
2010-03-13,0,0,0,0,0,0,0,0,0,1,0,0,1,0,2,0,0,0, 0.00349661, 0.00370651, 0.0035091, 0.00358512, 0.00356909,buy
2010-03-14,0,0,0,0,0,0,1,2,0,1,0,0,1,0,2,0,0,0, 0.00100938, 0.00080318, 0.0005884, 0.00131181, 0.00128559,buy
2010-03-15,0,1,0,1,0,0,1,2,0,0,0,0,1,0,2,0,0,0,-0.00092248,-0.00122161,-0.0009225,-0.00040232,-0.00119764,sell
2010-03-16,0,1,0,1,1,0,1,2,0,0,0,1,1,0,2,0,0,0,-0.00127706,-0.00171178,-0.0015646,-0.00134633,-0.00261622,sell
2010-03-17,0,2,0,1,1,0,1,2,0,0,0,1,1,0,2,0,0,0,-0.00065272,-0.00118770,-0.0011372,-0.00067778,-0.00252608,sell
2010-03-18,0,2,0,1,2,0,1,1,0,1,0,2,1,0,1,0,0,0, 0.00058093, 0.00041823, 0.0011825, 0.00041083, 0.00248965,buy
2010-03-19,0,2,0,1,2,0,1,1,0,1,0,2,0,0,1,0,0,0, 0.00071630, 0.00069886, 0.0011023, 0.00062619, 0.00199240,buy
2010-03-20,0,1,0,1,1,0,0,1,0,1,0,2,0,0,1,0,0,0, 0.00258782, 0.00195073, 0.0046556, 0.00209396, 0.00340138,buy
2010-03-21,0,1,0,1,1,0,0,1,0,1,0,1,0,0,1,0,0,0, 0.00263023, 0.00231185, 0.0034123, 0.00322075, 0.00361843,buy
2010-03-22,0,1,0,0,1,0,1,0,0,0,0,1,0,0,0,0,0,0, 0.00091282, 0.00044401, 0.0007692, 0.00109297,-0.00011729,buy
2010-03-23,0,1,0,1,1,0,1,0,0,1,0,1,0,0,0,0,0,0, 0.00437811, 0.00419223, 0.0060263, 0.00215557, 0.00052227,buy
2010-03-24,0,1,0,1,1,0,1,0,0,1,0,1,0,0,0,0,0,0, 0.00437811, 0.00419223, 0.0060263, 0.00215557, 0.00052227,buy
2010-03-25,0,0,0,1,1,0,1,0,0,1,0,1,0,0,0,0,0,0, 0.00596869, 0.00615457, 0.0070566, 0.00210514, 0.00061800,buy
2010-03-26,0,0,0,1,0,0,0,0,0,1,0,0,0,0,0,0,0,0, 0.00111466,-0.00215909,-0.0008106, 0.00053216,-0.00029203,sell
2010-03-27,0,0,0,1,0,0,0,1,0,1,0,0,0,0,0,1,0,0,-0.00025101, 0.00034688, 0.0015117, 0.00079689,-0.00024868,buy
2010-03-28,0,0,0,0,0,0,0,1,0,1,0,0,0,0,0,1,0,0,-0.00225651,-0.00214346, 0.0001107,-0.00219932,-0.00186869,sell
2010-03-29,0,0,0,0,0,0,0,1,0,1,1,0,0,0,0,1,1,0,-0.00028792,-0.00029433,-0.0003009,-0.00014174,-0.00124050,sell
2010-03-30,0,0,1,0,0,0,1,2,0,0,1,0,0,0,0,2,1,0, 0.00404523, 0.00205208, 0.0027882, 0.00284639, 0.00264946,buy
2010-03-31,1,0,1,0,0,1,1,2,0,0,1,0,0,0,0,2,1,0, 0.00389963, 0.00244599, 0.0040937, 0.00413633, 0.00383806,buy
2010-04-01,1,0,1,0,0,1,1,2,0,0,2,0,0,0,0,2,1,0, 0.00415516, 0.00314909, 0.0040789, 0.00367343, 0.00408378,buy
2010-04-02,2,0,2,0,0,2,1,1,1,0,2,0,0,0,0,1,1,0, 0.00468324, 0.00439236, 0.0046832, 0.00463939, 0.00468203,buy
2010-04-03,2,0,2,0,0,2,1,1,1,0,2,0,0,0,0,0,1,0, 0.00353019, 0.00353013, 0.0038724, 0.00212189, 0.00359657,buy
2010-04-04,2,0,2,0,0,2,1,0,2,0,1,0,0,0,0,0,1,0, 0.00172922, 0.00165384, 0.0016932,-0.00067680, 0.00138426,buy
2010-04-05,2,0,2,1,0,2,1,0,2,0,0,0,0,0,0,0,1,0, 0.00032280,-0.00088671,-0.0006348,-0.00092443,-0.00076126,sell
2010-04-06,1,0,1,1,0,2,0,0,2,0,0,0,0,0,0,0,1,0,-0.00002263,-0.00248543,-0.0020087,-0.00210255,-0.00188319,sell
2010-04-07,1,0,1,1,0,1,0,0,2,0,0,0,0,0,0,0,1,0,-0.00107323,-0.00310058,-0.0025609,-0.00279188,-0.00262992,sell
2010-04-08,0,0,0,1,0,1,0,0,1,0,0,0,0,0,1,0,1,0,-0.00152260,-0.00150063, 0.0019849,-0.00033136,-0.00029089,sell
2010-04-09,0,0,0,1,0,0,0,0,1,0,0,0,0,0,1,0,1,0,-0.00049821,-0.00049821, 0.0020547, 0.00026999, 0.00026999,sell
2010-04-10,0,0,0,1,0,0,0,0,0,0,0,1,0,0,1,0,1,0,-0.00109533,-0.00114918, 0.0000694,-0.00107865,-0.00114918,sell
2010-04-11,0,0,0,1,0,0,0,0,0,0,0,1,0,0,2,0,1,0,-0.00120467,-0.00120138,-0.0004784,-0.00091100,-0.00120467,sell
2010-04-12,0,0,0,1,0,0,0,0,0,0,0,1,0,0,2,0,1,0,-0.00120467,-0.00120138,-0.0004784,-0.00091100,-0.00120467,sell
2010-04-13,0,1,0,1,0,0,0,0,0,0,0,2,0,0,2,0,1,0,-0.00150659,-0.00175826,-0.0014705,-0.00171750,-0.00149889,sell
2010-04-14,0,1,0,1,0,0,0,0,0,1,0,2,0,0,1,0,0,0, 0.00310014, 0.00338733, 0.0030339, 0.00378994, 0.00303485,buy
2010-04-15,0,1,0,1,0,0,0,1,0,1,0,1,0,0,1,1,0,0, 0.00058241, 0.00203634, 0.0011579, 0.00215463, 0.00133450,buy
2010-04-16,0,1,0,1,0,0,0,1,0,1,1,1,0,0,1,1,0,0,-0.00244821,-0.00323524,-0.0036396,-0.00305763,-0.00444181,sell
2010-04-17,0,1,0,1,0,0,0,1,0,1,1,1,0,0,1,1,0,0,-0.00244821,-0.00323524,-0.0036396,-0.00305763,-0.00444181,sell
2010-04-18,0,1,0,1,0,0,0,1,0,1,1,1,0,0,1,1,0,0,-0.00244821,-0.00323524,-0.0036396,-0.00305763,-0.00444181,sell
2010-04-19,0,0,0,1,0,0,0,1,0,1,1,1,0,0,1,1,0,0,-0.00206989,-0.00245502,-0.0028570,-0.00248252,-0.00421627,sell
2010-04-20,0,0,0,1,0,0,0,1,0,0,1,1,0,0,1,1,0,0, 0.00260773, 0.00185909, 0.0014630, 0.00182806,-0.00222209,buy
2010-04-21,1,0,0,0,0,1,0,2,0,0,1,1,0,0,1,2,0,0, 0.00136245, 0.00186578, 0.0001856, 0.00120560, 0.00202491,buy
2010-04-22,1,0,0,0,0,1,0,1,1,0,2,1,0,0,1,1,0,0, 0.00085591, 0.00140029,-0.0007894, 0.00105686, 0.00106142,buy
2010-04-23,1,0,0,0,0,1,0,1,1,0,1,1,0,0,1,1,0,0, 0.00148444, 0.00213254,-0.0005295, 0.00216343, 0.00148444,buy
2010-04-24,1,0,1,0,0,1,0,1,1,0,1,1,0,0,1,1,0,0, 0.00188989, 0.00125945,-0.0005299, 0.00189552, 0.00320776,buy
2010-04-25,1,0,2,0,0,1,0,1,1,0,1,0,0,0,0,1,0,0, 0.00218951, 0.00156545, 0.0008100, 0.00112328, 0.00159231,buy
2010-04-26,2,0,2,0,0,1,0,1,1,0,1,0,1,0,0,1,0,0,-0.00010611,-0.00179071, 0.0008320, 0.00116093,-0.00179071,sell
2010-04-27,2,0,2,0,0,1,0,0,2,0,0,0,1,0,0,0,0,0,-0.00172851,-0.00210369, 0.0001436, 0.00026960,-0.00206360,sell
2010-04-28,2,0,2,0,0,1,0,0,3,0,0,0,1,0,0,0,0,0,-0.00092991,-0.00107051,-0.0016076,-0.00090719,-0.00107051,sell
2010-04-29,2,0,2,0,0,1,0,0,2,0,0,0,1,0,0,0,0,1, 0.00065069, 0.00020040, 0.0000344, 0.00026757, 0.00088719,buy
2010-04-30,2,0,2,0,0,1,0,0,2,0,0,0,1,0,0,0,0,1, 0.00065069, 0.00020040, 0.0000344, 0.00026757, 0.00088719,buy
2010-05-01,2,0,2,0,0,1,0,0,2,0,0,1,1,0,1,0,0,1, 0.00176072, 0.00173176, 0.0005229, 0.00079036, 0.00164443,buy
2010-05-02,1,0,2,0,0,1,0,0,2,0,0,1,0,0,1,0,0,1, 0.00150131, 0.00183080, 0.0010042, 0.00025274, 0.00161197,buy
2010-05-03,1,0,0,0,0,1,0,0,1,0,0,1,0,1,1,0,0,0,-0.00207031, 0.00125994, 0.0021848, 0.00125994,-0.00146893,buy
2010-05-04,1,0,0,0,0,2,0,0,1,0,0,1,0,1,1,0,0,0,-0.00207311, 0.00086400, 0.0022037, 0.00086400,-0.00130598,buy
2010-05-05,1,0,0,0,0,2,0,0,1,0,0,1,0,1,1,0,0,0,-0.00207311, 0.00086400, 0.0022037, 0.00086400,-0.00130598,buy
2010-05-06,1,0,0,0,0,2,0,0,1,0,0,1,0,1,1,0,0,0,-0.00207311, 0.00086400, 0.0022037, 0.00086400,-0.00130598,buy
2010-05-07,1,1,0,0,0,2,0,0,1,1,0,0,0,1,1,0,1,0,-0.00049890,-0.00134825,-0.0012720,-0.00001445,-0.00106376,sell
2010-05-08,1,1,0,0,0,2,0,0,1,1,0,0,0,1,0,0,1,0, 0.00007060,-0.00077874,-0.0007025, 0.00055920,-0.00051976,sell
2010-05-09,1,1,0,0,0,2,0,0,1,1,0,0,0,1,0,0,1,0, 0.00007060,-0.00077874,-0.0007025, 0.00055920,-0.00051976,sell
2010-05-10,1,1,0,0,0,2,0,0,1,1,0,0,0,1,0,0,1,0, 0.00007060,-0.00077874,-0.0007025, 0.00055920,-0.00051976,sell
2010-05-11,1,1,0,0,0,1,0,0,1,1,0,0,0,1,0,0,1,0, 0.00093042, 0.00082560, 0.0007527, 0.00080103, 0.00049972,buy
2010-05-12,1,1,0,0,0,0,0,0,1,1,0,0,0,1,0,0,1,0, 0.00100914, 0.00102283, 0.0010327, 0.00085243, 0.00106581,buy
2010-05-13,1,0,0,0,0,0,0,0,1,1,0,0,0,1,0,0,0,0, 0.00167426, 0.00165447, 0.0006386, 0.00155513, 0.00251391,buy
2010-05-14,1,0,0,2,0,0,0,0,1,0,0,0,0,1,0,0,0,0,-0.00179091,-0.00201329,-0.0034318,-0.00147344,-0.00135216,sell
2010-05-15,1,0,0,2,0,0,0,0,1,0,0,1,0,1,0,0,0,0,-0.00137827,-0.00149691,-0.0018327,-0.00027302,-0.00101375,sell
2010-05-16,1,0,0,2,0,0,1,1,1,0,1,1,0,1,0,0,0,0,-0.00180507,-0.00180507,-0.0022584,-0.00287537,-0.00164001,sell
2010-05-17,1,0,0,2,0,0,1,1,1,0,1,1,0,1,0,2,0,0,-0.00291588,-0.00204157,-0.0020083,-0.00258924,-0.00359822,sell
2010-05-18,1,0,0,2,0,0,1,1,1,0,1,1,0,1,0,2,0,0,-0.00291588,-0.00204157,-0.0020083,-0.00258924,-0.00359822,sell
2010-05-19,1,1,0,2,0,0,1,1,1,0,1,1,0,1,0,2,0,0,-0.00492716,-0.00390494,-0.0044467,-0.00533141,-0.00520920,sell
2010-05-20,1,1,0,2,0,0,1,1,1,1,1,1,0,1,0,2,0,0,-0.00470081,-0.00425460,-0.0045815,-0.00475943,-0.00534965,sell
2010-05-21,2,1,0,1,0,0,1,1,1,1,1,0,0,1,0,2,0,0,-0.00342588,-0.00081176,-0.0017130,-0.00334187,-0.00303211,sell
2010-05-22,1,1,0,0,0,0,0,1,1,1,1,0,0,1,0,2,0,0,-0.00214888, 0.00112943, 0.0011294,-0.00227326,-0.00262170,sell
2010-05-23,1,1,0,0,0,0,0,0,2,1,0,0,0,1,0,1,0,0, 0.00277988, 0.00225570, 0.0020091, 0.00265262, 0.00277774,buy
2010-05-24,1,1,0,0,1,0,0,0,1,1,0,0,0,1,0,1,0,1, 0.00182197, 0.00206158, 0.0027065, 0.00220245, 0.00209449,buy
2010-05-25,1,1,0,0,1,0,0,0,1,1,0,0,0,1,0,0,0,1, 0.00085872, 0.00109129, 0.0029857, 0.00118423, 0.00130005,buy
2010-05-26,1,0,1,0,1,0,0,0,1,1,0,1,0,1,0,0,0,1, 0.00179262, 0.00179262, 0.0037662, 0.00311413, 0.00191552,buy
2010-05-27,0,0,1,0,1,0,0,0,1,1,0,1,0,1,0,0,0,1, 0.00293657, 0.00310542, 0.0022880, 0.00299839, 0.00262990,buy
2010-05-28,0,0,1,0,1,0,0,0,1,0,0,1,0,1,1,0,0,1, 0.00177610, 0.00177610, 0.0033120, 0.00417500, 0.00287539,buy
2010-05-29,0,1,1,0,1,0,0,1,1,0,0,1,0,0,1,0,0,1, 0.00098604, 0.00082770, 0.0008277, 0.00082770, 0.00097563,buy
2010-05-30,0,1,1,0,1,0,0,1,0,0,0,1,0,0,1,0,0,1,-0.00067924, 0.00037904, 0.0002244, 0.00033412, 0.00071242,buy
2010-05-31,0,1,1,0,1,0,0,1,0,0,0,1,0,0,1,0,0,1,-0.00067924, 0.00037904, 0.0002244, 0.00033412, 0.00071242,buy
2010-06-01,0,1,1,0,1,0,0,1,0,1,0,0,0,0,1,0,0,1, 0.00086348, 0.00051019, 0.0002972, 0.00048595, 0.00160138,buy
2010-06-02,0,1,0,0,0,0,0,1,0,1,0,0,0,0,1,0,0,1, 0.00509695, 0.00535522, 0.0054125, 0.00542778, 0.00576031,buy
2010-06-03,0,0,0,0,0,0,0,1,0,1,0,0,0,0,0,0,0,1,-0.00064973, 0.00270276, 0.0027028, 0.00272728, 0.00261668,buy
2010-06-04,0,0,0,0,0,0,0,0,0,1,0,0,0,0,0,0,0,1,-0.00348584,-0.00048026, 0.0001164, 0.00165033, 0.00033707,sell
2010-06-05,0,0,0,0,0,0,0,0,0,1,0,0,0,0,0,0,0,1,-0.00348584,-0.00048026, 0.0001164, 0.00165033, 0.00033707,sell
2010-06-07,0,0,0,0,0,0,0,1,0,0,1,0,0,0,0,0,0,0,-0.00379235,-0.00298056,-0.0014323,-0.00317100,-0.00320798,sell
2010-06-08,1,0,0,1,0,1,0,1,0,0,1,0,0,0,0,1,0,0, 0.00349590,-0.00047273, 0.0001510,-0.00147231, 0.00015679,sell
2010-06-09,1,0,0,1,0,1,0,1,0,0,1,0,0,0,0,1,0,0, 0.00349590,-0.00047273, 0.0001510,-0.00147231, 0.00015679,sell
2010-06-10,1,0,0,1,0,1,1,1,0,0,1,1,0,0,0,1,0,0, 0.00049841,-0.00042868,-0.0006651,-0.00123191,-0.00055299,sell
2010-06-11,2,0,0,1,0,1,1,1,1,0,0,1,0,0,0,1,0,0, 0.00277209, 0.00260689, 0.0033118, 0.00183505, 0.00259124,buy
2010-06-12,1,0,1,1,0,1,1,0,1,0,0,1,0,0,1,1,0,0,-0.00074875,-0.00054294, 0.0003961,-0.00144075,-0.00110339,sell
2010-06-13,1,0,1,0,0,1,1,0,1,0,0,1,0,0,1,0,0,0, 0.00072714, 0.00073043, 0.0015278, 0.00102977,-0.00143731,buy
2010-06-14,1,0,1,0,0,0,1,0,1,0,0,1,0,0,1,0,0,0, 0.00064188, 0.00094768, 0.0007245, 0.00089259,-0.00003189,buy
2010-06-15,1,1,1,0,0,1,1,0,1,0,0,1,0,0,1,0,0,0, 0.00170081,-0.00058289, 0.0012522, 0.00105405,-0.00162217,buy
2010-06-16,0,1,1,0,0,1,1,0,1,0,0,1,0,0,1,0,0,0,-0.00146885,-0.00178244,-0.0019194,-0.00325132,-0.00331337,sell
2010-06-17,0,1,1,0,0,1,1,0,1,0,0,1,0,0,1,0,0,0,-0.00146885,-0.00178244,-0.0019194,-0.00325132,-0.00331337,sell
2010-06-18,0,1,1,0,0,1,1,0,1,0,0,1,0,0,0,1,0,0,-0.00234883,-0.00105938,-0.0029501,-0.00279251,-0.00304514,sell
2010-06-19,0,1,0,0,0,1,1,0,1,0,0,1,0,0,0,1,0,0,-0.00160109, 0.00052997,-0.0011434,-0.00119938,-0.00041592,sell
2010-06-20,0,1,0,1,0,1,1,0,1,0,0,1,0,0,0,1,1,0, 0.00259028, 0.00029690, 0.0011310, 0.00327583, 0.00270288,buy
2010-06-21,0,1,0,1,0,1,1,0,0,1,0,1,0,0,0,1,1,0, 0.00123144,-0.00057211,-0.0002777, 0.00079745, 0.00150617,buy
2010-06-22,0,3,0,1,0,1,1,0,0,1,0,1,0,0,0,1,1,0,-0.00220222,-0.00263916,-0.0029028,-0.00388239,-0.00210226,sell
2010-06-23,0,2,0,1,0,1,2,0,0,1,1,1,0,0,0,1,1,0,-0.00280396,-0.00367813,-0.0040431,-0.00407855,-0.00265864,sell
2010-06-24,0,2,0,1,0,1,1,0,0,1,1,1,0,0,0,2,1,0,-0.00311342,-0.00393605,-0.0038078,-0.00377451,-0.00252537,sell
2010-06-25,0,2,0,2,0,1,1,0,0,2,1,1,1,0,0,3,1,0,-0.00181753,-0.00201837,-0.0020495,-0.00222118,-0.00284421,sell
2010-06-26,0,1,0,3,0,0,1,0,0,2,1,1,1,0,0,2,1,0,-0.00082891,-0.00088758,-0.0008876,-0.00119295,-0.00306332,sell
2010-06-27,0,0,0,3,0,0,0,0,0,2,1,0,1,0,0,2,0,0,-0.00428153,-0.00551114,-0.0040221,-0.00342313,-0.00402215,sell
2010-06-28,0,0,0,1,0,0,0,0,0,3,1,0,1,0,0,1,0,0, 0.00120896, 0.00062294, 0.0003987, 0.00041843,-0.00024527,buy
2010-06-29,0,0,0,1,0,1,0,0,0,3,0,0,1,0,0,1,0,0,-0.00129844,-0.00179656,-0.0017775,-0.00185683,-0.00156892,sell
2010-06-30,0,0,0,1,0,1,0,1,0,1,0,0,1,0,0,1,0,0,-0.00389577,-0.00314601,-0.0035390,-0.00217302,-0.00373263,sell
2010-07-01,0,0,0,1,0,1,0,1,0,1,0,0,1,0,0,0,0,0,-0.00391278,-0.00379144,-0.0045295,-0.00218694,-0.00441959,sell
2010-07-02,0,0,0,1,0,1,0,2,0,1,0,0,0,0,0,0,0,0,-0.00260295,-0.00175846,-0.0018004,-0.00149158,-0.00175846,sell
2010-07-03,1,0,0,0,0,2,0,2,0,1,0,0,0,0,0,0,0,0,-0.00102283,-0.00112387,-0.0011929,-0.00150350,-0.00119534,sell
2010-07-04,1,0,0,0,0,1,0,1,0,0,0,0,0,0,0,0,0,0,-0.00138088,-0.00000078, 0.0016769,-0.00020171,-0.00038526,sell
2010-07-05,2,0,0,0,0,1,0,2,0,0,0,0,0,0,0,0,0,1,-0.00129317,-0.00067485,-0.0011996,-0.00068519,-0.00147595,sell
2010-07-06,2,0,0,0,0,1,0,2,0,0,0,1,0,0,0,0,0,1,-0.00100035,-0.00085809,-0.0008487, 0.00018568,-0.00081817,sell
2010-07-07,2,0,0,0,0,1,1,2,0,0,0,2,0,0,0,0,0,1,-0.00161964,-0.00125791,-0.0013879,-0.00117863,-0.00185909,sell
2010-07-08,0,0,0,0,0,1,1,2,0,0,0,2,0,0,2,0,0,1, 0.00360005, 0.00387879, 0.0015289, 0.00242843, 0.00387879,buy
2010-07-09,0,0,1,0,1,1,1,1,0,0,0,2,0,0,2,0,0,1, 0.00292412, 0.00307732, 0.0016531, 0.00199695, 0.00329334,buy
2010-07-10,0,0,2,0,1,1,1,1,1,0,0,2,0,0,2,0,0,1, 0.00142142, 0.00159496, 0.0012850, 0.00142130, 0.00159496,buy
2010-07-11,0,0,2,0,1,1,0,1,2,0,0,1,1,0,2,0,0,1,-0.00039135,-0.00155648,-0.0027890,-0.00187603,-0.00089264,sell
2010-07-12,1,1,2,0,1,1,0,1,2,0,0,1,1,0,1,0,0,1, 0.00021984,-0.00046324,-0.0007862,-0.00361325,-0.00053555,sell
2010-07-13,1,1,1,0,1,1,0,0,2,0,0,0,1,0,1,0,0,0,-0.00249652,-0.00136642,-0.0028370,-0.00139544,-0.00228495,sell
2010-07-14,1,1,1,0,1,1,0,0,1,0,0,0,1,0,0,0,0,0,-0.00137549,-0.00246342,-0.0022936,-0.00246342,-0.00399989,sell
2010-07-15,1,1,1,0,0,1,0,0,1,0,0,0,1,0,0,0,0,0,-0.00263758,-0.00600045,-0.0059508,-0.00611062,-0.00588340,sell
2010-07-16,1,0,1,0,0,1,0,0,1,0,1,0,1,0,0,1,0,0,-0.00365233,-0.00406076,-0.0038870,-0.00373459,-0.00380202,sell
2010-07-17,1,0,0,0,0,1,1,0,0,0,1,0,1,0,0,1,0,0,-0.00066512, 0.00008612,-0.0009860,-0.00171859,-0.00059100,sell
2010-07-18,0,0,0,1,0,1,1,0,0,1,1,0,1,0,0,1,0,0,-0.00079766,-0.00094867, 0.0002147,-0.00092233,-0.00106583,sell
2010-07-19,0,0,0,1,0,1,1,0,0,1,1,1,1,0,0,1,0,0,-0.00169980,-0.00181729,-0.0018173,-0.00113342,-0.00135994,sell
2010-07-20,1,0,0,1,0,0,1,0,0,1,0,1,1,0,1,1,0,0,-0.00042309, 0.00014092,-0.0007370,-0.00040987, 0.00019538,sell
2010-07-21,1,0,0,1,0,0,1,0,0,1,0,1,1,0,1,0,0,0, 0.00032206, 0.00022407,-0.0001915, 0.00012180, 0.00042370,buy
2010-07-22,1,0,0,0,0,1,1,0,0,1,0,1,1,0,1,0,0,0, 0.00039713,-0.00080793, 0.0001235,-0.00097069,-0.00136683,sell
2010-07-23,1,0,1,0,0,1,1,1,1,0,0,1,1,0,1,0,0,0, 0.00463101, 0.00269646, 0.0042318, 0.00412462, 0.00213213,buy
2010-07-24,0,0,1,0,0,1,0,1,1,0,0,1,1,0,1,0,0,0, 0.00145040, 0.00119706, 0.0001007,-0.00018435,-0.00078038,buy
2010-07-25,0,0,1,0,0,1,0,1,1,0,0,1,1,0,1,0,0,0, 0.00145040, 0.00119706, 0.0001007,-0.00018435,-0.00078038,buy
2010-07-26,0,1,1,0,0,1,0,1,1,0,0,2,1,0,2,0,0,0,-0.00067751, 0.00347381, 0.0024653, 0.00213328,-0.00157076,buy
2010-07-27,0,2,1,0,0,1,0,1,1,0,0,1,1,0,1,0,0,0,-0.00081786,-0.00097181,-0.0007580,-0.00079190,-0.00219045,sell
2010-07-28,0,2,2,0,0,1,0,1,2,0,0,1,1,0,1,0,0,0,-0.00224677,-0.00063504,-0.0002404,-0.00290674,-0.00087932,sell
2010-07-29,0,2,2,0,0,1,0,1,2,0,0,1,1,0,1,0,0,0,-0.00224677,-0.00063504,-0.0002404,-0.00290674,-0.00087932,sell
2010-07-30,0,2,1,0,0,1,0,0,1,0,0,1,1,0,1,0,0,0,-0.00230472,-0.00259975,-0.0022923,-0.00332972,-0.00277078,sell
2010-07-31,0,2,1,0,0,0,0,0,1,0,0,0,1,0,0,0,0,0,-0.00092188,-0.00257320,-0.0048509,-0.00227119, 0.00017225,sell
2010-08-01,0,2,1,0,0,0,0,0,1,0,0,0,1,0,0,0,0,0,-0.00092188,-0.00257320,-0.0048509,-0.00227119, 0.00017225,sell
2010-08-02,0,0,0,0,0,0,1,0,0,0,0,0,1,0,0,0,0,0, 0.00033760, 0.00014880, 0.0017473, 0.00105339, 0.00056725,buy
2010-08-03,0,0,0,0,0,0,1,0,0,0,0,0,1,1,0,1,0,0,-0.00094892,-0.00190804,-0.0022013,-0.00190851,-0.00190909,sell
2010-08-04,0,0,0,0,0,0,1,0,0,0,1,0,1,1,0,2,0,0,-0.00026887,-0.00307525,-0.0011397,-0.00159211,-0.00160091,sell
2010-08-05,0,0,0,0,0,0,1,0,0,0,2,0,1,1,0,2,0,0, 0.00075475,-0.00390391, 0.0000702,-0.00055914,-0.00064728,sell
2010-08-06,0,0,0,1,0,0,1,0,0,0,2,0,1,1,0,2,0,0, 0.00052332,-0.00352633, 0.0004478,-0.00222721,-0.00219630,sell
2010-08-07,0,0,0,2,0,0,1,0,0,2,2,0,1,1,0,2,0,0,-0.00021508, 0.00046201,-0.0006751,-0.00090715, 0.00045480,sell
2010-08-08,0,0,0,2,0,0,0,0,0,2,2,0,1,1,0,2,0,0,-0.00021256, 0.00037680,-0.0007531,-0.00102179, 0.00059528,sell
2010-08-09,0,0,0,2,1,0,0,0,0,2,2,0,1,1,0,2,0,0,-0.00036408,-0.00006249,-0.0011623,-0.00122836, 0.00025106,sell
2010-08-10,1,0,0,2,1,0,0,0,0,2,2,0,1,1,0,2,0,0, 0.00066507,-0.00037001,-0.0001512,-0.00020814,-0.00036710,sell
2010-08-11,1,0,0,2,1,0,0,0,0,2,2,0,1,0,0,1,0,0, 0.00399866,-0.00138908,-0.0022484,-0.00138908,-0.00209615,sell
2010-08-12,1,0,0,2,1,0,0,0,0,2,2,0,1,0,0,0,0,0, 0.00303440,-0.00046308, 0.0003228, 0.00020995,-0.00230316,buy
2010-08-13,1,0,0,2,1,0,0,0,0,2,1,0,1,0,0,0,0,0, 0.00311910, 0.00210654, 0.0022339, 0.00230750,-0.00283475,buy
2010-08-14,1,0,0,0,2,0,0,0,0,0,0,0,1,0,0,0,0,0,-0.00120900,-0.00450746,-0.0031815,-0.00308370,-0.00427527,sell
2010-08-15,1,1,0,0,2,0,0,0,0,0,0,0,1,0,0,0,0,0,-0.00172891,-0.00375976,-0.0040486,-0.00412341,-0.00351172,sell
2010-08-16,1,1,0,0,2,0,0,2,0,0,0,0,1,0,0,0,0,0,-0.00141218,-0.00158022, 0.0002960, 0.00138108,-0.00043969,sell
2010-08-17,0,1,0,0,2,0,0,2,0,0,0,0,1,0,0,0,0,0,-0.00337830,-0.00121923,-0.0002344,-0.00059675,-0.00292552,sell
2010-08-18,0,1,0,0,2,0,0,2,0,0,0,0,1,0,0,0,0,0,-0.00337830,-0.00121923,-0.0002344,-0.00059675,-0.00292552,sell
2010-08-19,0,1,0,0,2,0,0,2,0,0,0,0,1,0,1,0,0,0,-0.00104995,-0.00145492,-0.0006594, 0.00061899,-0.00073634,sell
2010-08-20,0,1,0,0,2,0,0,2,0,0,0,0,1,0,1,0,0,0,-0.00104995,-0.00145492,-0.0006594, 0.00061899,-0.00073634,sell
2010-08-21,0,1,0,0,2,0,0,2,0,0,0,0,1,0,1,0,0,0,-0.00104995,-0.00145492,-0.0006594, 0.00061899,-0.00073634,sell
2010-08-22,0,1,1,0,2,0,0,2,0,0,0,0,1,0,1,0,0,0,-0.00208799,-0.00146094,-0.0003529,-0.00035946,-0.00130332,sell
2010-08-23,0,1,1,0,2,1,0,1,1,0,0,1,1,0,1,0,0,1,-0.00089233,-0.00347727,-0.0009415,-0.00082605,-0.00206738,sell
2010-08-24,0,1,1,0,2,1,0,1,1,0,0,1,1,0,1,0,0,1,-0.00089233,-0.00347727,-0.0009415,-0.00082605,-0.00206738,sell
2010-08-25,0,0,1,0,2,1,0,0,1,0,0,1,1,0,1,0,0,1,-0.00225730,-0.00292467,-0.0025453,-0.00225601,-0.00353447,sell
2010-08-26,0,1,1,0,2,1,0,0,1,0,0,1,1,0,0,0,0,1,-0.00128121, 0.00012515,-0.0016762, 0.00038977,-0.00019471,sell
2010-08-27,0,1,1,0,2,1,0,0,1,0,0,1,1,0,0,0,0,1,-0.00128121, 0.00012515,-0.0016762, 0.00038977,-0.00019471,sell
2010-08-28,0,1,0,0,2,1,0,0,1,0,0,1,1,0,0,0,0,0, 0.00177585, 0.00244199,-0.0030916,-0.00268849, 0.00223579,buy
2010-08-29,0,1,0,0,2,1,0,0,1,0,0,1,1,0,0,0,0,0, 0.00177585, 0.00244199,-0.0030916,-0.00268849, 0.00223579,buy
2010-08-30,0,1,0,0,2,0,0,0,0,0,0,1,1,0,0,0,0,0, 0.00223952, 0.00256177,-0.0032292,-0.00272312, 0.00256177,buy
2010-08-31,0,1,0,0,2,0,0,0,0,0,0,0,1,0,0,0,0,0,-0.00236412,-0.00208265,-0.0043585,-0.00486553,-0.00208265,sell
2010-09-01,0,1,0,0,2,0,1,0,0,0,0,0,2,0,0,0,1,0, 0.00084253,-0.00024507, 0.0008905,-0.00084349, 0.00004434,sell
2010-09-02,0,1,0,0,2,0,1,0,0,0,0,0,2,0,0,0,1,0, 0.00084253,-0.00024507, 0.0008905,-0.00084349, 0.00004434,sell
2010-09-03,0,1,0,0,2,0,1,0,0,0,0,0,2,0,0,0,1,0, 0.00084253,-0.00024507, 0.0008905,-0.00084349, 0.00004434,sell
2010-09-04,0,0,0,0,2,0,1,0,0,0,0,0,2,0,1,0,1,0, 0.00140951, 0.00093354,-0.0003420,-0.00056949, 0.00118802,buy
2010-09-05,0,0,1,0,2,0,1,0,0,0,0,0,2,0,1,0,1,0, 0.00084742,-0.00022582, 0.0004254,-0.00034296, 0.00010480,sell
2010-09-06,0,0,1,0,2,0,1,0,0,0,0,0,1,0,1,0,0,0, 0.00161106,-0.00069696,-0.0010893,-0.00107380,-0.00088927,sell
2010-09-07,0,0,1,0,2,0,1,0,0,0,0,1,1,0,1,0,0,0, 0.00157754,-0.00142335,-0.0013016,-0.00139407,-0.00178236,sell
2010-09-08,0,0,1,0,0,0,1,0,0,1,0,1,1,0,1,0,0,0,-0.00134678,-0.00169278, 0.0007604,-0.00065509,-0.00180293,sell
2010-09-09,0,0,1,0,0,0,0,0,0,1,0,1,1,0,1,0,0,0, 0.00143239, 0.00017085, 0.0003681, 0.00046814, 0.00041492,buy
2010-09-10,0,0,1,0,0,0,0,0,1,1,0,1,1,0,1,0,0,0, 0.00147583, 0.00018186, 0.0001438, 0.00034509, 0.00060051,buy
2010-09-11,0,0,1,0,0,0,0,0,1,1,0,2,1,0,1,0,0,1, 0.00233104, 0.00054112, 0.0037718,-0.00059406,-0.00096588,buy
2010-09-12,0,0,1,0,0,0,0,0,1,1,0,2,1,0,0,0,0,1, 0.00249515, 0.00053482, 0.0030960,-0.00082725,-0.00168447,buy
2010-09-13,0,0,0,0,0,0,0,0,1,1,0,2,1,0,0,0,0,1, 0.00180261, 0.00053482, 0.0030960,-0.00082725,-0.00146380,buy
2010-09-14,0,1,0,0,0,0,0,0,1,1,0,2,1,0,0,0,0,1,-0.00164328, 0.00096338,-0.0010835,-0.00245661,-0.00261572,sell
2010-09-15,0,1,0,0,0,0,0,0,1,1,0,2,1,0,0,0,0,1,-0.00164328, 0.00096338,-0.0010835,-0.00245661,-0.00261572,sell
2010-09-16,0,1,0,0,0,0,1,0,0,1,0,2,1,0,0,0,0,1,-0.00244763, 0.00186627,-0.0005316,-0.00314551,-0.00272209,sell
2010-09-17,0,1,0,1,0,0,1,0,0,0,0,2,0,0,0,1,0,1, 0.00037340,-0.00017111,-0.0003658, 0.00056143, 0.00056143,buy
2010-09-18,0,1,0,1,0,0,1,0,0,0,0,2,0,0,0,1,0,1, 0.00037340,-0.00017111,-0.0003658, 0.00056143, 0.00056143,buy
2010-09-19,1,1,0,1,0,0,1,0,0,0,0,2,0,0,0,1,0,1,-0.00124232,-0.00227643,-0.0018440,-0.00093046,-0.00032225,sell
2010-09-20,1,1,0,1,0,0,1,0,0,0,0,2,0,0,0,1,0,1,-0.00124232,-0.00227643,-0.0018440,-0.00093046,-0.00032225,sell
2010-09-21,1,1,0,1,1,0,1,0,0,0,0,1,0,0,0,1,0,1,-0.00239030,-0.00281963,-0.0016792,-0.00159042, 0.00058556,sell
2010-09-22,1,0,0,1,1,0,1,0,0,1,0,1,0,0,0,1,0,1,-0.00319387,-0.00300757,-0.0033182,-0.00331821,-0.00023954,sell
2010-09-23,1,0,0,1,1,0,0,0,0,1,0,1,0,0,0,1,0,0,-0.00007534,-0.00182093,-0.0018209,-0.00182093,-0.00188029,sell
2010-09-24,1,0,0,2,1,0,0,0,0,1,0,1,0,0,0,1,0,0,-0.00152637,-0.00131779,-0.0012313,-0.00131779,-0.00123275,sell
2010-09-25,1,0,0,2,1,0,0,0,0,1,0,0,0,0,0,2,0,0,-0.00222089,-0.00147774,-0.0014777,-0.00147774,-0.00137351,sell
2010-09-26,1,0,0,1,1,0,0,0,0,1,1,0,0,0,0,1,0,0,-0.00298525,-0.00405738,-0.0038235,-0.00405738,-0.00388720,sell
2010-09-27,1,0,0,1,1,0,0,0,0,1,1,0,0,0,0,1,0,0,-0.00298525,-0.00405738,-0.0038235,-0.00405738,-0.00388720,sell
2010-09-28,1,0,0,1,2,0,0,0,0,1,1,0,0,0,0,1,0,0,-0.00287542,-0.00340946,-0.0033457,-0.00362272,-0.00411362,sell
2010-09-29,1,0,0,2,2,0,1,0,0,1,1,0,0,0,0,1,0,0,-0.00160019,-0.00161855,-0.0020609,-0.00102311,-0.00125076,sell
2010-09-30,1,1,0,2,2,0,1,0,0,0,1,0,0,0,0,2,1,0,-0.00153814,-0.00145044,-0.0014224,-0.00066737,-0.00197274,sell
2010-10-01,1,1,0,2,2,1,1,1,0,0,1,0,0,0,0,2,1,0,-0.00171981,-0.00153776,-0.0013985,-0.00111576,-0.00207400,sell
2010-10-02,1,1,0,2,2,1,1,1,0,0,1,0,0,0,0,2,1,0,-0.00171981,-0.00153776,-0.0013985,-0.00111576,-0.00207400,sell
2010-10-03,1,1,0,2,2,1,1,1,0,1,1,0,0,1,0,2,1,0,-0.00133505,-0.00227700,-0.0012221,-0.00140431,-0.00177420,sell
2010-10-04,1,1,0,2,2,1,0,1,0,1,1,0,0,1,0,2,1,0,-0.00171122,-0.00238252,-0.0015079,-0.00152566,-0.00198047,sell
2010-10-05,1,0,0,1,1,1,0,1,0,1,1,0,0,1,0,1,0,0,-0.00126025,-0.00211865,-0.0011294,-0.00175636,-0.00282406,sell
2010-10-06,1,0,0,1,1,1,0,1,0,1,1,0,0,1,0,1,0,0,-0.00126025,-0.00211865,-0.0011294,-0.00175636,-0.00282406,sell
2010-10-07,1,0,0,1,1,1,0,1,0,0,1,0,0,1,0,1,0,0,-0.00288073,-0.00229930,-0.0029533,-0.00352937,-0.00352937,sell
2010-10-08,1,0,0,1,1,1,0,1,0,0,1,0,0,1,0,1,0,0,-0.00288073,-0.00229930,-0.0029533,-0.00352937,-0.00352937,sell
2010-10-09,1,0,0,1,1,1,0,1,0,0,1,0,0,1,0,1,0,1,-0.00324159,-0.00194743,-0.0025766,-0.00365186,-0.00374942,sell
2010-10-10,1,0,0,1,1,1,0,1,0,0,1,0,0,0,0,1,0,1,-0.00003208,-0.00130165,-0.0003326,-0.00009241, 0.00019571,sell
2010-10-11,1,0,0,1,0,1,0,1,0,0,0,0,1,0,0,1,0,1,-0.00254190,-0.00242477,-0.0025265,-0.00242477,-0.00354443,sell
2010-10-12,1,0,0,1,0,2,0,0,0,0,0,0,1,0,0,1,0,1,-0.00108157,-0.00101039,-0.0004745,-0.00047452,-0.00021457,sell
2010-10-13,0,0,0,1,0,2,0,0,0,0,0,0,1,0,0,1,0,0,-0.00196825, 0.00255547,-0.0009656,-0.00009999, 0.00041727,sell
2010-10-14,0,0,0,1,0,2,0,0,0,0,0,1,1,0,0,1,0,0,-0.00136827, 0.00106444,-0.0014633,-0.00135478,-0.00042746,sell
2010-10-15,0,0,1,1,0,2,0,0,0,0,0,1,1,0,0,1,0,0,-0.00286205,-0.00191069,-0.0019379,-0.00246631,-0.00223675,sell
2010-10-16,0,0,2,1,0,2,2,0,0,0,0,1,1,0,0,1,0,0,-0.00107066,-0.00019424,-0.0009114,-0.00078798,-0.00059117,sell
2010-10-17,0,0,2,1,0,2,2,0,0,0,0,1,1,0,1,1,0,0,-0.00010034, 0.00043054,-0.0000902, 0.00061014,-0.00037375,buy
2010-10-18,0,0,2,1,0,2,2,0,0,0,0,1,1,0,2,1,0,0, 0.00007978, 0.00013414,-0.0001136, 0.00060115,-0.00038453,buy
2010-10-19,0,0,2,1,0,1,2,0,0,0,0,1,1,0,2,1,0,0, 0.00011224, 0.00001321, 0.0000508, 0.00026371,-0.00033940,buy
2010-10-20,0,0,1,1,0,1,2,0,0,0,0,1,1,0,2,1,0,0,-0.00004373,-0.00044280,-0.0000327, 0.00033371,-0.00003271,buy
2010-10-21,0,1,1,1,0,1,1,0,0,1,0,1,1,0,2,1,0,0,-0.00089961,-0.00117037,-0.0008996,-0.00121908,-0.00089961,sell
2010-10-22,0,1,0,1,0,1,1,0,0,1,0,1,1,0,1,1,0,0,-0.00122693,-0.00147396,-0.0015419,-0.00147396,-0.00154191,sell
2010-10-23,0,1,0,1,0,0,0,0,0,2,0,1,1,0,1,0,1,0, 0.00410117, 0.00218571, 0.0022235, 0.00361363, 0.00171786,buy
2010-10-24,0,1,0,2,0,0,0,0,0,2,0,1,0,0,0,0,1,0, 0.00164594, 0.00160674, 0.0017261, 0.00232503, 0.00047464,buy
2010-10-25,0,3,0,2,0,0,0,0,0,1,0,2,0,0,0,0,1,0,-0.00120180,-0.00148440,-0.0012731,-0.00106570,-0.00080804,sell
2010-10-26,0,2,0,2,0,0,0,0,0,1,0,1,1,0,0,1,1,0, 0.00032895, 0.00010260, 0.0003975, 0.00234254,-0.00128875,buy
2010-10-27,0,2,0,2,0,0,0,0,0,2,0,1,1,0,0,1,1,0, 0.00181011, 0.00199345, 0.0020020, 0.00248049,-0.00178949,buy
2010-10-28,0,2,0,1,0,0,0,0,0,2,0,1,1,0,0,1,0,0,-0.00026054, 0.00070299, 0.0012663, 0.00049752, 0.00089248,buy
2010-10-29,0,2,0,1,0,0,0,0,0,2,0,1,1,0,0,1,0,0,-0.00026054, 0.00070299, 0.0012663, 0.00049752, 0.00089248,buy
2010-10-30,0,2,0,1,0,1,0,0,1,1,0,0,1,0,0,1,0,0,-0.00110010,-0.00113632,-0.0018826,-0.00117232,-0.00086451,sell
2010-10-31,0,2,0,1,0,1,0,0,1,1,0,0,1,0,0,0,0,0, 0.00073387, 0.00144569, 0.0015106, 0.00199324, 0.00120535,buy
2010-11-01,1,1,0,1,0,1,0,0,1,1,0,1,0,0,0,1,0,0,-0.00297519,-0.00357120,-0.0033431,-0.00192526,-0.00096929,sell
2010-11-02,1,1,0,1,0,1,0,0,1,1,0,1,0,0,0,1,0,0,-0.00297519,-0.00357120,-0.0033431,-0.00192526,-0.00096929,sell
2010-11-03,1,1,1,1,0,1,0,0,1,1,0,1,0,0,0,1,0,0, 0.00003648, 0.00013715, 0.0001061, 0.00010607, 0.00144822,buy
2010-11-04,1,0,1,1,0,1,0,1,0,1,0,1,0,0,0,1,0,0, 0.00083598, 0.00016729, 0.0020405, 0.00027790,-0.00017086,buy
2010-11-05,1,0,1,0,0,0,0,1,0,1,1,1,0,0,1,1,0,0,-0.00187632,-0.00078103,-0.0014790,-0.00186965,-0.00182365,sell
2010-11-06,1,0,1,0,0,0,0,1,0,1,1,1,0,0,1,1,0,0,-0.00187632,-0.00078103,-0.0014790,-0.00186965,-0.00182365,sell
2010-11-07,0,0,0,0,0,0,0,1,0,0,1,1,0,0,1,1,0,1,-0.00171170,-0.00110750,-0.0004791, 0.00266466,-0.00062707,sell
2010-11-08,0,0,0,0,0,0,0,1,1,0,1,0,0,0,2,0,0,1, 0.00202090, 0.00112788,-0.0002130, 0.00107451, 0.00090896,buy
2010-11-09,0,0,0,0,0,0,0,0,1,1,1,0,0,0,1,0,0,1, 0.00116177, 0.00012994,-0.0000115, 0.00039012, 0.00021359,buy
2010-11-10,0,0,0,0,0,0,0,0,1,1,0,0,0,0,1,0,0,1, 0.00311789, 0.00304420, 0.0036242, 0.00353724, 0.00259057,buy
2010-11-11,0,0,0,0,0,0,1,0,1,1,0,0,0,0,1,0,0,0, 0.00041137, 0.00212908,-0.0001328, 0.00240345, 0.00195230,buy
2010-11-12,0,0,0,0,1,0,1,0,1,1,0,0,0,0,1,0,0,0, 0.00177349, 0.00164840, 0.0012605, 0.00187038, 0.00251615,buy
2010-11-13,0,0,1,0,1,0,1,0,1,1,0,0,0,0,1,0,0,0, 0.00249463, 0.00315960, 0.0029634, 0.00315960, 0.00481459,buy
2010-11-14,0,1,1,0,1,0,1,0,1,0,0,0,0,0,1,0,0,0, 0.00237052, 0.00271901, 0.0018804, 0.00237707, 0.00226843,buy
2010-11-15,0,1,1,0,2,0,1,1,0,0,0,1,0,0,1,0,1,0, 0.00262535,-0.00235548, 0.0015594, 0.00269003, 0.00270675,buy
2010-11-16,1,1,1,0,2,0,1,1,0,0,0,1,0,0,2,0,1,0, 0.00147467,-0.00226685, 0.0023280, 0.00360735, 0.00374386,buy
2010-11-17,1,1,1,0,2,0,1,1,0,0,1,1,0,1,2,0,1,0, 0.00111745, 0.00027305, 0.0022253, 0.00211851, 0.00162187,buy
2010-11-18,1,1,1,0,2,0,1,1,0,0,1,1,0,1,2,0,1,0, 0.00111745, 0.00027305, 0.0022253, 0.00211851, 0.00162187,buy
2010-11-19,1,1,0,0,1,0,1,1,0,0,1,1,0,1,2,0,1,0, 0.00062042, 0.00000481, 0.0014875, 0.00168934, 0.00170232,buy
2010-11-20,1,1,0,0,1,0,1,1,0,0,1,1,0,1,2,0,0,0,-0.00050039,-0.00021507,-0.0007136,-0.00105079,-0.00107217,sell
2010-11-21,1,0,0,0,1,0,1,1,0,0,1,0,0,1,2,0,0,0,-0.00123734,-0.00051752,-0.0013803,-0.00113936,-0.00183854,sell
2010-11-22,1,0,0,0,1,0,1,0,0,0,1,0,0,1,2,0,0,0,-0.00086849, 0.00022827,-0.0005924,-0.00059240, 0.00002581,sell
2010-11-23,1,0,0,1,1,0,1,0,0,1,1,0,0,1,1,0,0,0,-0.00121385,-0.00018141,-0.0012863,-0.00111626,-0.00153615,sell
2010-11-24,1,0,0,1,1,0,1,0,0,1,1,0,0,0,1,0,0,0,-0.00107268,-0.00042179,-0.0010003,-0.00036460,-0.00091229,sell
2010-11-25,1,0,0,1,1,0,1,1,0,1,0,0,0,0,1,1,0,0, 0.00140862, 0.00183636, 0.0018279, 0.00256941, 0.00216501,buy
2010-11-26,0,0,0,1,1,0,1,1,0,1,0,0,0,0,1,1,0,0, 0.00143625, 0.00139512, 0.0012250, 0.00087926, 0.00168968,buy
2010-11-27,0,0,0,1,1,0,1,1,0,1,0,0,0,0,1,1,0,1, 0.00007265, 0.00063759, 0.0009389, 0.00091682, 0.00010650,buy
2010-11-28,0,0,0,1,0,0,0,1,0,1,0,0,0,0,1,1,0,1, 0.00482026, 0.00495594, 0.0050196, 0.00520198, 0.00578863,buy
2010-11-29,0,0,0,0,0,0,0,1,0,1,0,0,0,0,1,1,0,1, 0.00391937, 0.00500651, 0.0050673, 0.00504848, 0.00514774,buy
2010-11-30,0,0,0,0,0,0,0,1,0,0,0,0,0,0,0,1,0,1,-0.00155796, 0.00151410, 0.0013925, 0.00185093, 0.00082424,buy
2010-12-01,0,0,0,0,0,0,0,0,1,0,0,0,0,0,0,0,0,1, 0.00032234,-0.00143223,-0.0021014,-0.00083315,-0.00124542,sell
2010-12-02,0,0,0,0,0,0,0,0,1,1,0,0,0,0,0,0,0,1,-0.00030073,-0.00152727,-0.0016975, 0.00013151,-0.00169749,sell
2010-12-03,0,0,0,0,0,0,0,0,1,1,0,0,0,0,0,0,0,1,-0.00030073,-0.00152727,-0.0016975, 0.00013151,-0.00169749,sell
2010-12-04,0,0,0,0,0,0,0,0,1,1,0,1,0,0,0,0,0,1,-0.00294054,-0.00439541,-0.0029363,-0.00020962,-0.00435774,sell
2010-12-05,0,0,0,0,0,0,0,0,1,1,0,1,0,0,0,0,0,1,-0.00294054,-0.00439541,-0.0029363,-0.00020962,-0.00435774,sell
2010-12-06,0,0,0,0,0,0,0,0,1,1,0,1,0,0,0,0,0,1,-0.00294054,-0.00439541,-0.0029363,-0.00020962,-0.00435774,sell
2010-12-07,0,0,0,0,0,0,0,0,1,1,0,1,0,0,0,0,0,1,-0.00294054,-0.00439541,-0.0029363,-0.00020962,-0.00435774,sell
2010-12-08,0,0,0,0,0,0,0,0,1,1,0,1,1,0,0,0,0,1, 0.00313316, 0.00008059, 0.0036915, 0.00042122,-0.00036869,buy
2010-12-09,0,1,0,0,0,0,0,0,1,1,0,1,1,0,0,0,0,1,-0.00095352, 0.00107320, 0.0017370,-0.00257414,-0.00116271,sell
2010-12-10,0,1,0,0,1,0,0,0,1,1,0,1,1,0,0,0,0,1,-0.00113662,-0.00019775,-0.0005087,-0.00211039,-0.00188570,sell
2010-12-11,0,1,0,1,1,0,0,0,1,1,0,0,1,0,0,0,0,1, 0.00063743,-0.00018330,-0.0005504,-0.00016854, 0.00022487,sell
2010-12-12,0,1,0,1,1,0,0,0,1,1,0,0,1,0,0,0,0,1, 0.00063743,-0.00018330,-0.0005504,-0.00016854, 0.00022487,sell
2010-12-13,0,1,0,2,1,0,0,0,1,1,0,0,1,0,0,0,0,1, 0.00115386, 0.00058486, 0.0001660, 0.00058486, 0.00039582,buy
2010-12-14,0,1,0,2,1,0,0,0,1,0,0,0,1,0,0,1,0,0, 0.00328453,-0.00220181,-0.0024905,-0.00216649,-0.00120778,sell
2010-12-15,0,1,0,2,1,0,0,1,1,0,0,0,1,0,0,2,0,0, 0.00284161, 0.00013998,-0.0002364, 0.00007270, 0.00178921,buy
2010-12-16,0,1,0,2,1,0,0,1,1,0,0,0,1,0,0,2,0,0, 0.00284161, 0.00013998,-0.0002364, 0.00007270, 0.00178921,buy
2010-12-17,0,1,0,2,0,0,0,1,1,0,0,0,1,0,0,2,0,0, 0.00343907,-0.00030194,-0.0006559,-0.00138368, 0.00077214,sell
2010-12-18,0,1,0,2,0,0,0,1,0,0,0,0,2,0,0,3,1,0, 0.00042344,-0.00108198,-0.0011209,-0.00109325,-0.00145735,sell
2010-12-19,0,1,0,2,0,0,0,2,0,0,0,0,2,0,0,3,1,0, 0.00054954,-0.00108198,-0.0014923,-0.00109325,-0.00148409,sell
2010-12-20,0,1,0,3,0,0,0,2,0,0,0,1,2,0,0,3,1,0,-0.00119566,-0.00163931,-0.0016514,-0.00153244,-0.00163931,sell
2010-12-21,0,1,0,1,0,0,0,2,0,0,0,1,2,0,0,3,1,0,-0.00008673,-0.00064140,-0.0006381,-0.00053666,-0.00064140,sell
2010-12-22,0,1,0,1,0,0,0,1,0,0,0,1,1,0,0,2,0,0, 0.00009767,-0.00097337,-0.0011166,-0.00160524,-0.00018465,sell
2010-12-23,0,1,0,1,0,0,0,1,1,0,0,1,1,0,0,1,0,0,-0.00165757,-0.00231894,-0.0038133,-0.00435843,-0.00183550,sell
2010-12-24,0,1,0,1,0,0,0,0,1,0,0,1,1,0,0,0,0,0,-0.00323840,-0.00328147,-0.0050331,-0.00174425,-0.00187037,sell
2010-12-25,0,0,0,0,0,0,0,0,2,0,0,1,1,0,0,0,0,0,-0.00139079,-0.00120186,-0.0011486, 0.00003137,-0.00368282,sell
2010-12-26,0,0,0,0,0,0,0,0,2,0,0,1,1,0,0,0,0,1,-0.00246001,-0.00252711,-0.0012751,-0.00151968,-0.00246001,sell
2010-12-27,0,0,0,0,0,0,0,0,2,0,0,1,1,0,0,0,0,1,-0.00246001,-0.00252711,-0.0012751,-0.00151968,-0.00246001,sell
2010-12-28,0,0,0,0,0,0,0,0,2,0,0,0,1,0,0,0,0,1,-0.00223863,-0.00188143,-0.0014488,-0.00147635,-0.00223863,sell
2010-12-29,0,0,0,0,0,1,0,0,2,0,0,0,1,0,0,0,0,1,-0.00121145,-0.00063771, 0.0015650,-0.00121145, 0.00115764,sell
2010-12-30,0,0,0,0,0,1,1,0,2,0,0,0,1,0,0,0,0,1,-0.00368547,-0.00368547,-0.0007157,-0.00331989,-0.00281746,sell
2010-12-31,0,0,0,0,0,1,1,0,2,0,0,0,1,0,0,0,0,1,-0.00368547,-0.00368547,-0.0007157,-0.00331989,-0.00281746,sell
2011-01-01,0,0,1,0,0,1,1,1,0,0,0,0,1,0,1,0,0,0, 0.00140786, 0.00146382, 0.0014886, 0.00181579, 0.00002408,buy
2011-01-02,0,0,1,0,0,1,1,1,0,0,0,0,1,0,1,0,0,0, 0.00140786, 0.00146382, 0.0014886, 0.00181579, 0.00002408,buy
2011-01-03,0,0,1,0,0,1,1,1,0,0,0,0,1,0,1,0,0,0, 0.00140786, 0.00146382, 0.0014886, 0.00181579, 0.00002408,buy
2011-01-04,0,0,1,0,0,1,1,1,0,0,0,1,1,0,1,0,0,0, 0.00299676, 0.00306269, 0.0033538, 0.00308579, 0.00054550,buy
2011-01-05,0,1,1,0,0,1,1,1,0,0,0,1,1,0,1,0,0,0, 0.00376110, 0.00336928, 0.0041559, 0.00426377, 0.00221246,buy
2011-01-06,0,1,1,0,0,1,0,1,0,0,1,1,1,0,1,0,0,0, 0.00550129, 0.00315535, 0.0044402, 0.00496215, 0.00455016,buy
2011-01-07,0,1,1,0,0,1,0,2,0,0,1,1,1,0,1,1,0,0, 0.00298691, 0.00276986, 0.0021495, 0.00348312, 0.00269175,buy
2011-01-08,0,1,1,1,0,1,0,1,0,0,1,1,1,0,0,1,0,0, 0.00196954, 0.00186908, 0.0009374, 0.00511979, 0.00411041,buy
2011-01-09,0,1,0,1,0,1,0,1,0,0,1,1,1,0,0,1,0,0,-0.00234380,-0.00206073,-0.0022870,-0.00133337,-0.00137993,sell
2011-01-10,0,1,0,1,0,1,0,1,0,1,1,1,1,0,0,1,0,0,-0.00104838,-0.00158679,-0.0010484, 0.00066573, 0.00157322,sell
2011-01-11,0,1,0,1,0,1,0,1,0,1,1,0,1,0,0,1,0,0,-0.00097356,-0.00125328,-0.0009898,-0.00077632,-0.00082259,sell
2011-01-12,0,1,0,1,0,1,0,1,0,1,1,0,1,0,0,1,0,0,-0.00097356,-0.00125328,-0.0009898,-0.00077632,-0.00082259,sell
2011-01-13,0,1,0,1,0,1,0,1,0,1,0,0,1,0,0,1,0,0,-0.00219151,-0.00206662,-0.0027449,-0.00212519,-0.00273599,sell
2011-01-14,0,2,0,1,0,1,0,1,0,1,0,0,1,0,0,1,0,0,-0.00209823, 0.00009628,-0.0004920,-0.00037410,-0.00033601,sell
2011-01-15,0,1,0,0,0,1,0,1,1,1,0,0,1,0,0,1,0,0,-0.00225333,-0.00392189,-0.0037085,-0.00362494,-0.00239274,sell
2011-01-16,0,1,0,1,0,0,0,1,1,1,0,0,1,0,0,1,0,0,-0.00036710,-0.00062398,-0.0015917,-0.00249227,-0.00032000,sell
2011-01-17,0,1,0,1,0,0,0,1,1,0,0,0,1,0,0,1,0,0,-0.00034764,-0.00084117,-0.0016473,-0.00230967,-0.00017886,sell
2011-01-18,0,1,0,1,1,0,0,1,1,0,0,0,1,0,0,1,0,0, 0.00064428,-0.00157491,-0.0015060,-0.00149317,-0.00074367,sell
2011-01-19,0,1,0,1,1,0,0,1,1,0,0,0,1,0,0,1,0,0, 0.00064428,-0.00157491,-0.0015060,-0.00149317,-0.00074367,sell
2011-01-20,0,1,0,1,1,0,1,1,1,0,0,0,1,0,0,1,0,0,-0.00174486,-0.00189746,-0.0017430,-0.00180185,-0.00179125,sell
2011-01-21,0,1,0,1,1,0,1,0,1,0,0,1,1,0,0,0,0,0, 0.00231869, 0.00187114, 0.0017038, 0.00214139, 0.00341829,buy
2011-01-22,0,0,0,1,1,0,1,0,0,0,0,1,1,0,0,0,0,0, 0.00344152, 0.00295295, 0.0034093, 0.00298232, 0.00392796,buy
2011-01-23,0,0,0,1,1,0,1,0,0,1,0,1,1,0,0,0,0,0, 0.00539099, 0.00379358, 0.0037690, 0.00182723, 0.00179697,buy
2011-01-24,1,0,0,0,1,0,1,0,0,1,0,2,1,0,0,0,0,0,-0.00218896,-0.00165479,-0.0017990,-0.00155211,-0.00155211,sell
2011-01-25,1,0,0,0,1,0,1,0,0,1,0,2,1,0,0,0,0,0,-0.00218896,-0.00165479,-0.0017990,-0.00155211,-0.00155211,sell
2011-01-26,1,0,0,0,2,0,0,0,0,1,0,2,1,0,0,0,0,1, 0.00013409,-0.00001236,-0.0000246,-0.00040928,-0.00040928,sell
2011-01-27,2,0,0,0,2,0,0,0,0,1,0,1,1,0,0,0,0,1, 0.00137762,-0.00045213, 0.0001843, 0.00169151,-0.00009395,buy
2011-01-28,2,0,0,0,2,0,0,0,0,1,0,1,1,0,0,0,0,1, 0.00137762,-0.00045213, 0.0001843, 0.00169151,-0.00009395,buy
2011-01-29,2,0,0,0,2,0,0,0,0,1,0,0,1,0,0,0,0,1, 0.00115311,-0.00042466, 0.0002378, 0.00176825,-0.00044448,buy
2011-01-30,2,0,0,0,2,0,0,1,0,0,0,0,1,0,1,1,0,1,-0.00105579,-0.00142095,-0.0022278,-0.00284358,-0.00012649,sell
2011-01-31,2,0,0,0,2,0,0,2,0,0,0,0,1,0,1,2,0,1,-0.00172789,-0.00178864,-0.0025004,-0.00320373,-0.00161364,sell
2011-02-01,2,0,0,0,2,0,0,2,0,0,0,0,1,0,1,2,0,1,-0.00172789,-0.00178864,-0.0025004,-0.00320373,-0.00161364,sell
2011-02-02,2,0,0,0,2,0,0,2,0,0,0,0,1,0,1,2,0,1,-0.00172789,-0.00178864,-0.0025004,-0.00320373,-0.00161364,sell
2011-02-03,2,0,1,2,2,0,0,2,0,0,1,0,1,0,1,2,0,1,-0.00164181,-0.00164950,-0.0007865,-0.00226944,-0.00018279,sell
2011-02-04,2,0,1,2,2,0,0,2,0,0,1,0,1,0,1,2,0,1,-0.00164181,-0.00164950,-0.0007865,-0.00226944,-0.00018279,sell
2011-02-05,1,0,1,2,2,0,0,1,0,0,1,0,1,0,1,1,0,1,-0.00008558, 0.00093438, 0.0006602, 0.00033511, 0.00125524,buy
2011-02-06,1,0,1,2,2,0,0,0,1,1,1,0,1,0,0,0,0,1, 0.00276200, 0.00373274, 0.0030926, 0.00317062, 0.00093864,buy
2011-02-07,0,0,1,2,2,0,0,0,2,1,1,0,1,0,0,0,0,1, 0.00274427, 0.00502298, 0.0039188, 0.00360450, 0.00015205,buy
2011-02-08,0,0,1,1,2,0,0,0,2,1,1,0,1,0,0,0,0,1, 0.00182201, 0.00386851, 0.0026383, 0.00213237, 0.00041967,buy
2011-02-09,0,0,1,1,2,0,0,0,2,1,1,0,1,0,0,0,0,1, 0.00182201, 0.00386851, 0.0026383, 0.00213237, 0.00041967,buy
2011-02-10,1,0,1,1,2,0,0,0,2,0,0,0,1,0,1,0,0,0,-0.00124368, 0.00271185,-0.0001344, 0.00200082, 0.00220619,buy
2011-02-11,1,0,0,0,2,0,0,0,2,0,0,0,1,0,1,0,0,0, 0.00208233, 0.00452182, 0.0026922, 0.00502103, 0.00522750,buy
2011-02-12,1,0,0,0,2,0,0,0,2,0,1,0,1,0,1,0,0,0, 0.00272679, 0.00307865, 0.0027013, 0.00419521, 0.00595626,buy
2011-02-13,1,0,0,0,2,0,2,0,2,0,1,0,1,0,1,0,0,0,-0.00011015, 0.00033777,-0.0010223,-0.00067568, 0.00082002,sell
2011-02-14,1,0,1,0,1,0,2,0,0,0,1,0,1,0,1,1,0,0, 0.00051676, 0.00049866,-0.0006164,-0.00012767,-0.00011918,buy
2011-02-15,1,0,1,0,1,0,2,0,1,0,1,0,1,0,0,1,0,0, 0.00164454, 0.00115272, 0.0011602, 0.00115272,-0.00003399,buy
2011-02-16,1,1,1,0,2,0,2,0,1,0,1,1,1,0,0,1,0,0, 0.00081288, 0.00064028, 0.0006559, 0.00099484,-0.00077460,buy
2011-02-17,1,1,1,0,2,0,2,0,1,0,0,2,1,0,0,1,0,0,-0.00048414,-0.00077576,-0.0008821,-0.00043616,-0.00057992,sell
2011-02-18,0,1,1,0,2,0,3,0,1,0,0,2,1,0,0,1,0,0,-0.00080861,-0.00131070,-0.0013107,-0.00071749,-0.00056558,sell
2011-02-19,0,1,0,0,2,0,2,0,0,0,0,2,1,0,0,2,0,0,-0.00161671,-0.00141542,-0.0013501,-0.00068308,-0.00060713,sell
2011-02-20,0,1,0,0,2,0,2,0,0,0,0,2,2,0,0,2,0,0,-0.00136486,-0.00134427,-0.0013443,-0.00057578,-0.00099778,sell
2011-02-21,0,1,0,0,2,0,2,0,0,0,0,3,2,0,0,1,0,0,-0.00151467,-0.00125805,-0.0024953,-0.00073708,-0.00092213,sell
2011-02-22,0,1,0,1,2,0,1,0,0,0,0,2,2,0,0,1,0,0, 0.00097086,-0.00085110,-0.0012953, 0.00097735, 0.00026217,sell
2011-02-23,0,1,0,2,1,0,1,0,0,1,0,2,2,0,0,1,0,0,-0.00165959,-0.00312803,-0.0033848,-0.00278923,-0.00274987,sell
2011-02-24,0,1,0,2,1,0,0,0,0,2,0,1,2,0,0,0,0,0,-0.00172010,-0.00136463,-0.0013646,-0.00078267,-0.00144970,sell
2011-02-25,0,0,0,2,0,0,0,0,0,2,0,0,2,0,0,0,1,0,-0.00143409,-0.00130304,-0.0023686, 0.00002422,-0.00172284,sell
2011-02-26,0,0,0,2,0,0,0,1,0,2,0,0,1,0,0,1,1,0,-0.00078413,-0.00034798,-0.0004701, 0.00006983,-0.00068415,sell
2011-02-27,0,0,0,2,0,0,0,1,0,2,0,0,1,0,0,1,1,0,-0.00078413,-0.00034798,-0.0004701, 0.00006983,-0.00068415,sell
2011-02-28,0,0,0,1,0,0,0,1,0,1,0,0,1,0,0,1,1,0,-0.00011220,-0.00010968,-0.0008380,-0.00010384,-0.00011220,sell
2011-03-01,0,0,0,1,0,0,0,1,0,1,1,0,1,0,0,1,1,0,-0.00013375, 0.00011098,-0.0003096, 0.00035331, 0.00013912,sell
2011-03-02,0,0,0,0,0,0,0,1,0,0,1,0,0,0,0,1,1,0, 0.00047081,-0.00014429, 0.0000743, 0.00020285,-0.00089312,buy
2011-03-03,0,0,0,0,0,0,0,1,0,0,1,0,0,0,0,1,1,0, 0.00047081,-0.00014429, 0.0000743, 0.00020285,-0.00089312,buy
2011-03-04,0,1,0,0,0,0,0,0,0,0,2,0,0,0,0,1,1,0, 0.00147320,-0.00051699, 0.0014371, 0.00153326, 0.00095944,buy
2011-03-05,0,1,0,0,0,0,0,0,0,1,1,0,0,0,0,0,1,0,-0.00023165,-0.00171571, 0.0011058, 0.00265837,-0.00146889,sell
2011-03-06,0,1,0,0,0,0,0,0,0,1,1,0,0,0,0,0,0,0,-0.00046580,-0.00022672,-0.0003596, 0.00030781, 0.00024535,sell
2011-03-07,0,1,0,1,0,0,0,1,0,1,1,0,0,0,1,0,0,0,-0.00065924,-0.00030983,-0.0009040,-0.00030983,-0.00118783,sell
2011-03-08,0,1,0,1,0,1,0,1,0,1,1,0,0,0,1,0,0,0, 0.00129126, 0.00094052, 0.0004952, 0.00094052, 0.00198833,buy
2011-03-09,0,0,0,1,0,1,0,1,0,1,1,0,0,0,1,0,0,0, 0.00025937, 0.00105918,-0.0009957,-0.00001575, 0.00194429,buy
2011-03-10,0,0,0,1,0,1,0,1,0,1,0,0,0,0,1,0,0,0, 0.00032964, 0.00081064,-0.0007272, 0.00035107, 0.00128009,buy
2011-03-11,0,0,0,1,0,1,0,0,0,0,0,0,0,0,1,0,0,0,-0.00015198,-0.00002179,-0.0012672,-0.00103706,-0.00084413,sell
2011-03-12,0,0,0,1,0,1,0,0,0,1,1,0,0,0,1,0,0,0, 0.00045957, 0.00152823,-0.0003244, 0.00070055, 0.00275059,buy
2011-03-13,0,0,1,1,0,1,0,0,0,1,1,0,0,0,1,0,0,0,-0.00367665,-0.00298050,-0.0035266,-0.00464173,-0.00410070,sell
2011-03-14,0,0,1,0,0,1,0,0,0,1,1,0,0,0,1,0,0,0,-0.00494855,-0.00494112,-0.0009442,-0.00413869,-0.00351528,sell
2011-03-15,1,1,1,0,0,1,0,0,0,1,1,0,0,0,1,0,0,0,-0.00146651,-0.00085854,-0.0001694,-0.00037085,-0.00037085,sell
2011-03-16,1,1,1,0,0,1,1,0,0,0,1,1,0,0,1,0,0,0,-0.00223733,-0.00405996,-0.0042571,-0.00492658,-0.00272262,sell
2011-03-17,1,1,1,0,0,1,1,1,0,0,1,1,0,0,2,0,0,0,-0.00122207,-0.00493392,-0.0022118,-0.00413718,-0.00244351,sell
2011-03-18,1,1,1,0,0,1,1,1,1,0,0,1,0,0,1,0,0,0, 0.00365402,-0.00113144, 0.0037284, 0.00312258,-0.00230660,buy
2011-03-19,1,1,1,0,0,2,1,1,1,0,0,1,0,0,1,0,0,0, 0.00347872,-0.00171906, 0.0034455, 0.00326718,-0.00216999,buy
2011-03-20,1,1,0,0,0,2,1,1,1,0,0,1,0,0,1,0,0,0, 0.00355939,-0.00020202, 0.0040183, 0.00382548,-0.00080858,buy
2011-03-21,0,1,0,0,0,2,0,1,1,0,0,1,0,0,1,0,0,0,-0.00083305,-0.00017504, 0.0003256, 0.00014530, 0.00013799,sell
2011-03-22,0,1,0,0,0,2,0,1,1,0,0,0,0,0,1,0,0,0,-0.00227862,-0.00237548,-0.0025889,-0.00380069,-0.00219318,sell
2011-03-23,0,1,1,0,0,2,1,1,1,0,0,0,0,0,1,0,0,0,-0.00109893,-0.00187029,-0.0012345,-0.00265657,-0.00179309,sell
2011-03-24,1,1,1,0,0,1,1,0,0,0,0,1,0,0,1,0,0,0, 0.00020258,-0.00240166,-0.0015332,-0.00135666,-0.00286040,sell
2011-03-25,1,1,1,0,0,1,1,0,0,1,0,1,0,0,1,1,0,0,-0.00042683, 0.00173718, 0.0039285, 0.00161340, 0.00143578,buy
2011-03-26,1,0,1,0,0,1,1,0,0,1,0,1,0,0,0,1,0,0, 0.00018798, 0.00427958, 0.0038897, 0.00481592, 0.00427958,buy
2011-03-27,1,0,1,0,0,1,1,0,0,1,0,1,0,0,0,1,0,0, 0.00018798, 0.00427958, 0.0038897, 0.00481592, 0.00427958,buy
2011-03-28,1,0,1,0,0,1,1,0,0,1,0,1,0,0,0,1,0,0, 0.00018798, 0.00427958, 0.0038897, 0.00481592, 0.00427958,buy
2011-03-29,1,0,1,0,0,1,1,0,0,1,0,1,0,0,0,1,0,0, 0.00018798, 0.00427958, 0.0038897, 0.00481592, 0.00427958,buy
2011-03-30,1,0,0,0,0,0,1,0,0,1,0,0,0,0,0,1,0,0, 0.00363256, 0.00363256, 0.0012364, 0.00507620, 0.00371466,buy
2011-03-31,1,0,0,0,0,0,0,0,0,2,0,1,0,0,0,0,0,0, 0.00218827, 0.00231258, 0.0030521, 0.00265899, 0.00064194,buy
2011-04-01,1,0,1,0,0,0,0,0,0,1,0,1,0,0,0,0,1,0, 0.00410159, 0.00547031, 0.0057270, 0.00580233, 0.00241139,buy
2011-04-02,1,0,1,0,0,0,1,0,0,1,0,1,0,0,0,0,1,0, 0.00349320, 0.00461196, 0.0046120, 0.00463009, 0.00179312,buy
2011-04-03,1,0,1,0,0,0,1,0,0,1,0,1,0,0,0,0,1,0, 0.00349320, 0.00461196, 0.0046120, 0.00463009, 0.00179312,buy
2011-04-04,1,0,1,0,0,0,1,0,0,1,0,1,0,0,0,0,1,0, 0.00349320, 0.00461196, 0.0046120, 0.00463009, 0.00179312,buy
2011-04-05,1,0,1,0,0,0,1,0,0,1,1,1,0,0,0,0,1,0, 0.00320779, 0.00462146, 0.0034989, 0.00355275, 0.00238708,buy
2011-04-06,1,0,1,0,0,0,1,0,0,0,1,1,0,0,0,0,0,0, 0.00595915, 0.00593484, 0.0057625, 0.00595915, 0.00506000,buy
2011-04-07,1,0,1,1,0,0,1,0,0,0,1,1,1,0,0,0,0,0, 0.00264258, 0.00335542, 0.0046835, 0.00258490, 0.00469874,buy
2011-04-08,2,0,2,1,0,0,1,0,0,0,1,0,1,0,0,0,0,0,-0.00006439, 0.00169741, 0.0009111, 0.00130460, 0.00146325,buy
2011-04-09,2,0,2,1,0,0,0,0,0,0,1,0,1,0,0,0,0,0,-0.00218268,-0.00261784,-0.0024184, 0.00168409,-0.00041609,sell
2011-04-10,2,0,2,1,0,0,0,0,0,0,0,0,1,0,0,0,0,1,-0.00236938,-0.00312855,-0.0023376,-0.00286239,-0.00263679,sell
2011-04-11,1,0,2,1,0,0,1,0,0,0,0,0,1,1,0,0,0,1,-0.00312095,-0.00571639,-0.0032069,-0.00292965,-0.00365573,sell
2011-04-12,1,0,2,1,0,0,1,0,0,0,0,0,1,1,0,0,0,1,-0.00312095,-0.00571639,-0.0032069,-0.00292965,-0.00365573,sell
2011-04-13,1,0,1,1,0,0,1,0,0,0,0,1,0,1,0,0,0,1,-0.00476444,-0.00565338,-0.0044575,-0.00299292,-0.00479788,sell
2011-04-14,1,0,1,0,0,0,1,0,0,0,0,1,0,1,0,0,0,0, 0.00007408,-0.00232330,-0.0017898,-0.00231524,-0.00178982,sell
2011-04-15,1,0,1,0,0,0,1,0,0,0,0,1,0,1,0,0,0,0, 0.00007408,-0.00232330,-0.0017898,-0.00231524,-0.00178982,sell
2011-04-16,1,0,1,0,1,0,1,0,0,0,0,1,0,1,0,0,0,0, 0.00159940,-0.00111991,-0.0011641,-0.00119449,-0.00044102,sell
2011-04-17,1,0,0,0,1,0,1,1,0,0,0,1,0,1,0,0,0,0,-0.00016759,-0.00321056,-0.0034362,-0.00373008,-0.00353695,sell
2011-04-18,1,0,0,0,1,0,1,1,0,0,0,1,0,1,0,0,0,0,-0.00016759,-0.00321056,-0.0034362,-0.00373008,-0.00353695,sell
2011-04-19,0,1,0,0,1,0,1,2,0,0,0,1,0,1,1,1,0,0,-0.00163914,-0.00114020,-0.0006531,-0.00451587,-0.00170092,sell
2011-04-20,0,1,0,0,1,0,1,2,0,0,0,1,0,1,1,1,0,0,-0.00163914,-0.00114020,-0.0006531,-0.00451587,-0.00170092,sell
2011-04-21,0,1,0,0,1,0,1,2,0,0,0,1,0,1,1,1,0,0,-0.00163914,-0.00114020,-0.0006531,-0.00451587,-0.00170092,sell
2011-04-22,0,1,0,0,1,0,1,2,0,0,0,1,0,1,1,1,0,0,-0.00163914,-0.00114020,-0.0006531,-0.00451587,-0.00170092,sell
2011-04-23,0,1,0,0,1,0,1,2,0,0,0,1,0,1,1,1,0,0,-0.00163914,-0.00114020,-0.0006531,-0.00451587,-0.00170092,sell
2011-04-24,0,1,0,0,1,0,1,2,0,1,0,1,0,1,1,1,0,0,-0.00369491,-0.00331446,-0.0009906,-0.00448923,-0.00340535,sell
2011-04-25,0,1,0,0,0,0,1,0,1,1,0,1,0,1,1,1,0,0,-0.00004530, 0.00025245, 0.0006196, 0.00112177, 0.00210116,buy
2011-04-26,0,1,0,0,0,0,1,0,1,1,0,1,0,1,1,1,0,0,-0.00004530, 0.00025245, 0.0006196, 0.00112177, 0.00210116,buy
2011-04-27,0,1,0,0,0,0,1,0,1,1,0,2,0,1,0,0,0,0,-0.00010960, 0.00045053, 0.0004781,-0.00075610, 0.00079130,buy
2011-04-28,0,1,0,0,0,0,1,0,1,1,0,2,0,1,0,0,0,0,-0.00010960, 0.00045053, 0.0004781,-0.00075610, 0.00079130,buy
2011-04-29,0,1,0,0,0,0,1,0,1,1,1,2,0,1,0,0,1,0,-0.00053648, 0.00038674, 0.0006563,-0.00044172,-0.00011745,sell
2011-04-30,0,2,0,0,0,0,1,0,1,0,1,2,0,1,0,0,1,0,-0.00316090,-0.00327120,-0.0014471,-0.00363432,-0.00353360,sell
2011-05-01,0,2,0,0,0,0,2,0,1,0,1,2,0,1,0,0,1,0,-0.00215950,-0.00210216,-0.0018547,-0.00257257,-0.00252719,sell
2011-05-02,0,3,0,0,0,0,2,0,0,0,1,2,0,1,0,0,1,0,-0.00179273,-0.00204475,-0.0021730,-0.00264556,-0.00267452,sell
2011-05-03,0,3,0,0,0,0,2,0,0,0,1,1,0,1,0,0,1,0,-0.00078559,-0.00077456,-0.0023147,-0.00215706,-0.00227936,sell
2011-05-04,0,3,0,0,0,0,2,0,0,0,1,1,0,1,0,0,1,0,-0.00078559,-0.00077456,-0.0023147,-0.00215706,-0.00227936,sell
2011-05-05,0,3,0,0,0,0,2,0,0,0,1,0,0,1,1,0,1,0,-0.00065734,-0.00118019,-0.0034445,-0.00345187,-0.00341657,sell
2011-05-06,0,2,1,0,0,0,1,0,0,0,0,0,0,1,1,0,1,0, 0.00090572, 0.00088007,-0.0004783,-0.00068366,-0.00032179,buy
2011-05-07,0,1,2,0,0,0,0,0,0,0,0,0,0,0,1,0,1,0, 0.00026443, 0.00159663, 0.0004953, 0.00151115, 0.00233299,buy
2011-05-08,0,1,2,0,0,0,0,0,0,0,0,0,0,0,1,0,1,0, 0.00026443, 0.00159663, 0.0004953, 0.00151115, 0.00233299,buy
2011-05-09,0,1,2,0,0,0,0,0,0,0,0,0,0,0,1,0,1,0, 0.00026443, 0.00159663, 0.0004953, 0.00151115, 0.00233299,buy
2011-05-10,0,1,2,0,0,0,0,0,0,1,0,0,0,0,1,0,1,0, 0.00212048, 0.00066470, 0.0003036, 0.00066145, 0.00060760,buy
2011-05-11,0,1,2,0,0,0,0,0,0,1,0,0,0,0,1,0,1,0, 0.00212048, 0.00066470, 0.0003036, 0.00066145, 0.00060760,buy
2011-05-12,0,0,2,0,0,0,0,0,0,1,0,0,0,0,1,0,1,0, 0.00023526, 0.00045794, 0.0004731, 0.00081255, 0.00070250,buy
2011-05-13,0,0,2,1,0,0,0,0,0,1,0,0,0,0,0,0,1,0,-0.00050462,-0.00039019,-0.0004831,-0.00083430,-0.00050462,sell
2011-05-14,0,0,2,1,1,0,0,2,0,1,0,1,0,0,0,0,1,0, 0.00260328, 0.00294329, 0.0046077, 0.00223246, 0.00069823,buy
2011-05-15,0,0,2,1,2,0,0,2,0,1,0,1,0,0,0,0,1,0, 0.00514806, 0.00490019, 0.0050751, 0.00541027, 0.00421946,buy
2011-05-16,2,0,0,1,2,0,0,2,0,1,0,1,0,0,0,2,1,0, 0.00183354, 0.00169535, 0.0011405, 0.00160834, 0.00110293,buy
2011-05-17,2,0,0,1,2,0,0,2,0,0,0,1,0,0,0,2,1,0, 0.00202817, 0.00174803, 0.0003106, 0.00115898, 0.00094071,buy
2011-05-18,2,0,0,1,2,0,0,2,1,0,0,1,0,0,0,2,1,0, 0.00310230, 0.00276991, 0.0012619, 0.00280821, 0.00168278,buy
2011-05-19,2,0,0,1,2,0,0,2,2,0,0,1,0,0,0,2,1,0, 0.00318542, 0.00331768, 0.0005845, 0.00250500, 0.00098777,buy
2011-05-20,2,0,0,1,2,0,0,1,2,0,0,1,0,0,0,2,1,0, 0.00309631, 0.00327601, 0.0005200, 0.00144923, 0.00098777,buy
2011-05-21,2,0,0,1,2,0,0,1,2,0,1,0,0,0,0,1,1,0, 0.00291063, 0.00291050, 0.0007219, 0.00147094, 0.00174396,buy
2011-05-22,1,0,0,0,2,0,0,1,2,0,2,0,0,0,0,1,1,0, 0.00051650, 0.00097885,-0.0000545, 0.00070840, 0.00041368,buy
2011-05-23,1,0,0,0,2,0,0,1,1,0,2,0,0,0,0,1,1,0, 0.00051113, 0.00072406,-0.0008435, 0.00041564, 0.00007146,buy
2011-05-24,0,0,0,0,2,0,0,1,1,0,2,0,0,0,0,1,1,0, 0.00042177, 0.00132312,-0.0001368, 0.00055667,-0.00029220,buy
2011-05-25,0,0,0,0,2,0,0,1,1,0,2,0,0,0,0,1,1,0, 0.00042177, 0.00132312,-0.0001368, 0.00055667,-0.00029220,buy
2011-05-26,0,0,0,0,1,0,0,0,1,0,1,0,0,0,1,1,1,0,-0.00266494, 0.00033082,-0.0027464,-0.00268099,-0.00265781,sell
2011-05-27,0,0,0,0,1,0,0,0,1,0,1,0,0,0,1,1,1,0,-0.00266494, 0.00033082,-0.0027464,-0.00268099,-0.00265781,sell
2011-05-28,0,1,0,0,1,0,0,0,1,1,0,0,0,0,1,1,0,0, 0.00070335, 0.00070799, 0.0011631,-0.00012570, 0.00248754,buy
2011-05-29,0,1,0,0,1,0,0,0,1,1,1,0,0,0,2,0,0,0, 0.00080393, 0.00035200, 0.0008670, 0.00071837, 0.00304337,buy
2011-05-30,0,1,0,0,1,0,0,0,1,1,1,1,0,0,1,0,0,0,-0.00083344,-0.00207314,-0.0006360,-0.00113144, 0.00106143,sell
2011-05-31,0,1,0,1,1,0,0,0,1,2,1,1,0,0,1,0,0,0, 0.00050166,-0.00073378, 0.0007400, 0.00056195, 0.00174975,buy
2011-06-01,0,1,0,1,0,0,0,1,0,1,1,1,0,0,1,0,0,0,-0.00051397, 0.00003757,-0.0005134,-0.00025880,-0.00314624,sell
2011-06-02,0,1,1,1,0,0,0,1,0,1,1,1,0,0,1,0,0,0,-0.00191767,-0.00206150,-0.0018285,-0.00204475,-0.00289259,sell
2011-06-03,0,1,1,1,0,0,0,1,0,1,1,1,0,0,1,1,0,0,-0.00275033,-0.00356778,-0.0032790,-0.00302235,-0.00351935,sell
2011-06-04,0,1,1,1,0,0,0,1,1,1,1,1,0,0,0,1,0,0,-0.00140039,-0.00121894,-0.0009017,-0.00182671,-0.00139236,sell
2011-06-05,0,1,1,0,0,0,0,0,1,1,0,1,0,0,0,1,0,0, 0.00019407,-0.00013141, 0.0003964,-0.00200730, 0.00004744,sell
2011-06-06,0,1,1,0,0,0,0,0,1,0,1,1,0,0,0,1,0,0, 0.00046979,-0.00056095, 0.0004818, 0.00052874,-0.00261801,sell
2011-06-07,0,1,1,1,0,0,0,1,1,0,1,1,0,0,0,0,0,0,-0.00080256,-0.00089678,-0.0005747,-0.00091470,-0.00070928,sell
2011-06-08,0,0,1,1,0,0,0,1,0,0,1,1,0,0,0,0,0,0, 0.00039236,-0.00032220, 0.0012879, 0.00012217, 0.00009241,buy
2011-06-09,0,0,2,1,0,0,0,1,0,0,1,0,1,0,0,0,0,0,-0.00042638, 0.00039393, 0.0001357,-0.00018602,-0.00210212,sell
2011-06-10,0,0,2,1,0,1,0,1,0,0,0,0,1,0,0,1,0,0, 0.00002314, 0.00015296, 0.0000231, 0.00011902,-0.00144836,sell
2011-06-11,0,0,1,1,0,1,0,1,0,0,0,0,1,0,0,1,0,0,-0.00043825,-0.00050939,-0.0006215,-0.00034251,-0.00300875,sell
2011-06-12,0,0,1,1,0,2,0,1,1,0,0,0,1,0,0,1,0,0,-0.00223546,-0.00197858,-0.0017806,-0.00264599,-0.00225892,sell
2011-06-13,0,1,0,1,0,2,0,0,1,0,0,0,1,0,0,1,0,0, 0.00166183, 0.00198950, 0.0016618, 0.00175716, 0.00167701,buy
2011-06-14,0,2,0,0,0,2,0,0,1,0,0,0,1,0,0,1,0,0,-0.00021882, 0.00029288,-0.0008600,-0.00010789,-0.00006325,sell
2011-06-15,0,2,0,0,0,2,1,0,1,0,1,0,1,0,0,1,0,0,-0.00119213, 0.00180958, 0.0017202, 0.00172020, 0.00144844,buy
2011-06-16,0,2,0,1,0,2,1,0,1,0,1,0,1,0,0,0,0,0, 0.00107146, 0.00184444, 0.0016015, 0.00174413, 0.00169638,buy
2011-06-17,0,1,0,1,0,1,1,0,1,1,1,0,0,0,0,1,0,0,-0.00012736,-0.00209376,-0.0016303,-0.00239460,-0.00113688,sell
2011-06-18,0,1,0,1,0,1,1,0,0,1,1,0,0,0,0,1,0,0,-0.00124130,-0.00205143,-0.0000772,-0.00197709,-0.00157930,sell
2011-06-19,0,1,0,1,0,1,1,0,0,1,1,0,0,0,0,1,0,0,-0.00124130,-0.00205143,-0.0000772,-0.00197709,-0.00157930,sell
2011-06-20,0,1,0,0,0,1,1,0,0,1,1,1,0,0,0,1,0,0,-0.00139551,-0.00148264,-0.0015910,-0.00143421,-0.00172679,sell
2011-06-21,0,1,0,0,0,1,1,0,0,1,0,1,0,0,0,0,0,0, 0.00007536, 0.00017489,-0.0002169, 0.00032653,-0.00096957,buy
2011-06-22,0,1,1,1,0,1,1,1,0,0,0,1,0,0,0,0,0,0,-0.00053297,-0.00029581, 0.0009361,-0.00029581,-0.00029581,sell
2011-06-23,0,0,1,1,1,1,1,1,0,0,0,1,0,0,0,1,0,1, 0.00177062, 0.00201574, 0.0022339, 0.00154054, 0.00066741,buy
2011-06-24,0,0,1,1,1,1,1,1,0,1,0,0,0,0,0,1,0,1, 0.00091175, 0.00082545, 0.0008542, 0.00089072, 0.00001043,buy
2011-06-25,0,0,1,1,1,1,1,1,0,1,0,0,0,0,0,1,0,1, 0.00091175, 0.00082545, 0.0008542, 0.00089072, 0.00001043,buy
2011-06-26,0,0,1,1,1,1,0,0,0,1,0,0,0,0,0,1,0,1, 0.00188560, 0.00203413, 0.0016362, 0.00188560, 0.00157542,buy
2011-06-27,0,0,1,1,1,1,0,0,0,1,0,0,0,0,0,1,0,1, 0.00188560, 0.00203413, 0.0016362, 0.00188560, 0.00157542,buy
2011-06-28,0,0,0,1,1,1,0,0,0,1,0,0,0,0,0,1,0,1, 0.00207361, 0.00205516, 0.0020318, 0.00204900, 0.00134255,buy
2011-06-29,1,0,0,1,0,1,0,0,0,1,0,1,0,0,0,1,0,1,-0.00084885,-0.00096954, 0.0001233,-0.00091675,-0.00086227,sell
2011-06-30,1,1,0,0,0,1,1,0,0,1,0,1,0,0,0,0,0,1,-0.00120890,-0.00107290,-0.0001922,-0.00093257,-0.00003844,sell
2011-07-01,1,1,0,0,0,1,1,0,0,1,0,1,0,0,0,0,0,1,-0.00120890,-0.00107290,-0.0001922,-0.00093257,-0.00003844,sell
2011-07-02,1,1,0,0,0,1,2,0,0,1,0,1,0,0,0,0,0,1, 0.00006431,-0.00073352,-0.0004737,-0.00102623, 0.00018942,sell
2011-07-03,1,1,0,1,0,1,2,0,0,0,0,1,0,0,1,0,0,1, 0.00131550,-0.00057168, 0.0012638, 0.00056076, 0.00270036,buy
2011-07-04,0,1,0,1,0,1,2,0,1,0,0,1,0,0,1,0,0,0,-0.00056504,-0.00052010,-0.0016607,-0.00082529,-0.00093486,sell
2011-07-05,0,1,0,1,0,1,1,1,1,1,0,1,0,0,1,1,0,0,-0.00010734, 0.00030187,-0.0001022, 0.00172294,-0.00023941,buy
2011-07-06,0,1,0,2,0,0,1,1,1,1,0,1,0,0,1,1,0,0,-0.00001113,-0.00009676,-0.0001199, 0.00061044,-0.00130276,buy
2011-07-07,0,0,0,2,0,1,1,1,1,1,0,1,0,0,0,1,0,0,-0.00002392,-0.00002392,-0.0000239, 0.00043726,-0.00012433,buy
2011-07-08,0,0,0,1,0,1,0,1,0,1,0,1,0,0,0,1,0,0, 0.00118674, 0.00021992, 0.0013326, 0.00077200, 0.00112194,buy
2011-07-09,0,1,0,1,0,1,0,1,0,1,0,1,0,0,0,1,0,0, 0.00049538,-0.00194379, 0.0012344,-0.00057848, 0.00047390,sell
2011-07-10,0,1,0,1,0,1,0,1,0,1,0,2,0,0,0,1,0,0,-0.00205196,-0.00264329,-0.0020456,-0.00308130,-0.00265224,sell
2011-07-11,0,1,0,1,0,1,0,1,0,1,0,2,0,0,0,0,0,0,-0.00414515,-0.00299845,-0.0037912,-0.00331495,-0.00414515,sell
2011-07-12,0,1,0,1,0,1,0,0,0,1,0,1,0,0,0,0,0,0,-0.00301171,-0.00336073,-0.0030809, 0.00082518,-0.00253045,sell
2011-07-13,0,1,0,0,0,1,0,0,0,0,0,1,0,0,0,1,0,0,-0.00339254,-0.00387068,-0.0038998,-0.00423553, 0.00028956,sell
2011-07-14,0,1,0,0,0,1,0,1,0,1,0,1,0,0,0,1,0,0,-0.00013785,-0.00149642,-0.0009679,-0.00200153,-0.00078021,sell
2011-07-15,0,0,0,0,0,1,0,1,0,1,0,1,0,0,0,1,0,0,-0.00031540,-0.00104355,-0.0001768,-0.00310071,-0.00104355,sell
2011-07-16,0,0,0,0,0,2,0,1,0,1,0,0,0,0,0,1,0,0, 0.00040060,-0.00011264, 0.0002353,-0.00256370,-0.00030900,sell
2011-07-17,0,0,0,0,0,2,0,1,0,1,0,0,0,0,0,1,0,0, 0.00040060,-0.00011264, 0.0002353,-0.00256370,-0.00030900,sell
2011-07-18,0,0,0,0,0,2,0,1,0,1,0,0,0,0,0,1,0,0, 0.00040060,-0.00011264, 0.0002353,-0.00256370,-0.00030900,sell
2011-07-19,0,0,0,0,0,1,0,1,0,1,1,0,0,0,0,0,0,0,-0.00144177,-0.00147256,-0.0008607,-0.00157942,-0.00214796,sell
2011-07-20,1,0,0,0,0,1,1,0,0,0,1,0,0,0,0,0,0,0,-0.00184660,-0.00046293,-0.0009952,-0.00198515,-0.00075346,sell
2011-07-21,1,0,0,0,0,1,1,0,0,0,1,0,0,0,0,0,0,0,-0.00184660,-0.00046293,-0.0009952,-0.00198515,-0.00075346,sell
2011-07-22,1,0,0,0,0,1,1,1,0,0,1,0,0,0,0,0,0,0,-0.00105862,-0.00036698,-0.0010587,-0.00139704,-0.00143487,sell
2011-07-23,1,0,0,0,0,1,1,1,0,0,1,0,0,0,0,0,0,1, 0.00077916, 0.00103892, 0.0011417, 0.00187192,-0.00078434,buy
2011-07-24,2,0,0,0,0,1,1,1,0,0,1,0,0,0,1,0,0,1,-0.00238557,-0.00280808,-0.0023856,-0.00307143,-0.00314370,sell
2011-07-25,2,0,0,0,0,1,1,1,1,0,1,0,0,0,1,0,0,1,-0.00229689,-0.00325611,-0.0022969,-0.00303414,-0.00305782,sell
2011-07-26,3,0,0,0,0,1,2,1,1,0,1,0,0,0,1,0,0,1,-0.00224010,-0.00353635,-0.0021871,-0.00247235,-0.00237739,sell
2011-07-27,3,0,0,0,0,1,1,1,1,0,1,0,0,0,1,0,0,1,-0.00317081,-0.00360435,-0.0028827,-0.00323024,-0.00328519,sell
2011-07-28,2,0,0,0,0,0,1,1,1,0,1,0,0,0,1,0,0,1,-0.00168565,-0.00221479,-0.0016673,-0.00265996,-0.00266963,sell
2011-07-29,2,0,0,1,0,0,1,1,1,0,1,0,0,0,2,0,0,1,-0.00205998,-0.00192839,-0.0020600,-0.00258046,-0.00219381,sell
2011-07-30,2,0,0,1,0,0,1,1,2,0,0,0,0,0,2,0,0,1,-0.00165278,-0.00182308,-0.0018986,-0.00277013,-0.00192786,sell
2011-07-31,2,0,0,1,0,1,1,1,2,0,0,0,0,0,1,0,0,1,-0.00235744,-0.00313482,-0.0023574,-0.00359924,-0.00332993,sell
2011-08-01,1,0,0,1,0,1,0,1,1,0,0,0,0,0,1,0,0,0,-0.00196049,-0.00216131,-0.0008361,-0.00181681,-0.00196049,sell
2011-08-02,1,0,0,2,0,1,0,1,1,0,0,1,1,0,1,0,0,0, 0.00167519, 0.00166111, 0.0016611, 0.00167519, 0.00276533,buy
2011-08-03,1,0,0,2,0,1,0,1,1,0,0,1,1,0,1,0,0,0, 0.00167519, 0.00166111, 0.0016611, 0.00167519, 0.00276533,buy
2011-08-04,1,0,0,2,0,1,0,1,1,0,0,1,1,0,0,0,0,0, 0.00262091, 0.00262091, 0.0026209, 0.00262091, 0.00286404,buy
2011-08-05,1,1,0,2,0,1,0,1,0,0,0,2,1,0,0,0,0,0, 0.00305662, 0.00301425, 0.0037962, 0.00336009, 0.00330728,buy
2011-08-06,1,1,0,1,0,1,0,1,0,0,1,2,1,0,0,0,0,0,-0.00578003,-0.00442940,-0.0041034,-0.00375653,-0.00130863,sell
2011-08-07,1,2,0,1,1,1,0,1,0,0,1,2,1,0,0,0,0,0,-0.00576860,-0.00617837,-0.0063339,-0.00625130,-0.00168868,sell
2011-08-08,1,2,0,0,1,1,0,1,0,0,1,2,1,0,0,0,0,0,-0.00545145,-0.00560991,-0.0069764,-0.00593776,-0.00238620,sell
2011-08-09,1,2,0,0,1,0,0,1,0,0,1,1,1,0,0,1,0,0,-0.00611335,-0.00630913,-0.0063653,-0.00676964,-0.00429079,sell
2011-08-10,1,2,0,0,1,0,0,1,0,1,1,1,1,0,0,2,0,0,-0.00467836,-0.00479959,-0.0048699,-0.00549703,-0.00494126,sell
2011-08-11,1,1,0,0,1,0,0,1,0,2,1,0,1,0,0,2,0,0,-0.00236101,-0.00217336,-0.0030717,-0.00300822,-0.00326078,sell
2011-08-12,1,1,0,0,2,0,0,1,0,2,1,0,1,0,0,2,0,0,-0.00164382,-0.00159755,-0.0040253,-0.00277227,-0.00322168,sell
2011-08-13,1,0,0,0,2,0,0,1,0,2,1,0,1,0,0,2,0,0,-0.00116268,-0.00097499,-0.0023757,-0.00195747,-0.00169018,sell
2011-08-14,0,0,0,0,3,0,0,1,0,2,1,0,2,0,0,2,0,0,-0.00067364,-0.00053907,-0.0027720,-0.00107907, 0.00021485,sell
2011-08-15,0,0,0,0,3,0,0,0,0,2,1,0,2,0,0,2,1,0,-0.00065063,-0.00116586,-0.0017687,-0.00106815,-0.00095265,sell
2011-08-16,0,0,0,0,3,0,0,0,0,2,0,0,2,0,0,0,1,0,-0.00022020,-0.00045504,-0.0006303,-0.00070065, 0.00040096,sell
2011-08-17,0,0,0,0,3,0,0,0,0,1,0,0,2,0,0,0,1,0,-0.00073091,-0.00074138,-0.0009567,-0.00090923,-0.00053749,sell
2011-08-18,1,0,0,0,3,0,0,2,0,1,1,0,2,0,0,0,1,0,-0.00066065,-0.00095925,-0.0008615,-0.00079863,-0.00024311,sell
2011-08-19,2,0,0,0,2,0,0,2,0,1,2,0,2,0,0,1,0,0, 0.00056595,-0.00049841, 0.0003226, 0.00103816, 0.00096145,buy
2011-08-20,2,0,0,0,2,0,0,2,0,1,2,0,1,0,0,1,0,0, 0.00165739,-0.00036151, 0.0012620, 0.00226979, 0.00138440,buy
2011-08-21,2,0,0,0,2,0,0,2,0,1,2,0,1,0,0,1,0,0, 0.00165739,-0.00036151, 0.0012620, 0.00226979, 0.00138440,buy
2011-08-22,2,0,0,0,2,0,0,2,0,1,2,0,1,0,1,1,0,0, 0.00104542,-0.00056041, 0.0009990, 0.00202290, 0.00143643,buy
2011-08-23,2,0,0,0,1,0,0,2,1,1,2,0,1,0,1,1,0,0, 0.00038874,-0.00113552, 0.0005175,-0.00002503,-0.00010486,buy
2011-08-24,1,0,0,0,1,0,0,2,1,1,1,0,1,0,2,1,0,0, 0.00095732, 0.00089315, 0.0008772, 0.00088565, 0.00072589,buy
2011-08-25,0,0,0,0,1,0,0,1,2,1,1,0,1,0,2,1,0,0, 0.00164556, 0.00246874, 0.0013288, 0.00265151, 0.00226548,buy
2011-08-26,0,0,0,0,1,0,0,1,2,1,1,0,1,0,2,1,0,0, 0.00164556, 0.00246874, 0.0013288, 0.00265151, 0.00226548,buy
2011-08-27,0,0,1,0,1,1,0,1,2,1,0,0,1,0,2,1,0,0, 0.00216302, 0.00164550, 0.0019316, 0.00104613, 0.00115700,buy
2011-08-28,0,0,1,0,0,1,0,0,2,1,0,0,1,0,1,1,0,0,-0.00173187,-0.00325783,-0.0016180,-0.00286464,-0.00177520,sell
2011-08-29,0,0,1,0,0,1,0,0,1,1,0,0,1,0,1,1,0,0,-0.00166678,-0.00298348,-0.0015730,-0.00281963,-0.00177520,sell
2011-08-30,0,0,1,0,0,1,0,0,1,1,0,0,1,0,1,1,0,0,-0.00166678,-0.00298348,-0.0015730,-0.00281963,-0.00177520,sell
2011-08-31,0,0,2,0,0,1,0,0,1,1,0,1,1,0,0,1,0,0,-0.00146416,-0.00210193,-0.0023068,-0.00338819,-0.00233384,sell
2011-09-01,0,0,2,0,0,1,0,0,0,1,0,1,0,0,0,1,0,0, 0.00188953, 0.00107803, 0.0017981, 0.00052915, 0.00262215,buy
2011-09-02,0,0,1,0,0,1,0,0,0,1,0,1,0,0,0,1,0,0, 0.00188013, 0.00079189, 0.0026136, 0.00017112, 0.00112279,buy
2011-09-03,0,0,1,0,0,1,0,0,0,1,0,1,0,0,0,0,0,0, 0.00177803, 0.00102389, 0.0020203, 0.00066901, 0.00033684,buy
2011-09-04,1,0,1,0,0,1,0,0,0,0,0,1,0,0,0,0,0,0,-0.00095059,-0.00090193,-0.0008094,-0.00018308,-0.00132973,sell
2011-09-05,1,0,1,0,0,1,0,1,0,0,0,2,0,0,0,0,0,0,-0.00004849, 0.00106792, 0.0012128, 0.00079606, 0.00009538,buy
2011-09-06,1,0,1,0,0,1,0,1,0,0,0,2,0,0,0,0,0,0,-0.00004849, 0.00106792, 0.0012128, 0.00079606, 0.00009538,buy
2011-09-07,1,0,0,0,0,1,0,1,0,0,1,1,0,0,0,0,0,0,-0.00240739, 0.00137695, 0.0014889, 0.00137499, 0.00142990,buy
2011-09-08,1,1,0,1,0,1,0,1,0,0,1,1,0,0,0,0,0,0, 0.00031464, 0.00049549, 0.0013030, 0.00064889, 0.00051373,buy
2011-09-09,0,1,0,1,0,1,0,1,0,0,1,1,0,0,1,0,0,0, 0.00204139, 0.00239687, 0.0024711, 0.00256338, 0.00251488,buy
2011-09-10,0,1,0,1,0,1,0,1,1,0,1,1,0,0,1,0,0,0, 0.00150135, 0.00144443, 0.0015834, 0.00146072, 0.00156009,buy
2011-09-11,0,1,0,1,0,1,1,1,1,0,1,1,0,0,1,0,0,0, 0.00081479, 0.00272763, 0.0011621,-0.00028847, 0.00114371,buy
2011-09-12,0,1,0,1,0,1,1,0,1,0,0,1,0,0,1,0,0,0,-0.00106847,-0.00052010,-0.0021641,-0.00132873,-0.00143829,sell
2011-09-13,0,2,1,1,0,1,1,0,1,0,0,0,0,0,0,0,0,0,-0.00185172,-0.00183211,-0.0012270,-0.00198241,-0.00094240,sell
2011-09-14,0,1,1,0,1,1,1,0,0,0,0,0,0,0,0,1,0,0,-0.00138167, 0.00060726,-0.0006356,-0.00070393,-0.00055434,sell
2011-09-15,0,1,1,1,1,1,1,0,0,0,0,0,0,0,0,1,0,0,-0.00084510, 0.00017235, 0.0000039,-0.00085239,-0.00076839,sell
2011-09-16,0,1,1,1,1,1,1,0,0,1,0,0,0,0,0,1,0,0,-0.00018112,-0.00119628, 0.0005423,-0.00022770,-0.00131410,sell
2011-09-17,0,1,0,1,1,0,0,0,0,1,0,1,0,0,0,1,0,0, 0.00279013, 0.00318792, 0.0024203, 0.00396087, 0.00190439,buy
2011-09-18,0,1,0,1,1,0,0,0,0,1,0,1,0,0,0,1,0,0, 0.00279013, 0.00318792, 0.0024203, 0.00396087, 0.00190439,buy
2011-09-19,0,2,0,1,1,0,1,0,0,1,0,1,0,0,0,1,0,0, 0.00151476, 0.00231791, 0.0021249, 0.00219699, 0.00010319,buy
2011-09-20,0,2,1,1,0,0,1,0,0,1,0,1,0,0,0,1,0,0,-0.00029362,-0.00092214,-0.0006576,-0.00049344,-0.00092214,sell
2011-09-21,0,1,1,1,0,0,1,0,0,1,0,0,0,0,0,0,0,0, 0.00022412,-0.00119289,-0.0008008,-0.00011566,-0.00124580,sell
2011-09-22,0,1,1,1,0,1,1,0,0,0,0,0,0,0,0,1,0,0, 0.00184509,-0.00048435, 0.0007834, 0.00085247, 0.00022982,buy
2011-09-23,0,1,1,1,0,1,2,1,0,0,0,0,0,0,0,1,0,0, 0.00140833,-0.00109760,-0.0010927,-0.00112623,-0.00080733,sell
2011-09-24,0,0,1,1,0,1,2,1,0,0,0,0,1,0,0,1,0,0,-0.00089826,-0.00183107,-0.0016897,-0.00192991,-0.00160122,sell
2011-09-25,0,0,0,0,0,1,2,1,0,1,0,0,1,0,0,2,0,0,-0.00377584,-0.00361669,-0.0017304,-0.00110666,-0.00099939,sell
2011-09-26,0,0,0,0,0,2,1,1,0,2,1,0,1,0,0,2,0,0,-0.00098499,-0.00134662,-0.0001275, 0.00078777, 0.00121771,sell
2011-09-27,0,0,0,0,0,2,0,1,0,2,1,0,1,0,0,2,0,0, 0.00017152,-0.00061162, 0.0013204, 0.00222997, 0.00074743,buy
2011-09-28,0,0,0,0,0,2,0,1,0,2,1,0,1,0,0,2,0,0, 0.00017152,-0.00061162, 0.0013204, 0.00222997, 0.00074743,buy
2011-09-29,1,0,2,0,0,2,0,0,0,2,1,0,1,0,0,2,0,0, 0.00051626, 0.00214657, 0.0010152, 0.00013542, 0.00084870,buy
2011-09-30,1,0,2,0,0,2,0,0,0,2,1,0,1,0,0,0,0,0,-0.00091708, 0.00001829,-0.0005424,-0.00271464,-0.00060627,sell
2011-10-01,1,0,2,0,0,2,0,1,0,1,1,0,1,0,0,0,0,0,-0.00064644, 0.00111607, 0.0005831,-0.00188280, 0.00059514,buy
2011-10-02,1,0,2,0,0,1,0,1,0,0,1,0,1,0,0,0,0,0, 0.00058644, 0.00173320, 0.0007992, 0.00119716, 0.00083872,buy
2011-10-03,1,0,1,0,0,1,0,1,0,0,1,0,1,0,0,0,0,0, 0.00073932, 0.00101460, 0.0010952, 0.00090663, 0.00075901,buy
2011-10-04,0,0,1,0,0,1,0,2,0,0,1,0,1,0,0,0,0,0,-0.00302995,-0.00184126,-0.0019951,-0.00305145,-0.00204933,sell
2011-10-05,1,0,0,0,0,1,1,2,0,0,1,0,0,0,0,0,0,0, 0.00079945, 0.00146942, 0.0005480, 0.00030648,-0.00033882,buy
2011-10-06,1,0,0,0,0,1,1,1,0,0,1,0,0,0,0,0,0,0,-0.00105862,-0.00036698,-0.0010587,-0.00139704,-0.00143487,sell
2011-10-07,1,0,0,0,0,1,1,1,0,0,1,0,0,0,0,0,0,0,-0.00105862,-0.00036698,-0.0010587,-0.00139704,-0.00143487,sell
2011-10-08,1,0,0,0,0,0,1,1,0,0,1,0,0,0,1,0,0,0, 0.00042038, 0.00155708, 0.0009298, 0.00192627, 0.00111472,buy
2011-10-09,1,1,0,0,0,0,1,1,0,0,2,0,0,0,1,0,0,0, 0.00053753, 0.00091206, 0.0011572, 0.00136469, 0.00100954,buy
2011-10-10,1,1,0,0,0,0,2,1,0,1,1,0,0,0,1,0,0,0,-0.00006661,-0.00283773,-0.0020290,-0.00028143,-0.00225478,sell
2011-10-11,1,1,0,0,0,0,1,0,0,1,1,0,0,0,1,0,0,0,-0.00047473,-0.00279469,-0.0036164,-0.00077021,-0.00405013,sell
2011-10-12,1,1,0,1,0,0,1,0,0,1,1,0,0,0,2,0,0,0, 0.00120133, 0.00084677, 0.0001094, 0.00120237, 0.00064379,buy
2011-10-13,1,2,0,1,0,0,1,0,0,1,1,0,0,0,2,0,0,0, 0.00124254, 0.00120311, 0.0013580, 0.00133097, 0.00127943,buy
2011-10-14,1,2,0,1,0,0,1,0,0,2,1,0,0,0,1,0,0,0, 0.00172161, 0.00074260, 0.0010882, 0.00029139, 0.00106544,buy
2011-10-15,0,1,0,2,0,0,0,0,0,2,1,0,0,0,1,0,0,0,-0.00036703,-0.00052329, 0.0000906, 0.00009061,-0.00054801,sell
2011-10-16,0,1,0,2,0,0,0,0,0,1,1,0,0,0,1,0,0,0,-0.00059185,-0.00059185,-0.0003308,-0.00022161,-0.00096948,sell
2011-10-17,0,1,0,2,0,0,0,0,0,1,1,0,0,0,0,0,1,0, 0.00097907, 0.00102936, 0.0010514, 0.00073676, 0.00092640,buy
2011-10-18,0,0,0,1,0,0,0,0,0,1,1,0,0,0,0,0,1,0,-0.00095867,-0.00189990,-0.0009587, 0.00040321,-0.00164748,sell
2011-10-19,0,0,0,1,0,0,1,0,0,0,0,0,0,0,0,0,1,0, 0.00020529, 0.00122442, 0.0012424, 0.00128241, 0.00132667,buy
2011-10-20,1,0,0,1,0,0,1,0,0,0,0,0,0,0,0,1,1,0,-0.00060389, 0.00011777, 0.0009301,-0.00004661, 0.00046749,sell
2011-10-21,1,0,0,0,0,0,1,0,0,0,0,0,0,0,0,1,1,0,-0.00161052,-0.00048514, 0.0014012,-0.00048514,-0.00005354,sell
2011-10-22,2,1,0,0,0,1,1,0,0,0,0,0,0,0,1,2,1,0,-0.00334886,-0.00334886,-0.0023499,-0.00334886,-0.00412467,sell
2011-10-23,2,1,0,0,0,1,1,0,1,0,0,0,0,0,1,2,1,0,-0.00278993,-0.00343768,-0.0006653,-0.00332843,-0.00238394,sell
2011-10-24,2,1,0,0,0,1,1,0,2,0,0,1,0,0,1,2,1,0,-0.00256931,-0.00315181,-0.0023029,-0.00285990,-0.00172659,sell
2011-10-25,2,1,0,1,0,2,0,0,2,0,0,2,0,0,1,1,1,0, 0.00028107,-0.00050918,-0.0005092,-0.00212224, 0.00059446,sell
2011-10-26,1,1,0,1,0,2,0,0,2,1,0,2,0,0,1,1,1,0, 0.00099201, 0.00013793, 0.0001710, 0.00053981, 0.00024672,buy
2011-10-27,0,1,0,1,0,2,0,0,2,1,0,2,0,0,1,0,1,0, 0.00110680, 0.00096708, 0.0004818, 0.00122753, 0.00109099,buy
2011-10-28,0,1,0,1,0,2,0,0,2,1,0,2,0,0,1,0,1,0, 0.00110680, 0.00096708, 0.0004818, 0.00122753, 0.00109099,buy
2011-10-29,0,0,0,1,0,2,0,1,0,1,0,2,0,0,0,0,1,0,-0.00024407, 0.00001511,-0.0028608, 0.00262282, 0.00246236,sell
2011-10-30,0,0,0,1,0,2,0,2,0,1,0,1,0,0,0,0,1,0, 0.00396415, 0.00309986, 0.0002017, 0.00416847, 0.00338211,buy
2011-10-31,0,0,0,1,0,2,0,2,0,1,0,0,0,0,0,0,1,0, 0.00396651, 0.00308940,-0.0001697, 0.00413225, 0.00269986,buy
2011-11-01,0,0,0,1,0,1,0,2,0,1,0,0,0,0,2,0,1,0, 0.00237348, 0.00083378,-0.0007469, 0.00048183, 0.00151219,buy
2011-11-02,0,0,0,0,0,0,0,2,0,0,0,0,0,0,2,0,1,0, 0.00001937,-0.00112126,-0.0014506,-0.00149187,-0.00056824,sell
2011-11-03,0,0,2,0,0,0,0,2,0,0,0,0,0,0,2,0,1,0,-0.00028245,-0.00055227,-0.0019753,-0.00107474,-0.00135877,sell
2011-11-04,0,0,2,0,0,0,0,0,0,2,0,0,0,0,2,0,1,0, 0.00023077, 0.00051900, 0.0004614, 0.00046139, 0.00040754,buy
2011-11-05,0,0,2,0,0,0,0,0,0,2,0,0,0,0,2,1,1,0, 0.00023077, 0.00108109, 0.0008910, 0.00044561, 0.00089101,buy
2011-11-06,1,0,2,0,0,0,0,0,0,2,2,0,0,0,0,1,1,0,-0.00153022,-0.00176764,-0.0015302,-0.00153022,-0.00163272,sell
2011-11-07,1,0,2,0,0,0,0,0,0,2,2,0,0,0,0,1,1,0,-0.00153022,-0.00176764,-0.0015302,-0.00153022,-0.00163272,sell
2011-11-08,1,0,1,0,0,0,0,0,0,2,2,0,0,0,0,1,1,0,-0.00198447,-0.00196321,-0.0019274,-0.00192735,-0.00218893,sell
2011-11-09,1,0,0,0,0,0,0,0,0,2,2,0,0,0,0,1,1,0,-0.00227954,-0.00248948,-0.0025274,-0.00225185,-0.00222748,sell
2011-11-10,1,0,0,0,0,0,0,0,1,0,2,0,0,0,0,1,1,0,-0.00021078,-0.00175264,-0.0010035,-0.00079491, 0.00051600,sell
2011-11-11,1,0,0,0,0,0,0,0,1,0,2,0,0,0,0,1,1,0,-0.00021078,-0.00175264,-0.0010035,-0.00079491, 0.00051600,sell
2011-11-12,1,0,0,0,0,0,0,0,1,0,0,0,0,0,0,0,1,0,-0.00207759,-0.00248649,-0.0019484,-0.00068836, 0.00047238,sell
2011-11-13,0,2,0,0,0,0,0,0,1,0,0,1,0,0,0,0,1,0,-0.00127257,-0.00148811,-0.0016706,-0.00071674,-0.00155904,sell
2011-11-14,0,2,0,1,0,0,0,0,1,0,0,1,0,0,0,0,1,0,-0.00227421,-0.00231144,-0.0028469,-0.00232503,-0.00225431,sell
2011-11-15,0,2,0,2,0,0,0,0,1,0,0,1,0,0,0,0,1,0,-0.00117918,-0.00155118,-0.0017960,-0.00112729,-0.00104292,sell
2011-11-16,0,2,0,2,0,0,0,0,1,0,0,1,0,0,0,0,1,0,-0.00117918,-0.00155118,-0.0017960,-0.00112729,-0.00104292,sell
2011-11-17,0,2,0,2,0,0,0,1,0,0,0,1,0,0,0,0,1,0,-0.00061053,-0.00068109,-0.0006362,-0.00098372,-0.00031487,sell
2011-11-18,0,2,0,2,0,0,0,1,0,0,0,1,0,0,0,0,1,0,-0.00061053,-0.00068109,-0.0006362,-0.00098372,-0.00031487,sell
2011-11-19,0,1,0,1,0,0,0,1,0,0,0,2,0,0,0,0,1,0, 0.00035520, 0.00029939, 0.0003253, 0.00026100, 0.00022205,buy
2011-11-20,0,1,0,1,0,0,0,1,0,0,0,2,0,0,1,0,1,0,-0.00071184,-0.00106948,-0.0009380,-0.00111540,-0.00100657,sell
2011-11-21,0,1,1,1,0,0,0,1,0,0,0,1,0,0,1,0,1,0,-0.00112985,-0.00115856,-0.0014707,-0.00143268,-0.00147074,sell
2011-11-22,0,1,1,1,0,0,0,2,0,0,0,1,0,0,1,0,0,0, 0.00380090, 0.00374391, 0.0037299, 0.00385658, 0.00398592,buy
2011-11-23,0,1,1,1,0,0,0,2,0,0,0,1,0,0,1,0,0,0, 0.00380090, 0.00374391, 0.0037299, 0.00385658, 0.00398592,buy
2011-11-24,0,1,1,0,0,0,0,1,0,0,0,1,0,0,1,1,0,0, 0.00192448, 0.00159475, 0.0026149, 0.00173243, 0.00318167,buy
2011-11-25,0,1,2,0,0,0,0,1,0,1,0,0,0,0,1,1,0,0, 0.00105572, 0.00426396, 0.0017899, 0.00582393, 0.00260221,buy
2011-11-26,0,1,2,1,0,0,0,1,0,1,0,0,0,0,1,1,0,0,-0.00051694, 0.00199783, 0.0002575, 0.00196003, 0.00093980,buy
2011-11-27,0,1,2,1,0,1,0,1,0,1,0,0,0,0,0,1,0,0, 0.00131625, 0.00320438, 0.0007587, 0.00099878, 0.00075253,buy
2011-11-28,0,1,1,1,0,1,0,0,1,1,0,0,0,0,0,1,0,0, 0.00323592, 0.00279936, 0.0027994, 0.00332584, 0.00272570,buy
2011-11-29,0,1,1,1,0,1,0,0,1,1,0,0,0,0,0,1,0,0, 0.00323592, 0.00279936, 0.0027994, 0.00332584, 0.00272570,buy
2011-11-30,0,1,1,1,0,1,0,0,1,1,1,0,0,1,0,0,0,0,-0.00149465,-0.00055601,-0.0013964,-0.00164095,-0.00165862,sell
2011-12-01,0,1,0,1,0,1,0,0,1,1,1,0,0,1,0,0,0,0,-0.00164291,-0.00067666,-0.0012303,-0.00181184,-0.00178973,sell
2011-12-02,0,0,0,1,1,1,0,0,1,0,2,0,1,1,0,0,0,0, 0.00315207, 0.00307701, 0.0034746, 0.00250254, 0.00458649,buy
2011-12-03,0,0,0,1,1,2,0,0,1,0,2,0,1,1,0,0,0,0, 0.00082271,-0.00002181, 0.0007577,-0.00067273, 0.00074678,buy
2011-12-04,0,0,0,0,1,2,1,0,1,0,2,0,1,1,0,0,0,1, 0.00096254,-0.00048389,-0.0000779, 0.00240481, 0.00072200,buy
2011-12-05,0,0,0,1,1,2,1,0,0,0,2,0,1,1,0,0,0,1, 0.00070740,-0.00014250, 0.0015233, 0.00241457, 0.00053363,buy
2011-12-06,0,0,0,1,1,2,1,0,0,1,2,0,1,1,0,0,0,1, 0.00010697,-0.00015057, 0.0021633, 0.00328687,-0.00022845,buy
2011-12-07,0,0,0,1,1,1,1,0,0,1,1,0,0,1,0,0,0,0, 0.00117092, 0.00082268, 0.0020687, 0.00219131, 0.00028587,buy
2011-12-08,0,1,0,1,1,0,1,0,0,1,0,0,0,1,0,0,0,0, 0.00008432, 0.00018866, 0.0022174, 0.00001988, 0.00017271,buy
2011-12-09,0,2,0,1,1,0,1,0,0,1,0,0,0,1,0,0,0,0, 0.00074450, 0.00123279, 0.0025773, 0.00120194, 0.00123279,buy
2011-12-10,0,2,0,1,0,0,0,0,0,1,0,0,0,1,0,0,1,0, 0.00060975, 0.00060975, 0.0009434, 0.00010392, 0.00035487,buy
2011-12-11,0,2,0,1,0,0,0,0,0,1,0,0,0,1,0,0,1,0, 0.00060975, 0.00060975, 0.0009434, 0.00010392, 0.00035487,buy
2011-12-12,0,2,0,0,0,0,0,0,0,1,0,0,0,1,0,0,1,0, 0.00098731, 0.00060975, 0.0006593, 0.00031913, 0.00038240,buy
2011-12-13,0,2,0,0,0,0,0,0,0,1,0,0,0,1,0,0,1,0, 0.00098731, 0.00060975, 0.0006593, 0.00031913, 0.00038240,buy
2011-12-14,0,2,0,0,0,0,0,0,0,1,0,0,0,1,0,0,1,0, 0.00098731, 0.00060975, 0.0006593, 0.00031913, 0.00038240,buy
2011-12-15,0,2,0,0,0,0,0,0,0,1,0,0,0,1,0,0,0,0, 0.00078070,-0.00045787, 0.0010894, 0.00021564, 0.00060930,buy
2011-12-16,0,1,0,0,0,0,0,0,0,1,0,2,0,1,0,0,0,0, 0.00001230, 0.00060283,-0.0004147,-0.00025338, 0.00061565,buy
2011-12-17,0,0,0,0,0,0,0,2,0,1,0,2,0,1,0,0,0,0, 0.00068824, 0.00061478, 0.0004119, 0.00063219,-0.00034300,buy
2011-12-18,0,0,0,1,0,0,0,2,0,1,0,2,0,1,0,1,0,0, 0.00103285, 0.00018544, 0.0004346,-0.00043692, 0.00050716,buy
2011-12-19,0,0,1,1,0,1,0,2,0,1,0,2,0,1,0,2,0,0, 0.00092284, 0.00073395, 0.0005581, 0.00166090, 0.00072473,buy
2011-12-20,0,0,1,1,0,1,0,2,0,1,0,2,0,1,0,2,0,0, 0.00092284, 0.00073395, 0.0005581, 0.00166090, 0.00072473,buy
2011-12-21,0,0,1,1,0,1,0,2,0,1,0,2,0,1,0,2,0,0, 0.00092284, 0.00073395, 0.0005581, 0.00166090, 0.00072473,buy
2011-12-22,0,0,1,1,0,1,0,2,0,1,0,1,0,1,0,2,0,0, 0.00184806, 0.00029411, 0.0014851, 0.00147195, 0.00160896,buy
2011-12-23,0,0,1,1,0,1,0,1,0,1,1,0,0,1,0,2,0,0, 0.00142891, 0.00055027, 0.0007304, 0.00101658, 0.00128280,buy
2011-12-24,1,0,1,0,0,1,0,0,0,1,1,0,0,1,0,1,0,0, 0.00019672,-0.00009211, 0.0022384, 0.00125010, 0.00014454,buy
2011-12-25,1,0,1,0,0,1,0,0,1,1,1,0,0,1,0,1,0,0, 0.00052588, 0.00126464,-0.0001582, 0.00041351, 0.00051980,buy
2011-12-26,1,0,0,1,0,1,0,0,1,1,1,0,0,1,0,0,0,0,-0.00065985,-0.00020646,-0.0016972,-0.00076333,-0.00073651,sell
2011-12-27,1,0,0,1,0,0,0,0,1,1,1,0,0,1,0,0,0,0,-0.00059510,-0.00052481,-0.0018527,-0.00059280,-0.00020095,sell
2011-12-28,1,0,0,1,0,0,0,0,1,1,1,0,0,0,0,0,0,0, 0.00010005, 0.00034744,-0.0013942, 0.00011376, 0.00082408,sell
2011-12-29,1,0,0,1,0,1,0,0,1,1,1,0,0,0,0,0,0,0,-0.00145432,-0.00210933,-0.0016863,-0.00206294,-0.00195500,sell
2011-12-30,1,0,0,1,0,1,0,0,1,0,0,0,0,0,0,0,0,0,-0.00254525,-0.00171652,-0.0032138,-0.00172724,-0.00215119,sell
2011-12-31,0,0,0,0,0,1,0,0,1,0,0,0,0,0,1,0,0,0, 0.00070189, 0.00041223,-0.0001066, 0.00071053, 0.00039320,buy
2012-01-01,0,0,0,0,0,1,1,0,1,0,0,0,0,0,1,0,0,0,-0.00402991,-0.00230428,-0.0019123,-0.00109532,-0.00253779,sell
2012-01-02,0,1,0,0,0,1,1,0,1,0,0,0,0,0,1,0,0,0,-0.00264550,-0.00200051,-0.0038511,-0.00286633,-0.00252690,sell
2012-01-03,0,1,0,0,0,1,1,0,0,0,0,0,0,0,1,0,0,0,-0.00186810,-0.00240580,-0.0036743,-0.00267699,-0.00414165,sell
2012-01-04,0,1,0,0,1,0,1,0,0,0,0,0,0,0,1,0,0,0, 0.00241214,-0.00010631, 0.0008480, 0.00039903, 0.00088136,buy
2012-01-05,0,1,0,0,1,0,1,1,1,0,0,1,0,0,1,0,0,0, 0.00085355, 0.00118163, 0.0005073, 0.00055863, 0.00050731,buy
2012-01-06,0,1,1,0,1,0,1,1,1,0,0,1,0,0,0,1,0,0, 0.00252295, 0.00466747, 0.0046417, 0.00433734, 0.00578886,buy
2012-01-07,0,1,1,0,1,0,1,1,1,0,0,1,0,0,0,1,0,0, 0.00252295, 0.00466747, 0.0046417, 0.00433734, 0.00578886,buy
2012-01-08,0,0,1,0,1,0,1,1,1,0,0,1,0,0,0,1,0,0, 0.00197181, 0.00301372, 0.0038116, 0.00313177, 0.00578886,buy
2012-01-09,0,1,1,0,2,0,0,1,1,0,0,1,0,0,0,1,0,0,-0.00080159,-0.00103851, 0.0008530,-0.00114967, 0.00077114,sell
2012-01-10,0,1,1,0,2,0,1,0,2,0,1,0,0,0,0,1,0,0, 0.00484131, 0.00240865, 0.0021341, 0.00242782, 0.00401410,buy
2012-01-11,0,1,0,0,1,0,1,0,1,0,1,0,0,0,0,1,0,0, 0.00059470, 0.00105225, 0.0009521, 0.00009489, 0.00063165,buy
2012-01-12,0,1,0,1,1,0,1,0,1,0,1,0,0,0,0,1,0,0,-0.00058647,-0.00003159,-0.0000981, 0.00010011,-0.00007171,sell
2012-01-13,0,1,0,1,1,0,1,0,1,0,1,0,0,0,0,1,0,0,-0.00058647,-0.00003159,-0.0000981, 0.00010011,-0.00007171,sell
2012-01-14,0,1,0,1,1,0,1,0,1,0,1,0,0,0,0,1,0,0,-0.00058647,-0.00003159,-0.0000981, 0.00010011,-0.00007171,sell
2012-01-15,0,1,0,1,1,0,2,0,1,0,1,0,0,0,0,1,0,0,-0.00008855, 0.00411331, 0.0039486, 0.00021123, 0.00394969,buy
2012-01-16,0,1,0,1,1,0,2,0,1,0,0,1,0,0,0,1,0,0,-0.00107776, 0.00238175, 0.0023705,-0.00096379, 0.00212817,buy
2012-01-17,0,1,0,1,0,0,2,1,0,0,0,1,0,0,0,1,0,0, 0.00079907, 0.00013262,-0.0002255,-0.00046926,-0.00005286,sell
2012-01-18,0,1,0,0,0,0,1,1,0,1,0,1,0,0,0,0,0,0, 0.00059356, 0.00023628,-0.0000529, 0.00002394, 0.00045184,buy
2012-01-19,0,1,0,1,0,0,1,1,0,1,0,1,0,0,0,1,0,0, 0.00141662, 0.00069032, 0.0012147, 0.00141008, 0.00085525,buy
2012-01-20,0,1,0,1,0,0,0,1,0,1,0,1,0,0,0,1,0,0, 0.00166873, 0.00119292, 0.0020963, 0.00163702, 0.00157439,buy
2012-01-21,0,1,0,1,1,0,0,1,0,1,0,1,0,0,0,1,0,0, 0.00296468, 0.00304629, 0.0032426, 0.00326750, 0.00313932,buy
2012-01-22,0,1,0,1,1,0,0,1,0,1,0,1,0,0,0,1,0,0, 0.00296468, 0.00304629, 0.0032426, 0.00326750, 0.00313932,buy
2012-01-23,0,1,0,1,1,0,0,1,0,1,0,1,0,0,0,1,1,0, 0.00240680, 0.00343280, 0.0008186, 0.00137806, 0.00122755,buy
2012-01-24,0,1,0,1,1,0,0,0,0,0,0,1,0,0,0,1,1,0, 0.00108031, 0.00104779, 0.0004641, 0.00085605,-0.00115979,buy
2012-01-25,0,1,1,1,1,1,0,1,0,1,0,2,0,0,0,1,1,0,-0.00046002, 0.00279044, 0.0013854, 0.00347262, 0.00295695,buy
2012-01-26,0,0,1,0,0,1,0,1,0,1,0,2,0,0,0,1,1,0,-0.00169470,-0.00107213,-0.0018379, 0.00033076,-0.00050997,sell
2012-01-27,0,1,1,1,0,1,0,1,0,1,0,2,0,0,0,1,1,0,-0.00133199, 0.00035970,-0.0007627, 0.00387511, 0.00345732,buy
2012-01-28,0,1,1,1,0,1,0,1,0,1,0,2,0,0,0,1,1,0,-0.00133199, 0.00035970,-0.0007627, 0.00387511, 0.00345732,buy
2012-01-29,0,1,1,1,0,2,0,1,0,1,0,1,0,0,0,1,1,0,-0.00256843,-0.00161149,-0.0032567,-0.00048350,-0.00048350,sell
2012-01-30,0,1,1,1,0,3,0,0,0,1,0,0,0,0,0,1,1,0,-0.00352473,-0.00160956,-0.0037481,-0.00204854,-0.00304052,sell
2012-01-31,0,1,1,1,0,3,0,0,0,2,0,0,0,0,0,0,1,0,-0.00382690,-0.00381524,-0.0037779,-0.00334979,-0.00382690,sell
2012-02-01,0,0,0,0,0,2,0,0,0,1,0,0,1,0,0,0,1,0,-0.00061264,-0.00061264,-0.0006731,-0.00084390,-0.00050407,sell
2012-02-02,0,0,0,0,0,2,0,0,0,1,0,0,1,0,0,0,1,0,-0.00061264,-0.00061264,-0.0006731,-0.00084390,-0.00050407,sell
2012-02-03,0,0,0,0,0,2,0,0,0,1,0,0,1,0,1,0,1,0, 0.00049045, 0.00049045, 0.0005265, 0.00124866, 0.00032704,buy
2012-02-04,0,0,0,0,0,1,0,0,0,0,0,0,1,0,1,0,1,0,-0.00030201,-0.00039781,-0.0000661,-0.00166261,-0.00030201,sell
2012-02-05,0,0,0,0,0,1,0,1,0,0,1,0,1,0,2,0,1,0,-0.00008315,-0.00133815,-0.0008150,-0.00079252,-0.00077106,sell
2012-02-06,0,0,0,0,0,0,0,1,0,0,1,0,1,0,3,0,0,0,-0.00126447, 0.00090345, 0.0009433, 0.00017256,-0.00093977,sell
2012-02-07,2,0,0,0,1,0,0,1,0,0,1,0,1,0,3,0,0,0, 0.00202116, 0.00227880, 0.0032407, 0.00151498, 0.00238712,buy
2012-02-08,2,0,0,1,2,0,0,1,1,0,1,0,1,0,3,0,0,0, 0.00315164, 0.00274358, 0.0036941, 0.00297954, 0.00310784,buy
2012-02-09,2,0,0,1,2,0,0,1,1,0,1,0,1,0,2,0,0,0, 0.00327049, 0.00233609, 0.0032383, 0.00323951, 0.00338678,buy
2012-02-10,2,0,0,1,2,0,0,1,2,0,1,0,1,0,1,0,0,0, 0.00382938, 0.00328038, 0.0038743, 0.00511383, 0.00502810,buy
2012-02-11,3,0,0,1,1,0,0,1,2,0,0,0,1,0,1,0,0,0, 0.00318874, 0.00188234, 0.0033299, 0.00380775, 0.00438437,buy
2012-02-12,2,0,0,1,1,0,1,0,2,0,1,0,1,0,1,0,0,0, 0.00194565,-0.00109356, 0.0019576, 0.00224592, 0.00217250,buy
2012-02-13,2,0,0,1,0,0,1,0,1,1,1,0,1,0,1,1,0,0, 0.00210237, 0.00361419, 0.0017077,-0.00022171, 0.00145491,buy
2012-02-14,2,0,0,2,0,0,1,0,1,1,1,0,1,0,0,1,0,0, 0.00187156, 0.00255076, 0.0017929, 0.00178184, 0.00273151,buy
2012-02-15,2,0,0,1,0,0,2,0,1,1,2,0,1,0,0,1,0,0, 0.00392289, 0.00375767, 0.0039229, 0.00071548, 0.00361333,buy
2012-02-16,2,0,0,1,0,0,2,0,1,1,1,0,1,0,0,1,0,0, 0.00325271, 0.00453151, 0.0031330, 0.00197790, 0.00405647,buy
2012-02-17,1,1,0,1,0,0,1,0,0,2,1,0,1,0,0,1,0,0, 0.00290363, 0.00204448, 0.0022835,-0.00004781, 0.00274328,buy
2012-02-18,1,1,0,1,0,0,1,0,0,2,1,0,1,0,0,1,0,0, 0.00290363, 0.00204448, 0.0022835,-0.00004781, 0.00274328,buy
2012-02-19,1,1,0,0,0,0,2,0,0,1,1,0,1,0,0,1,0,1, 0.00422873, 0.00342639, 0.0034764, 0.00395048, 0.00383719,buy
2012-02-20,1,1,0,0,0,0,2,0,0,1,1,1,1,0,0,1,0,1, 0.00430333, 0.00341796, 0.0034611, 0.00385997, 0.00362700,buy
2012-02-21,1,1,0,1,1,1,2,0,0,0,1,1,1,0,0,1,0,1, 0.00230577, 0.00284528, 0.0044529, 0.00264132, 0.00263324,buy
2012-02-22,0,0,0,1,1,1,2,0,0,0,0,1,1,0,0,1,0,1, 0.00097205, 0.00244243, 0.0027057, 0.00275195, 0.00274142,buy
2012-02-23,0,0,1,1,1,1,2,0,0,0,0,1,1,0,0,1,0,1, 0.00136690, 0.00243607, 0.0026383, 0.00293060, 0.00281903,buy
2012-02-24,0,0,1,1,1,1,1,0,0,0,0,0,1,0,0,1,0,1,-0.00136618, 0.00107035, 0.0003647, 0.00023315,-0.00029194,buy
2012-02-25,0,0,1,1,1,1,0,0,0,1,0,0,1,0,0,1,0,1, 0.00233401, 0.00280130, 0.0028013, 0.00280130, 0.00050616,buy
2012-02-26,0,0,1,1,0,0,0,0,0,1,0,0,1,0,0,0,0,1, 0.00376653, 0.00562930, 0.0035869, 0.00360116,-0.00194012,buy
2012-02-27,0,0,1,1,0,0,0,0,0,1,0,0,1,0,0,0,0,1, 0.00376653, 0.00562930, 0.0035869, 0.00360116,-0.00194012,buy
2012-02-28,0,0,0,1,0,0,0,0,0,1,1,0,1,0,0,0,0,1,-0.00066957, 0.00428191,-0.0012871,-0.00009370,-0.00356598,sell
2012-02-29,0,0,0,1,0,0,0,0,0,1,1,0,1,0,0,0,0,1,-0.00066957, 0.00428191,-0.0012871,-0.00009370,-0.00356598,sell
2012-03-01,0,1,0,0,0,1,0,1,0,1,1,2,1,0,1,0,0,1, 0.00324163,-0.00014119, 0.0029431, 0.00308621, 0.00264770,buy
2012-03-02,0,1,0,0,0,2,0,1,0,1,1,2,1,0,1,0,0,0, 0.00416890, 0.00060057, 0.0041535, 0.00291526, 0.00640740,buy
2012-03-03,0,1,0,0,0,2,0,2,0,0,1,2,1,0,1,0,0,0, 0.00177475, 0.00128931, 0.0018680, 0.00182563, 0.00222776,buy
2012-03-04,0,1,0,0,0,2,0,2,0,0,1,2,1,0,1,0,0,0, 0.00177475, 0.00128931, 0.0018680, 0.00182563, 0.00222776,buy
2012-03-05,0,1,0,0,0,2,0,2,0,0,0,2,1,0,1,1,0,0, 0.00093864, 0.00173587, 0.0000479,-0.00022689, 0.00134385,buy
2012-03-06,0,1,0,0,0,2,0,2,0,0,0,2,1,0,1,1,0,0, 0.00093864, 0.00173587, 0.0000479,-0.00022689, 0.00134385,buy
2012-03-07,0,1,0,1,0,0,0,1,0,0,0,2,1,0,1,1,0,1,-0.00160790,-0.00023391,-0.0013781,-0.00023391, 0.00009081,sell
2012-03-08,0,1,0,1,0,0,0,1,0,0,0,0,1,0,1,1,0,1,-0.00061249, 0.00266791,-0.0003110, 0.00258025, 0.00159450,buy
2012-03-09,0,1,1,1,0,0,0,1,0,1,0,0,1,0,1,1,0,1, 0.00458690, 0.00565598, 0.0045869, 0.00559354, 0.00557742,buy
2012-03-10,0,1,1,1,0,0,0,0,0,1,0,0,1,0,1,1,0,1, 0.00554657, 0.00653984, 0.0057417, 0.00580110, 0.00473750,buy
2012-03-11,0,1,2,1,0,0,0,0,1,1,0,0,1,0,1,1,0,1, 0.00492344, 0.00535158, 0.0042563, 0.00402025, 0.00419883,buy
2012-03-12,0,0,2,1,1,0,0,0,1,1,0,0,1,0,1,0,0,1, 0.00569498, 0.00578213, 0.0057821, 0.00506087, 0.00458088,buy
2012-03-13,0,0,2,1,1,0,0,0,1,1,0,0,1,0,1,0,0,1, 0.00569498, 0.00578213, 0.0057821, 0.00506087, 0.00458088,buy
2012-03-14,0,0,2,1,1,0,0,0,1,1,0,0,1,0,1,0,0,1, 0.00569498, 0.00578213, 0.0057821, 0.00506087, 0.00458088,buy
2012-03-15,0,0,2,0,1,0,0,0,1,0,1,0,1,0,1,0,0,0, 0.00273088, 0.00358336, 0.0021585, 0.00386356, 0.00276778,buy
2012-03-16,0,0,2,0,1,0,0,0,1,0,1,0,1,0,1,0,0,0, 0.00273088, 0.00358336, 0.0021585, 0.00386356, 0.00276778,buy
2012-03-17,0,0,2,0,0,0,0,0,0,0,1,0,1,0,1,0,0,0, 0.00146216, 0.00227179, 0.0014622, 0.00165490, 0.00152479,buy
2012-03-18,0,0,2,0,0,0,0,2,0,0,1,0,1,0,1,0,0,0,-0.00327121,-0.00180018,-0.0023203,-0.00225393,-0.00340250,sell
2012-03-19,0,0,0,0,0,0,0,2,0,0,1,0,2,0,1,0,1,0,-0.00102741,-0.00186763,-0.0011892,-0.00126041,-0.00207691,sell
2012-03-20,0,0,0,0,0,0,0,2,0,0,1,0,2,0,3,0,1,0, 0.00001039,-0.00109220,-0.0029800,-0.00107100,-0.00203754,sell
2012-03-21,0,0,0,0,0,0,0,2,0,0,1,0,2,0,3,0,1,0, 0.00001039,-0.00109220,-0.0029800,-0.00107100,-0.00203754,sell
2012-03-22,0,0,0,0,0,0,0,2,0,0,1,0,2,0,3,0,1,0, 0.00001039,-0.00109220,-0.0029800,-0.00107100,-0.00203754,sell
2012-03-23,0,0,0,0,1,0,0,2,0,0,1,0,2,0,3,0,0,0,-0.00187757,-0.00201790,-0.0028856,-0.00201790,-0.00352060,sell
2012-03-24,0,0,1,0,1,0,0,2,0,0,1,0,1,0,2,0,0,0,-0.00161013,-0.00113147,-0.0011315,-0.00113147,-0.00119616,sell
2012-03-25,0,1,1,0,1,0,0,1,0,1,1,0,1,0,2,0,0,0,-0.00002866, 0.00066835,-0.0000973,-0.00015090,-0.00059322,buy
2012-03-26,0,2,1,0,1,0,0,0,0,2,1,0,1,0,2,0,0,0, 0.00244397, 0.00265663, 0.0020698, 0.00214375, 0.00214375,buy
2012-03-27,0,2,1,0,1,0,0,0,0,2,1,0,1,0,1,0,0,1, 0.00052874, 0.00082701,-0.0011309,-0.00101885,-0.00107639,sell
2012-03-28,0,2,1,0,1,0,0,0,0,2,2,0,1,0,1,0,0,1,-0.00087669,-0.00076267,-0.0016139,-0.00161390,-0.00151604,sell
2012-03-29,0,2,1,0,0,0,0,0,0,2,2,0,1,0,1,0,0,1,-0.00206018,-0.00206018,-0.0024238,-0.00244841,-0.00242376,sell
2012-03-30,0,2,1,1,0,0,0,0,0,2,2,0,1,0,0,0,0,1,-0.00371276,-0.00350009,-0.0038827,-0.00383411,-0.00409537,sell
2012-03-31,0,2,0,1,0,0,0,0,0,2,2,0,1,0,0,0,0,1,-0.00423606,-0.00417614,-0.0040492,-0.00460307,-0.00398512,sell
2012-04-01,0,2,0,1,0,0,0,0,0,2,2,0,1,0,0,0,0,0,-0.00229955,-0.00356063,-0.0030488,-0.00260457,-0.00282399,sell
2012-04-02,0,2,0,1,0,0,0,1,0,0,1,0,1,0,0,0,0,0, 0.00238014, 0.00351133, 0.0030791, 0.00357623, 0.00402754,buy
2012-04-03,0,1,0,1,0,0,1,1,0,0,1,0,1,0,0,0,0,0,-0.00195390,-0.00113618, 0.0047578,-0.00136063, 0.00443434,sell
2012-04-04,0,1,0,1,0,0,1,1,0,0,0,0,1,0,0,0,0,0, 0.00182611, 0.00173338, 0.0046453, 0.00206381, 0.00412701,buy
2012-04-05,0,0,0,1,0,2,1,1,0,0,1,0,1,0,0,0,0,0,-0.00344355,-0.00065478,-0.0022100,-0.00207209,-0.00060040,sell
2012-04-06,0,0,0,1,0,2,1,1,0,0,1,0,1,0,0,1,0,0,-0.00387810,-0.00089821,-0.0029327,-0.00291143,-0.00095854,sell
2012-04-07,0,0,0,1,0,2,1,1,0,0,1,0,1,0,0,1,0,0,-0.00387810,-0.00089821,-0.0029327,-0.00291143,-0.00095854,sell
2012-04-08,0,0,0,0,0,2,1,1,0,0,1,0,1,0,0,1,0,0,-0.00677074,-0.00211464,-0.0055667,-0.00465886,-0.00207332,sell
2012-04-09,0,0,0,0,0,2,1,1,0,0,1,0,1,0,0,1,0,0,-0.00677074,-0.00211464,-0.0055667,-0.00465886,-0.00207332,sell
2012-04-10,0,0,0,0,0,2,0,0,0,0,1,0,1,0,0,1,0,0,-0.00539370, 0.00077122,-0.0025302,-0.00243484, 0.00077169,sell
2012-04-11,0,0,0,0,0,2,0,0,1,0,1,0,1,0,0,1,0,0,-0.00582541, 0.00027914,-0.0043894,-0.00335002,-0.00075229,sell
2012-04-12,0,0,0,0,0,0,0,0,1,0,1,1,1,0,0,1,0,0, 0.00093036, 0.00170847, 0.0002362, 0.00092658, 0.00127112,buy
2012-04-13,0,0,0,0,0,0,0,0,1,0,1,2,1,0,0,1,0,0, 0.00045046, 0.00154366, 0.0002362, 0.00044669, 0.00096183,buy
2012-04-14,0,0,0,0,0,0,0,0,1,0,1,2,1,1,0,0,0,0, 0.00411128, 0.00572508,-0.0006786, 0.00600827, 0.00671161,buy
2012-04-15,0,0,1,0,0,0,0,0,1,0,1,2,1,1,0,0,0,0, 0.00183510, 0.00082701,-0.0006758, 0.00138465, 0.00385323,buy
2012-04-16,0,1,1,0,0,0,0,1,1,0,0,2,1,1,0,0,0,0, 0.00333923, 0.00015087,-0.0005177, 0.00075154, 0.00336143,buy
2012-04-17,0,1,1,0,1,0,0,1,1,0,0,2,1,1,0,0,0,0, 0.00122102,-0.00035270, 0.0003243, 0.00320410, 0.00480398,buy
2012-04-18,0,1,1,0,1,0,0,1,1,0,0,2,1,1,0,0,0,0, 0.00122102,-0.00035270, 0.0003243, 0.00320410, 0.00480398,buy
2012-04-19,1,1,1,0,1,0,0,2,0,0,0,2,1,1,1,0,0,0, 0.00054950, 0.00039851, 0.0017139, 0.00160890, 0.00167838,buy
2012-04-20,1,1,1,0,2,0,0,2,0,0,0,1,1,1,1,0,0,0,-0.00008922, 0.00077917, 0.0008937, 0.00162412, 0.00088527,buy
2012-04-21,1,1,1,0,2,0,0,2,0,0,0,0,1,1,1,0,0,0, 0.00051182, 0.00134756, 0.0013476, 0.00166251, 0.00076921,buy
2012-04-22,1,1,1,1,2,0,0,2,0,0,0,0,1,1,1,1,0,0, 0.00313694, 0.00303070, 0.0029954, 0.00312051, 0.00215653,buy
2012-04-23,1,1,1,1,2,0,0,1,0,1,0,0,1,0,1,1,0,0,-0.00027620,-0.00192249,-0.0008421, 0.00102036,-0.00084207,sell
2012-04-24,1,1,0,1,1,0,0,1,0,1,0,0,1,0,1,1,0,0,-0.00158901,-0.00134098,-0.0014043, 0.00121227,-0.00188064,sell
2012-04-25,1,1,0,1,1,0,0,1,0,1,0,0,0,0,1,1,0,0, 0.00030037, 0.00027311, 0.0005509, 0.00156216, 0.00000400,buy
2012-04-26,1,0,0,1,1,0,0,0,1,1,0,0,0,0,1,1,0,0, 0.00034702, 0.00205589, 0.0006931, 0.00023200, 0.00025679,buy
2012-04-27,1,0,0,1,1,0,0,0,1,1,0,0,0,0,0,1,0,0,-0.00118435,-0.00202583,-0.0023405,-0.00215783,-0.00230373,sell
2012-04-28,1,0,0,1,0,0,0,0,1,0,0,0,0,0,0,1,0,0,-0.00127327, 0.00000640,-0.0012733,-0.00005364,-0.00042812,sell
2012-04-29,1,0,0,1,0,0,1,0,1,0,0,0,0,0,0,1,0,0,-0.00171852, 0.00351654, 0.0010379, 0.00342071,-0.00171852,buy
2012-04-30,1,0,0,1,0,0,1,0,1,0,0,0,0,0,0,0,0,0,-0.00352969, 0.00059202,-0.0033983, 0.00119604,-0.00359530,sell
2012-05-01,1,0,0,2,0,1,1,0,1,0,0,0,0,0,0,0,0,1,-0.00066670,-0.00045676,-0.0003780,-0.00012497, 0.00082493,sell
2012-05-02,1,0,0,2,0,1,1,0,1,0,0,0,0,0,0,0,0,1,-0.00066670,-0.00045676,-0.0003780,-0.00012497, 0.00082493,sell
2012-05-03,1,0,0,2,0,1,1,0,0,0,0,1,0,0,0,0,0,1,-0.00053017, 0.00066241,-0.0006363,-0.00095987,-0.00001140,sell
2012-05-04,0,0,0,2,0,1,0,0,0,0,1,1,0,0,0,0,0,1, 0.00033613, 0.00261464,-0.0000390, 0.00069458,-0.00065701,buy
2012-05-05,0,0,0,2,0,1,0,0,0,0,1,1,0,0,0,0,0,1, 0.00033613, 0.00261464,-0.0000390, 0.00069458,-0.00065701,buy
2012-05-06,0,0,0,1,0,0,0,0,0,0,1,1,0,0,0,0,0,1,-0.00173876,-0.00246791,-0.0017900,-0.00055880,-0.00113217,sell
2012-05-07,0,0,0,1,0,0,0,0,0,0,1,1,0,0,0,0,0,0,-0.00230125,-0.00114077,-0.0028822,-0.00056628,-0.00230125,sell
2012-05-08,0,0,1,1,0,0,0,0,0,0,1,1,0,0,0,0,0,0,-0.00119910,-0.00153999,-0.0015231, 0.00002051,-0.00032580,sell
2012-05-09,0,0,1,1,0,0,0,1,0,0,1,0,0,0,1,0,0,0, 0.00248984, 0.00031117, 0.0008966, 0.00070499, 0.00059103,buy
2012-05-10,0,0,1,1,0,0,0,1,0,0,1,0,0,1,1,0,0,0, 0.00084027, 0.00105393, 0.0015399, 0.00269011, 0.00079357,buy
2012-05-11,0,0,1,1,0,0,0,1,0,1,2,0,0,1,1,1,0,0,-0.00097207,-0.00117186, 0.0005405, 0.00055746,-0.00013923,sell
2012-05-12,0,0,1,1,1,0,0,1,1,1,2,0,0,1,1,1,1,0, 0.00078955,-0.00011836, 0.0013063, 0.00101673, 0.00080491,buy
2012-05-13,0,0,1,1,1,0,0,0,1,1,2,0,0,1,1,1,1,0, 0.00106267, 0.00023059, 0.0015981, 0.00112592, 0.00112592,buy
2012-05-14,1,0,1,1,1,0,0,0,1,1,2,0,0,1,1,1,1,0, 0.00073029,-0.00093480, 0.0019438, 0.00126854, 0.00080293,buy
2012-05-15,1,0,1,1,1,0,0,0,1,1,2,0,0,1,1,0,1,0, 0.00034909,-0.00030551, 0.0015399, 0.00088463, 0.00036047,buy
2012-05-16,1,0,1,1,0,0,0,0,0,1,2,0,0,1,0,0,0,0,-0.00070991,-0.00037912, 0.0036402, 0.00209502,-0.00024013,buy
2012-05-17,1,0,1,1,0,0,0,0,0,1,2,0,0,1,0,0,0,0,-0.00070991,-0.00037912, 0.0036402, 0.00209502,-0.00024013,buy
2012-05-18,1,0,1,1,0,0,0,0,0,0,1,0,0,0,0,0,0,0,-0.00313630,-0.00264264,-0.0027083, 0.00075988, 0.00051785,sell
2012-05-19,1,0,1,1,0,0,0,0,0,0,1,0,0,0,1,0,0,0,-0.00223619,-0.00318460,-0.0032058, 0.00111440, 0.00002780,sell
2012-05-20,0,0,1,1,0,0,0,1,0,1,2,0,0,0,1,0,0,1,-0.00010277,-0.00123827,-0.0027103,-0.00068411,-0.00333386,sell
2012-05-21,0,0,1,1,0,0,0,1,0,1,2,0,0,0,1,0,0,1,-0.00010277,-0.00123827,-0.0027103,-0.00068411,-0.00333386,sell
2012-05-22,0,0,1,1,0,0,0,1,0,1,2,0,0,0,1,0,0,1,-0.00010277,-0.00123827,-0.0027103,-0.00068411,-0.00333386,sell
2012-05-23,0,0,1,1,0,0,0,1,0,1,1,0,0,0,0,0,0,0, 0.00039071,-0.00068841, 0.0013764,-0.00185692, 0.00028355,sell
2012-05-24,0,0,1,0,0,0,0,2,0,0,1,0,1,0,0,0,0,0,-0.00182464,-0.00034282,-0.0016039,-0.00195147,-0.00195147,sell
2012-05-25,0,0,0,0,0,0,0,2,0,0,1,0,1,0,0,1,0,0, 0.00115124, 0.00179502, 0.0006052, 0.00179502, 0.00141667,buy
2012-05-26,0,1,0,0,0,0,0,2,1,0,1,1,1,0,0,2,0,0,-0.00240710,-0.00240710,-0.0024899,-0.00273110,-0.00181634,sell
2012-05-27,0,1,0,0,0,0,0,2,2,0,1,2,1,0,0,2,0,0,-0.00170912,-0.00177536,-0.0018793,-0.00182359,-0.00140987,sell
2012-05-28,0,1,0,0,0,0,0,0,2,0,1,2,1,0,0,2,0,0,-0.00055129,-0.00091941,-0.0007111,-0.00046475,-0.00124237,sell
2012-05-29,0,1,0,0,0,1,0,0,2,0,1,2,1,0,0,2,0,0,-0.00144675,-0.00198178,-0.0017380,-0.00217909,-0.00185368,sell
2012-05-30,0,1,0,0,0,1,0,0,1,0,0,1,1,0,0,1,0,0,-0.00267910,-0.00246183,-0.0029789,-0.00277502,-0.00026031,sell
2012-05-31,0,1,0,0,0,1,0,0,1,0,0,1,0,0,0,1,1,0,-0.00308223,-0.00352120, 0.0008089,-0.00060365,-0.00329266,sell
2012-06-01,0,2,0,0,0,1,0,0,1,0,0,1,0,0,0,0,1,0,-0.00372069,-0.00404019,-0.0020913,-0.00318596,-0.00404019,sell
2012-06-02,0,1,0,0,0,2,0,0,1,0,1,0,0,0,0,0,1,0,-0.00449632,-0.00595561,-0.0042579,-0.00530850,-0.00467744,sell
2012-06-03,0,1,0,0,0,2,0,0,0,0,1,0,1,0,0,0,1,0,-0.00114638,-0.00064396,-0.0003472,-0.00083262,-0.00022867,sell
2012-06-04,0,1,0,0,0,2,0,0,0,0,1,0,1,0,0,0,0,0,-0.00291281,-0.00192579,-0.0015396,-0.00203990,-0.00037484,sell
2012-06-05,0,1,0,1,0,2,0,0,0,0,1,0,1,0,0,0,0,0,-0.00058897, 0.00049931, 0.0009084, 0.00050657, 0.00080313,buy
2012-06-06,0,0,0,1,0,2,0,0,0,0,0,0,1,0,0,0,0,0,-0.00147814, 0.00393798, 0.0023843, 0.00247538, 0.00275091,buy
2012-06-07,0,0,0,1,0,2,1,0,0,0,0,0,1,0,0,0,0,0,-0.00062520, 0.00360967, 0.0032448, 0.00290600, 0.00336635,buy
2012-06-08,0,0,0,1,0,1,1,0,0,0,0,0,1,0,0,0,0,0, 0.00225529, 0.00325705, 0.0035552, 0.00401347, 0.00325705,buy
2012-06-09,0,0,0,0,0,1,1,0,0,1,0,0,0,0,0,0,0,0,-0.00000020,-0.00004519, 0.0004782,-0.00004573,-0.00011937,buy
2012-06-10,0,0,0,0,0,1,1,0,0,1,1,0,0,0,0,1,0,0, 0.00028593,-0.00105633,-0.0009780,-0.00096922, 0.00060977,sell
2012-06-11,1,0,0,0,0,1,0,0,0,1,1,0,0,0,0,1,0,0, 0.00173910, 0.00071319,-0.0007205,-0.00144078,-0.00051829,sell
2012-06-12,1,0,0,0,0,1,0,0,1,1,1,0,0,0,0,1,0,1,-0.00056331,-0.00091692,-0.0019234,-0.00056331,-0.00166327,sell
2012-06-13,1,1,0,0,0,1,0,0,1,1,1,0,0,0,0,2,0,1,-0.00019002,-0.00010773,-0.0018900,-0.00001585,-0.00073046,sell
2012-06-14,1,1,1,0,0,1,0,0,1,1,1,1,0,0,0,1,0,1, 0.00009358, 0.00070515,-0.0004413, 0.00009358,-0.00025564,buy
2012-06-15,1,1,1,0,0,0,0,1,1,0,1,1,0,0,0,1,0,0,-0.00216035,-0.00060425,-0.0019595,-0.00053243, 0.00095428,sell
2012-06-16,0,1,1,0,0,0,0,1,1,0,1,1,0,0,0,1,0,0,-0.00225686,-0.00245475,-0.0015633,-0.00172044,-0.00197199,sell
2012-06-17,0,1,1,0,0,0,0,1,1,0,0,1,0,0,0,1,0,0,-0.00212893,-0.00119185, 0.0017235,-0.00086128, 0.00268210,sell
2012-06-18,0,1,1,0,0,1,0,1,1,0,0,2,0,0,0,1,0,0,-0.00113924,-0.00099955, 0.0002217,-0.00113663,-0.00075111,sell
2012-06-19,0,1,0,1,0,1,0,1,1,0,0,2,0,0,0,1,1,0, 0.00222481,-0.00066026, 0.0004220, 0.00308076, 0.00112350,buy
2012-06-20,0,1,0,1,0,1,0,0,1,0,0,2,0,0,0,1,1,0, 0.00188929,-0.00089449, 0.0010875, 0.00330253, 0.00105170,buy
2012-06-21,0,1,0,1,0,1,1,0,1,0,0,2,0,0,0,1,1,0, 0.00348412, 0.00131053, 0.0024055, 0.00349843, 0.00336188,buy
2012-06-22,0,1,0,1,0,1,1,0,1,0,0,2,0,0,0,1,1,0, 0.00348412, 0.00131053, 0.0024055, 0.00349843, 0.00336188,buy
2012-06-23,0,2,0,1,0,1,1,0,1,0,0,1,0,0,0,1,0,0,-0.00113560,-0.00150500,-0.0015030,-0.00101735,-0.00110173,sell
2012-06-24,0,2,0,1,0,1,1,0,1,0,0,1,0,0,0,1,0,0,-0.00113560,-0.00150500,-0.0015030,-0.00101735,-0.00110173,sell
2012-06-25,0,1,0,1,0,0,1,0,1,1,0,1,0,1,0,1,0,0, 0.00019126,-0.00053046, 0.0002266,-0.00057827, 0.00008987,sell
2012-06-26,0,1,0,2,0,0,2,0,1,1,0,1,0,1,0,2,0,0,-0.00430510,-0.00452965,-0.0038525,-0.00474707,-0.00385251,sell
2012-06-27,0,1,1,2,0,0,2,0,1,1,0,1,0,1,0,2,0,0,-0.00300142,-0.00332931,-0.0026616,-0.00340008,-0.00266158,sell
2012-06-28,0,1,1,1,0,0,1,0,1,1,0,1,0,1,0,2,0,0,-0.00049519,-0.00132474,-0.0005530,-0.00101752,-0.00067233,sell
2012-06-29,0,1,1,1,0,0,1,0,1,1,0,1,0,1,0,2,0,0,-0.00049519,-0.00132474,-0.0005530,-0.00101752,-0.00067233,sell
2012-06-30,0,1,1,1,0,0,1,0,2,1,0,1,0,1,0,2,0,1, 0.00106422, 0.00045084, 0.0009868, 0.00033518,-0.00060695,buy
2012-07-01,0,1,1,1,0,0,1,0,2,1,0,1,0,1,1,2,0,1, 0.00085618, 0.00040173, 0.0009106, 0.00095858,-0.00106242,buy
2012-07-02,0,0,1,1,0,0,0,0,2,1,0,1,0,1,1,2,0,1, 0.00229902, 0.00157956, 0.0015018, 0.00186793,-0.00033089,buy
2012-07-03,0,0,1,1,0,0,0,0,2,1,0,1,0,0,1,2,0,1, 0.00208024, 0.00030493, 0.0007778, 0.00195175, 0.00002748,buy
2012-07-04,0,0,1,0,0,0,0,0,2,0,0,1,0,0,1,1,0,1,-0.00036310, 0.00086988, 0.0001546, 0.00015206,-0.00032453,buy
2012-07-05,0,0,1,0,0,0,0,0,2,0,0,1,0,0,1,1,0,1,-0.00036310, 0.00086988, 0.0001546, 0.00015206,-0.00032453,buy
2012-07-06,0,0,1,0,0,0,0,1,2,0,0,1,0,0,1,1,0,1,-0.00048144,-0.00014889,-0.0004658,-0.00001730,-0.00048017,sell
2012-07-07,0,0,1,0,0,0,0,1,2,0,0,1,0,0,1,1,0,1,-0.00048144,-0.00014889,-0.0004658,-0.00001730,-0.00048017,sell
2012-07-08,0,0,1,0,0,0,0,1,2,0,0,1,0,0,1,1,0,1,-0.00048144,-0.00014889,-0.0004658,-0.00001730,-0.00048017,sell
2012-07-09,1,0,1,0,0,0,0,1,1,0,0,1,0,0,1,1,0,1,-0.00118597,-0.00146062,-0.0017935,-0.00022629,-0.00083350,sell
2012-07-10,1,0,1,0,0,0,0,1,1,0,0,1,0,0,1,1,0,1,-0.00118597,-0.00146062,-0.0017935,-0.00022629,-0.00083350,sell
2012-07-11,1,0,1,0,0,0,0,1,1,0,0,2,0,0,0,1,0,1,-0.00051197,-0.00072142,-0.0007872,-0.00006732,-0.00039047,sell
2012-07-12,1,0,1,0,0,0,0,1,0,0,0,1,0,0,0,1,0,1,-0.00049157,-0.00012692,-0.0006658,-0.00023509,-0.00071398,sell
2012-07-13,1,0,1,0,0,0,0,0,0,0,0,1,0,0,0,0,0,1,-0.00124740,-0.00020475,-0.0019951,-0.00116110,-0.00201254,sell
2012-07-14,1,0,1,0,0,0,0,0,0,0,0,1,0,0,0,0,0,1,-0.00124740,-0.00020475,-0.0019951,-0.00116110,-0.00201254,sell
2012-07-15,1,0,1,0,0,0,0,0,0,0,0,1,0,0,0,0,0,1,-0.00124740,-0.00020475,-0.0019951,-0.00116110,-0.00201254,sell
2012-07-16,1,0,1,0,0,0,0,0,0,0,0,1,0,0,0,0,0,1,-0.00124740,-0.00020475,-0.0019951,-0.00116110,-0.00201254,sell
2012-07-17,1,0,1,0,0,0,0,0,0,0,0,1,0,0,0,0,0,1,-0.00124740,-0.00020475,-0.0019951,-0.00116110,-0.00201254,sell
2012-07-18,1,1,0,0,0,0,0,0,0,0,0,1,0,0,0,0,0,1,-0.00225141,-0.00060303,-0.0008772,-0.00190659,-0.00073626,sell
2012-07-19,1,1,0,0,0,1,0,0,0,0,0,0,1,0,0,0,0,1,-0.00314708,-0.00298686,-0.0021895,-0.00333933,-0.00035934,sell
2012-07-20,1,1,0,1,0,1,0,0,0,0,0,0,1,0,1,0,0,0,-0.00241123,-0.00145925,-0.0009284,-0.00259520,-0.00002544,sell
2012-07-21,0,1,0,1,0,1,0,0,1,0,0,0,1,0,1,0,0,0,-0.00081793,-0.00231486,-0.0017717,-0.00188048, 0.00028572,sell
2012-07-22,0,1,0,1,0,1,1,0,1,0,0,0,1,0,1,0,0,0,-0.00132859,-0.00197803,-0.0023693,-0.00175271,-0.00166524,sell
2012-07-23,0,1,0,1,0,1,1,0,1,0,0,0,1,0,1,0,0,0,-0.00132859,-0.00197803,-0.0023693,-0.00175271,-0.00166524,sell
2012-07-24,0,1,0,1,0,1,1,0,1,0,0,0,1,0,1,0,0,0,-0.00132859,-0.00197803,-0.0023693,-0.00175271,-0.00166524,sell
2012-07-25,0,1,0,1,0,0,1,0,1,0,0,0,1,0,1,0,0,0,-0.00035675,-0.00133977,-0.0012028,-0.00151233,-0.00050000,sell
2012-07-26,0,0,0,1,0,0,1,0,1,0,0,0,2,0,1,0,1,0,-0.00114120,-0.00008869,-0.0018251,-0.00107525,-0.00183843,sell
2012-07-27,0,0,0,1,0,0,1,0,2,0,1,0,2,0,1,0,1,0, 0.00032536,-0.00051115, 0.0000037, 0.00032536, 0.00005960,buy
2012-07-28,0,0,0,1,0,0,1,0,2,0,1,0,2,0,2,0,1,0, 0.00032536,-0.00033192, 0.0003254, 0.00032536, 0.00030825,buy
2012-07-29,0,0,0,1,0,0,1,0,2,0,1,0,2,0,2,0,1,0, 0.00032536,-0.00033192, 0.0003254, 0.00032536, 0.00030825,buy
2012-07-30,0,0,0,1,0,0,1,0,2,0,1,0,2,0,1,0,1,0, 0.00032536,-0.00051115, 0.0000037, 0.00032536, 0.00005960,buy
2012-07-31,0,0,0,1,0,0,1,0,2,0,1,0,2,0,1,0,0,0,-0.00030783,-0.00082060,-0.0006046,-0.00074533, 0.00157003,sell
2012-08-01,0,0,0,1,0,0,1,0,1,0,1,0,1,0,1,0,0,0, 0.00027313, 0.00063778, 0.0002273, 0.00050158, 0.00041610,buy
2012-08-02,0,0,0,1,0,0,1,0,1,0,1,0,1,0,1,0,0,0, 0.00027313, 0.00063778, 0.0002273, 0.00050158, 0.00041610,buy
2012-08-03,1,0,0,1,0,0,1,0,0,0,1,0,1,0,1,0,0,0, 0.00215452,-0.00057110,-0.0013084,-0.00083832, 0.00103838,sell
2012-08-04,1,1,0,1,0,0,1,0,0,0,1,0,1,0,0,0,0,0,-0.00696409,-0.00405548,-0.0028547,-0.00456349,-0.00183761,sell
2012-08-05,1,1,0,1,0,0,1,0,0,0,0,0,1,0,0,0,0,0, 0.00101652, 0.00106429, 0.0027546, 0.00138779, 0.00092628,buy
2012-08-06,1,1,0,1,0,0,2,0,0,0,0,0,1,0,0,0,0,1, 0.00086842, 0.00050036, 0.0001904, 0.00060330,-0.00087529,buy
2012-08-07,1,1,0,0,0,0,2,0,0,0,0,0,1,0,0,0,0,1, 0.00098538, 0.00003138,-0.0000894, 0.00025441,-0.00038197,buy
2012-08-08,1,1,0,0,0,0,2,0,0,0,0,0,1,0,0,0,0,1, 0.00098538, 0.00003138,-0.0000894, 0.00025441,-0.00038197,buy
2012-08-09,1,1,0,0,0,0,2,0,0,0,0,0,1,0,0,0,0,1, 0.00098538, 0.00003138,-0.0000894, 0.00025441,-0.00038197,buy
2012-08-10,1,1,0,0,0,0,2,0,0,0,0,0,1,0,0,0,0,1, 0.00098538, 0.00003138,-0.0000894, 0.00025441,-0.00038197,buy
2012-08-11,1,1,0,0,0,0,2,0,0,2,0,0,1,0,0,0,0,1, 0.00385810, 0.00002212, 0.0009355, 0.00049874, 0.00065550,buy
2012-08-12,1,1,0,0,0,1,2,0,0,2,0,0,1,0,0,1,0,1, 0.00160248, 0.00156939, 0.0015694, 0.00135218, 0.00156939,buy
2012-08-13,1,1,0,0,0,1,2,0,0,2,0,0,1,0,0,2,0,1, 0.00118686, 0.00134969, 0.0013497, 0.00120437, 0.00134969,buy
2012-08-14,1,0,0,0,0,1,1,0,0,2,0,1,1,0,0,2,0,1, 0.00186556, 0.00207926, 0.0024858, 0.00144788, 0.00238533,buy
2012-08-15,1,0,0,0,0,1,1,0,1,2,0,1,1,0,0,2,0,1, 0.00246411, 0.00251981, 0.0031410, 0.00196855, 0.00314098,buy
2012-08-16,1,0,0,0,0,1,1,0,1,2,0,1,1,0,1,2,0,1, 0.00315473, 0.00310016, 0.0029863, 0.00177903, 0.00298630,buy
2012-08-17,1,0,0,0,0,1,0,0,1,2,0,1,1,0,1,2,0,1, 0.00341129, 0.00363197, 0.0034694, 0.00167189, 0.00346943,buy
2012-08-18,1,0,0,1,0,1,0,0,1,1,0,1,1,0,1,2,0,1, 0.00091648, 0.00105742, 0.0017092, 0.00156511, 0.00178590,buy
2012-08-19,0,0,0,1,0,1,0,0,1,1,0,1,1,0,1,1,0,1, 0.00000181,-0.00100472, 0.0005273,-0.00113812,-0.00091662,sell
2012-08-20,0,0,0,2,0,1,0,1,1,0,0,1,1,0,1,0,0,1, 0.00082897,-0.00108660,-0.0016972, 0.00003758, 0.00060029,sell
2012-08-21,0,0,0,2,0,1,0,1,0,0,0,0,1,0,1,0,0,1,-0.00120954,-0.00198369,-0.0031924,-0.00101516,-0.00104728,sell
2012-08-22,0,0,0,2,0,1,0,2,0,0,0,0,1,0,0,0,0,1,-0.00283885,-0.00300330,-0.0028943,-0.00343308,-0.00366654,sell
2012-08-23,0,0,0,2,0,1,0,2,0,0,0,0,1,0,0,0,0,1,-0.00283885,-0.00300330,-0.0028943,-0.00343308,-0.00366654,sell
2012-08-24,0,0,0,2,0,1,0,2,0,0,0,0,1,0,0,0,0,1,-0.00283885,-0.00300330,-0.0028943,-0.00343308,-0.00366654,sell
2012-08-25,0,0,0,1,0,1,0,2,0,0,0,0,1,0,0,0,0,1,-0.00266555,-0.00231587,-0.0024866,-0.00388361,-0.00234084,sell
2012-08-26,0,1,0,0,0,1,0,2,1,1,0,0,1,0,0,1,0,1,-0.00035337, 0.00026626, 0.0017398, 0.00058290, 0.00058290,buy
2012-08-27,0,2,0,0,0,1,0,2,1,1,0,0,1,0,1,1,0,1,-0.00209616,-0.00159005,-0.0002415,-0.00056732,-0.00061023,sell
2012-08-28,0,2,0,0,0,1,0,1,1,1,0,1,1,0,1,1,0,1,-0.00145479,-0.00098492,-0.0004340,-0.00033018,-0.00078125,sell
2012-08-29,0,2,0,0,0,1,0,0,1,1,0,1,1,0,1,1,0,0,-0.00192133,-0.00182216,-0.0011664,-0.00149450,-0.00172512,sell
2012-08-30,0,2,0,0,0,1,0,1,1,0,0,1,1,0,1,0,0,0,-0.00088629,-0.00158258,-0.0008413,-0.00193764,-0.00225649,sell
2012-08-31,0,1,0,0,0,0,0,1,1,0,1,2,1,0,1,0,0,0,-0.00121804,-0.00001950,-0.0005256,-0.00040958,-0.00176074,sell
2012-09-01,0,1,0,0,0,0,0,1,1,0,1,1,1,0,1,0,0,0,-0.00138849,-0.00057317,-0.0015091,-0.00146244,-0.00190350,sell
2012-09-02,0,1,0,0,0,0,0,1,1,0,1,1,1,0,1,0,0,0,-0.00138849,-0.00057317,-0.0015091,-0.00146244,-0.00190350,sell
2012-09-03,0,1,1,0,0,1,0,1,1,0,1,1,1,0,1,0,0,0, 0.00481925, 0.00294349, 0.0024999, 0.00274521, 0.00201849,buy
2012-09-04,0,1,1,1,0,1,0,0,1,0,1,1,1,0,1,0,0,0, 0.00224275,-0.00090031, 0.0008520,-0.00069528, 0.00025148,sell
2012-09-05,0,0,1,1,0,1,1,0,1,0,2,1,1,0,1,0,0,0, 0.00099323, 0.00115919, 0.0010026, 0.00085614, 0.00100257,buy
2012-09-06,0,0,1,1,0,1,1,0,1,0,2,1,2,0,1,0,0,0, 0.00070886, 0.00089231, 0.0006470, 0.00083049, 0.00127309,buy
2012-09-07,0,0,1,2,0,1,1,0,0,0,2,0,2,0,0,0,0,0,-0.00093237, 0.00021839,-0.0009169, 0.00047552, 0.00021839,sell
2012-09-08,0,0,1,2,0,0,1,0,0,0,1,0,2,0,0,0,1,0,-0.00189440, 0.00034674,-0.0017247,-0.00204034,-0.00257128,sell
2012-09-09,0,0,1,2,0,0,1,0,0,0,0,0,2,0,0,0,1,0,-0.00156800,-0.00029601,-0.0015680,-0.00214044,-0.00326806,sell
2012-09-10,0,0,0,2,0,0,1,0,1,0,0,0,2,0,1,0,1,0,-0.00226206,-0.00065022,-0.0020843,-0.00211770,-0.00211770,sell
2012-09-11,0,0,0,0,0,0,0,0,1,0,0,0,2,0,1,0,1,0,-0.00133053,-0.00167211,-0.0015709,-0.00162179,-0.00159509,sell
2012-09-12,0,0,0,0,0,0,0,0,1,0,0,0,2,0,1,0,1,0,-0.00133053,-0.00167211,-0.0015709,-0.00162179,-0.00159509,sell
2012-09-13,0,1,0,0,0,0,0,0,1,0,0,1,2,0,1,0,1,0,-0.00061057,-0.00129114,-0.0015475,-0.00107272,-0.00118105,sell
2012-09-14,0,1,0,0,0,0,0,0,1,0,0,1,2,0,1,0,1,0,-0.00061057,-0.00129114,-0.0015475,-0.00107272,-0.00118105,sell
2012-09-15,1,1,0,0,1,0,1,0,1,0,0,1,2,0,1,0,1,0,-0.00037649,-0.00007459,-0.0010025,-0.00055804,-0.00042089,sell
2012-09-16,1,1,0,0,1,0,1,0,0,0,0,1,1,0,0,0,1,0,-0.00122412,-0.00188357,-0.0021574,-0.00154117, 0.00099437,sell
2012-09-17,1,2,0,0,1,0,1,0,0,0,0,2,1,0,0,0,0,0, 0.00226832, 0.00291822,-0.0000847, 0.00239612, 0.00239121,buy
2012-09-18,1,1,0,1,1,0,1,0,0,0,0,1,1,0,0,1,0,0, 0.00104420, 0.00055327, 0.0009093, 0.00007777, 0.00104420,buy
2012-09-19,1,1,0,1,1,0,1,0,0,1,0,1,1,0,0,1,0,0, 0.00065288,-0.00070584, 0.0006263,-0.00058601, 0.00108711,buy
2012-09-20,1,1,0,1,1,1,1,0,0,1,0,1,1,0,0,1,0,0,-0.00034741,-0.00245116, 0.0010679,-0.00213709, 0.00139852,sell
2012-09-21,1,1,0,1,0,1,1,0,0,1,0,1,1,0,0,1,0,0,-0.00023983,-0.00157058,-0.0004352,-0.00149466,-0.00002548,sell
2012-09-22,1,1,0,1,0,1,1,0,0,1,0,1,1,0,0,1,0,0,-0.00023983,-0.00157058,-0.0004352,-0.00149466,-0.00002548,sell
2012-09-23,0,1,0,1,0,1,1,0,0,1,0,1,1,0,0,2,0,0,-0.00047544,-0.00006302,-0.0006770,-0.00039368,-0.00099126,sell
2012-09-24,0,1,1,0,0,1,1,1,0,1,0,1,1,0,0,1,0,0,-0.00029114,-0.00027310,-0.0001841,-0.00010271,-0.00099082,sell
2012-09-25,0,1,1,0,0,1,1,1,0,1,0,0,0,0,0,2,0,0,-0.00131976,-0.00305936,-0.0016734,-0.00219017,-0.00301202,sell
2012-09-26,0,0,1,0,0,1,1,1,0,2,0,0,0,0,0,2,0,0,-0.00033004,-0.00131383,-0.0006913,-0.00086393,-0.00139521,sell
2012-09-27,0,0,1,0,0,1,0,1,0,2,0,0,0,0,0,2,0,0,-0.00056973,-0.00068041,-0.0007024,-0.00077589,-0.00063678,sell
2012-09-28,0,0,1,0,0,1,0,1,0,2,0,0,0,0,0,2,0,0,-0.00056973,-0.00068041,-0.0007024,-0.00077589,-0.00063678,sell
2012-09-29,0,0,0,0,1,1,0,0,0,1,0,0,0,0,0,1,0,0,-0.00545531,-0.00499110,-0.0032991,-0.00395607,-0.00351939,sell
2012-09-30,0,0,0,0,1,2,0,1,0,1,0,1,0,0,0,1,0,0, 0.00038389, 0.00040635, 0.0006495,-0.00384015, 0.00040635,buy
2012-10-01,0,1,0,0,1,2,0,1,0,1,0,1,0,0,0,1,0,0, 0.00095327, 0.00163042, 0.0012857,-0.00378272, 0.00163042,buy
2012-10-02,0,1,0,0,1,2,0,1,0,1,1,1,0,0,0,1,0,0, 0.00128619, 0.00137013, 0.0016737,-0.00163032, 0.00173546,buy
2012-10-03,0,1,0,0,1,2,1,1,0,0,1,1,0,0,0,1,0,1, 0.00302245, 0.00269791, 0.0026111, 0.00269076, 0.00320814,buy
2012-10-04,1,1,0,1,1,1,1,1,0,0,1,1,0,0,0,0,0,1, 0.00191605, 0.00165569, 0.0020177, 0.00204038, 0.00117830,buy
2012-10-05,1,1,0,1,1,1,1,2,0,0,1,1,0,0,0,0,0,1, 0.00130874, 0.00191719, 0.0013087, 0.00130874, 0.00089543,buy
2012-10-06,1,1,1,1,1,1,1,2,1,0,1,0,0,0,1,0,0,1, 0.00482692, 0.00454629, 0.0044903, 0.00352212, 0.00311016,buy
2012-10-07,1,1,1,1,1,1,1,2,1,0,1,0,0,0,2,0,0,1, 0.00313693, 0.00300060, 0.0034087, 0.00224509, 0.00098918,buy
2012-10-08,1,0,1,1,1,0,0,1,1,1,1,0,0,0,2,0,0,1, 0.00165420, 0.00175071,-0.0001158,-0.00092086, 0.00242562,buy
2012-10-09,0,0,1,0,1,0,0,1,1,1,0,0,0,0,2,0,0,1,-0.00092257,-0.00154491,-0.0010683,-0.00110445,-0.00095732,sell
2012-10-10,0,0,1,0,1,0,0,1,1,1,0,0,0,0,2,0,0,1,-0.00092257,-0.00154491,-0.0010683,-0.00110445,-0.00095732,sell
2012-10-11,0,0,1,0,1,0,0,1,1,1,0,0,0,0,2,0,0,1,-0.00092257,-0.00154491,-0.0010683,-0.00110445,-0.00095732,sell
2012-10-12,0,0,1,0,1,0,0,0,0,1,0,0,0,0,0,0,0,1, 0.00122797, 0.00120956, 0.0007922, 0.00099533, 0.00171668,buy
2012-10-13,0,0,0,0,1,0,0,0,0,0,0,0,0,0,0,0,0,1,-0.00148808,-0.00142891,-0.0027854,-0.00017997,-0.00108117,sell
2012-10-14,0,0,1,1,1,0,0,0,0,0,1,0,0,0,0,0,0,1, 0.00171876, 0.00110229, 0.0015820, 0.00171876, 0.00171876,buy
2012-10-15,0,0,1,1,1,0,0,0,0,0,1,0,0,0,0,0,0,1, 0.00171876, 0.00110229, 0.0015820, 0.00171876, 0.00171876,buy
2012-10-16,0,1,1,1,1,0,0,0,0,0,1,0,0,0,0,0,0,1, 0.00218670, 0.00082487, 0.0023933, 0.00153005, 0.00219257,buy
2012-10-17,0,1,1,1,1,0,0,0,0,0,1,0,0,0,0,0,0,1, 0.00218670, 0.00082487, 0.0023933, 0.00153005, 0.00219257,buy
2012-10-18,0,1,1,1,1,0,0,0,0,0,1,0,0,0,0,1,0,1, 0.00301099, 0.00284354, 0.0036513, 0.00281881, 0.00301099,buy
2012-10-19,0,1,1,1,1,0,0,0,1,0,1,0,0,0,0,1,0,1, 0.00262940, 0.00236340, 0.0028862, 0.00263951, 0.00263951,buy
2012-10-20,0,1,0,1,1,0,1,0,1,0,1,0,0,0,0,1,0,1, 0.00120520, 0.00186227, 0.0013196, 0.00170750, 0.00132823,buy
2012-10-21,0,1,0,1,0,0,1,0,1,0,1,0,0,0,0,1,0,1, 0.00068424, 0.00193393, 0.0027445, 0.00193393, 0.00276883,buy
2012-10-22,0,0,0,1,0,0,1,0,1,0,1,0,0,0,0,1,0,1, 0.00030332, 0.00188791, 0.0025625, 0.00175728, 0.00255963,buy
2012-10-23,1,0,0,1,0,0,1,0,1,0,1,0,0,0,0,1,0,1,-0.00034717, 0.00233979, 0.0023072, 0.00223907, 0.00260555,buy
2012-10-24,1,0,0,1,0,0,1,0,1,0,1,0,0,0,0,0,0,1,-0.00040117, 0.00102071, 0.0019013, 0.00093291, 0.00298801,buy
2012-10-25,1,0,0,1,0,0,1,0,0,0,1,0,0,0,1,0,0,1, 0.00069806, 0.00107896, 0.0015404, 0.00048322, 0.00196926,buy
2012-10-26,1,0,0,1,0,0,2,1,0,0,1,0,0,0,1,0,0,1, 0.00089516, 0.00101373, 0.0012869, 0.00126961, 0.00088543,buy
2012-10-27,1,0,0,0,0,0,1,1,0,1,1,0,0,0,1,0,0,1, 0.00122020, 0.00171905, 0.0001151, 0.00164316,-0.00037717,buy
2012-10-28,1,0,0,0,0,0,1,1,0,1,1,1,0,0,1,0,0,1,-0.00259322,-0.00366831,-0.0034072,-0.00297470,-0.00100426,sell
2012-10-29,1,1,0,0,0,0,1,1,0,1,1,2,0,0,1,1,0,1, 0.00029916,-0.00125309,-0.0015322,-0.00166368, 0.00013245,sell
2012-10-30,1,1,0,0,0,0,1,1,0,1,0,2,0,0,1,1,0,1, 0.00022685, 0.00002029,-0.0009438,-0.00064607, 0.00012395,sell
2012-10-31,1,1,0,0,0,0,1,1,0,1,0,2,0,0,1,1,0,1, 0.00022685, 0.00002029,-0.0009438,-0.00064607, 0.00012395,sell
2012-11-01,1,1,0,0,0,0,0,1,0,2,0,2,0,0,1,1,0,1, 0.00213533, 0.00212090, 0.0016603, 0.00184559, 0.00133864,buy
2012-11-02,1,1,0,0,0,0,0,1,0,2,0,2,0,0,1,1,0,1, 0.00213533, 0.00212090, 0.0016603, 0.00184559, 0.00133864,buy
2012-11-03,1,1,1,0,0,0,0,1,0,1,0,1,0,0,1,1,0,0, 0.00011832, 0.00068661, 0.0003723, 0.00264042, 0.00131807,buy
2012-11-04,1,0,1,0,0,0,0,0,0,1,0,1,0,0,1,1,0,0,-0.00053284,-0.00029439,-0.0001882,-0.00063393,-0.00143877,sell
2012-11-05,1,0,1,0,0,0,0,0,0,1,0,1,0,0,1,1,0,0,-0.00053284,-0.00029439,-0.0001882,-0.00063393,-0.00143877,sell
2012-11-06,1,0,1,0,0,0,0,0,0,1,0,1,0,0,1,0,0,0,-0.00188424,-0.00097582,-0.0009103,-0.00170368,-0.00156511,sell
2012-11-07,1,1,2,0,0,0,0,1,0,0,0,1,0,0,1,0,0,0,-0.00162767,-0.00062002,-0.0008992,-0.00027252,-0.00033530,sell
2012-11-08,1,1,2,0,0,0,0,1,0,0,0,1,0,0,1,0,0,0,-0.00162767,-0.00062002,-0.0008992,-0.00027252,-0.00033530,sell
2012-11-09,1,1,2,0,0,0,0,1,0,0,0,1,0,1,1,1,0,0,-0.00367724,-0.00313285,-0.0031450,-0.00340425,-0.00336599,sell
2012-11-10,1,1,1,0,0,0,0,2,0,0,0,1,0,1,1,1,1,0,-0.00170114,-0.00030775,-0.0008516,-0.00084383,-0.00061823,sell
2012-11-11,1,1,1,0,0,0,0,2,1,0,0,1,0,1,1,1,1,0,-0.00129284, 0.00032970,-0.0002449,-0.00006875, 0.00054016,sell
2012-11-12,1,1,0,0,0,0,0,2,1,0,0,1,0,1,1,1,1,0,-0.00293045, 0.00012679,-0.0006674,-0.00092917,-0.00074858,sell
2012-11-13,1,1,0,0,0,1,0,1,1,0,0,0,0,1,0,1,1,0, 0.00070185, 0.00106831, 0.0012250, 0.00106831, 0.00066375,buy
2012-11-14,1,0,0,0,0,1,0,1,1,0,0,0,0,1,0,1,0,0, 0.00059523, 0.00118170, 0.0017155, 0.00027121, 0.00263294,buy
2012-11-15,0,0,0,0,0,1,0,1,1,0,0,0,1,1,0,0,0,0, 0.00713512, 0.00494673, 0.0048130, 0.00662956, 0.00464193,buy
2012-11-16,0,0,0,0,0,1,0,1,1,0,0,0,1,1,0,0,0,1, 0.00609924, 0.00447957, 0.0051825, 0.00671363, 0.00459022,buy
2012-11-17,0,0,0,0,0,0,0,0,2,0,0,0,1,1,0,0,0,1, 0.00186360,-0.00117997,-0.0007364, 0.00164493, 0.00201682,buy
2012-11-18,0,0,0,1,0,0,0,0,1,0,0,0,1,1,0,0,0,1, 0.00153688,-0.00011376, 0.0003328, 0.00183442, 0.00185668,buy
2012-11-19,0,0,0,1,0,0,1,1,1,0,0,0,1,1,0,1,0,1, 0.00251100, 0.00079233, 0.0012913, 0.00245748, 0.00243633,buy
2012-11-20,0,0,0,1,0,0,1,1,1,0,0,0,0,1,0,1,0,0, 0.00119277, 0.00109269, 0.0021680, 0.00043746, 0.00100476,buy
2012-11-21,2,0,0,1,1,0,1,1,1,0,0,0,0,1,0,1,0,0, 0.00144134, 0.00326297, 0.0011050, 0.00175721, 0.00348805,buy
2012-11-22,2,1,0,1,1,0,1,1,1,0,0,0,0,1,0,1,0,0, 0.00156101, 0.00465459, 0.0023783, 0.00160267, 0.00368813,buy
2012-11-23,2,1,0,0,1,1,1,1,0,0,1,0,0,1,2,1,0,0, 0.00049846, 0.00026885,-0.0000958,-0.00062079, 0.00078892,buy
2012-11-24,2,1,0,0,1,2,1,1,0,0,1,1,0,1,2,1,0,0,-0.00103937, 0.00008366,-0.0003311, 0.00002387, 0.00161584,sell
2012-11-25,2,1,0,0,1,2,0,1,0,0,1,1,0,1,2,1,0,0,-0.00239410,-0.00052707,-0.0004594,-0.00045395, 0.00020646,sell
2012-11-26,1,1,0,0,0,2,0,0,0,1,1,1,0,1,2,1,0,0,-0.00206436,-0.00138592, 0.0006544,-0.00114512,-0.00086122,sell
2012-11-27,0,1,0,0,0,2,0,0,0,2,1,1,0,1,2,1,0,0,-0.00180019,-0.00241501,-0.0001748,-0.00249111,-0.00091440,sell
2012-11-28,0,1,0,0,0,2,0,0,0,2,1,1,0,1,2,1,0,0,-0.00180019,-0.00241501,-0.0001748,-0.00249111,-0.00091440,sell
2012-11-29,0,1,1,1,0,2,0,0,0,2,1,1,0,1,1,1,0,0,-0.00038011,-0.00116965, 0.0007968,-0.00046358, 0.00064054,sell
2012-11-30,0,0,1,1,0,2,0,0,0,2,1,1,0,1,0,1,0,0, 0.00049649, 0.00049647, 0.0010402, 0.00093033, 0.00115997,buy
2012-12-01,0,0,1,1,0,2,0,0,0,2,0,1,0,1,0,1,0,0, 0.00097371, 0.00087262, 0.0013013, 0.00122135, 0.00130900,buy
2012-12-02,0,1,1,1,0,2,0,0,1,1,0,0,0,1,0,1,0,0,-0.00081467,-0.00030646,-0.0008147,-0.00089755,-0.00036903,sell
2012-12-03,0,1,1,1,0,2,0,0,1,1,0,0,0,1,0,1,0,0,-0.00081467,-0.00030646,-0.0008147,-0.00089755,-0.00036903,sell
2012-12-04,0,1,0,1,0,2,0,0,1,0,0,0,0,1,0,1,0,0,-0.00075058,-0.00097258,-0.0007160,-0.00126152,-0.00089903,sell
2012-12-05,0,1,0,1,0,2,0,0,1,0,0,0,0,1,0,1,0,0,-0.00075058,-0.00097258,-0.0007160,-0.00126152,-0.00089903,sell
2012-12-06,0,1,0,1,0,2,0,0,1,0,0,0,0,0,0,1,0,0, 0.00373208, 0.00363445, 0.0035742, 0.00373208, 0.00298449,buy
2012-12-07,0,0,0,0,0,1,0,0,1,0,0,0,0,0,0,1,0,0,-0.00073300,-0.00064956,-0.0006998,-0.00007894, 0.00018178,sell
2012-12-08,1,0,0,0,0,1,0,0,2,0,0,0,0,0,0,1,0,0, 0.00073096, 0.00082813,-0.0015646,-0.00162258,-0.00143791,sell
2012-12-09,1,0,0,0,0,1,0,1,1,0,0,0,0,0,0,1,0,0,-0.00085877,-0.00254618,-0.0016409,-0.00166564,-0.00204560,sell
2012-12-10,1,0,0,0,0,1,0,1,1,0,0,0,0,0,0,1,0,0,-0.00085877,-0.00254618,-0.0016409,-0.00166564,-0.00204560,sell
2012-12-11,1,0,0,0,1,1,0,1,1,0,1,0,0,0,0,0,0,0,-0.00132622, 0.00440444, 0.0014221, 0.00312200, 0.00238286,buy
2012-12-12,2,0,0,0,1,1,0,1,1,0,1,0,0,0,1,0,0,0,-0.00038727, 0.00326755, 0.0033563, 0.00357313, 0.00387392,buy
2012-12-13,1,0,0,0,1,1,0,1,1,0,1,0,0,0,1,0,0,0, 0.00075279, 0.00436811, 0.0041337, 0.00455626, 0.00387392,buy
2012-12-14,1,0,0,0,1,1,0,1,0,0,1,1,0,0,1,0,0,0, 0.00064214, 0.00502256, 0.0047759, 0.00520471, 0.00494025,buy
2012-12-15,1,1,0,1,1,1,0,1,0,1,1,1,0,0,1,0,0,0, 0.00163421, 0.00299458, 0.0026635, 0.00304845, 0.00247623,buy
2012-12-16,1,1,0,1,1,1,0,1,0,1,1,1,0,0,1,0,0,0, 0.00163421, 0.00299458, 0.0026635, 0.00304845, 0.00247623,buy
2012-12-17,0,1,0,1,1,1,0,1,0,1,1,1,0,0,1,0,0,0, 0.00182512, 0.00339178, 0.0024847, 0.00341315, 0.00282518,buy
2012-12-18,0,1,0,1,1,1,0,1,0,1,0,1,0,0,1,0,0,0, 0.00202940, 0.00354245, 0.0023108, 0.00393843, 0.00272868,buy
2012-12-19,0,1,0,1,1,1,0,2,0,1,0,1,0,0,1,0,0,0, 0.00311362, 0.00354887, 0.0023103, 0.00417601, 0.00341923,buy
2012-12-20,0,1,0,2,1,0,0,1,0,1,0,1,0,0,1,0,0,0, 0.00117569, 0.00095818, 0.0046255, 0.00162854, 0.00340138,buy
2012-12-21,0,1,0,1,1,0,0,1,0,1,0,1,0,0,1,0,0,0, 0.00263023, 0.00231185, 0.0034123, 0.00322075, 0.00361843,buy
2012-12-22,0,0,0,1,0,0,0,1,0,1,0,1,0,0,1,0,0,0, 0.00397872, 0.00331267, 0.0037791, 0.00311282, 0.00354056,buy
2012-12-23,0,0,0,1,0,0,0,1,0,1,0,1,0,0,0,1,0,0, 0.00070830,-0.00014389, 0.0019099, 0.00123709, 0.00097287,buy
2012-12-24,0,0,0,1,0,0,0,1,0,1,0,1,0,0,0,1,0,0, 0.00070830,-0.00014389, 0.0019099, 0.00123709, 0.00097287,buy
2012-12-25,0,1,0,1,1,0,0,1,0,1,1,1,0,0,0,1,0,0, 0.00183969, 0.00163390, 0.0031084, 0.00208702, 0.00261038,buy
2012-12-26,0,1,1,1,1,0,0,0,1,0,1,0,0,0,0,1,0,0, 0.00329153, 0.00200147, 0.0035031, 0.00413848, 0.00095790,buy
2012-12-27,0,1,1,0,1,0,0,0,1,0,1,1,0,0,0,1,0,0, 0.00413282, 0.00190566, 0.0039262, 0.00378272,-0.00126244,buy
2012-12-28,0,1,1,0,1,0,0,0,1,0,1,1,0,0,0,1,0,0, 0.00413282, 0.00190566, 0.0039262, 0.00378272,-0.00126244,buy
2012-12-29,0,1,1,0,1,0,0,0,1,0,1,1,0,0,0,1,0,0, 0.00413282, 0.00190566, 0.0039262, 0.00378272,-0.00126244,buy
2012-12-30,0,1,1,0,1,0,0,1,1,0,0,1,0,0,0,0,0,0,-0.00274185,-0.00322656,-0.0007356,-0.00172858, 0.00153104,sell
2012-12-31,0,0,1,0,1,0,0,1,1,0,0,1,0,0,0,0,0,0,-0.00298473,-0.00230899, 0.0005645,-0.00241348, 0.00139506,sell
2013-01-01,0,1,1,0,1,0,0,1,1,0,0,1,0,0,0,1,0,0,-0.00048752,-0.00142583, 0.0026979,-0.00067195, 0.00302432,buy
2013-01-02,0,1,0,0,1,1,0,1,1,0,1,1,0,0,0,1,0,0, 0.00038089, 0.00245543,-0.0011381, 0.00331414, 0.00354216,buy
2013-01-03,0,1,1,0,1,1,1,1,1,0,1,0,0,0,0,1,0,0, 0.00384324, 0.00509161, 0.0034074, 0.00495131, 0.00503918,buy
2013-01-04,0,1,1,0,1,1,1,0,1,0,1,0,0,0,0,1,0,0, 0.00367640, 0.00495714, 0.0043906, 0.00503179, 0.00460580,buy
2013-01-05,0,1,1,0,1,1,1,0,1,0,1,1,0,0,0,1,0,0, 0.00495999, 0.00494314, 0.0051582, 0.00444614, 0.00408484,buy
2013-01-06,0,1,1,0,1,1,1,0,1,0,1,1,0,0,0,0,0,0, 0.00435185, 0.00429167, 0.0041865, 0.00402705, 0.00330869,buy
2013-01-07,0,0,1,0,1,1,1,1,1,0,1,1,0,0,0,0,0,0, 0.00201425, 0.00188171, 0.0016912, 0.00174593, 0.00024242,buy
2013-01-08,0,0,0,0,0,1,1,1,1,0,0,1,0,0,0,0,0,0,-0.00364544,-0.00371231,-0.0031198,-0.00366029,-0.00072663,sell
2013-01-09,1,0,0,1,0,1,2,1,1,0,0,0,0,0,0,0,0,0,-0.00095850,-0.00056463,-0.0014012, 0.00000069,-0.00088347,sell
2013-01-10,1,0,0,1,0,0,1,1,0,0,0,0,0,0,0,1,0,0, 0.00864991, 0.00832157, 0.0053770, 0.00860155, 0.00828089,buy
2013-01-11,1,0,0,1,0,0,1,1,0,0,0,0,1,0,0,1,0,0, 0.00465313, 0.00445079, 0.0008601, 0.00415717, 0.00448563,buy
2013-01-12,2,0,1,2,0,0,1,1,0,0,0,0,1,0,0,1,0,0, 0.00533604, 0.00423807, 0.0009449, 0.00344177, 0.00458934,buy
2013-01-13,2,0,1,2,0,0,0,0,1,0,0,0,1,0,0,1,0,0, 0.00021344,-0.00201702,-0.0012986,-0.00007578,-0.00237386,sell
2013-01-14,2,0,1,2,0,0,0,0,1,0,0,0,1,0,0,1,0,0, 0.00021344,-0.00201702,-0.0012986,-0.00007578,-0.00237386,sell
2013-01-15,1,0,1,1,0,0,0,0,1,0,0,1,1,0,0,1,0,0,-0.00409963,-0.00391770,-0.0026321,-0.00366871,-0.00440081,sell
2013-01-16,0,0,1,1,0,0,0,0,1,0,0,1,1,0,0,0,0,0,-0.00543902,-0.00493138,-0.0053635,-0.00346709,-0.00459788,sell
2013-01-17,0,0,0,0,0,0,0,0,1,0,0,1,1,0,0,0,0,0,-0.00181597,-0.00133953,-0.0012032, 0.00017372,-0.00336102,sell
2013-01-18,0,0,0,0,0,0,0,2,1,0,0,1,1,0,0,0,0,0,-0.00509510,-0.00518872,-0.0043552,-0.00242080,-0.00249039,sell
2013-01-19,0,0,0,0,0,0,0,2,1,0,0,1,1,0,0,0,0,0,-0.00509510,-0.00518872,-0.0043552,-0.00242080,-0.00249039,sell
2013-01-20,0,1,0,0,0,0,1,2,1,0,0,1,1,0,0,1,0,0, 0.00244643, 0.00193890, 0.0017125, 0.00052862, 0.00001533,buy
2013-01-21,0,1,1,0,0,0,1,2,0,0,0,0,1,0,0,1,0,0,-0.00352167,-0.00610497,-0.0021281,-0.00238527,-0.00173073,sell
2013-01-22,0,2,1,0,0,0,1,2,0,0,0,0,1,0,0,2,0,0,-0.00262717,-0.00006107,-0.0021423,-0.00205066,-0.00177852,sell
2013-01-23,1,2,2,1,0,0,1,1,0,1,0,0,1,0,0,2,0,0,-0.00255846,-0.00101567,-0.0029706,-0.00276062,-0.00263168,sell
2013-01-24,1,2,2,1,0,0,1,1,0,1,0,1,1,0,0,2,0,0, 0.00008693, 0.00155733,-0.0022218, 0.00135603,-0.00112512,buy
2013-01-25,1,1,1,1,0,0,0,0,0,1,0,1,0,0,0,1,0,0,-0.00090559,-0.00041722,-0.0010914,-0.00093182, 0.00063486,sell
2013-01-26,1,1,1,1,0,1,0,0,0,1,0,1,0,0,0,1,0,0, 0.00054563, 0.00213305, 0.0021424, 0.00214241, 0.00232041,buy
2013-01-27,1,1,1,1,0,1,0,0,0,2,0,2,0,0,0,1,0,0, 0.00121642, 0.00142482, 0.0013675, 0.00161041, 0.00124098,buy
2013-01-28,0,0,1,1,0,1,0,0,0,1,0,1,0,0,0,1,0,0, 0.00153120, 0.00169886, 0.0017181, 0.00187098, 0.00171599,buy
2013-01-29,1,0,1,0,0,1,0,0,0,1,0,1,0,0,1,0,0,0,-0.00205512,-0.00026905,-0.0004694,-0.00223889,-0.00231382,sell
2013-01-30,1,0,0,0,0,1,0,0,0,1,0,1,0,0,1,0,0,0, 0.00183397, 0.00083406, 0.0030546, 0.00184224, 0.00140348,buy
2013-01-31,1,0,0,0,0,1,0,0,0,1,0,1,0,0,1,0,0,0, 0.00183397, 0.00083406, 0.0030546, 0.00184224, 0.00140348,buy
2013-02-01,1,0,0,0,0,1,0,1,1,1,0,1,0,0,1,0,0,0, 0.00525467, 0.00169184, 0.0047041, 0.00453843, 0.00443436,buy
2013-02-02,0,0,0,0,0,1,0,1,1,1,0,1,0,0,0,0,0,0,-0.00005509,-0.00235398,-0.0020220,-0.00092683, 0.00042158,sell
2013-02-03,0,1,0,0,0,1,0,1,1,0,0,1,0,0,0,0,0,0,-0.00038138,-0.00198143,-0.0019977,-0.00041542, 0.00001812,sell
2013-02-04,0,1,1,0,1,1,1,1,1,0,0,0,0,0,0,1,0,0, 0.00322068, 0.00595488, 0.0039622, 0.00577928, 0.00595488,buy
2013-02-05,1,1,1,0,1,1,1,1,0,0,0,0,0,0,0,1,0,0, 0.00113621, 0.00023603, 0.0011649,-0.00133089, 0.00176448,buy
2013-02-06,1,1,1,0,1,1,1,1,0,0,0,0,0,0,1,1,0,0, 0.00368955,-0.00077050, 0.0035600,-0.00211452, 0.00377479,buy
2013-02-07,1,1,1,1,1,1,1,0,0,0,0,0,0,0,1,2,0,0, 0.00094271,-0.00252636, 0.0014986,-0.00203220, 0.00094271,sell
2013-02-08,1,1,1,1,1,1,1,0,0,1,0,1,0,0,1,2,0,1,-0.00242895,-0.00210592,-0.0019500,-0.00194997,-0.00168099,sell
2013-02-09,1,0,1,1,1,0,1,0,0,1,0,1,0,0,1,2,0,1,-0.00211029,-0.00179409,-0.0017753,-0.00164091,-0.00079420,sell
2013-02-10,1,0,0,1,1,0,0,0,0,2,1,1,0,0,1,1,0,1,-0.00043735,-0.00312616,-0.0034057,-0.00247751,-0.00245399,sell
2013-02-11,1,0,0,1,1,0,0,0,1,2,1,1,0,0,1,1,0,1, 0.00192021,-0.00158829,-0.0016015,-0.00162258,-0.00158829,sell
2013-02-12,0,0,0,0,1,0,0,0,1,2,1,1,0,0,1,0,0,1,-0.00321810,-0.00419940,-0.0042640,-0.00361064,-0.00373516,sell
2013-02-13,0,0,0,0,1,0,0,0,1,2,1,1,0,0,0,0,0,1,-0.00337765,-0.00363198,-0.0033730,-0.00282059,-0.00374754,sell
2013-02-14,0,0,0,0,1,0,0,0,1,1,1,0,0,0,0,0,0,1,-0.00345695,-0.00224507,-0.0026011,-0.00201834,-0.00201702,sell
2013-02-15,1,0,0,0,0,0,0,0,1,0,1,0,0,0,0,0,0,1,-0.00185872,-0.00180398,-0.0016214,-0.00180398,-0.00083686,sell
2013-02-16,1,0,0,0,0,0,0,0,1,0,0,0,0,0,1,0,0,1, 0.00460635, 0.00335240, 0.0039714, 0.00335240, 0.00436594,buy
2013-02-17,1,1,0,0,0,0,1,0,1,0,0,0,0,0,1,0,0,1, 0.00252689,-0.00132390, 0.0011323, 0.00093963, 0.00280556,buy
2013-02-18,1,1,0,0,0,0,1,0,0,0,0,0,0,0,1,0,0,1, 0.00115776,-0.00016593, 0.0034658, 0.00302797, 0.00378715,buy
2013-02-19,1,1,0,0,0,0,1,0,0,0,0,0,0,0,1,0,0,1, 0.00115776,-0.00016593, 0.0034658, 0.00302797, 0.00378715,buy
2013-02-20,1,1,0,0,0,0,1,0,1,0,0,0,0,0,1,0,0,0,-0.00040833,-0.00022983, 0.0000666,-0.00014631,-0.00052616,sell
2013-02-21,1,1,0,0,0,0,1,0,1,0,0,0,0,0,1,0,0,0,-0.00040833,-0.00022983, 0.0000666,-0.00014631,-0.00052616,sell
2013-02-22,0,1,0,1,1,0,1,0,1,0,0,0,0,0,0,1,0,0,-0.00131852, 0.00040089, 0.0013541,-0.00041205,-0.00024690,sell
2013-02-23,0,1,0,1,1,0,1,0,1,0,0,0,0,0,0,1,0,0,-0.00131852, 0.00040089, 0.0013541,-0.00041205,-0.00024690,sell
2013-02-24,0,1,0,1,1,0,1,0,1,0,0,0,0,0,0,1,0,0,-0.00131852, 0.00040089, 0.0013541,-0.00041205,-0.00024690,sell
2013-02-25,0,1,0,1,1,0,2,0,1,0,0,0,0,0,0,1,0,0,-0.00089316, 0.00374648, 0.0042243, 0.00017241, 0.00365006,buy
2013-02-26,0,1,0,1,1,0,1,0,0,1,1,0,0,0,0,1,0,0, 0.00030421, 0.00026529,-0.0004847,-0.00048454, 0.00262330,buy
2013-02-27,0,1,0,1,1,0,1,0,0,1,1,0,0,0,0,1,0,0, 0.00030421, 0.00026529,-0.0004847,-0.00048454, 0.00262330,buy
2013-02-28,0,0,0,1,1,0,1,0,0,1,1,0,0,0,0,1,0,0, 0.00186556, 0.00195532, 0.0007634, 0.00039401, 0.00204701,buy
2013-03-01,0,0,0,1,1,0,1,0,0,1,1,0,0,0,0,1,0,0, 0.00186556, 0.00195532, 0.0007634, 0.00039401, 0.00204701,buy
2013-03-02,0,0,0,1,0,0,1,0,0,1,1,0,1,0,0,1,0,0, 0.00131018, 0.00178760, 0.0005442, 0.00097195, 0.00101206,buy
2013-03-03,0,0,0,1,0,0,1,0,0,1,1,0,1,0,0,1,0,0, 0.00131018, 0.00178760, 0.0005442, 0.00097195, 0.00101206,buy
2013-03-04,0,0,0,1,0,0,0,0,0,3,3,0,1,0,0,1,0,0, 0.00106764, 0.00172379, 0.0017468, 0.00120966,-0.00371918,buy
2013-03-05,0,0,0,1,0,0,0,0,0,2,2,0,1,0,0,1,1,0, 0.00043846, 0.00041755, 0.0003257,-0.00076107, 0.00122835,buy
2013-03-06,0,0,0,1,0,0,0,0,0,2,2,0,1,0,0,1,1,0, 0.00043846, 0.00041755, 0.0003257,-0.00076107, 0.00122835,buy
2013-03-07,0,0,0,2,0,0,0,0,0,2,2,0,0,0,0,0,1,0, 0.00257727, 0.00271916, 0.0026117,-0.00018564, 0.00282911,buy
2013-03-08,0,0,0,1,0,0,0,0,0,2,2,0,0,0,0,1,1,0,-0.00003595,-0.00041922,-0.0000360,-0.00181666, 0.00065493,sell
2013-03-09,0,0,0,1,0,0,0,0,0,2,2,0,0,0,0,1,1,0,-0.00003595,-0.00041922,-0.0000360,-0.00181666, 0.00065493,sell
2013-03-10,0,0,0,1,0,0,0,0,0,1,1,0,0,0,0,1,0,0,-0.00205296, 0.00106911, 0.0011450,-0.00127469,-0.00154614,sell
2013-03-11,0,1,0,1,0,0,1,0,0,0,0,0,0,0,0,1,0,0, 0.00425951, 0.00303172, 0.0007436, 0.00395940, 0.00064803,buy
2013-03-12,0,1,0,1,0,0,1,0,0,0,0,0,1,0,0,1,0,0, 0.00139167, 0.00387123,-0.0012096, 0.00173681, 0.00168718,buy
2013-03-13,0,1,0,1,0,0,1,0,0,0,0,1,1,0,0,1,0,0,-0.00155592, 0.00068730,-0.0021530,-0.00153480,-0.00012915,sell
2013-03-14,0,1,0,1,0,0,1,0,0,0,0,1,1,0,0,1,0,0,-0.00155592, 0.00068730,-0.0021530,-0.00153480,-0.00012915,sell
2013-03-15,0,2,0,0,0,1,1,0,0,0,0,1,1,0,0,1,0,0,-0.00213522,-0.00295644,-0.0000843,-0.00165356,-0.00172244,sell
2013-03-16,0,2,0,0,0,1,1,0,0,0,0,2,1,0,0,1,0,0,-0.00359879,-0.00480033, 0.0002480,-0.00391316,-0.00401438,sell
2013-03-17,0,2,0,0,0,1,1,0,0,0,0,2,1,0,0,1,0,0,-0.00359879,-0.00480033, 0.0002480,-0.00391316,-0.00401438,sell
2013-03-18,0,2,0,0,0,1,1,0,0,0,0,2,1,0,0,1,0,0,-0.00359879,-0.00480033, 0.0002480,-0.00391316,-0.00401438,sell
2013-03-19,0,1,0,0,0,1,1,0,0,0,0,2,1,0,0,1,0,0, 0.00007900,-0.00282110, 0.0016670,-0.00068354,-0.00186892,sell
2013-03-20,0,1,0,0,0,1,1,0,0,0,0,1,1,0,0,1,0,0, 0.00225019,-0.00116715, 0.0009506, 0.00055162, 0.00059041,buy
2013-03-21,0,1,0,0,0,1,1,1,0,0,0,1,1,0,0,1,0,0, 0.00401296, 0.00274972, 0.0034974, 0.00253791, 0.00066423,buy
2013-03-22,0,0,0,0,0,1,1,2,0,0,0,0,1,0,0,1,0,0,-0.00293646,-0.00272256, 0.0015013, 0.00035741, 0.00027466,sell
2013-03-23,0,0,0,0,0,1,1,2,0,0,0,0,1,0,0,1,0,0,-0.00293646,-0.00272256, 0.0015013, 0.00035741, 0.00027466,sell
2013-03-24,0,0,0,1,0,1,1,2,0,0,1,0,1,0,1,1,0,0,-0.00216729,-0.00478374,-0.0026803,-0.00263586,-0.00236838,sell
2013-03-25,0,0,0,1,0,1,1,2,0,1,1,0,1,0,2,1,0,0,-0.00216275,-0.00081034,-0.0021130,-0.00235085, 0.00332478,sell
2013-03-26,0,0,0,1,0,1,0,2,0,1,1,0,1,1,2,1,0,0,-0.00239337, 0.00283688,-0.0012710,-0.00148041, 0.00363613,sell
2013-03-27,0,0,0,1,0,1,0,2,0,1,2,0,1,1,2,1,0,1,-0.00313737, 0.00237161, 0.0010092, 0.00100916, 0.00271386,buy
2013-03-28,0,0,0,3,0,1,0,0,0,1,3,0,1,1,2,1,0,1,-0.00090750,-0.00087615,-0.0008369,-0.00083687,-0.00083687,sell
2013-03-29,0,0,0,3,1,1,0,0,0,3,3,0,1,1,2,1,0,1, 0.00016379,-0.00170670,-0.0021272,-0.00212719,-0.00162388,sell
2013-03-30,0,0,0,3,1,1,0,0,0,3,3,0,1,1,2,0,0,1,-0.00105353,-0.00198835,-0.0018753,-0.00205362,-0.00205620,sell
2013-03-31,0,0,0,3,2,1,0,0,0,3,3,0,1,1,2,0,0,1,-0.00108858,-0.00289781,-0.0027344,-0.00269225,-0.00269052,sell
2013-04-01,0,0,0,3,2,1,0,0,0,3,2,0,1,1,2,0,0,1,-0.00090866,-0.00301051,-0.0026164,-0.00288974,-0.00261895,sell
2013-04-02,0,0,0,3,2,1,0,0,0,2,1,0,1,1,1,0,0,1, 0.00089283,-0.00255096,-0.0032588,-0.00318152,-0.00361459,sell
2013-04-03,0,0,0,2,2,1,0,0,0,1,0,0,1,1,0,0,0,1, 0.00191785, 0.00032595, 0.0003259,-0.00019865,-0.00129430,buy
2013-04-04,0,0,0,1,2,1,1,0,0,1,0,0,1,1,0,0,0,1, 0.00198403, 0.00186304, 0.0021342, 0.00086306,-0.00026472,buy
2013-04-05,0,0,0,1,2,1,1,0,0,0,0,0,1,1,0,0,0,1, 0.00198971, 0.00306105, 0.0023966, 0.00181594, 0.00000671,buy
2013-04-06,0,0,0,0,2,1,2,0,0,0,0,0,1,1,0,0,0,1, 0.00361650, 0.00439476, 0.0032435, 0.00322907, 0.00238697,buy
2013-04-07,0,0,0,0,2,1,2,0,0,0,0,0,1,0,0,0,0,1, 0.00173944, 0.00264101, 0.0020809, 0.00254286, 0.00256956,buy
2013-04-08,0,0,0,0,2,1,2,0,0,0,0,1,1,0,0,0,0,1, 0.00175913, 0.00328353, 0.0023545, 0.00282333, 0.00283337,buy
2013-04-09,0,0,0,0,2,1,2,0,0,0,0,1,1,0,0,0,0,1, 0.00175913, 0.00328353, 0.0023545, 0.00282333, 0.00283337,buy
2013-04-10,0,0,0,0,2,1,1,0,0,0,0,1,1,0,0,0,0,1, 0.00055720, 0.00286224,-0.0001160, 0.00082129, 0.00090842,buy
2013-04-11,0,0,1,0,2,1,1,0,0,0,0,1,1,0,0,0,0,1, 0.00172678, 0.00223764,-0.0004543, 0.00203920, 0.00198193,buy
2013-04-12,0,0,1,0,2,0,1,0,0,0,0,1,1,0,0,0,0,1, 0.00164050, 0.00083582,-0.0006555, 0.00043460, 0.00041566,buy
2013-04-13,0,0,1,0,2,0,0,0,0,0,0,0,1,0,0,0,0,1, 0.00100917, 0.00266779, 0.0010961, 0.00282707, 0.00105751,buy
2013-04-14,0,1,1,0,2,0,0,0,0,0,0,0,0,0,0,0,0,1,-0.00451027,-0.00452225,-0.0041541,-0.00461364,-0.00398864,sell
2013-04-15,0,2,1,0,2,0,0,1,0,0,0,0,0,0,0,0,0,1,-0.00434315,-0.00577516,-0.0056860,-0.00577516,-0.00441775,sell
2013-04-16,0,2,2,0,1,0,0,2,0,0,0,0,0,0,0,0,0,1, 0.00186853,-0.00387188,-0.0038923,-0.00389234,-0.00142679,sell
2013-04-17,0,2,2,0,1,0,0,2,0,0,0,0,0,0,1,0,0,1, 0.00313863, 0.00061994, 0.0006199, 0.00079085, 0.00172171,buy
2013-04-18,0,2,1,0,1,0,0,2,0,0,1,0,0,0,1,0,0,1, 0.00245034, 0.00194010, 0.0009565, 0.00194010, 0.00185478,buy
2013-04-19,0,2,1,0,1,0,0,2,0,1,1,1,0,0,1,0,0,1, 0.00402641, 0.00241414, 0.0010756, 0.00232467, 0.00277641,buy
2013-04-20,0,1,1,0,1,0,0,1,0,1,1,1,0,0,1,1,0,0, 0.00097035, 0.00225175, 0.0009704, 0.00149914,-0.00065404,buy
2013-04-21,0,1,1,0,1,0,0,2,0,1,1,1,0,0,1,1,0,0, 0.00097035, 0.00161573, 0.0011128, 0.00100347, 0.00009959,buy
2013-04-22,0,2,1,1,1,0,0,1,1,1,0,1,0,0,1,1,0,0,-0.00221280, 0.00320202, 0.0037322,-0.00109705,-0.00160398,sell
2013-04-23,0,1,1,1,1,0,0,1,1,1,0,1,0,0,0,1,0,0, 0.00160339,-0.00080170,-0.0005481,-0.00129365,-0.00040249,sell
2013-04-24,0,1,1,1,1,0,1,1,1,0,0,2,0,0,0,1,0,0, 0.00035480, 0.00165677, 0.0023359, 0.00203159, 0.00262781,buy
2013-04-25,0,1,0,1,1,0,1,1,1,0,0,2,0,0,0,1,0,0,-0.00054491,-0.00011347,-0.0001437,-0.00025076, 0.00022970,sell
2013-04-26,0,1,0,2,1,0,1,1,1,0,0,1,0,0,0,0,0,0,-0.00063672,-0.00147968,-0.0021306,-0.00287197,-0.00044691,sell
2013-04-27,0,1,0,1,1,0,1,1,1,0,0,1,0,0,0,1,0,0,-0.00043045,-0.00061175, 0.0000991,-0.00212066,-0.00037956,sell
2013-04-28,0,1,0,1,1,0,0,1,1,0,0,1,0,0,0,1,0,0,-0.00386380, 0.00038360,-0.0038114,-0.00381026,-0.00384035,sell
2013-04-29,0,1,0,1,1,0,0,0,1,0,0,1,0,0,0,1,0,0,-0.00469114,-0.00088623,-0.0031193,-0.00214117,-0.00384863,sell
2013-04-30,0,1,0,1,1,0,0,0,1,0,0,1,0,0,0,1,0,0,-0.00469114,-0.00088623,-0.0031193,-0.00214117,-0.00384863,sell
2013-05-01,0,1,1,1,1,0,0,0,1,0,0,1,0,0,0,1,0,0,-0.00378314,-0.00202350,-0.0035671,-0.00419874,-0.00374881,sell
2013-05-02,1,1,1,1,1,0,0,1,1,0,0,1,0,0,0,1,0,0, 0.00169229,-0.00018191, 0.0003423, 0.00144697, 0.00290986,buy
2013-05-03,1,0,1,0,1,0,0,1,1,0,0,1,0,0,1,1,0,0, 0.00051666,-0.00457286, 0.0021184, 0.00029752, 0.00198036,buy
2013-05-04,1,0,1,0,1,0,0,1,1,1,0,1,0,0,1,0,0,0, 0.00370667, 0.00099643, 0.0049362, 0.00421723, 0.00604884,buy
2013-05-05,1,1,0,1,2,0,0,1,1,1,0,1,0,0,1,1,0,0, 0.00439931, 0.00306810, 0.0052526, 0.00473736, 0.00174802,buy
2013-05-06,1,1,0,1,1,0,0,0,1,1,0,1,0,0,1,1,0,0, 0.00203881, 0.00165474, 0.0030986, 0.00197898,-0.00109581,buy
2013-05-07,1,1,0,1,1,0,0,0,1,1,0,1,0,0,1,1,0,0, 0.00203881, 0.00165474, 0.0030986, 0.00197898,-0.00109581,buy
2013-05-08,1,1,0,1,1,0,0,0,1,1,0,0,1,0,1,1,0,0,-0.00156402,-0.00104212,-0.0012404, 0.00301912,-0.00216192,sell
2013-05-09,1,0,0,2,1,0,0,0,0,1,0,0,1,0,0,0,0,0, 0.00200483, 0.00275932, 0.0022656, 0.00238713, 0.00073644,buy
2013-05-10,0,0,0,2,1,0,0,0,0,0,0,0,1,0,0,0,0,0, 0.00169810, 0.00063902, 0.0013585, 0.00120066, 0.00127091,buy
2013-05-11,0,0,0,2,0,0,0,1,0,0,0,0,1,0,0,0,0,0,-0.00335713,-0.00309020, 0.0006629, 0.00295114, 0.00070747,sell
2013-05-12,0,0,0,2,0,0,0,1,0,1,0,0,1,0,1,0,0,0, 0.00128862, 0.00125229, 0.0022923, 0.00177633, 0.00062254,buy
2013-05-13,1,0,0,1,0,0,0,1,0,1,1,0,1,0,2,0,0,0, 0.00377318, 0.00353882, 0.0046018, 0.00219032, 0.00371126,buy
2013-05-14,1,0,0,0,0,0,0,1,0,2,1,0,1,0,2,0,0,0, 0.00246021, 0.00353655, 0.0020813, 0.00264766, 0.00240389,buy
2013-05-15,1,0,0,0,0,0,0,1,0,2,1,0,1,0,2,0,0,0, 0.00246021, 0.00353655, 0.0020813, 0.00264766, 0.00240389,buy
2013-05-16,1,0,0,0,0,0,0,2,1,1,1,0,0,0,1,1,0,0, 0.00024475,-0.00000386,-0.0000811, 0.00052275, 0.00005962,buy
2013-05-17,1,0,0,0,0,0,0,1,1,1,2,0,0,0,1,1,0,0,-0.00025356,-0.00003953, 0.0001947, 0.00087207, 0.00067210,buy
2013-05-18,1,0,0,0,0,0,0,1,1,1,1,0,0,0,1,1,0,0,-0.00012648,-0.00119542,-0.0006371, 0.00149514,-0.00004845,sell
2013-05-19,1,0,0,0,0,0,0,1,2,1,1,0,0,0,1,2,1,0, 0.00008076, 0.00007057, 0.0004697, 0.00068789, 0.00008556,buy
2013-05-20,1,1,0,0,0,0,0,0,2,1,1,0,0,0,1,2,1,0,-0.00078070,-0.00030897,-0.0007867,-0.00049195,-0.00099499,sell
2013-05-21,1,1,0,0,0,0,0,0,2,0,0,0,0,0,0,2,1,0,-0.00040180,-0.00132338, 0.0017092,-0.00090396,-0.00100519,sell
2013-05-22,1,2,0,0,0,0,0,0,1,0,0,0,0,0,0,1,1,0, 0.00160794,-0.00000413, 0.0010146,-0.00157380, 0.00004392,sell
2013-05-23,1,2,0,0,0,0,0,1,0,0,0,0,0,0,0,0,1,0,-0.00159446,-0.00249239,-0.0004174,-0.00498169,-0.00214570,sell
2013-05-24,1,2,2,0,0,0,0,1,0,0,1,2,0,0,0,0,1,0,-0.00311959,-0.00086605,-0.0027261, 0.00088991,-0.00323616,sell
2013-05-25,1,2,2,0,0,0,0,1,0,0,1,2,0,0,0,0,1,0,-0.00311959,-0.00086605,-0.0027261, 0.00088991,-0.00323616,sell
2013-05-26,1,2,2,0,0,0,0,1,0,0,1,2,0,0,0,0,1,0,-0.00311959,-0.00086605,-0.0027261, 0.00088991,-0.00323616,sell
2013-05-27,1,1,2,0,0,0,0,1,0,0,1,2,0,0,0,0,1,0,-0.00374094,-0.00085918,-0.0035984, 0.00203041,-0.00315817,sell
2013-05-28,1,0,2,0,0,1,0,1,0,0,1,1,0,0,0,0,1,0, 0.00063536, 0.00148548, 0.0006230, 0.00662084, 0.00143339,buy
2013-05-29,0,0,2,0,0,1,0,1,1,0,1,1,0,0,0,1,1,0, 0.00033395, 0.00163600, 0.0037003, 0.00164816, 0.00389016,buy
2013-05-30,0,0,1,0,0,1,0,0,1,0,1,0,0,0,0,1,1,0,-0.00389776,-0.00342447, 0.0002620,-0.00388845, 0.00058049,sell
2013-05-31,0,0,1,0,0,2,0,0,1,0,0,0,0,0,0,1,1,0,-0.00141688,-0.00202112, 0.0021224,-0.00107739, 0.00083124,sell
2013-06-01,0,0,1,0,0,2,1,0,1,0,0,0,0,0,0,1,1,0,-0.00230927,-0.00294077,-0.0006875,-0.00222769,-0.00096461,sell
2013-06-02,0,0,0,0,0,2,1,0,1,0,1,0,0,0,0,1,0,0,-0.00618753,-0.00256734,-0.0058260,-0.00434461,-0.00430799,sell
2013-06-03,0,0,0,0,0,2,1,0,1,0,1,0,0,0,0,1,0,0,-0.00618753,-0.00256734,-0.0058260,-0.00434461,-0.00430799,sell
2013-06-04,0,0,0,0,0,1,1,0,1,1,1,0,0,0,0,1,0,0,-0.00324035,-0.00204700,-0.0029023,-0.00209643,-0.00334655,sell
2013-06-05,0,0,0,0,0,1,2,0,0,1,2,0,0,0,0,1,0,0, 0.00077912, 0.00040115, 0.0004203, 0.00076283, 0.00061298,buy
2013-06-06,0,0,0,0,0,1,1,0,0,1,2,0,0,0,0,1,0,0, 0.00118512, 0.00063208, 0.0007622, 0.00022430, 0.00148017,buy
2013-06-07,0,0,0,0,0,1,1,0,0,1,1,0,0,0,0,1,0,0, 0.00028593,-0.00105633,-0.0009780,-0.00096922, 0.00060977,sell
2013-06-08,0,0,0,0,0,1,1,0,0,2,1,1,0,0,0,1,0,0,-0.00104465,-0.00205499,-0.0018750,-0.00193181,-0.00105164,sell
2013-06-09,0,0,0,0,0,1,1,0,0,2,1,1,0,0,0,1,0,0,-0.00104465,-0.00205499,-0.0018750,-0.00193181,-0.00105164,sell
2013-06-10,0,0,0,0,0,1,0,0,0,2,1,1,0,0,0,2,0,0, 0.00046136,-0.00142338, 0.0014796,-0.00016720, 0.00075677,buy
2013-06-11,0,0,0,0,0,1,0,0,0,2,0,1,0,0,0,2,0,0,-0.00095686,-0.00107638, 0.0001107,-0.00213522,-0.00271333,sell
2013-06-12,0,0,0,0,0,1,0,0,0,1,0,1,0,0,0,1,0,0,-0.00113055,-0.00123670,-0.0002742,-0.00347918,-0.00292229,sell
2013-06-13,0,0,0,0,0,0,0,0,0,1,0,1,0,0,0,1,0,0,-0.00198729,-0.00238925, 0.0014959,-0.00207129,-0.00218126,sell
2013-06-14,0,1,1,0,0,0,0,1,0,1,0,1,0,0,0,1,1,0,-0.00186903, 0.00064583, 0.0000083, 0.00062536,-0.00132901,sell
2013-06-15,0,1,1,0,0,0,0,1,0,1,0,0,0,0,0,1,1,0, 0.00141664, 0.00201227, 0.0026882, 0.00067845,-0.00000599,buy
2013-06-16,0,1,1,0,0,0,0,1,0,0,0,0,0,0,0,0,1,0, 0.00451181, 0.00511090, 0.0051109,-0.00082611, 0.00184704,buy
2013-06-17,0,1,1,0,0,0,0,2,0,0,0,0,0,0,0,0,1,0, 0.00434682, 0.00409756, 0.0045481,-0.00085951, 0.00197610,buy
2013-06-18,0,1,1,0,0,0,0,2,0,0,0,0,0,0,0,0,1,0, 0.00434682, 0.00409756, 0.0045481,-0.00085951, 0.00197610,buy
2013-06-19,0,1,1,0,0,0,0,2,0,0,0,0,0,0,0,0,1,0, 0.00434682, 0.00409756, 0.0045481,-0.00085951, 0.00197610,buy
2013-06-20,0,1,1,0,0,0,0,2,0,0,0,0,0,0,0,0,1,0, 0.00434682, 0.00409756, 0.0045481,-0.00085951, 0.00197610,buy
2013-06-21,0,1,1,0,0,0,0,2,0,0,0,0,0,0,0,0,1,0, 0.00434682, 0.00409756, 0.0045481,-0.00085951, 0.00197610,buy
2013-06-22,0,1,1,0,0,0,0,2,0,0,0,0,0,0,0,0,1,0, 0.00434682, 0.00409756, 0.0045481,-0.00085951, 0.00197610,buy
2013-06-23,0,1,1,0,0,0,1,1,0,0,1,0,0,0,0,0,1,0, 0.00364896, 0.00376413, 0.0034153, 0.00001498,-0.00104309,buy
2013-06-24,0,1,1,0,0,0,1,1,0,0,1,0,0,0,0,0,1,0, 0.00364896, 0.00376413, 0.0034153, 0.00001498,-0.00104309,buy
2013-06-25,1,1,1,1,0,0,1,1,0,0,1,0,0,0,0,0,1,0,-0.00134459,-0.00050135,-0.0009158,-0.00370769,-0.00212105,sell
2013-06-26,1,0,0,1,0,0,1,1,0,0,1,0,0,0,0,0,0,0, 0.00151765, 0.00233028, 0.0001911, 0.00173936, 0.00202908,buy
2013-06-27,1,0,0,1,0,0,1,1,0,1,1,0,0,0,0,0,0,0, 0.00164835, 0.00166840, 0.0010099,-0.00031871,-0.00022452,buy
2013-06-28,1,0,0,1,0,1,1,1,0,1,1,0,0,0,0,0,0,0, 0.00352968, 0.00376378, 0.0027193,-0.00034672, 0.00074079,buy
2013-06-29,1,0,0,1,1,1,2,1,0,1,1,1,0,0,0,0,0,0, 0.00271334, 0.00264744, 0.0046284, 0.00256166, 0.00265302,buy
2013-06-30,1,0,0,1,1,1,1,1,0,1,0,1,0,0,0,0,0,0, 0.00130651, 0.00218056, 0.0039629, 0.00428827, 0.00372346,buy
2013-07-01,1,0,0,1,1,1,1,1,0,1,0,1,0,0,0,1,0,0, 0.00064881, 0.00200101, 0.0039629, 0.00428827, 0.00372346,buy
2013-07-02,1,0,0,0,1,1,1,1,0,1,0,1,0,0,0,1,0,0,-0.00039994, 0.00168014, 0.0034470, 0.00281869, 0.00210853,buy
2013-07-03,1,0,0,0,1,1,1,1,1,1,0,1,0,0,0,1,0,0,-0.00179336, 0.00250372, 0.0025005, 0.00249479,-0.00005649,buy
2013-07-04,1,0,0,0,1,1,1,1,1,1,0,1,0,0,0,1,0,0,-0.00179336, 0.00250372, 0.0025005, 0.00249479,-0.00005649,buy
2013-07-05,1,0,0,0,1,0,0,1,1,1,0,0,0,0,1,1,0,0,-0.00043377, 0.00264567, 0.0019249, 0.00012436, 0.00286491,buy
2013-07-06,0,0,0,0,1,0,0,1,1,1,0,0,0,0,1,1,0,0, 0.00076984, 0.00351222, 0.0033216, 0.00159510, 0.00301345,buy
2013-07-07,0,0,0,0,1,0,0,1,1,0,0,0,1,0,1,1,0,0, 0.00303051,-0.00108651,-0.0010865, 0.00316292, 0.00315781,buy
2013-07-08,0,0,0,0,1,0,0,1,1,0,0,0,1,0,1,0,0,0, 0.00324059,-0.00071890,-0.0006140, 0.00336831, 0.00371009,buy
2013-07-09,0,0,0,0,1,0,0,2,0,0,0,0,1,0,1,0,0,1,-0.00202310,-0.00200267,-0.0019650,-0.00235970,-0.00235105,sell
2013-07-10,0,0,1,0,1,0,0,2,0,0,0,0,1,1,1,0,0,1,-0.00010686,-0.00133039,-0.0000329, 0.00017929,-0.00034065,sell
2013-07-11,0,0,1,0,1,0,0,1,0,0,0,0,1,1,0,0,0,1, 0.00125194,-0.00151463, 0.0003729, 0.00202176, 0.00151512,buy
2013-07-12,0,0,1,0,0,0,0,1,0,0,0,0,1,1,0,0,0,1, 0.00162906,-0.00227419, 0.0004467, 0.00232565, 0.00185900,buy
2013-07-13,0,0,1,0,0,0,0,1,0,0,0,0,0,1,0,1,0,1, 0.00199730, 0.00152523, 0.0008910, 0.00236979, 0.00199730,buy
2013-07-14,0,0,1,0,0,0,0,1,0,0,0,0,0,1,0,1,0,0, 0.00201800, 0.00206700, 0.0008353, 0.00224162, 0.00207384,buy
2013-07-15,0,0,1,0,0,0,0,1,0,1,0,0,0,1,0,1,0,0, 0.00266889, 0.00257313, 0.0017430, 0.00263547, 0.00258614,buy
2013-07-16,0,0,1,0,0,0,0,0,0,1,0,0,0,1,0,1,0,0, 0.00227576, 0.00199705, 0.0007984, 0.00248755, 0.00211749,buy
2013-07-17,0,1,0,0,0,0,0,0,0,2,0,0,0,1,0,1,0,0, 0.00232036,-0.00133029, 0.0001671, 0.00229351, 0.00218506,buy
2013-07-18,0,1,0,0,0,0,0,0,0,2,0,0,0,1,0,2,1,0, 0.00257066,-0.00326023, 0.0020374, 0.00236051, 0.00238286,buy
2013-07-19,0,1,0,0,0,0,0,0,0,2,0,0,0,1,0,2,1,0, 0.00257066,-0.00326023, 0.0020374, 0.00236051, 0.00238286,buy
2013-07-20,0,1,0,0,0,0,0,0,0,2,0,0,0,1,0,2,1,0, 0.00257066,-0.00326023, 0.0020374, 0.00236051, 0.00238286,buy
2013-07-21,0,1,0,0,0,0,0,0,0,1,0,0,0,1,0,2,1,0, 0.00252491,-0.00203327, 0.0002421, 0.00025694, 0.00014749,buy
2013-07-22,0,1,0,0,0,0,0,0,0,1,0,0,0,1,0,2,1,0, 0.00252491,-0.00203327, 0.0002421, 0.00025694, 0.00014749,buy
2013-07-23,0,1,0,0,0,0,0,1,0,1,0,0,0,1,0,1,1,0,-0.00189573,-0.00179447,-0.0028905,-0.00254936,-0.00279383,sell
2013-07-24,0,1,0,0,0,0,1,1,0,0,0,2,0,1,0,1,1,0, 0.00068331,-0.00032608, 0.0007928, 0.00038012, 0.00079591,buy
2013-07-25,0,1,0,1,0,0,1,1,0,0,0,2,0,1,0,1,0,0,-0.00031047,-0.00003043,-0.0000094, 0.00007493,-0.00004918,sell
2013-07-26,0,1,0,2,0,0,1,1,0,0,0,2,0,1,0,1,0,0,-0.00472089,-0.00460949,-0.0049286,-0.00537746,-0.00463191,sell
2013-07-27,0,1,0,2,0,0,1,1,0,0,0,2,0,1,0,1,0,0,-0.00472089,-0.00460949,-0.0049286,-0.00537746,-0.00463191,sell
2013-07-28,0,1,0,2,0,1,1,1,1,0,0,2,0,1,0,0,0,0,-0.00612846,-0.00368393,-0.0034136,-0.00623596,-0.00353807,sell
2013-07-29,0,1,0,2,0,1,1,2,2,0,0,2,0,1,0,0,0,0,-0.00467336,-0.00055998,-0.0008225,-0.00553302,-0.00097209,sell
2013-07-30,0,1,0,2,0,1,1,1,2,0,0,1,0,1,1,0,0,0,-0.00137086, 0.00121848, 0.0003969,-0.00139380, 0.00067716,sell
2013-07-31,0,1,0,2,0,1,0,1,2,0,0,1,0,1,1,0,0,0, 0.00028608, 0.00053262, 0.0007078, 0.00043380, 0.00085731,buy
2013-08-01,0,1,0,1,0,1,0,1,2,0,0,0,0,1,2,0,0,0, 0.00007297, 0.00304176, 0.0001513, 0.00275972, 0.00301373,buy
2013-08-02,0,1,0,1,0,2,0,1,2,0,0,0,0,1,2,0,0,0, 0.00101288, 0.00547308, 0.0009688, 0.00504710, 0.00565822,buy
2013-08-03,0,0,0,1,0,2,0,1,1,0,0,0,0,1,2,0,0,0, 0.00038873, 0.00582008, 0.0016163, 0.00498172, 0.00554954,buy
2013-08-04,0,0,0,0,0,2,0,0,1,0,0,0,0,0,2,0,0,0,-0.00158207,-0.00117446,-0.0020733,-0.00174882,-0.00117446,sell
2013-08-05,0,1,0,0,0,2,0,0,0,0,0,0,0,0,1,0,0,0,-0.00582495,-0.00567237,-0.0059975,-0.00666589,-0.00492291,sell
2013-08-06,0,1,0,0,0,2,0,0,0,0,1,0,0,0,1,0,0,0,-0.00674347,-0.00674347,-0.0065527,-0.00695980,-0.00451454,sell
2013-08-07,0,1,0,0,0,2,0,0,0,0,1,0,0,0,1,0,0,0,-0.00674347,-0.00674347,-0.0065527,-0.00695980,-0.00451454,sell
2013-08-08,0,1,0,0,0,2,0,0,0,0,1,0,0,0,0,0,0,0,-0.00641493,-0.00589842,-0.0057261,-0.00581080,-0.00391057,sell
2013-08-09,0,1,0,0,0,1,1,0,0,0,1,0,0,0,0,0,0,0, 0.00040020, 0.00020627, 0.0005475,-0.00015502, 0.00037156,buy
2013-08-10,1,1,0,0,0,1,1,0,0,0,1,1,0,0,0,0,0,0,-0.00077538,-0.00126518,-0.0015215,-0.00302186,-0.00120059,sell
2013-08-11,1,1,0,0,0,1,1,0,0,0,1,1,0,0,0,0,0,0,-0.00077538,-0.00126518,-0.0015215,-0.00302186,-0.00120059,sell
2013-08-12,1,1,0,1,0,1,1,0,1,0,0,1,0,0,0,0,1,0, 0.00194658, 0.00138104, 0.0014000, 0.00099157, 0.00197132,buy
2013-08-13,1,1,0,1,0,1,0,0,1,1,0,1,0,0,1,0,1,0, 0.00415355, 0.00395873, 0.0060187, 0.00210420, 0.00593145,buy
2013-08-14,1,0,0,1,0,1,0,0,1,1,0,0,0,0,1,0,1,0, 0.00105435, 0.00158130, 0.0039737, 0.00161324, 0.00389260,buy
2013-08-15,1,0,1,1,0,1,0,0,1,1,0,0,0,0,1,0,1,0,-0.00132547, 0.00046784, 0.0008902,-0.00088919, 0.00040885,sell
2013-08-16,1,0,1,1,0,1,0,0,0,1,0,0,0,0,1,1,1,0,-0.00278357, 0.00003503,-0.0027164,-0.00228023,-0.00250924,sell
2013-08-17,1,0,1,0,0,1,1,0,0,1,0,0,0,0,0,1,1,0, 0.00017953, 0.00213419,-0.0008911, 0.00193375,-0.00090444,buy
2013-08-18,1,0,1,0,0,1,1,0,0,1,0,0,0,0,0,1,1,0, 0.00017953, 0.00213419,-0.0008911, 0.00193375,-0.00090444,buy
2013-08-19,1,0,1,0,0,2,1,0,0,2,0,1,0,0,0,1,1,0, 0.00210507, 0.00534894, 0.0048701, 0.00565743, 0.00544214,buy
2013-08-20,2,0,2,0,0,2,1,0,0,2,0,1,0,0,0,1,0,0, 0.00089925, 0.00574512, 0.0026566, 0.00321376, 0.00116939,buy
2013-08-21,2,0,2,0,0,2,1,0,0,2,0,1,1,0,0,2,0,0, 0.00178096, 0.00657782, 0.0033251, 0.00300964, 0.00178432,buy
2013-08-22,2,0,2,0,0,2,1,0,0,2,0,1,1,0,0,2,0,0, 0.00178096, 0.00657782, 0.0033251, 0.00300964, 0.00178432,buy
2013-08-23,2,0,2,0,0,1,0,1,0,1,0,1,1,0,0,2,0,0, 0.00517074, 0.00529362, 0.0036177, 0.00439047, 0.00440019,buy
2013-08-24,2,0,1,1,0,1,0,2,0,1,0,1,1,0,0,1,0,0, 0.00133816, 0.00123245,-0.0013096, 0.00128837, 0.00128445,buy
2013-08-25,3,0,0,1,0,0,0,2,0,1,0,1,1,0,0,1,0,0,-0.00106640,-0.00282072,-0.0028575,-0.00212543,-0.00241119,sell
2013-08-26,1,0,0,1,0,0,0,2,0,1,0,2,1,0,0,1,0,0,-0.00160747,-0.00249607,-0.0030024,-0.00257447,-0.00133366,sell
2013-08-27,1,0,0,1,0,0,0,2,1,0,0,2,1,0,0,1,0,0,-0.00384072,-0.00532600,-0.0056533,-0.00523657,-0.00479387,sell
2013-08-28,1,0,0,1,0,0,0,2,1,0,0,2,1,0,1,1,0,0,-0.00413297,-0.00587203,-0.0059205,-0.00587203,-0.00528094,sell
2013-08-29,1,0,0,2,0,0,0,1,2,0,0,2,0,0,1,1,0,0, 0.00283190, 0.00170006, 0.0017001, 0.00269918, 0.00176594,buy
2013-08-30,1,0,0,2,0,0,0,2,2,0,0,1,0,0,1,1,0,0, 0.00252833, 0.00120473, 0.0014442, 0.00219723, 0.00137398,buy
2013-08-31,1,0,0,1,1,0,0,2,1,0,0,1,0,0,1,0,0,1, 0.00368373, 0.00342590, 0.0034045, 0.00115494, 0.00332146,buy
2013-09-01,1,0,0,1,1,0,0,1,1,0,0,1,0,0,1,0,0,1, 0.00365476, 0.00342590, 0.0033130, 0.00115494, 0.00341296,buy
2013-09-02,1,0,0,0,1,0,0,1,1,0,0,1,0,0,1,0,0,1, 0.00308068, 0.00330315, 0.0029191, 0.00180923, 0.00341662,buy
2013-09-03,1,0,0,1,1,0,0,1,1,0,1,0,0,0,1,0,0,1, 0.00455435, 0.00455839, 0.0046012, 0.00114983, 0.00454682,buy
2013-09-04,0,0,0,1,1,0,0,1,1,0,1,0,0,0,1,0,0,1, 0.00289258, 0.00292167, 0.0039664, 0.00056940, 0.00258432,buy
2013-09-05,0,0,0,1,1,0,0,0,0,0,1,0,0,0,1,0,0,1, 0.00217136, 0.00218085, 0.0019842, 0.00110560, 0.00131021,buy
2013-09-06,0,0,0,1,0,0,0,0,0,0,1,0,0,0,1,0,0,1,-0.00066205,-0.00076677,-0.0008546,-0.00034722,-0.00060428,sell
2013-09-07,0,0,0,1,0,0,0,0,0,0,0,0,0,0,1,0,0,1, 0.00219994, 0.00208524, 0.0009850, 0.00139760, 0.00104600,buy
2013-09-08,0,0,0,1,0,0,0,0,0,0,0,0,0,0,0,0,0,1, 0.00010071,-0.00007404,-0.0004277,-0.00187607,-0.00063426,sell
2013-09-09,0,0,0,1,0,0,1,0,0,0,0,0,0,0,0,0,0,1,-0.00053867, 0.00039662,-0.0003250,-0.00150257,-0.00072012,sell
2013-09-10,0,0,0,1,0,0,1,0,0,0,0,0,0,0,0,0,0,1,-0.00053867, 0.00039662,-0.0003250,-0.00150257,-0.00072012,sell
2013-09-11,0,1,0,1,0,0,2,0,0,0,0,0,0,0,0,0,0,0, 0.00258632, 0.00324990, 0.0007022, 0.00288504, 0.00043576,buy
2013-09-12,0,1,0,0,0,0,2,0,0,0,1,1,0,0,0,0,0,0,-0.00166191,-0.00159874,-0.0018867,-0.00165479,-0.00119342,sell
2013-09-13,0,1,0,0,0,0,2,0,0,1,1,1,0,0,0,1,0,0,-0.00172623,-0.00274021,-0.0018082,-0.00184192,-0.00268570,sell
2013-09-14,0,1,0,0,0,1,1,0,0,1,1,1,0,0,0,1,0,0,-0.00139551,-0.00148264,-0.0015910,-0.00143421,-0.00172679,sell
2013-09-15,0,1,0,0,0,1,1,0,0,1,2,1,1,0,0,1,0,0,-0.00206921,-0.00113470,-0.0031196,-0.00184482,-0.00316532,sell
2013-09-16,0,2,0,0,0,1,1,0,0,2,2,1,1,0,0,1,0,0, 0.00017679, 0.00059887,-0.0020538,-0.00025902,-0.00208202,sell
2013-09-17,0,1,0,1,1,1,0,0,0,1,2,0,1,0,0,1,0,0, 0.00017536, 0.00053061,-0.0003951,-0.00044613,-0.00148184,sell
2013-09-18,0,1,0,1,1,1,0,0,0,1,2,0,1,0,1,1,0,0, 0.00183369, 0.00051066, 0.0002775, 0.00043887,-0.00153422,buy
2013-09-19,0,1,0,1,1,1,0,1,0,1,2,0,1,0,1,0,0,0, 0.00418234, 0.00056441, 0.0003487,-0.00011543,-0.00234120,buy
2013-09-20,0,1,0,1,1,1,0,1,0,1,1,0,1,0,1,0,0,0, 0.00401990, 0.00132828, 0.0027757, 0.00277569,-0.00119699,buy
2013-09-21,0,1,0,1,1,0,0,1,0,1,1,0,1,0,1,0,0,0, 0.00321244,-0.00026078, 0.0019590, 0.00323909,-0.00154918,buy
2013-09-22,0,1,0,1,1,1,0,1,0,0,1,0,1,0,1,0,0,0, 0.00397030, 0.00094716, 0.0032020, 0.00290009,-0.00123313,buy
2013-09-23,0,1,1,0,1,1,1,1,0,0,0,0,1,0,1,0,0,0, 0.00107849, 0.00086427, 0.0003890, 0.00250640,-0.00013165,buy
2013-09-24,0,1,1,0,1,1,1,0,0,0,0,0,1,0,0,0,0,0,-0.00104216,-0.00082888,-0.0019276,-0.00239273,-0.00177234,sell
2013-09-25,1,0,1,0,1,1,1,0,0,0,0,0,1,0,0,0,0,0, 0.00013310, 0.00024611,-0.0005130,-0.00031559,-0.00038920,sell
2013-09-26,1,0,1,0,1,1,1,0,0,0,0,0,1,0,0,0,0,0, 0.00013310, 0.00024611,-0.0005130,-0.00031559,-0.00038920,sell
2013-09-27,1,0,1,0,1,1,1,0,0,0,0,0,1,0,0,0,0,0, 0.00013310, 0.00024611,-0.0005130,-0.00031559,-0.00038920,sell
2013-09-28,1,0,1,0,1,1,1,0,0,0,0,0,1,0,0,0,0,0, 0.00013310, 0.00024611,-0.0005130,-0.00031559,-0.00038920,sell
2013-09-29,1,0,1,0,1,1,2,0,1,1,0,1,1,0,0,1,0,0,-0.00243526,-0.00209580, 0.0001296,-0.00294592, 0.00054253,sell
2013-09-30,1,0,0,0,1,1,1,0,1,1,0,1,1,0,0,1,0,0,-0.00345998,-0.00277380,-0.0017245,-0.00395411,-0.00040527,sell
2013-10-01,1,0,0,0,1,1,1,0,1,1,0,1,1,0,0,2,0,0,-0.00152118,-0.00062895,-0.0002845,-0.00109695,-0.00227809,sell
2013-10-02,1,0,0,0,1,1,1,0,1,1,0,1,1,0,0,2,0,0,-0.00152118,-0.00062895,-0.0002845,-0.00109695,-0.00227809,sell
2013-10-03,0,0,0,0,1,1,1,0,1,1,0,1,1,0,0,2,0,0,-0.00197460,-0.00192496,-0.0014595,-0.00207102,-0.00241326,sell
2013-10-04,0,0,0,0,1,1,1,0,1,2,1,1,1,0,0,2,0,0,-0.00212757,-0.00216712,-0.0022449,-0.00199113,-0.00137124,sell
2013-10-05,0,0,0,0,0,0,0,0,1,2,1,1,1,0,1,2,0,0,-0.00017349,-0.00105519,-0.0008798,-0.00034472,-0.00086731,sell
2013-10-06,0,0,0,0,0,0,0,0,0,1,1,1,1,0,1,2,0,0, 0.00037966,-0.00111297,-0.0008709,-0.00015570,-0.00027932,sell
2013-10-07,0,0,0,0,0,0,0,1,0,1,1,0,1,0,1,1,0,0,-0.00072807,-0.00094447,-0.0007016,-0.00106063,-0.00071714,sell
2013-10-08,0,1,0,1,0,0,0,2,0,1,1,0,1,0,1,0,0,0, 0.00347377,-0.00060623, 0.0020496, 0.00207174, 0.00059337,buy
2013-10-09,0,1,0,2,0,0,0,2,0,1,1,0,1,0,1,0,0,0, 0.00331133,-0.00058506, 0.0018871, 0.00205324, 0.00066865,buy
2013-10-10,0,1,0,2,0,0,0,2,0,1,1,0,1,0,1,0,0,0, 0.00331133,-0.00058506, 0.0018871, 0.00205324, 0.00066865,buy
2013-10-11,0,1,0,2,0,0,0,2,0,0,1,0,1,0,1,0,0,0, 0.00395946, 0.00019591, 0.0042829, 0.00352839, 0.00279994,buy
2013-10-12,0,1,0,2,0,0,0,2,0,0,1,0,1,0,0,0,0,0, 0.00384388, 0.00182291, 0.0043689, 0.00437849, 0.00354200,buy
2013-10-13,0,1,0,2,0,0,0,2,0,1,1,0,1,0,0,0,0,0, 0.00381003, 0.00110154, 0.0026077, 0.00394999, 0.00126706,buy
2013-10-14,0,1,0,2,0,0,0,1,0,1,1,0,1,0,1,0,0,0, 0.00217299,-0.00048348, 0.0018291, 0.00312991, 0.00066971,buy
2013-10-15,0,1,0,1,0,0,0,0,0,1,0,1,1,0,1,0,0,0, 0.00242495, 0.00242796, 0.0026630, 0.00215936, 0.00337322,buy
2013-10-16,0,1,1,0,0,0,0,0,0,1,0,1,1,0,1,0,0,0, 0.00097964,-0.00041975,-0.0004198,-0.00060273,-0.00060273,sell
2013-10-17,0,1,1,0,0,0,0,0,0,1,0,1,1,0,1,0,0,0, 0.00097964,-0.00041975,-0.0004198,-0.00060273,-0.00060273,sell
2013-10-18,0,1,1,0,0,0,0,0,0,1,0,1,1,0,1,0,0,0, 0.00097964,-0.00041975,-0.0004198,-0.00060273,-0.00060273,sell
2013-10-19,0,1,1,0,0,0,0,0,0,0,0,1,1,0,1,0,0,0, 0.00079416,-0.00057521,-0.0006862,-0.00113479,-0.00068620,sell
2013-10-20,0,0,1,0,0,0,0,0,0,0,0,1,1,0,0,0,0,0,-0.00217388,-0.00436145,-0.0020322,-0.00214575,-0.00224820,sell
2013-10-21,0,0,1,0,0,0,0,0,0,0,0,1,1,0,0,0,0,0,-0.00217388,-0.00436145,-0.0020322,-0.00214575,-0.00224820,sell
2013-10-22,0,0,1,0,0,0,0,0,0,0,0,0,1,0,0,0,0,1, 0.00295120, 0.00312386, 0.0037782, 0.00331368, 0.00162111,buy
2013-10-23,0,0,2,0,0,0,1,0,0,0,0,0,1,0,0,0,0,1, 0.00020301,-0.00041621,-0.0014994,-0.00059267,-0.00215991,sell
2013-10-24,0,0,2,0,0,0,1,0,0,0,0,0,1,0,0,0,0,1, 0.00020301,-0.00041621,-0.0014994,-0.00059267,-0.00215991,sell
2013-10-25,0,0,2,0,0,0,1,0,0,0,0,0,1,0,0,0,0,1, 0.00020301,-0.00041621,-0.0014994,-0.00059267,-0.00215991,sell
2013-10-26,0,0,1,0,0,0,1,0,0,0,1,0,1,0,0,0,0,1,-0.00175151,-0.00264052,-0.0013799,-0.00197826,-0.00137985,sell
2013-10-27,0,0,1,0,0,1,1,0,0,0,1,0,1,0,0,0,0,0, 0.00053679, 0.00065497, 0.0005079,-0.00026938,-0.00005068,buy
2013-10-28,1,0,1,0,0,1,1,0,0,0,1,0,1,0,0,0,0,0, 0.00180969, 0.00215527, 0.0022164, 0.00130903, 0.00134987,buy
2013-10-29,1,0,1,0,0,1,0,0,0,1,1,0,1,0,1,0,0,0,-0.00019096,-0.00023014, 0.0002608, 0.00018635, 0.00038376,sell
2013-10-30,1,0,0,0,0,2,0,0,0,2,1,0,1,0,2,0,1,0, 0.00336883, 0.00345919, 0.0033940, 0.00379544, 0.00244006,buy
2013-10-31,1,0,0,0,0,2,0,0,0,2,2,0,2,0,2,0,1,0, 0.00249820, 0.00249820, 0.0021482, 0.00279891, 0.00225337,buy
2013-11-01,0,1,0,0,0,2,0,0,0,2,3,0,2,0,2,0,1,0, 0.00150079, 0.00150079, 0.0004173, 0.00248605, 0.00108134,buy
2013-11-02,0,1,0,0,0,2,0,0,0,2,2,0,2,0,2,0,1,0, 0.00158103, 0.00158103, 0.0010576, 0.00274981, 0.00194458,buy
2013-11-03,0,1,0,0,0,2,0,0,0,2,2,0,2,0,2,0,0,0, 0.00120860, 0.00120860, 0.0000196, 0.00216054, 0.00192799,buy
2013-11-04,1,1,0,0,0,1,0,1,0,2,2,0,1,0,2,0,0,0, 0.00272446, 0.00319784, 0.0017954, 0.00206602, 0.00310872,buy
2013-11-05,1,1,0,0,0,1,1,1,0,0,2,0,1,0,0,0,0,0,-0.00104630,-0.00078990,-0.0010885,-0.00103807,-0.00121352,sell
2013-11-06,1,2,0,0,0,1,1,1,0,0,2,0,1,0,0,0,0,1,-0.00017650,-0.00009665,-0.0004748,-0.00184161,-0.00033030,sell
2013-11-07,1,2,0,0,0,1,1,1,0,0,2,0,1,0,0,0,0,1,-0.00017650,-0.00009665,-0.0004748,-0.00184161,-0.00033030,sell
2013-11-08,1,2,0,0,0,1,1,1,0,0,1,0,1,0,0,0,0,1, 0.00025889,-0.00019237,-0.0013982,-0.00234485,-0.00139825,sell
2013-11-09,1,2,1,0,1,1,1,1,0,0,1,0,1,0,0,0,0,1, 0.00429698, 0.00378385,-0.0009215, 0.00045720, 0.00061826,buy
2013-11-10,1,2,1,0,1,1,1,1,0,0,1,0,1,0,0,0,0,1, 0.00429698, 0.00378385,-0.0009215, 0.00045720, 0.00061826,buy
2013-11-11,1,2,1,0,1,0,1,1,1,0,1,0,1,0,0,1,0,1, 0.00468117, 0.00424304, 0.0002070, 0.00327292, 0.00323004,buy
2013-11-12,1,2,1,0,1,0,1,0,1,0,0,0,1,0,0,1,0,0, 0.00398355, 0.00176111, 0.0018028, 0.00173126, 0.00208130,buy
2013-11-13,1,1,1,0,1,0,1,0,2,0,0,0,1,0,0,2,0,0, 0.00418065, 0.00243964, 0.0024216, 0.00225562, 0.00201790,buy
2013-11-14,1,1,1,0,1,0,1,0,2,0,0,0,1,0,0,2,0,0, 0.00418065, 0.00243964, 0.0024216, 0.00225562, 0.00201790,buy
2013-11-15,1,1,1,0,1,0,1,0,2,0,0,0,1,0,0,2,0,0, 0.00418065, 0.00243964, 0.0024216, 0.00225562, 0.00201790,buy
2013-11-16,0,1,0,0,1,0,1,0,2,0,0,0,1,0,0,2,0,0, 0.00233672, 0.00234198, 0.0021529, 0.00177900, 0.00183204,buy
2013-11-17,0,1,0,0,1,0,1,0,2,0,0,0,1,0,1,2,0,0, 0.00108126, 0.00393178, 0.0010572, 0.00110166, 0.00175879,buy
2013-11-18,0,1,0,0,1,0,0,0,2,1,0,0,1,0,1,2,0,0,-0.00118075,-0.00091622,-0.0011659,-0.00049341,-0.00121918,sell
2013-11-19,0,1,0,0,1,0,0,0,2,1,0,1,1,0,1,1,0,0,-0.00162604,-0.00095398,-0.0020295,-0.00087809,-0.00148679,sell
2013-11-20,0,1,0,0,0,0,0,0,2,1,0,1,1,0,1,0,0,0, 0.00004814,-0.00072435,-0.0017567, 0.00026636, 0.00010968,sell
2013-11-21,0,1,0,0,0,0,1,1,0,1,0,1,1,0,1,0,0,0, 0.00270235, 0.00030313, 0.0029128, 0.00324323, 0.00065567,buy
2013-11-22,0,0,0,0,0,0,1,1,0,1,1,1,1,0,1,0,0,0, 0.00357324, 0.00106093, 0.0031900, 0.00364962, 0.00086838,buy
2013-11-23,0,0,0,1,0,0,1,1,0,1,1,1,1,0,0,0,0,1,-0.00032747, 0.00046558,-0.0005889,-0.00115246,-0.00099099,sell
2013-11-24,0,0,0,2,0,0,1,1,0,0,1,1,1,0,0,0,0,1, 0.00127176, 0.00096185, 0.0014589, 0.00099703, 0.00127136,buy
2013-11-25,0,0,0,2,0,0,1,1,0,0,1,1,1,0,0,0,0,1, 0.00127176, 0.00096185, 0.0014589, 0.00099703, 0.00127136,buy
2013-11-26,0,0,1,2,0,0,1,1,0,0,1,1,1,0,0,0,0,1, 0.00187752, 0.00142005, 0.0021306, 0.00169290, 0.00140625,buy
2013-11-27,0,0,1,2,0,0,1,1,0,0,1,1,1,0,1,0,0,1, 0.00277970, 0.00253431, 0.0017702, 0.00153297, 0.00238534,buy
2013-11-28,0,0,1,2,0,0,1,0,0,0,1,1,1,0,1,0,0,1, 0.00263414, 0.00199750, 0.0027135, 0.00242399, 0.00199750,buy
2013-11-29,0,1,1,2,0,0,1,0,1,1,1,0,1,0,1,1,0,1, 0.00411729, 0.00411729, 0.0057158, 0.00408014, 0.00347631,buy
2013-11-30,1,1,1,1,0,1,0,0,1,1,0,0,1,0,1,1,0,1,-0.00044087,-0.00053245, 0.0044043,-0.00106232,-0.00092014,sell
2013-12-01,1,1,0,1,0,1,0,0,1,1,0,0,1,0,1,1,0,1,-0.00238104,-0.00152863, 0.0029580,-0.00264128,-0.00175282,sell
2013-12-02,1,1,0,1,0,1,0,0,1,1,0,0,1,0,1,1,0,0,-0.00148275, 0.00004604,-0.0006486, 0.00067826, 0.00031311,sell
2013-12-03,1,1,0,1,0,1,0,0,1,1,0,0,0,0,1,0,0,0, 0.00100734, 0.00065360,-0.0013712, 0.00073951, 0.00056132,buy
2013-12-04,1,1,0,1,0,1,0,1,1,1,0,0,0,0,0,0,0,0,-0.00191392,-0.00130780,-0.0027405,-0.00165722,-0.00197296,sell
2013-12-05,1,1,0,1,0,1,0,1,0,1,0,0,0,0,0,0,0,0,-0.00367264,-0.00490881,-0.0039963,-0.00378337,-0.00282377,sell
2013-12-06,0,1,0,1,0,1,0,1,0,0,0,1,0,0,0,0,0,0,-0.00017134,-0.00003136,-0.0005347,-0.00106966,-0.00051257,sell
2013-12-07,0,1,1,1,0,0,0,1,0,0,0,1,0,0,0,0,0,0,-0.00215782, 0.00253312,-0.0023547, 0.00169861, 0.00112454,sell
2013-12-08,0,1,1,1,0,0,0,1,0,0,0,1,0,0,1,0,0,0, 0.00766920, 0.00694926, 0.0068909, 0.00636355, 0.00709766,buy
2013-12-09,0,1,1,1,0,0,0,0,0,0,0,1,0,0,1,0,0,0, 0.00659055, 0.00695730, 0.0062986, 0.00316884, 0.00622821,buy
2013-12-10,0,0,1,0,0,0,0,0,0,1,0,1,0,0,1,0,1,0,-0.00014307,-0.00028057, 0.0000525, 0.00164178,-0.00027842,buy
2013-12-11,0,0,1,0,0,0,0,0,0,1,0,1,0,0,1,0,1,0,-0.00014307,-0.00028057, 0.0000525, 0.00164178,-0.00027842,buy
2013-12-12,0,0,1,0,0,0,0,0,0,1,0,1,0,0,1,0,1,0,-0.00014307,-0.00028057, 0.0000525, 0.00164178,-0.00027842,buy
2013-12-13,0,1,1,0,0,0,0,0,0,1,0,1,0,0,0,0,1,0, 0.00062538, 0.00278609, 0.0027861, 0.00352446,-0.00110830,buy
2013-12-14,0,1,0,0,0,0,0,0,0,0,0,0,0,0,0,0,1,0,-0.00175003,-0.00088130,-0.0004169,-0.00056018, 0.00077286,sell
2013-12-15,0,1,1,0,0,0,0,0,0,0,0,1,0,0,0,0,1,0, 0.00355556, 0.00521822, 0.0052182, 0.00521822, 0.00079397,buy
2013-12-16,0,1,1,0,0,0,0,0,0,0,0,1,0,0,0,0,0,0, 0.00036182,-0.00149716,-0.0013989,-0.00119271,-0.00115345,sell
2013-12-17,0,1,1,0,0,0,0,0,0,0,0,1,0,1,0,0,0,0,-0.00097038,-0.00115954,-0.0016152,-0.00122013,-0.00122013,sell
2013-12-18,0,1,1,0,0,0,0,0,0,0,0,1,0,1,0,0,0,0,-0.00097038,-0.00115954,-0.0016152,-0.00122013,-0.00122013,sell
2013-12-19,0,0,0,0,0,0,0,0,0,0,0,1,0,1,0,0,0,0, 0.00129186, 0.00074842, 0.0001043, 0.00074842, 0.00074842,buy
2013-12-20,0,0,0,0,0,0,0,0,0,0,0,0,0,1,0,0,0,0, 0.00166721, 0.00151335, 0.0015851, 0.00146566, 0.00147053,buy
2013-12-21,0,0,0,0,0,0,0,1,0,0,0,0,0,1,0,0,0,1, 0.00166912,-0.00085925, 0.0007831, 0.00385650, 0.00232060,buy
2013-12-22,0,0,0,0,0,0,0,1,0,0,0,0,1,1,0,0,0,1, 0.00191774,-0.00085725, 0.0009421, 0.00352619, 0.00191774,buy
2013-12-23,0,0,0,0,0,0,0,1,0,0,1,0,1,1,0,0,0,1, 0.00065590,-0.00139876,-0.0005783, 0.00310499, 0.00052442,buy
2013-12-24,0,0,0,0,0,0,0,2,0,0,1,0,1,0,0,0,0,1,-0.00023655, 0.00039535, 0.0001159,-0.00051153,-0.00070669,sell
2013-12-25,0,0,0,0,0,0,0,2,0,0,2,0,1,0,0,0,0,1, 0.00167324, 0.00152660, 0.0005478, 0.00135884, 0.00135884,buy
2013-12-26,0,0,0,0,0,0,0,2,0,0,2,0,1,0,0,0,0,0, 0.00110410, 0.00183992, 0.0010826, 0.00190652, 0.00185593,buy
2013-12-27,0,0,0,0,0,0,0,2,0,0,2,0,1,0,0,1,0,0, 0.00149081, 0.00187297, 0.0014847, 0.00187297, 0.00187297,buy
2013-12-28,0,0,0,0,0,1,0,1,2,0,2,0,1,0,0,2,0,0,-0.00100599, 0.00085921,-0.0011557,-0.00197959, 0.00008327,sell
2013-12-29,0,0,0,0,0,2,0,0,2,0,2,0,1,0,0,2,0,0,-0.00546890, 0.00046907,-0.0042175,-0.00433780,-0.00205545,sell
2013-12-30,0,0,0,0,0,2,0,0,2,0,0,0,1,0,0,2,0,0,-0.00189555, 0.00104084, 0.0003341, 0.00033406,-0.00035793,sell
2013-12-31,0,0,0,0,0,2,0,0,2,0,0,0,1,0,0,2,0,0,-0.00189555, 0.00104084, 0.0003341, 0.00033406,-0.00035793,sell
2014-01-01,0,0,0,1,0,2,0,0,2,0,0,0,1,0,0,1,0,0,-0.00006817,-0.00015451, 0.0011868, 0.00100369, 0.00125376,buy
2014-01-02,0,0,0,2,0,2,0,0,2,0,0,0,1,0,0,1,0,0,-0.00059571,-0.00258764,-0.0004767,-0.00098955,-0.00156600,sell
2014-01-03,0,1,0,2,0,2,1,0,2,0,0,0,1,0,0,0,0,0, 0.00017703,-0.00340064,-0.0029778,-0.00266867,-0.00281843,sell
2014-01-04,0,1,0,2,0,1,1,0,1,0,0,1,1,0,0,0,0,0,-0.00072654,-0.00377604,-0.0016122,-0.00094414,-0.00143120,sell
2014-01-05,0,1,0,2,0,1,2,0,1,0,0,1,0,0,0,0,0,0,-0.00044780, 0.00025660, 0.0004201,-0.00041369, 0.00002689,sell
2014-01-06,0,2,0,1,0,1,2,0,0,0,0,1,0,0,0,0,1,0,-0.00090902,-0.00148236,-0.0028477,-0.00288575,-0.00290605,sell
2014-01-07,0,2,0,1,0,1,1,0,0,0,0,2,0,0,0,0,1,0, 0.00043686, 0.00020244, 0.0002895, 0.00080388, 0.00083947,buy
2014-01-08,0,2,0,1,0,1,1,0,0,0,0,3,0,0,0,0,1,0, 0.00221848, 0.00164474, 0.0017737, 0.00209390, 0.00208110,buy
2014-01-09,0,2,0,1,0,0,1,0,0,0,0,2,1,0,0,0,1,0,-0.00016847,-0.00028333,-0.0004844,-0.00040232,-0.00036642,sell
2014-01-10,0,2,0,0,0,0,1,0,0,0,0,2,1,0,0,0,0,0,-0.00143737,-0.00163697,-0.0026348,-0.00162653,-0.00143737,sell
2014-01-11,0,0,0,0,0,0,2,0,0,0,0,2,1,0,0,0,0,0, 0.00154324,-0.00110166, 0.0000890, 0.00084911, 0.00189848,buy
2014-01-12,0,1,0,0,0,0,1,1,0,0,0,2,1,0,0,0,0,0,-0.00115791,-0.00050418,-0.0032588,-0.00461097,-0.00379223,sell
2014-01-13,0,1,0,0,0,1,1,1,0,0,0,2,1,0,0,0,0,0,-0.00087490,-0.00055816,-0.0026462,-0.00361344,-0.00420896,sell
2014-01-14,0,1,0,0,0,1,1,1,0,0,0,2,0,0,0,0,0,0,-0.00014319, 0.00284591,-0.0024949,-0.00263232,-0.00179019,sell
2014-01-15,0,1,0,0,0,1,1,1,0,0,0,1,0,0,0,1,0,0, 0.00331390, 0.00313975, 0.0031896, 0.00319318, 0.00207969,buy
2014-01-16,0,1,0,1,0,1,1,0,0,0,0,0,0,0,0,1,0,0, 0.00318650, 0.00309364, 0.0002193, 0.00288760, 0.00066424,buy
2014-01-17,0,1,0,1,0,1,1,0,0,1,0,0,0,0,0,1,0,0, 0.00046018,-0.00087476,-0.0003266,-0.00050323,-0.00123260,sell
2014-01-18,0,1,1,1,0,1,1,0,0,1,0,0,0,0,0,1,0,0, 0.00189995,-0.00187714, 0.0018421, 0.00167178,-0.00210115,buy
2014-01-19,0,1,1,1,0,1,1,0,0,1,0,0,0,0,0,1,0,1,-0.00106891,-0.00069214,-0.0010689,-0.00074585,-0.00080569,sell
2014-01-20,0,1,1,1,0,1,1,0,0,1,0,0,0,0,0,0,0,1,-0.00016601,-0.00020594,-0.0002380,-0.00063953, 0.00046762,sell
2014-01-21,0,0,1,1,0,0,1,1,1,0,0,0,0,0,0,0,0,1, 0.00188419, 0.00191445, 0.0019144, 0.00184822, 0.00132136,buy
2014-01-22,0,0,0,1,1,0,0,1,1,0,0,0,0,0,0,0,0,1,-0.00017577, 0.00014922,-0.0008133,-0.00011146,-0.00028067,sell
2014-01-23,0,0,0,1,1,0,0,1,1,0,0,1,0,0,0,0,0,0,-0.00055228, 0.00011219, 0.0005375, 0.00132427, 0.00061874,buy
2014-01-24,0,0,0,1,1,0,0,1,1,0,0,1,0,0,1,0,0,0, 0.00062868, 0.00002808, 0.0006026, 0.00124734, 0.00032998,buy
2014-01-25,0,0,0,1,1,0,0,1,1,0,0,1,0,0,1,0,0,0, 0.00062868, 0.00002808, 0.0006026, 0.00124734, 0.00032998,buy
2014-01-26,0,0,0,1,1,0,0,1,2,0,0,1,0,0,1,1,0,0,-0.00183489,-0.00273776,-0.0022158, 0.00078750,-0.00237250,sell
2014-01-27,0,0,0,2,1,0,0,1,2,0,0,1,0,0,1,1,0,0,-0.00028710,-0.00208616,-0.0011185, 0.00290168,-0.00115659,sell
2014-01-28,1,0,0,2,0,0,0,0,2,0,0,0,0,0,1,1,1,0, 0.00228663, 0.00182408, 0.0006938, 0.00219517, 0.00201248,buy
2014-01-29,1,0,1,2,0,0,0,0,2,1,0,0,0,0,1,1,1,0, 0.00115620, 0.00071298,-0.0005871, 0.00107599, 0.00167010,buy
2014-01-30,1,0,1,2,0,0,0,0,2,1,0,0,0,1,0,1,1,0,-0.00045359,-0.00044110,-0.0011138,-0.00064566, 0.00158725,sell
2014-01-31,1,0,1,2,0,0,1,0,2,1,0,0,0,1,0,1,1,0,-0.00121948,-0.00121948,-0.0006990,-0.00068272, 0.00199697,sell
2014-02-01,1,0,1,1,0,0,1,0,1,1,0,0,0,1,0,1,1,0,-0.00130701,-0.00102456,-0.0012803,-0.00130701, 0.00200268,sell
2014-02-02,1,0,1,1,0,0,1,0,1,1,0,0,0,1,0,0,1,0,-0.00087599,-0.00050057,-0.0007659,-0.00087599, 0.00196095,sell
2014-02-03,1,0,1,1,0,0,1,0,1,1,0,0,0,1,0,0,0,0,-0.00312596,-0.00312596,-0.0032730,-0.00318581, 0.00263699,sell
2014-02-04,1,0,0,1,0,0,1,0,1,1,0,0,0,1,0,0,0,0,-0.00273068,-0.00284932,-0.0030371,-0.00348256, 0.00243642,sell
2014-02-05,1,0,0,1,0,0,1,0,1,0,0,0,0,1,0,0,0,0,-0.00258936,-0.00186547,-0.0022311,-0.00516924,-0.00010935,sell
2014-02-06,1,0,0,1,0,0,1,0,1,0,0,0,0,0,0,0,0,0,-0.00352969, 0.00059202,-0.0033983, 0.00119604,-0.00359530,sell
2014-02-07,1,0,0,1,0,0,1,0,1,0,0,0,0,0,0,0,0,0,-0.00352969, 0.00059202,-0.0033983, 0.00119604,-0.00359530,sell
2014-02-08,1,0,0,1,0,0,1,0,1,0,0,1,0,0,0,0,0,0,-0.00223943, 0.00174238,-0.0007670, 0.00310259, 0.00040458,buy
2014-02-09,1,0,0,1,0,0,1,0,1,0,0,1,0,0,0,0,1,0, 0.00076223, 0.00043485, 0.0004490, 0.00044902, 0.00009071,buy
2014-02-10,1,0,0,1,0,0,1,0,1,0,0,1,0,0,1,0,1,0, 0.00184460, 0.00102476, 0.0014345, 0.00092861, 0.00084468,buy
2014-02-11,1,0,0,0,1,0,1,0,1,0,0,1,0,0,1,0,1,0, 0.00082226, 0.00025273, 0.0003201, 0.00149073, 0.00052913,buy
2014-02-12,1,0,0,1,1,0,1,0,2,0,0,1,0,0,1,0,1,0, 0.00075730, 0.00030752, 0.0004568,-0.00027093, 0.00045676,buy
2014-02-13,1,0,0,1,1,0,1,0,3,0,0,1,0,0,1,0,1,0,-0.00022693, 0.00007150,-0.0003676,-0.00003761,-0.00027629,sell
2014-02-14,1,0,0,2,2,0,1,0,2,0,0,1,1,0,1,0,1,0,-0.00124133,-0.00087322,-0.0012441,-0.00229574,-0.00142057,sell
2014-02-15,0,0,0,2,2,0,1,0,2,0,0,0,1,0,2,0,0,0,-0.00038209,-0.00045504,-0.0002058,-0.00065460,-0.00029111,sell
2014-02-16,0,0,0,2,2,0,1,0,2,0,0,1,1,0,2,0,0,0,-0.00137377,-0.00145056,-0.0008078,-0.00092504,-0.00142850,sell
2014-02-17,1,0,0,2,2,0,1,0,2,0,0,1,1,0,1,0,0,0,-0.00080497,-0.00037140,-0.0006162,-0.00029434,-0.00010922,sell
2014-02-18,1,0,0,1,2,0,1,0,1,0,0,1,0,0,1,0,0,0, 0.00314932, 0.00212851, 0.0031493, 0.00028287, 0.00306749,buy
2014-02-19,1,0,0,1,0,0,2,0,1,0,0,1,0,0,1,0,0,1, 0.00031038, 0.00046727, 0.0006099, 0.00059204, 0.00156146,buy
2014-02-20,1,0,0,0,0,0,2,0,0,0,0,2,0,0,1,0,0,1, 0.00002201, 0.00003438,-0.0000513,-0.00069033, 0.00081124,sell
2014-02-21,1,0,0,0,0,0,2,0,0,0,0,2,1,0,0,0,0,1, 0.00103327, 0.00098837, 0.0005685,-0.00026439, 0.00111050,buy
2014-02-22,1,0,0,0,0,0,2,0,0,0,0,2,1,0,0,0,0,1, 0.00103327, 0.00098837, 0.0005685,-0.00026439, 0.00111050,buy
2014-02-23,1,0,0,0,0,0,2,0,0,0,0,1,1,0,0,0,0,1, 0.00184924, 0.00095995, 0.0012650, 0.00113140, 0.00174062,buy
2014-02-24,0,0,0,0,0,0,2,0,0,0,0,1,1,0,0,0,0,0, 0.00112411,-0.00059606, 0.0008125, 0.00112891, 0.00158722,buy
2014-02-25,0,0,0,0,0,0,1,0,0,0,0,1,1,0,0,0,0,0, 0.00037101, 0.00024238, 0.0004794, 0.00037101, 0.00073237,buy
2014-02-26,0,0,1,0,0,1,1,0,0,0,0,1,1,0,0,1,0,0,-0.00053483,-0.00039767,-0.0011666,-0.00073760,-0.00088593,sell
2014-02-27,0,0,1,0,0,1,1,0,0,0,0,1,1,0,0,1,0,0,-0.00053483,-0.00039767,-0.0011666,-0.00073760,-0.00088593,sell
2014-02-28,0,0,1,0,0,2,0,0,0,1,0,1,1,0,0,1,0,0,-0.00300927,-0.00259745,-0.0013870,-0.00259745,-0.00299391,sell
2014-03-01,0,0,1,0,0,2,0,0,0,1,0,1,1,0,0,1,0,0,-0.00300927,-0.00259745,-0.0013870,-0.00259745,-0.00299391,sell
2014-03-02,0,0,1,0,0,2,0,0,0,1,0,0,1,0,0,1,0,0,-0.00431764,-0.00437812,-0.0029534,-0.00459884,-0.00393105,sell
2014-03-03,0,0,1,0,0,2,0,0,0,1,0,0,1,0,0,1,0,0,-0.00431764,-0.00437812,-0.0029534,-0.00459884,-0.00393105,sell
2014-03-04,0,2,1,0,0,2,0,0,0,1,0,0,1,0,0,1,0,0, 0.00172501, 0.00171905, 0.0017621, 0.00158305, 0.00169315,buy
2014-03-05,0,2,0,0,0,2,0,0,0,1,0,0,1,0,0,0,0,0, 0.00215003, 0.00304591, 0.0024514, 0.00298193, 0.00210425,buy
2014-03-06,0,2,0,0,0,2,0,0,0,1,0,0,1,0,0,0,0,0, 0.00215003, 0.00304591, 0.0024514, 0.00298193, 0.00210425,buy
2014-03-07,0,2,0,0,0,0,0,0,0,0,0,1,1,0,0,0,0,0, 0.00304888, 0.00209009,-0.0001798, 0.00180918, 0.00326721,buy
2014-03-08,0,2,0,0,0,0,0,1,0,0,0,1,1,0,0,0,0,0, 0.00308877, 0.00122238,-0.0009412, 0.00244330, 0.00253221,buy
2014-03-09,0,2,0,0,0,0,0,1,0,0,0,1,1,1,0,0,0,0, 0.00131118, 0.00269194, 0.0001408, 0.00322291, 0.00362594,buy
2014-03-10,0,2,0,1,0,0,0,1,0,0,1,1,1,1,0,0,0,0, 0.00189480, 0.00236885, 0.0015672, 0.00230923, 0.00228885,buy
2014-03-11,0,0,0,1,1,0,0,1,0,0,1,1,1,1,1,0,0,0,-0.00100144,-0.00100144,-0.0015000,-0.00238703,-0.00153338,sell
2014-03-12,0,0,0,1,1,0,0,1,0,0,1,1,1,1,1,0,0,0,-0.00100144,-0.00100144,-0.0015000,-0.00238703,-0.00153338,sell
2014-03-13,0,0,0,1,1,0,0,1,1,0,1,1,1,1,1,0,0,0,-0.00121094,-0.00116263,-0.0016107,-0.00161075,-0.00199943,sell
2014-03-14,0,0,1,1,2,0,0,1,1,0,1,1,1,1,1,0,0,0,-0.00360732,-0.00386270,-0.0046971,-0.00445134,-0.00330843,sell
2014-03-15,0,0,1,1,2,0,0,1,1,0,1,0,1,1,1,1,0,0,-0.00376502,-0.00376637,-0.0047003,-0.00461895,-0.00413210,sell
2014-03-16,1,0,1,1,2,0,0,0,1,0,1,0,1,1,1,1,0,0,-0.00265239,-0.00270873,-0.0027109,-0.00269499,-0.00184521,sell
2014-03-17,1,0,1,0,2,0,0,0,1,1,0,0,1,1,1,1,0,0, 0.00151446, 0.00078787, 0.0007879, 0.00030568, 0.00067533,buy
2014-03-18,2,0,1,0,1,0,0,0,1,1,0,0,1,1,0,1,0,0, 0.00157632, 0.00074124, 0.0006236, 0.00075251, 0.00074124,buy
2014-03-19,2,0,1,0,1,0,1,0,1,1,0,0,1,1,0,1,0,0, 0.00120244, 0.00007042, 0.0000704, 0.00168670, 0.00055544,buy
2014-03-20,2,0,1,0,0,0,1,0,0,1,0,0,1,0,0,1,0,0, 0.00338625, 0.00263769, 0.0026542, 0.00414579,-0.00063924,buy
2014-03-21,1,0,1,0,0,0,1,0,0,1,0,0,1,0,0,1,0,0, 0.00167749, 0.00192102, 0.0014736, 0.00476787, 0.00033413,buy
2014-03-22,1,0,0,0,0,0,1,0,0,1,0,0,1,0,0,1,0,0, 0.00343532, 0.00380002, 0.0028991, 0.00660908, 0.00315940,buy
2014-03-23,1,0,0,0,0,1,1,1,0,1,0,0,1,0,0,0,0,0,-0.00109761,-0.00258529, 0.0009459,-0.00302874,-0.00065688,sell
2014-03-24,0,0,1,0,0,1,1,1,0,0,0,0,1,0,0,0,0,0, 0.00018740, 0.00019270, 0.0002636, 0.00003751,-0.00059105,sell
2014-03-25,0,0,1,0,0,1,1,1,0,0,0,1,1,0,0,1,0,0,-0.00060361, 0.00004870,-0.0003657,-0.00028520,-0.00123005,sell
2014-03-26,0,1,1,0,0,1,0,1,0,1,0,1,1,0,0,1,0,0,-0.00240220,-0.00119387,-0.0037339,-0.00119387,-0.00128491,sell
2014-03-27,0,1,1,0,1,0,0,1,0,1,0,2,1,0,0,1,0,0,-0.00117765,-0.00212323,-0.0024137,-0.00060069,-0.00217612,sell
2014-03-28,0,1,1,0,1,0,0,1,0,1,0,2,1,0,0,1,0,0,-0.00117765,-0.00212323,-0.0024137,-0.00060069,-0.00217612,sell
2014-03-29,0,1,0,1,1,0,0,1,0,1,0,2,1,0,1,1,0,0, 0.00158666, 0.00278462, 0.0026414, 0.00228083, 0.00310784,buy
2014-03-30,0,1,0,2,1,0,0,1,0,1,0,2,1,0,1,0,0,0, 0.00137969, 0.00066220, 0.0042824, 0.00121915, 0.00400726,buy
2014-03-31,0,0,0,2,2,0,0,0,0,1,0,2,1,0,2,0,0,0, 0.00317389, 0.00317532, 0.0032282, 0.00317532, 0.00093394,buy
2014-04-01,1,0,0,2,1,0,0,0,1,1,1,1,1,0,2,0,0,0, 0.00298452, 0.00355798, 0.0029845, 0.00242266, 0.00265758,buy
2014-04-02,1,0,0,2,1,0,0,0,1,1,1,0,1,0,2,0,0,0, 0.00243538, 0.00311714, 0.0029782, 0.00200145, 0.00277711,buy
2014-04-03,1,0,0,2,1,0,0,0,1,1,1,0,1,0,2,0,0,0, 0.00243538, 0.00311714, 0.0029782, 0.00200145, 0.00277711,buy
2014-04-04,2,0,0,2,0,0,0,0,1,1,1,0,1,0,2,0,0,0, 0.00150751, 0.00323082, 0.0016972, 0.00046739, 0.00165531,buy
2014-04-05,2,0,0,1,0,1,0,0,1,1,0,0,1,0,2,0,0,1, 0.00314655, 0.00128547, 0.0033973, 0.00348948, 0.00314655,buy
2014-04-06,2,0,0,0,0,1,0,0,1,1,0,0,1,0,2,0,0,1, 0.00323110, 0.00447059, 0.0029979, 0.00323110, 0.00299788,buy
2014-04-07,1,0,0,0,0,2,0,0,1,0,0,0,1,0,0,0,0,1,-0.00151694,-0.00188531,-0.0017026,-0.00152995, 0.00060484,sell
2014-04-08,0,0,0,0,0,2,2,0,0,0,0,0,1,0,0,0,0,1,-0.00386832,-0.00131565,-0.0033786,-0.00020224,-0.00337865,sell
2014-04-09,0,0,0,0,0,2,2,1,0,0,1,0,1,0,0,0,0,1,-0.00641750,-0.00244028,-0.0052732,-0.00501148,-0.00495432,sell
2014-04-10,0,0,0,0,0,2,2,1,0,0,1,1,1,0,0,0,0,1,-0.00519557,-0.00204681,-0.0033262,-0.00301808,-0.00328136,sell
2014-04-11,0,1,0,0,0,2,2,1,0,0,1,1,1,0,0,0,0,1,-0.00366675,-0.00170080,-0.0029174,-0.00297890,-0.00308668,sell
2014-04-12,0,1,0,0,0,0,2,1,0,0,1,1,1,0,1,0,0,1, 0.00018365,-0.00005949, 0.0006633, 0.00041220, 0.00057078,buy
2014-04-13,0,2,0,1,0,0,2,1,0,1,1,1,1,0,1,0,0,1, 0.00408654, 0.00351694, 0.0041846, 0.00460472, 0.00337348,buy
2014-04-14,0,2,0,1,0,1,2,0,0,1,1,0,1,0,1,0,0,1, 0.00075618, 0.00075618, 0.0025441, 0.00201099, 0.00070577,buy
2014-04-15,0,2,1,1,0,1,1,0,0,2,0,0,1,0,1,1,0,0, 0.00091958, 0.00134222, 0.0013848, 0.00044235, 0.00109475,buy
2014-04-16,0,2,1,1,0,1,0,0,0,2,0,0,1,0,1,1,0,0, 0.00116386, 0.00133432, 0.0013421, 0.00106752, 0.00101700,buy
2014-04-17,0,2,1,0,1,1,1,0,0,1,1,0,1,0,1,1,0,0, 0.00165733, 0.00161987, 0.0016199, 0.00111068, 0.00161987,buy
2014-04-18,0,2,1,0,1,1,1,0,0,1,1,0,1,0,0,1,0,0, 0.00121598, 0.00180101, 0.0009061, 0.00129125, 0.00090608,buy
2014-04-19,0,1,1,0,1,0,1,0,0,1,1,0,1,0,0,1,0,0, 0.00123162, 0.00202125, 0.0014118, 0.00189688, 0.00122125,buy
2014-04-20,0,1,1,0,1,0,1,0,0,1,1,0,1,0,0,1,0,0, 0.00123162, 0.00202125, 0.0014118, 0.00189688, 0.00122125,buy
2014-04-21,0,1,1,0,1,0,0,0,0,1,0,0,1,0,0,1,0,0,-0.00104192,-0.00050619,-0.0006503,-0.00069789,-0.00050619,sell
2014-04-22,0,1,0,0,0,0,0,0,0,0,1,0,2,0,0,0,0,0, 0.00085070, 0.00065943, 0.0009058, 0.00120102, 0.00074678,buy
2014-04-23,0,0,0,0,0,0,0,0,0,0,1,0,2,0,0,0,0,0, 0.00039861, 0.00010767, 0.0000153, 0.00061979, 0.00029510,buy
2014-04-24,1,0,0,0,0,0,0,1,0,0,1,0,2,0,0,0,1,0,-0.00080924,-0.00119607,-0.0011836,-0.00113555,-0.00106187,sell
2014-04-25,1,0,0,0,0,0,0,2,0,0,1,0,2,0,0,0,1,0,-0.00090982,-0.00064988,-0.0008934,-0.00082292,-0.00101745,sell
2014-04-26,1,0,0,0,0,0,0,2,0,0,1,0,2,0,0,0,1,0,-0.00090982,-0.00064988,-0.0008934,-0.00082292,-0.00101745,sell
2014-04-27,1,0,0,0,1,0,0,2,0,0,1,0,2,0,0,0,1,0,-0.00037926,-0.00036433,-0.0005929,-0.00052271,-0.00059451,sell
2014-04-28,1,0,0,1,1,0,0,2,1,0,0,0,2,0,0,1,1,0,-0.00000831,-0.00014600,-0.0000083, 0.00054750, 0.00087250,buy
2014-04-29,0,0,0,1,2,0,0,1,1,0,0,0,2,0,0,1,1,0,-0.00074903,-0.00098111,-0.0009811, 0.00065084, 0.00114533,sell
2014-04-30,0,0,0,1,2,0,0,1,1,0,0,0,1,0,0,1,1,0, 0.00166553, 0.00129758, 0.0013149, 0.00148049, 0.00303824,buy
2014-05-01,0,0,0,1,1,0,0,0,2,0,0,1,1,0,0,2,0,0,-0.00165100,-0.00215339,-0.0022992,-0.00310509,-0.00271771,sell
2014-05-02,1,0,0,1,1,0,0,0,1,0,0,1,1,0,0,1,0,0,-0.00241817,-0.00520793,-0.0002630,-0.00220549,-0.00201383,sell
2014-05-03,1,0,0,1,1,0,0,0,1,0,0,1,1,0,0,1,0,0,-0.00241817,-0.00520793,-0.0002630,-0.00220549,-0.00201383,sell
2014-05-04,1,0,0,1,1,1,0,0,1,0,0,1,1,0,0,1,0,0,-0.00294204,-0.00596587,-0.0002608,-0.00267539,-0.00204436,sell
2014-05-05,0,0,0,1,0,1,0,0,1,1,0,1,1,0,1,1,0,0,-0.00045196,-0.00015306,-0.0002756,-0.00154732,-0.00197814,sell
2014-05-06,0,0,1,1,0,1,0,1,1,1,0,2,1,0,1,1,0,0,-0.00206716,-0.00152517,-0.0019473,-0.00172466,-0.00207395,sell
2014-05-07,0,0,1,1,0,0,0,1,1,1,0,2,0,0,1,1,0,0,-0.00141009,-0.00016186,-0.0009067, 0.00128268,-0.00125474,sell
2014-05-08,1,1,1,1,0,1,0,1,0,1,0,2,0,0,1,1,0,0, 0.00132114, 0.00152627, 0.0011633, 0.00127329, 0.00197096,buy
2014-05-09,1,1,1,1,0,1,0,2,0,0,0,2,0,0,0,0,0,0,-0.00133479, 0.00019538,-0.0003465,-0.00056553,-0.00126140,sell
2014-05-10,1,1,0,1,0,1,0,2,0,0,0,2,0,0,0,0,0,1, 0.00155063, 0.00161483, 0.0015859, 0.00174719,-0.00079888,buy
2014-05-11,1,1,0,0,1,1,0,2,0,0,0,1,0,0,0,0,0,1, 0.00041275,-0.00027500, 0.0004127, 0.00131005, 0.00046911,buy
2014-05-12,1,0,0,0,1,2,0,2,0,1,0,1,0,0,1,0,0,1, 0.00015261,-0.00033433, 0.0010201, 0.00167832, 0.00016336,buy
2014-05-13,1,0,0,0,1,2,0,1,1,1,0,1,0,0,1,0,0,1, 0.00329908, 0.00188711, 0.0030354, 0.00308886, 0.00309239,buy
2014-05-14,0,0,0,0,1,2,0,0,1,1,0,1,0,0,1,1,0,1, 0.00121363, 0.00126739, 0.0012381, 0.00123808, 0.00123808,buy
2014-05-15,0,0,0,2,0,1,0,0,1,1,0,0,0,0,1,1,0,1,-0.00266997,-0.00271666,-0.0001452,-0.00242986,-0.00249504,sell
2014-05-16,0,1,0,2,0,1,0,0,1,2,0,0,0,0,1,1,0,1,-0.00096166,-0.00113972,-0.0000032,-0.00044162,-0.00120295,sell
2014-05-17,1,1,0,2,0,1,0,0,0,2,2,0,0,0,2,1,0,1,-0.00018246,-0.00018246,-0.0007457,-0.00018419,-0.00012236,sell
2014-05-18,1,1,0,2,0,1,0,0,0,1,2,0,0,0,2,1,0,1,-0.00010928,-0.00046772,-0.0005771,-0.00067385,-0.00063227,sell
2014-05-19,1,1,0,2,0,0,0,0,0,1,2,0,0,0,2,0,0,1,-0.00012234,-0.00066522,-0.0013731,-0.00086412,-0.00055911,sell
2014-05-20,1,1,0,2,0,0,1,0,0,1,2,0,0,0,1,0,0,1,-0.00154461,-0.00154461,-0.0010145,-0.00203154,-0.00108738,sell
2014-05-21,1,1,1,1,0,0,1,0,0,1,2,0,0,0,1,0,0,1,-0.00339201,-0.00341596,-0.0024777,-0.00370569,-0.00313792,sell
2014-05-22,0,2,1,0,0,0,1,0,0,1,1,0,0,0,1,0,0,1, 0.00230064, 0.00230064, 0.0021169, 0.00215048, 0.00215719,buy
2014-05-23,0,1,1,0,0,0,1,0,0,0,0,0,0,0,1,0,0,1, 0.00330899, 0.00233470, 0.0017069, 0.00254965, 0.00349402,buy
2014-05-24,0,1,1,0,0,0,1,0,0,0,0,0,0,0,1,0,0,1, 0.00330899, 0.00233470, 0.0017069, 0.00254965, 0.00349402,buy
2014-05-25,0,1,1,0,0,0,1,1,0,0,0,0,0,0,0,0,0,1, 0.00100650, 0.00106235, 0.0000027, 0.00053530, 0.00102513,buy
2014-05-26,0,1,1,0,0,0,0,1,0,0,0,0,0,0,0,0,0,1, 0.00056238, 0.00056238,-0.0000911,-0.00009272, 0.00128116,buy
2014-05-27,0,1,1,0,1,0,0,1,0,0,0,0,0,0,0,0,0,1,-0.00136984,-0.00109074,-0.0017493,-0.00155267,-0.00112838,sell
2014-05-28,0,1,1,0,1,0,0,1,0,0,0,0,0,0,0,0,0,1,-0.00136984,-0.00109074,-0.0017493,-0.00155267,-0.00112838,sell
2014-05-29,0,0,1,0,1,0,0,1,0,0,0,0,0,0,0,0,0,1,-0.00093453,-0.00059898,-0.0014509,-0.00062437, 0.00033959,sell
2014-05-30,0,0,0,0,1,0,0,1,0,0,0,1,0,0,0,0,0,1,-0.00164434,-0.00049586,-0.0013634, 0.00078924,-0.00062657,sell
2014-05-31,0,0,0,0,1,0,0,1,1,0,0,1,0,0,0,0,0,1,-0.00024662, 0.00001476, 0.0000207, 0.00120177, 0.00025667,buy
2014-06-01,0,0,0,0,1,0,0,1,1,0,0,1,0,0,0,0,0,1,-0.00024662, 0.00001476, 0.0000207, 0.00120177, 0.00025667,buy
2014-06-02,0,0,0,0,1,0,0,1,1,0,0,1,0,0,0,0,0,1,-0.00024662, 0.00001476, 0.0000207, 0.00120177, 0.00025667,buy
2014-06-03,0,0,0,0,1,0,0,1,1,0,0,1,0,0,0,1,0,0, 0.00024967, 0.00149702, 0.0022365, 0.00033780, 0.00088375,buy
2014-06-04,0,0,0,0,2,0,0,1,1,0,0,1,0,0,0,1,0,0,-0.00031747, 0.00088822, 0.0011662,-0.00021222,-0.00094720,sell
2014-06-05,0,0,0,0,1,0,0,1,1,0,1,1,0,0,0,1,0,0,-0.00057884, 0.00203581, 0.0002799, 0.00095928, 0.00149339,buy
2014-06-06,1,0,0,0,1,0,0,1,2,0,1,1,0,0,0,1,0,0,-0.00015512,-0.00033137,-0.0003456,-0.00021780,-0.00031336,sell
2014-06-07,1,0,0,0,1,0,0,1,1,0,1,1,0,0,0,1,0,0,-0.00086184,-0.00017186,-0.0003456, 0.00083724,-0.00109562,sell
2014-06-08,1,0,0,0,1,0,0,0,1,0,1,1,0,0,0,2,0,0, 0.00017149, 0.00004043, 0.0004660, 0.00116137, 0.00043141,buy
2014-06-09,1,0,0,0,1,0,0,0,1,0,1,2,0,0,0,2,0,0, 0.00074480, 0.00119463, 0.0011278, 0.00304555, 0.00119225,buy
2014-06-10,1,0,0,1,1,0,0,0,1,0,1,2,0,0,0,1,1,0,-0.00021885, 0.00008699,-0.0007459,-0.00034855, 0.00053515,sell
2014-06-11,2,0,0,1,0,0,0,0,1,0,1,2,0,0,0,1,1,0,-0.00064436,-0.00017936,-0.0015262,-0.00032426, 0.00224156,sell
2014-06-12,2,0,0,1,0,0,0,0,0,0,0,2,0,0,0,1,1,0,-0.00016268, 0.00078557,-0.0011953, 0.00026362, 0.00229171,sell
2014-06-13,2,0,0,1,0,0,0,0,0,0,0,2,0,0,0,1,1,0,-0.00016268, 0.00078557,-0.0011953, 0.00026362, 0.00229171,sell
2014-06-14,1,0,0,1,0,0,0,0,0,0,0,2,0,0,0,1,1,0,-0.00050360, 0.00065583,-0.0010871,-0.00004834, 0.00080949,sell
2014-06-15,1,0,0,2,0,0,0,0,0,0,0,2,0,0,0,0,0,0, 0.00025700, 0.00046667, 0.0005248, 0.00052475, 0.00052475,buy
2014-06-16,1,0,0,2,0,0,0,0,0,0,0,2,0,0,0,0,0,0, 0.00025700, 0.00046667, 0.0005248, 0.00052475, 0.00052475,buy
2014-06-17,1,0,0,2,0,0,0,0,0,0,0,1,1,0,0,0,0,0,-0.00132392,-0.00132392,-0.0004545,-0.00045449,-0.00045449,sell
2014-06-18,0,0,0,2,0,0,0,0,0,0,0,1,1,0,0,0,0,0,-0.00022639, 0.00010460, 0.0009959, 0.00167313, 0.00108723,buy
2014-06-19,0,0,0,1,0,0,0,0,0,1,0,0,1,1,0,0,0,1,-0.00029162,-0.00034232,-0.0002916,-0.00105531,-0.00095956,sell
2014-06-20,0,0,0,1,0,1,0,0,0,1,0,1,1,1,0,0,0,1, 0.00031276,-0.00103932,-0.0000826, 0.00054296, 0.00033856,buy
2014-06-21,0,0,0,2,0,1,0,0,0,1,0,1,1,1,1,0,0,1, 0.00012453,-0.00016052,-0.0001605,-0.00017528,-0.00011487,buy
2014-06-22,0,0,0,1,0,1,0,0,0,1,0,1,1,1,1,0,0,1,-0.00001379,-0.00064271,-0.0001094, 0.00052668,-0.00056002,sell
2014-06-23,0,0,0,1,0,1,0,0,0,1,0,1,0,1,1,0,0,1,-0.00024398,-0.00010369, 0.0000589, 0.00008234,-0.00002286,sell
2014-06-24,0,0,0,1,0,1,0,0,0,0,0,1,0,1,1,0,0,0, 0.00073473,-0.00008767, 0.0006275, 0.00043401,-0.00001817,buy
2014-06-25,0,1,0,1,0,1,0,0,0,0,0,1,0,1,1,0,0,0,-0.00217168,-0.00147277,-0.0006746,-0.00182105,-0.00103118,sell
2014-06-26,0,1,0,1,0,1,1,0,0,0,0,1,0,1,1,0,0,0,-0.00026960,-0.00064834,-0.0003348,-0.00048687,-0.00062342,sell
2014-06-27,0,1,0,1,0,1,1,1,0,0,0,0,0,1,1,0,0,0,-0.00180457,-0.00108963,-0.0011032,-0.00196353,-0.00150817,sell
2014-06-28,0,1,0,1,0,0,1,1,0,0,0,0,0,1,0,0,0,0,-0.00142239,-0.00102692, 0.0006978,-0.00144556,-0.00101261,sell
2014-06-29,0,1,0,1,0,0,1,1,0,0,0,0,0,1,0,0,0,0,-0.00142239,-0.00102692, 0.0006978,-0.00144556,-0.00101261,sell
2014-06-30,0,1,1,1,0,0,1,1,0,1,0,0,0,1,0,0,0,0,-0.00022340,-0.00019174, 0.0010151,-0.00013729,-0.00047681,sell
2014-07-01,0,1,1,1,0,0,1,1,1,1,0,0,0,1,0,0,0,0,-0.00042780,-0.00042780,-0.0006083,-0.00057974,-0.00054179,sell
2014-07-02,0,0,1,1,0,0,1,1,1,1,0,0,0,1,0,0,0,0,-0.00018585,-0.00018585,-0.0003817,-0.00018585,-0.00024877,sell
2014-07-03,1,0,1,1,0,0,0,0,1,1,0,0,0,1,0,0,0,0, 0.00016979, 0.00016979,-0.0027541,-0.00001311, 0.00091486,sell
2014-07-04,0,0,1,1,0,0,0,0,1,1,0,0,0,1,0,1,0,0, 0.00242200, 0.00239789, 0.0012457, 0.00239789, 0.00239610,buy
2014-07-05,0,0,1,1,0,0,0,0,1,1,2,0,0,1,0,2,0,0,-0.00103760,-0.00164833,-0.0007550,-0.00084114,-0.00115781,sell
2014-07-06,0,0,1,1,0,0,0,0,1,1,2,0,0,1,0,2,0,0,-0.00103760,-0.00164833,-0.0007550,-0.00084114,-0.00115781,sell
2014-07-07,0,0,0,1,0,0,0,0,0,1,2,0,0,1,0,2,0,0,-0.00113157,-0.00170600,-0.0012351,-0.00176833,-0.00185492,sell
2014-07-08,0,0,0,1,0,0,0,0,0,1,2,0,0,1,0,2,0,0,-0.00113157,-0.00170600,-0.0012351,-0.00176833,-0.00185492,sell
2014-07-09,0,0,0,1,1,0,0,0,0,0,2,0,0,1,0,2,0,0,-0.00017887,-0.00130247,-0.0006073,-0.00123292,-0.00164657,sell
2014-07-10,1,0,0,1,1,0,0,0,0,0,2,0,0,1,0,1,0,0,-0.00014845, 0.00070743, 0.0001073, 0.00048499,-0.00013666,buy
2014-07-11,1,0,0,1,1,0,0,1,0,0,1,1,0,1,0,1,0,0,-0.00141345,-0.00087861,-0.0020753,-0.00228329,-0.00214404,sell
2014-07-12,1,1,0,1,1,1,0,1,0,0,1,1,0,1,0,0,0,0,-0.00118064,-0.00069747,-0.0015135,-0.00166328,-0.00151349,sell
2014-07-13,1,1,0,1,1,1,0,1,0,0,0,1,0,1,0,0,0,0, 0.00106193, 0.00087083, 0.0010535, 0.00006996, 0.00104638,buy
2014-07-14,1,1,0,1,1,1,0,1,0,0,0,1,0,1,0,0,0,0, 0.00106193, 0.00087083, 0.0010535, 0.00006996, 0.00104638,buy
2014-07-15,1,1,0,1,1,1,0,1,0,0,0,1,0,0,0,0,0,0,-0.00079764,-0.00161134, 0.0008290,-0.00061228,-0.00201588,sell
2014-07-16,1,1,0,1,1,1,0,1,0,0,0,1,0,0,0,0,0,0,-0.00079764,-0.00161134, 0.0008290,-0.00061228,-0.00201588,sell
2014-07-17,0,1,0,1,1,1,1,1,0,0,0,2,0,0,0,0,0,0,-0.00125365,-0.00002014,-0.0013851,-0.00145073, 0.00061367,sell
2014-07-18,0,1,0,1,0,1,1,0,0,0,0,1,0,0,0,0,0,0,-0.00078920,-0.00084405,-0.0006461,-0.00078920,-0.00091723,sell
2014-07-19,0,1,1,1,0,1,1,0,0,1,0,1,0,0,0,0,0,0, 0.00099347, 0.00045224, 0.0004674, 0.00099347, 0.00023526,buy
2014-07-20,0,1,1,1,0,1,1,0,0,1,0,1,0,0,0,0,0,0, 0.00099347, 0.00045224, 0.0004674, 0.00099347, 0.00023526,buy
2014-07-21,0,1,1,1,0,1,1,0,0,1,0,1,0,0,0,0,0,0, 0.00099347, 0.00045224, 0.0004674, 0.00099347, 0.00023526,buy
2014-07-22,0,0,1,1,0,1,1,0,0,1,0,1,0,0,0,0,0,0, 0.00093073, 0.00036619, 0.0005324, 0.00118618, 0.00085007,buy
2014-07-23,0,0,1,0,0,1,1,0,0,1,1,0,0,0,0,1,0,0, 0.00120924, 0.00167052, 0.0018588, 0.00160461, 0.00149677,buy
2014-07-24,0,0,1,0,0,1,1,0,0,1,1,0,0,0,0,1,0,0, 0.00120924, 0.00167052, 0.0018588, 0.00160461, 0.00149677,buy
2014-07-25,0,0,1,0,0,1,1,0,0,1,1,0,0,0,0,1,0,0, 0.00120924, 0.00167052, 0.0018588, 0.00160461, 0.00149677,buy
2014-07-26,0,0,1,0,0,0,1,1,0,1,1,0,0,0,0,1,0,0, 0.00165376, 0.00164915, 0.0015280, 0.00171690, 0.00151168,buy
2014-07-27,0,0,1,0,0,0,1,1,0,1,0,0,0,0,0,0,0,0, 0.00020111,-0.00091560,-0.0002786, 0.00028553,-0.00082801,sell
2014-07-28,0,0,1,0,0,0,1,1,0,1,0,0,0,0,0,0,0,0, 0.00020111,-0.00091560,-0.0002786, 0.00028553,-0.00082801,sell
2014-07-29,0,1,1,0,0,0,1,1,0,1,1,0,0,0,0,1,0,0, 0.00233060, 0.00177933, 0.0025066, 0.00250662, 0.00243781,buy
2014-07-30,0,1,1,0,0,0,1,0,0,1,1,0,0,0,0,1,0,0, 0.00278455, 0.00228127, 0.0029606, 0.00296057, 0.00289176,buy
2014-07-31,0,1,1,0,0,0,1,0,1,1,1,0,0,0,0,1,0,0, 0.00256234, 0.00062349, 0.0025263, 0.00252633, 0.00263137,buy
2014-08-01,0,1,1,0,0,1,1,0,1,0,1,0,0,0,0,1,0,0, 0.00227274, 0.00161202, 0.0023075, 0.00227274, 0.00227274,buy
2014-08-02,0,0,1,0,0,1,2,0,1,0,1,0,0,0,0,1,0,0, 0.00019340, 0.00165201,-0.0011696, 0.00169228, 0.00028198,buy
2014-08-03,0,0,1,0,0,1,1,1,1,0,1,0,0,0,0,1,0,0,-0.00078958, 0.00065265,-0.0004622, 0.00038888, 0.00017442,buy
2014-08-04,0,0,1,0,0,1,1,1,1,0,0,0,0,0,0,0,0,0,-0.00334293,-0.00339684,-0.0031582,-0.00205925,-0.00069885,sell
2014-08-05,0,0,0,0,0,0,1,1,2,0,0,0,1,0,1,0,0,0, 0.00084767, 0.00002491, 0.0001637, 0.00172299, 0.00065608,buy
2014-08-06,0,0,0,0,0,0,0,1,2,0,0,1,1,0,1,0,0,0,-0.00071248,-0.00145604,-0.0006403,-0.00042930,-0.00071300,sell
2014-08-07,0,0,0,0,0,0,0,1,2,0,0,2,1,0,2,0,0,0,-0.00217186,-0.00219203,-0.0013227,-0.00230704,-0.00217186,sell
2014-08-08,0,0,0,0,0,0,0,1,0,0,0,2,1,0,2,0,0,0,-0.00052506,-0.00052506,-0.0005251,-0.00086954,-0.00052506,sell
2014-08-09,0,0,0,0,0,0,0,0,0,0,0,2,1,0,2,0,0,0, 0.00082148, 0.00082148, 0.0008215, 0.00120279, 0.00082148,buy
2014-08-10,0,1,0,0,0,0,0,0,0,0,0,2,1,0,2,0,0,0, 0.00043501, 0.00064763, 0.0004697, 0.00073797, 0.00046970,buy
2014-08-11,0,1,0,0,0,0,0,0,0,0,0,1,1,0,1,0,0,0, 0.00268710, 0.00268308, 0.0021380, 0.00313783, 0.00233015,buy
2014-08-12,0,1,0,0,0,0,0,0,0,1,0,1,1,0,1,0,0,0, 0.00287233, 0.00258323, 0.0025832, 0.00246372, 0.00258323,buy
2014-08-13,0,1,0,0,0,0,0,0,0,1,0,0,0,0,0,0,0,0, 0.00130831, 0.00065296, 0.0003993, 0.00114518, 0.00151618,buy
2014-08-14,0,1,1,0,0,0,0,0,0,1,0,0,0,0,0,1,0,0, 0.00155576, 0.00081831, 0.0012591, 0.00131623, 0.00099230,buy
2014-08-15,0,2,1,0,0,0,1,0,0,1,0,0,0,0,0,1,0,0,-0.00022029,-0.00133782, 0.0000916, 0.00004596,-0.00133782,sell
2014-08-16,0,2,1,0,0,0,1,0,0,1,0,0,0,0,0,1,0,0,-0.00022029,-0.00133782, 0.0000916, 0.00004596,-0.00133782,sell
2014-08-17,0,2,1,1,0,0,1,1,0,1,0,0,0,0,0,1,0,1,-0.00069816,-0.00069816,-0.0012295,-0.00053399,-0.00053399,sell
2014-08-18,0,1,1,1,0,0,1,1,0,1,0,0,0,0,0,0,0,1,-0.00017163, 0.00013459,-0.0002181,-0.00017997, 0.00011605,sell
2014-08-19,0,1,1,1,0,0,1,1,1,1,0,0,0,0,0,0,0,1, 0.00155042, 0.00147814, 0.0014781, 0.00163985, 0.00161003,buy
2014-08-20,0,0,1,1,0,0,1,1,2,1,0,0,0,0,0,0,0,1, 0.00298710, 0.00280432, 0.0030886, 0.00308856, 0.00272736,buy
2014-08-21,0,0,1,1,0,0,0,1,2,1,0,0,0,0,0,1,0,1, 0.00314306, 0.00151871, 0.0034046, 0.00361601, 0.00227984,buy
2014-08-22,0,0,1,0,0,2,0,0,2,1,0,0,0,0,1,1,0,1, 0.00248301, 0.00112468, 0.0024972, 0.00083313, 0.00236095,buy
2014-08-23,0,0,0,0,0,2,0,0,2,0,0,1,0,0,2,1,0,1, 0.00175471, 0.00035713, 0.0019952, 0.00026314, 0.00127880,buy
2014-08-24,0,0,0,0,0,2,0,0,0,0,0,2,0,0,2,1,0,1, 0.00098616, 0.00097170, 0.0000888, 0.00095887, 0.00095887,buy
2014-08-25,1,0,0,0,0,2,0,1,0,0,0,2,0,0,2,1,0,1, 0.00555874, 0.00285938, 0.0015950, 0.00201886, 0.00222592,buy
2014-08-26,1,1,0,0,0,2,0,1,0,0,0,2,0,0,2,1,0,1, 0.00487132, 0.00224457, 0.0020897, 0.00125935, 0.00161383,buy
2014-08-27,1,1,1,0,0,2,0,1,0,0,0,2,0,0,1,1,0,1, 0.00053449,-0.00016554,-0.0001248,-0.00012050,-0.00001585,buy
2014-08-28,1,1,1,0,0,2,0,1,0,0,0,1,0,0,0,0,0,1,-0.00017940, 0.00024317,-0.0004807,-0.00041183,-0.00048072,sell
2014-08-29,1,1,1,0,0,1,0,1,0,0,0,1,0,0,0,0,0,1, 0.00008944, 0.00011612,-0.0005246,-0.00054336,-0.00000127,sell
2014-08-30,1,1,1,1,0,1,0,1,0,0,0,0,0,0,0,0,0,0,-0.00310227,-0.00340857,-0.0016384,-0.00286360,-0.00309513,sell
2014-08-31,0,1,1,1,0,1,0,1,1,1,0,0,0,0,0,0,0,0, 0.00288757, 0.00251593, 0.0028876, 0.00264306, 0.00232456,buy
2014-09-01,0,1,1,1,0,1,0,1,1,1,0,0,0,0,0,0,0,0, 0.00288757, 0.00251593, 0.0028876, 0.00264306, 0.00232456,buy
2014-09-02,0,1,0,1,0,0,0,1,1,1,1,0,0,0,0,0,0,0, 0.00222624, 0.00222104, 0.0016696, 0.00262193, 0.00295938,buy
2014-09-03,0,1,0,1,0,0,0,0,1,1,1,0,0,0,0,1,0,0, 0.00200670, 0.00169941,-0.0002660, 0.00170815, 0.00192384,buy
2014-09-04,0,1,0,1,0,0,1,0,1,1,1,0,0,0,0,1,0,0, 0.00020952,-0.00075900,-0.0002396,-0.00050081,-0.00029578,sell
2014-09-05,0,1,0,1,0,0,1,0,1,0,1,0,0,0,1,1,0,0, 0.00044963, 0.00169081, 0.0017685, 0.00194840, 0.00176846,buy
2014-09-06,0,0,0,1,0,0,1,0,1,0,1,0,0,0,1,1,0,0, 0.00126918, 0.00224415, 0.0022359, 0.00198410, 0.00223586,buy
2014-09-07,0,1,0,1,1,0,1,1,0,1,0,0,0,0,1,1,0,0, 0.00159817, 0.00153483, 0.0014622, 0.00125007, 0.00278671,buy
2014-09-08,0,1,0,1,1,0,1,1,0,1,0,1,0,0,1,1,0,0, 0.00080972, 0.00029162, 0.0008602, 0.00069805, 0.00125778,buy
2014-09-09,0,1,0,1,1,0,0,1,0,1,0,1,0,0,1,0,0,0, 0.00263023, 0.00231185, 0.0034123, 0.00322075, 0.00361843,buy
2014-09-10,0,1,0,1,1,0,0,1,0,1,0,1,0,0,1,1,0,0, 0.00230064, 0.00177571, 0.0037039, 0.00163268, 0.00319260,buy
2014-09-11,0,1,0,1,1,0,0,1,0,1,0,1,0,0,1,1,0,0, 0.00230064, 0.00177571, 0.0037039, 0.00163268, 0.00319260,buy
2014-09-12,0,1,0,1,1,0,0,1,1,1,0,1,0,0,0,1,0,0,-0.00093227,-0.00022678,-0.0017697,-0.00173642,-0.00126583,sell
2014-09-13,0,2,0,2,1,0,0,1,1,0,0,2,0,0,0,1,0,0,-0.00250663,-0.00000560,-0.0032810,-0.00323610,-0.00302570,sell
2014-09-14,0,1,0,1,1,0,0,0,1,0,0,2,0,0,0,1,0,0,-0.00516422,-0.00088623,-0.0052488,-0.00277219,-0.00277219,sell
2014-09-15,0,1,0,1,1,0,0,1,1,0,0,1,0,0,1,1,0,0,-0.00201135,-0.00008851, 0.0006425,-0.00047088, 0.00129318,sell
2014-09-16,0,1,0,1,1,0,0,1,1,0,0,1,0,0,1,1,0,0,-0.00201135,-0.00008851, 0.0006425,-0.00047088, 0.00129318,sell
2014-09-17,0,1,0,1,1,0,0,1,1,0,0,1,0,0,1,0,0,0, 0.00143273, 0.00048607, 0.0017159, 0.00066658, 0.00172327,buy
2014-09-18,0,1,1,1,0,0,0,1,0,0,0,2,0,0,1,0,0,0, 0.00566661, 0.00538850, 0.0071869, 0.00636355, 0.00816247,buy
2014-09-19,0,1,1,1,0,0,0,1,0,0,0,2,0,0,1,0,0,0, 0.00566661, 0.00538850, 0.0071869, 0.00636355, 0.00816247,buy
2014-09-20,1,1,1,0,0,0,0,1,0,0,0,1,0,0,1,0,0,0,-0.00079040,-0.00032238,-0.0000434,-0.00109700,-0.00062411,sell
2014-09-21,1,0,1,0,0,0,0,0,0,0,0,1,0,0,0,0,0,0,-0.00049951,-0.00050731,-0.0005073,-0.00008662,-0.00106592,sell
2014-09-22,1,0,1,0,0,0,0,0,0,0,0,1,0,0,0,0,0,0,-0.00049951,-0.00050731,-0.0005073,-0.00008662,-0.00106592,sell
2014-09-23,1,0,1,0,0,0,0,0,0,0,0,1,0,0,0,0,0,0,-0.00049951,-0.00050731,-0.0005073,-0.00008662,-0.00106592,sell
2014-09-24,1,0,1,0,0,0,0,0,0,0,0,1,0,0,0,0,0,0,-0.00049951,-0.00050731,-0.0005073,-0.00008662,-0.00106592,sell
2014-09-25,1,0,1,0,0,0,1,0,0,0,1,0,0,0,0,0,0,0, 0.00420643, 0.00481715, 0.0046586, 0.00419877, 0.00404036,buy
2014-09-26,1,0,1,0,0,0,1,0,0,0,1,0,0,0,0,0,0,1, 0.00101118, 0.00040670,-0.0009660, 0.00040670, 0.00066283,buy
2014-09-27,1,0,1,0,0,0,1,0,0,0,1,0,0,0,0,0,0,1, 0.00101118, 0.00040670,-0.0009660, 0.00040670, 0.00066283,buy
2014-09-28,1,0,1,0,0,0,1,0,0,0,1,0,0,0,0,0,0,1, 0.00101118, 0.00040670,-0.0009660, 0.00040670, 0.00066283,buy
2014-09-29,1,0,1,0,0,0,1,0,0,0,1,0,0,0,0,0,0,1, 0.00101118, 0.00040670,-0.0009660, 0.00040670, 0.00066283,buy
2014-09-30,2,0,1,0,0,0,1,0,0,0,1,0,0,0,0,0,0,1, 0.00102767, 0.00046315, 0.0003046, 0.00046315,-0.00030276,buy
2014-10-01,1,0,1,0,0,0,2,0,0,1,1,0,0,0,0,0,0,1, 0.00083918, 0.00071651,-0.0027259, 0.00125498,-0.00091187,sell
2014-10-02,1,0,1,0,0,0,1,0,0,1,1,0,0,0,0,0,0,1, 0.00046944, 0.00046951,-0.0026946, 0.00046951,-0.00239288,sell
2014-10-03,1,0,1,0,0,0,1,0,0,1,1,0,0,0,0,0,0,1, 0.00046944, 0.00046951,-0.0026946, 0.00046951,-0.00239288,sell
2014-10-04,1,0,0,0,1,1,2,0,0,1,1,0,0,0,0,1,0,1, 0.00124680, 0.00204769, 0.0019199, 0.00190123, 0.00179363,buy
2014-10-05,1,0,0,0,1,1,2,0,0,1,1,0,0,0,0,1,0,0,-0.00000533, 0.00268654, 0.0027476, 0.00266256, 0.00229179,buy
2014-10-06,1,0,0,0,1,1,1,0,0,2,1,0,0,0,0,1,0,0, 0.00015235, 0.00083335, 0.0009354, 0.00072720, 0.00267530,buy
2014-10-07,1,0,0,1,1,1,0,0,0,2,1,0,0,0,0,1,0,0,-0.00034135,-0.00253595,-0.0027042,-0.00354313, 0.00037307,sell
2014-10-08,0,0,0,1,1,1,0,0,0,1,0,0,0,0,0,2,0,0,-0.00170220,-0.00222243,-0.0009846,-0.00220653,-0.00220653,sell
2014-10-09,0,0,0,1,1,1,0,0,0,1,0,0,1,0,0,2,0,0,-0.00290225,-0.00230369,-0.0028923,-0.00259651,-0.00231356,sell
2014-10-10,0,0,0,1,1,1,0,1,0,1,0,0,1,0,0,2,0,0,-0.00204435,-0.00190472,-0.0024015,-0.00219244,-0.00224543,sell
2014-10-11,0,0,0,2,0,1,0,1,0,1,0,0,1,0,0,2,0,0,-0.00112046,-0.00202596,-0.0026241,-0.00258021,-0.00262467,sell
2014-10-12,0,0,0,2,0,1,0,1,0,0,0,1,1,0,0,1,0,0,-0.00195927,-0.00275335,-0.0025307,-0.00256549,-0.00200003,sell
2014-10-13,0,1,0,2,0,1,0,2,0,0,0,1,1,0,0,1,0,0,-0.00254650,-0.00284197,-0.0025541,-0.00322574,-0.00245014,sell
2014-10-14,0,1,0,2,0,2,0,2,0,0,0,1,1,0,0,1,0,0,-0.00087263,-0.00177647,-0.0016026,-0.00103707,-0.00112707,sell
2014-10-15,0,2,0,1,0,3,0,2,0,0,0,3,2,0,0,0,0,0,-0.00091640, 0.00000473, 0.0003333,-0.00323705, 0.00145083,sell
2014-10-16,0,2,0,1,0,3,0,2,0,0,0,3,2,0,0,0,1,0,-0.00181557,-0.00188087, 0.0019573,-0.00249339, 0.00286080,sell
2014-10-17,0,2,0,1,0,3,0,2,0,0,0,3,2,0,0,0,1,0,-0.00181557,-0.00188087, 0.0019573,-0.00249339, 0.00286080,sell
2014-10-18,0,2,0,1,0,3,0,2,0,0,0,3,2,0,0,0,1,0,-0.00181557,-0.00188087, 0.0019573,-0.00249339, 0.00286080,sell
2014-10-19,0,2,0,1,0,2,0,1,0,0,0,2,1,0,0,0,1,0, 0.00098076, 0.00083965, 0.0010013, 0.00015130, 0.00307315,buy
2014-10-20,0,2,0,1,0,2,0,1,0,0,0,2,1,0,0,0,0,0, 0.00231888, 0.00143699,-0.0018717, 0.00128721, 0.00128712,buy
2014-10-21,0,2,0,1,0,2,0,1,0,0,0,0,1,0,0,0,0,0,-0.00027665,-0.00048670, 0.0007846,-0.00022881, 0.00028024,sell
2014-10-22,0,2,0,1,0,2,0,1,0,0,0,0,1,0,0,1,0,0,-0.00205206, 0.00102659, 0.0024691,-0.00017552, 0.00246908,buy
2014-10-23,0,2,0,1,0,2,0,1,0,0,0,0,1,0,0,1,0,0,-0.00205206, 0.00102659, 0.0024691,-0.00017552, 0.00246908,buy
2014-10-24,0,2,0,1,0,2,0,1,0,0,0,0,1,0,0,1,0,0,-0.00205206, 0.00102659, 0.0024691,-0.00017552, 0.00246908,buy
2014-10-25,1,2,0,1,0,2,2,0,0,0,0,0,1,0,0,1,0,0,-0.00032533,-0.00057129,-0.0002096,-0.00013816, 0.00002104,sell
2014-10-26,1,0,0,1,0,2,2,0,0,0,0,0,1,0,0,1,0,0,-0.00128749, 0.00181764, 0.0026280, 0.00068174, 0.00193133,buy
2014-10-27,1,0,0,1,0,0,2,1,0,0,0,0,1,0,0,1,0,0, 0.00347613, 0.00241920, 0.0011623, 0.00163309, 0.00278686,buy
2014-10-28,1,0,0,1,0,0,2,1,0,0,0,0,1,0,0,1,0,0, 0.00347613, 0.00241920, 0.0011623, 0.00163309, 0.00278686,buy
2014-10-29,1,0,0,1,0,0,2,1,0,0,0,0,1,0,0,1,0,0, 0.00347613, 0.00241920, 0.0011623, 0.00163309, 0.00278686,buy
2014-10-30,1,0,0,1,0,0,2,1,0,1,0,0,1,0,0,0,0,0, 0.00327027, 0.00278836, 0.0036886, 0.00293371, 0.00390860,buy
2014-10-31,1,0,0,1,0,0,1,1,0,2,0,0,1,0,0,0,0,0, 0.00556907, 0.00276104, 0.0054022, 0.00354566, 0.00618892,buy
2014-11-01,0,0,0,1,0,0,0,1,0,2,0,0,1,0,1,0,0,0, 0.00176042, 0.00175589, 0.0011694, 0.00113461, 0.00158296,buy
2014-11-02,0,0,0,1,0,0,0,1,0,2,0,1,1,0,1,0,0,0, 0.00221829, 0.00212240, 0.0027524, 0.00171465, 0.00372556,buy
2014-11-03,0,0,0,1,0,0,0,1,0,2,0,1,1,0,2,0,0,0,-0.00052974, 0.00189491,-0.0005297, 0.00179451, 0.00130713,buy
2014-11-04,0,0,0,1,0,0,0,0,0,2,0,1,1,0,2,0,0,0, 0.00185995, 0.00185995, 0.0018731, 0.00179451, 0.00274070,buy
2014-11-05,0,0,0,0,0,0,0,0,0,1,0,1,1,0,2,0,0,0, 0.00351759, 0.00329947, 0.0034662, 0.00391678, 0.00357754,buy
2014-11-06,0,0,0,0,0,0,0,0,0,1,0,1,1,0,1,0,0,0, 0.00394699, 0.00406289, 0.0041307, 0.00368773, 0.00423008,buy
2014-11-07,0,0,0,1,0,0,0,0,0,1,0,1,1,0,1,0,0,0, 0.00225284, 0.00225284, 0.0029159, 0.00185609, 0.00420875,buy
2014-11-08,0,0,0,1,0,0,0,0,0,0,0,0,1,0,1,0,0,0, 0.00150096, 0.00142054, 0.0013571, 0.00055265, 0.00169686,buy
2014-11-09,0,0,0,1,0,0,0,0,0,0,1,0,1,0,0,0,0,0,-0.00169249, 0.00161836, 0.0004198, 0.00175710, 0.00162745,buy
2014-11-10,0,1,0,2,0,0,1,0,0,0,1,0,1,0,0,0,0,0,-0.00276247,-0.00291400, 0.0007661,-0.00291396, 0.00027107,sell
2014-11-11,0,1,0,2,0,0,1,0,1,0,1,0,0,0,0,0,0,0, 0.00059030, 0.00223824, 0.0020543, 0.00223824, 0.00205433,buy
2014-11-12,0,1,0,2,1,0,1,0,1,0,1,0,0,0,0,1,0,0, 0.00059203, 0.00183678, 0.0017917, 0.00211012, 0.00193389,buy
2014-11-13,0,1,0,1,1,0,1,0,1,0,2,0,0,0,0,1,0,0,-0.00045326, 0.00189451, 0.0015105, 0.00131952, 0.00106381,buy
2014-11-14,0,1,0,1,1,0,1,0,1,1,2,0,0,0,0,1,0,0,-0.00002448, 0.00097336, 0.0009704, 0.00114146, 0.00140188,buy
2014-11-15,0,1,0,1,1,0,0,0,1,1,2,0,0,0,1,1,0,0, 0.00061955, 0.00177221, 0.0011562, 0.00224056, 0.00198930,buy
2014-11-16,0,1,0,1,1,0,0,0,2,1,2,0,0,0,1,1,0,0, 0.00113763, 0.00175134, 0.0015674, 0.00231503, 0.00240057,buy
2014-11-17,0,0,0,1,1,1,0,0,1,1,1,0,0,0,1,2,0,0, 0.00104116,-0.00162274, 0.0003276, 0.00090188, 0.00124969,buy
2014-11-18,0,0,0,0,1,1,0,1,1,1,1,0,0,0,1,1,0,0, 0.00109244, 0.00374035, 0.0020521, 0.00358865, 0.00344426,buy
2014-11-19,0,0,0,0,1,1,0,1,1,0,1,0,0,0,1,1,0,0, 0.00074837, 0.00456442, 0.0021535, 0.00397129, 0.00381895,buy
2014-11-20,0,0,0,0,1,1,0,1,1,0,1,0,0,0,0,1,0,0,-0.00227484, 0.00366117,-0.0022478, 0.00336642, 0.00291539,buy
2014-11-21,1,0,0,1,1,1,0,1,1,0,1,0,0,0,0,1,0,0,-0.00095417,-0.00049018,-0.0010654, 0.00078777,-0.00084781,sell
2014-11-22,1,0,0,1,1,1,0,1,1,0,1,0,0,0,0,1,0,0,-0.00095417,-0.00049018,-0.0010654, 0.00078777,-0.00084781,sell
2014-11-23,1,0,0,1,1,1,0,1,0,1,1,0,0,0,0,1,0,0, 0.00050085,-0.00035317,-0.0010346,-0.00300324,-0.00000938,sell
2014-11-24,1,0,0,1,1,1,0,1,1,1,1,0,0,0,1,1,0,0, 0.00024007, 0.00029205, 0.0002068, 0.00217500, 0.00016885,buy
2014-11-25,1,0,0,1,0,1,0,1,1,1,1,0,0,0,1,1,0,0, 0.00046290, 0.00048761, 0.0008785, 0.00089533, 0.00047363,buy
2014-11-26,1,0,0,0,0,0,0,1,1,1,1,0,0,0,1,1,0,0,-0.00012648,-0.00119542,-0.0006371, 0.00149514,-0.00004845,sell
2014-11-27,1,0,0,0,0,0,0,1,1,1,1,0,0,0,1,1,0,0,-0.00012648,-0.00119542,-0.0006371, 0.00149514,-0.00004845,sell
2014-11-28,1,0,0,0,0,0,0,1,1,1,1,0,0,0,1,1,0,0,-0.00012648,-0.00119542,-0.0006371, 0.00149514,-0.00004845,sell
2014-11-29,1,0,0,0,0,0,0,2,0,0,0,0,0,0,1,0,0,0, 0.00054041, 0.00031025, 0.0000129, 0.00017998, 0.00027347,buy
2014-11-30,1,0,0,0,0,0,0,2,0,0,0,0,0,0,0,0,0,0,-0.00224912,-0.00176931,-0.0004080,-0.00236979,-0.00379842,sell
2014-12-01,1,0,0,0,1,0,0,1,0,1,0,0,1,0,0,0,0,0, 0.00222132, 0.00049102, 0.0026026, 0.00290732, 0.00224154,buy
2014-12-02,0,0,1,0,1,0,0,1,0,1,0,0,1,0,1,0,0,0, 0.00148638,-0.00027256, 0.0011291, 0.00090394, 0.00170025,buy
2014-12-03,1,0,1,0,1,0,0,1,0,1,0,0,1,0,1,0,0,0, 0.00263818,-0.00006179, 0.0025358, 0.00330092, 0.00253580,buy
2014-12-04,1,0,1,0,1,0,0,0,0,2,0,0,1,0,2,0,0,0, 0.00371736, 0.00297446, 0.0035111, 0.00387712, 0.00363355,buy
2014-12-05,2,0,1,0,1,0,0,0,0,2,0,0,1,0,2,0,0,0, 0.00243314, 0.00134693, 0.0026424, 0.00443005, 0.00224271,buy
2014-12-06,2,0,1,0,2,0,0,0,0,2,0,1,1,0,2,0,0,0, 0.00387808, 0.00296452, 0.0036145, 0.00624685, 0.00520405,buy
2014-12-07,2,0,1,0,2,0,0,0,0,2,0,1,1,0,2,0,0,0, 0.00387808, 0.00296452, 0.0036145, 0.00624685, 0.00520405,buy
2014-12-08,2,0,0,0,2,0,0,0,0,0,0,1,1,0,1,0,0,0, 0.00293277,-0.00454555, 0.0033861, 0.00337354, 0.00105636,buy
2014-12-09,2,0,0,0,2,0,0,0,0,0,0,1,1,0,0,0,0,0, 0.00008291,-0.00476871, 0.0000563, 0.00320625,-0.00367101,sell
2014-12-10,2,0,1,0,2,0,0,0,0,0,0,1,1,0,0,0,0,0, 0.00050838,-0.00593991,-0.0026147,-0.00261468,-0.00517822,sell
2014-12-11,2,0,2,0,2,0,0,0,0,0,0,1,1,0,0,0,0,0, 0.00163907,-0.00716775,-0.0029757,-0.00346393,-0.00458835,sell
2014-12-12,2,0,2,0,2,0,0,1,0,0,0,1,1,0,0,0,0,0, 0.00090017,-0.00557198,-0.0008546,-0.00085457,-0.00085457,sell
2014-12-13,1,0,2,0,2,1,0,1,0,0,0,0,1,0,0,0,0,0, 0.00234002,-0.00076356, 0.0015839, 0.00182976, 0.00159149,buy
2014-12-14,1,0,2,1,1,1,0,1,0,0,0,1,1,0,0,0,0,0,-0.00344819,-0.00369807,-0.0016746,-0.00289354,-0.00445831,sell
2014-12-15,1,0,1,1,1,1,0,1,0,0,0,1,1,0,0,0,0,0,-0.00465905,-0.00462501,-0.0027123,-0.00464122,-0.00453697,sell
2014-12-16,1,0,1,1,1,1,0,1,0,0,0,1,0,0,0,0,0,0,-0.00417372,-0.00265475,-0.0003844,-0.00256592,-0.00461625,sell
2014-12-17,0,0,1,1,1,1,0,1,1,0,0,1,0,0,0,0,0,0,-0.00198171,-0.00333385,-0.0012173,-0.00198171,-0.00145170,sell
2014-12-18,0,0,0,1,1,1,0,1,1,0,0,2,0,0,0,1,0,0, 0.00037972, 0.00055117, 0.0009996, 0.00123775, 0.00112468,buy
2014-12-19,0,0,0,2,1,1,0,1,1,0,1,1,0,0,0,1,0,0, 0.00285531, 0.00169549, 0.0014607, 0.00203042, 0.00257099,buy
2014-12-20,0,0,0,1,1,1,0,1,1,0,1,1,0,0,0,1,0,0, 0.00216191, 0.00457011, 0.0009111, 0.00292511, 0.00362150,buy
2014-12-21,0,0,0,1,1,1,0,1,1,0,1,1,0,0,0,1,0,0, 0.00216191, 0.00457011, 0.0009111, 0.00292511, 0.00362150,buy
2014-12-22,0,0,0,1,1,1,0,1,2,0,1,1,0,0,0,1,0,0, 0.00346713, 0.00475068, 0.0012847, 0.00271465, 0.00366778,buy
2014-12-23,0,0,0,1,1,1,0,0,2,0,1,1,0,0,0,2,0,0, 0.00279807, 0.00217615,-0.0009060, 0.00180086, 0.00252890,buy
2014-12-24,0,0,0,0,1,1,1,1,2,0,2,1,0,0,0,1,0,0, 0.00120562, 0.00199493, 0.0003066,-0.00000967, 0.00142325,buy
2014-12-25,0,0,0,0,1,2,1,1,1,0,2,1,0,0,0,1,0,0,-0.00138115, 0.00090724,-0.0015345,-0.00032567,-0.00140191,sell
2014-12-26,0,0,1,1,1,2,1,1,1,0,1,0,0,0,0,1,0,0, 0.00258316, 0.00209178, 0.0020002, 0.00299720, 0.00358126,buy
2014-12-27,0,0,1,1,1,1,1,1,1,0,1,0,0,0,0,0,0,0, 0.00151815,-0.00005560, 0.0001984, 0.00189201,-0.00002322,buy
2014-12-28,0,1,1,1,0,1,2,1,0,0,1,0,0,0,0,0,0,0,-0.00032231,-0.00178619,-0.0017862,-0.00173693,-0.00050970,sell
2014-12-29,0,1,2,1,0,1,2,1,0,0,0,0,0,0,0,0,1,0,-0.00129314,-0.00095994,-0.0009599,-0.00180026,-0.00343196,sell
2014-12-30,0,1,2,1,0,1,1,1,1,0,0,0,0,0,0,0,1,0,-0.00090297,-0.00077599,-0.0011187,-0.00105053,-0.00101739,sell
2014-12-31,0,1,1,1,0,1,1,0,1,0,0,0,0,0,0,1,1,0,-0.00100212,-0.00102411,-0.0023481,-0.00106535,-0.00047214,sell
2015-01-01,0,2,1,0,0,1,0,0,1,0,0,0,0,0,0,1,1,0, 0.00016359,-0.00004885,-0.0004771, 0.00089954, 0.00016359,buy
2015-01-02,0,2,0,0,0,0,0,0,1,0,0,1,0,0,0,1,1,0,-0.00133146,-0.00158723,-0.0003509,-0.00060218,-0.00154578,sell
2015-01-03,0,2,0,0,0,0,0,0,1,0,1,2,0,0,0,1,1,0,-0.00086019,-0.00087019,-0.0004635,-0.00045911,-0.00114429,sell
2015-01-04,0,2,0,0,0,0,0,0,1,0,1,2,0,0,0,1,1,0,-0.00086019,-0.00087019,-0.0004635,-0.00045911,-0.00114429,sell
2015-01-05,0,1,0,0,0,0,0,1,1,0,1,2,0,0,0,1,1,0,-0.00187992,-0.00065603,-0.0016312,-0.00129227,-0.00203316,sell
2015-01-06,0,1,0,0,0,0,0,2,1,0,1,2,0,0,0,1,1,0,-0.00302934,-0.00010855,-0.0033579,-0.00294945,-0.00341978,sell
2015-01-07,0,0,0,0,0,0,0,2,1,0,1,2,0,0,0,0,1,0,-0.00246215,-0.00039158,-0.0025988,-0.00258287,-0.00284681,sell
2015-01-08,0,0,1,0,0,0,1,2,1,0,1,1,0,0,0,0,1,0, 0.00232166, 0.00232166, 0.0015590, 0.00125928,-0.00108408,buy
2015-01-09,0,0,1,0,0,0,1,2,0,0,1,0,0,0,0,0,1,0, 0.00385606, 0.00411916, 0.0060709, 0.00175141, 0.00095027,buy
2015-01-10,0,0,1,0,0,0,1,2,0,0,1,0,0,0,0,0,1,0, 0.00385606, 0.00411916, 0.0060709, 0.00175141, 0.00095027,buy
2015-01-11,0,0,1,0,0,0,1,1,0,0,0,0,0,0,0,2,1,0,-0.00197005, 0.00067529, 0.0013512, 0.00023849,-0.00092617,sell
2015-01-12,0,0,1,0,0,0,1,0,0,2,0,0,0,0,0,2,1,0,-0.00593984,-0.00633824,-0.0053514,-0.00480410,-0.00414461,sell
2015-01-13,0,0,1,0,0,0,1,0,0,2,0,0,0,0,0,2,1,0,-0.00593984,-0.00633824,-0.0053514,-0.00480410,-0.00414461,sell
2015-01-14,0,0,1,0,0,0,1,0,0,2,0,0,0,0,0,2,1,0,-0.00593984,-0.00633824,-0.0053514,-0.00480410,-0.00414461,sell
2015-01-15,1,0,0,0,0,0,0,0,0,2,0,0,0,0,0,2,1,0,-0.00286417,-0.00447794,-0.0022427,-0.00598895,-0.00364937,sell
2015-01-16,1,0,0,1,0,0,0,0,0,2,0,0,0,0,0,2,1,0,-0.00456454,-0.00502083,-0.0028348,-0.00602685,-0.00482524,sell
2015-01-17,2,0,0,1,0,0,0,0,0,1,0,0,0,0,0,1,1,0, 0.00368247, 0.00297216, 0.0040648, 0.00436734, 0.00428212,buy
2015-01-18,2,0,0,2,0,0,0,0,0,1,0,0,0,0,0,0,1,0, 0.00526448, 0.00526448, 0.0050030, 0.00546468, 0.00516661,buy
2015-01-19,2,0,0,2,0,0,0,0,0,1,0,0,0,0,0,0,1,0, 0.00526448, 0.00526448, 0.0050030, 0.00546468, 0.00516661,buy
2015-01-20,2,0,0,2,0,0,0,0,0,0,0,1,0,0,0,0,1,0, 0.00340517, 0.00382978, 0.0029719, 0.00409929, 0.00497658,buy
2015-01-21,2,0,0,2,0,0,0,0,0,0,0,1,0,0,0,0,0,0, 0.00105674, 0.00105674, 0.0008718, 0.00108966, 0.00101003,buy
2015-01-22,1,0,0,2,0,0,0,0,0,0,0,1,0,0,0,0,0,0,-0.00054872,-0.00033905,-0.0002810,-0.00028097,-0.00028097,sell
2015-01-23,0,1,0,1,0,0,0,1,0,1,0,1,0,0,1,0,0,0, 0.00390730, 0.00350033, 0.0041792, 0.00376628, 0.00390967,buy
2015-01-24,0,1,0,1,0,0,0,1,1,1,0,1,0,0,1,1,0,0,-0.00161289,-0.00103433,-0.0010091, 0.00240422,-0.00100985,sell
2015-01-25,0,1,0,1,0,0,0,1,1,1,0,1,0,0,1,1,0,0,-0.00161289,-0.00103433,-0.0010091, 0.00240422,-0.00100985,sell
2015-01-26,0,1,0,1,0,0,0,1,1,1,0,1,0,0,1,1,0,0,-0.00161289,-0.00103433,-0.0010091, 0.00240422,-0.00100985,sell
2015-01-27,0,1,0,0,0,1,0,1,1,1,0,1,0,0,1,1,0,0,-0.00255948,-0.00056025,-0.0002089, 0.00107554,-0.00025588,sell
2015-01-28,0,1,0,0,0,1,0,1,1,1,0,1,1,0,1,1,0,0,-0.00177088, 0.00059272, 0.0015914, 0.00190974,-0.00028553,buy
2015-01-29,0,2,0,0,0,1,1,1,1,1,0,1,1,0,0,1,0,0,-0.00107473,-0.00008093,-0.0008465, 0.00120336,-0.00183476,sell
2015-01-30,0,2,0,0,0,1,1,0,0,0,0,1,1,0,0,2,0,0,-0.00005085,-0.00070542, 0.0013703,-0.00070242,-0.00035794,sell
2015-01-31,0,2,0,0,0,0,1,1,0,1,0,1,1,0,0,1,0,0, 0.00025330, 0.00057608,-0.0003853, 0.00037910,-0.00058039,buy
2015-02-01,0,3,0,0,0,0,1,1,0,1,0,1,1,0,0,1,0,1,-0.00350019,-0.00300774,-0.0035800,-0.00350019,-0.00357998,sell
2015-02-02,0,2,0,0,0,0,1,1,0,1,0,1,0,0,0,1,0,1,-0.00186755,-0.00159812,-0.0019588,-0.00152753,-0.00150663,sell
2015-02-03,0,1,0,1,1,1,1,1,0,1,0,1,0,0,0,1,0,1, 0.00070455, 0.00048059, 0.0009761, 0.00076774, 0.00051910,buy
2015-02-04,0,1,0,1,1,1,1,1,0,1,0,1,0,0,0,1,0,0, 0.00220131, 0.00042691, 0.0009952, 0.00092705, 0.00092164,buy
2015-02-05,0,1,0,1,1,1,1,1,0,2,0,1,0,0,0,2,0,0, 0.00033819,-0.00033724,-0.0007242,-0.00072532,-0.00103283,sell
2015-02-06,0,1,0,1,1,1,0,0,0,2,0,1,0,0,0,1,0,0, 0.00232914, 0.00150926, 0.0022723, 0.00259852, 0.00227470,buy
2015-02-07,0,1,0,1,1,1,0,0,0,1,0,1,0,0,0,1,0,0,-0.00014352, 0.00024333,-0.0004177, 0.00059483,-0.00024889,buy
2015-02-08,0,1,1,1,0,1,0,0,0,1,0,1,0,0,0,1,1,0, 0.00240145, 0.00239258,-0.0008060, 0.00238592, 0.00190571,buy
2015-02-09,0,0,1,1,0,1,0,0,0,1,0,1,0,0,0,1,1,0, 0.00237225, 0.00278940,-0.0016477, 0.00182166, 0.00295420,buy
2015-02-10,0,0,1,1,0,1,0,0,0,1,0,1,0,0,0,1,1,0, 0.00237225, 0.00278940,-0.0016477, 0.00182166, 0.00295420,buy
2015-02-11,0,0,1,0,0,1,0,0,0,0,0,1,0,0,0,0,1,0, 0.00432595, 0.00465901, 0.0036935, 0.00437000, 0.00256877,buy
2015-02-12,0,0,1,0,0,1,0,0,0,0,0,1,0,0,0,0,1,0, 0.00432595, 0.00465901, 0.0036935, 0.00437000, 0.00256877,buy
2015-02-13,0,0,0,0,1,1,0,0,0,0,0,1,0,0,0,0,0,0,-0.00499525,-0.00444122,-0.0038402,-0.00483808,-0.00384017,sell
2015-02-14,0,0,0,0,1,1,0,0,0,0,0,1,0,0,1,0,0,0,-0.00339454,-0.00416591,-0.0024470,-0.00388007,-0.00338022,sell
2015-02-15,1,0,0,0,1,1,0,0,1,0,0,1,0,1,1,0,0,0,-0.00112076, 0.00041097, 0.0000953, 0.00041097,-0.00024393,sell
2015-02-16,1,0,0,0,1,1,0,0,1,0,0,1,0,1,1,0,0,0,-0.00112076, 0.00041097, 0.0000953, 0.00041097,-0.00024393,sell
2015-02-17,1,0,0,0,1,1,0,0,1,0,0,1,0,1,1,0,0,0,-0.00112076, 0.00041097, 0.0000953, 0.00041097,-0.00024393,sell
2015-02-18,1,0,0,0,1,1,0,1,1,0,0,1,0,1,1,0,0,0,-0.00220200, 0.00113865, 0.0012670, 0.00126704, 0.00123442,buy
2015-02-19,1,0,0,1,1,1,0,1,1,0,0,1,0,1,1,0,0,0,-0.00167538,-0.00048071,-0.0004656,-0.00060164, 0.00121804,sell
2015-02-20,1,0,0,1,1,1,0,1,1,0,0,2,0,1,1,0,0,0,-0.00183832,-0.00048071, 0.0002209, 0.00022696, 0.00132921,sell
2015-02-21,1,0,0,1,1,1,0,1,1,0,0,2,0,1,1,0,0,0,-0.00183832,-0.00048071, 0.0002209, 0.00022696, 0.00132921,sell
2015-02-22,1,0,0,1,1,1,1,1,0,0,1,2,0,1,0,0,0,0,-0.00014468,-0.00112268,-0.0005517,-0.00112268, 0.00000721,sell
2015-02-23,1,0,0,1,1,1,1,1,0,0,1,2,0,1,0,0,0,0,-0.00014468,-0.00112268,-0.0005517,-0.00112268, 0.00000721,sell
2015-02-24,1,0,0,0,1,1,1,2,0,0,1,1,0,1,0,0,0,0,-0.00110256,-0.00225962,-0.0018618,-0.00209076,-0.00151668,sell
2015-02-25,1,0,0,0,1,1,1,2,0,0,1,1,0,1,0,0,0,0,-0.00110256,-0.00225962,-0.0018618,-0.00209076,-0.00151668,sell
2015-02-26,0,0,0,1,1,1,1,1,0,0,1,1,0,1,0,1,0,0,-0.00038950,-0.00105453, 0.0004945,-0.00047545,-0.00071875,sell
2015-02-27,0,0,0,1,1,1,1,1,0,1,1,0,0,1,0,1,0,0, 0.00048517,-0.00075209, 0.0006602, 0.00046196,-0.00123968,buy
2015-02-28,0,0,0,1,1,1,1,1,0,1,0,0,0,1,0,1,0,0, 0.00037234,-0.00070001, 0.0007582, 0.00067335,-0.00072938,buy
2015-03-01,0,0,0,1,1,0,1,1,0,1,0,0,0,1,1,1,0,0,-0.00103818,-0.00099056,-0.0012559,-0.00125665,-0.00173121,sell
2015-03-02,0,0,2,1,1,0,1,0,0,3,0,0,0,1,1,2,0,0, 0.00044300, 0.00264237, 0.0020490, 0.00185438, 0.00187941,buy
2015-03-03,0,0,2,1,0,0,0,0,0,3,0,0,0,1,1,2,0,0, 0.00077047, 0.00243649, 0.0021064, 0.00099868, 0.00101686,buy
2015-03-04,0,1,2,1,0,0,0,0,0,3,0,0,0,1,1,2,0,0,-0.00013791, 0.00175578, 0.0010990, 0.00005070, 0.00001265,buy
2015-03-05,0,1,2,0,0,0,0,0,0,2,0,0,0,1,1,1,0,0, 0.00156545, 0.00242143, 0.0015387, 0.00161053, 0.00153943,buy
2015-03-06,0,1,2,0,0,0,0,0,0,2,0,1,0,1,1,1,0,0, 0.00159609, 0.00171351, 0.0001718, 0.00124579, 0.00128880,buy
2015-03-07,0,1,1,0,0,0,0,0,0,2,0,1,0,1,1,1,0,0, 0.00182072, 0.00081247,-0.0010492, 0.00123643, 0.00132541,buy
2015-03-08,0,2,1,0,0,0,1,0,0,1,0,1,0,1,1,1,0,0,-0.00011680,-0.00063094,-0.0005465, 0.00114689, 0.00087009,sell
2015-03-09,0,2,0,0,0,0,1,0,0,1,0,1,0,1,0,0,0,0, 0.00085085, 0.00137700, 0.0021296, 0.00071084, 0.00147188,buy
2015-03-10,0,3,0,0,1,0,1,0,0,0,0,1,0,1,0,0,0,0, 0.00180909, 0.00158152, 0.0015511, 0.00173367, 0.00155689,buy
2015-03-11,0,2,0,0,1,0,1,0,1,0,0,1,0,1,1,0,0,0, 0.00001658,-0.00008825, 0.0006610, 0.00006968,-0.00003709,buy
2015-03-12,0,2,0,0,1,0,1,0,1,0,0,0,0,1,1,0,0,0, 0.00112386, 0.00057833, 0.0015972, 0.00059799, 0.00031031,buy
2015-03-13,0,2,0,0,1,0,1,0,1,0,0,0,0,1,1,0,0,0, 0.00112386, 0.00057833, 0.0015972, 0.00059799, 0.00031031,buy
2015-03-14,0,2,0,0,1,0,1,0,1,0,0,1,0,1,1,0,0,0, 0.00001658,-0.00008825, 0.0006610, 0.00006968,-0.00003709,buy
2015-03-15,0,2,0,0,1,0,1,0,1,0,0,1,0,1,1,0,0,0, 0.00001658,-0.00008825, 0.0006610, 0.00006968,-0.00003709,buy
2015-03-16,0,1,0,1,1,0,1,0,0,0,0,1,0,0,0,0,0,0, 0.00173689, 0.00112137, 0.0011214, 0.00131401, 0.00101257,buy
2015-03-17,1,1,0,1,1,0,1,0,0,0,0,1,0,0,0,0,0,0, 0.00158697, 0.00023361, 0.0002336, 0.00063974, 0.00113525,buy
2015-03-18,1,1,0,1,1,0,1,0,0,0,0,1,0,0,0,0,0,0, 0.00158697, 0.00023361, 0.0002336, 0.00063974, 0.00113525,buy
2015-03-19,1,1,1,1,0,0,1,0,0,0,1,0,0,0,0,0,0,0,-0.00280411, 0.00100448,-0.0005747,-0.00212299, 0.00463205,sell
2015-03-20,1,0,1,1,0,0,1,0,0,0,1,0,0,0,0,0,0,0, 0.00019889, 0.00169784, 0.0021357, 0.00155841, 0.00479112,buy
2015-03-21,1,0,1,1,0,0,0,1,0,1,1,0,0,0,0,1,0,0, 0.00023017,-0.00236230, 0.0003213,-0.00349179, 0.00048724,sell
2015-03-22,1,0,1,1,0,0,0,1,0,1,2,0,0,0,0,1,0,0, 0.00088319,-0.00050197, 0.0017800,-0.00495696, 0.00058070,sell
2015-03-23,0,0,1,0,0,0,0,1,0,1,2,0,0,0,0,1,0,0,-0.00289723,-0.00283098, 0.0000110,-0.00373833,-0.00293747,sell
2015-03-24,0,0,0,0,0,0,0,1,0,1,1,0,0,0,0,1,0,0,-0.00327238,-0.00145021,-0.0013803,-0.00279192,-0.00263830,sell
2015-03-25,0,0,0,1,0,0,0,1,0,0,1,0,0,0,0,0,0,0,-0.00289629,-0.00150084,-0.0017486,-0.00254730,-0.00280174,sell
2015-03-26,0,0,0,1,0,0,0,2,0,0,1,0,0,0,0,0,0,0,-0.00342356,-0.00176853,-0.0020487,-0.00319382,-0.00324266,sell
2015-03-27,0,0,0,1,0,1,0,1,1,0,1,0,0,0,0,0,0,0,-0.00298811,-0.00289493,-0.0036400, 0.00020613,-0.00245967,sell
2015-03-28,0,1,0,2,0,1,0,1,1,0,1,0,0,0,0,1,1,0, 0.00244196, 0.00243969, 0.0005024, 0.00237285, 0.00219372,buy
2015-03-29,0,1,0,2,0,1,0,1,1,0,0,0,0,0,0,1,1,0, 0.00208453, 0.00207135, 0.0005941, 0.00218707, 0.00205299,buy
2015-03-30,0,1,1,2,0,1,0,1,1,0,0,0,0,0,0,1,1,0, 0.00099638, 0.00138654,-0.0020981, 0.00105012, 0.00112169,buy
2015-03-31,0,1,1,1,0,1,0,1,1,0,0,0,0,0,0,1,1,0, 0.00179724, 0.00179724,-0.0016756, 0.00095216, 0.00177415,buy
2015-04-01,0,1,1,0,0,1,0,1,1,0,1,0,0,0,0,1,1,0,-0.00126427,-0.00119928, 0.0013199,-0.00128882, 0.00107727,sell
2015-04-02,0,0,1,0,0,1,0,0,0,1,1,0,0,0,1,1,1,0,-0.00238331,-0.00202962,-0.0026369,-0.00311596,-0.00207592,sell
2015-04-03,0,0,1,0,0,0,0,1,0,1,1,0,0,0,1,0,1,0,-0.00088222,-0.00079838,-0.0014135,-0.00099358,-0.00129270,sell
2015-04-04,0,0,1,0,0,0,0,1,0,1,1,0,0,0,1,0,1,0,-0.00088222,-0.00079838,-0.0014135,-0.00099358,-0.00129270,sell
2015-04-05,0,0,2,0,0,0,0,1,0,1,0,0,0,0,1,0,1,0, 0.00016539, 0.00239507, 0.0004348, 0.00062632, 0.00060384,buy
2015-04-06,0,0,1,0,0,0,0,1,0,2,0,1,1,0,2,0,0,0, 0.00046427, 0.00307870, 0.0004643, 0.00199362, 0.00062235,buy
2015-04-07,0,0,1,0,0,0,0,0,0,2,0,1,1,0,2,0,0,0, 0.00291841, 0.00288657, 0.0028200, 0.00157518, 0.00307649,buy
2015-04-08,0,0,1,0,0,0,0,0,0,2,0,2,1,0,2,0,0,0, 0.00259296, 0.00307870, 0.0025930, 0.00199362, 0.00276225,buy
2015-04-09,0,0,0,0,0,0,0,0,0,2,0,2,1,0,2,0,0,0, 0.00173767, 0.00212827, 0.0017100, 0.00203735, 0.00195972,buy
2015-04-10,1,0,0,0,0,0,1,0,0,1,0,2,1,0,3,0,0,0, 0.00061984, 0.00057970, 0.0006198, 0.00031493, 0.00061984,buy
2015-04-11,1,0,0,0,0,0,2,0,0,1,0,3,1,0,1,0,0,0,-0.00263056,-0.00240523,-0.0026987,-0.00181696,-0.00248535,sell
2015-04-12,1,0,0,0,0,0,2,0,0,1,0,2,1,0,1,0,0,0,-0.00253641,-0.00180853,-0.0024323,-0.00119971,-0.00191622,sell
2015-04-13,1,0,0,0,0,0,2,0,0,1,0,1,1,0,1,0,0,0, 0.00017437, 0.00012428, 0.0004578,-0.00091063,-0.00096519,sell
2015-04-14,1,1,0,0,0,0,1,0,0,1,0,1,0,0,1,0,0,0,-0.00254094,-0.00262515,-0.0018714,-0.00215829,-0.00235350,sell
2015-04-15,1,1,0,0,0,0,1,0,0,0,1,1,0,0,1,0,0,1, 0.00081918,-0.00054461, 0.0037578,-0.00003844, 0.00085310,buy
2015-04-16,1,1,0,0,0,0,1,1,0,0,1,1,0,0,0,0,0,1,-0.00104493,-0.00058414, 0.0001837,-0.00122411,-0.00068525,sell
2015-04-17,1,1,0,0,0,0,1,2,0,0,1,1,0,0,0,0,0,1,-0.00044076,-0.00005494,-0.0001446,-0.00044076,-0.00095278,sell
2015-04-18,0,1,0,0,0,0,0,2,0,0,1,1,0,0,0,0,0,1,-0.00002639, 0.00090135,-0.0006831,-0.00069130,-0.00130342,sell
2015-04-19,0,0,0,1,1,0,0,2,0,0,0,0,0,0,0,0,0,1,-0.00200959,-0.00231813,-0.0012148,-0.00095143,-0.00160571,sell
2015-04-20,0,0,0,2,1,0,0,2,0,0,0,0,0,0,0,0,0,1,-0.00118011,-0.00217602,-0.0011468,-0.00180274,-0.00115761,sell
2015-04-21,0,1,0,2,1,0,0,1,1,0,1,0,0,0,0,1,0,1, 0.00251801, 0.00290489, 0.0028146, 0.00244854, 0.00265975,buy
2015-04-22,0,1,0,2,1,0,0,1,2,0,1,0,0,0,0,1,0,1, 0.00206013, 0.00244701, 0.0025070, 0.00212852, 0.00233974,buy
2015-04-23,0,1,0,1,1,1,0,0,2,0,1,0,0,0,0,1,0,0,-0.00029350,-0.00089668,-0.0008798, 0.00002245, 0.00200503,sell
2015-04-24,0,1,0,1,1,1,0,0,2,0,1,0,0,0,0,2,0,0,-0.00024073,-0.00089668,-0.0014133, 0.00007864, 0.00217859,sell
2015-04-25,0,1,0,1,1,1,0,0,1,0,1,0,0,0,0,2,0,0,-0.00223979,-0.00231744,-0.0019076, 0.00007864, 0.00063132,sell
2015-04-26,0,2,0,0,1,1,0,1,1,0,1,0,0,0,0,1,0,0,-0.00208766,-0.00183946,-0.0025768,-0.00174489,-0.00215797,sell
2015-04-27,0,2,0,0,0,1,0,1,1,0,1,0,0,0,0,1,0,0,-0.00208875,-0.00198341,-0.0027521,-0.00115608,-0.00190647,sell
2015-04-28,0,2,0,0,0,1,0,1,0,0,0,0,0,0,0,1,0,0,-0.00243469,-0.00272822,-0.0027282,-0.00180164,-0.00032277,sell
2015-04-29,0,2,0,0,0,1,0,1,0,1,0,0,0,0,0,1,0,0,-0.00161008,-0.00215754,-0.0024006,-0.00108905,-0.00120618,sell
2015-04-30,0,1,0,0,0,1,0,1,0,1,0,1,0,0,1,0,0,0, 0.00298690, 0.00376758, 0.0042939, 0.00427746, 0.00429394,buy
2015-05-01,0,1,0,1,0,1,0,1,0,1,0,1,1,0,1,0,0,0, 0.00281874, 0.00174405, 0.0034439, 0.00272461, 0.00230649,buy
2015-05-02,0,1,0,1,0,1,0,1,0,1,0,1,1,0,1,0,0,0, 0.00281874, 0.00174405, 0.0034439, 0.00272461, 0.00230649,buy
2015-05-03,1,1,1,1,0,1,0,1,1,1,0,1,1,0,1,0,0,0, 0.00166944, 0.00103413, 0.0020595, 0.00199125, 0.00156171,buy
2015-05-04,1,0,1,1,0,1,0,0,1,0,0,1,1,0,1,0,0,0, 0.00136157, 0.00088258, 0.0008155, 0.00069268, 0.00098236,buy
2015-05-05,1,0,1,1,0,1,0,0,1,0,0,1,1,0,1,1,0,0, 0.00078605, 0.00078605, 0.0015565, 0.00078006, 0.00084129,buy
2015-05-06,1,0,1,1,0,1,0,1,1,0,0,1,1,0,0,1,0,0,-0.00231137,-0.00231137,-0.0012703,-0.00171316,-0.00147896,sell
2015-05-07,1,0,1,1,0,1,0,1,1,0,1,0,1,0,0,1,0,0,-0.00187496,-0.00187496,-0.0005827,-0.00078536,-0.00129513,sell
2015-05-08,1,0,1,0,0,1,0,1,1,0,1,0,1,0,0,1,0,0,-0.00050902,-0.00092841,-0.0001964,-0.00036137,-0.00115916,sell
2015-05-09,1,0,1,0,0,0,0,1,1,0,1,0,1,0,0,1,0,0,-0.00097161,-0.00097161,-0.0002397,-0.00072695,-0.00136739,sell
2015-05-10,1,0,0,0,0,0,0,1,0,0,1,0,1,0,0,1,0,0, 0.00133730, 0.00133459, 0.0013436, 0.00099757, 0.00130926,buy
2015-05-11,1,0,0,0,0,0,0,1,0,0,1,0,1,0,0,1,0,0, 0.00133730, 0.00133459, 0.0013436, 0.00099757, 0.00130926,buy
2015-05-12,1,0,0,1,0,0,0,1,0,0,1,0,1,0,0,1,0,0, 0.00186342, 0.00079043, 0.0002850, 0.00079043, 0.00072440,buy
2015-05-13,1,0,0,1,0,0,1,1,0,0,0,0,1,0,0,0,0,0, 0.00170026, 0.00143347, 0.0010564, 0.00143347, 0.00201061,buy
2015-05-14,1,0,0,1,0,0,1,1,1,0,0,0,1,0,0,0,0,0,-0.00152712, 0.00066438,-0.0035325,-0.00017094,-0.00083420,sell
2015-05-15,1,0,0,1,0,0,1,1,1,0,0,0,1,0,0,0,0,0,-0.00152712, 0.00066438,-0.0035325,-0.00017094,-0.00083420,sell
2015-05-16,1,0,0,1,0,0,1,0,1,0,0,0,1,0,0,0,0,0,-0.00334552,-0.00090158,-0.0035823, 0.00041982,-0.00238024,sell
2015-05-17,1,0,0,1,0,0,1,0,1,0,0,0,1,0,0,0,0,1,-0.00016112, 0.00029002, 0.0007339, 0.00041211, 0.00150776,buy
2015-05-18,1,0,0,1,0,0,1,0,1,2,0,0,1,0,0,0,0,1, 0.00296636, 0.00161454, 0.0029664, 0.00113246, 0.00272454,buy
2015-05-19,0,0,0,2,0,0,1,0,1,2,0,1,1,0,0,0,0,1, 0.00423815, 0.00342606, 0.0039662, 0.00367150, 0.00410978,buy
2015-05-20,0,0,0,2,0,0,0,0,1,2,0,2,1,0,0,0,0,1, 0.00410544, 0.00311044, 0.0039300, 0.00350688, 0.00358664,buy
2015-05-21,0,0,0,2,0,0,0,0,1,2,0,2,1,0,0,0,0,1, 0.00410544, 0.00311044, 0.0039300, 0.00350688, 0.00358664,buy
2015-05-22,0,0,0,2,0,0,0,1,1,2,0,2,1,0,1,1,0,1, 0.00402409, 0.00173229, 0.0019923, 0.00198793, 0.00210152,buy
2015-05-23,0,0,0,2,1,0,0,1,1,2,0,2,1,0,1,1,0,0, 0.00033352,-0.00008794,-0.0000924,-0.00009528,-0.00007647,buy
2015-05-24,1,0,0,1,1,0,0,1,1,2,0,2,1,0,1,1,0,0, 0.00279063, 0.00358764, 0.0031925, 0.00350455, 0.00130215,buy
2015-05-25,1,0,0,1,1,0,0,1,0,1,0,2,1,0,1,1,0,0, 0.00112564, 0.00138732, 0.0013196, 0.00142938, 0.00163072,buy
2015-05-26,1,0,0,0,1,0,0,1,0,0,0,2,1,0,1,1,0,0,-0.00013456, 0.00068322, 0.0006832, 0.00063247, 0.00092198,buy
2015-05-27,2,0,0,0,1,0,0,1,0,0,0,0,1,0,1,1,0,0, 0.00190118, 0.00011833, 0.0008902, 0.00371266, 0.00102335,buy
2015-05-28,2,0,0,0,1,0,0,3,0,0,0,0,2,0,1,1,1,0, 0.00338630, 0.00315347, 0.0033863, 0.00287685, 0.00292152,buy
2015-05-29,2,0,0,0,1,0,0,3,0,0,0,0,2,0,0,0,1,0, 0.00240561, 0.00203811, 0.0024056, 0.00134826, 0.00204549,buy
2015-05-30,2,0,0,0,2,0,0,3,0,0,0,0,2,0,0,0,1,0, 0.00247721, 0.00160654, 0.0025206, 0.00184774, 0.00213798,buy
2015-05-31,2,0,0,0,1,0,0,3,0,0,0,0,2,0,0,0,1,0, 0.00240561, 0.00203811, 0.0024056, 0.00134826, 0.00204549,buy
2015-06-01,2,0,0,0,1,0,0,3,0,0,0,0,2,0,0,0,1,0, 0.00240561, 0.00203811, 0.0024056, 0.00134826, 0.00204549,buy
2015-06-02,2,0,0,0,2,0,0,3,1,0,0,0,2,0,1,0,0,0, 0.00244367, 0.00146716, 0.0018702, 0.00425064, 0.00182591,buy
2015-06-03,2,0,0,0,2,0,0,3,1,0,1,0,1,0,1,0,0,0,-0.00033522,-0.00149852,-0.0006899, 0.00108531,-0.00070742,sell
2015-06-04,1,0,0,0,2,0,0,0,1,0,1,0,1,0,1,0,0,0, 0.00198049, 0.00189938, 0.0016148, 0.00322835, 0.00235582,buy
2015-06-05,0,0,0,1,2,0,0,0,1,0,1,0,1,0,1,0,0,0, 0.00233345, 0.00273683, 0.0029463, 0.00334395, 0.00316873,buy
2015-06-06,0,0,0,1,2,0,0,0,1,0,1,0,1,0,1,0,0,0, 0.00233345, 0.00273683, 0.0029463, 0.00334395, 0.00316873,buy
2015-06-07,0,0,0,1,2,0,0,0,1,0,1,0,1,0,1,1,0,1,-0.00053977, 0.00079359,-0.0004759, 0.00066272, 0.00037504,buy
2015-06-08,0,0,0,1,2,0,0,0,1,0,1,0,1,0,1,1,0,1,-0.00053977, 0.00079359,-0.0004759, 0.00066272, 0.00037504,buy
2015-06-09,0,0,0,1,2,0,0,0,1,0,1,0,1,0,1,1,0,1,-0.00053977, 0.00079359,-0.0004759, 0.00066272, 0.00037504,buy
2015-06-10,0,1,0,1,2,0,0,0,0,0,0,0,1,0,1,1,0,1,-0.00275844,-0.00090943,-0.0024543,-0.00042860,-0.00121409,sell
2015-06-11,0,1,0,1,2,0,0,0,0,0,0,0,1,0,1,1,0,1,-0.00275844,-0.00090943,-0.0024543,-0.00042860,-0.00121409,sell
2015-06-12,0,2,0,1,2,0,1,0,0,0,0,0,1,0,1,1,0,1,-0.00026962,-0.00045611,-0.0001316,-0.00231573, 0.00095926,sell
2015-06-13,0,2,0,0,2,0,1,0,0,0,0,0,1,0,1,1,0,1,-0.00073167,-0.00077575,-0.0006776,-0.00319146, 0.00047540,sell
2015-06-14,0,2,0,0,2,0,1,0,0,0,0,0,1,0,1,1,0,0,-0.00008108,-0.00070177, 0.0001039,-0.00118831,-0.00032277,sell
2015-06-15,0,2,0,0,2,0,1,0,0,0,0,0,1,0,1,0,0,0,-0.00125319,-0.00103607,-0.0006671,-0.00109845,-0.00130930,sell
2015-06-16,0,2,0,0,2,0,1,0,0,0,0,0,1,0,1,0,0,0,-0.00125319,-0.00103607,-0.0006671,-0.00109845,-0.00130930,sell
2015-06-17,1,2,0,0,2,0,1,0,0,0,0,0,1,0,1,0,0,0,-0.00095276,-0.00105804,-0.0001414,-0.00031497,-0.00118477,sell
2015-06-18,1,2,0,0,2,0,1,0,1,0,1,0,1,0,1,0,0,0,-0.00090017,-0.00074905,-0.0014173,-0.00158886,-0.00065910,sell
2015-06-19,1,1,0,0,2,0,1,1,1,0,1,0,1,0,1,0,0,0,-0.00114929,-0.00053624,-0.0013689,-0.00130588,-0.00039638,sell
2015-06-20,1,0,0,0,2,0,0,1,1,0,1,0,1,0,1,0,0,0, 0.00161421, 0.00194885, 0.0010943, 0.00303040, 0.00277762,buy
2015-06-21,1,0,0,0,2,0,0,1,1,0,1,0,1,0,1,0,0,0, 0.00161421, 0.00194885, 0.0010943, 0.00303040, 0.00277762,buy
2015-06-22,1,0,0,0,2,0,0,1,1,0,1,0,1,0,0,0,0,0, 0.00115212, 0.00140608, 0.0011370, 0.00221136, 0.00099555,buy
2015-06-23,1,0,0,0,2,0,0,1,1,0,1,0,1,0,0,0,0,0, 0.00115212, 0.00140608, 0.0011370, 0.00221136, 0.00099555,buy
2015-06-24,1,0,2,0,2,0,0,1,1,0,1,0,1,0,0,0,0,0,-0.00005021,-0.00029014, 0.0001739, 0.00030976, 0.00001681,buy
2015-06-25,0,0,2,0,2,0,0,1,2,0,0,0,1,0,1,0,0,0, 0.00007706,-0.00011562, 0.0002767, 0.00095570,-0.00049314,buy
2015-06-26,1,0,2,0,2,0,0,1,1,0,0,0,1,0,1,0,0,0,-0.00118230,-0.00190100, 0.0001987,-0.00116686,-0.00189931,sell
2015-06-27,1,0,2,0,2,0,0,0,1,0,0,0,1,0,1,0,0,0,-0.00148966,-0.00190063, 0.0001859,-0.00136107,-0.00238130,sell
2015-06-28,1,0,2,0,2,0,1,0,1,0,0,0,1,0,1,0,0,0,-0.00201356,-0.00324701,-0.0008030,-0.00372925,-0.00354151,sell
2015-06-29,1,0,2,0,2,0,1,0,1,0,0,0,1,0,1,0,0,0,-0.00201356,-0.00324701,-0.0008030,-0.00372925,-0.00354151,sell
2015-06-30,1,0,2,0,1,0,1,0,1,0,0,0,1,0,1,1,0,0,-0.00130293,-0.00118932, 0.0009941,-0.00125229,-0.00144263,sell
2015-07-01,1,1,2,1,1,0,1,0,0,0,0,0,1,0,1,1,0,1, 0.00160821, 0.00171655, 0.0012410, 0.00174314, 0.00154861,buy
2015-07-02,0,1,1,1,1,0,1,0,0,1,0,0,1,0,1,1,0,1, 0.00232366, 0.00375361, 0.0026478, 0.00258860, 0.00187354,buy
2015-07-03,0,1,1,1,1,0,1,0,0,1,0,1,0,0,1,1,0,1, 0.00027960, 0.00168720, 0.0001895, 0.00027152, 0.00034831,buy
2015-07-04,0,1,1,1,1,0,1,0,0,1,0,1,0,0,0,1,0,1,-0.00147998,-0.00172777,-0.0023682,-0.00235511,-0.00043164,sell
2015-07-05,0,1,1,1,1,0,0,0,0,1,0,1,0,0,0,0,0,1,-0.00123496,-0.00070703,-0.0018551,-0.00123496,-0.00129239,sell
2015-07-06,0,0,1,1,1,0,0,0,0,1,1,1,0,0,0,0,0,1,-0.00242422,-0.00256565,-0.0018579,-0.00245825,-0.00245825,sell
2015-07-07,0,0,1,0,1,0,0,0,0,1,1,1,0,0,0,0,0,1,-0.00136455,-0.00135734,-0.0014300,-0.00111119,-0.00128542,sell
2015-07-08,0,0,1,0,1,0,0,0,0,1,1,2,0,0,0,0,0,1,-0.00348153,-0.00307999,-0.0025047,-0.00307999,-0.00385300,sell
2015-07-09,0,0,1,0,1,0,0,0,0,2,1,2,0,0,0,1,0,0, 0.00104125,-0.00327389,-0.0027697,-0.00503556,-0.00210597,sell
2015-07-10,1,0,1,0,1,0,0,0,0,2,0,1,0,0,0,1,0,0, 0.00356689, 0.00195682, 0.0015813,-0.00181022, 0.00018649,buy
2015-07-11,1,0,2,0,1,0,0,0,0,1,0,1,0,0,0,1,0,0, 0.00298678, 0.00299436, 0.0030654,-0.00000624, 0.00200313,buy
2015-07-12,1,0,2,0,1,0,1,0,0,1,0,1,0,0,0,1,0,0,-0.00072339, 0.00095501, 0.0009078, 0.00474268, 0.00029995,buy
2015-07-13,0,0,1,1,2,0,1,0,0,1,0,1,0,0,0,1,0,0, 0.00436595, 0.00540064, 0.0041532, 0.00200039, 0.00232223,buy
2015-07-14,0,0,1,1,2,0,1,1,0,2,0,2,0,0,0,1,1,0, 0.00431292, 0.00260751, 0.0035604, 0.00377899, 0.00511183,buy
2015-07-15,0,0,1,1,2,0,1,1,0,2,0,2,0,0,0,1,1,0, 0.00431292, 0.00260751, 0.0035604, 0.00377899, 0.00511183,buy
2015-07-16,0,0,0,1,2,0,0,1,0,2,0,2,0,0,0,1,1,0, 0.00300263, 0.00261838, 0.0032359, 0.00207361, 0.00358186,buy
2015-07-17,0,0,0,1,2,0,0,1,0,2,0,2,0,0,0,1,1,0, 0.00300263, 0.00261838, 0.0032359, 0.00207361, 0.00358186,buy
2015-07-18,0,0,0,1,2,0,0,1,0,1,1,1,0,0,0,1,0,0,-0.00017728, 0.00136048, 0.0018965, 0.00138982, 0.00125852,buy
2015-07-19,0,0,0,2,1,0,0,2,0,1,1,1,0,0,0,1,0,0, 0.00174001, 0.00274984, 0.0031715, 0.00198262, 0.00205370,buy
2015-07-20,1,0,0,2,1,0,0,2,0,1,1,1,1,1,0,1,0,0,-0.00039618,-0.00105140,-0.0010704,-0.00039413,-0.00039413,sell
2015-07-21,1,1,0,2,1,0,0,1,0,1,2,1,1,1,0,0,0,0,-0.00017204,-0.00106115,-0.0004974,-0.00013412,-0.00017204,sell
2015-07-22,1,2,0,1,1,0,0,1,0,1,2,1,1,1,0,0,0,1,-0.00137178,-0.00199100,-0.0015665,-0.00146482,-0.00156652,sell
2015-07-23,1,2,0,0,0,0,0,0,0,1,2,1,1,1,0,0,0,1,-0.00126797,-0.00208563,-0.0016162,-0.00119319,-0.00166206,sell
2015-07-24,1,2,0,0,0,0,0,0,0,1,2,1,1,1,0,0,0,1,-0.00126797,-0.00208563,-0.0016162,-0.00119319,-0.00166206,sell
2015-07-25,1,2,0,0,0,0,0,0,0,1,0,1,1,1,0,0,0,1,-0.00086347,-0.00131977, 0.0009386,-0.00037305,-0.00144998,sell
2015-07-26,1,2,0,0,0,0,1,0,0,1,0,1,1,1,0,0,0,0, 0.00025182, 0.00065408, 0.0035734, 0.00006724, 0.00236502,buy
2015-07-27,1,1,1,0,0,0,1,0,0,1,0,1,1,1,0,0,0,0,-0.00049381,-0.00044652, 0.0009268,-0.00097953, 0.00074302,sell
2015-07-28,1,1,1,0,0,0,1,0,1,1,0,1,0,0,0,0,0,0,-0.00070269,-0.00044111, 0.0003844, 0.00032757, 0.00033860,sell
2015-07-29,1,0,1,0,0,0,2,0,1,1,0,1,0,0,0,0,0,0,-0.00026338,-0.00024983, 0.0009907, 0.00083522, 0.00099072,buy
2015-07-30,1,0,1,0,0,0,1,0,1,1,0,1,0,0,0,0,0,0,-0.00099470,-0.00099470, 0.0009522, 0.00036027, 0.00095224,sell
2015-07-31,1,0,1,0,0,0,1,0,1,1,0,1,0,0,0,0,0,0,-0.00099470,-0.00099470, 0.0009522, 0.00036027, 0.00095224,sell
2015-08-01,1,0,1,0,0,0,1,0,0,1,0,1,0,0,1,0,0,0,-0.00212060,-0.00250089,-0.0018864,-0.00212539,-0.00389146,sell
2015-08-02,1,0,1,0,0,0,1,0,0,1,0,1,0,0,1,0,0,0,-0.00212060,-0.00250089,-0.0018864,-0.00212539,-0.00389146,sell
2015-08-03,1,0,1,0,0,1,1,0,1,1,0,1,0,0,1,0,0,0,-0.00047595, 0.00028531, 0.0009686,-0.00061005,-0.00090351,sell
2015-08-04,1,0,2,0,0,2,1,0,1,1,0,1,0,0,1,0,1,0, 0.00013080, 0.00019234, 0.0000199, 0.00023986, 0.00110268,buy
2015-08-05,2,0,2,0,0,2,0,0,1,2,0,2,0,0,0,0,1,0, 0.00159286, 0.00149368, 0.0010227, 0.00227370, 0.00260785,buy
2015-08-06,2,0,2,0,0,2,0,0,1,2,0,2,0,0,0,0,1,0, 0.00159286, 0.00149368, 0.0010227, 0.00227370, 0.00260785,buy
2015-08-07,2,0,2,0,0,2,0,0,1,2,0,2,0,0,0,0,1,0, 0.00159286, 0.00149368, 0.0010227, 0.00227370, 0.00260785,buy
2015-08-08,2,0,2,0,0,2,0,0,1,2,0,2,0,0,0,0,1,0, 0.00159286, 0.00149368, 0.0010227, 0.00227370, 0.00260785,buy
2015-08-09,1,0,2,0,0,1,0,0,1,1,0,1,0,0,0,1,0,0, 0.00124169, 0.00095651, 0.0010342, 0.00000295, 0.00061539,buy
2015-08-10,1,0,1,0,0,0,0,1,0,1,0,1,0,0,1,1,0,0, 0.00004102, 0.00000750, 0.0000410, 0.00123470,-0.00060283,buy
2015-08-11,0,0,0,0,0,0,0,1,0,1,0,1,0,0,1,1,0,0, 0.00007896,-0.00154097, 0.0004400,-0.00003927,-0.00139135,sell
2015-08-12,0,0,0,0,0,0,0,1,0,0,0,0,0,0,1,1,0,0, 0.00120176, 0.00092281, 0.0012819, 0.00108641, 0.00116411,buy
2015-08-13,0,1,0,0,0,0,0,1,1,0,0,0,1,0,1,0,0,0,-0.00147978,-0.00203247,-0.0019478,-0.00040032,-0.00061349,sell
2015-08-14,0,1,0,0,0,0,0,1,1,0,0,0,1,0,2,0,0,0,-0.00065646, 0.00015428, 0.0001023,-0.00006483,-0.00028559,sell
2015-08-15,0,1,0,0,0,0,0,1,1,0,0,0,1,0,2,0,0,0,-0.00065646, 0.00015428, 0.0001023,-0.00006483,-0.00028559,sell
2015-08-16,0,1,0,0,0,0,0,0,1,0,0,0,1,0,2,0,0,0, 0.00030899,-0.00017349, 0.0002095, 0.00101458, 0.00020952,buy
2015-08-17,1,1,0,0,0,0,0,0,1,0,0,0,1,0,1,0,0,0,-0.00029318,-0.00028169,-0.0003353,-0.00065958,-0.00033529,sell
2015-08-18,1,0,0,0,0,0,0,0,0,1,0,1,1,0,2,0,0,1,-0.00001466,-0.00006157, 0.0004463, 0.00015114, 0.00047538,buy
2015-08-19,1,0,0,0,1,0,0,0,0,1,0,1,0,0,2,0,0,1,-0.00111409,-0.00062052,-0.0013103,-0.00111409,-0.00136104,sell
2015-08-20,1,0,0,0,1,0,0,0,0,1,0,1,0,0,2,0,0,1,-0.00111409,-0.00062052,-0.0013103,-0.00111409,-0.00136104,sell
2015-08-21,1,0,1,0,1,0,0,0,0,1,0,1,0,0,2,0,0,1,-0.00382861,-0.00389193,-0.0035217,-0.00359390,-0.00369097,sell
2015-08-22,2,0,1,0,1,0,0,0,0,1,0,1,0,0,2,0,0,0,-0.00047588,-0.00018693,-0.0020864,-0.00250148,-0.00074006,sell
2015-08-23,2,0,1,0,1,0,0,0,0,1,0,1,0,0,1,0,0,0,-0.00295279,-0.00255933,-0.0022516,-0.00297174,-0.00222529,sell
2015-08-24,1,0,1,0,1,0,0,0,0,1,0,2,0,0,1,0,0,0,-0.00400270,-0.00376325,-0.0037632,-0.00397864,-0.00385003,sell
2015-08-25,1,0,1,0,1,0,0,0,0,0,0,2,0,0,1,1,0,0,-0.00353231,-0.00484620,-0.0018681,-0.00317160,-0.00169607,sell
2015-08-26,1,0,1,0,1,0,0,0,0,0,0,1,0,0,0,1,1,0, 0.00309631, 0.00273751, 0.0029676, 0.00557757, 0.00304908,buy
2015-08-27,0,0,1,0,2,0,0,0,1,0,0,1,0,0,0,1,1,0, 0.00518905, 0.00560625, 0.0057664, 0.00272925, 0.00312218,buy
2015-08-28,0,0,1,1,1,0,0,1,1,0,0,1,0,0,0,1,1,0, 0.00360925, 0.00502586, 0.0037022, 0.00154824,-0.00011400,buy
2015-08-29,0,0,1,1,1,0,0,1,1,0,0,1,0,0,0,1,1,0, 0.00360925, 0.00502586, 0.0037022, 0.00154824,-0.00011400,buy
2015-08-30,0,0,1,1,1,0,0,1,1,0,0,0,0,0,0,1,1,0, 0.00398668, 0.00497112, 0.0034776, 0.00376599, 0.00241727,buy
2015-08-31,0,1,1,1,1,0,0,1,1,0,0,0,0,0,0,1,0,0, 0.00047699,-0.00271554,-0.0009788,-0.00035247, 0.00187531,sell
2015-09-01,0,1,1,1,1,0,1,1,1,0,0,0,0,0,0,0,0,0,-0.00135851, 0.00068575,-0.0019284,-0.00082270,-0.00064305,sell
2015-09-02,0,1,0,1,1,0,1,1,2,0,0,0,0,1,0,0,0,0,-0.00278288, 0.00154454,-0.0011298,-0.00144041,-0.00128917,sell
2015-09-03,0,1,0,1,1,0,1,1,2,0,0,0,0,1,0,0,0,0,-0.00278288, 0.00154454,-0.0011298,-0.00144041,-0.00128917,sell
2015-09-04,0,1,0,0,1,0,1,1,2,0,0,0,0,2,0,0,0,0,-0.00546551,-0.00296491,-0.0027761,-0.00321813,-0.00276658,sell
2015-09-05,0,1,0,0,1,0,1,1,2,0,0,0,0,2,0,0,0,0,-0.00546551,-0.00296491,-0.0027761,-0.00321813,-0.00276658,sell
2015-09-06,0,1,0,0,1,0,1,0,2,1,0,0,0,1,0,0,0,0,-0.00467096,-0.00038273,-0.0014579,-0.00303725,-0.00275592,sell
2015-09-07,0,0,0,0,0,0,1,0,2,1,1,0,0,1,0,0,0,1,-0.00077972,-0.00034027,-0.0006565,-0.00003702,-0.00041262,sell
2015-09-08,0,0,0,0,0,0,0,0,2,1,1,0,0,1,0,0,0,1, 0.00136698, 0.00194261, 0.0014849, 0.00216373, 0.00204037,buy
2015-09-09,0,0,0,0,0,0,0,0,2,1,1,0,0,1,1,0,0,1, 0.00291910, 0.00284120, 0.0027590, 0.00234965, 0.00290602,buy
2015-09-10,0,0,0,0,0,0,0,0,1,1,1,0,0,1,1,0,0,1, 0.00175064, 0.00183376, 0.0028156, 0.00129874, 0.00187752,buy
2015-09-11,0,0,0,0,0,1,0,0,1,1,1,0,0,0,1,0,0,1, 0.00162265, 0.00062233, 0.0004334, 0.00135521, 0.00070120,buy
2015-09-12,0,0,0,0,0,1,0,0,1,1,1,0,0,0,1,0,0,1, 0.00162265, 0.00062233, 0.0004334, 0.00135521, 0.00070120,buy
2015-09-13,0,0,0,0,0,1,0,0,1,1,1,0,0,0,1,0,0,1, 0.00162265, 0.00062233, 0.0004334, 0.00135521, 0.00070120,buy
2015-09-14,0,0,0,0,0,1,0,0,1,1,1,0,0,0,1,0,0,1, 0.00162265, 0.00062233, 0.0004334, 0.00135521, 0.00070120,buy
2015-09-15,1,0,0,0,0,1,0,0,1,1,1,0,0,0,1,1,0,1,-0.00229786,-0.00254761,-0.0028429,-0.00100343,-0.00210105,sell
2015-09-16,1,0,0,0,0,1,0,0,0,1,1,0,0,0,0,1,0,1,-0.00009927,-0.00077391,-0.0009836,-0.00048125,-0.00175198,sell
2015-09-17,1,0,0,0,0,1,0,0,0,1,1,0,0,0,1,1,0,1,-0.00037475,-0.00229868,-0.0028216,-0.00037475,-0.00125025,sell
2015-09-18,1,0,0,0,0,1,0,0,0,1,1,0,0,0,1,1,0,1,-0.00037475,-0.00229868,-0.0028216,-0.00037475,-0.00125025,sell
2015-09-19,1,0,0,0,0,1,0,0,0,1,1,0,0,0,1,1,0,1,-0.00037475,-0.00229868,-0.0028216,-0.00037475,-0.00125025,sell
2015-09-20,1,0,0,0,1,1,0,0,0,1,1,1,0,0,1,1,0,1,-0.00009845,-0.00086880,-0.0015846,-0.00062498,-0.00127013,sell
2015-09-21,1,0,0,0,1,1,0,0,0,1,1,1,0,0,1,1,0,1,-0.00009845,-0.00086880,-0.0015846,-0.00062498,-0.00127013,sell
2015-09-22,0,0,0,0,1,1,0,0,0,1,1,1,0,0,1,0,0,0, 0.00034640,-0.00050968, 0.0021583, 0.00089549, 0.00103367,buy
2015-09-23,0,0,0,0,1,1,0,0,0,1,1,1,0,0,1,0,0,0, 0.00034640,-0.00050968, 0.0021583, 0.00089549, 0.00103367,buy
2015-09-24,0,0,0,0,1,1,0,0,0,1,1,1,0,0,1,0,0,0, 0.00034640,-0.00050968, 0.0021583, 0.00089549, 0.00103367,buy
2015-09-25,0,0,0,1,1,1,0,0,0,1,1,1,0,0,1,0,0,0, 0.00152397, 0.00158279, 0.0025547, 0.00297843, 0.00143091,buy
2015-09-26,0,0,0,1,0,1,0,0,0,1,0,1,1,0,1,0,0,0, 0.00147963, 0.00125496, 0.0007647, 0.00229879, 0.00178494,buy
2015-09-27,0,0,0,1,0,1,1,0,0,1,0,1,1,0,1,0,1,0, 0.00084632, 0.00122139, 0.0009975, 0.00049908, 0.00122139,buy
2015-09-28,1,0,0,1,0,1,2,0,0,1,0,0,2,0,0,0,1,0, 0.00033110,-0.00081290,-0.0002497, 0.00013242,-0.00100578,sell
2015-09-29,1,0,0,1,0,0,2,0,0,0,0,0,2,0,0,0,1,0, 0.00068595,-0.00126231, 0.0007364,-0.00072185,-0.00216217,sell
2015-09-30,1,0,0,1,0,0,2,0,0,0,0,0,2,0,0,0,1,0, 0.00068595,-0.00126231, 0.0007364,-0.00072185,-0.00216217,sell
2015-10-01,1,0,0,1,0,1,2,0,0,0,0,0,2,0,0,0,1,0, 0.00044574,-0.00096375, 0.0001332, 0.00013169,-0.00161810,sell
2015-10-02,1,0,0,1,0,1,2,0,0,1,0,0,2,0,0,0,0,0, 0.00135025, 0.00038176, 0.0005690, 0.00248706, 0.00087559,buy
2015-10-03,1,0,0,1,0,1,1,0,0,2,0,1,1,0,0,0,0,0, 0.00094361,-0.00089474, 0.0005887, 0.00018511, 0.00247974,buy
2015-10-04,1,0,0,1,0,1,1,0,0,2,0,1,1,0,0,0,0,0, 0.00094361,-0.00089474, 0.0005887, 0.00018511, 0.00247974,buy
2015-10-05,1,0,0,1,0,0,0,0,0,2,0,1,1,0,0,0,0,0, 0.00337217, 0.00327913, 0.0038722, 0.00410410, 0.00433286,buy
2015-10-06,1,0,0,1,0,0,0,0,0,2,0,2,1,0,0,0,0,1, 0.00188883, 0.00209604, 0.0018888, 0.00198353,-0.00000511,buy
2015-10-07,1,0,0,1,0,0,0,0,0,2,1,2,1,0,0,0,0,1, 0.00101858, 0.00125962, 0.0010186, 0.00116122,-0.00003143,buy
2015-10-08,1,0,0,1,0,0,0,0,0,2,1,2,1,0,0,1,0,1, 0.00077955, 0.00084211, 0.0006230, 0.00077955,-0.00036883,buy
2015-10-09,0,0,0,1,0,0,0,0,0,2,1,2,1,0,0,2,0,1, 0.00047396,-0.00027975, 0.0004286, 0.00042859,-0.00062888,buy
2015-10-10,0,0,0,0,0,0,0,0,0,0,1,2,1,0,0,2,0,1, 0.00082795, 0.00075479, 0.0004895, 0.00057002, 0.00086662,buy
2015-10-11,0,0,0,0,0,0,0,0,0,0,1,2,1,0,0,2,0,1, 0.00082795, 0.00075479, 0.0004895, 0.00057002, 0.00086662,buy
2015-10-12,0,0,0,0,0,0,0,1,0,0,1,2,1,0,0,2,0,1,-0.00090932,-0.00090932,-0.0019322,-0.00148997,-0.00194461,sell
2015-10-13,0,0,0,0,0,0,0,2,0,0,1,2,1,0,0,2,0,1,-0.00147306,-0.00152629,-0.0022776,-0.00232478,-0.00245246,sell
2015-10-14,0,0,0,0,0,0,0,2,0,0,0,2,1,0,0,2,0,1,-0.00292635,-0.00292635,-0.0031122,-0.00280777,-0.00310674,sell
2015-10-15,0,0,0,0,0,0,0,2,0,0,0,1,1,0,0,2,0,1,-0.00300694,-0.00300694,-0.0030981,-0.00178038,-0.00309259,sell
2015-10-16,0,0,0,0,0,0,1,2,0,0,0,1,1,0,0,2,0,1,-0.00069894,-0.00065453,-0.0006135,-0.00136748,-0.00066407,sell
2015-10-17,0,0,0,0,0,0,1,2,0,0,0,1,1,0,0,0,0,1, 0.00066401, 0.00041602,-0.0002205,-0.00098487,-0.00024021,buy
2015-10-18,0,0,0,0,0,0,1,2,0,0,0,0,1,0,0,0,0,1, 0.00030164,-0.00015371, 0.0003349,-0.00017474,-0.00014415,buy
2015-10-19,0,1,0,0,0,0,1,1,0,0,0,0,1,0,0,0,0,1, 0.00016242,-0.00102114, 0.0015151,-0.00026778, 0.00113921,buy
2015-10-20,0,2,2,0,0,0,1,1,1,1,0,0,1,0,0,0,0,1, 0.00166629, 0.00198617, 0.0020117, 0.00201168, 0.00201168,buy
2015-10-21,0,2,2,0,0,0,0,1,1,1,0,0,1,0,0,0,0,1, 0.00149180, 0.00180752, 0.0017789, 0.00177891, 0.00177891,buy
2015-10-22,0,2,2,1,0,0,0,0,1,1,0,0,1,0,0,0,0,1, 0.00218878, 0.00350795, 0.0023807, 0.00238069, 0.00230211,buy
2015-10-23,0,2,2,1,1,0,0,0,1,1,0,1,1,0,0,1,0,1, 0.00369611, 0.00473569, 0.0040916, 0.00379785, 0.00369164,buy
2015-10-24,0,2,2,1,2,1,0,0,1,1,1,1,1,0,0,1,0,1, 0.00247252, 0.00283503, 0.0024725, 0.00280355, 0.00325710,buy
2015-10-25,0,2,2,1,2,1,0,0,1,0,1,1,1,0,1,1,0,1, 0.00148120,-0.00055637, 0.0014191, 0.00112966, 0.00065052,buy
2015-10-26,0,2,2,1,2,1,0,1,1,0,1,1,1,0,1,1,0,1, 0.00114376,-0.00135088, 0.0010131, 0.00023016,-0.00018589,buy
2015-10-27,0,1,2,0,2,1,1,1,0,0,1,1,1,0,1,1,0,1,-0.00100104,-0.00270531,-0.0009601,-0.00174655,-0.00174655,sell
2015-10-28,0,1,1,0,2,1,1,1,0,0,1,1,1,0,1,1,0,0,-0.00059876,-0.00173951,-0.0007089,-0.00058920,-0.00227794,sell
2015-10-29,0,0,1,0,2,1,1,1,0,0,0,1,1,0,1,0,0,0, 0.00055001,-0.00141021, 0.0004610, 0.00031246,-0.00260130,sell
2015-10-30,0,0,1,0,2,1,1,1,0,0,0,1,1,0,1,0,0,0, 0.00055001,-0.00141021, 0.0004610, 0.00031246,-0.00260130,sell
2015-10-31,0,0,0,0,2,0,1,0,0,0,0,0,1,0,0,0,0,0, 0.00177826, 0.00273577, 0.0018008, 0.00222442, 0.00225001,buy
2015-11-01,0,1,1,0,2,0,1,0,0,0,0,0,1,0,0,0,0,0, 0.00079108, 0.00060218, 0.0010398,-0.00121932, 0.00152687,buy
2015-11-02,0,1,1,0,2,0,1,0,0,0,0,0,1,0,0,0,0,0, 0.00079108, 0.00060218, 0.0010398,-0.00121932, 0.00152687,buy
2015-11-03,0,1,1,0,2,0,0,0,0,1,0,1,1,0,0,0,0,0, 0.00256918, 0.00269817, 0.0013529, 0.00222264, 0.00283470,buy
2015-11-04,0,1,1,0,2,0,1,0,0,1,0,1,1,0,0,0,0,0, 0.00172337, 0.00165302, 0.0013884, 0.00192633, 0.00201767,buy
2015-11-05,0,1,1,0,2,0,1,0,0,1,0,1,1,0,0,0,0,0, 0.00172337, 0.00165302, 0.0013884, 0.00192633, 0.00201767,buy
2015-11-06,0,0,0,0,2,0,1,0,0,1,0,1,1,0,0,0,0,0, 0.00244811, 0.00280509, 0.0016765, 0.00254352, 0.00269565,buy
2015-11-07,0,0,0,1,3,0,1,0,0,1,0,0,1,0,1,0,0,0, 0.00475680, 0.00326481, 0.0004853, 0.00226275, 0.00200300,buy
2015-11-08,1,0,0,1,2,0,1,0,0,2,0,0,1,0,1,0,0,0, 0.00357632, 0.00356511,-0.0005560, 0.00418778, 0.00405567,buy
2015-11-09,1,0,0,1,2,0,0,0,0,2,0,0,1,0,1,0,0,0, 0.00303470, 0.00244376,-0.0015244, 0.00378133, 0.00295931,buy
2015-11-10,1,0,0,1,2,0,0,0,0,1,0,1,2,0,1,0,0,0, 0.00306381, 0.00207713, 0.0013520, 0.00302614, 0.00308763,buy
2015-11-11,1,0,0,2,2,0,0,0,0,1,0,1,2,0,2,0,1,0,-0.00071844,-0.00085505,-0.0009985,-0.00127234,-0.00132893,sell
2015-11-12,1,0,0,2,1,0,1,0,0,1,0,1,2,0,2,0,1,0,-0.00217031,-0.00105415,-0.0020241,-0.00189198,-0.00189198,sell
2015-11-13,1,0,0,2,1,0,1,0,0,0,0,1,2,0,2,0,1,0,-0.00162494,-0.00094680,-0.0018058,-0.00178233,-0.00163649,sell
2015-11-14,1,0,0,2,0,0,1,0,0,0,0,1,2,0,1,0,1,0,-0.00217314,-0.00134594,-0.0026971,-0.00202983,-0.00254913,sell
2015-11-15,1,0,0,1,0,0,1,0,0,0,0,1,2,0,0,0,1,0, 0.00082410,-0.00028408, 0.0011314, 0.00005795,-0.00203322,sell
2015-11-16,0,0,0,0,0,0,1,0,0,0,0,1,2,0,0,0,1,0, 0.00142180, 0.00204272, 0.0006866, 0.00077347,-0.00161911,buy
2015-11-17,0,0,0,0,0,0,1,0,0,0,0,0,2,0,0,0,1,0, 0.00252194, 0.00232905, 0.0018251, 0.00198821,-0.00054807,buy
2015-11-18,0,0,0,0,0,0,0,0,2,1,0,0,2,0,0,0,1,0,-0.00053752,-0.00030155,-0.0006498,-0.00068121,-0.00031403,sell
2015-11-19,0,0,0,0,0,0,0,0,2,1,0,0,2,0,0,0,1,0,-0.00053752,-0.00030155,-0.0006498,-0.00068121,-0.00031403,sell
2015-11-20,0,0,0,0,0,0,0,0,2,1,0,0,2,0,0,2,1,0,-0.00147730,-0.00000779,-0.0015433,-0.00154327,-0.00158796,sell
2015-11-21,0,0,0,0,0,0,0,0,2,1,0,0,2,0,0,3,1,0,-0.00185915,-0.00060492,-0.0018672,-0.00179802,-0.00210007,sell
2015-11-22,0,0,0,0,0,1,0,0,1,1,1,0,2,0,0,3,1,0,-0.00073480,-0.00023290,-0.0008061,-0.00073480,-0.00080613,sell
2015-11-23,0,1,0,0,0,1,0,1,1,1,1,0,2,0,0,3,1,0,-0.00114964,-0.00064774,-0.0010783,-0.00114964,-0.00107825,sell
2015-11-24,0,1,0,1,0,1,0,1,1,0,1,0,2,0,0,3,1,0,-0.00140966,-0.00092098,-0.0012249,-0.00133744,-0.00150481,sell
2015-11-25,0,1,0,1,0,1,0,2,0,0,3,0,1,0,0,2,0,0,-0.00049337,-0.00092300, 0.0001741,-0.00108397,-0.00024226,sell
2015-11-26,0,1,0,1,0,1,0,3,0,0,3,0,1,0,0,2,0,0, 0.00017431,-0.00059092,-0.0003695,-0.00021077, 0.00010973,sell
2015-11-27,0,2,0,1,0,1,0,3,0,1,3,0,1,0,0,2,0,0,-0.00059975,-0.00059975,-0.0003793,-0.00072961,-0.00047839,sell
2015-11-28,0,1,0,1,0,1,0,2,0,1,2,0,1,0,0,0,0,0, 0.00180376, 0.00201419, 0.0006552, 0.00145282, 0.00071375,buy
2015-11-29,0,1,0,1,0,1,0,2,0,1,2,0,1,0,1,0,0,0, 0.00262448, 0.00124350, 0.0007945,-0.00016697,-0.00169975,buy
2015-11-30,0,1,0,0,0,1,0,2,0,1,2,0,1,0,1,0,0,0, 0.00234689, 0.00203277, 0.0006922, 0.00024149,-0.00085735,buy
2015-12-01,0,1,0,0,0,1,0,1,0,1,2,0,1,0,1,0,0,0, 0.00216874, 0.00169823, 0.0005269, 0.00022328,-0.00114959,buy
2015-12-02,0,1,0,1,0,1,0,1,0,0,1,0,1,0,1,0,0,0, 0.00222747, 0.00121016, 0.0023786, 0.00229211, 0.00269761,buy
2015-12-03,0,1,0,1,0,1,0,0,0,1,1,0,1,0,1,0,0,0, 0.00225224, 0.00004216, 0.0007234, 0.00084892, 0.00035464,buy
2015-12-04,0,1,0,1,0,1,0,0,0,1,1,0,1,0,0,0,0,0, 0.00180949,-0.00072862,-0.0004951,-0.00011101,-0.00014797,sell
2015-12-05,1,1,0,1,0,1,0,0,0,1,0,0,1,0,0,0,0,0,-0.00463956,-0.00357661,-0.0048867,-0.00475808,-0.00181044,sell
2015-12-06,1,1,0,1,0,1,0,0,0,1,0,0,1,0,1,0,0,0,-0.00182384,-0.00233192,-0.0014496,-0.00240417,-0.00015506,sell
2015-12-07,1,0,0,0,0,1,0,0,0,1,0,0,1,0,1,0,0,0, 0.00149772, 0.00181428, 0.0014973, 0.00163385, 0.00144515,buy
2015-12-08,1,0,1,0,0,1,1,0,0,1,0,0,1,0,1,0,0,0,-0.00099580,-0.00092039,-0.0002708,-0.00163513,-0.00115304,sell
2015-12-09,1,0,1,0,0,1,1,0,0,1,0,1,1,0,1,0,0,0,-0.00263698,-0.00202896,-0.0006514,-0.00225913,-0.00307537,sell
2015-12-10,1,0,1,0,0,1,1,0,0,0,0,1,0,0,1,0,0,0,-0.00271074,-0.00220899,-0.0003045,-0.00249778,-0.00431258,sell
2015-12-11,0,0,1,1,0,1,1,0,0,0,0,1,0,0,1,0,0,0, 0.00238102, 0.00391264, 0.0018592,-0.00012248, 0.00166013,buy
2015-12-12,0,0,1,1,0,1,1,1,0,0,0,1,0,0,1,0,0,0, 0.00284413, 0.00322859, 0.0031442,-0.00051720, 0.00119829,buy
2015-12-13,0,1,1,1,0,1,1,1,0,0,0,1,0,0,0,0,0,0,-0.00053297,-0.00029581, 0.0009361,-0.00029581,-0.00029581,sell
2015-12-14,0,1,0,1,0,0,0,1,0,1,0,2,0,0,0,0,0,0,-0.00237046, 0.00065948,-0.0023705,-0.00237046,-0.00118316,sell
2015-12-15,0,1,0,1,0,0,0,1,0,1,0,2,0,0,0,0,0,0,-0.00237046, 0.00065948,-0.0023705,-0.00237046,-0.00118316,sell
2015-12-16,0,1,0,1,0,0,0,1,0,1,0,1,0,0,1,0,0,0, 0.00390730, 0.00350033, 0.0041792, 0.00376628, 0.00390967,buy
2015-12-17,0,2,0,1,0,0,0,0,1,1,0,1,0,0,1,0,0,0, 0.00224567,-0.00040877, 0.0022087, 0.00496396, 0.00220808,buy
2015-12-18,0,2,0,0,0,0,0,0,1,1,0,1,0,0,1,0,0,1, 0.00177942, 0.00153903, 0.0015705, 0.00185459, 0.00149945,buy
2015-12-19,1,2,0,0,0,0,0,0,1,1,0,0,0,0,1,1,0,1,-0.00201267,-0.00202937, 0.0017331,-0.00291397,-0.00202937,sell
2015-12-20,1,2,0,0,0,0,0,0,1,1,0,0,0,0,1,1,0,1,-0.00201267,-0.00202937, 0.0017331,-0.00291397,-0.00202937,sell
2015-12-21,1,1,0,1,0,1,0,0,1,0,0,0,0,0,1,1,0,1,-0.00202751,-0.00090165, 0.0049102,-0.00153502,-0.00208070,sell
2015-12-22,1,1,0,1,0,1,0,0,1,0,0,0,0,0,0,1,0,1,-0.00173989,-0.00385431,-0.0021855,-0.00349040,-0.00312125,sell
2015-12-23,1,1,1,1,0,1,1,0,0,0,0,0,0,0,0,1,0,1,-0.00097664,-0.00087399,-0.0008740,-0.00068302,-0.00088801,sell
2015-12-24,1,0,1,1,0,2,1,0,0,0,0,0,0,0,0,0,0,1,-0.00214301,-0.00197867,-0.0021430,-0.00272734,-0.00205814,sell
2015-12-25,1,0,1,1,0,2,1,0,0,0,1,0,0,0,0,0,0,1,-0.00265684,-0.00291972,-0.0028837,-0.00268639,-0.00251860,sell
2015-12-26,1,0,1,1,0,2,1,1,0,0,1,0,0,0,0,0,0,1,-0.00285813,-0.00354884,-0.0030690,-0.00285813,-0.00285813,sell
2015-12-27,1,0,1,1,0,2,1,1,1,0,1,0,0,0,0,0,0,1,-0.00272252,-0.00357112,-0.0031444,-0.00258690,-0.00272252,sell
2015-12-28,1,0,1,0,0,2,0,1,1,0,1,0,0,0,0,0,0,1, 0.00009417, 0.00004396, 0.0010229, 0.00010215, 0.00105972,buy
2015-12-29,0,0,0,0,0,2,0,1,1,0,1,0,0,0,0,1,0,1,-0.00044609,-0.00108297,-0.0004023,-0.00040507,-0.00010838,sell
2015-12-30,0,0,0,0,0,2,0,1,1,0,1,1,0,0,0,1,0,1,-0.00038785,-0.00173101,-0.0003537,-0.00097423,-0.00100423,sell
2015-12-31,0,0,0,0,0,2,0,1,1,0,1,1,0,0,0,1,0,1,-0.00038785,-0.00173101,-0.0003537,-0.00097423,-0.00100423,sell
2016-01-01,0,0,0,0,0,1,0,1,1,0,0,1,0,0,0,1,0,1,-0.00115038,-0.00067870,-0.0010857,-0.00093582,-0.00103142,sell
2016-01-02,0,0,0,0,0,1,0,0,1,0,0,1,0,0,0,1,0,0,-0.00253722,-0.00209712,-0.0018519,-0.00180463,-0.00087534,sell
2016-01-03,0,0,0,0,0,1,0,1,1,0,0,1,0,0,0,1,0,0,-0.00198533,-0.00107892,-0.0021582,-0.00190769,-0.00146100,sell
2016-01-04,0,0,0,0,0,1,0,1,1,0,0,1,0,0,0,1,0,0,-0.00198533,-0.00107892,-0.0021582,-0.00190769,-0.00146100,sell
2016-01-05,0,0,0,0,0,1,0,1,1,0,1,1,0,0,0,1,0,0,-0.00410955,-0.00063924,-0.0039971,-0.00225609,-0.00225609,sell
2016-01-06,0,0,0,0,0,1,0,1,1,0,1,0,0,0,0,1,0,0,-0.00391213, 0.00012426,-0.0039121,-0.00162475,-0.00162475,sell
2016-01-07,0,0,0,0,0,1,0,1,1,0,1,0,0,0,0,1,0,0,-0.00391213, 0.00012426,-0.0039121,-0.00162475,-0.00162475,sell
2016-01-08,0,0,0,0,0,1,0,1,1,0,2,0,0,0,0,1,0,0,-0.00376520, 0.00032553,-0.0038365,-0.00219869,-0.00236057,sell
2016-01-09,0,0,0,0,0,0,0,0,1,1,2,0,0,0,0,1,1,0,-0.00010444,-0.00142442,-0.0007296, 0.00029810, 0.00044442,sell
2016-01-10,0,0,0,0,0,0,1,0,1,1,2,0,0,0,1,1,1,0,-0.00459622,-0.00270901,-0.0041689,-0.00417759,-0.00328904,sell
2016-01-11,0,1,1,0,0,0,1,0,0,1,2,0,0,0,1,0,1,0,-0.00183010,-0.00008902,-0.0018301,-0.00326946,-0.00242496,sell
2016-01-12,0,2,2,0,0,0,1,0,0,1,2,0,1,0,1,0,0,0, 0.00110670, 0.00129019, 0.0012902, 0.00087971, 0.00129019,buy
2016-01-13,0,2,2,0,1,0,2,0,0,1,1,0,1,0,1,0,0,0, 0.00034587, 0.00128622, 0.0014302, 0.00033717, 0.00137539,buy
2016-01-14,0,2,2,0,1,0,2,0,0,1,1,0,1,0,1,0,0,0, 0.00034587, 0.00128622, 0.0014302, 0.00033717, 0.00137539,buy
2016-01-15,0,2,2,1,1,0,2,0,0,0,1,0,1,0,1,0,0,1, 0.00128356, 0.00128356, 0.0008127, 0.00128356, 0.00081269,buy
2016-01-16,0,1,2,1,1,0,2,0,0,0,1,0,1,0,0,0,0,1,-0.00069327,-0.00075241,-0.0022812,-0.00063915,-0.00189980,sell
2016-01-17,0,1,1,1,1,0,1,0,1,0,1,0,0,0,0,1,0,1, 0.00214935, 0.00205295, 0.0023176, 0.00219854, 0.00225049,buy
2016-01-18,0,2,0,1,1,0,0,0,1,0,1,0,0,0,0,1,0,0,-0.00288509, 0.00011425,-0.0002974,-0.00191399, 0.00050874,sell
2016-01-19,0,2,0,1,1,0,0,0,1,0,1,0,0,0,0,1,0,0,-0.00288509, 0.00011425,-0.0002974,-0.00191399, 0.00050874,sell
2016-01-20,0,2,0,1,1,0,0,0,1,0,1,0,0,0,0,1,0,0,-0.00288509, 0.00011425,-0.0002974,-0.00191399, 0.00050874,sell
2016-01-21,0,1,0,0,1,0,0,0,1,0,1,1,0,0,0,1,0,0, 0.00217270, 0.00144538, 0.0017645, 0.00208116,-0.00170308,buy
2016-01-22,1,1,0,0,1,0,0,0,1,0,0,1,0,0,0,1,0,0, 0.00031342, 0.00216705, 0.0008508, 0.00031342, 0.00081022,buy
2016-01-23,1,1,0,0,0,0,0,0,1,0,0,1,0,0,0,1,0,0,-0.00022381, 0.00007858,-0.0002238,-0.00027779, 0.00080232,sell
2016-01-24,1,1,0,0,0,0,0,0,1,0,0,1,0,0,0,1,0,0,-0.00022381, 0.00007858,-0.0002238,-0.00027779, 0.00080232,sell
2016-01-25,1,1,0,1,0,1,0,1,1,0,0,1,0,1,0,1,0,0, 0.00248082, 0.00213305, 0.0028495,-0.00022735, 0.00379997,buy
2016-01-26,1,0,0,1,0,1,0,1,1,0,0,1,0,1,0,1,0,0, 0.00061909, 0.00148826, 0.0019255,-0.00067936, 0.00317548,buy
2016-01-27,1,0,0,1,0,1,0,1,1,0,0,1,0,1,0,1,0,0, 0.00061909, 0.00148826, 0.0019255,-0.00067936, 0.00317548,buy
2016-01-28,1,0,0,1,0,1,0,2,1,0,0,1,0,1,0,1,0,0, 0.00269560, 0.00353981, 0.0019102,-0.00069852, 0.00441326,buy
2016-01-29,1,0,0,1,0,1,0,2,1,0,0,1,0,1,0,1,0,0, 0.00269560, 0.00353981, 0.0019102,-0.00069852, 0.00441326,buy
2016-01-30,1,0,0,1,0,1,0,2,1,0,0,1,0,1,0,1,0,0, 0.00269560, 0.00353981, 0.0019102,-0.00069852, 0.00441326,buy
2016-01-31,1,0,0,0,0,1,0,2,1,0,0,2,0,1,0,1,0,0, 0.00230796, 0.00232221, 0.0015403,-0.00091633, 0.00394507,buy
2016-02-01,1,0,0,0,0,2,0,1,1,0,0,3,0,1,0,1,0,0,-0.00077131,-0.00067150,-0.0005391,-0.00158440,-0.00032106,sell
2016-02-02,1,0,0,0,0,2,0,1,2,1,0,2,0,1,0,1,0,0,-0.00370430,-0.00367034,-0.0026632,-0.00377451,-0.00211946,sell
2016-02-03,1,0,1,0,0,3,0,0,2,1,0,2,0,1,0,2,0,0,-0.00579427,-0.00673652,-0.0044668,-0.00643015,-0.00650218,sell
2016-02-04,2,0,1,0,0,3,0,0,2,1,0,2,0,1,0,3,0,0,-0.00551300,-0.00748559,-0.0051499,-0.00745513,-0.00705471,sell
2016-02-05,2,0,1,0,0,2,1,0,2,1,0,2,0,1,0,3,0,0,-0.00470284,-0.00589849,-0.0052293,-0.00614918,-0.00624140,sell
2016-02-06,2,0,1,0,0,2,1,0,1,1,0,2,0,1,0,2,0,0,-0.00513517,-0.00559617,-0.0053494,-0.00579888,-0.00648302,sell
2016-02-07,1,0,1,0,0,2,1,0,1,1,0,1,0,1,0,2,0,0,-0.00477883,-0.00578625,-0.0044594,-0.00429069,-0.00453389,sell
2016-02-08,1,0,3,0,0,2,1,0,1,1,0,0,0,1,0,2,0,0,-0.00390619,-0.00206943,-0.0036945,-0.00388130,-0.00381548,sell
2016-02-09,1,0,3,0,0,2,2,0,1,0,0,0,0,1,0,2,0,0,-0.00518497,-0.00480678,-0.0050035,-0.00443777,-0.00509494,sell
2016-02-10,1,0,2,0,0,2,2,0,0,0,0,0,0,1,0,0,0,0,-0.00475062,-0.00576790,-0.0043271,-0.00576784,-0.00493723,sell
2016-02-11,1,0,2,0,0,2,2,0,0,0,1,0,0,1,0,0,0,0,-0.00351940,-0.00372161,-0.0038880,-0.00372161,-0.00384855,sell
2016-02-12,0,0,2,0,0,1,1,0,0,0,1,0,0,1,0,0,1,0,-0.00177332,-0.00325333,-0.0052971,-0.00459644,-0.00473453,sell
2016-02-13,0,0,1,0,0,1,1,0,0,0,1,0,0,1,0,0,1,0,-0.00090691,-0.00402753,-0.0052133,-0.00451388,-0.00439716,sell
2016-02-14,0,0,0,0,0,0,1,0,0,0,2,0,0,1,0,0,1,0, 0.00569156, 0.00188684, 0.0023874, 0.00011607, 0.00242888,buy
2016-02-15,0,0,0,0,0,0,0,0,0,0,2,0,0,1,0,0,0,0, 0.00511751, 0.00508631, 0.0055085, 0.00124044, 0.00496123,buy
2016-02-16,0,0,0,1,0,0,0,0,0,0,2,0,0,1,0,0,0,0, 0.00360402, 0.00366495, 0.0044837, 0.00083082, 0.00360099,buy
2016-02-17,0,1,0,1,0,0,0,0,1,0,1,0,0,1,0,0,0,0,-0.00266532,-0.00020632, 0.0005356,-0.00199686,-0.00174948,sell
2016-02-18,0,1,0,1,0,0,0,1,1,0,1,0,0,1,0,0,0,0,-0.00302379,-0.00080075,-0.0002745,-0.00172495,-0.00179392,sell
2016-02-19,0,1,0,2,0,0,0,1,1,0,1,0,0,1,1,0,0,0,-0.00493484,-0.00251442,-0.0006538,-0.00426602,-0.00428376,sell
2016-02-20,0,1,0,2,0,0,0,1,1,0,0,0,0,1,1,0,0,0,-0.00547335,-0.00292258,-0.0008928,-0.00460681,-0.00499930,sell
2016-02-21,0,1,0,1,0,0,0,1,1,0,0,0,0,1,1,0,0,0,-0.00486351,-0.00308998,-0.0016552,-0.00394803,-0.00436058,sell
2016-02-22,0,2,0,1,0,0,0,2,1,0,0,0,0,0,1,0,0,0,-0.00163637,-0.00128706,-0.0012301,-0.00123014,-0.00125126,sell
2016-02-23,0,2,0,1,0,0,0,2,1,0,0,1,0,0,1,0,0,0,-0.00081022,-0.00078720,-0.0007872,-0.00043134,-0.00076607,sell
2016-02-24,0,1,0,0,0,0,1,1,0,1,0,1,0,0,1,1,0,0,-0.00184972,-0.00018683,-0.0020841,-0.00208406,-0.00211876,sell
2016-02-25,0,1,0,0,0,0,1,1,0,1,0,1,0,0,1,1,0,0,-0.00184972,-0.00018683,-0.0020841,-0.00208406,-0.00211876,sell
2016-02-26,1,1,1,0,0,0,1,1,0,1,0,1,0,0,0,1,0,0,-0.00011738, 0.00319465, 0.0011334, 0.00466384, 0.00377231,buy
2016-02-27,1,1,1,0,0,0,1,1,0,1,0,2,0,0,0,1,0,0,-0.00022844, 0.00261780, 0.0004905, 0.00415371, 0.00335364,buy
2016-02-28,1,1,1,0,0,0,1,0,0,2,0,1,0,0,0,1,0,0,-0.00039413, 0.00105053,-0.0012814, 0.00400165, 0.00105053,buy
2016-02-29,1,1,1,0,0,0,1,0,0,1,0,1,0,0,0,1,0,0, 0.00002383, 0.00229065, 0.0004302, 0.00528340, 0.00229065,buy
2016-03-01,1,0,1,0,0,0,1,0,0,1,0,1,0,0,0,1,0,0,-0.00060118, 0.00031469, 0.0006722, 0.00487340, 0.00060269,buy
2016-03-02,1,0,1,0,0,1,1,0,0,1,0,1,0,0,0,1,0,0, 0.00018798, 0.00427958, 0.0038897, 0.00481592, 0.00427958,buy
2016-03-03,1,0,1,0,0,1,1,0,0,1,0,2,0,0,0,1,0,0, 0.00022666, 0.00142697, 0.0018194, 0.00226328, 0.00172120,buy
2016-03-04,1,0,1,1,0,1,0,0,1,2,0,1,0,0,0,1,0,0,-0.00015549,-0.00014464, 0.0004523, 0.00001903, 0.00055228,sell
2016-03-05,1,0,1,1,0,1,0,0,1,1,0,1,0,0,1,2,0,0, 0.00318545, 0.00196675, 0.0012264, 0.00032418,-0.00085481,buy
2016-03-06,1,0,0,1,0,1,0,0,1,1,0,1,0,0,1,1,0,0, 0.00130383,-0.00037908,-0.0001148,-0.00227593,-0.00179472,sell
2016-03-07,1,0,0,1,0,1,0,0,1,1,0,1,0,0,1,1,0,0, 0.00130383,-0.00037908,-0.0001148,-0.00227593,-0.00179472,sell
2016-03-08,1,0,0,1,0,0,1,0,1,1,0,1,0,0,1,1,0,0, 0.00002151,-0.00228011,-0.0008157,-0.00189828,-0.00306066,sell
2016-03-09,1,0,0,1,0,0,1,0,0,1,0,1,0,0,1,1,0,0,-0.00034792,-0.00203868,-0.0016052,-0.00032613,-0.00198164,sell
2016-03-10,1,0,0,1,0,0,1,0,0,1,0,0,0,0,0,1,0,0, 0.00633681, 0.00583448, 0.0054772, 0.00648199, 0.00633681,buy
2016-03-11,0,0,0,1,0,1,1,0,1,0,0,0,0,0,0,1,0,0,-0.00050733,-0.00114692,-0.0029524,-0.00065346,-0.00065346,sell
2016-03-12,0,0,0,0,0,1,1,0,1,0,0,0,0,0,0,0,0,0,-0.00447953,-0.00430929,-0.0054628,-0.00489402,-0.00173000,sell
2016-03-13,1,0,0,1,0,1,1,0,1,1,0,1,0,0,1,0,0,0, 0.00074662,-0.00192713, 0.0006485,-0.00152112,-0.00225936,sell
2016-03-14,1,0,0,1,0,1,0,0,1,1,0,1,0,0,1,1,0,0, 0.00130383,-0.00037908,-0.0001148,-0.00227593,-0.00179472,sell
2016-03-15,1,0,0,1,0,1,0,0,1,1,0,1,0,0,1,1,0,0, 0.00130383,-0.00037908,-0.0001148,-0.00227593,-0.00179472,sell
2016-03-16,1,0,0,1,0,1,0,0,1,1,0,1,0,0,1,1,0,0, 0.00130383,-0.00037908,-0.0001148,-0.00227593,-0.00179472,sell
2016-03-17,1,0,0,1,0,1,1,0,0,0,0,0,0,0,1,1,0,0,-0.00500616,-0.00502870, 0.0006275,-0.00171667,-0.00490983,sell
2016-03-18,1,0,0,0,0,1,1,0,0,0,0,0,0,0,1,0,0,0,-0.00547851,-0.00617792,-0.0018011,-0.00375374,-0.00726819,sell
2016-03-19,0,0,0,0,0,0,1,0,0,0,0,0,1,0,0,0,0,0, 0.00033760, 0.00014880, 0.0017473, 0.00105339, 0.00056725,buy
2016-03-20,0,0,0,0,0,0,1,0,0,0,0,0,1,0,0,0,0,0, 0.00033760, 0.00014880, 0.0017473, 0.00105339, 0.00056725,buy
2016-03-21,0,0,0,0,0,0,1,0,0,0,0,0,1,0,0,0,0,0, 0.00033760, 0.00014880, 0.0017473, 0.00105339, 0.00056725,buy
2016-03-22,0,0,0,1,1,0,1,0,0,0,0,0,1,0,0,0,0,0, 0.00122731, 0.00254831, 0.0021379, 0.00239941, 0.00258058,buy
2016-03-23,0,0,0,1,2,0,1,0,0,0,0,1,1,0,0,0,0,0, 0.00470828, 0.00329331, 0.0025229, 0.00304328, 0.00364087,buy
2016-03-24,0,0,0,1,2,0,1,0,0,1,0,1,1,0,0,0,0,0, 0.00454905, 0.00324593, 0.0034531, 0.00230274, 0.00223488,buy
2016-03-25,0,0,0,1,2,0,0,1,0,1,0,1,1,0,0,1,0,0,-0.00072464, 0.00126747, 0.0008497, 0.00084120, 0.00084973,buy
2016-03-26,0,0,0,1,2,0,0,1,0,1,0,1,1,0,0,1,0,0,-0.00072464, 0.00126747, 0.0008497, 0.00084120, 0.00084973,buy
2016-03-27,1,0,0,1,1,0,0,2,0,1,0,1,1,0,0,1,0,0, 0.00098503, 0.00014475, 0.0018162, 0.00014475, 0.00144194,buy
2016-03-28,1,0,1,1,1,0,0,2,0,1,1,1,0,0,0,1,0,0, 0.00027098, 0.00094476, 0.0003507, 0.00008979, 0.00031933,buy
2016-03-29,1,0,1,0,1,0,0,1,0,1,1,0,0,0,1,1,0,0,-0.00052442, 0.00021569,-0.0016098,-0.00165550,-0.00173409,sell
2016-03-30,1,0,1,0,1,0,0,1,0,1,1,0,0,0,1,1,0,0,-0.00052442, 0.00021569,-0.0016098,-0.00165550,-0.00173409,sell
2016-03-31,1,0,1,0,0,1,0,1,0,1,1,0,0,0,1,0,0,0, 0.00095682, 0.00017419,-0.0003401, 0.00068523, 0.00077069,buy
2016-04-01,1,1,1,0,0,1,0,1,0,1,0,0,0,0,1,0,0,0,-0.00112252, 0.00009708,-0.0001042,-0.00057384,-0.00069786,sell
2016-04-02,1,1,1,0,0,1,1,1,0,0,1,0,0,0,1,0,0,1, 0.00211576, 0.00150946, 0.0032941, 0.00232261,-0.00052665,buy
2016-04-03,1,1,1,0,0,1,1,1,0,1,1,0,0,0,0,0,0,1,-0.00206685,-0.00083500,-0.0026377,-0.00129813,-0.00416459,sell
2016-04-04,1,1,1,1,0,0,1,0,0,1,1,0,0,0,0,0,0,1,-0.00350665,-0.00356560,-0.0042591,-0.00356560,-0.00519855,sell
2016-04-05,1,1,1,1,0,0,1,0,0,1,1,1,0,0,1,0,0,1,-0.00306391,-0.00398260,-0.0024418,-0.00398260,-0.00376708,sell
2016-04-06,1,0,1,1,0,0,0,0,0,1,1,1,0,0,1,0,0,1,-0.00432016,-0.00493940,-0.0036693,-0.00458048,-0.00425202,sell
2016-04-07,0,0,1,1,0,0,0,0,0,1,1,1,0,0,1,0,0,1,-0.00545144,-0.00635675,-0.0065781,-0.00531281,-0.00594604,sell
2016-04-08,0,0,0,0,0,0,0,0,0,1,1,1,0,0,1,0,0,1,-0.00351819,-0.00387575,-0.0042521,-0.00264389,-0.00260927,sell
2016-04-09,0,0,0,0,1,0,0,0,0,1,0,0,0,0,1,0,0,1, 0.00565331, 0.00520219, 0.0051718, 0.00645521, 0.00533902,buy
2016-04-10,0,0,0,0,2,1,0,1,0,0,0,0,0,0,1,0,0,1,-0.00317615,-0.00241696,-0.0026654,-0.00204109,-0.00238194,sell
2016-04-11,0,0,0,0,2,1,0,1,0,0,0,0,0,0,1,0,0,1,-0.00317615,-0.00241696,-0.0026654,-0.00204109,-0.00238194,sell
2016-04-12,1,0,1,0,2,1,1,2,0,0,0,0,0,0,1,0,0,1, 0.00151862, 0.00159434, 0.0014075, 0.00134495, 0.00031414,buy
2016-04-13,1,0,1,0,1,1,1,2,0,0,1,0,0,0,1,0,0,1, 0.00332824, 0.00284638, 0.0035161, 0.00332824, 0.00022472,buy
2016-04-14,1,0,2,0,1,1,1,2,1,0,1,0,0,0,1,0,0,0, 0.00251794, 0.00099943, 0.0029227, 0.00285335, 0.00196117,buy
2016-04-15,1,0,2,1,1,1,1,1,1,0,1,0,0,0,0,0,0,0, 0.00111361,-0.00055223, 0.0016465, 0.00122393, 0.00066399,buy
2016-04-16,1,0,2,1,0,1,1,1,1,0,2,0,0,0,0,0,0,0,-0.00029613,-0.00073012, 0.0006176, 0.00013683, 0.00016520,sell
2016-04-17,1,1,1,1,0,0,1,1,1,1,2,1,0,0,0,1,0,1,-0.00356924,-0.00338574,-0.0030464,-0.00356924,-0.00346764,sell
2016-04-18,1,1,1,1,0,0,1,0,1,1,2,1,0,0,0,1,0,1,-0.00356924,-0.00338574,-0.0031077,-0.00356924,-0.00346764,sell
2016-04-19,1,1,1,1,0,0,0,0,1,1,1,1,0,0,1,1,0,1, 0.00270442, 0.00207439, 0.0018030, 0.00132188, 0.00198591,buy
2016-04-20,1,1,0,1,0,0,0,0,1,1,1,1,0,0,1,1,0,1, 0.00348778, 0.00321527, 0.0046642, 0.00087028, 0.00321527,buy
2016-04-21,0,1,0,1,0,0,0,0,0,1,0,1,0,0,1,1,0,1, 0.00202881, 0.00206935, 0.0014125, 0.00196098, 0.00186630,buy
2016-04-22,0,1,0,0,0,1,0,0,0,1,0,1,0,0,1,1,0,1, 0.00129162, 0.00076655, 0.0010579, 0.00115668, 0.00079148,buy
2016-04-23,0,1,0,0,0,1,0,0,0,0,0,1,0,0,1,1,0,1, 0.00148040, 0.00224810, 0.0030826, 0.00044448, 0.00183448,buy
2016-04-24,0,1,0,0,0,1,1,0,0,0,0,0,0,0,1,1,0,1, 0.00044487, 0.00064265, 0.0024837, 0.00128940, 0.00132075,buy
2016-04-25,0,1,0,0,1,1,1,0,0,0,0,0,0,0,1,1,0,1, 0.00063987, 0.00045260, 0.0027862, 0.00087382, 0.00083782,buy
2016-04-26,0,1,0,1,1,1,1,0,0,0,0,0,0,0,1,1,0,1,-0.00039862, 0.00076384, 0.0007542,-0.00048204,-0.00063631,sell
2016-04-27,0,1,0,1,1,1,1,0,0,0,0,0,0,0,0,1,0,1, 0.00103773, 0.00122374, 0.0018507, 0.00091252, 0.00068643,buy
2016-04-28,0,0,0,1,1,0,1,1,0,0,0,1,0,0,0,1,0,0,-0.00096227,-0.00113832,-0.0011383,-0.00117102,-0.00100290,sell
2016-04-29,1,0,0,1,1,0,1,1,0,0,0,1,0,0,0,1,0,0, 0.00150646, 0.00135111, 0.0014686, 0.00146862, 0.00146862,buy
2016-04-30,1,0,1,1,1,0,0,1,0,0,0,1,0,0,0,1,0,0,-0.00312115,-0.00315321, 0.0003566,-0.00306860,-0.00333759,sell
2016-05-01,1,0,1,1,0,0,0,1,0,0,0,1,0,0,0,1,0,0, 0.00048809, 0.00183446, 0.0005834, 0.00000751, 0.00252123,buy
2016-05-02,1,0,1,0,0,0,0,1,0,0,1,1,0,0,0,1,0,0,-0.00449064,-0.00449064,-0.0045499,-0.00418645, 0.00083364,sell
2016-05-03,1,1,1,0,1,0,0,1,0,0,1,0,0,0,0,1,0,0,-0.00279922,-0.00096185,-0.0013005, 0.00008764, 0.00029871,sell
2016-05-04,1,1,1,0,1,0,0,1,1,0,1,0,0,0,0,1,0,0,-0.00032536, 0.00197407, 0.0014021, 0.00261589, 0.00250299,buy
2016-05-05,1,1,1,0,1,0,0,0,1,0,1,0,0,0,0,1,0,0, 0.00145198, 0.00209798, 0.0022492, 0.00226629, 0.00193868,buy
2016-05-06,1,1,1,0,1,0,0,0,1,0,1,0,0,0,0,1,0,0, 0.00145198, 0.00209798, 0.0022492, 0.00226629, 0.00193868,buy
2016-05-07,1,1,0,0,1,0,0,1,1,0,1,0,1,0,0,1,0,0,-0.00197744, 0.00045777,-0.0023964,-0.00086887,-0.00040673,sell
2016-05-08,0,1,1,0,0,0,0,1,2,0,1,0,1,0,0,1,0,0, 0.00546934, 0.00546934, 0.0039730, 0.00343144, 0.00490510,buy
2016-05-09,0,1,1,0,0,0,0,1,2,0,1,0,1,0,0,2,0,0, 0.00539913, 0.00495612, 0.0046330, 0.00336123, 0.00556513,buy
2016-05-10,0,1,1,0,0,0,0,1,2,0,1,0,1,0,0,2,0,0, 0.00539913, 0.00495612, 0.0046330, 0.00336123, 0.00556513,buy
2016-05-11,0,0,1,0,0,0,0,1,2,0,1,0,1,0,0,1,1,0,-0.00051177,-0.00023710, 0.0001251,-0.00023710,-0.00109380,sell
2016-05-12,1,0,1,0,0,0,0,1,2,0,2,0,1,0,0,1,1,0,-0.00033107,-0.00108570,-0.0002772,-0.00033107, 0.00106099,sell
2016-05-13,1,0,1,0,0,0,0,0,2,0,2,0,0,0,0,1,1,0,-0.00013684,-0.00286594,-0.0000093,-0.00013684, 0.00047068,sell
2016-05-14,1,0,0,0,0,0,0,0,2,0,2,0,0,0,0,1,1,0,-0.00035359,-0.00194888,-0.0009893,-0.00035359, 0.00050083,sell
2016-05-15,1,0,1,0,0,0,0,0,2,0,1,0,0,0,0,2,1,0,-0.00158906,-0.00333622,-0.0001945,-0.00158906,-0.00036140,sell
2016-05-16,1,0,1,0,0,0,0,0,2,0,1,0,0,0,0,1,1,0,-0.00199508,-0.00397416,-0.0009677,-0.00199508,-0.00072774,sell
2016-05-17,1,1,1,0,0,0,0,0,1,0,1,0,0,0,0,1,0,0, 0.00145033, 0.00197088, 0.0009935, 0.00194768, 0.00214038,buy
2016-05-18,1,1,1,0,0,0,0,1,1,0,1,0,0,0,0,1,0,0, 0.00110870, 0.00193725,-0.0005689, 0.00095724, 0.00275519,buy
2016-05-19,1,1,1,0,0,1,0,1,1,1,1,0,0,0,0,1,0,0, 0.00332543, 0.00334795, 0.0000505,-0.00023590, 0.00388525,buy
2016-05-20,2,1,1,0,0,1,0,1,1,1,1,0,0,0,0,1,0,0, 0.00209789, 0.00217241, 0.0006115, 0.00011818, 0.00235488,buy
2016-05-21,2,1,1,0,0,1,0,1,1,1,1,0,0,0,0,0,0,0, 0.00099378, 0.00117313,-0.0011939,-0.00093562, 0.00124218,sell
2016-05-22,2,1,1,0,0,2,0,1,1,1,1,0,0,0,0,0,0,0, 0.00118430, 0.00171982,-0.0001479,-0.00042229, 0.00128297,buy
2016-05-23,1,1,1,0,0,2,0,1,1,2,1,0,1,0,0,0,0,0,-0.00064986, 0.00073597, 0.0008048,-0.00023119,-0.00064986,sell
2016-05-24,1,1,1,0,0,2,0,1,1,2,1,0,1,0,0,0,0,0,-0.00064986, 0.00073597, 0.0008048,-0.00023119,-0.00064986,sell
2016-05-25,1,1,1,0,0,2,0,1,1,2,1,0,1,0,1,0,0,0, 0.00121064, 0.00168936, 0.0018329, 0.00134712, 0.00121064,buy
2016-05-26,1,1,1,0,0,1,0,1,1,1,1,0,1,0,1,0,0,0,-0.00059482,-0.00049729, 0.0001657, 0.00002894,-0.00059482,sell
2016-05-27,1,1,1,0,0,1,0,0,1,1,1,0,1,0,1,0,0,0,-0.00089270,-0.00082958,-0.0005898,-0.00044452,-0.00082958,sell
2016-05-28,0,1,1,0,0,0,0,0,1,1,1,0,1,0,2,0,0,0,-0.00116785, 0.00395661, 0.0045983, 0.00397501,-0.00031674,buy
2016-05-29,0,1,1,0,0,0,0,1,1,0,1,0,1,0,2,0,0,0,-0.00092637, 0.00426304, 0.0040020, 0.00400200,-0.00068582,buy
2016-05-30,0,1,1,0,0,0,0,1,1,0,1,1,1,0,2,0,0,0, 0.00080776, 0.00452700, 0.0041462, 0.00466817, 0.00005923,buy
2016-05-31,0,1,0,0,0,0,0,2,1,0,0,1,1,0,2,0,0,0,-0.00145307,-0.00058935,-0.0005162,-0.00058935,-0.00148999,sell
2016-06-01,0,1,0,1,0,0,0,2,1,0,0,2,1,0,2,0,0,0,-0.00422306,-0.00462305,-0.0041645,-0.00445179,-0.00434599,sell
2016-06-02,0,1,0,2,0,0,0,2,1,0,0,2,1,0,1,0,0,0,-0.00709008,-0.00780112,-0.0078011,-0.00761359,-0.00791051,sell
2016-06-03,0,1,0,2,0,0,0,2,1,0,0,2,1,0,0,0,0,0,-0.00664914,-0.00710042,-0.0071208,-0.00683702,-0.00648352,sell
2016-06-04,0,1,0,2,0,0,0,2,3,0,0,2,1,0,0,1,0,0,-0.00341926,-0.00353736,-0.0036319,-0.00363192,-0.00343745,sell
2016-06-05,0,2,0,2,0,0,0,2,2,0,0,2,1,0,0,1,0,0,-0.00448931,-0.00459094,-0.0048962,-0.00527788,-0.00430042,sell
2016-06-06,0,2,0,2,0,1,0,0,2,0,0,2,1,0,0,1,0,0, 0.00118014, 0.00113758, 0.0004836, 0.00058840, 0.00216054,buy
2016-06-07,0,2,0,2,0,1,0,0,2,0,0,2,1,0,0,1,0,0, 0.00118014, 0.00113758, 0.0004836, 0.00058840, 0.00216054,buy
2016-06-08,0,2,0,0,0,1,0,0,2,0,0,0,1,0,0,1,0,0,-0.00203210,-0.00148322,-0.0030172,-0.00231687,-0.00203210,sell
2016-06-09,0,2,0,0,0,1,0,0,2,0,0,0,1,0,0,1,0,0,-0.00203210,-0.00148322,-0.0030172,-0.00231687,-0.00203210,sell
2016-06-10,0,2,0,0,0,1,0,0,1,0,0,0,1,0,0,2,0,0,-0.00008263, 0.00022932,-0.0020678,-0.00167234,-0.00007069,sell
2016-06-11,0,2,0,0,1,1,0,0,0,0,0,0,1,0,0,2,0,0, 0.00175117, 0.00175117, 0.0008151,-0.00084373, 0.00220858,buy
2016-06-12,0,2,0,0,2,1,0,0,0,1,0,0,1,0,0,2,0,0,-0.00240340,-0.00266334,-0.0021662,-0.00323917,-0.00060567,sell
2016-06-13,0,1,0,0,2,0,0,0,0,1,0,0,1,0,0,2,0,0,-0.00318649,-0.00301603,-0.0033557,-0.00350877,-0.00183415,sell
2016-06-14,0,1,0,0,2,0,0,0,0,1,0,0,1,0,0,2,0,0,-0.00318649,-0.00301603,-0.0033557,-0.00350877,-0.00183415,sell
2016-06-15,1,1,0,0,2,0,0,0,0,1,0,0,1,0,0,2,0,0,-0.00240475,-0.00253369,-0.0041781,-0.00210860,-0.00325013,sell
2016-06-16,1,0,0,0,1,0,0,0,0,1,0,0,1,0,1,1,0,0,-0.00421676,-0.00463845,-0.0047506,-0.00184955,-0.00462378,sell
2016-06-17,1,0,0,0,1,0,0,0,0,0,0,0,1,0,1,1,0,0,-0.00264501,-0.00292841,-0.0032965,-0.00015687,-0.00276715,sell
2016-06-18,1,0,0,0,0,0,0,1,0,0,0,1,1,0,1,0,0,0,-0.00075100,-0.00048504,-0.0006668, 0.00017103, 0.00051236,sell
2016-06-19,1,0,0,0,0,0,0,1,0,0,0,1,1,0,1,0,0,0,-0.00075100,-0.00048504,-0.0006668, 0.00017103, 0.00051236,sell
2016-06-20,1,0,0,0,0,0,0,1,0,0,0,1,1,0,1,0,0,0,-0.00075100,-0.00048504,-0.0006668, 0.00017103, 0.00051236,sell
2016-06-21,0,0,0,1,0,0,0,1,1,0,0,1,1,0,0,0,0,0,-0.00533634,-0.00551300,-0.0052303,-0.00229449,-0.00477821,sell
2016-06-22,0,0,0,1,0,1,0,1,1,0,0,1,0,0,0,0,0,0, 0.00296227, 0.00135924,-0.0021497, 0.00273160, 0.00266797,buy
2016-06-23,0,0,0,1,0,1,0,0,1,0,0,0,0,0,0,0,0,0,-0.00139659,-0.00213937,-0.0051930, 0.00072406,-0.00164151,sell
2016-06-24,0,0,0,1,0,1,0,0,1,0,1,0,0,0,0,0,0,0,-0.00465043,-0.00465043,-0.0057331,-0.00107605,-0.00400210,sell
2016-06-25,0,1,0,0,1,1,1,0,0,0,1,0,0,0,0,1,0,0, 0.00099160, 0.00077329, 0.0007776, 0.00077329, 0.00098939,buy
2016-06-26,0,1,0,0,1,2,1,0,0,0,1,0,0,0,0,1,0,0,-0.00063135, 0.00046974, 0.0003386, 0.00046974,-0.00068023,sell
2016-06-27,0,1,0,0,1,1,1,0,0,1,1,0,0,0,0,1,0,0,-0.00085639,-0.00085639,-0.0011302,-0.00113404, 0.00011078,sell
2016-06-28,0,1,0,0,1,1,1,0,0,1,1,0,0,0,0,1,0,0,-0.00085639,-0.00085639,-0.0011302,-0.00113404, 0.00011078,sell
2016-06-29,0,1,0,1,0,1,1,0,0,1,2,0,0,0,0,0,0,0, 0.00176568, 0.00344195, 0.0036839, 0.00086013, 0.00344195,buy
2016-06-30,0,0,0,1,0,1,2,0,0,1,1,0,0,0,0,0,0,0, 0.00157308, 0.00198259, 0.0026308, 0.00121610, 0.00177624,buy
2016-07-01,0,0,0,1,0,1,1,0,0,1,1,0,0,0,0,0,0,0, 0.00174102, 0.00235757, 0.0031652, 0.00096541, 0.00156007,buy
2016-07-02,0,0,0,1,0,2,1,0,0,1,1,0,0,0,0,0,0,0, 0.00136297, 0.00190899, 0.0023126, 0.00057995, 0.00092123,buy
2016-07-03,0,0,0,1,0,1,1,0,0,2,2,0,1,0,0,0,0,0,-0.00291106,-0.00207638,-0.0004135,-0.00419422,-0.00313980,sell
2016-07-04,0,0,0,1,1,1,2,0,0,2,2,0,1,0,0,0,0,0, 0.00010249, 0.00009689,-0.0006382,-0.00131193,-0.00126860,sell
2016-07-05,0,0,0,0,1,1,2,0,0,2,2,0,1,0,0,1,0,0,-0.00103494, 0.00020616,-0.0010474, 0.00002513,-0.00104739,sell
2016-07-06,0,0,0,2,1,0,2,0,0,2,1,1,1,0,0,1,0,0, 0.00070022,-0.00065976,-0.0010626,-0.00241220,-0.00106262,sell
2016-07-07,0,0,0,2,1,0,0,1,0,2,0,1,1,0,0,1,0,0,-0.00145883,-0.00084363,-0.0007928,-0.00009122,-0.00060087,sell
2016-07-08,0,1,0,2,1,0,0,1,0,2,0,1,1,0,0,1,0,0,-0.00232781,-0.00178957,-0.0013736,-0.00139850,-0.00137545,sell
2016-07-09,0,1,0,2,2,0,0,1,0,2,0,1,1,0,0,2,0,0,-0.00287791,-0.00254324,-0.0017233,-0.00183065,-0.00171099,sell
2016-07-10,0,1,0,1,1,0,0,1,0,1,0,2,1,0,0,2,0,0,-0.00146315,-0.00197424,-0.0019742,-0.00107843,-0.00219997,sell
2016-07-11,0,1,0,1,1,0,0,2,0,1,0,2,0,0,0,1,1,0, 0.00243827, 0.00414575, 0.0013253, 0.00306740, 0.00296810,buy
2016-07-12,0,2,1,1,1,0,0,2,0,1,0,1,0,0,0,1,1,0, 0.00155704, 0.00344535, 0.0009625, 0.00301672, 0.00250836,buy
2016-07-13,0,2,1,1,1,0,0,1,0,0,0,1,0,0,0,1,1,0, 0.00182153, 0.00272509, 0.0022064, 0.00375418, 0.00057499,buy
2016-07-14,0,2,2,1,1,0,0,0,0,0,0,1,0,0,0,1,1,0, 0.00236343, 0.00299216, 0.0029361, 0.00566890, 0.00156377,buy
2016-07-15,0,1,2,0,1,0,0,1,0,0,0,1,0,0,0,1,1,0, 0.00317741, 0.00435784, 0.0043174, 0.00545716, 0.00072366,buy
2016-07-16,0,0,2,0,1,0,0,1,0,0,0,1,0,0,0,1,1,0, 0.00383448, 0.00560110, 0.0054594, 0.00596866, 0.00319549,buy
2016-07-17,0,0,2,0,1,0,0,1,0,0,1,1,0,0,0,1,1,0, 0.00536638, 0.00618330, 0.0062573, 0.00649561, 0.00486237,buy
2016-07-18,0,0,1,0,1,0,1,1,0,0,2,1,0,0,0,1,1,0, 0.00257918, 0.00316491, 0.0019196, 0.00168494, 0.00163889,buy
2016-07-19,0,1,0,0,1,0,2,1,0,0,2,1,0,0,0,1,1,0, 0.00337819, 0.00188934, 0.0018705, 0.00234233, 0.00215299,buy
2016-07-20,0,1,0,0,1,0,2,1,1,0,2,1,0,0,0,0,1,0, 0.00221683, 0.00152049, 0.0015205, 0.00261163, 0.00137564,buy
2016-07-21,0,1,0,0,1,0,2,1,1,0,1,0,0,0,0,0,1,0, 0.00241589, 0.00238047, 0.0023140, 0.00355401, 0.00100890,buy
2016-07-22,0,1,0,0,0,0,1,1,2,0,1,0,0,0,0,0,1,0,-0.00085088,-0.00109831,-0.0010983, 0.00353225,-0.00212879,sell
2016-07-23,0,1,0,1,0,0,1,0,2,0,0,0,0,0,0,0,1,0,-0.00586712,-0.00572550,-0.0058569,-0.00369467,-0.00572550,sell
2016-07-24,0,1,0,1,0,0,1,0,1,0,0,0,0,0,0,0,0,0, 0.00125475, 0.00187088, 0.0015521, 0.00200093,-0.00085576,buy
2016-07-25,0,1,1,1,0,0,0,0,1,0,0,0,0,0,1,0,0,0,-0.00234567, 0.00124244, 0.0001756,-0.00095802, 0.00226930,sell
2016-07-26,0,1,1,1,0,0,0,0,1,0,0,0,0,0,1,0,0,0,-0.00234567, 0.00124244, 0.0001756,-0.00095802, 0.00226930,sell
2016-07-27,0,1,1,2,0,1,0,0,1,0,0,0,0,0,1,0,0,0,-0.00113097, 0.00083257,-0.0004298,-0.00059882, 0.00101164,sell
2016-07-28,0,0,1,1,0,1,0,0,0,0,0,0,0,0,1,0,0,0, 0.00072810, 0.00153318,-0.0003065,-0.00138971,-0.00107893,sell
2016-07-29,0,0,1,1,0,1,0,0,0,1,1,0,0,0,2,0,0,0,-0.00353631,-0.00299143,-0.0031572,-0.00465508,-0.00426633,sell
2016-07-30,1,0,1,1,0,1,0,0,0,1,1,0,0,0,1,0,0,0,-0.00164018,-0.00082373,-0.0009006,-0.00060425,-0.00060425,sell
2016-07-31,1,0,1,1,0,1,1,0,0,1,1,0,0,0,1,0,0,0,-0.00178598,-0.00410881,-0.0032273,-0.00236388,-0.00399440,sell
2016-08-01,1,0,1,1,0,1,1,0,0,1,1,0,0,0,1,0,0,0,-0.00178598,-0.00410881,-0.0032273,-0.00236388,-0.00399440,sell
2016-08-02,1,0,1,0,0,0,1,0,0,1,1,0,0,0,1,0,0,0, 0.00103411,-0.00237671,-0.0018862,-0.00031718,-0.00242292,sell
2016-08-03,1,0,0,0,0,1,1,0,0,1,1,0,0,0,1,0,0,0,-0.00175118,-0.00459735,-0.0039762,-0.00093219,-0.00503891,sell
2016-08-04,1,0,0,0,0,1,1,1,1,1,1,1,0,0,0,1,0,0,-0.00055591, 0.00154840, 0.0004385, 0.00104621,-0.00195878,buy
2016-08-05,0,0,0,0,0,1,1,1,1,1,0,1,0,0,0,1,0,0,-0.00250536,-0.00154975,-0.0041645,-0.00192634,-0.00136696,sell
2016-08-06,1,0,0,0,0,1,1,1,1,1,0,1,0,0,0,1,0,0,-0.00142178, 0.00226512, 0.0001397,-0.00077525,-0.00160823,sell
2016-08-07,1,0,0,0,0,1,0,1,1,1,0,1,0,0,0,1,0,0, 0.00411924, 0.00170681, 0.0041192, 0.00228353, 0.00256271,buy
2016-08-08,1,0,0,0,0,1,0,1,2,1,0,1,0,0,0,1,0,0, 0.00401573, 0.00340171, 0.0026238, 0.00275341, 0.00264486,buy
2016-08-09,1,0,0,0,0,1,0,1,2,0,0,0,0,0,0,0,0,0, 0.00080764, 0.00124961,-0.0005127,-0.00073889,-0.00142909,sell
2016-08-10,1,0,0,0,0,1,0,1,2,0,0,0,0,0,0,1,0,0, 0.00134090, 0.00222183,-0.0011293,-0.00146561,-0.00089583,sell
2016-08-11,1,1,0,0,0,0,0,1,1,0,0,1,0,0,0,1,0,0,-0.00047248,-0.00036093,-0.0009189,-0.00040152,-0.00018489,sell
2016-08-12,0,1,0,0,0,0,0,1,1,0,0,1,0,1,0,1,0,0, 0.00125089, 0.00160122, 0.0033399, 0.00103722, 0.00183043,buy
2016-08-13,0,1,0,1,0,0,0,1,1,0,0,1,0,1,1,1,0,0,-0.00087146,-0.00003419, 0.0029307,-0.00227625,-0.00117963,sell
2016-08-14,0,1,0,1,0,0,0,1,0,0,0,1,0,1,1,1,0,0,-0.00070642,-0.00123234, 0.0007815,-0.00071050,-0.00123234,sell
2016-08-15,0,1,0,1,0,0,0,1,1,0,0,1,0,1,1,1,0,0,-0.00087146,-0.00003419, 0.0029307,-0.00227625,-0.00117963,sell
2016-08-16,0,1,1,1,0,0,0,1,1,0,0,1,0,1,2,0,0,0,-0.00263690,-0.00247356,-0.0017235,-0.00174331,-0.00239182,sell
2016-08-17,0,1,1,1,0,0,0,1,1,0,0,0,0,1,2,0,0,0,-0.00209115,-0.00176365,-0.0017235,-0.00125845,-0.00184946,sell
2016-08-18,0,1,1,1,0,0,0,0,1,0,0,0,0,1,2,0,0,0,-0.00282151,-0.00225601,-0.0026948,-0.00026841,-0.00151524,sell
2016-08-19,0,1,1,1,0,0,0,0,1,1,0,0,0,1,2,0,0,0,-0.00082050,-0.00066822,-0.0007648,-0.00077045,-0.00058939,sell
2016-08-20,0,1,1,1,0,0,0,0,1,1,0,0,0,1,1,0,0,0, 0.00014896, 0.00014896, 0.0001033, 0.00103150, 0.00078706,buy
2016-08-21,0,1,1,1,0,0,0,0,0,1,0,0,0,0,1,0,0,0, 0.00234932, 0.00302558, 0.0023593, 0.00013998, 0.00291436,buy
2016-08-22,0,1,1,0,0,0,0,0,0,1,0,0,0,0,1,0,0,0, 0.00259254, 0.00048096, 0.0017287,-0.00032118, 0.00013939,buy
2016-08-23,0,1,1,0,0,0,0,0,0,1,0,0,0,0,2,0,0,0, 0.00177845,-0.00172847, 0.0007891,-0.00113667,-0.00061949,sell
2016-08-24,0,1,2,0,0,0,0,0,0,1,0,0,0,0,2,0,1,0, 0.00153364, 0.00091682, 0.0008108, 0.00168113, 0.00086210,buy
2016-08-25,1,0,2,0,0,0,0,0,0,1,0,0,0,0,1,0,1,0, 0.00032875, 0.00131350, 0.0011758, 0.00111287, 0.00111287,buy
2016-08-26,1,0,2,0,0,0,0,0,0,0,0,0,0,0,1,0,1,0, 0.00036453, 0.00189664, 0.0014238, 0.00166823, 0.00166823,buy
2016-08-27,1,0,2,0,0,0,0,0,0,0,0,0,0,0,1,0,1,0, 0.00036453, 0.00189664, 0.0014238, 0.00166823, 0.00166823,buy
2016-08-28,1,0,2,0,0,0,0,0,0,0,0,0,0,0,0,0,1,0, 0.00200559, 0.00244362, 0.0028488, 0.00315342, 0.00315342,buy
2016-08-29,1,0,2,0,0,0,0,1,0,0,0,1,0,0,0,1,1,0, 0.00126075, 0.00355033, 0.0030998, 0.00589552, 0.00474310,buy
2016-08-30,1,0,2,0,0,0,0,1,0,0,0,1,0,0,0,1,1,0, 0.00126075, 0.00355033, 0.0030998, 0.00589552, 0.00474310,buy
2016-08-31,1,0,2,0,0,0,0,1,0,0,0,1,0,0,0,1,1,0, 0.00126075, 0.00355033, 0.0030998, 0.00589552, 0.00474310,buy
2016-09-01,1,0,1,0,0,0,0,1,0,0,0,1,0,0,0,1,1,0,-0.00020504, 0.00302732, 0.0035579, 0.00339602, 0.00325337,buy
2016-09-02,1,0,1,0,0,0,0,1,0,0,0,1,0,0,0,1,0,0,-0.00313209,-0.00303762,-0.0033856,-0.00302468,-0.00138740,sell
2016-09-03,1,0,1,0,0,0,0,1,0,0,0,1,0,0,0,1,0,0,-0.00313209,-0.00303762,-0.0033856,-0.00302468,-0.00138740,sell
2016-09-04,1,0,1,0,0,0,0,1,1,0,0,2,0,0,0,1,0,0,-0.00090523,-0.00061354,-0.0001865,-0.00024742,-0.00034709,sell
2016-09-05,1,0,1,0,0,1,1,1,1,0,0,2,0,0,0,0,0,0, 0.00099955, 0.00064245, 0.0026560, 0.00158962, 0.00044113,buy
2016-09-06,0,0,1,0,0,1,1,1,1,0,0,1,0,0,1,0,0,0,-0.00143475,-0.00273850, 0.0004304,-0.00268804,-0.00271692,sell
2016-09-07,0,0,1,0,0,1,1,0,1,0,0,1,0,0,1,0,0,0,-0.00247975,-0.00110075,-0.0006968,-0.00191162,-0.00200063,sell
2016-09-08,0,0,0,0,0,1,1,0,1,1,0,1,0,0,1,0,0,0, 0.00075331, 0.00230436,-0.0001278, 0.00231148, 0.00231126,buy
2016-09-09,0,1,0,0,0,1,1,0,1,1,0,1,0,0,1,0,0,0, 0.00041020, 0.00108884,-0.0009600, 0.00150124, 0.00012316,buy
2016-09-10,0,2,0,0,0,2,1,0,1,1,0,1,0,0,1,0,0,0, 0.00021088, 0.00002354,-0.0038375,-0.00018462,-0.00002622,sell
2016-09-11,0,2,0,0,0,2,0,0,0,1,0,0,1,0,1,0,0,0, 0.00124292, 0.00083964, 0.0005825, 0.00203114, 0.00031783,buy
2016-09-12,0,2,0,0,0,2,0,0,0,1,0,0,1,0,1,0,0,0, 0.00124292, 0.00083964, 0.0005825, 0.00203114, 0.00031783,buy
2016-09-13,0,2,0,0,0,2,0,0,0,1,0,0,1,0,1,0,0,1, 0.00099461, 0.00062624, 0.0008312, 0.00001458, 0.00062578,buy
2016-09-14,0,2,0,0,0,3,0,0,0,0,0,0,1,0,1,0,0,1, 0.00279205, 0.00277579, 0.0029251,-0.00059506, 0.00287497,buy
2016-09-15,0,2,0,0,0,2,0,0,1,0,0,0,1,1,1,1,0,1,-0.00165035,-0.00067391,-0.0012567,-0.00335124,-0.00137082,sell
2016-09-16,0,1,0,0,0,2,0,0,1,0,0,0,0,1,1,1,0,1,-0.00306433,-0.00208473,-0.0018814,-0.00314356,-0.00222761,sell
2016-09-17,0,1,0,0,0,2,0,1,1,0,1,0,0,1,1,1,0,0,-0.00293788,-0.00286219,-0.0011999,-0.00138767,-0.00102328,sell
2016-09-18,0,0,0,0,0,2,0,1,1,0,1,0,0,1,1,1,0,0,-0.00070069,-0.00145753,-0.0000636,-0.00056715,-0.00006165,sell
2016-09-19,0,0,0,0,0,2,0,1,1,0,1,0,0,1,1,1,0,0,-0.00070069,-0.00145753,-0.0000636,-0.00056715,-0.00006165,sell
2016-09-20,0,0,0,0,0,2,0,1,1,0,1,0,0,1,0,1,0,0,-0.00239184,-0.00115503,-0.0012501,-0.00128019,-0.00026321,sell
2016-09-21,0,0,1,0,0,2,0,1,1,0,1,0,0,1,0,1,1,0,-0.00334402,-0.00473775,-0.0039958,-0.00475920,-0.00456074,sell
2016-09-22,0,0,1,0,0,2,0,1,1,0,1,0,0,1,0,0,1,0,-0.00166132,-0.00567422,-0.0051426,-0.00616235,-0.00531883,sell
2016-09-23,1,1,1,1,0,1,0,0,1,0,0,0,0,1,0,0,1,0, 0.00151405, 0.00183403, 0.0011875, 0.00122090,-0.00081562,buy
2016-09-24,1,1,1,1,0,1,0,0,1,0,0,0,0,1,0,0,1,0, 0.00151405, 0.00183403, 0.0011875, 0.00122090,-0.00081562,buy
2016-09-25,1,2,1,1,0,0,0,0,1,0,0,0,0,1,0,0,1,0,-0.00040873, 0.00070916,-0.0006412,-0.00040873,-0.00096536,sell
2016-09-26,1,2,1,1,0,0,0,0,1,0,0,0,0,1,0,0,1,0,-0.00040873, 0.00070916,-0.0006412,-0.00040873,-0.00096536,sell
2016-09-27,1,2,1,1,0,0,0,0,1,0,0,0,0,1,0,0,1,0,-0.00040873, 0.00070916,-0.0006412,-0.00040873,-0.00096536,sell
2016-09-28,1,2,1,1,0,0,0,0,1,0,0,0,0,1,0,0,1,0,-0.00040873, 0.00070916,-0.0006412,-0.00040873,-0.00096536,sell
2016-09-29,0,2,1,1,0,0,2,0,0,0,0,0,0,1,0,0,0,0, 0.00217315, 0.00012256, 0.0019991,-0.00010779, 0.00267231,buy
2016-09-30,0,1,1,0,0,0,2,0,0,0,0,1,0,1,1,0,0,0, 0.00255586, 0.00075176, 0.0016497, 0.00104407, 0.00173341,buy
2016-10-01,0,0,1,0,0,0,2,0,0,0,0,2,0,1,1,0,0,0, 0.00159666, 0.00122562, 0.0019305, 0.00180189, 0.00140063,buy
2016-10-02,0,0,0,0,0,0,2,0,0,0,0,2,0,1,1,0,0,0, 0.00226039, 0.00218056, 0.0029408, 0.00248321, 0.00249844,buy
2016-10-03,0,0,0,0,0,0,2,0,0,1,0,2,0,1,1,0,1,0, 0.00373647, 0.00376480, 0.0032459, 0.00252184, 0.00337493,buy
2016-10-04,0,0,0,0,0,0,2,0,0,2,0,2,0,1,1,0,1,0, 0.00390332, 0.00410924, 0.0039051, 0.00265534, 0.00398940,buy
2016-10-05,0,0,0,0,0,0,1,0,0,2,0,2,0,1,0,0,1,0, 0.00537985, 0.00516625, 0.0040817, 0.00423361, 0.00570627,buy
2016-10-06,1,0,0,0,0,0,0,0,0,2,0,1,0,1,0,0,1,0, 0.00396624, 0.00488051, 0.0030355, 0.00396624, 0.00407812,buy
2016-10-07,1,0,0,0,0,0,0,0,0,2,0,1,0,1,0,0,1,0, 0.00396624, 0.00488051, 0.0030355, 0.00396624, 0.00407812,buy
2016-10-08,1,0,2,0,0,0,0,0,0,2,0,1,0,1,0,0,1,0, 0.00041590, 0.00481999, 0.0007098, 0.00422583, 0.00065324,buy
2016-10-09,1,0,2,0,0,0,0,0,0,1,0,0,0,1,1,0,1,0,-0.00123447, 0.00125566,-0.0010424, 0.00161817,-0.00104243,sell
2016-10-10,0,0,2,0,0,0,0,0,0,1,0,0,0,1,1,0,1,0,-0.00137410, 0.00077167,-0.0008536, 0.00066244,-0.00085364,sell
2016-10-11,0,0,2,0,1,1,1,0,0,0,0,0,0,0,1,1,1,0, 0.00233634, 0.00256655, 0.0013759, 0.00073094, 0.00315526,buy
2016-10-12,0,0,2,0,1,1,1,0,0,0,0,0,0,0,1,1,1,0, 0.00233634, 0.00256655, 0.0013759, 0.00073094, 0.00315526,buy
2016-10-13,0,0,2,0,1,1,1,0,0,0,0,1,0,0,1,1,1,0, 0.00284330, 0.00243031, 0.0023974, 0.00167068, 0.00288355,buy
2016-10-14,0,0,2,0,1,1,1,1,0,1,0,1,0,0,1,1,1,0, 0.00151097, 0.00149592, 0.0015110, 0.00110264, 0.00119914,buy
2016-10-15,1,0,0,0,1,1,0,1,1,1,0,1,0,0,0,1,1,0,-0.00545566,-0.00464528,-0.0020839,-0.00428362,-0.00577869,sell
2016-10-16,1,0,0,0,1,1,0,1,1,1,0,1,0,0,0,1,1,0,-0.00545566,-0.00464528,-0.0020839,-0.00428362,-0.00577869,sell
2016-10-17,1,1,0,0,1,0,0,1,1,1,0,0,0,0,0,1,0,0, 0.00219286, 0.00163469, 0.0023247, 0.00093514, 0.00200650,buy
2016-10-18,1,1,0,0,1,0,0,1,1,0,1,0,0,0,0,2,0,0,-0.00112304, 0.00048840,-0.0006574, 0.00008636, 0.00008574,sell
2016-10-19,1,1,0,0,1,0,0,2,1,0,1,0,0,0,0,2,0,0,-0.00140856,-0.00029370,-0.0010644,-0.00066455,-0.00072998,sell
2016-10-20,0,1,0,0,1,0,0,2,1,0,1,0,0,0,0,1,0,0,-0.00088049, 0.00065986,-0.0017308, 0.00011497, 0.00011497,sell
2016-10-21,0,2,0,0,1,0,0,1,0,0,1,0,1,0,0,2,0,0,-0.00011361, 0.00077439,-0.0011824,-0.00081229, 0.00082065,sell
2016-10-22,0,2,0,0,1,0,0,1,0,0,2,0,1,0,0,2,0,0, 0.00005591, 0.00066176,-0.0009212,-0.00162147, 0.00066176,sell
2016-10-23,0,2,0,1,0,0,0,2,0,0,2,0,1,0,0,1,0,0, 0.00138483, 0.00149675, 0.0006158, 0.00308779, 0.00207141,buy
2016-10-24,0,2,0,1,0,0,0,1,0,0,2,0,1,0,0,1,0,0, 0.00148535, 0.00154642, 0.0006625, 0.00317400, 0.00215545,buy
2016-10-25,0,2,0,1,0,0,0,1,0,0,1,0,1,0,0,1,0,0, 0.00296921, 0.00252996, 0.0010824, 0.00342557, 0.00333492,buy
2016-10-26,0,1,0,1,0,0,0,1,0,0,1,0,1,0,0,1,0,0, 0.00137230, 0.00163741, 0.0007612, 0.00166497, 0.00174611,buy
2016-10-27,0,1,0,1,0,0,0,1,0,0,1,0,1,0,0,0,0,0,-0.00049316, 0.00199510, 0.0028287, 0.00137812, 0.00275127,buy
2016-10-28,0,1,0,1,0,0,1,1,0,1,1,0,1,0,0,0,0,0, 0.00077920, 0.00115861, 0.0033847, 0.00128242, 0.00299045,buy
2016-10-29,0,1,0,2,0,0,2,0,0,1,1,0,1,0,0,0,0,0,-0.00114841,-0.00224520,-0.0025528,-0.00235051,-0.00248592,sell
2016-10-30,0,1,0,1,0,0,2,0,0,1,1,0,1,0,0,0,0,0, 0.00018696, 0.00045753,-0.0016395,-0.00021904,-0.00109608,sell
2016-10-31,0,0,0,2,0,0,2,0,0,1,1,1,1,0,0,0,0,0,-0.00175115,-0.00327221,-0.0032046,-0.00276671,-0.00316164,sell
2016-11-01,0,0,0,2,0,0,2,0,0,2,1,1,1,0,0,0,0,0,-0.00080378,-0.00191057,-0.0019106,-0.00254135,-0.00191057,sell
2016-11-02,0,0,0,2,0,0,1,0,0,2,1,1,1,0,1,0,0,0,-0.00372985,-0.00367533,-0.0036753,-0.00439449,-0.00364793,sell
2016-11-03,0,0,0,1,0,0,1,0,0,1,0,2,1,0,1,0,0,0,-0.00281448,-0.00293068,-0.0027465,-0.00096310,-0.00307891,sell
2016-11-04,0,0,0,1,0,0,1,0,0,2,0,2,0,0,1,0,0,0,-0.00331003,-0.00236049,-0.0020878,-0.00200314,-0.00236545,sell
2016-11-05,1,0,0,1,0,0,0,0,0,2,0,1,0,0,2,0,0,1, 0.00316849, 0.00268304, 0.0028720, 0.00326632, 0.00286268,buy
2016-11-06,1,0,0,1,0,0,0,0,0,1,0,1,0,0,2,0,0,1, 0.00339842, 0.00244736, 0.0028720, 0.00326632, 0.00287198,buy
2016-11-07,2,0,0,1,0,0,0,0,0,1,0,1,0,0,2,0,0,1, 0.00405514, 0.00271915, 0.0038318, 0.00421201, 0.00383184,buy
2016-11-08,2,0,0,0,0,0,0,0,0,1,0,1,0,0,1,0,0,1, 0.00161573, 0.00043128, 0.0028813, 0.00157431, 0.00287242,buy
2016-11-09,2,0,1,0,0,0,0,0,0,1,0,1,0,0,1,0,0,1, 0.00036568,-0.00043466, 0.0020396,-0.00075422, 0.00201786,buy
2016-11-10,1,0,1,0,0,1,0,0,1,1,0,1,0,0,1,0,0,1,-0.00239892,-0.00169000, 0.0003612,-0.00293318,-0.00151226,sell
2016-11-11,0,0,1,0,0,2,0,0,1,0,0,0,0,0,1,0,0,1, 0.00377003, 0.00128201, 0.0038799, 0.00171845, 0.00355306,buy
2016-11-12,1,0,1,0,0,2,0,0,1,0,0,0,0,0,1,0,0,1, 0.00387697, 0.00241078, 0.0042644, 0.00130050, 0.00409014,buy
2016-11-13,1,0,1,0,0,2,0,0,1,0,0,0,0,0,1,0,0,1, 0.00387697, 0.00241078, 0.0042644, 0.00130050, 0.00409014,buy
2016-11-14,1,0,0,0,0,2,0,0,1,0,0,0,0,0,1,1,0,1, 0.00183107, 0.00236883, 0.0055095, 0.00066888, 0.00153405,buy
2016-11-15,1,1,0,0,0,2,0,0,0,0,0,0,0,0,1,1,0,1, 0.00308075, 0.00320161, 0.0056938, 0.00277110, 0.00281181,buy
2016-11-16,1,1,0,0,0,2,0,1,0,0,0,0,0,0,1,1,0,1, 0.00240610, 0.00288682, 0.0050338, 0.00220335, 0.00218826,buy
2016-11-17,1,1,0,0,0,2,0,2,0,0,0,0,0,0,0,1,0,1, 0.00000182,-0.00299480,-0.0002263, 0.00155955,-0.00013057,buy
2016-11-18,0,1,1,0,0,2,0,2,0,0,0,0,0,0,0,1,0,1,-0.00014107, 0.00161942, 0.0000812, 0.00042421, 0.00006918,buy
2016-11-19,0,1,1,0,0,2,0,2,1,0,0,0,0,0,0,0,0,1,-0.00045179, 0.00009431,-0.0004601,-0.00066781,-0.00034350,sell
2016-11-20,0,0,1,1,0,1,0,2,1,1,1,0,0,0,0,0,0,1, 0.00265275, 0.00491881, 0.0021394, 0.00213938, 0.00336635,buy
2016-11-21,0,0,1,1,0,1,0,1,1,1,1,0,0,0,0,0,0,1, 0.00255048, 0.00477722, 0.0026380, 0.00257639, 0.00384148,buy
2016-11-22,0,0,1,2,0,1,0,1,2,1,1,0,0,0,0,0,0,1, 0.00294970, 0.00525727, 0.0027230, 0.00190892, 0.00214378,buy
2016-11-23,0,0,1,2,0,1,0,0,2,1,1,1,0,0,0,0,0,1, 0.00132412, 0.00417279, 0.0037077, 0.00166016, 0.00182734,buy
2016-11-24,0,0,1,2,0,0,0,0,2,1,1,1,1,0,1,1,0,0, 0.00408380, 0.00401728,-0.0009420, 0.00031927, 0.00406080,buy
2016-11-25,1,1,1,2,0,0,0,0,2,1,1,1,1,0,1,1,0,0, 0.00552588, 0.00529319, 0.0031608, 0.00352151, 0.00557250,buy
2016-11-26,1,1,0,1,0,0,0,0,1,0,1,1,1,0,1,1,0,0,-0.00533790,-0.00532000,-0.0021736,-0.00514306,-0.00509251,sell
2016-11-27,1,2,0,1,0,0,0,0,1,0,0,1,1,0,1,2,0,0,-0.00462001,-0.00376926,-0.0033119,-0.00417301,-0.00376926,sell
2016-11-28,1,2,0,1,0,0,0,1,1,0,0,1,1,0,1,2,0,0,-0.00253852,-0.00404222,-0.0037081,-0.00443948,-0.00330650,sell
2016-11-29,1,2,0,0,0,0,0,1,0,0,0,1,1,0,0,2,0,0,-0.00370861,-0.00331315,-0.0035713,-0.00331315,-0.00337549,sell
2016-11-30,0,2,0,0,0,0,1,1,0,0,0,0,1,0,0,2,0,0, 0.00036812, 0.00140619, 0.0003400, 0.00047511, 0.00067456,buy
2016-12-01,0,2,0,0,0,0,1,1,0,0,0,0,1,0,0,1,0,0, 0.00015518, 0.00054315, 0.0002709, 0.00098530, 0.00215353,buy
2016-12-02,0,1,0,0,1,0,1,1,0,0,0,0,1,0,0,1,0,0, 0.00084284, 0.00057585,-0.0009513,-0.00038256,-0.00057874,sell
2016-12-03,0,0,0,0,1,0,1,1,0,0,0,0,1,0,0,0,0,0,-0.00190891,-0.00123883, 0.0011048,-0.00114888,-0.00114888,sell
2016-12-04,0,0,0,0,1,0,1,1,0,1,0,0,1,0,0,0,0,0, 0.00008652, 0.00058924, 0.0014969, 0.00090613, 0.00058924,buy
2016-12-05,0,0,0,0,1,0,1,0,0,1,0,0,1,0,0,0,0,0,-0.00019782, 0.00078942, 0.0016793, 0.00163877, 0.00078942,buy
2016-12-06,0,0,0,1,1,0,0,0,0,1,1,0,1,0,0,0,0,0,-0.00028640, 0.00031570, 0.0002474,-0.00020137, 0.00044811,buy
2016-12-07,0,0,0,1,1,0,0,1,0,1,1,0,1,0,0,0,0,0,-0.00114826,-0.00040614, 0.0016515, 0.00008678, 0.00013675,sell
2016-12-08,0,0,0,1,1,0,0,1,0,1,2,0,1,0,0,0,0,0,-0.00037541,-0.00009365, 0.0009719, 0.00031262, 0.00003363,sell
2016-12-09,1,0,0,1,1,0,0,1,0,1,2,0,1,0,1,0,0,0, 0.00279588, 0.00359949, 0.0011592, 0.00317079, 0.00349566,buy
2016-12-10,1,0,0,1,1,0,0,1,0,1,2,0,1,0,1,0,0,0, 0.00279588, 0.00359949, 0.0011592, 0.00317079, 0.00349566,buy
2016-12-11,1,0,0,1,1,0,0,1,0,0,2,0,1,0,1,0,0,0, 0.00166391, 0.00282562, 0.0005505, 0.00422507, 0.00449018,buy
2016-12-12,1,0,0,1,1,0,0,1,0,0,2,0,1,0,1,0,0,0, 0.00166391, 0.00282562, 0.0005505, 0.00422507, 0.00449018,buy
2016-12-13,1,0,0,1,1,0,0,2,1,0,2,0,1,0,1,0,0,0, 0.00195189, 0.00071226,-0.0002634, 0.00160368, 0.00155838,buy
2016-12-14,1,0,0,0,1,0,0,1,1,0,1,0,1,0,1,0,0,0, 0.00115140, 0.00111932, 0.0013714, 0.00292421, 0.00194243,buy
2016-12-15,1,0,0,0,1,1,0,1,1,0,0,0,1,0,1,0,0,0, 0.00227709, 0.00262745, 0.0016411, 0.00381086, 0.00257999,buy
2016-12-16,0,0,0,0,1,1,0,1,1,0,0,0,1,0,0,0,0,0, 0.00355870, 0.00174071, 0.0010636, 0.00386014, 0.00470926,buy
2016-12-17,0,0,0,0,1,1,0,1,1,0,0,0,1,0,0,0,0,0, 0.00355870, 0.00174071, 0.0010636, 0.00386014, 0.00470926,buy
2016-12-18,0,0,0,0,1,1,0,1,1,0,0,0,1,0,0,0,0,1, 0.00082444, 0.00170638, 0.0007338, 0.00150958, 0.00139408,buy
2016-12-19,0,0,0,0,1,1,0,0,1,1,0,0,1,0,0,0,0,1,-0.00105743, 0.00046200, 0.0004154,-0.00141733,-0.00182005,sell
2016-12-20,0,0,0,0,1,1,0,0,1,1,0,0,1,0,0,0,0,1,-0.00105743, 0.00046200, 0.0004154,-0.00141733,-0.00182005,sell
2016-12-21,0,0,0,0,1,1,0,0,1,1,0,0,1,0,0,0,0,1,-0.00105743, 0.00046200, 0.0004154,-0.00141733,-0.00182005,sell
2016-12-22,0,0,1,0,1,1,0,0,1,1,0,1,1,0,0,0,0,1,-0.00123751,-0.00121262,-0.0020876,-0.00133110,-0.00236225,sell
2016-12-23,0,0,1,0,0,1,0,0,1,1,0,1,1,0,0,1,0,0,-0.00241283,-0.00305394,-0.0031936,-0.00281888,-0.00202878,sell
2016-12-24,0,1,1,0,0,1,0,1,1,1,0,1,1,0,0,1,0,0,-0.00133015,-0.00280696,-0.0053173,-0.00280696,-0.00145186,sell
2016-12-25,0,1,1,0,0,1,0,1,0,0,0,1,1,0,0,1,0,0,-0.00203553,-0.00203553,-0.0038092,-0.00203553,-0.00240270,sell
2016-12-26,0,1,1,0,0,1,0,1,0,0,0,1,1,0,0,1,1,0,-0.00089719,-0.00166861,-0.0004595,-0.00153351,-0.00134127,sell
2016-12-27,0,1,1,0,0,2,0,1,0,0,0,1,2,0,0,1,1,0,-0.00021072,-0.00112555,-0.0000396,-0.00031267, 0.00039547,sell
2016-12-28,0,1,1,0,0,2,0,2,0,0,0,1,2,0,0,1,1,0, 0.00030482,-0.00116183, 0.0000713,-0.00056887, 0.00091100,sell
2016-12-29,0,1,0,0,0,2,0,2,0,0,0,0,2,0,0,0,1,0,-0.00213229,-0.00289965,-0.0022244,-0.00263502, 0.00015176,sell
2016-12-30,0,1,0,0,0,2,0,1,0,0,0,0,2,0,0,0,0,0,-0.00324716,-0.00259209,-0.0032107,-0.00327325,-0.00211472,sell
2016-12-31,0,0,0,0,0,1,0,1,0,0,0,0,1,0,0,0,0,0,-0.00307593,-0.00290505,-0.0031132, 0.00010996,-0.00231749,sell
2017-01-01,0,0,0,0,0,1,0,1,0,0,0,0,1,0,0,0,0,0,-0.00307593,-0.00290505,-0.0031132, 0.00010996,-0.00231749,sell
2017-01-02,0,0,0,0,0,1,0,1,1,0,0,0,1,0,0,0,0,1, 0.00307007, 0.00264085, 0.0033367, 0.00310424, 0.00310424,buy
2017-01-03,0,0,0,0,0,1,0,0,2,0,0,0,1,0,0,0,0,1,-0.00121145,-0.00063771, 0.0015650,-0.00121145, 0.00115764,sell
2017-01-04,0,0,0,0,0,1,0,0,2,0,0,0,1,0,0,0,0,1,-0.00121145,-0.00063771, 0.0015650,-0.00121145, 0.00115764,sell
2017-01-05,0,0,0,0,0,1,0,0,2,0,0,0,1,0,1,0,0,1,-0.00254057,-0.00376336, 0.0002603,-0.00376336,-0.00347745,sell
2017-01-06,0,0,0,1,0,1,0,0,2,0,0,0,1,0,1,0,0,0,-0.00281323,-0.00404972, 0.0009973,-0.00251944,-0.00008710,sell
2017-01-07,0,0,0,1,0,1,0,0,2,0,0,0,1,0,1,1,0,0,-0.00297831,-0.00373971, 0.0008425,-0.00256262, 0.00073406,sell
2017-01-08,1,0,0,1,0,0,1,0,2,0,0,0,1,0,1,1,0,0,-0.00217457, 0.00254561, 0.0035852, 0.00076548, 0.00482812,buy
2017-01-09,1,0,0,2,0,0,1,0,1,0,0,1,1,0,1,1,0,0,-0.00271523, 0.00125331, 0.0029738, 0.00236950, 0.00519093,buy
2017-01-10,1,0,0,2,0,0,1,0,1,0,0,1,1,0,1,1,0,0,-0.00271523, 0.00125331, 0.0029738, 0.00236950, 0.00519093,buy
2017-01-11,1,1,0,2,0,0,1,0,1,0,0,1,1,0,1,1,0,0,-0.00252120,-0.00062401,-0.0002952, 0.00227243, 0.00170253,sell
2017-01-12,1,1,0,2,0,0,2,0,0,0,0,1,1,0,0,1,0,0,-0.00434691,-0.00361243,-0.0040283, 0.00035907,-0.00403979,sell
2017-01-13,1,1,0,2,0,0,2,0,0,0,0,1,1,0,0,1,0,0,-0.00434691,-0.00361243,-0.0040283, 0.00035907,-0.00403979,sell
2017-01-14,1,1,0,1,0,0,2,0,0,0,0,1,1,0,0,0,0,0,-0.00399298,-0.00386079,-0.0041924, 0.00047686,-0.00495161,sell
2017-01-15,1,1,0,1,0,0,2,0,0,0,0,1,1,0,0,0,0,0,-0.00399298,-0.00386079,-0.0041924, 0.00047686,-0.00495161,sell
2017-01-16,1,1,0,0,0,0,2,0,0,0,0,0,1,0,0,0,0,0,-0.00235372,-0.00281601,-0.0026552,-0.00086767,-0.00274873,sell
2017-01-17,0,1,0,0,0,0,2,0,0,1,0,0,1,0,0,0,0,0,-0.00346595,-0.00337231,-0.0013595,-0.00054695,-0.00346595,sell
2017-01-18,0,1,0,0,0,0,1,0,0,1,0,0,1,0,0,0,0,0,-0.00306874,-0.00317036,-0.0008783,-0.00066053,-0.00308318,sell
2017-01-19,0,0,0,0,0,0,0,0,0,1,0,0,1,0,0,0,0,0, 0.00204650, 0.00255669, 0.0023788, 0.00212172, 0.00193733,buy
2017-01-20,0,0,0,0,0,0,0,0,0,1,0,0,1,0,0,1,0,0,-0.00068985,-0.00016957, 0.0000459, 0.00068908, 0.00055412,buy
2017-01-21,0,0,0,0,0,0,0,1,0,1,0,0,1,0,0,1,0,0,-0.00089342,-0.00048257,-0.0014325, 0.00048104, 0.00048104,sell
2017-01-22,0,0,1,0,0,0,0,1,0,1,0,0,1,0,0,1,0,0,-0.00542005,-0.00181276,-0.0055063,-0.00181662,-0.00188375,sell
2017-01-23,0,0,1,0,0,0,0,1,0,1,0,0,1,0,0,1,0,0,-0.00542005,-0.00181276,-0.0055063,-0.00181662,-0.00188375,sell
2017-01-24,0,0,1,0,0,0,0,1,0,0,0,1,1,0,0,1,0,0,-0.00244389,-0.00158866,-0.0054789,-0.00112753,-0.00111014,sell
2017-01-25,0,0,1,0,0,0,0,1,0,0,1,1,1,0,0,1,0,0, 0.00222071, 0.00229130,-0.0007859, 0.00226009, 0.00285902,buy
2017-01-26,0,0,1,0,0,0,0,1,1,0,1,1,1,0,0,1,0,0, 0.00276064, 0.00249282, 0.0023148, 0.00431228, 0.00423200,buy
2017-01-27,0,0,1,0,0,0,0,1,1,0,1,1,1,0,0,1,0,0, 0.00276064, 0.00249282, 0.0023148, 0.00431228, 0.00423200,buy
2017-01-28,0,1,1,0,0,0,0,1,1,0,1,1,1,0,0,0,0,0, 0.00359965, 0.00186046, 0.0012744, 0.00161106, 0.00139691,buy
2017-01-29,0,1,1,0,0,0,0,1,1,0,1,1,1,0,0,1,0,0, 0.00314193, 0.00314193, 0.0003035, 0.00182530, 0.00137882,buy
2017-01-30,0,1,0,0,0,0,0,1,1,0,1,1,1,0,0,1,0,0,-0.00283087,-0.00236537,-0.0027322,-0.00292785,-0.00176346,sell
2017-01-31,0,1,0,1,0,0,0,1,1,0,1,1,1,0,0,1,0,0,-0.00480453,-0.00388591,-0.0055080,-0.00548427,-0.00464701,sell
2017-02-01,0,1,0,1,0,0,0,1,1,0,1,1,1,0,0,1,0,0,-0.00480453,-0.00388591,-0.0055080,-0.00548427,-0.00464701,sell
2017-02-02,0,1,0,1,0,0,1,1,0,0,0,1,1,0,0,1,0,0, 0.00011451, 0.00215382, 0.0002937, 0.00011451, 0.00062531,buy
2017-02-03,0,1,0,1,0,0,1,0,0,1,0,1,1,0,0,1,0,0,-0.00085550,-0.00018027,-0.0012565,-0.00088044,-0.00165079,sell
2017-02-04,0,1,0,1,0,0,1,0,0,1,0,1,1,0,0,0,0,0,-0.00319632,-0.00168334,-0.0013916,-0.00142560,-0.00199051,sell
2017-02-05,0,2,0,0,0,0,1,0,0,1,0,1,1,0,0,0,0,0,-0.00242734,-0.00268005,-0.0020009,-0.00093097,-0.00242734,sell
2017-02-06,0,2,0,0,0,0,1,0,0,1,0,1,1,0,0,1,0,0,-0.00296649,-0.00333970,-0.0017012,-0.00209784,-0.00262389,sell
2017-02-07,0,2,0,0,0,0,0,0,0,1,0,0,1,0,0,1,0,1,-0.00225253,-0.00131012,-0.0004783,-0.00123257,-0.00142416,sell
2017-02-08,0,2,1,0,0,0,0,0,0,1,0,0,1,0,0,1,0,1,-0.00025399, 0.00162662, 0.0018859, 0.00166191, 0.00059513,buy
2017-02-09,0,2,1,0,0,0,0,0,0,1,0,0,1,0,0,1,0,1,-0.00025399, 0.00162662, 0.0018859, 0.00166191, 0.00059513,buy
2017-02-10,0,1,1,0,1,0,0,0,0,0,0,0,1,0,0,1,0,1, 0.00076544, 0.00455655, 0.0053216, 0.00500292, 0.00129726,buy
2017-02-11,0,0,1,0,1,0,0,0,0,0,0,1,1,0,0,1,0,1, 0.00183830, 0.00515373, 0.0048267, 0.00483302, 0.00176745,buy
2017-02-12,0,0,1,0,1,0,0,1,0,0,1,1,1,0,0,1,0,1, 0.00298066, 0.00243882, 0.0021791, 0.00218122, 0.00333089,buy
2017-02-13,0,0,1,0,1,1,0,1,0,0,1,1,1,0,0,0,0,1, 0.00193348, 0.00052880, 0.0012454, 0.00135953, 0.00206341,buy
2017-02-14,0,0,1,0,1,1,0,1,0,0,1,1,0,0,0,0,0,1, 0.00135816,-0.00004971, 0.0006030, 0.00063038, 0.00178032,buy
2017-02-15,0,0,0,0,1,1,0,2,0,0,1,1,0,0,0,0,0,0,-0.00165713, 0.00179055,-0.0006935, 0.00149992, 0.00288792,buy
2017-02-16,0,0,0,0,1,1,0,2,0,0,1,1,0,0,0,0,0,0,-0.00165713, 0.00179055,-0.0006935, 0.00149992, 0.00288792,buy
2017-02-17,0,0,0,0,1,1,0,1,0,1,0,1,0,0,0,0,0,0,-0.00377001,-0.00315746,-0.0031540,-0.00414473,-0.00315746,sell
2017-02-18,0,0,0,0,1,1,0,1,0,1,0,0,0,0,0,0,0,0,-0.00394302,-0.00382247,-0.0034893,-0.00396835,-0.00400601,sell
2017-02-19,0,1,0,0,1,1,0,1,1,1,0,0,0,0,0,1,0,0, 0.00091194, 0.00089767, 0.0008764, 0.00060656, 0.00087644,buy
2017-02-20,0,1,1,0,1,1,0,1,1,1,0,0,0,0,0,1,0,0, 0.00128104, 0.00154359, 0.0004559, 0.00134068, 0.00164607,buy
2017-02-21,0,1,1,0,1,0,0,1,1,1,0,0,0,0,0,1,0,0, 0.00132381,-0.00242906, 0.0009311,-0.00164566, 0.00100280,sell
2017-02-22,0,1,1,0,1,0,0,1,1,0,0,1,0,0,1,1,1,0, 0.00326254,-0.00012766, 0.0002269, 0.00033284,-0.00051196,buy
2017-02-23,0,1,1,1,1,0,0,1,1,0,0,1,0,0,1,0,1,0, 0.00139040,-0.00162606,-0.0013402,-0.00162606,-0.00220717,sell
2017-02-24,0,1,0,1,1,0,0,1,1,0,0,1,0,0,1,0,1,0,-0.00007882,-0.00250343,-0.0023118,-0.00250343,-0.00263093,sell
2017-02-25,0,1,0,1,1,0,0,1,1,0,0,1,0,0,1,0,1,0,-0.00007882,-0.00250343,-0.0023118,-0.00250343,-0.00263093,sell
2017-02-26,0,1,0,1,1,0,1,1,1,0,0,0,0,0,1,0,1,0,-0.00042817,-0.00199977,-0.0027918,-0.00281760,-0.00276867,sell
2017-02-27,0,1,0,1,1,0,1,1,1,0,0,0,0,0,1,0,0,0,-0.00168777,-0.00020137,-0.0013159,-0.00172763,-0.00141373,sell
2017-02-28,0,2,0,2,1,0,1,1,1,0,0,0,0,1,2,0,0,0, 0.00115114, 0.00300737, 0.0029841, 0.00230588, 0.00071676,buy
2017-03-01,0,1,0,1,2,0,1,1,1,0,0,0,0,1,1,0,0,0, 0.00243056, 0.00494766, 0.0024879, 0.00337940,-0.00047206,buy
2017-03-02,0,1,0,1,2,0,2,1,0,0,0,0,1,1,1,0,0,0, 0.00391973, 0.00403030, 0.0012612, 0.00401932, 0.00272664,buy
2017-03-03,0,1,0,1,2,0,2,1,0,0,0,0,1,1,1,0,0,1, 0.00410081, 0.00549709, 0.0030347, 0.00358217, 0.00194410,buy
2017-03-04,0,1,0,0,2,0,2,1,0,0,0,0,1,1,0,0,0,1, 0.00399312, 0.00537990, 0.0029220, 0.00273021, 0.00205979,buy
2017-03-05,0,0,0,0,1,0,2,1,0,0,0,0,1,1,0,0,0,1, 0.00171430, 0.00287516, 0.0018468,-0.00052033,-0.00139575,buy
2017-03-06,0,0,0,0,1,0,2,1,0,2,0,0,1,1,0,0,0,1, 0.00099830, 0.00061848, 0.0012722,-0.00127519,-0.00188805,sell
2017-03-07,0,0,0,0,0,0,0,1,0,2,0,0,1,0,0,0,0,0,-0.00025886, 0.00015493,-0.0006619, 0.00138975, 0.00040143,buy
2017-03-08,0,1,1,0,0,0,0,1,0,2,0,0,1,0,0,1,0,0,-0.00123727, 0.00153928,-0.0014011, 0.00137086, 0.00088505,sell
2017-03-09,0,1,2,0,0,0,0,1,0,2,0,0,1,0,0,2,0,0, 0.00156187, 0.00273483, 0.0015916, 0.00175418, 0.00163974,buy
2017-03-10,1,1,2,0,0,0,0,1,0,1,0,1,1,0,0,2,0,0, 0.00433477, 0.00449041, 0.0007811, 0.00351389, 0.00270194,buy
2017-03-11,1,1,2,0,0,0,0,1,0,1,0,1,1,0,0,2,0,0, 0.00433477, 0.00449041, 0.0007811, 0.00351389, 0.00270194,buy
2017-03-12,1,1,1,0,0,0,0,1,0,1,0,1,0,0,0,1,0,0,-0.00285020, 0.00168770,-0.0028698, 0.00179358, 0.00261546,buy
2017-03-13,1,1,1,0,0,1,0,1,0,0,0,1,0,0,0,1,0,0,-0.00167331,-0.00167331,-0.0017063,-0.00167331,-0.00223131,sell
2017-03-14,1,1,1,0,0,1,0,1,0,0,0,2,0,0,0,1,0,0,-0.00052479,-0.00013888,-0.0001389,-0.00006981,-0.00118147,sell
2017-03-15,1,1,0,0,0,1,0,1,0,0,0,1,0,0,0,1,0,0,-0.00221479,-0.00282157,-0.0029015,-0.00282157,-0.00329257,sell
2017-03-16,1,1,0,0,0,1,0,1,0,0,0,1,0,0,0,1,1,0,-0.00667143,-0.00593467,-0.0027131,-0.00567721,-0.00607433,sell
2017-03-17,1,0,0,0,0,1,0,1,0,0,0,1,0,0,0,0,1,0,-0.00341796,-0.00341745,-0.0025334,-0.00442581,-0.00425202,sell
2017-03-18,1,0,0,0,0,2,0,2,0,0,0,1,0,0,0,0,1,0,-0.00388446,-0.00388943,-0.0021787,-0.00447505,-0.00440713,sell
2017-03-19,1,1,0,0,0,1,0,1,0,0,0,1,0,0,0,0,1,0,-0.00517189,-0.00432784,-0.0033326,-0.00539535,-0.00470154,sell
2017-03-20,1,1,0,0,0,1,0,1,0,0,0,1,0,0,0,0,1,0,-0.00517189,-0.00432784,-0.0033326,-0.00539535,-0.00470154,sell
2017-03-21,1,1,0,0,0,1,0,1,0,0,0,1,0,0,0,0,0,0,-0.00152701,-0.00068571,-0.0002140,-0.00050776,-0.00052778,sell
2017-03-22,1,1,0,1,0,1,0,0,0,1,0,0,1,0,0,0,0,0,-0.00463956,-0.00357661,-0.0048867,-0.00475808,-0.00181044,sell
2017-03-23,1,1,0,1,0,1,0,0,0,1,0,0,1,0,0,0,0,0,-0.00463956,-0.00357661,-0.0048867,-0.00475808,-0.00181044,sell
2017-03-24,1,0,0,1,0,0,0,0,0,1,0,0,1,0,1,0,0,0, 0.00085129, 0.00084307, 0.0024694, 0.00071427, 0.00102431,buy
2017-03-25,0,0,0,1,0,0,0,0,0,1,0,0,1,0,1,0,0,0, 0.00203534, 0.00207595, 0.0022102, 0.00127111, 0.00230139,buy
2017-03-26,1,0,0,1,0,0,0,0,0,0,0,0,1,0,1,0,0,0, 0.00029173, 0.00049791, 0.0008576, 0.00027412, 0.00051990,buy
2017-03-27,1,0,0,0,0,0,1,0,0,0,1,0,1,0,1,0,0,0, 0.00224032,-0.00146734,-0.0014494,-0.00146734, 0.00133583,sell
2017-03-28,1,0,0,0,0,0,1,0,0,0,1,0,0,0,1,0,0,0,-0.00095381,-0.00038163,-0.0006065, 0.00029276,-0.00098734,sell
2017-03-29,1,0,0,0,1,0,1,0,0,0,1,0,0,0,1,0,0,0,-0.00059920, 0.00180095, 0.0015597, 0.00188044, 0.00149019,buy
2017-03-30,1,0,0,0,1,0,1,1,0,0,1,0,0,0,0,0,0,1, 0.00117324, 0.00104844, 0.0016567, 0.00116898, 0.00024906,buy
2017-03-31,1,0,0,0,1,0,1,1,0,0,1,0,0,0,0,0,0,1, 0.00117324, 0.00104844, 0.0016567, 0.00116898, 0.00024906,buy
2017-04-01,1,0,0,0,1,0,1,1,0,0,1,1,0,0,0,0,0,1, 0.00104696, 0.00162771, 0.0014948, 0.00122746,-0.00040531,buy
2017-04-02,0,0,0,0,1,0,0,1,0,0,0,1,0,0,0,0,0,1,-0.00164434,-0.00049586,-0.0013634, 0.00078924,-0.00062657,sell
2017-04-03,0,0,0,0,1,0,0,1,0,0,0,1,0,0,0,0,0,1,-0.00164434,-0.00049586,-0.0013634, 0.00078924,-0.00062657,sell
2017-04-04,0,0,0,1,0,0,0,1,0,0,0,1,0,0,0,0,0,0,-0.00241136, 0.00167056,-0.0020960,-0.00066888,-0.00224578,sell
2017-04-05,0,0,0,1,0,1,0,1,0,0,0,1,0,0,0,0,0,0, 0.00121749, 0.00067869,-0.0019101, 0.00057864, 0.00121749,buy
2017-04-06,0,0,0,1,0,1,0,0,0,1,0,1,0,0,0,0,0,0,-0.00151830,-0.00195600,-0.0019759, 0.00232186,-0.00145689,sell
2017-04-07,0,0,0,1,0,1,0,0,0,1,0,1,0,0,0,0,0,0,-0.00151830,-0.00195600,-0.0019759, 0.00232186,-0.00145689,sell
2017-04-08,0,1,0,1,0,1,0,0,0,1,0,1,0,0,0,0,0,0,-0.00301171,-0.00336073,-0.0030809, 0.00082518,-0.00253045,sell
2017-04-09,0,1,0,1,0,1,0,0,0,1,0,1,0,0,1,0,0,0,-0.00008289,-0.00013565,-0.0001086, 0.00201981,-0.00010857,buy
2017-04-10,0,1,0,1,0,1,0,0,0,1,0,1,0,0,1,0,0,0,-0.00008289,-0.00013565,-0.0001086, 0.00201981,-0.00010857,buy
2017-04-11,0,1,0,1,0,1,0,0,0,1,0,1,0,0,1,1,0,0,-0.00273959,-0.00310631,-0.0034207,-0.00306656,-0.00319199,sell
2017-04-12,0,1,0,0,0,2,0,0,0,1,0,1,0,0,1,1,0,0,-0.00421448,-0.00566351,-0.0053756,-0.00417765,-0.00447585,sell
2017-04-13,0,1,0,0,0,2,0,0,0,0,0,1,0,1,1,1,0,0,-0.00324760,-0.00253170,-0.0006486,-0.00261066,-0.00136141,sell
2017-04-14,0,2,0,0,0,2,0,0,0,0,1,1,0,1,1,1,0,0,-0.00358355,-0.00257976,-0.0005948,-0.00245390,-0.00221817,sell
2017-04-15,0,2,0,0,0,2,1,0,0,0,1,1,0,1,1,1,0,0,-0.00170150,-0.00166285, 0.0009702,-0.00158925,-0.00081234,sell
2017-04-16,0,2,0,0,0,2,1,0,0,0,1,1,0,1,1,1,0,0,-0.00170150,-0.00166285, 0.0009702,-0.00158925,-0.00081234,sell
2017-04-17,0,2,0,0,0,2,1,0,0,0,1,1,1,1,1,1,0,0,-0.00184985,-0.00151907, 0.0022181,-0.00176545,-0.00105674,sell
2017-04-18,0,2,0,0,0,3,2,0,0,0,1,1,1,1,1,1,0,0, 0.00005324, 0.00174746, 0.0022289, 0.00087901, 0.00101607,buy
2017-04-19,0,1,0,0,0,3,2,0,0,0,2,1,1,1,0,1,0,0,-0.00166829, 0.00186448, 0.0000560,-0.00069477, 0.00007724,sell
2017-04-20,0,1,0,0,0,3,2,0,0,0,2,1,1,1,0,1,0,1,-0.00046901, 0.00158607, 0.0003289, 0.00067807, 0.00118329,buy
2017-04-21,0,2,0,0,0,3,2,0,0,0,1,1,1,0,0,1,0,1,-0.00132688, 0.00101580, 0.0009966, 0.00344463, 0.00117805,buy
2017-04-22,0,2,0,0,0,3,1,0,0,0,1,1,1,0,1,1,0,1, 0.00412477, 0.00370673, 0.0041037, 0.00437653, 0.00355141,buy
2017-04-23,0,2,0,0,0,2,1,0,0,0,1,1,0,0,1,0,0,1, 0.00533540, 0.00339535, 0.0050521, 0.00692894, 0.00340861,buy
2017-04-24,0,2,0,0,0,1,1,0,0,0,1,1,0,0,1,0,0,1, 0.00245774, 0.00265748, 0.0047495, 0.00598775, 0.00330150,buy
2017-04-25,0,2,0,0,0,1,1,0,0,0,1,1,0,0,1,0,0,1, 0.00245774, 0.00265748, 0.0047495, 0.00598775, 0.00330150,buy
2017-04-26,0,2,0,0,0,1,1,0,0,0,1,1,0,0,1,0,0,1, 0.00245774, 0.00265748, 0.0047495, 0.00598775, 0.00330150,buy
2017-04-27,0,2,0,0,0,0,1,0,0,0,1,1,0,0,1,0,0,0, 0.00048499, 0.00074581, 0.0008518, 0.00095553, 0.00044212,buy
2017-04-28,0,1,0,0,0,0,0,0,0,0,1,1,0,0,1,0,0,0, 0.00071945, 0.00077555, 0.0008802, 0.00066889, 0.00064244,buy
2017-04-29,0,1,0,0,0,0,0,0,0,0,1,2,0,0,1,0,0,0, 0.00062236, 0.00049844, 0.0006433, 0.00014963, 0.00069670,buy
2017-04-30,0,1,0,0,1,0,0,1,0,0,1,1,0,0,1,0,0,0, 0.00226372, 0.00223863, 0.0022828, 0.00339118, 0.00085014,buy
2017-05-01,0,1,0,0,1,0,0,1,0,0,1,1,0,0,1,0,0,0, 0.00226372, 0.00223863, 0.0022828, 0.00339118, 0.00085014,buy
2017-05-02,0,1,1,0,1,0,0,1,0,0,1,1,0,0,1,0,0,0, 0.00288763, 0.00218788, 0.0008689, 0.00378344, 0.00084506,buy
2017-05-03,0,1,1,0,1,0,0,1,0,0,1,1,0,0,1,0,0,0, 0.00288763, 0.00218788, 0.0008689, 0.00378344, 0.00084506,buy
2017-05-04,0,1,1,0,1,0,0,1,0,0,1,1,0,0,1,0,0,0, 0.00288763, 0.00218788, 0.0008689, 0.00378344, 0.00084506,buy
2017-05-05,0,1,1,0,1,0,0,1,0,0,1,1,0,0,1,0,0,0, 0.00288763, 0.00218788, 0.0008689, 0.00378344, 0.00084506,buy
2017-05-06,0,1,1,0,1,0,0,1,1,0,1,0,1,0,1,0,0,0, 0.00508282, 0.00450369, 0.0028619, 0.00325410, 0.00239577,buy
2017-05-07,0,1,1,0,1,0,0,1,1,0,1,0,1,0,1,0,0,0, 0.00508282, 0.00450369, 0.0028619, 0.00325410, 0.00239577,buy
2017-05-08,0,1,1,0,1,0,0,0,1,0,1,0,1,0,1,0,0,0, 0.00359831, 0.00370936, 0.0029681, 0.00379112, 0.00344988,buy
2017-05-09,0,1,0,0,1,0,0,0,1,0,1,0,1,0,1,0,0,0, 0.00352860, 0.00305661, 0.0034294, 0.00394065, 0.00388406,buy
2017-05-10,0,1,0,0,1,0,1,0,1,0,1,0,1,0,1,0,0,0, 0.00118801, 0.00212151, 0.0006207, 0.00188383, 0.00214826,buy
2017-05-11,0,1,0,0,1,0,1,0,1,0,1,0,1,0,1,0,0,0, 0.00118801, 0.00212151, 0.0006207, 0.00188383, 0.00214826,buy
2017-05-12,0,1,0,0,1,0,1,0,1,0,1,0,1,0,1,0,0,0, 0.00118801, 0.00212151, 0.0006207, 0.00188383, 0.00214826,buy
2017-05-13,0,0,0,0,1,0,1,0,0,0,1,0,1,0,1,1,0,0,-0.00215896,-0.00150257,-0.0007620,-0.00100876, 0.00180162,sell
2017-05-14,0,0,0,0,1,0,1,0,0,0,2,0,1,0,1,1,0,0,-0.00240548,-0.00189563,-0.0007761,-0.00050727, 0.00206606,sell
2017-05-15,0,0,0,1,1,0,1,0,0,0,2,0,1,0,1,1,0,0,-0.00188227,-0.00228267,-0.0004412,-0.00004183, 0.00042991,sell
2017-05-16,0,0,0,2,1,0,1,1,0,0,1,0,1,0,1,1,0,0,-0.00101019,-0.00328307,-0.0013969,-0.00164147,-0.00293356,sell
2017-05-17,0,0,0,2,1,0,1,1,0,0,1,0,1,0,0,1,0,0,-0.00424487,-0.00704675,-0.0036615,-0.00452201,-0.00656068,sell
2017-05-18,0,0,0,2,1,0,1,1,0,0,1,0,1,0,0,1,0,0,-0.00424487,-0.00704675,-0.0036615,-0.00452201,-0.00656068,sell
2017-05-19,0,0,0,2,1,0,0,1,0,0,1,0,1,0,0,1,0,0,-0.00106267,-0.00272001,-0.0009182,-0.00050456,-0.00250026,sell
2017-05-20,0,0,0,2,1,0,0,1,0,0,1,0,1,0,0,1,0,0,-0.00106267,-0.00272001,-0.0009182,-0.00050456,-0.00250026,sell
2017-05-21,0,0,0,2,1,0,0,1,0,0,0,0,1,0,0,0,0,0,-0.00056310, 0.00043586, 0.0021772, 0.00217720, 0.00202180,buy
2017-05-22,0,1,0,2,1,0,0,1,0,2,0,0,1,0,0,0,0,0,-0.00089355,-0.00080449,-0.0005739,-0.00047673,-0.00091860,sell
2017-05-23,0,1,0,1,1,0,0,1,0,2,0,1,1,0,0,0,0,0,-0.00086271, 0.00057323, 0.0005649, 0.00210583, 0.00063856,buy
2017-05-24,0,1,0,1,1,0,0,0,0,2,0,1,1,0,0,0,0,0,-0.00252531, 0.00130841, 0.0013220, 0.00102362, 0.00125913,buy
2017-05-25,0,1,1,0,1,0,0,0,0,2,0,1,1,0,0,0,0,0,-0.00031121, 0.00024603, 0.0002460, 0.00328246, 0.00151051,buy
2017-05-26,0,1,1,0,1,0,0,1,0,2,0,1,1,0,0,0,0,0,-0.00141613,-0.00169445,-0.0016944, 0.00161722,-0.00190592,sell
2017-05-27,0,1,1,0,0,0,0,1,0,2,0,1,1,0,0,0,0,0,-0.00014287,-0.00055153,-0.0008642, 0.00052266,-0.00014136,sell
2017-05-28,0,1,1,0,0,0,0,1,0,2,0,1,1,0,0,0,0,0,-0.00014287,-0.00055153,-0.0008642, 0.00052266,-0.00014136,sell
2017-05-29,1,0,1,0,0,0,0,1,1,0,1,0,1,0,1,0,0,0,-0.00056034,-0.00086806, 0.0002177, 0.00002191,-0.00059001,sell
2017-05-30,1,0,0,0,0,1,0,1,1,0,1,0,1,0,2,0,0,0,-0.00077240,-0.00080421, 0.0000390,-0.00045679, 0.00013360,sell
2017-05-31,1,0,1,0,0,1,0,0,1,0,1,0,1,0,2,0,0,0,-0.00142679,-0.00144438,-0.0010939,-0.00167349,-0.00106813,sell
2017-06-01,2,0,1,0,0,1,0,1,1,0,1,0,1,0,2,0,0,0,-0.00039041,-0.00039041, 0.0000755,-0.00100312, 0.00009677,sell
2017-06-02,2,0,1,0,0,1,1,1,1,0,2,0,1,0,2,0,0,0, 0.00048134, 0.00048134, 0.0005104,-0.00006867, 0.00044466,buy
2017-06-03,2,0,1,0,0,1,1,1,0,0,2,0,1,0,2,1,0,0, 0.00020765, 0.00020765, 0.0001556,-0.00061017, 0.00005869,buy
2017-06-04,2,0,1,1,0,1,1,1,0,0,2,0,1,0,2,1,0,1,-0.00305465,-0.00308502,-0.0030850,-0.00304464,-0.00284682,sell
2017-06-05,2,0,1,1,0,2,1,1,0,0,1,0,1,0,2,1,0,1,-0.00446487,-0.00440220,-0.0044649,-0.00448014,-0.00428885,sell
2017-06-06,2,0,1,1,0,2,1,1,1,0,0,0,1,0,1,1,0,1,-0.00431785,-0.00433151,-0.0043178,-0.00362876,-0.00478787,sell
2017-06-07,2,0,0,1,0,2,1,1,1,1,0,0,1,0,1,1,0,1,-0.00304621,-0.00369173,-0.0030412,-0.00268401,-0.00235514,sell
2017-06-08,2,0,0,0,0,2,1,0,1,1,0,0,1,0,0,0,0,1, 0.00016762,-0.00188939, 0.0002522, 0.00040562, 0.00046665,buy
2017-06-09,2,0,0,0,0,2,0,0,1,1,0,0,1,0,0,0,0,1, 0.00037073,-0.00132198, 0.0003806, 0.00060177, 0.00036703,buy
2017-06-10,2,0,0,0,0,2,0,0,1,1,0,0,1,0,0,0,0,1, 0.00037073,-0.00132198, 0.0003806, 0.00060177, 0.00036703,buy
2017-06-11,2,0,0,0,0,1,0,0,1,0,0,1,1,0,1,0,0,0, 0.00133878, 0.00278080, 0.0009619, 0.00131696, 0.00137980,buy
2017-06-12,2,0,1,0,0,1,0,1,1,0,0,1,1,0,1,0,0,0, 0.00119736, 0.00108221, 0.0007270, 0.00073739, 0.00150257,buy
2017-06-13,1,0,1,0,0,1,0,1,0,0,0,2,1,0,1,0,0,0,-0.00061227,-0.00032487,-0.0006202,-0.00064850,-0.00039835,sell
2017-06-14,1,0,1,0,0,1,0,1,1,0,0,2,1,0,1,0,0,0, 0.00116027, 0.00112679,-0.0001698, 0.00039225, 0.00045450,buy
2017-06-15,1,0,1,0,0,1,0,1,1,0,0,2,1,0,0,1,0,0, 0.00142010, 0.00130935, 0.0012870, 0.00119437, 0.00149832,buy
2017-06-16,1,0,1,0,0,1,0,0,1,0,0,2,1,0,0,1,0,0, 0.00326031, 0.00328562, 0.0032579, 0.00324982, 0.00333792,buy
2017-06-17,1,0,1,0,0,1,0,1,1,0,0,3,1,0,0,1,0,0, 0.00213724, 0.00215278, 0.0020654, 0.00211921, 0.00206684,buy
2017-06-18,1,0,1,0,0,1,0,1,0,0,0,3,2,0,0,1,0,0, 0.00144290, 0.00143212, 0.0014216, 0.00138229, 0.00143212,buy
2017-06-19,1,0,1,0,0,0,0,1,0,0,0,2,2,0,0,2,1,0, 0.00045138, 0.00061083, 0.0005075, 0.00078117, 0.00078117,buy
2017-06-20,0,0,1,0,0,0,0,1,0,0,0,1,2,0,0,2,1,0, 0.00100706, 0.00112731, 0.0011273, 0.00112731, 0.00112731,buy
2017-06-21,0,0,1,0,0,0,0,1,1,0,0,0,2,0,0,2,1,0,-0.00043117, 0.00011270,-0.0004312,-0.00042674,-0.00071032,sell
2017-06-22,0,0,1,0,0,0,0,1,1,0,0,0,2,0,0,1,1,0,-0.00019610,-0.00018234,-0.0001961, 0.00007420,-0.00061818,sell
2017-06-23,0,0,0,0,0,0,0,1,1,0,0,0,2,0,0,0,1,0,-0.00066871,-0.00067496,-0.0008649,-0.00225075,-0.00080321,sell
2017-06-24,0,0,0,0,0,0,0,0,1,0,0,0,2,0,0,0,1,0,-0.00042799,-0.00059245,-0.0010665,-0.00192050,-0.00106648,sell
2017-06-25,0,0,0,0,0,0,0,0,1,0,0,0,1,0,0,0,0,0,-0.00027757,-0.00035268,-0.0004199, 0.00120557,-0.00206454,sell
2017-06-26,0,0,0,1,1,0,1,0,1,0,1,0,1,0,0,0,0,0, 0.00141240, 0.00266885, 0.0000851, 0.00092147, 0.00007953,buy
2017-06-27,0,1,0,1,1,0,1,0,1,0,1,0,1,0,0,0,0,0, 0.00337013, 0.00275855, 0.0019331, 0.00320281, 0.00216405,buy
2017-06-28,0,1,0,1,1,0,1,0,0,1,1,0,1,0,0,0,0,0, 0.00220128, 0.00220128,-0.0001319, 0.00156370, 0.00166175,buy
2017-06-29,0,1,0,1,1,0,1,0,0,1,1,0,1,0,0,0,0,0, 0.00220128, 0.00220128,-0.0001319, 0.00156370, 0.00166175,buy
2017-06-30,0,1,0,0,1,0,0,0,0,1,1,0,1,0,0,1,0,0,-0.00155083,-0.00135093,-0.0015652,-0.00046026,-0.00122554,sell
2017-07-01,0,1,0,1,1,0,0,0,0,1,2,0,1,0,0,1,0,0,-0.00033126, 0.00024015,-0.0001346, 0.00054920,-0.00061429,sell
2017-07-02,0,2,0,2,0,0,1,0,0,0,1,0,1,0,0,1,0,0,-0.00122332,-0.00155512,-0.0013615,-0.00122332,-0.00118845,sell
2017-07-03,0,2,0,2,0,0,1,0,0,0,1,0,1,0,0,2,0,1, 0.00332077, 0.00327170, 0.0015780, 0.00342491, 0.00272647,buy
2017-07-04,0,2,0,2,0,0,1,1,0,0,0,0,1,0,0,2,0,1, 0.00306267, 0.00356227, 0.0006618, 0.00376405, 0.00318118,buy
2017-07-05,0,2,0,2,0,0,1,1,0,1,0,0,1,0,0,2,0,1, 0.00163742, 0.00205654, 0.0005735, 0.00256889, 0.00136679,buy
2017-07-06,0,2,0,2,0,0,1,1,0,2,0,0,1,0,0,2,0,1, 0.00104402, 0.00153094, 0.0003013, 0.00176623, 0.00098936,buy
2017-07-07,0,0,0,2,0,0,1,1,0,2,0,0,1,0,0,0,0,1, 0.00306991, 0.00338275, 0.0031967, 0.00111256, 0.00294346,buy
2017-07-08,0,0,0,1,0,0,1,0,0,2,0,1,1,0,0,0,0,1, 0.00337936, 0.00161800, 0.0034602, 0.00220078, 0.00280076,buy
2017-07-09,0,0,0,1,1,0,1,0,0,2,0,1,1,0,0,0,0,1, 0.00368892,-0.00025861, 0.0039781, 0.00094547, 0.00029936,buy
2017-07-10,0,0,0,0,1,0,0,0,0,2,0,1,1,0,0,0,0,1, 0.00352460, 0.00094132, 0.0026670,-0.00197273,-0.00201472,buy
2017-07-11,0,0,0,0,1,0,0,0,0,1,1,1,1,0,0,0,0,1, 0.00157545, 0.00110421, 0.0011199,-0.00216164,-0.00282149,buy
2017-07-12,0,0,0,1,1,0,1,0,0,1,1,1,1,0,0,0,0,1,-0.00299054,-0.00154570,-0.0018005,-0.00227984,-0.00361511,sell
2017-07-13,1,0,0,1,1,0,1,0,0,1,1,0,0,0,0,0,0,0,-0.00070668,-0.00075080,-0.0007987,-0.00126355,-0.00070668,sell
2017-07-14,1,0,0,1,2,0,1,0,1,1,1,0,0,0,1,0,0,0,-0.00030064, 0.00014466, 0.0001447,-0.00058658, 0.00018808,sell
2017-07-15,1,0,1,1,2,0,1,1,1,0,1,0,0,0,1,0,0,0, 0.00043618,-0.00021852,-0.0002436, 0.00049357,-0.00055469,sell
2017-07-16,1,0,1,1,2,0,1,1,1,0,1,0,0,0,1,0,0,0, 0.00043618,-0.00021852,-0.0002436, 0.00049357,-0.00055469,sell
2017-07-17,1,0,1,0,2,0,0,1,1,0,2,0,0,0,1,1,0,0,-0.00367141,-0.00299002,-0.0041821,-0.00060385,-0.00402887,sell
2017-07-18,1,0,1,0,2,0,0,2,2,0,1,0,0,0,1,1,0,0,-0.00141344,-0.00191806,-0.0014265, 0.00159043,-0.00160743,sell
2017-07-19,1,0,1,0,2,0,0,2,1,0,1,0,0,0,1,1,0,0,-0.00208423,-0.00252130,-0.0021129, 0.00081780,-0.00244195,sell
2017-07-20,0,0,1,0,2,0,0,2,1,0,1,0,0,0,0,1,0,0,-0.00187346,-0.00136531,-0.0013925,-0.00083246,-0.00134923,sell
2017-07-21,0,0,1,0,2,0,0,1,1,0,1,1,0,0,0,1,0,0,-0.00031402,-0.00006050,-0.0002525,-0.00068219,-0.00037488,sell
2017-07-22,0,0,0,0,1,0,0,1,1,0,0,1,0,0,1,1,0,0,-0.00020184, 0.00097235, 0.0031052, 0.00070547, 0.00254099,buy
2017-07-23,0,0,0,0,1,0,0,1,1,0,0,1,0,0,1,1,0,0,-0.00020184, 0.00097235, 0.0031052, 0.00070547, 0.00254099,buy
2017-07-24,0,0,1,0,1,0,0,1,0,0,0,1,0,0,1,1,0,0,-0.00028894,-0.00122915, 0.0033908,-0.00063265, 0.00323965,buy
2017-07-25,0,0,1,0,1,0,0,0,0,1,0,1,0,0,1,0,0,0, 0.00200588, 0.00200676, 0.0024762, 0.00200676, 0.00267033,buy
2017-07-26,0,1,1,0,1,0,0,0,0,1,0,2,0,0,1,0,0,0, 0.00346442, 0.00327549, 0.0033612, 0.00222806, 0.00288897,buy
2017-07-27,0,1,1,0,1,1,0,0,0,1,0,2,0,1,1,1,0,0,-0.00077710,-0.00247942,-0.0020954,-0.00245913,-0.00211393,sell
2017-07-28,0,1,1,0,1,1,0,0,0,1,0,1,0,1,0,1,0,0,-0.00162196,-0.00271575,-0.0024537,-0.00261234,-0.00271575,sell
2017-07-29,0,1,1,0,1,1,0,0,0,1,0,1,0,1,0,1,0,0,-0.00162196,-0.00271575,-0.0024537,-0.00261234,-0.00271575,sell
2017-07-30,0,1,1,0,1,1,0,0,0,1,0,1,0,1,0,1,0,0,-0.00162196,-0.00271575,-0.0024537,-0.00261234,-0.00271575,sell
2017-07-31,0,2,0,0,1,1,0,0,0,1,0,1,0,1,0,1,0,0,-0.00169885,-0.00302422,-0.0030336,-0.00290652,-0.00296964,sell
2017-08-01,0,2,0,0,1,1,0,0,0,0,0,1,0,1,0,1,0,0,-0.00029328,-0.00188628,-0.0019510,-0.00187622,-0.00166876,sell
2017-08-02,0,2,0,0,1,1,1,0,0,0,0,0,0,0,0,0,0,0, 0.00039713,-0.00136634,-0.0004619,-0.00064818,-0.00070120,sell
2017-08-03,0,2,0,0,1,1,1,0,0,0,0,0,0,0,0,0,0,0, 0.00039713,-0.00136634,-0.0004619,-0.00064818,-0.00070120,sell
2017-08-04,0,2,0,0,1,1,1,0,0,0,0,0,0,0,0,0,0,0, 0.00039713,-0.00136634,-0.0004619,-0.00064818,-0.00070120,sell
2017-08-05,0,2,0,0,1,1,1,0,0,0,0,0,0,0,0,0,0,0, 0.00039713,-0.00136634,-0.0004619,-0.00064818,-0.00070120,sell
2017-08-06,0,2,0,0,1,1,1,1,1,0,0,0,0,0,0,0,0,1, 0.00267779, 0.00227276, 0.0024510, 0.00239632, 0.00245754,buy
2017-08-07,1,1,0,1,1,1,1,1,1,0,0,0,0,0,0,1,0,1, 0.00047991,-0.00012404, 0.0002175, 0.00090763, 0.00044650,buy
2017-08-08,1,1,0,1,1,2,1,1,1,0,0,0,0,0,0,1,0,1,-0.00084517,-0.00016603,-0.0010417,-0.00024148,-0.00070543,sell
2017-08-09,1,1,0,1,0,2,1,1,1,0,0,0,0,0,0,1,0,1,-0.00324489,-0.00328620,-0.0033440,-0.00137604,-0.00355257,sell
2017-08-10,1,1,0,1,0,2,1,1,1,0,1,0,0,0,0,1,0,1,-0.00294486,-0.00270757,-0.0042189,-0.00197123,-0.00294486,sell
2017-08-11,1,1,0,1,0,2,1,1,1,0,1,0,0,0,0,1,0,1,-0.00294486,-0.00270757,-0.0042189,-0.00197123,-0.00294486,sell
2017-08-12,1,1,0,1,0,2,1,1,1,1,1,0,0,0,0,1,0,1,-0.00304280,-0.00284114,-0.0043173,-0.00196524,-0.00304280,sell
2017-08-13,1,1,0,1,0,1,1,1,0,1,1,0,0,0,0,1,0,1,-0.00373160,-0.00375894,-0.0031352,-0.00299448,-0.00357863,sell
2017-08-14,1,1,0,2,0,1,1,1,0,1,1,0,0,0,0,1,0,0, 0.00296649, 0.00196497, 0.0019882,-0.00186717,-0.00022765,buy
2017-08-15,1,0,0,1,0,1,0,1,0,1,1,0,0,0,0,1,0,0, 0.00327479, 0.00140109, 0.0014319,-0.00312100, 0.00154125,buy
2017-08-16,1,0,0,1,0,1,0,1,0,1,2,0,0,0,0,1,0,0, 0.00283102, 0.00124628, 0.0022454,-0.00312100, 0.00232455,buy
2017-08-17,1,0,0,1,0,1,0,1,0,1,1,0,0,0,0,1,0,0, 0.00327479, 0.00140109, 0.0014319,-0.00312100, 0.00154125,buy
2017-08-18,0,0,0,1,0,1,0,1,0,1,1,0,0,0,1,1,0,0,-0.00251506,-0.00217993,-0.0038459,-0.00270898, 0.00087559,sell
2017-08-19,0,0,0,1,0,1,0,1,0,0,1,0,0,0,1,0,1,0,-0.00201942,-0.00210380,-0.0008614,-0.00188063,-0.00220562,sell
2017-08-20,0,0,0,1,0,0,0,1,0,0,1,0,0,0,1,0,1,0,-0.00061709,-0.00076825,-0.0007820,-0.00037834,-0.00099121,sell
2017-08-21,0,0,1,0,0,0,0,0,0,0,1,0,0,0,1,0,1,0,-0.00095674,-0.00092917,-0.0012674,-0.00070387,-0.00111900,sell
2017-08-22,1,0,1,0,0,0,0,1,0,1,0,0,0,0,1,1,1,0,-0.00131178, 0.00150922,-0.0020136,-0.00072965,-0.00202134,sell
2017-08-23,1,0,1,0,0,0,0,1,0,1,0,0,0,0,1,1,0,0, 0.00105890, 0.00099514, 0.0010589, 0.00100269,-0.00103872,buy
2017-08-24,2,0,1,0,0,0,0,1,0,1,0,0,1,0,1,1,0,0, 0.00521168, 0.00130087, 0.0015004, 0.00532425, 0.00031756,buy
2017-08-25,2,0,2,0,0,0,0,1,0,2,0,0,1,0,0,1,0,0, 0.00538566, 0.00307622, 0.0024894, 0.00510976, 0.00061024,buy
2017-08-26,2,0,2,0,0,0,0,1,0,2,0,0,1,1,0,1,0,1,-0.00120931,-0.00124270,-0.0008876,-0.00094637,-0.00307022,sell
2017-08-27,2,0,2,0,0,0,0,1,0,2,0,0,1,1,0,1,0,1,-0.00120931,-0.00124270,-0.0008876,-0.00094637,-0.00307022,sell
2017-08-28,2,0,1,0,0,0,0,0,0,2,0,1,1,1,0,0,0,1,-0.00227595,-0.00234930, 0.0006772,-0.00123213,-0.00126194,sell
2017-08-29,1,0,1,0,0,0,0,0,0,1,0,1,1,1,1,0,0,1,-0.00014711,-0.00079330, 0.0019597, 0.00213442,-0.00062883,sell
2017-08-30,1,0,1,0,1,0,0,0,0,1,0,1,0,1,1,0,0,0, 0.00465699, 0.00347448, 0.0036989, 0.00371655, 0.00457134,buy
2017-08-31,1,0,1,0,1,0,0,0,0,1,0,1,0,1,1,0,0,0, 0.00465699, 0.00347448, 0.0036989, 0.00371655, 0.00457134,buy
2017-09-01,1,0,1,0,1,0,0,1,0,1,0,1,0,1,1,0,0,0, 0.00120802, 0.00137138, 0.0018895, 0.00377928, 0.00185261,buy
2017-09-02,1,0,1,0,1,0,0,1,0,1,0,1,0,1,1,1,0,0, 0.00138309, 0.00138309, 0.0009462, 0.00299178, 0.00084678,buy
2017-09-03,0,0,0,0,1,0,1,1,0,0,0,0,0,1,1,1,0,0,-0.00217659,-0.00107982,-0.0018246,-0.00168094,-0.00186315,sell
2017-09-04,0,0,0,0,1,0,1,1,0,0,0,0,0,1,1,1,0,0,-0.00217659,-0.00107982,-0.0018246,-0.00168094,-0.00186315,sell
2017-09-05,0,0,0,0,1,0,1,1,0,0,0,0,0,1,1,1,0,0,-0.00217659,-0.00107982,-0.0018246,-0.00168094,-0.00186315,sell
2017-09-06,0,0,0,0,1,0,1,1,2,0,0,0,0,1,1,1,0,0,-0.00607384,-0.00418004,-0.0043277,-0.00387430,-0.00427155,sell
2017-09-07,0,0,0,0,1,0,1,1,2,0,0,0,0,1,1,1,0,0,-0.00607384,-0.00418004,-0.0043277,-0.00387430,-0.00427155,sell
2017-09-08,0,0,0,0,1,0,1,1,2,1,0,0,0,1,1,1,0,0,-0.00595570,-0.00467662,-0.0046003,-0.00402786,-0.00400509,sell
2017-09-09,0,0,0,0,1,0,0,1,2,1,0,0,0,1,1,0,0,0,-0.00377789,-0.00336469,-0.0021109,-0.00235806,-0.00229499,sell
2017-09-10,0,0,0,0,1,0,0,0,2,1,1,1,0,1,1,0,0,0, 0.00418577, 0.00410169, 0.0037675, 0.00366003, 0.00388887,buy
2017-09-11,0,0,0,0,1,0,0,0,2,1,1,1,0,1,1,0,0,0, 0.00418577, 0.00410169, 0.0037675, 0.00366003, 0.00388887,buy
2017-09-12,0,0,0,1,1,0,0,0,1,1,1,1,0,1,0,0,0,0, 0.00542341, 0.00474059, 0.0059652, 0.00589812, 0.00589812,buy
2017-09-13,0,0,0,1,1,0,0,0,0,1,1,1,0,1,0,0,0,0, 0.00491577, 0.00432470, 0.0050008, 0.00501388, 0.00491577,buy
2017-09-14,0,1,0,2,1,0,0,0,0,1,1,1,0,1,0,0,0,0, 0.00242076, 0.00159398, 0.0025574, 0.00242076, 0.00244998,buy
2017-09-15,0,1,0,2,1,0,0,0,0,1,1,1,0,1,1,0,0,0, 0.00127366, 0.00179381, 0.0015130, 0.00121413, 0.00125387,buy
2017-09-16,0,1,1,2,1,0,0,0,0,0,0,1,0,1,1,0,0,0,-0.00110975,-0.00172011,-0.0011417,-0.00110070,-0.00071812,sell
2017-09-17,0,2,1,2,1,0,0,1,0,0,0,1,0,1,2,0,0,0, 0.00082478, 0.00297598, 0.0039399, 0.00323597, 0.00316411,buy
2017-09-18,1,2,1,2,1,0,0,1,0,0,0,0,0,1,2,1,0,0, 0.00179785, 0.00534301, 0.0050339, 0.00555502, 0.00503389,buy
2017-09-19,1,2,1,1,1,0,0,1,0,1,0,0,0,1,2,1,0,0, 0.00179201, 0.00556687, 0.0032123, 0.00463897, 0.00325923,buy
2017-09-20,1,2,1,1,1,0,0,1,0,1,0,0,0,1,2,1,0,0, 0.00179201, 0.00556687, 0.0032123, 0.00463897, 0.00325923,buy
2017-09-21,1,2,1,1,1,0,0,1,1,1,0,0,0,1,1,1,0,0, 0.00384466, 0.00624533, 0.0053594, 0.00532820, 0.00472246,buy
2017-09-22,1,1,0,0,0,0,0,1,1,1,0,0,0,0,1,1,0,0,-0.00042830,-0.00028271, 0.0003904,-0.00021123,-0.00022848,sell
2017-09-23,1,1,0,0,0,0,0,0,1,1,0,1,0,0,1,0,0,0, 0.00201560,-0.00053229, 0.0029027, 0.00069158, 0.00030102,buy
2017-09-24,0,1,0,0,0,0,0,0,1,1,0,1,0,0,0,0,0,0,-0.00106587,-0.00057851,-0.0006787, 0.00012433,-0.00051206,sell
2017-09-25,0,1,0,0,0,0,0,0,0,0,0,1,0,0,0,0,0,0,-0.00211670,-0.00197608,-0.0029727,-0.00261704,-0.00084033,sell
2017-09-26,0,1,0,1,0,0,0,1,0,0,0,1,0,0,0,0,0,0,-0.00152746, 0.00172230,-0.0012536,-0.00129876,-0.00238145,sell
2017-09-27,0,0,1,1,0,0,0,1,0,0,0,1,0,0,1,1,0,0, 0.00358397, 0.00350368, 0.0044986, 0.00318419, 0.00561784,buy
2017-09-28,0,0,1,1,0,0,0,1,0,0,0,0,0,0,1,1,0,0, 0.00181234, 0.00177998, 0.0015930, 0.00185805, 0.00157403,buy
2017-09-29,0,1,1,1,1,0,0,1,0,0,0,0,0,0,1,1,0,0,-0.00036751,-0.00069331, 0.0007334,-0.00069786, 0.00057858,sell
2017-09-30,0,1,1,1,1,0,0,1,0,0,0,0,0,0,1,1,0,0,-0.00036751,-0.00069331, 0.0007334,-0.00069786, 0.00057858,sell
2017-10-01,0,1,1,0,1,0,0,1,1,0,0,0,0,0,0,1,0,0, 0.00042649,-0.00115673, 0.0027700, 0.00100802, 0.00305871,buy
2017-10-02,1,1,1,0,1,0,1,1,1,0,0,0,0,0,0,1,0,0, 0.00093539, 0.00378997, 0.0010927, 0.00155270, 0.00206093,buy
2017-10-03,1,1,1,0,1,0,1,1,1,0,0,0,1,0,0,0,0,0, 0.00001867, 0.00085960, 0.0007735, 0.00025083, 0.00071490,buy
2017-10-04,1,0,0,0,1,0,1,0,1,0,0,0,1,0,0,0,0,0,-0.00010043,-0.00048356, 0.0002510,-0.00039280,-0.00016803,sell
2017-10-05,1,0,0,0,1,0,2,0,1,0,0,0,1,0,0,0,0,0, 0.00026045,-0.00084846, 0.0001291, 0.00066180,-0.00012880,buy
2017-10-06,1,0,0,0,1,0,2,0,1,1,0,1,1,0,0,0,0,0,-0.00117868,-0.00253954,-0.0000447,-0.00118221,-0.00001824,sell
2017-10-07,1,0,0,0,1,0,2,0,0,2,0,1,1,0,0,0,0,0,-0.00086845,-0.00166134,-0.0005534,-0.00039073,-0.00048845,sell
2017-10-08,1,0,0,0,1,0,2,0,0,2,0,1,1,0,0,0,0,0,-0.00086845,-0.00166134,-0.0005534,-0.00039073,-0.00048845,sell
2017-10-09,0,0,0,0,1,0,0,0,0,2,0,1,1,0,1,0,0,0, 0.00087617,-0.00015201,-0.0005392,-0.00056203,-0.00053921,sell
2017-10-10,0,0,0,0,1,0,0,0,0,2,0,1,1,0,1,0,0,0, 0.00087617,-0.00015201,-0.0005392,-0.00056203,-0.00053921,sell
2017-10-11,0,0,0,0,1,1,0,0,0,2,0,2,1,0,1,0,0,0,-0.00010531,-0.00089692,-0.0009214,-0.00106439,-0.00089692,sell
2017-10-12,0,0,0,1,1,1,0,0,0,1,0,1,1,0,1,0,0,0, 0.00158998, 0.00115954, 0.0006610, 0.00091662, 0.00168717,buy
2017-10-13,0,0,0,1,0,1,0,1,0,1,0,2,1,0,1,1,0,0,-0.00041456,-0.00014963,-0.0004146,-0.00041858, 0.00079412,sell
2017-10-14,0,0,0,1,0,1,0,1,0,0,0,2,1,0,1,1,0,0,-0.00114594,-0.00176049,-0.0007480,-0.00157424,-0.00057655,sell
2017-10-15,0,0,1,1,0,2,0,1,0,0,0,2,0,0,0,2,0,0, 0.00132250,-0.00079506,-0.0007945,-0.00013053,-0.00013053,sell
2017-10-16,0,0,1,1,0,2,0,1,0,0,0,1,0,0,0,2,0,0, 0.00148217,-0.00041594,-0.0003992, 0.00012167, 0.00012167,sell
2017-10-17,0,0,1,1,0,1,0,2,0,0,0,1,0,0,0,2,0,0, 0.00276331, 0.00178931, 0.0006458, 0.00245223, 0.00229727,buy
2017-10-18,0,1,1,1,0,1,0,1,0,0,0,1,0,0,0,1,0,1, 0.00312553, 0.00274229, 0.0032380, 0.00250470, 0.00291841,buy
2017-10-19,0,1,1,0,0,1,0,1,0,0,0,1,0,0,0,1,0,1, 0.00180678, 0.00223754, 0.0016162, 0.00050452, 0.00170026,buy
2017-10-20,0,2,1,0,0,1,0,1,0,0,1,0,0,0,0,1,0,1, 0.00120586, 0.00133236, 0.0009263, 0.00091304, 0.00106192,buy
2017-10-21,0,2,2,0,0,1,1,1,0,0,1,0,0,0,0,1,0,1, 0.00017723,-0.00016244, 0.0002727, 0.00094850, 0.00228039,buy
2017-10-22,0,2,1,0,0,1,2,1,0,0,1,0,0,0,0,1,0,1,-0.00124980,-0.00122783,-0.0017972, 0.00225436, 0.00276967,sell
2017-10-23,0,2,1,0,0,1,2,0,0,0,1,0,0,0,0,1,0,1, 0.00049590, 0.00021489, 0.0005564, 0.00436183, 0.00384560,buy
2017-10-24,0,2,1,0,0,1,2,0,0,0,1,0,0,0,0,0,0,1, 0.00085577, 0.00041785, 0.0007798, 0.00257689, 0.00171100,buy
2017-10-25,0,1,1,0,0,1,2,0,0,1,0,0,0,0,0,0,0,1, 0.00038895, 0.00038895, 0.0001435,-0.00033226, 0.00227381,buy
2017-10-26,0,0,1,0,1,1,2,0,0,2,0,0,0,0,0,0,0,1, 0.00031103, 0.00031103, 0.0001504,-0.00027191, 0.00223371,buy
2017-10-27,0,0,1,0,1,1,0,0,0,2,0,0,0,0,0,0,0,1, 0.00149178, 0.00150479, 0.0009263, 0.00120158, 0.00134884,buy
2017-10-28,0,0,1,0,1,1,0,0,0,2,0,0,0,0,0,0,0,1, 0.00149178, 0.00150479, 0.0009263, 0.00120158, 0.00134884,buy
2017-10-29,0,0,1,0,1,1,0,0,0,2,1,0,0,0,0,0,0,1,-0.00061381,-0.00061381,-0.0012037,-0.00061381,-0.00087425,sell
2017-10-30,0,0,1,0,1,1,0,0,0,2,1,0,0,0,0,0,0,1,-0.00061381,-0.00061381,-0.0012037,-0.00061381,-0.00087425,sell
2017-10-31,0,0,1,0,1,1,1,0,0,0,1,2,0,0,0,0,0,1,-0.00322885,-0.00176314,-0.0018110,-0.00299885,-0.00260723,sell
2017-11-01,0,1,0,0,1,1,1,0,0,0,1,2,0,0,1,1,0,1, 0.00225831, 0.00354873, 0.0004644, 0.00260133, 0.00190834,buy
2017-11-02,0,1,0,0,1,0,1,1,0,0,1,2,0,0,1,1,0,1, 0.00204289, 0.00114138,-0.0008640, 0.00044877, 0.00170224,buy
2017-11-03,0,1,0,0,0,0,1,1,0,0,1,2,0,0,1,1,0,1, 0.00187241, 0.00019202,-0.0006406,-0.00031665, 0.00135340,buy
2017-11-04,0,1,0,0,0,0,1,1,0,0,1,2,0,0,1,1,0,1, 0.00187241, 0.00019202,-0.0006406,-0.00031665, 0.00135340,buy
2017-11-05,0,1,0,0,0,0,1,1,1,0,1,1,0,0,1,1,0,1, 0.00069024, 0.00053941, 0.0009155, 0.00035894, 0.00093068,buy
2017-11-06,0,1,0,0,0,0,1,1,1,1,0,0,0,0,0,1,0,1,-0.00036088, 0.00016010, 0.0010880, 0.00016010, 0.00016010,buy
2017-11-07,0,1,0,0,0,0,0,1,1,1,0,0,0,0,0,1,0,1,-0.00075690,-0.00132429, 0.0007418,-0.00132429,-0.00036907,sell
2017-11-08,0,1,0,1,0,0,0,0,1,1,0,0,0,0,0,0,0,1,-0.00112722,-0.00154282,-0.0012510,-0.00108641,-0.00175320,sell
2017-11-09,0,0,1,1,0,0,0,0,1,1,0,0,0,0,0,0,0,1,-0.00081695, 0.00067813,-0.0002893,-0.00028934,-0.00119816,sell
2017-11-10,0,0,1,1,0,0,0,0,0,1,0,0,0,0,0,0,0,1, 0.00196594, 0.00379313, 0.0009503, 0.00149077,-0.00042668,buy
2017-11-11,0,0,1,1,0,0,0,1,0,1,0,0,0,0,0,1,0,0,-0.00082020, 0.00130757, 0.0004894, 0.00007069,-0.00002922,buy
2017-11-12,0,0,1,1,0,0,0,1,0,1,0,0,0,0,0,1,0,0,-0.00082020, 0.00130757, 0.0004894, 0.00007069,-0.00002922,buy
2017-11-13,0,0,1,1,0,1,0,1,0,0,1,0,0,0,0,1,0,0, 0.00147221, 0.00120803, 0.0015403, 0.00128519, 0.00145641,buy
2017-11-14,1,0,1,0,0,1,1,1,0,0,1,0,0,0,1,1,0,0, 0.00022468,-0.00143287, 0.0002247,-0.00105212, 0.00220686,buy
2017-11-15,1,0,1,0,0,1,1,1,0,0,1,1,0,0,1,1,0,0,-0.00211099,-0.00309532,-0.0033180,-0.00333241,-0.00371858,sell
2017-11-16,1,0,1,0,0,1,1,1,0,1,1,1,0,0,1,0,0,0,-0.00290186,-0.00372172,-0.0031390,-0.00304127,-0.00393583,sell
2017-11-17,1,1,1,0,0,1,1,0,0,1,1,1,0,0,1,0,0,0,-0.00222193,-0.00342902,-0.0038765,-0.00332888,-0.00173927,sell
2017-11-18,1,1,0,0,0,2,1,0,0,1,1,1,0,0,1,0,0,0,-0.00232099,-0.00495845,-0.0051498,-0.00334836,-0.00349183,sell
2017-11-19,1,1,0,0,0,2,1,0,0,2,0,1,0,0,1,0,0,0,-0.00120112,-0.00101013,-0.0015648, 0.00078570, 0.00137486,sell
2017-11-20,0,1,0,0,0,2,0,0,0,2,0,1,0,0,1,0,0,0,-0.00170595,-0.00395445,-0.0034027,-0.00220937,-0.00215355,sell
2017-11-21,0,1,1,0,0,2,0,0,1,2,0,1,0,0,0,0,0,0,-0.00101643,-0.00247048,-0.0000430, 0.00053839,-0.00040262,sell
2017-11-22,0,1,1,0,0,2,0,0,1,1,0,0,0,0,1,0,0,0,-0.00267443,-0.00328330, 0.0006796,-0.00215825,-0.00271219,sell
2017-11-23,0,0,1,0,0,1,0,0,1,1,1,0,0,0,1,0,0,0,-0.00639078,-0.00671333,-0.0048876,-0.00573158,-0.00423447,sell
2017-11-24,0,0,1,0,0,1,0,0,1,0,1,0,0,0,1,0,0,1, 0.00172206,-0.00020870, 0.0024006,-0.00094046, 0.00133284,buy
2017-11-25,0,0,1,0,1,1,0,0,1,0,1,0,0,0,2,0,0,1,-0.00032292,-0.00027545,-0.0000978,-0.00041926,-0.00035048,sell
2017-11-26,0,0,1,0,1,1,0,0,1,0,1,1,0,0,2,0,0,1, 0.00001529,-0.00086856,-0.0026229, 0.00033950,-0.00092085,sell
2017-11-27,0,0,1,0,1,1,0,0,1,0,1,1,0,0,2,0,0,1, 0.00001529,-0.00086856,-0.0026229, 0.00033950,-0.00092085,sell
2017-11-28,0,0,1,0,1,1,0,0,0,0,1,1,0,0,2,0,0,1, 0.00012917,-0.00048943, 0.0001562,-0.00036755,-0.00101646,sell
2017-11-29,0,0,1,1,1,0,0,0,0,0,1,1,0,0,2,1,0,1, 0.00129439,-0.00093752,-0.0012966, 0.00082272,-0.00186080,sell
2017-11-30,0,0,1,1,1,0,0,1,0,0,1,1,0,0,0,1,0,1, 0.00236562, 0.00248020, 0.0025794, 0.00235945, 0.00246296,buy
2017-12-01,0,0,1,1,1,0,0,1,1,0,1,1,0,0,0,1,0,1, 0.00229669, 0.00253800, 0.0026604, 0.00237015, 0.00264025,buy
2017-12-02,0,0,1,1,1,0,0,1,1,0,1,1,0,0,0,1,0,1, 0.00229669, 0.00253800, 0.0026604, 0.00237015, 0.00264025,buy
2017-12-03,0,0,1,1,1,1,0,1,1,0,1,0,0,0,0,1,0,1, 0.00616931, 0.00473811, 0.0030086, 0.00312206, 0.00473811,buy
2017-12-04,0,0,1,1,1,1,0,1,1,0,1,0,0,0,0,1,0,0, 0.00166672, 0.00262978, 0.0010185, 0.00392269, 0.00254798,buy
2017-12-05,0,0,1,1,1,1,0,1,1,0,1,0,0,0,0,0,0,0, 0.00027911,-0.00097030,-0.0005901, 0.00052029,-0.00041012,sell
2017-12-06,1,0,1,1,1,1,0,1,1,1,1,0,0,0,0,1,0,0,-0.00029168,-0.00002440,-0.0007062, 0.00069424,-0.00033034,sell
2017-12-07,1,0,1,1,1,1,0,0,0,1,1,0,0,0,1,1,0,0, 0.00046647,-0.00069512,-0.0021003, 0.00029969, 0.00019900,sell
2017-12-08,1,0,1,0,1,1,0,1,0,1,1,0,0,0,1,1,0,0, 0.00155166,-0.00020363,-0.0020592, 0.00095499, 0.00081411,sell
2017-12-09,1,0,1,1,1,0,0,1,0,1,1,0,0,0,1,1,0,0,-0.00103008, 0.00033162,-0.0014451,-0.00084009,-0.00188050,sell
2017-12-10,1,0,1,1,1,0,0,1,0,1,1,0,0,0,1,1,0,0,-0.00103008, 0.00033162,-0.0014451,-0.00084009,-0.00188050,sell
2017-12-11,1,0,0,1,0,0,0,1,0,1,0,0,1,0,1,1,0,0,-0.00005455,-0.00063983,-0.0004335, 0.00033561,-0.00149578,sell
2017-12-12,1,0,0,1,1,0,0,1,0,1,0,0,1,0,1,0,0,0,-0.00012979,-0.00130519, 0.0002263, 0.00185008,-0.00016951,buy
2017-12-13,2,0,0,1,2,0,0,0,0,3,0,0,1,0,1,0,0,0, 0.00120773, 0.00128995,-0.0012555, 0.00340792, 0.00342127,buy
2017-12-14,2,0,0,1,2,0,0,0,0,2,0,0,1,0,1,0,1,0,-0.00200119,-0.00202809,-0.0031582,-0.00135758,-0.00131214,sell
2017-12-15,2,0,0,0,2,0,0,0,0,2,0,0,0,0,1,0,1,0,-0.00132855,-0.00123081,-0.0023466,-0.00017619,-0.00029625,sell
2017-12-16,2,0,0,1,2,0,0,0,0,2,0,0,0,0,1,0,1,0,-0.00105979,-0.00100631,-0.0017615, 0.00022195, 0.00027543,sell
2017-12-17,2,0,0,1,1,0,0,0,0,2,1,0,0,0,1,0,1,0,-0.00130474,-0.00130474,-0.0005470,-0.00071279,-0.00037907,sell
2017-12-18,2,0,1,1,1,0,0,1,0,1,1,0,0,0,2,0,0,0, 0.00057875, 0.00213871, 0.0004397,-0.00003871,-0.00054220,buy
2017-12-19,0,0,1,1,1,0,0,1,0,0,1,0,0,0,2,0,0,0, 0.00121317,-0.00018133, 0.0009963, 0.00057642, 0.00051512,buy
2017-12-20,0,0,1,1,1,0,0,1,0,0,1,0,0,0,1,0,0,0, 0.00281898, 0.00163699, 0.0020996, 0.00160670, 0.00162804,buy
2017-12-21,0,1,1,1,1,0,0,1,0,0,1,0,0,0,1,0,0,0, 0.00288680, 0.00289735, 0.0025951, 0.00303040, 0.00213241,buy
2017-12-22,0,1,1,1,0,0,0,1,0,0,2,0,0,0,1,0,0,0, 0.00110161,-0.00091604, 0.0001301,-0.00025050,-0.00029911,sell
2017-12-23,0,1,2,1,0,0,0,1,0,0,2,0,1,0,1,0,0,0, 0.00046144,-0.00006380,-0.0004070,-0.00022068,-0.00025206,sell
2017-12-24,0,1,2,1,0,0,0,1,0,0,2,0,1,0,0,0,0,0,-0.00031241,-0.00009552,-0.0004099,-0.00019055,-0.00039129,sell
2017-12-25,0,2,2,1,0,0,0,1,0,0,2,0,1,0,0,0,0,0, 0.00013122, 0.00089317,-0.0003113, 0.00026883, 0.00018027,buy
2017-12-26,0,2,1,1,0,0,0,1,0,0,2,0,1,0,0,0,0,0, 0.00062596, 0.00151956, 0.0007867, 0.00096316, 0.00150628,buy
2017-12-27,0,2,1,1,0,0,0,1,0,0,1,0,1,0,0,0,0,0, 0.00285671, 0.00385771, 0.0029290, 0.00151769, 0.00396388,buy
2017-12-28,1,1,1,1,0,0,0,1,0,0,1,0,1,0,0,0,0,0, 0.00112388, 0.00205670, 0.0007791, 0.00129375, 0.00104721,buy
2017-12-29,1,1,0,1,0,0,0,0,0,1,1,0,1,0,0,0,0,0,-0.00170340,-0.00303541,-0.0035739,-0.00301481,-0.00153554,sell
2017-12-30,1,0,0,1,0,0,0,1,0,1,0,0,1,0,0,0,0,0,-0.00026294,-0.00053165,-0.0007563,-0.00048361,-0.00061371,sell
2017-12-31,1,0,0,1,0,0,0,1,0,1,0,0,1,0,0,0,0,0,-0.00026294,-0.00053165,-0.0007563,-0.00048361,-0.00061371,sell
2018-01-01,1,0,0,1,0,0,0,2,0,1,0,0,1,0,0,0,0,0,-0.00048157,-0.00067711,-0.0008089,-0.00055180,-0.00026691,sell
2018-01-02,1,0,0,1,0,1,0,2,0,1,0,0,1,0,0,0,0,0,-0.00189579,-0.00173913,-0.0017391,-0.00100776,-0.00182390,sell
2018-01-03,1,0,0,1,0,1,0,2,0,1,0,0,1,0,0,0,0,0,-0.00189579,-0.00173913,-0.0017391,-0.00100776,-0.00182390,sell
2018-01-04,1,0,0,0,0,1,0,2,0,1,0,0,1,0,1,0,0,0, 0.00113863, 0.00082051, 0.0005571, 0.00072647, 0.00091724,buy
2018-01-05,2,0,0,2,0,2,0,2,1,0,0,0,1,0,1,0,0,0, 0.00171513, 0.00135202, 0.0013520, 0.00171513, 0.00203684,buy
2018-01-06,2,0,0,2,0,2,0,1,2,0,0,0,1,0,1,0,0,0, 0.00103597, 0.00195162, 0.0019516, 0.00103597, 0.00094283,buy
2018-01-07,2,0,0,2,0,2,0,0,2,0,0,0,1,0,1,0,0,0, 0.00101960, 0.00194197, 0.0020388, 0.00132329, 0.00103911,buy
2018-01-08,2,0,0,2,0,2,0,0,2,0,0,0,1,0,1,0,0,0, 0.00101960, 0.00194197, 0.0020388, 0.00132329, 0.00103911,buy
2018-01-09,2,1,0,2,0,2,0,0,2,0,0,0,1,0,1,0,0,0, 0.00051658, 0.00150241, 0.0014158, 0.00046670, 0.00052055,buy
2018-01-10,0,1,0,2,0,2,0,0,2,0,1,0,1,0,0,0,0,0,-0.00110218,-0.00335360,-0.0028517,-0.00272193,-0.00313714,sell
2018-01-11,0,1,1,2,0,2,0,0,2,0,1,0,1,0,0,2,0,0,-0.00292508,-0.00368835,-0.0033677,-0.00397494,-0.00099996,sell
2018-01-12,0,1,1,0,0,2,0,0,2,0,1,0,1,0,0,2,0,0,-0.00283739,-0.00011754,-0.0019463,-0.00200740, 0.00042736,sell
2018-01-13,0,1,1,0,0,2,1,0,1,0,1,0,1,0,0,2,0,0,-0.00297129, 0.00303450,-0.0005204,-0.00056205,-0.00012307,sell
2018-01-14,0,0,1,0,1,2,2,0,0,0,1,0,1,0,0,2,0,0,-0.00310054,-0.00070930,-0.0027719,-0.00315676,-0.00216130,sell
2018-01-15,0,0,1,0,1,1,2,0,0,0,1,0,1,0,0,2,0,0,-0.00202934,-0.00042013,-0.0013567,-0.00150725,-0.00216855,sell
2018-01-16,0,0,1,0,1,1,2,0,0,0,1,0,1,0,0,2,0,0,-0.00202934,-0.00042013,-0.0013567,-0.00150725,-0.00216855,sell
2018-01-17,0,0,0,0,1,1,2,1,0,0,0,0,1,0,0,1,0,0,-0.00153167,-0.00311552,-0.0004647,-0.00041930,-0.00065654,sell
2018-01-18,0,0,0,0,1,0,2,1,0,0,0,1,1,0,0,0,0,0, 0.00187058,-0.00203435, 0.0022108, 0.00191951, 0.00189488,buy
2018-01-19,1,0,0,0,1,0,1,1,0,0,0,1,1,0,0,0,0,0,-0.00014204,-0.00219298, 0.0024843,-0.00038089,-0.00031189,sell
2018-01-20,1,0,0,0,1,0,1,1,0,0,0,2,1,0,0,0,0,0,-0.00161989,-0.00193434,-0.0006554,-0.00162572,-0.00152800,sell
2018-01-21,1,0,0,0,1,0,0,1,0,0,0,2,1,0,0,0,0,0,-0.00190229, 0.00044734, 0.0006761, 0.00064297, 0.00028886,buy
2018-01-22,1,0,0,0,0,0,0,1,1,0,0,2,1,0,0,0,0,0,-0.00394401,-0.00269064,-0.0035086,-0.00259925,-0.00151886,sell
2018-01-23,0,0,0,1,0,0,0,0,1,0,0,2,1,0,0,0,0,0,-0.00562640,-0.00302037,-0.0027299,-0.00155873,-0.00357372,sell
2018-01-24,0,0,0,1,0,0,0,0,1,0,0,1,1,0,0,0,0,0,-0.00562640,-0.00462206,-0.0042404,-0.00155873,-0.00482230,sell
2018-01-25,0,1,0,1,0,0,0,1,1,0,0,1,1,0,0,0,0,0,-0.00341347,-0.00453901,-0.0051092,-0.00345975,-0.00252252,sell
2018-01-26,0,1,0,1,0,0,0,1,1,0,0,1,1,0,0,1,0,0,-0.00165757,-0.00231894,-0.0038133,-0.00435843,-0.00183550,sell
2018-01-27,0,1,0,1,0,0,0,1,1,0,0,1,0,0,0,1,0,0, 0.00037573, 0.00040816,-0.0015298,-0.00423887,-0.00113856,sell
2018-01-28,0,2,0,0,0,0,1,1,0,0,0,0,0,0,0,1,0,0, 0.00163611, 0.00058856, 0.0000857, 0.00089330, 0.00258342,buy
2018-01-29,0,2,0,0,0,0,1,2,0,0,0,0,0,0,0,1,0,0,-0.00137458,-0.00063269,-0.0010694,-0.00154747, 0.00114442,sell
2018-01-30,0,2,0,0,0,0,1,2,0,0,0,0,0,0,0,1,0,0,-0.00137458,-0.00063269,-0.0010694,-0.00154747, 0.00114442,sell
2018-01-31,0,1,0,0,0,1,1,1,0,1,1,0,0,0,0,0,0,0, 0.00089703, 0.00089703, 0.0009068,-0.00000754, 0.00094083,buy
2018-02-01,0,1,0,1,0,1,1,1,0,1,1,1,0,0,0,0,0,0, 0.00227156, 0.00225115, 0.0024136, 0.00102636, 0.00241356,buy
2018-02-02,0,1,0,1,0,1,0,1,0,1,1,1,0,0,0,0,0,0, 0.00116096,-0.00012331, 0.0007331,-0.00143784, 0.00116096,buy
2018-02-03,0,1,0,1,0,1,0,1,0,1,1,1,0,0,0,0,0,0, 0.00116096,-0.00012331, 0.0007331,-0.00143784, 0.00116096,buy
2018-02-04,0,1,0,1,0,1,0,1,0,1,1,1,0,0,0,1,0,0,-0.00100868,-0.00349088,-0.0005763,-0.00100926, 0.00008756,sell
2018-02-05,0,1,0,1,0,1,0,0,0,2,1,1,0,0,0,1,0,0, 0.00164344, 0.00001168, 0.0023679, 0.00172003, 0.00165062,buy
2018-02-06,0,1,0,1,0,1,0,1,0,1,1,0,0,0,0,1,0,0,-0.00271877,-0.00248524,-0.0020438,-0.00221752,-0.00215880,sell
2018-02-07,0,1,0,1,0,0,0,1,0,1,1,0,0,0,0,1,0,0,-0.00309499,-0.00024425,-0.0002329,-0.00069118,-0.00059880,sell
2018-02-08,0,1,0,1,0,0,0,1,0,1,1,0,0,0,0,1,0,0,-0.00309499,-0.00024425,-0.0002329,-0.00069118,-0.00059880,sell
2018-02-09,0,0,0,1,0,0,0,1,0,1,1,0,0,0,0,1,0,0,-0.00350294,-0.00029805,-0.0001066,-0.00194506,-0.00258587,sell
2018-02-10,0,0,0,1,0,0,0,1,0,2,1,0,0,0,0,0,0,0,-0.00152575, 0.00051281, 0.0017325,-0.00202344,-0.00071076,sell
2018-02-11,0,0,0,1,0,0,0,0,0,2,2,0,0,0,0,1,0,0,-0.00008423, 0.00294901, 0.0022588,-0.00064418,-0.00196260,buy
2018-02-12,0,0,0,2,0,0,0,0,1,1,2,0,1,0,0,1,0,0,-0.00206101,-0.00332183,-0.0021837,-0.00176347,-0.00281379,sell
2018-02-13,0,0,0,2,0,0,0,0,1,1,1,1,1,0,0,2,0,0,-0.00351924,-0.00409212,-0.0038860,-0.00378773,-0.00428825,sell
2018-02-14,0,0,0,2,0,0,0,0,1,1,1,1,1,0,0,2,0,0,-0.00351924,-0.00409212,-0.0038860,-0.00378773,-0.00428825,sell
2018-02-15,1,0,0,1,0,0,0,0,1,0,0,1,1,0,0,2,0,0,-0.00396787,-0.00440385,-0.0001179,-0.00344490,-0.00365588,sell
2018-02-16,1,0,0,0,0,0,0,0,1,0,0,1,1,0,1,2,0,0,-0.00483050,-0.00482143,-0.0032804,-0.00493640,-0.00469673,sell
2018-02-17,1,0,0,0,0,0,0,0,1,0,0,1,1,0,1,2,0,0,-0.00483050,-0.00482143,-0.0032804,-0.00493640,-0.00469673,sell
2018-02-18,1,0,0,0,0,0,1,0,0,0,0,1,1,0,1,0,0,0, 0.00204946, 0.00131838,-0.0002805, 0.00088782, 0.00121901,buy
2018-02-19,1,0,0,0,0,0,1,0,1,0,0,0,1,0,1,0,0,0, 0.00267133, 0.00243533, 0.0018032, 0.00214362, 0.00267133,buy
2018-02-20,1,0,0,0,0,1,1,0,1,0,0,1,1,0,1,0,0,0, 0.00356309, 0.00348376, 0.0039722, 0.00258996, 0.00371838,buy
2018-02-21,1,0,0,0,0,1,1,0,2,0,0,1,1,0,1,0,0,0, 0.00357069, 0.00366103, 0.0038766, 0.00247108, 0.00386657,buy
2018-02-22,2,0,0,0,0,1,1,0,2,0,0,2,1,0,1,0,0,0, 0.00152796, 0.00120793, 0.0009581, 0.00037347, 0.00095813,buy
2018-02-23,2,0,0,0,0,1,2,0,1,0,0,2,0,0,1,0,0,0, 0.00034755, 0.00023588,-0.0019964,-0.00184229,-0.00224001,sell
2018-02-24,1,0,0,0,0,1,2,0,1,0,0,1,0,0,1,0,0,0, 0.00048320, 0.00150772,-0.0007268,-0.00135823,-0.00165806,sell
2018-02-25,1,1,0,0,0,1,2,0,1,1,0,1,0,0,1,0,0,0, 0.00163796, 0.00182816,-0.0000681, 0.00187047, 0.00158541,buy
2018-02-26,1,1,0,0,0,2,1,0,1,1,0,1,0,0,1,0,1,0, 0.00242094, 0.00262815, 0.0027073, 0.00103822, 0.00271350,buy
2018-02-27,1,2,1,0,0,2,1,0,1,2,0,1,0,0,1,0,1,0, 0.00183048, 0.00072056, 0.0011900, 0.00089648, 0.00181265,buy
2018-02-28,0,2,2,0,0,2,1,0,0,2,0,1,0,0,1,0,1,0,-0.00037273,-0.00148415,-0.0012009,-0.00120086,-0.00029585,sell
2018-03-01,0,2,2,0,0,2,1,0,0,2,0,0,0,0,1,1,1,0,-0.00175191,-0.00319177,-0.0028537,-0.00279751,-0.00201716,sell
2018-03-02,0,2,2,0,0,2,1,0,0,1,0,0,0,0,1,2,1,0,-0.00376467,-0.00438948,-0.0046050,-0.00498851,-0.00264354,sell
2018-03-03,0,0,2,0,0,1,1,0,0,0,0,0,0,0,1,2,1,0, 0.00189001, 0.00085915, 0.0018900,-0.00061658, 0.00192960,buy
2018-03-04,0,0,1,0,0,0,1,0,0,0,0,0,0,0,1,2,1,0,-0.00089174, 0.00062666, 0.0029084,-0.00137056, 0.00021249,buy
2018-03-05,0,0,0,0,0,0,1,0,0,0,0,0,0,0,0,2,1,0,-0.00230080,-0.00033329, 0.0014917,-0.00072376,-0.00074766,sell
2018-03-06,0,0,0,0,0,0,1,0,0,0,0,0,0,0,0,1,1,0,-0.00188245, 0.00114991, 0.0020813, 0.00114991, 0.00114199,buy
2018-03-07,1,1,0,0,0,0,1,0,0,0,0,0,0,0,0,0,1,0,-0.00175903,-0.00130991,-0.0002697,-0.00136007,-0.00003481,sell
2018-03-08,2,1,0,0,0,0,1,0,0,1,0,0,0,0,0,0,1,0, 0.00055827, 0.00088144, 0.0013912, 0.00128963, 0.00154488,buy
2018-03-09,2,1,0,1,0,0,0,0,0,1,0,1,0,0,0,0,1,0, 0.00480362, 0.00510403, 0.0040288, 0.00463658, 0.00527087,buy
2018-03-10,2,1,1,1,0,0,0,0,0,1,0,1,0,0,0,0,1,0, 0.00560596, 0.00423400, 0.0046581, 0.00423670, 0.00455281,buy
2018-03-11,2,1,1,2,0,0,0,0,0,1,0,2,0,0,0,0,1,0, 0.00056928, 0.00172120, 0.0017162, 0.00173257, 0.00437266,buy
2018-03-12,1,1,1,2,0,0,0,0,0,1,0,2,0,0,0,0,1,0,-0.00061257, 0.00037436, 0.0010946, 0.00176931, 0.00347559,buy
2018-03-13,1,1,1,2,0,0,0,1,0,1,0,2,0,0,0,0,1,0,-0.00217035,-0.00112359, 0.0000560,-0.00016026, 0.00223898,sell
2018-03-14,0,0,1,1,0,0,0,1,0,1,0,1,0,0,0,1,1,0,-0.00015756, 0.00077630,-0.0024342,-0.00057753,-0.00093461,sell
2018-03-15,0,0,1,1,0,0,0,1,0,0,0,1,0,0,0,1,1,0,-0.00057250, 0.00166728, 0.0001289,-0.00026470,-0.00097035,sell
2018-03-16,0,0,1,0,0,0,0,2,0,0,0,1,0,0,0,1,1,0, 0.00089303, 0.00256521, 0.0007617, 0.00016139, 0.00037115,buy
2018-03-17,0,0,0,0,0,1,0,2,0,0,0,0,0,0,0,1,1,0, 0.00028338, 0.00088183, 0.0017406, 0.00132267, 0.00065100,buy
2018-03-18,0,0,0,0,0,1,0,2,0,0,0,0,0,0,0,1,1,0, 0.00028338, 0.00088183, 0.0017406, 0.00132267, 0.00065100,buy
2018-03-19,0,0,0,0,0,1,0,2,0,0,0,0,0,0,0,1,1,0, 0.00028338, 0.00088183, 0.0017406, 0.00132267, 0.00065100,buy
2018-03-20,0,0,0,0,0,1,0,2,0,0,0,0,0,0,0,1,1,0, 0.00028338, 0.00088183, 0.0017406, 0.00132267, 0.00065100,buy
2018-03-21,0,0,0,0,0,1,0,2,0,1,0,0,0,0,0,0,1,0, 0.00174076, 0.00089290, 0.0001359, 0.00196427, 0.00101327,buy
2018-03-22,1,0,0,0,0,1,0,1,0,1,0,0,0,0,0,0,1,0,-0.00283108,-0.00361658,-0.0042113,-0.00282179,-0.00448921,sell
2018-03-23,1,0,1,0,0,1,0,1,0,1,0,0,0,0,0,0,1,0,-0.00021290, 0.00010014,-0.0026813, 0.00034681,-0.00052176,sell
2018-03-24,1,0,1,0,0,1,0,1,0,1,0,0,0,0,0,0,0,0,-0.00136502,-0.00148806,-0.0002410,-0.00068257,-0.00105847,sell
2018-03-25,1,0,1,1,0,1,0,1,0,1,0,0,0,0,1,0,0,0, 0.00168147, 0.00086850, 0.0012194, 0.00088401,-0.00095137,buy
2018-03-26,1,0,1,1,0,1,0,1,0,1,0,1,0,0,1,0,0,0, 0.00129131, 0.00103128, 0.0014544, 0.00045837,-0.00118040,buy
2018-03-27,1,0,1,1,0,1,0,1,0,0,0,1,0,0,1,0,0,0, 0.00011652, 0.00143793, 0.0024837, 0.00081973,-0.00213363,buy
2018-03-28,1,0,0,1,0,1,1,1,0,0,0,1,0,0,1,0,0,0, 0.00228280, 0.00228280, 0.0032441, 0.00004747, 0.00100020,buy
2018-03-29,0,0,0,1,0,1,1,1,0,0,0,1,0,0,1,0,0,0, 0.00323582, 0.00307157, 0.0030189,-0.00187920, 0.00315673,buy
2018-03-30,0,0,0,1,0,1,1,1,0,0,0,1,1,0,1,0,0,0, 0.00199696, 0.00198145, 0.0058106, 0.00010100, 0.00102481,buy
2018-03-31,0,0,0,1,0,1,1,1,0,0,0,1,1,0,1,0,0,0, 0.00199696, 0.00198145, 0.0058106, 0.00010100, 0.00102481,buy
2018-04-01,0,0,0,0,0,0,1,2,0,0,0,2,1,0,1,0,0,0,-0.00269436,-0.00269471,-0.0020824,-0.00067935,-0.00404718,sell
2018-04-02,0,1,0,0,0,1,1,1,0,0,0,1,1,0,0,0,0,0, 0.00089416, 0.00128160,-0.0017107,-0.00045867,-0.00128232,sell
2018-04-03,0,1,0,1,0,1,0,1,0,0,0,1,1,0,0,0,0,0,-0.00112548,-0.00131674,-0.0003139,-0.00060358,-0.00112548,sell
2018-04-04,0,1,0,1,0,1,0,1,0,0,0,1,0,0,0,0,0,0,-0.00017134,-0.00003136,-0.0005347,-0.00106966,-0.00051257,sell
2018-04-05,1,1,0,1,0,1,0,1,0,0,1,1,0,0,0,0,0,1, 0.00254880, 0.00094751, 0.0024405, 0.00244048, 0.00062993,buy
2018-04-06,1,1,0,1,1,1,0,1,0,0,1,1,0,0,0,0,0,1, 0.00261395, 0.00230187, 0.0024708, 0.00246768, 0.00152526,buy
2018-04-07,1,1,0,1,1,0,0,1,0,0,1,1,0,0,0,0,0,1, 0.00234245, 0.00275677, 0.0024276, 0.00229302, 0.00138096,buy
2018-04-08,1,0,1,1,1,0,0,1,0,1,1,1,0,0,0,0,0,1,-0.00130665,-0.00179275,-0.0016172,-0.00160062,-0.00152743,sell
2018-04-09,1,0,1,1,1,0,0,0,0,1,1,1,0,0,0,0,0,0,-0.00240358,-0.00240876,-0.0030247,-0.00160005,-0.00201679,sell
2018-04-10,1,0,1,1,1,0,0,1,0,1,1,0,0,0,0,0,0,0,-0.00159870,-0.00080476, 0.0006601,-0.00104322,-0.00150400,sell
2018-04-11,1,0,1,1,1,0,0,1,0,1,0,0,0,0,0,0,0,0,-0.00257371,-0.00125172,-0.0000428,-0.00194559,-0.00115849,sell
2018-04-12,1,0,1,1,1,0,0,1,0,1,0,0,0,0,0,0,0,0,-0.00257371,-0.00125172,-0.0000428,-0.00194559,-0.00115849,sell
2018-04-13,1,0,1,1,1,0,0,1,0,1,0,0,0,0,0,0,1,0, 0.00235065, 0.00233041, 0.0003776, 0.00294397, 0.00046315,buy
2018-04-14,1,0,1,2,1,0,0,1,0,1,0,0,0,0,1,0,1,0, 0.00106877, 0.00179782, 0.0006306, 0.00112192, 0.00106877,buy
2018-04-15,1,0,0,2,1,0,0,1,1,0,0,0,0,0,1,0,1,0, 0.00127215, 0.00011637,-0.0008696,-0.00008921,-0.00008921,sell
2018-04-16,1,0,0,2,0,0,0,0,1,0,0,0,0,0,1,0,1,0, 0.00158020, 0.00131628, 0.0010531, 0.00123888, 0.00129378,buy
2018-04-17,1,0,0,2,0,0,1,0,1,0,0,1,0,0,1,0,1,0, 0.00151474, 0.00113092, 0.0008134,-0.00044727,-0.00041614,buy
2018-04-18,1,0,0,2,0,0,1,0,1,0,0,1,0,0,1,0,1,0, 0.00151474, 0.00113092, 0.0008134,-0.00044727,-0.00041614,buy
2018-04-19,1,0,0,2,0,0,1,0,1,0,0,1,0,0,1,0,1,0, 0.00151474, 0.00113092, 0.0008134,-0.00044727,-0.00041614,buy
2018-04-20,1,0,0,2,0,0,1,0,1,0,0,1,0,0,1,0,0,0,-0.00165780, 0.00049905, 0.0019793, 0.00155807, 0.00368548,buy
2018-04-21,1,0,0,1,0,0,1,0,0,0,0,2,0,0,1,1,0,0, 0.00065964,-0.00143604, 0.0005753, 0.00208771,-0.00056529,buy
2018-04-22,1,0,0,1,0,0,1,0,0,0,0,2,0,0,1,1,0,0, 0.00065964,-0.00143604, 0.0005753, 0.00208771,-0.00056529,buy
2018-04-23,1,0,0,1,0,0,1,0,0,0,0,1,0,0,0,1,0,0, 0.00634673, 0.00700513, 0.0051604, 0.00627464, 0.00634673,buy
2018-04-24,1,0,0,1,0,0,0,0,0,0,0,1,0,0,0,1,0,0, 0.00347320, 0.00212431, 0.0031621, 0.00316215, 0.00315950,buy
2018-04-25,1,0,0,0,0,0,0,0,0,0,0,1,0,0,0,1,0,0, 0.00190618, 0.00240963, 0.0018927, 0.00196939, 0.00192302,buy
2018-04-26,1,1,0,0,0,0,0,0,0,0,1,1,0,0,0,1,0,0, 0.00037370, 0.00052787, 0.0008350, 0.00014694, 0.00193179,buy
2018-04-27,1,1,0,0,0,0,0,0,0,1,1,1,0,0,0,0,0,0, 0.00095836, 0.00077425, 0.0007578, 0.00090386, 0.00036986,buy
2018-04-28,1,1,0,0,0,1,0,0,0,1,1,1,0,0,0,0,0,0, 0.00031233, 0.00097084, 0.0014542, 0.00046924, 0.00085157,buy
2018-04-29,1,1,0,0,0,1,0,0,0,1,2,1,0,0,0,0,0,0, 0.00040754, 0.00108676, 0.0017792, 0.00051552, 0.00085157,buy
2018-04-30,1,2,0,0,0,1,0,1,0,1,2,0,0,1,0,0,0,0, 0.00007548, 0.00004797, 0.0000480,-0.00086910,-0.00101157,sell
2018-05-01,0,2,0,0,0,1,0,1,0,1,2,0,0,1,0,0,0,0, 0.00096061, 0.00091263, 0.0009954,-0.00037139,-0.00044182,buy
2018-05-02,0,2,0,0,0,1,0,1,0,1,2,0,0,1,0,0,0,0, 0.00096061, 0.00091263, 0.0009954,-0.00037139,-0.00044182,buy
2018-05-03,0,2,1,0,0,1,0,2,0,0,1,0,0,1,0,0,0,0,-0.00124011,-0.00124011,-0.0013150,-0.00166916,-0.00155375,sell
2018-05-04,0,2,1,0,0,1,0,2,0,0,1,0,0,1,1,0,0,0,-0.00240107,-0.00224067,-0.0024192,-0.00225881,-0.00191514,sell
2018-05-05,0,2,1,1,0,1,0,3,0,1,0,0,0,1,1,0,0,0,-0.00140314,-0.00133993,-0.0013107,-0.00234494,-0.00123726,sell
2018-05-06,0,1,1,1,0,1,0,2,0,1,0,0,0,1,1,0,0,0,-0.00021845, 0.00066972, 0.0000824,-0.00020097,-0.00021845,sell
2018-05-07,0,1,2,1,0,0,0,2,0,1,0,0,0,1,1,0,0,0,-0.00003872,-0.00005344, 0.0002407,-0.00044478,-0.00003872,sell
2018-05-08,0,0,1,1,0,0,0,2,1,1,0,0,0,1,1,0,0,0, 0.00076353, 0.00173862, 0.0018118, 0.00064536, 0.00069553,buy
2018-05-09,0,0,1,1,0,1,0,2,2,1,0,0,0,1,1,0,0,0, 0.00227930, 0.00267683, 0.0033979, 0.00135687, 0.00172214,buy
2018-05-10,0,0,1,1,0,1,0,1,2,0,0,0,0,1,1,0,0,0, 0.00162000, 0.00149898, 0.0021401,-0.00038001, 0.00158485,buy
2018-05-11,0,0,1,1,0,1,0,0,2,0,0,1,0,1,1,0,0,0, 0.00008035, 0.00007606, 0.0022010,-0.00089737, 0.00012392,sell
2018-05-12,0,0,1,1,0,1,1,0,2,0,0,1,0,1,1,0,0,0, 0.00004234, 0.00005218, 0.0019333,-0.00034343,-0.00001863,buy
2018-05-13,0,0,0,0,0,1,1,0,2,0,0,1,0,1,1,0,0,0,-0.00020966, 0.00055267, 0.0015823, 0.00055267,-0.00020966,buy
2018-05-14,0,0,0,0,0,1,1,0,2,0,0,1,0,1,1,0,0,0,-0.00020966, 0.00055267, 0.0015823, 0.00055267,-0.00020966,buy
2018-05-15,0,0,0,0,0,1,1,0,1,0,0,1,0,1,1,0,0,0, 0.00174466, 0.00249155, 0.0026076, 0.00239533, 0.00187623,buy
2018-05-16,0,0,0,0,0,0,1,0,0,0,0,1,0,1,1,0,0,0, 0.00199921, 0.00214208, 0.0022298, 0.00214981, 0.00214981,buy
2018-05-17,1,0,0,0,1,0,0,0,0,0,1,1,0,1,0,1,0,0, 0.00064670, 0.00063039, 0.0006035, 0.00063039, 0.00057169,buy
2018-05-18,1,0,0,1,1,0,0,0,0,0,1,0,0,1,0,2,0,0, 0.00051516, 0.00036802, 0.0000646, 0.00037901, 0.00066390,buy
2018-05-19,1,0,0,1,2,0,0,0,0,0,1,0,0,1,0,2,0,0, 0.00060768, 0.00058699, 0.0000737, 0.00045138, 0.00072321,buy
2018-05-20,1,0,0,1,2,0,0,0,0,0,1,0,0,1,0,2,0,0, 0.00060768, 0.00058699, 0.0000737, 0.00045138, 0.00072321,buy
2018-05-21,1,1,0,2,2,0,0,1,0,0,0,0,0,1,0,2,0,0,-0.00043299,-0.00001504,-0.0005005,-0.00008471,-0.00068636,sell
2018-05-22,1,1,0,2,2,0,0,1,0,0,0,0,0,1,0,2,0,0,-0.00043299,-0.00001504,-0.0005005,-0.00008471,-0.00068636,sell
2018-05-23,1,1,0,2,2,0,0,1,0,0,0,1,0,1,0,1,1,0,-0.00320965,-0.00329649,-0.0033020,-0.00336040,-0.00357699,sell
2018-05-24,0,1,0,1,2,0,0,1,1,1,0,1,0,1,0,1,1,0,-0.00393691,-0.00415326,-0.0043765,-0.00390809,-0.00400684,sell
2018-05-25,0,1,0,1,1,0,0,0,1,1,0,2,0,1,0,0,1,0,-0.00253301,-0.00193013,-0.0012112,-0.00250479,-0.00214477,sell
2018-05-26,0,0,0,0,1,0,0,0,1,1,1,2,0,1,0,0,1,0,-0.00000916, 0.00140079, 0.0024674, 0.00139399,-0.00041156,buy
2018-05-27,0,0,0,0,1,0,0,0,1,1,1,2,0,0,0,0,1,0,-0.00021597,-0.00059978, 0.0001522,-0.00012776,-0.00015397,sell
2018-05-28,0,0,0,0,1,0,0,0,0,1,1,2,0,0,0,1,1,0, 0.00104898,-0.00020919, 0.0003456, 0.00057338,-0.00033183,buy
2018-05-29,0,0,0,0,0,0,0,0,0,1,1,1,0,0,0,1,1,0,-0.00052619,-0.00169234,-0.0005011, 0.00004478,-0.00197641,sell
2018-05-30,0,0,1,0,0,0,1,0,0,1,1,0,0,0,0,1,1,0,-0.00267564,-0.00238382,-0.0031638,-0.00518528,-0.00258334,sell
2018-05-31,0,0,1,0,1,0,1,0,0,1,1,0,0,0,0,1,0,0, 0.00258286, 0.00189779, 0.0019236, 0.00223275, 0.00258945,buy
2018-06-01,0,0,1,0,1,0,1,0,0,1,2,0,0,0,0,0,0,0, 0.00256308, 0.00247343, 0.0022963, 0.00248175, 0.00282908,buy
2018-06-02,0,0,1,0,1,0,1,0,0,2,1,0,1,0,0,0,0,0, 0.00064114, 0.00103666, 0.0002280, 0.00064211, 0.00066942,buy
2018-06-03,0,1,2,0,1,0,1,0,0,2,1,0,1,0,1,0,0,0, 0.00057427, 0.00148578, 0.0000100, 0.00059879, 0.00148578,buy
2018-06-04,0,1,2,0,0,0,1,1,0,1,0,0,1,0,1,0,0,0, 0.00092047, 0.00241298, 0.0011448, 0.00374604, 0.00325630,buy
2018-06-05,0,1,2,0,0,0,0,2,0,1,0,0,1,0,2,0,0,0, 0.00070864, 0.00178395, 0.0001157, 0.00241144, 0.00220678,buy
2018-06-06,0,1,2,0,0,0,0,2,0,1,0,0,1,0,2,0,0,0, 0.00070864, 0.00178395, 0.0001157, 0.00241144, 0.00220678,buy
2018-06-07,0,2,2,0,0,1,0,2,1,1,0,0,1,0,2,0,0,0, 0.00063388, 0.00025593, 0.0016336, 0.00115546, 0.00169127,buy
2018-06-08,0,2,1,0,0,1,0,1,2,1,0,0,1,0,1,0,0,1,-0.00093594,-0.00080624,-0.0010210,-0.00090222,-0.00089659,sell
2018-06-09,0,2,0,0,0,1,0,1,2,1,0,0,1,0,1,0,0,1,-0.00262218,-0.00276720,-0.0014854,-0.00237748,-0.00185174,sell
2018-06-10,0,2,0,0,0,2,0,1,1,0,0,0,0,0,1,0,0,1, 0.00230578, 0.00189928, 0.0021856, 0.00205588, 0.00230578,buy
2018-06-11,0,2,0,1,0,1,0,0,1,0,0,0,0,0,0,0,0,1,-0.00049216,-0.00055397,-0.0003288,-0.00101924,-0.00037870,sell
2018-06-12,0,1,0,1,0,1,0,1,1,0,0,0,0,0,0,2,0,1, 0.00264550, 0.00350951, 0.0004902, 0.00211523, 0.00017838,buy
2018-06-13,0,1,0,1,0,1,0,1,1,0,0,0,0,0,0,2,0,1, 0.00264550, 0.00350951, 0.0004902, 0.00211523, 0.00017838,buy
2018-06-14,0,1,0,0,0,1,0,1,1,0,0,1,0,0,0,2,0,1, 0.00122054, 0.00383215, 0.0007962, 0.00031068,-0.00045670,buy
2018-06-15,0,1,0,0,1,1,0,1,0,0,0,1,0,0,0,1,0,0,-0.00051838, 0.00061406, 0.0006517,-0.00476771, 0.00206042,buy
2018-06-16,1,1,0,0,1,1,0,1,0,0,0,1,0,0,0,1,0,0,-0.00049215, 0.00006893, 0.0004249,-0.00068936, 0.00148698,sell
2018-06-17,1,1,0,1,1,1,0,1,0,0,1,1,0,0,0,1,0,0, 0.00077639,-0.00097516,-0.0001015, 0.00000915,-0.00032800,sell
2018-06-18,1,1,1,1,1,2,0,0,0,0,1,1,0,0,0,0,0,0,-0.00217324,-0.00304926,-0.0011502,-0.00280216,-0.00297438,sell
2018-06-19,1,1,1,1,0,1,1,0,0,0,1,0,0,0,0,0,0,0,-0.00229717,-0.00084716,-0.0008472,-0.00266000, 0.00157764,sell
2018-06-20,1,1,1,1,0,1,1,0,0,0,1,0,0,0,0,1,0,0,-0.00165031,-0.00011822,-0.0001270,-0.00165031, 0.00115850,sell
2018-06-21,0,1,1,1,0,1,1,0,0,1,1,0,0,0,0,1,0,0, 0.00177609, 0.00143212, 0.0024799, 0.00228801, 0.00143212,buy
2018-06-22,0,0,0,1,0,1,1,0,0,1,0,0,0,0,0,1,0,0,-0.00106407,-0.00169482,-0.0018576,-0.00096231,-0.00137515,sell
2018-06-23,0,0,0,2,0,1,0,0,0,1,0,1,0,0,0,1,0,0,-0.00068608,-0.00046752, 0.0000414, 0.00089467,-0.00009402,sell
2018-06-24,0,0,0,1,0,1,0,0,0,1,0,1,0,0,0,1,0,0,-0.00063895,-0.00032070, 0.0003092, 0.00054815,-0.00018644,sell
2018-06-25,0,0,0,1,0,1,1,0,0,1,0,1,0,0,0,1,0,0,-0.00176644,-0.00177918,-0.0019070,-0.00195245,-0.00326859,sell
2018-06-26,0,1,0,1,0,0,1,0,0,0,0,1,0,0,0,1,0,0, 0.00145542, 0.00169612,-0.0011765, 0.00075474,-0.00139534,buy
2018-06-27,0,1,0,1,1,0,1,0,0,0,0,1,0,0,0,0,0,0, 0.00173689, 0.00112137, 0.0011214, 0.00131401, 0.00101257,buy
2018-06-28,0,1,0,1,1,0,1,1,1,0,0,1,0,0,0,1,0,0,-0.00043045,-0.00061175, 0.0000991,-0.00212066,-0.00037956,sell
2018-06-29,0,1,0,0,1,0,1,1,1,0,0,2,0,0,0,1,0,0, 0.00105118, 0.00243057, 0.0017813, 0.00183001, 0.00181943,buy
2018-06-30,0,1,0,0,1,0,1,1,1,0,0,2,0,0,0,1,0,0, 0.00105118, 0.00243057, 0.0017813, 0.00183001, 0.00181943,buy
2018-07-01,0,1,0,0,1,0,0,1,1,0,1,2,0,0,0,1,0,0, 0.00095793, 0.00094083, 0.0016429, 0.00110315, 0.00074011,buy
2018-07-02,0,1,1,0,1,1,0,1,1,0,1,1,0,0,0,1,0,0, 0.00309267, 0.00169584, 0.0029616, 0.00231331, 0.00267575,buy
2018-07-03,0,0,1,0,1,1,0,0,1,0,1,1,0,0,0,0,0,0,-0.00286935,-0.00584212,-0.0031495,-0.00338743,-0.00325807,sell
2018-07-04,0,0,1,0,0,1,0,0,1,0,1,1,0,0,0,0,0,0,-0.00503962,-0.00578367,-0.0047906,-0.00485938,-0.00478712,sell
2018-07-05,0,0,1,0,0,1,1,0,0,0,1,0,0,0,0,0,0,0, 0.00127085, 0.00120976, 0.0013702, 0.00125125, 0.00097540,buy
2018-07-06,0,0,1,1,0,1,1,0,0,0,0,0,0,0,0,0,0,0, 0.00134319, 0.00163003, 0.0005681, 0.00107247, 0.00112625,buy
2018-07-07,0,0,1,1,0,1,1,0,0,0,0,0,0,0,0,0,0,0, 0.00134319, 0.00163003, 0.0005681, 0.00107247, 0.00112625,buy
2018-07-08,1,0,1,1,0,1,1,0,0,1,0,0,0,0,0,0,0,0, 0.00252992, 0.00413761, 0.0034539, 0.00251825, 0.00319850,buy
2018-07-09,1,0,0,1,0,0,2,0,0,1,0,0,1,0,1,0,0,0, 0.00176332, 0.00254767, 0.0031139, 0.00085924, 0.00095936,buy
2018-07-10,1,0,0,1,0,0,2,0,0,1,0,0,1,0,1,0,0,0, 0.00176332, 0.00254767, 0.0031139, 0.00085924, 0.00095936,buy
2018-07-11,2,0,0,1,0,0,2,0,0,2,1,0,1,0,1,0,0,0, 0.00321651, 0.00502371, 0.0019904, 0.00026300, 0.00045741,buy
2018-07-12,2,0,0,1,0,0,1,0,0,2,1,1,1,0,1,0,0,0, 0.00502033, 0.00510097, 0.0018632, 0.00049360, 0.00076795,buy
2018-07-13,2,0,0,0,0,0,1,0,1,2,1,1,1,0,1,0,0,0, 0.00382202, 0.00367154, 0.0012811,-0.00103713,-0.00106310,buy
2018-07-14,2,0,0,0,1,0,1,0,1,2,1,1,1,0,1,0,0,0, 0.00397564, 0.00250457, 0.0017787,-0.00114331,-0.00066880,buy
2018-07-15,2,0,0,0,1,0,1,0,1,2,1,1,1,0,0,0,0,0, 0.00279624, 0.00062669, 0.0017115,-0.00157712,-0.00072461,buy
2018-07-16,2,0,0,0,1,0,0,0,1,2,1,1,1,0,0,0,0,0, 0.00320076, 0.00116042, 0.0027507, 0.00082138, 0.00061253,buy
2018-07-17,2,0,0,0,1,0,0,0,1,1,0,1,1,0,0,0,0,0, 0.00006227, 0.00022218, 0.0013506, 0.00139846, 0.00005596,buy
2018-07-18,2,0,0,0,1,0,0,0,1,0,0,1,1,0,0,0,0,0,-0.00028923,-0.00007137, 0.0013925, 0.00196530,-0.00023858,buy
2018-07-19,2,0,0,1,0,0,0,0,1,0,0,1,1,0,0,0,0,0,-0.00195422,-0.00108694,-0.0009564,-0.00109512,-0.00117413,sell
2018-07-20,1,0,0,1,0,0,0,0,1,0,0,1,1,0,0,0,0,0,-0.00459272,-0.00402124,-0.0043442,-0.00241289,-0.00431151,sell
2018-07-21,1,0,0,1,0,0,0,2,1,0,0,0,1,0,0,0,0,0,-0.00340212,-0.00185452,-0.0016573,-0.00107369,-0.00190193,sell
2018-07-22,1,0,0,1,0,0,0,2,1,0,0,0,1,0,0,1,0,0, 0.00098666,-0.00171652,-0.0005565,-0.00078389,-0.00041416,sell
2018-07-23,0,0,0,1,0,1,0,2,0,0,1,0,1,0,0,2,0,0, 0.00077680,-0.00362608,-0.0015138,-0.00370752,-0.00343714,sell
2018-07-24,0,0,0,1,0,1,0,2,0,0,1,0,1,0,0,2,0,0, 0.00077680,-0.00362608,-0.0015138,-0.00370752,-0.00343714,sell
2018-07-25,0,0,0,1,0,2,0,2,1,0,1,0,1,0,0,2,0,0,-0.00028801,-0.00116029,-0.0012270,-0.00161615,-0.00114533,sell
2018-07-26,0,0,0,0,0,2,0,2,1,0,1,0,1,0,0,2,0,0, 0.00043080,-0.00120268,-0.0012508,-0.00200122,-0.00223782,sell
2018-07-27,0,0,0,0,0,2,0,2,1,0,1,0,1,0,0,2,0,0, 0.00043080,-0.00120268,-0.0012508,-0.00200122,-0.00223782,sell
2018-07-28,0,0,0,0,0,2,0,1,1,0,1,0,1,0,0,2,0,1, 0.00045570, 0.00021611,-0.0005703,-0.00222945, 0.00162877,sell
2018-07-29,0,0,0,0,0,2,0,0,1,0,1,0,1,0,0,0,0,1,-0.00136578,-0.00139789,-0.0008141,-0.00105820, 0.00169920,sell
2018-07-30,0,0,0,0,0,1,0,0,2,0,0,0,1,0,0,0,0,1,-0.00121145,-0.00063771, 0.0015650,-0.00121145, 0.00115764,sell
2018-07-31,0,0,0,0,0,0,0,0,1,0,0,0,1,0,0,0,0,1, 0.00211328, 0.00077444, 0.0017439, 0.00130003, 0.00108987,buy
2018-08-01,0,0,0,0,0,0,0,0,1,0,0,0,1,0,0,0,0,1, 0.00211328, 0.00077444, 0.0017439, 0.00130003, 0.00108987,buy
2018-08-02,0,0,0,0,0,0,0,0,1,0,0,1,1,0,0,0,0,0,-0.00181597,-0.00133953,-0.0012032, 0.00017372,-0.00336102,sell
2018-08-03,0,0,1,1,0,0,0,0,1,0,0,1,1,0,0,0,0,0,-0.00543902,-0.00493138,-0.0053635,-0.00346709,-0.00459788,sell
2018-08-04,0,0,1,1,0,0,0,0,1,0,0,1,1,0,0,0,0,0,-0.00543902,-0.00493138,-0.0053635,-0.00346709,-0.00459788,sell
2018-08-05,0,2,1,1,1,0,2,0,1,0,0,1,1,0,0,0,0,0, 0.00023100, 0.00075797, 0.0006941, 0.00041143, 0.00160684,buy
2018-08-06,0,2,1,1,1,0,2,0,1,0,0,1,2,0,1,0,0,0,-0.00060256,-0.00251550,-0.0004531,-0.00061398,-0.00031903,sell
2018-08-07,0,2,1,2,1,0,2,0,1,0,0,3,2,0,1,0,1,0,-0.00086890,-0.00074746,-0.0007475,-0.00039247,-0.00107935,sell
2018-08-08,0,2,1,2,1,0,2,0,1,0,0,3,2,0,1,0,1,0,-0.00086890,-0.00074746,-0.0007475,-0.00039247,-0.00107935,sell
2018-08-09,0,2,1,2,1,0,2,0,2,0,0,3,2,0,1,0,1,0,-0.00141969,-0.00134544,-0.0013454,-0.00031618,-0.00134037,sell
2018-08-10,0,2,0,2,1,0,2,0,1,0,0,3,2,0,1,0,1,0,-0.00075672,-0.00037268,-0.0003775,-0.00015259,-0.00065881,sell
2018-08-11,0,1,0,1,0,0,2,0,1,0,0,2,2,0,1,0,0,0,-0.00293534,-0.00318243,-0.0029353,-0.00189986,-0.00274084,sell
2018-08-12,0,1,0,1,0,0,1,0,1,0,0,2,1,0,1,0,0,0,-0.00314456,-0.00422332,-0.0034668,-0.00215140,-0.00339084,sell
2018-08-13,0,1,0,1,0,0,1,0,1,0,0,1,1,0,0,0,0,0,-0.00079293,-0.00183845,-0.0007929,-0.00048810, 0.00121756,sell
2018-08-14,0,1,0,1,0,0,1,0,1,0,0,0,1,0,0,0,0,0, 0.00047853, 0.00111834, 0.0007792, 0.00150760, 0.00182799,buy
2018-08-15,0,1,0,1,0,0,0,0,1,0,0,0,1,0,0,0,0,0,-0.00053533,-0.00175921,-0.0033097, 0.00040903,-0.00117060,sell
2018-08-16,0,1,0,0,0,0,0,0,0,0,0,0,1,0,0,0,0,1,-0.00024424,-0.00122098, 0.0020151,-0.00024292, 0.00240580,buy
2018-08-17,0,0,0,0,0,0,0,0,0,0,0,0,1,0,0,0,0,1, 0.00089669,-0.00011290, 0.0020661, 0.00009268, 0.00178539,buy
2018-08-18,0,0,0,0,0,0,0,0,0,0,0,0,1,0,0,0,0,1, 0.00089669,-0.00011290, 0.0020661, 0.00009268, 0.00178539,buy
2018-08-19,0,0,0,1,1,0,1,0,0,0,0,0,1,0,0,0,0,1,-0.00186242, 0.00077401,-0.0004894,-0.00055492,-0.00179187,sell
2018-08-20,0,0,0,1,1,0,1,0,0,0,0,0,1,0,0,0,0,1,-0.00186242, 0.00077401,-0.0004894,-0.00055492,-0.00179187,sell
2018-08-21,0,0,0,1,1,0,1,0,0,0,0,0,1,0,0,0,0,1,-0.00186242, 0.00077401,-0.0004894,-0.00055492,-0.00179187,sell
2018-08-22,0,0,0,1,1,0,1,0,0,0,1,0,1,0,1,0,0,1,-0.00024605, 0.00098238, 0.0005872, 0.00055821,-0.00230066,buy
2018-08-23,0,0,0,1,1,0,2,0,0,1,1,0,1,0,1,0,0,0, 0.00399166, 0.00384118, 0.0037770, 0.00183275, 0.00357035,buy
2018-08-24,0,0,0,2,1,0,2,0,0,2,1,0,1,0,1,0,0,0, 0.00226010, 0.00196754, 0.0018298,-0.00005492, 0.00182976,buy
2018-08-25,0,0,0,2,0,0,2,0,0,2,1,0,1,0,1,0,0,0, 0.00132532, 0.00097193, 0.0009719,-0.00164447, 0.00097145,buy
2018-08-26,0,0,0,2,0,0,2,0,0,2,1,1,1,0,1,0,0,0,-0.00090063,-0.00149070,-0.0014907,-0.00238984,-0.00137869,sell
2018-08-27,0,0,0,2,0,0,1,0,1,2,1,1,1,0,1,0,0,0,-0.00164586,-0.00207753,-0.0020775,-0.00278233,-0.00264587,sell
2018-08-28,0,0,0,1,0,0,1,0,1,2,1,1,1,0,1,0,0,0,-0.00205345,-0.00248237,-0.0017321,-0.00325692,-0.00349159,sell
2018-08-29,0,0,0,1,0,0,1,0,1,2,0,1,1,0,0,0,0,0, 0.00054995, 0.00051577, 0.0005500, 0.00222980, 0.00241604,buy
2018-08-30,0,0,0,1,0,0,0,0,1,2,0,1,1,0,0,0,0,1, 0.00436746, 0.00331839, 0.0044840, 0.00300310, 0.00319943,buy
2018-08-31,0,0,0,0,0,0,0,0,1,0,0,1,1,0,0,0,0,1, 0.00057848,-0.00050316, 0.0047005, 0.00224758,-0.00075981,buy
2018-09-01,0,0,0,0,0,0,0,0,1,0,0,0,1,0,0,0,0,1, 0.00211328, 0.00077444, 0.0017439, 0.00130003, 0.00108987,buy
2018-09-02,0,0,0,0,0,0,0,0,0,0,0,0,1,0,0,0,0,1, 0.00089669,-0.00011290, 0.0020661, 0.00009268, 0.00178539,buy
2018-09-03,0,1,0,0,1,1,0,1,0,0,0,0,1,0,0,0,0,1, 0.00020238, 0.00014281, 0.0009070, 0.00019651, 0.00091502,buy
2018-09-04,0,2,0,0,1,2,0,1,0,0,0,0,1,0,0,0,0,1, 0.00151407, 0.00095052, 0.0014104, 0.00019622, 0.00164181,buy
2018-09-05,0,2,0,0,1,2,0,2,0,0,1,0,1,0,1,0,0,1, 0.00175022, 0.00069068, 0.0014672, 0.00143911, 0.00134022,buy
2018-09-06,0,2,0,0,1,2,0,2,0,1,1,0,1,0,1,2,0,1,-0.00188242,-0.00240733,-0.0015619,-0.00157760,-0.00159990,sell
2018-09-07,0,2,0,1,1,2,0,2,0,1,1,0,1,0,1,2,0,0,-0.00205689,-0.00249601,-0.0023723,-0.00120132,-0.00174710,sell
2018-09-08,0,2,0,1,0,2,0,2,1,1,1,1,1,0,1,2,0,0,-0.00140534,-0.00139169,-0.0019685,-0.00159005,-0.00134803,sell
2018-09-09,0,1,0,1,0,2,0,2,1,1,1,1,1,0,0,2,0,0, 0.00156339, 0.00141994, 0.0005234, 0.00117563, 0.00113869,buy
2018-09-10,0,1,0,1,0,2,0,2,1,0,0,1,1,0,0,2,0,0, 0.00160723, 0.00059719, 0.0005143, 0.00056522, 0.00108738,buy
2018-09-11,0,1,0,1,0,1,0,2,1,0,0,1,1,0,0,2,0,0, 0.00197853, 0.00124787, 0.0005116, 0.00026373, 0.00183127,buy
2018-09-12,0,1,0,1,0,2,0,2,1,0,0,1,1,0,0,2,0,0, 0.00160723, 0.00059719, 0.0005143, 0.00056522, 0.00108738,buy
2018-09-13,0,1,0,1,0,2,0,2,1,0,0,1,1,0,0,2,0,0, 0.00160723, 0.00059719, 0.0005143, 0.00056522, 0.00108738,buy
2018-09-14,0,1,0,2,0,2,0,1,2,0,0,1,0,0,0,2,1,0, 0.00411967, 0.00321596, 0.0029032, 0.00449804, 0.00346593,buy
2018-09-15,0,1,0,2,0,2,0,1,1,0,0,1,0,0,0,2,1,0, 0.00416207, 0.00335174, 0.0030595, 0.00526878, 0.00349991,buy
2018-09-16,0,1,0,1,0,1,0,1,1,0,0,1,1,0,0,2,1,0, 0.00023909,-0.00102145,-0.0002361, 0.00066070,-0.00105257,buy
2018-09-17,0,1,0,1,0,0,0,0,1,0,0,1,1,0,0,1,1,0,-0.00095987,-0.00245345,-0.0003306,-0.00094398,-0.00140650,sell
2018-09-18,0,1,0,1,0,0,0,0,0,0,0,1,1,0,0,1,1,0,-0.00029676, 0.00022225,-0.0003281, 0.00040924,-0.00103816,sell
2018-09-19,0,1,0,0,0,0,0,0,0,0,0,0,1,0,0,0,0,0, 0.00370568, 0.00354609, 0.0012201, 0.00221201, 0.00240027,buy
2018-09-20,0,1,0,0,0,0,0,0,0,0,0,0,1,0,0,0,0,0, 0.00370568, 0.00354609, 0.0012201, 0.00221201, 0.00240027,buy
2018-09-21,0,1,0,0,0,0,0,0,0,0,0,0,1,0,2,0,0,0, 0.00114058, 0.00027607, 0.0013751, 0.00018769, 0.00130566,buy
2018-09-22,0,1,0,0,1,0,0,0,0,0,0,2,1,0,2,0,0,0,-0.00000575,-0.00000575, 0.0004855, 0.00114111, 0.00006363,buy
2018-09-23,0,1,1,0,2,0,0,0,0,0,0,2,1,0,2,0,0,0, 0.00203270, 0.00034207, 0.0005630, 0.00056305, 0.00032268,buy
2018-09-24,1,1,1,0,2,0,0,0,0,0,0,2,1,0,2,0,0,0, 0.00126251,-0.00115236, 0.0018805, 0.00151706, 0.00100753,buy
2018-09-25,1,1,1,0,2,0,0,0,0,0,0,2,1,0,1,0,0,1, 0.00066946, 0.00030068,-0.0003690, 0.00028422, 0.00040286,buy
2018-09-26,1,1,2,0,2,0,0,0,0,0,0,1,1,0,1,0,0,1, 0.00069654,-0.00010606, 0.0004678, 0.00042577, 0.00042516,buy
2018-09-27,1,1,2,0,1,0,0,0,0,0,0,1,0,0,1,0,0,1,-0.00015600, 0.00100120,-0.0000250, 0.00024137, 0.00023299,buy
2018-09-28,1,1,1,0,1,0,1,0,0,0,0,1,0,0,0,0,0,1, 0.00077336, 0.00187318, 0.0010777, 0.00140254, 0.00098835,buy
2018-09-29,2,1,1,0,1,0,1,0,0,0,0,1,0,0,0,0,0,1, 0.00067514, 0.00148281, 0.0014418, 0.00121784, 0.00141881,buy
2018-09-30,2,1,1,0,1,0,1,0,0,0,0,0,0,1,0,0,0,0, 0.00093644, 0.00069285, 0.0004390,-0.00031068, 0.00109482,buy
2018-10-01,1,1,1,0,1,0,1,0,0,1,0,0,0,1,0,0,0,0, 0.00153515, 0.00153515, 0.0012729, 0.00002148, 0.00160544,buy
2018-10-02,1,1,1,0,1,0,1,0,0,1,0,0,0,1,0,0,0,0, 0.00153515, 0.00153515, 0.0012729, 0.00002148, 0.00160544,buy
2018-10-03,1,1,1,1,1,0,0,0,0,1,0,0,0,1,0,0,0,0, 0.00088368, 0.00105397, 0.0029194, 0.00082791, 0.00173663,buy
2018-10-04,1,1,0,1,0,0,1,0,0,1,0,0,0,1,0,0,0,0,-0.00043963,-0.00032822,-0.0001099,-0.00061857, 0.00181936,sell
2018-10-05,1,1,0,1,0,1,1,0,0,0,0,0,0,1,0,0,0,0,-0.00048138, 0.00177358, 0.0014211,-0.00141628, 0.00194554,buy
2018-10-06,1,1,0,1,0,1,1,0,0,0,0,0,0,1,0,0,0,0,-0.00048138, 0.00177358, 0.0014211,-0.00141628, 0.00194554,buy
2018-10-07,1,0,0,1,0,1,1,1,0,0,0,0,0,1,0,0,0,0,-0.00131996, 0.00038419, 0.0001494,-0.00200172, 0.00023883,sell
2018-10-08,1,0,0,0,0,1,1,1,0,0,0,0,0,0,0,1,0,0,-0.00099216,-0.00081524,-0.0003602,-0.00105006,-0.00041937,sell
2018-10-09,1,0,0,0,0,1,1,1,0,1,0,0,0,0,0,1,0,0,-0.00077305,-0.00127973,-0.0005750,-0.00127973,-0.00127973,sell
2018-10-10,1,0,0,0,0,1,1,1,0,1,0,1,0,0,0,1,0,0,-0.00095437,-0.00152849,-0.0002859,-0.00146320,-0.00148339,sell
2018-10-11,1,0,0,0,0,1,0,1,0,1,0,1,0,0,0,1,0,0,-0.00006922,-0.00286562,-0.0001005,-0.00334200,-0.00261965,sell
2018-10-12,1,0,0,0,0,1,0,0,0,1,0,1,0,0,0,1,0,0, 0.00056594,-0.00116577, 0.0009549,-0.00150988,-0.00233289,sell
2018-10-13,1,0,0,0,0,1,0,0,0,1,0,1,0,0,0,1,1,0,-0.00327973,-0.00441482,-0.0014787,-0.00329606,-0.00214008,sell
2018-10-14,1,0,0,0,0,1,0,0,0,1,0,1,0,0,0,0,1,0,-0.00170459,-0.00170459,-0.0023065,-0.00067460, 0.00060581,sell
2018-10-15,0,0,0,1,0,1,0,0,0,1,0,0,0,0,0,0,1,0,-0.00067964,-0.00074349,-0.0012519, 0.00044676,-0.00091670,sell
2018-10-16,0,0,0,1,0,1,0,0,0,0,0,0,0,0,0,0,1,0,-0.00019674,-0.00030697, 0.0001723,-0.00033423,-0.00044013,sell
2018-10-17,0,0,0,1,0,1,1,0,0,0,0,0,0,0,0,0,1,0, 0.00090214, 0.00125086, 0.0012327, 0.00128200, 0.00125086,buy
2018-10-18,0,0,0,1,0,1,1,0,0,0,0,0,0,0,0,0,0,0, 0.00081209, 0.00039679, 0.0008646, 0.00087307, 0.00136716,buy
2018-10-19,0,0,0,1,0,1,1,1,0,0,0,1,0,0,0,0,0,0, 0.00177218, 0.00177218, 0.0014821,-0.00144059, 0.00191674,buy
2018-10-20,0,0,0,1,0,1,1,1,0,1,1,1,0,0,0,1,0,0, 0.00110276, 0.00083909, 0.0013948,-0.00105424, 0.00168052,buy
2018-10-21,0,1,0,1,0,1,1,1,0,1,1,1,0,0,0,1,0,0, 0.00144001, 0.00048413, 0.0006972,-0.00108207, 0.00129547,buy
2018-10-22,0,1,0,1,0,1,0,1,0,1,1,1,0,0,0,1,0,0,-0.00100868,-0.00349088,-0.0005763,-0.00100926, 0.00008756,sell
2018-10-23,0,1,0,0,0,1,0,1,0,1,1,1,0,0,0,1,0,0,-0.00050779,-0.00324538,-0.0008558,-0.00129530,-0.00032774,sell
2018-10-24,0,1,0,0,0,0,0,1,0,1,1,2,1,0,0,2,0,0,-0.00155582,-0.00175539,-0.0015858,-0.00111188,-0.00211020,sell
2018-10-25,0,1,1,0,0,0,0,1,0,0,1,2,1,0,0,2,0,0,-0.00044115, 0.00118513,-0.0005696,-0.00044115, 0.00059744,sell
2018-10-26,0,1,1,0,0,0,0,0,0,0,0,2,1,0,0,2,0,0,-0.00188181,-0.00213283,-0.0031182,-0.00168389,-0.00324606,sell
2018-10-27,0,1,1,0,0,0,0,0,0,0,0,2,1,0,0,2,0,0,-0.00188181,-0.00213283,-0.0031182,-0.00168389,-0.00324606,sell
2018-10-28,0,1,1,0,0,0,0,1,0,0,0,2,1,0,0,1,0,0,-0.00179268,-0.00233434,-0.0038795,-0.00312488,-0.00306434,sell
2018-10-29,0,0,1,0,0,0,0,1,0,0,0,1,1,0,1,1,0,1, 0.00102389, 0.00102389, 0.0003267, 0.00129109,-0.00093454,buy
2018-10-30,0,0,1,1,0,0,0,1,0,0,0,1,0,0,1,1,0,1, 0.00295496, 0.00260599, 0.0019331, 0.00285013, 0.00064976,buy
2018-10-31,0,0,1,1,0,0,0,1,0,0,0,1,0,0,1,1,0,1, 0.00295496, 0.00260599, 0.0019331, 0.00285013, 0.00064976,buy
2018-11-01,1,0,1,1,0,0,0,1,1,0,0,1,0,0,1,1,0,1,-0.00003930,-0.00089864,-0.0008667, 0.00040112,-0.00096047,sell
2018-11-02,1,0,1,1,0,0,0,1,1,0,0,1,0,0,1,1,0,1,-0.00003930,-0.00089864,-0.0008667, 0.00040112,-0.00096047,sell
2018-11-03,1,0,0,1,0,0,1,1,1,0,0,1,0,0,0,1,0,0, 0.00385872, 0.00382203, 0.0036641, 0.00398315, 0.00385872,buy
2018-11-04,1,0,0,1,0,0,1,1,1,0,0,1,0,0,0,1,0,0, 0.00385872, 0.00382203, 0.0036641, 0.00398315, 0.00385872,buy
2018-11-05,1,0,0,1,0,0,1,1,1,0,0,1,0,0,0,1,0,0, 0.00385872, 0.00382203, 0.0036641, 0.00398315, 0.00385872,buy
2018-11-06,1,0,0,1,1,0,1,1,1,0,0,1,0,0,0,1,0,0, 0.00062427, 0.00139453, 0.0008075, 0.00127831, 0.00109673,buy
2018-11-07,1,0,0,1,1,0,1,1,0,0,0,1,0,0,0,1,0,0, 0.00150646, 0.00135111, 0.0014686, 0.00146862, 0.00146862,buy
2018-11-08,1,0,0,0,1,0,1,1,0,1,0,0,0,0,0,1,1,0,-0.00123811, 0.00106992, 0.0006819, 0.00125736, 0.00078407,buy
2018-11-09,1,0,0,0,1,0,1,1,0,1,0,0,0,0,0,1,1,0,-0.00123811, 0.00106992, 0.0006819, 0.00125736, 0.00078407,buy
2018-11-10,1,0,0,0,1,0,0,2,0,1,1,0,0,0,0,1,1,0,-0.00044740, 0.00004478,-0.0001290, 0.00037346, 0.00070548,sell
2018-11-11,1,0,0,0,1,0,0,2,0,1,1,0,0,0,0,1,1,0,-0.00044740, 0.00004478,-0.0001290, 0.00037346, 0.00070548,sell
2018-11-12,0,0,0,0,1,0,0,1,0,1,1,0,0,0,0,1,1,0,-0.00028971,-0.00048985,-0.0000748, 0.00013966,-0.00085618,sell
2018-11-13,0,0,0,0,1,0,0,1,0,1,1,0,0,0,0,1,1,0,-0.00028971,-0.00048985,-0.0000748, 0.00013966,-0.00085618,sell
2018-11-14,0,0,0,0,0,0,0,1,0,1,1,0,0,1,0,1,1,0,-0.00218074,-0.00148557,-0.0022992,-0.00223687,-0.00238324,sell
2018-11-15,0,0,0,0,0,0,0,1,0,0,1,0,0,1,0,1,1,0,-0.00214410,-0.00211565,-0.0027811,-0.00279070,-0.00280605,sell
2018-11-16,0,0,0,0,0,0,0,1,0,0,1,0,0,1,0,1,0,0, 0.00209746, 0.00215934, 0.0017177,-0.00017718, 0.00241917,buy
2018-11-17,0,0,0,0,0,0,0,1,0,0,0,0,0,1,0,1,0,0, 0.00111331, 0.00086764, 0.0010200, 0.00215525, 0.00099767,buy
2018-11-18,0,0,0,0,0,0,0,1,0,0,0,0,0,1,1,1,1,0,-0.00286475,-0.00138095,-0.0032479,-0.00324790,-0.00324790,sell
2018-11-19,0,0,0,0,0,0,0,1,0,0,0,0,0,1,1,1,1,0,-0.00286475,-0.00138095,-0.0032479,-0.00324790,-0.00324790,sell
2018-11-20,0,0,0,0,0,0,0,1,0,0,0,0,0,1,1,2,1,0,-0.00224454,-0.00041133,-0.0023559,-0.00243847,-0.00243847,sell
2018-11-21,0,0,1,0,0,0,0,2,0,0,0,0,0,1,1,2,1,0,-0.00038823, 0.00049797,-0.0004016,-0.00026386,-0.00057037,sell
2018-11-22,0,0,1,0,0,0,0,2,0,0,0,0,0,0,1,2,1,0, 0.00116392, 0.00136249, 0.0014535, 0.00142241, 0.00089687,buy
2018-11-23,0,0,1,0,0,0,0,1,1,0,0,1,0,0,1,1,1,0, 0.00009919, 0.00098239, 0.0001703, 0.00070179,-0.00023784,buy
2018-11-24,0,1,1,0,0,1,0,1,1,0,0,1,0,0,1,1,1,0,-0.00040509,-0.00007991,-0.0012444, 0.00028965,-0.00005503,sell
2018-11-25,0,2,2,0,0,2,0,1,2,0,0,1,1,0,0,1,0,0, 0.00036237, 0.00164203, 0.0021356,-0.00117476,-0.00022849,buy
2018-11-26,0,2,2,0,0,2,0,1,2,0,0,2,1,0,0,1,0,0, 0.00061737, 0.00139824, 0.0015831,-0.00141606,-0.00058726,buy
2018-11-27,0,2,2,0,0,2,0,1,2,0,0,2,1,0,0,1,0,0, 0.00061737, 0.00139824, 0.0015831,-0.00141606,-0.00058726,buy
2018-11-28,0,2,2,0,0,1,0,1,2,0,0,1,1,0,0,1,0,0, 0.00023464, 0.00180834, 0.0015987,-0.00116647,-0.00000313,buy
2018-11-29,0,1,2,0,0,1,0,1,2,0,0,1,1,0,1,1,0,0,-0.00164138, 0.00004535,-0.0001717,-0.00196929,-0.00102344,sell
2018-11-30,0,1,2,0,0,1,0,1,1,0,0,1,0,0,1,1,0,1, 0.00190821, 0.00112639, 0.0008504, 0.00053220, 0.00118240,buy
2018-12-01,0,1,1,0,0,1,0,1,0,0,0,1,0,0,1,1,0,1, 0.00349550, 0.00288567, 0.0035237, 0.00192505, 0.00211480,buy
2018-12-02,0,1,0,0,0,1,0,2,0,0,0,1,0,0,1,1,0,1, 0.00024585, 0.00082063, 0.0013916,-0.00001597, 0.00033505,buy
2018-12-03,0,1,0,0,0,1,0,2,0,0,0,1,0,0,1,2,0,1,-0.00173263,-0.00045586,-0.0005868,-0.00124477,-0.00173263,sell
2018-12-04,0,1,0,0,0,1,0,2,0,0,0,0,0,0,1,2,0,1,-0.00088334,-0.00052495,-0.0005955,-0.00125885,-0.00136077,sell
2018-12-05,0,1,0,0,0,1,0,2,0,0,0,0,0,0,1,2,0,0,-0.00261298,-0.00235077,-0.0022804,-0.00215253,-0.00244909,sell
2018-12-06,0,0,0,0,0,1,0,1,0,0,0,0,1,0,1,2,0,0,-0.00049160,-0.00097174,-0.0006654,-0.00028528,-0.00015695,sell
2018-12-07,0,0,0,0,0,1,0,1,0,0,0,0,1,0,1,2,0,0,-0.00049160,-0.00097174,-0.0006654,-0.00028528,-0.00015695,sell
2018-12-08,0,0,0,1,0,1,0,1,0,0,0,0,1,0,1,1,0,0,-0.00023089,-0.00089652,-0.0015360,-0.00023552,-0.00053547,sell
2018-12-09,0,0,0,1,0,1,0,0,0,1,0,0,1,0,1,1,0,0, 0.00026391,-0.00001285,-0.0014434, 0.00108642, 0.00009762,sell
2018-12-10,0,0,0,1,0,1,0,0,0,1,0,0,1,0,1,0,0,0, 0.00125496, 0.00141360, 0.0005248, 0.00105206, 0.00240940,buy
2018-12-11,0,0,0,1,0,1,0,0,0,1,0,0,1,0,1,0,0,0, 0.00125496, 0.00141360, 0.0005248, 0.00105206, 0.00240940,buy
2018-12-12,0,0,0,1,0,0,0,0,0,1,0,1,1,0,1,0,0,0, 0.00225284, 0.00225284, 0.0029159, 0.00185609, 0.00420875,buy
2018-12-13,0,0,0,1,0,0,0,0,0,1,0,1,1,0,1,0,0,0, 0.00225284, 0.00225284, 0.0029159, 0.00185609, 0.00420875,buy
2018-12-14,0,0,0,1,0,0,0,0,0,1,0,1,1,0,1,0,0,0, 0.00225284, 0.00225284, 0.0029159, 0.00185609, 0.00420875,buy
2018-12-15,0,0,0,1,0,0,0,0,1,1,0,1,1,0,1,0,0,0, 0.00164399, 0.00172442, 0.0019121, 0.00099598, 0.00183563,buy
2018-12-16,0,0,0,1,0,0,0,0,1,0,0,1,1,0,0,0,0,0,-0.00562640,-0.00462206,-0.0042404,-0.00155873,-0.00482230,sell
2018-12-17,0,0,1,1,0,0,0,0,1,0,0,1,1,0,1,0,0,0,-0.00380331,-0.00408175,-0.0035526,-0.00288837,-0.00301290,sell
2018-12-18,0,0,1,1,0,0,1,0,1,0,0,1,1,0,1,0,0,0,-0.00402895,-0.00356823,-0.0037361,-0.00331164,-0.00356805,sell
2018-12-19,1,0,1,1,0,0,1,0,1,0,0,2,1,0,1,0,0,0,-0.00173094,-0.00142736,-0.0018963,-0.00049304,-0.00189634,sell
2018-12-20,2,0,1,0,0,0,1,0,1,0,0,2,1,0,1,0,0,0,-0.00361635,-0.00252452,-0.0029967,-0.00271743,-0.00089557,sell
2018-12-21,2,0,1,0,0,0,1,0,0,0,0,1,1,0,1,0,0,0,-0.00306312,-0.00371342,-0.0029611,-0.00270111,-0.00290661,sell
2018-12-22,2,0,1,0,0,0,1,1,0,0,0,1,1,0,1,1,0,0,-0.00188328,-0.00425747,-0.0044450,-0.00198533,-0.00217965,sell
2018-12-23,2,0,1,0,0,0,1,1,0,0,0,1,1,0,1,1,0,0,-0.00188328,-0.00425747,-0.0044450,-0.00198533,-0.00217965,sell
2018-12-24,2,0,1,0,0,0,1,1,0,0,0,1,1,0,0,1,0,1,-0.00171732,-0.00171134,-0.0019150,-0.00171732,-0.00227483,sell
2018-12-25,2,0,1,0,0,0,1,1,0,1,0,0,1,0,0,1,0,1,-0.00147771,-0.00181326,-0.0018133,-0.00119577,-0.00381936,sell
2018-12-26,2,1,0,0,0,0,0,1,0,1,0,0,1,0,0,1,0,1, 0.00030286, 0.00030286, 0.0001961, 0.00030286,-0.00476477,buy
2018-12-27,2,1,0,0,0,0,0,1,0,2,0,0,1,0,0,0,0,1, 0.00154158, 0.00133854, 0.0017947, 0.00154158,-0.00162732,buy
2018-12-28,2,1,0,0,0,0,0,0,0,2,1,0,1,0,0,0,0,1,-0.00085063,-0.00095188, 0.0019852,-0.00095188,-0.00063312,sell
2018-12-29,2,1,0,0,0,0,0,0,0,2,1,0,1,0,0,0,0,1,-0.00085063,-0.00095188, 0.0019852,-0.00095188,-0.00063312,sell
2018-12-30,1,1,0,1,0,0,0,0,0,2,1,0,1,0,0,0,0,1,-0.00437134,-0.00341537,-0.0036870,-0.00396505,-0.00402160,sell
2018-12-31,1,1,0,1,0,0,0,0,0,2,2,0,1,0,0,0,0,1,-0.00490435,-0.00448788,-0.0041028,-0.00436275,-0.00410284,sell
2019-01-01,1,1,0,1,0,0,0,1,0,1,2,0,1,0,0,0,0,1,-0.00463990,-0.00348581,-0.0031184,-0.00396214,-0.00362677,sell
2019-01-02,1,0,0,1,0,0,0,1,0,0,2,0,1,0,1,0,0,1,-0.00087402,-0.00005542, 0.0004341,-0.00001585, 0.00187035,buy
2019-01-03,1,0,0,1,0,0,0,1,0,0,2,0,1,0,2,0,0,1, 0.00189938, 0.00293831, 0.0013543, 0.00209244, 0.00265328,buy
2019-01-04,0,0,0,1,0,1,0,1,0,0,2,0,1,0,2,0,0,1, 0.00031047, 0.00197986, 0.0012019, 0.00204464, 0.00183017,buy
2019-01-05,0,0,0,1,0,1,0,1,0,0,2,0,1,0,2,0,0,1, 0.00031047, 0.00197986, 0.0012019, 0.00204464, 0.00183017,buy
2019-01-06,0,0,0,1,0,1,0,1,0,0,2,0,1,0,2,0,0,1, 0.00031047, 0.00197986, 0.0012019, 0.00204464, 0.00183017,buy
2019-01-07,0,0,0,0,0,1,0,1,1,0,1,0,1,0,1,0,0,0, 0.00151593,-0.00049215, 0.0015189, 0.00176409, 0.00184256,buy
2019-01-08,0,0,0,0,0,1,0,0,1,0,0,0,1,0,1,0,0,0, 0.00027248,-0.00187729, 0.0008826, 0.00072340, 0.00087994,buy
2019-01-09,1,0,0,0,0,1,0,0,1,0,0,0,1,0,1,0,0,0, 0.00135958, 0.00211900, 0.0010501, 0.00183218, 0.00105009,buy
2019-01-10,1,0,0,0,0,1,0,0,2,0,1,0,1,0,0,0,0,0,-0.00428311,-0.00453446,-0.0043717,-0.00348296,-0.00329008,sell
2019-01-11,1,0,0,0,1,1,0,0,2,0,1,0,1,0,0,0,0,0,-0.00188748,-0.00177811,-0.0022118,-0.00157482,-0.00185462,sell
2019-01-12,1,0,0,1,1,0,0,1,2,0,1,0,1,0,0,0,0,0,-0.00092462,-0.00047190,-0.0004719,-0.00044691,-0.00047190,sell
2019-01-13,1,1,0,1,1,0,0,1,2,0,1,0,1,0,0,0,0,0,-0.00014194,-0.00005574,-0.0000557, 0.00031539,-0.00005574,sell
2019-01-14,1,1,0,1,1,0,0,1,2,0,1,0,1,0,0,0,0,0,-0.00014194,-0.00005574,-0.0000557, 0.00031539,-0.00005574,sell
2019-01-15,0,1,0,1,1,0,0,1,2,0,1,0,1,0,0,0,0,0, 0.00036608, 0.00023927,-0.0000281, 0.00030372,-0.00018890,buy
2019-01-16,0,1,0,1,1,0,1,1,2,0,1,0,1,0,0,1,0,0, 0.00164701, 0.00167341, 0.0006738, 0.00118395, 0.00072649,buy
2019-01-17,0,1,1,0,1,0,1,0,1,0,0,1,1,0,0,2,0,0, 0.00359127, 0.00368037, 0.0034841, 0.00360254, 0.00243384,buy
2019-01-18,0,1,2,0,1,0,1,1,1,0,0,1,1,0,0,2,0,0, 0.00265371, 0.00325259, 0.0026861, 0.00265371, 0.00261734,buy
2019-01-19,0,1,2,0,1,0,1,1,1,0,0,1,1,0,0,2,0,0, 0.00265371, 0.00325259, 0.0026861, 0.00265371, 0.00261734,buy
2019-01-20,0,1,2,0,1,0,1,1,1,0,0,1,1,0,0,2,0,0, 0.00265371, 0.00325259, 0.0026861, 0.00265371, 0.00261734,buy
2019-01-21,0,2,2,0,1,0,1,1,1,0,0,1,1,0,0,3,0,0, 0.00187756, 0.00237898, 0.0018076, 0.00187756, 0.00067192,buy
2019-01-22,0,2,2,0,1,0,2,1,0,0,0,1,1,0,0,3,0,0, 0.00064423, 0.00078464, 0.0004636, 0.00064423,-0.00105487,buy
2019-01-23,0,1,3,0,1,0,1,1,0,0,0,1,1,0,0,2,0,0, 0.00149403, 0.00217221, 0.0012666, 0.00122243, 0.00016951,buy
2019-01-24,0,1,3,0,1,0,1,0,0,1,0,0,2,0,0,1,1,0,-0.00088323, 0.00040041,-0.0008832,-0.00164173,-0.00088323,sell
2019-01-25,0,1,2,0,1,0,1,0,0,1,0,0,2,0,0,1,1,0,-0.00041084, 0.00035247,-0.0002089,-0.00093870,-0.00020891,sell
2019-01-26,0,1,2,0,0,0,0,0,0,1,0,0,2,0,0,0,1,0,-0.00141782, 0.00014352,-0.0018286,-0.00373298,-0.00180102,sell
2019-01-27,0,0,1,0,0,0,0,0,0,1,0,0,2,0,0,0,1,0, 0.00163016, 0.00107187,-0.0003752, 0.00037453,-0.00119406,buy
2019-01-28,0,0,0,0,0,0,0,0,0,1,0,0,2,0,0,0,1,0, 0.00163555, 0.00055372,-0.0000280, 0.00027324,-0.00065966,buy
2019-01-29,0,0,0,0,0,0,0,0,0,1,0,0,2,0,0,0,1,0, 0.00163555, 0.00055372,-0.0000280, 0.00027324,-0.00065966,buy
2019-01-30,0,0,0,0,0,0,0,0,0,1,0,0,2,0,0,0,1,0, 0.00163555, 0.00055372,-0.0000280, 0.00027324,-0.00065966,buy
2019-01-31,0,0,0,0,0,0,0,1,0,0,0,1,2,0,1,0,1,0,-0.00063432,-0.00246100,-0.0007382,-0.00084626,-0.00250999,sell
2019-02-01,0,0,0,0,0,0,0,2,0,0,0,2,2,0,1,0,1,0, 0.00025055,-0.00119601,-0.0003612,-0.00030912,-0.00067395,sell
2019-02-02,0,0,0,1,0,0,0,2,0,0,0,2,2,0,1,0,1,0,-0.00194228,-0.00255755,-0.0024592,-0.00247735,-0.00193478,sell
2019-02-03,0,1,0,1,0,0,0,2,0,0,0,2,2,0,1,0,1,0,-0.00255251,-0.00290643,-0.0027556,-0.00284174,-0.00290643,sell
2019-02-04,0,1,0,2,0,0,0,1,0,1,0,1,2,0,1,0,0,0, 0.00395474, 0.00349156, 0.0042559, 0.00361384, 0.00386442,buy
2019-02-05,0,1,0,2,0,1,0,1,0,1,0,1,1,0,1,0,0,0, 0.00300895, 0.00228538, 0.0032335, 0.00311455, 0.00317482,buy
2019-02-06,0,1,0,1,0,1,0,1,0,1,0,1,1,0,0,0,0,0,-0.00086209,-0.00249257,-0.0008710,-0.00050584,-0.00067732,sell
2019-02-07,0,1,0,1,0,1,0,1,0,2,0,1,1,0,0,0,0,0, 0.00072027,-0.00007171,-0.0003774, 0.00089611, 0.00048834,buy
2019-02-08,0,1,0,1,0,1,0,0,0,1,0,0,1,0,0,1,0,0,-0.00204700,-0.00237142,-0.0026553,-0.00277232,-0.00290448,sell
2019-02-09,0,1,0,1,0,1,0,0,0,1,1,0,1,0,0,1,0,0, 0.00026919, 0.00069401, 0.0007731,-0.00037271,-0.00059400,buy
2019-02-10,0,1,0,1,0,1,0,0,0,1,1,0,1,0,0,1,0,0, 0.00026919, 0.00069401, 0.0007731,-0.00037271,-0.00059400,buy
2019-02-11,0,1,0,1,0,0,0,0,0,1,1,0,1,0,0,1,0,0, 0.00059002,-0.00036722, 0.0004106, 0.00025902, 0.00033013,buy
2019-02-12,0,1,0,0,0,0,0,0,1,1,1,0,1,0,0,0,0,0, 0.00252968, 0.00117847, 0.0018665, 0.00245075, 0.00243926,buy
2019-02-13,0,1,0,0,0,0,0,0,1,1,0,0,1,0,0,0,0,0, 0.00238285, 0.00132443, 0.0011748, 0.00238177, 0.00234352,buy
2019-02-14,0,1,0,0,0,0,0,1,1,1,1,0,1,0,0,0,0,0, 0.00254336, 0.00136465, 0.0015542, 0.00159723, 0.00246626,buy
2019-02-15,0,1,0,0,0,0,0,1,1,0,1,0,1,0,0,1,0,0,-0.00296075,-0.00301290,-0.0036105,-0.00337790,-0.00242113,sell
2019-02-16,0,0,0,0,0,0,1,1,1,0,1,0,1,0,1,1,0,0, 0.00235683, 0.00110986, 0.0012022, 0.00085817, 0.00192370,buy
2019-02-17,0,0,0,0,0,0,1,1,0,0,2,0,1,0,1,1,0,1,-0.00013979, 0.00036046, 0.0004250, 0.00046011, 0.00032678,buy
2019-02-18,0,0,0,0,1,0,1,1,0,0,2,1,1,0,1,1,0,1, 0.00047278, 0.00030694, 0.0006408, 0.00060006, 0.00034849,buy
2019-02-19,0,0,0,1,1,1,1,1,1,0,2,1,1,0,1,1,0,1, 0.00075265, 0.00125076, 0.0007526, 0.00121090, 0.00065858,buy
2019-02-20,0,0,0,2,1,1,1,1,1,0,2,1,1,0,1,1,0,1, 0.00064131, 0.00072376, 0.0006016, 0.00055629, 0.00074376,buy
2019-02-21,1,0,0,2,1,1,1,0,1,1,2,1,1,0,0,1,0,1, 0.00030041,-0.00004607, 0.0003917, 0.00040440, 0.00035444,buy
2019-02-22,1,0,0,2,1,1,0,0,1,1,2,1,1,0,0,0,0,1, 0.00006672, 0.00022797, 0.0003982, 0.00030000,-0.00033855,buy
2019-02-23,1,0,0,2,1,1,0,0,2,1,1,0,0,0,0,0,0,1,-0.00015339, 0.00183714, 0.0013416, 0.00037028,-0.00012914,buy
2019-02-24,1,1,0,2,1,1,0,0,2,1,1,0,0,0,0,0,0,1, 0.00076710, 0.00197652, 0.0017073, 0.00076710, 0.00128731,buy
2019-02-25,1,1,0,1,1,1,0,0,2,1,0,0,0,0,0,0,0,1, 0.00030192, 0.00032287, 0.0009884,-0.00031422,-0.00004542,buy
2019-02-26,1,1,0,0,1,1,0,0,2,1,0,0,0,0,0,1,0,1, 0.00034163, 0.00029129, 0.0003072, 0.00028711, 0.00078846,buy
2019-02-27,1,1,0,0,1,1,1,0,1,0,0,0,0,0,0,2,0,1, 0.00086168, 0.00105676, 0.0008617, 0.00086168, 0.00319524,buy
2019-02-28,0,1,0,0,1,1,1,0,1,0,0,0,0,0,0,2,0,1, 0.00230156, 0.00218200, 0.0026509, 0.00218200, 0.00307336,buy
2019-03-01,0,1,0,0,0,1,1,0,1,0,0,0,0,0,0,2,0,1, 0.00230690, 0.00183574, 0.0021749, 0.00168534, 0.00264278,buy
2019-03-02,0,1,0,0,1,1,2,0,0,0,0,0,0,0,1,2,0,1, 0.00169535, 0.00171560, 0.0027517, 0.00044859, 0.00188190,buy
2019-03-03,0,1,0,0,1,1,2,0,0,0,0,0,0,0,1,2,0,1, 0.00169535, 0.00171560, 0.0027517, 0.00044859, 0.00188190,buy
2019-03-04,0,1,0,0,1,1,2,0,0,0,0,0,0,0,1,2,0,0, 0.00148554, 0.00082325, 0.0007216,-0.00118586, 0.00066137,buy
2019-03-05,0,0,1,0,1,1,2,0,0,0,0,0,0,0,1,1,0,0, 0.00051676, 0.00041499, 0.0001476, 0.00028979, 0.00084778,buy
2019-03-06,0,0,1,0,1,1,1,0,0,0,0,1,0,0,1,1,0,0,-0.00018277,-0.00039182,-0.0003284,-0.00024207, 0.00011502,sell
2019-03-07,0,0,1,0,1,1,1,0,0,0,0,1,0,0,1,1,0,0,-0.00018277,-0.00039182,-0.0003284,-0.00024207, 0.00011502,sell
2019-03-08,0,1,1,0,1,1,1,0,0,0,0,1,0,0,1,1,0,0, 0.00031296,-0.00160946,-0.0007916,-0.00206239,-0.00134843,sell
2019-03-09,0,1,1,0,1,1,1,0,0,0,0,1,0,0,1,1,0,0, 0.00031296,-0.00160946,-0.0007916,-0.00206239,-0.00134843,sell
2019-03-10,0,1,1,1,1,0,1,0,0,1,0,1,0,0,0,1,1,0, 0.00023776, 0.00053335,-0.0005462, 0.00140124, 0.00001968,buy
2019-03-11,0,1,0,1,0,0,1,0,0,1,0,1,0,0,0,1,1,0,-0.00014127,-0.00035458,-0.0008518, 0.00081610,-0.00102642,sell
2019-03-12,0,1,0,1,0,0,0,1,0,1,0,1,0,0,0,0,1,0, 0.00016090, 0.00088205, 0.0009330, 0.00013566,-0.00001044,buy
2019-03-13,0,1,0,2,0,0,0,1,0,2,0,0,1,0,0,0,1,0, 0.00029932, 0.00031016, 0.0000426, 0.00079729,-0.00052443,buy
2019-03-14,0,1,0,2,0,0,0,1,0,2,0,0,1,0,0,0,0,0, 0.00027769,-0.00028078,-0.0009636, 0.00010877, 0.00064203,sell
2019-03-15,0,0,0,2,0,1,0,1,0,2,0,1,1,0,0,0,0,0, 0.00082496,-0.00021791,-0.0015590, 0.00150022, 0.00021007,sell
2019-03-16,0,0,0,2,0,2,0,1,0,2,0,1,1,0,0,0,0,0, 0.00051586, 0.00050630,-0.0027021, 0.00146776, 0.00068364,buy
2019-03-17,0,0,0,2,0,2,0,1,0,1,0,2,1,0,0,0,0,1, 0.00150294, 0.00148063,-0.0000401, 0.00063126, 0.00199972,buy
2019-03-18,0,0,0,2,0,2,1,1,0,2,0,2,0,0,0,1,0,1,-0.00035609,-0.00008048,-0.0008763,-0.00092654,-0.00035609,sell
2019-03-19,0,0,0,1,0,2,1,0,0,2,0,2,0,0,0,1,0,1,-0.00065302, 0.00003481,-0.0007175,-0.00071745,-0.00049337,sell
2019-03-20,0,0,0,1,0,2,1,0,0,1,0,2,0,0,0,1,0,1,-0.00023076, 0.00032180,-0.0003816,-0.00026071,-0.00005816,sell
2019-03-21,0,0,0,1,0,1,1,0,0,1,0,1,0,0,1,1,0,0,-0.00287075,-0.00407477,-0.0041260,-0.00404440,-0.00443933,sell
2019-03-22,0,0,0,1,0,1,1,0,0,1,0,1,0,0,1,1,0,0,-0.00287075,-0.00407477,-0.0041260,-0.00404440,-0.00443933,sell
2019-03-23,0,0,0,1,0,1,1,0,0,1,0,1,0,0,1,1,0,0,-0.00287075,-0.00407477,-0.0041260,-0.00404440,-0.00443933,sell
2019-03-24,0,0,0,1,0,1,1,0,0,0,0,1,0,0,1,1,0,0,-0.00148738,-0.00244394,-0.0010912,-0.00549379,-0.00135384,sell
2019-03-25,0,1,0,0,0,1,1,0,0,0,0,1,0,0,1,1,0,0, 0.00070705,-0.00145233,-0.0005964,-0.00132022,-0.00080222,sell
2019-03-26,0,1,0,0,0,1,1,0,0,0,0,0,0,0,1,1,0,0, 0.00001000,-0.00142251,-0.0020646,-0.00178462,-0.00201623,sell
2019-03-27,0,1,0,0,0,0,1,0,0,0,0,0,0,0,1,1,0,0, 0.00171196, 0.00021283, 0.0004433, 0.00092558, 0.00063603,buy
2019-03-28,0,1,0,0,0,0,1,0,0,0,1,0,0,0,1,1,0,0, 0.00086615, 0.00070265, 0.0013610, 0.00186425, 0.00102460,buy
2019-03-29,0,1,0,0,0,0,1,0,0,0,1,0,0,0,1,1,0,0, 0.00086615, 0.00070265, 0.0013610, 0.00186425, 0.00102460,buy
2019-03-30,0,1,0,0,0,0,1,0,0,0,1,0,0,0,1,1,0,0, 0.00086615, 0.00070265, 0.0013610, 0.00186425, 0.00102460,buy
2019-03-31,0,1,0,0,0,0,1,0,1,0,1,0,0,0,1,0,0,0,-0.00008989, 0.00151882, 0.0014322, 0.00157417, 0.00128644,buy
2019-04-01,1,1,0,0,0,0,1,0,1,0,1,1,0,0,1,0,0,0, 0.00112156, 0.00129242, 0.0017843, 0.00179367, 0.00110575,buy
2019-04-02,1,1,0,0,0,0,1,0,1,0,1,1,0,0,1,0,0,0, 0.00112156, 0.00129242, 0.0017843, 0.00179367, 0.00110575,buy
2019-04-03,1,0,0,0,0,0,1,0,1,0,0,1,0,0,1,0,0,0, 0.00066291, 0.00133431, 0.0009848, 0.00040939, 0.00040936,buy
2019-04-04,1,0,0,0,0,0,1,1,1,0,0,1,0,0,1,0,0,0, 0.00099261, 0.00134842, 0.0012058, 0.00075951, 0.00073251,buy
2019-04-05,1,1,0,0,1,0,1,1,1,0,0,1,0,0,1,0,0,0, 0.00218651, 0.00159818, 0.0020792, 0.00144586, 0.00207041,buy
2019-04-06,1,1,0,0,1,0,2,1,0,0,0,1,0,1,1,0,0,0,-0.00377240,-0.00455885,-0.0033859,-0.00588482,-0.00510325,sell
2019-04-07,1,1,0,0,1,0,2,1,0,1,0,2,0,1,1,0,0,0,-0.00136835,-0.00436066,-0.0032558,-0.00489601,-0.00321766,sell
2019-04-08,0,1,0,1,1,0,2,1,0,1,0,2,0,2,1,0,0,0,-0.00104579,-0.00064794,-0.0007647,-0.00006364,-0.00064794,sell
2019-04-09,0,1,0,1,1,0,1,1,0,1,0,2,0,2,1,0,0,0,-0.00097216,-0.00082614,-0.0009836, 0.00000564,-0.00076563,sell
2019-04-10,0,1,0,1,1,0,1,1,0,2,0,3,0,2,1,0,0,0,-0.00131151,-0.00098671,-0.0014451,-0.00016329,-0.00098671,sell
2019-04-11,0,0,1,1,1,0,1,0,0,2,0,3,0,2,1,0,0,0,-0.00069243, 0.00082090,-0.0010409, 0.00112446, 0.00082090,buy
2019-04-12,0,0,1,1,1,0,1,0,0,3,0,2,0,2,1,0,0,0, 0.00005682, 0.00222412,-0.0004174, 0.00236780, 0.00216810,buy
2019-04-13,0,0,1,2,1,0,1,0,0,3,0,2,0,2,0,0,0,0, 0.00010721, 0.00225246,-0.0007433, 0.00241818, 0.00222012,buy
2019-04-14,0,0,1,2,1,0,0,0,0,2,0,1,0,2,0,0,0,0, 0.00157805, 0.00289661, 0.0007859, 0.00217612, 0.00174400,buy
2019-04-15,0,0,1,1,1,0,0,0,0,2,0,1,0,2,0,0,0,0, 0.00152178, 0.00282941, 0.0008180, 0.00211136, 0.00178468,buy
2019-04-16,0,1,1,1,1,0,0,0,0,2,0,0,0,2,0,1,0,0, 0.00027989, 0.00010493,-0.0006317, 0.00032576, 0.00017815,sell
2019-04-17,0,1,1,1,1,0,0,0,0,1,0,0,0,2,0,1,0,0, 0.00027989, 0.00093633, 0.0003270, 0.00030285, 0.00037958,buy
2019-04-18,0,1,0,1,1,0,0,0,0,0,0,0,0,1,1,1,0,0,-0.00068613,-0.00050150,-0.0004252,-0.00048458,-0.00034041,sell
2019-04-19,0,1,0,0,1,0,0,0,0,0,0,0,0,1,1,1,0,0,-0.00045305,-0.00037331,-0.0004084,-0.00032171,-0.00032171,sell
2019-04-20,0,1,0,0,1,0,1,0,0,0,0,0,0,1,1,2,0,0,-0.00062320,-0.00058647,-0.0005834,-0.00051650,-0.00051650,sell
2019-04-21,0,1,0,0,1,0,1,0,0,0,0,0,0,1,1,2,0,0,-0.00062320,-0.00058647,-0.0005834,-0.00051650,-0.00051650,sell
2019-04-22,0,1,0,0,1,0,1,0,0,0,0,0,0,1,1,1,0,0,-0.00058439,-0.00039568,-0.0006448,-0.00056275,-0.00051650,sell
2019-04-23,0,0,0,0,1,0,1,0,0,0,0,0,0,1,1,1,0,0,-0.00070666,-0.00030199,-0.0007498,-0.00067693,-0.00067693,sell
2019-04-24,0,0,0,0,1,0,1,0,0,0,0,0,0,1,1,1,0,0,-0.00070666,-0.00030199,-0.0007498,-0.00067693,-0.00067693,sell
2019-04-25,1,0,0,0,0,0,1,0,0,0,0,0,0,1,1,1,0,0,-0.00133743, 0.00035704,-0.0003374,-0.00030679,-0.00030788,sell
2019-04-26,1,0,0,1,0,0,1,0,0,0,0,0,0,1,1,0,0,0,-0.00034762, 0.00213642,-0.0000797,-0.00106259, 0.00008516,sell
2019-04-27,1,0,0,1,0,0,0,1,0,0,0,0,0,1,1,0,0,0,-0.00059260, 0.00111346,-0.0005795,-0.00054447,-0.00041863,sell
2019-04-28,2,0,0,1,0,1,0,1,0,0,0,0,0,1,0,0,0,0,-0.00008322, 0.00070828, 0.0007749, 0.00053253, 0.00009231,buy
2019-04-29,1,0,0,1,0,1,0,1,0,0,0,1,0,1,0,0,0,0, 0.00000054, 0.00093711, 0.0012394, 0.00013765, 0.00102984,buy
2019-04-30,2,0,0,1,0,1,0,1,0,0,0,1,0,1,0,0,0,0,-0.00049375,-0.00012902, 0.0003890,-0.00005781,-0.00020410,sell
2019-05-01,2,0,1,1,0,1,0,1,0,1,0,1,0,1,0,0,0,0,-0.00041720,-0.00019805,-0.0001853, 0.00054749,-0.00041918,sell
2019-05-02,2,0,1,1,0,1,0,0,0,1,0,1,0,1,0,0,0,0, 0.00009850,-0.00018864,-0.0000022, 0.00067539, 0.00009850,buy
2019-05-03,2,1,1,0,0,1,0,1,0,1,0,1,0,1,0,0,0,0,-0.00055016,-0.00080129,-0.0004481,-0.00001433,-0.00055016,sell
2019-05-04,1,1,1,0,0,1,0,1,0,1,0,0,0,1,0,0,0,0, 0.00008023, 0.00018734, 0.0002542, 0.00011052, 0.00004611,buy
2019-05-05,1,1,0,0,0,0,0,2,0,0,0,1,0,0,0,0,0,0,-0.00282960,-0.00255711,-0.0031866,-0.00206596,-0.00335036,sell
2019-05-06,0,1,0,0,0,0,1,2,0,0,0,1,0,0,1,0,0,0,-0.00291233,-0.00284738,-0.0038749,-0.00187154,-0.00358227,sell
2019-05-07,0,0,1,0,0,0,1,2,0,1,0,1,0,0,1,0,0,0,-0.00168177,-0.00252688,-0.0023360,-0.00157368,-0.00459605,sell
2019-05-08,0,0,1,0,0,0,1,2,0,1,1,1,0,0,1,0,0,0,-0.00097608,-0.00174741,-0.0010041,-0.00085161,-0.00403754,sell
2019-05-09,0,1,1,1,0,1,1,1,0,1,1,1,0,0,1,0,0,0,-0.00169027,-0.00159075,-0.0005696,-0.00214869,-0.00107903,sell
2019-05-10,0,1,2,1,0,1,1,1,0,1,1,1,0,0,1,0,0,0,-0.00206488,-0.00186353,-0.0013016,-0.00189839,-0.00191008,sell
2019-05-11,1,1,2,1,1,1,0,1,1,1,1,0,0,0,0,0,0,0,-0.00052448,-0.00085047,-0.0014563,-0.00125879,-0.00085047,sell
2019-05-12,1,1,2,1,1,1,0,1,1,1,1,0,0,0,0,0,0,0,-0.00052448,-0.00085047,-0.0014563,-0.00125879,-0.00085047,sell
2019-05-13,1,1,1,0,1,1,0,0,1,0,1,0,0,0,0,0,0,0,-0.00055081,-0.00054055,-0.0004814,-0.00033246, 0.00005320,sell
2019-05-14,0,1,1,0,1,1,0,1,1,0,1,0,0,0,0,0,0,0, 0.00126664,-0.00060741,-0.0011831,-0.00061783,-0.00028991,sell
2019-05-15,0,0,1,0,1,1,1,1,1,0,1,0,0,0,1,0,0,0, 0.00211902, 0.00228514, 0.0027032, 0.00236967, 0.00219095,buy
2019-05-16,0,0,2,0,0,1,1,1,2,0,1,0,0,0,1,0,0,0, 0.00056331, 0.00019257, 0.0012372, 0.00142985,-0.00018767,buy
2019-05-17,0,0,1,0,0,1,1,1,2,0,1,0,0,0,1,0,0,0, 0.00043006, 0.00057101, 0.0009069, 0.00030145,-0.00052594,buy
2019-05-18,0,0,1,1,0,1,1,0,1,0,1,0,1,0,1,0,0,0, 0.00044205,-0.00005208, 0.0004181, 0.00019036, 0.00017473,buy
2019-05-19,0,0,1,1,0,1,1,0,1,0,0,0,1,0,1,0,0,0,-0.00186033,-0.00332307,-0.0035519,-0.00341814,-0.00272955,sell
2019-05-20,1,0,0,1,0,0,1,0,0,0,0,0,1,0,1,0,0,0, 0.00146627, 0.00088617, 0.0006410, 0.00079321, 0.00111679,buy
2019-05-21,1,0,0,1,0,1,0,0,0,0,0,0,1,0,1,0,0,0, 0.00027587, 0.00090539, 0.0004600, 0.00149340, 0.00051920,buy
2019-05-22,1,0,0,1,0,2,0,0,0,0,0,1,1,0,1,2,0,0, 0.00063945, 0.00351199, 0.0004899, 0.00024537, 0.00332224,buy
2019-05-23,1,1,0,1,0,2,0,0,0,1,0,2,1,0,0,2,0,0, 0.00108382,-0.00027734, 0.0001568, 0.00002476,-0.00027734,sell
2019-05-24,1,1,0,0,0,2,0,0,0,1,0,2,1,0,0,2,0,0,-0.00078208,-0.00225974,-0.0010060,-0.00201675,-0.00201130,sell
2019-05-25,0,2,0,0,0,2,0,0,0,1,0,2,0,0,0,1,0,1, 0.00076114,-0.00005850, 0.0012653, 0.00130064, 0.00052780,buy
2019-05-26,0,2,0,0,0,1,0,0,0,2,0,1,0,0,0,1,0,1,-0.00125109,-0.00125109,-0.0007976,-0.00118563,-0.00125109,sell
2019-05-27,0,1,0,0,0,1,0,0,0,1,0,1,0,0,0,1,0,1, 0.00105035, 0.00118088, 0.0025889, 0.00178301, 0.00129275,buy
2019-05-28,0,1,0,0,0,1,0,2,0,1,0,1,0,0,0,1,0,1, 0.00024859, 0.00104281, 0.0008332,-0.00155034, 0.00009359,buy
2019-05-29,0,1,0,1,0,1,0,2,0,1,2,1,0,0,1,1,0,1,-0.00053659,-0.00048197,-0.0004038, 0.00028797,-0.00125061,sell
2019-05-30,0,1,1,1,0,1,0,2,1,1,2,0,0,0,1,0,0,1, 0.00161789, 0.00163258, 0.0000765, 0.00113069,-0.00169688,buy
2019-05-31,0,1,1,1,0,1,0,2,2,1,2,0,0,0,1,0,0,1, 0.00114479, 0.00268312,-0.0009026,-0.00049470,-0.00126460,sell
2019-06-01,0,1,1,1,0,1,0,1,2,1,2,0,0,0,1,0,0,1, 0.00099912, 0.00344977,-0.0002803,-0.00057813,-0.00122935,buy
2019-06-02,0,0,1,1,0,1,0,1,2,0,1,0,0,0,0,0,0,0,-0.00293683,-0.00250266,-0.0025027,-0.00130278,-0.00134502,sell
2019-06-03,0,0,1,0,0,1,0,0,1,0,1,0,0,0,0,0,0,0,-0.00572101,-0.00676840,-0.0054315,-0.00510894,-0.00550834,sell
2019-06-04,0,0,0,0,1,1,0,0,1,0,0,0,0,0,0,0,0,0,-0.00186204,-0.00088175,-0.0014376,-0.00034500,-0.00121756,sell
2019-06-05,0,0,0,0,1,1,0,0,1,0,0,0,0,0,0,1,0,0,-0.00218604, 0.00099591,-0.0000873, 0.00091485, 0.00057622,buy
2019-06-06,1,0,0,1,1,1,0,1,0,0,0,0,0,0,0,1,0,0, 0.00168776, 0.00075127, 0.0013339, 0.00136248, 0.00158066,buy
2019-06-07,1,0,0,1,1,1,0,1,0,0,1,0,0,0,0,1,0,0, 0.00100586,-0.00089802,-0.0001541, 0.00011092,-0.00002390,sell
2019-06-08,1,0,0,1,1,1,0,1,0,0,1,0,0,0,1,1,0,0, 0.00009557,-0.00043422,-0.0003587, 0.00062508,-0.00018216,buy
2019-06-09,1,1,0,1,1,1,0,1,0,0,1,0,0,0,1,1,0,0, 0.00044163, 0.00004381,-0.0003057, 0.00044103, 0.00040475,buy
2019-06-10,0,1,0,1,1,1,0,1,1,0,1,1,0,0,1,1,0,0, 0.00088997, 0.00005306, 0.0006433, 0.00092369, 0.00086583,buy
2019-06-11,0,1,0,1,1,0,0,1,1,0,1,1,0,0,1,1,0,0, 0.00027905,-0.00005495, 0.0001898, 0.00034740, 0.00040253,buy
2019-06-12,0,1,0,1,1,0,0,1,1,1,1,1,0,0,1,1,0,0,-0.00097706,-0.00082756,-0.0005762,-0.00023593,-0.00012014,sell
2019-06-13,0,1,0,1,2,0,0,0,1,1,1,2,0,0,1,1,0,0,-0.00006788,-0.00032561,-0.0001915,-0.00029308, 0.00035837,sell
2019-06-14,0,2,1,1,2,0,1,0,1,1,0,2,0,0,1,1,0,0,-0.00033966, 0.00171194, 0.0021062, 0.00036581, 0.00094408,buy
2019-06-15,0,2,1,0,1,0,1,0,1,1,0,1,0,0,0,1,0,0, 0.00081754, 0.00111261, 0.0008055, 0.00111261, 0.00111261,buy
2019-06-16,0,1,1,0,1,0,1,0,1,2,0,1,0,0,0,0,0,0,-0.00020915, 0.00019086, 0.0005042, 0.00102959, 0.00025275,buy
2019-06-17,0,1,1,0,1,0,1,0,0,2,0,1,0,0,0,0,0,0, 0.00116476, 0.00151570, 0.0015144, 0.00267554, 0.00055087,buy
2019-06-18,0,1,1,0,1,0,1,0,0,1,0,1,0,0,0,0,0,0, 0.00154286, 0.00168539, 0.0016841, 0.00204848, 0.00013811,buy
2019-06-19,0,0,0,0,1,0,0,0,0,1,0,1,0,0,0,0,0,0,-0.00412836,-0.00304030,-0.0012584,-0.00329266,-0.00329266,sell
2019-06-20,0,0,0,1,1,0,0,0,0,1,0,0,0,0,0,0,0,0, 0.00361118,-0.00054234, 0.0023139,-0.00116551,-0.00125224,sell
2019-06-21,1,0,0,1,1,0,0,1,0,1,1,0,0,0,0,0,0,0,-0.00343895,-0.00333642,-0.0021006,-0.00330202,-0.00339431,sell
2019-06-22,1,0,0,1,1,0,0,1,0,1,1,0,0,0,0,0,0,0,-0.00343895,-0.00333642,-0.0021006,-0.00330202,-0.00339431,sell
2019-06-23,1,0,0,1,1,0,0,1,0,1,1,0,0,0,1,0,0,0,-0.00221189,-0.00253772,-0.0000877,-0.00194167,-0.00221189,sell
2019-06-24,1,0,0,1,1,0,0,1,1,0,1,0,0,0,1,1,0,0, 0.00070236, 0.00071587, 0.0018169, 0.00228997, 0.00086824,buy
2019-06-25,2,0,0,1,1,0,0,1,1,0,1,0,0,0,1,1,0,0, 0.00000187, 0.00011889, 0.0009309, 0.00108817, 0.00071547,buy
2019-06-26,2,0,0,2,1,0,0,1,1,0,1,0,0,0,1,1,0,0,-0.00026745, 0.00048019, 0.0003020, 0.00084474, 0.00092044,buy
2019-06-27,1,0,0,1,1,0,0,1,1,0,0,0,0,0,1,1,0,0, 0.00127243, 0.00196487, 0.0019812, 0.00003844, 0.00118172,buy
2019-06-28,1,0,0,1,1,0,0,1,1,0,0,0,0,0,1,1,0,0, 0.00127243, 0.00196487, 0.0019812, 0.00003844, 0.00118172,buy
2019-06-29,1,0,0,1,1,0,0,1,1,0,0,0,0,0,0,1,0,0, 0.00131479, 0.00131479, 0.0014733, 0.00063136, 0.00131479,buy
2019-06-30,1,0,0,1,1,1,0,1,0,0,0,0,0,0,0,1,0,0, 0.00168776, 0.00075127, 0.0013339, 0.00136248, 0.00158066,buy
2019-07-01,1,0,0,1,1,1,0,1,0,0,0,0,0,0,0,2,0,0, 0.00202357, 0.00142042, 0.0019379, 0.00196896, 0.00203429,buy
2019-07-02,2,0,0,1,1,1,0,1,0,0,0,0,0,0,0,1,0,0, 0.00092773,-0.00059342,-0.0013303,-0.00051899, 0.00090639,sell
2019-07-03,2,0,0,1,1,1,0,1,0,0,0,0,0,0,0,1,0,0, 0.00092773,-0.00059342,-0.0013303,-0.00051899, 0.00090639,sell
2019-07-04,2,0,0,1,1,1,0,1,0,0,0,0,0,0,0,1,0,1,-0.00065570,-0.00123185,-0.0026362,-0.00131705, 0.00027150,sell
2019-07-05,1,1,1,1,1,1,0,1,0,0,0,1,0,0,0,1,0,1, 0.00176570, 0.00195807, 0.0018782, 0.00159789, 0.00139219,buy
2019-07-06,1,1,1,1,1,1,0,1,0,0,0,1,0,0,0,2,0,1, 0.00003178, 0.00069413, 0.0022957, 0.00037949,-0.00058800,buy
2019-07-07,0,1,1,0,1,1,0,1,0,0,0,1,0,0,0,2,0,1, 0.00238900, 0.00353438, 0.0029422, 0.00134493, 0.00242026,buy
2019-07-08,0,1,1,0,1,1,1,1,0,0,0,1,0,0,0,2,0,1, 0.00274134, 0.00283284, 0.0036866, 0.00061083, 0.00238339,buy
2019-07-09,0,1,1,0,1,1,1,1,0,0,0,1,0,0,0,2,0,1, 0.00274134, 0.00283284, 0.0036866, 0.00061083, 0.00238339,buy
2019-07-10,0,1,1,0,1,1,1,1,0,1,0,1,0,0,0,2,0,0,-0.00096094,-0.00058528,-0.0021178,-0.00299558,-0.00165340,sell
2019-07-11,0,1,1,1,1,0,1,1,0,1,0,1,0,0,0,2,0,0,-0.00195344, 0.00004584,-0.0027791,-0.00248106,-0.00226780,sell
2019-07-12,1,0,0,1,1,0,1,1,0,1,0,1,0,0,0,1,0,0, 0.00188738, 0.00175115, 0.0028436, 0.00285967, 0.00317860,buy
2019-07-13,1,1,0,1,1,0,1,1,0,1,0,1,0,0,0,1,0,0, 0.00113718, 0.00136980, 0.0029131, 0.00287603, 0.00295423,buy
2019-07-14,1,1,1,1,0,0,1,1,0,1,0,1,0,0,0,0,0,0,-0.00001834, 0.00056645, 0.0002667, 0.00062920, 0.00200091,buy
2019-07-15,1,1,1,1,0,0,0,1,0,1,0,1,0,0,0,0,0,0,-0.00201784,-0.00128549,-0.0016547,-0.00137326, 0.00030754,sell
2019-07-16,1,1,1,1,0,0,1,1,0,1,0,1,0,0,0,0,0,0,-0.00001834, 0.00056645, 0.0002667, 0.00062920, 0.00200091,buy
2019-07-17,1,1,1,1,0,0,1,1,0,1,0,1,0,0,0,0,0,0,-0.00001834, 0.00056645, 0.0002667, 0.00062920, 0.00200091,buy
2019-07-18,1,1,1,1,0,0,1,1,0,2,0,1,0,0,0,0,0,0,-0.00104763,-0.00046284,-0.0007626,-0.00040009, 0.00119569,sell
2019-07-19,1,0,0,1,0,0,1,0,0,1,0,1,1,0,0,0,0,0, 0.00104212, 0.00006318, 0.0014034, 0.00180487, 0.00259884,buy
2019-07-20,2,0,0,2,0,0,1,0,0,1,0,1,1,0,0,0,0,0, 0.00005113,-0.00044275,-0.0003933, 0.00148178, 0.00133472,buy
2019-07-21,2,0,0,2,0,0,1,0,0,1,0,0,1,0,0,0,0,0,-0.00048413,-0.00157698, 0.0004927, 0.00063598, 0.00208316,buy
2019-07-22,2,0,0,2,0,0,0,0,0,1,0,0,1,0,0,0,1,0, 0.00405571, 0.00405571, 0.0040628, 0.00409410, 0.00402741,buy
2019-07-23,1,0,0,2,0,0,0,1,0,1,0,0,1,0,0,0,1,0, 0.00150511, 0.00135413, 0.0018154, 0.00130337, 0.00150511,buy
2019-07-24,1,0,0,1,0,0,0,1,0,1,0,0,1,0,0,0,1,0, 0.00086163, 0.00058283,-0.0008518, 0.00086163, 0.00115412,buy
2019-07-25,1,0,0,2,0,0,0,1,0,0,0,0,0,0,0,0,1,0, 0.00230170, 0.00246285, 0.0028956, 0.00230170, 0.00211436,buy
2019-07-26,2,0,0,2,0,0,0,1,0,1,0,0,0,0,0,1,1,0, 0.00419977, 0.00419977, 0.0040594, 0.00419977, 0.00411408,buy
2019-07-27,2,0,0,1,0,0,0,1,0,1,0,0,0,0,0,1,1,0, 0.00264972, 0.00264972, 0.0029263, 0.00345293, 0.00373701,buy
2019-07-28,1,0,0,1,0,0,0,2,0,1,0,0,0,0,0,1,0,0, 0.00212459,-0.00048555, 0.0005262,-0.00102049, 0.00186062,buy
2019-07-29,1,0,0,1,0,0,0,2,0,1,0,0,0,0,0,1,0,0, 0.00212459,-0.00048555, 0.0005262,-0.00102049, 0.00186062,buy
2019-07-30,1,0,0,1,0,0,0,1,0,1,0,0,1,0,0,2,0,0, 0.00090048, 0.00067448, 0.0014023, 0.00034110, 0.00067497,buy
2019-07-31,1,0,0,0,0,0,0,1,0,1,0,0,1,0,0,2,0,0,-0.00000286,-0.00011034, 0.0011098,-0.00001285,-0.00002491,buy
2019-08-01,0,0,0,0,0,0,0,1,0,1,0,0,1,0,0,2,0,0,-0.00076208,-0.00095184,-0.0010459,-0.00012347, 0.00018281,sell
2019-08-02,0,0,0,0,0,0,0,1,0,1,0,0,1,0,0,2,0,0,-0.00076208,-0.00095184,-0.0010459,-0.00012347, 0.00018281,sell
2019-08-03,0,0,0,0,0,0,0,0,0,1,0,0,1,0,0,1,0,0,-0.00068985,-0.00016957, 0.0000459, 0.00068908, 0.00055412,buy
2019-08-04,0,0,1,0,0,0,0,0,0,1,0,0,1,0,0,1,0,0,-0.00399926, 0.00065644,-0.0038227, 0.00056077, 0.00083750,sell
2019-08-05,0,0,1,0,0,1,0,0,0,1,1,0,1,0,0,0,0,0,-0.00414030,-0.00382580,-0.0038226,-0.00459130,-0.00246328,sell
2019-08-06,0,0,2,0,0,1,0,0,0,1,1,0,1,0,0,0,0,0,-0.00287233,-0.00256583,-0.0028723,-0.00341176,-0.00120331,sell
2019-08-07,0,0,2,0,0,1,0,0,0,0,2,0,1,0,0,0,0,0,-0.00105236,-0.00068111,-0.0010524,-0.00118970, 0.00013606,sell
2019-08-08,0,0,2,1,0,1,1,0,0,0,2,0,1,0,0,0,0,0,-0.00070109,-0.00012138,-0.0001317,-0.00018984,-0.00039701,sell
2019-08-09,0,0,2,1,0,0,2,0,0,0,2,0,1,0,0,0,0,0,-0.00053980,-0.00062492, 0.0015942,-0.00062492,-0.00067511,sell
2019-08-10,0,0,2,1,0,0,2,0,0,0,2,0,1,0,0,0,0,0,-0.00053980,-0.00062492, 0.0015942,-0.00062492,-0.00067511,sell
2019-08-11,1,0,1,1,0,0,2,1,2,0,1,0,1,0,0,0,0,0,-0.00031506,-0.00185233,-0.0003151, 0.00126325,-0.00030189,sell
2019-08-12,1,0,0,1,0,0,2,1,2,0,0,0,1,0,0,0,0,0,-0.00049141,-0.00246894, 0.0007273,-0.00030189,-0.00030189,sell
2019-08-13,1,0,0,1,0,0,2,1,2,0,0,0,1,0,0,0,0,0,-0.00049141,-0.00246894, 0.0007273,-0.00030189,-0.00030189,sell
2019-08-14,1,0,0,0,0,0,2,1,2,0,0,0,1,0,0,1,0,0, 0.00185934,-0.00183059, 0.0018593, 0.00185580, 0.00190180,buy
2019-08-15,1,0,0,0,0,0,0,1,2,0,0,0,1,0,0,1,0,0, 0.00018556,-0.00091334,-0.0005807,-0.00189861,-0.00014252,sell
2019-08-16,1,0,0,0,0,0,0,1,2,0,0,0,1,0,0,1,0,0, 0.00018556,-0.00091334,-0.0005807,-0.00189861,-0.00014252,sell
2019-08-17,0,0,0,0,0,0,0,0,1,0,0,0,1,0,0,1,0,0, 0.00078964, 0.00078964, 0.0001367, 0.00111203, 0.00058865,buy
2019-08-18,0,0,0,0,1,0,0,0,0,0,0,1,1,0,0,1,0,0, 0.00130094, 0.00101057,-0.0011217,-0.00071558, 0.00108493,sell
2019-08-19,0,0,1,0,1,0,0,0,0,0,1,2,1,0,0,0,0,0, 0.00128071, 0.00136268, 0.0012357, 0.00203099, 0.00161299,buy
2019-08-20,0,0,1,0,1,0,0,0,0,0,1,2,1,0,0,0,0,0, 0.00128071, 0.00136268, 0.0012357, 0.00203099, 0.00161299,buy
2019-08-21,0,0,1,0,2,0,1,0,0,0,1,2,1,0,0,0,0,0, 0.00089975, 0.00000580, 0.0000271, 0.00117785,-0.00013057,buy
2019-08-22,0,1,1,0,2,0,1,0,0,0,1,2,1,0,0,0,0,0, 0.00109091, 0.00067107,-0.0001317, 0.00162209, 0.00051366,buy
2019-08-23,0,1,1,0,2,0,1,0,1,1,0,2,1,0,0,0,0,0, 0.00165853, 0.00038303, 0.0002787, 0.00060857, 0.00060917,buy
2019-08-24,0,1,0,0,2,0,1,0,1,1,0,1,1,0,1,0,0,0, 0.00091846, 0.00111205,-0.0000966, 0.00160673, 0.00150997,buy
2019-08-25,0,2,0,0,2,0,0,0,1,1,0,1,1,0,1,0,0,0,-0.00193791, 0.00459724,-0.0028474,-0.00292169,-0.00230936,sell
2019-08-26,0,2,0,0,2,0,0,0,1,2,0,0,1,0,1,0,0,0,-0.00266229, 0.00289556,-0.0025701,-0.00213431,-0.00227065,sell
2019-08-27,0,2,0,0,2,0,0,0,0,2,0,1,1,0,2,0,0,0, 0.00127899, 0.00312262, 0.0011759, 0.00135823, 0.00109562,buy
2019-08-28,0,1,0,0,2,0,0,0,0,2,0,1,1,0,2,0,0,0, 0.00087037, 0.00125106, 0.0007941, 0.00084526,-0.00009674,buy
2019-08-29,0,1,0,0,2,0,0,0,0,1,0,1,0,0,2,0,0,0, 0.00295824, 0.00265231, 0.0033478, 0.00284798, 0.00288267,buy
2019-08-30,0,2,0,0,2,0,0,0,0,2,1,1,0,0,1,0,0,0, 0.00229746, 0.00222058, 0.0022553, 0.00229746, 0.00179796,buy
2019-08-31,0,2,0,1,3,0,0,0,0,2,1,0,1,0,2,0,0,0, 0.00173092, 0.00122950,-0.0001041,-0.00020284,-0.00016493,buy
2019-09-01,0,2,0,1,2,0,0,1,0,2,1,0,1,0,2,0,0,0, 0.00386250, 0.00147032, 0.0011228, 0.00122334, 0.00104861,buy
2019-09-02,0,1,0,1,2,0,0,1,0,1,1,0,1,0,2,0,0,0, 0.00462979, 0.00002432, 0.0005037, 0.00048029,-0.00043135,buy
2019-09-03,0,1,0,1,2,0,0,1,0,0,2,0,1,0,1,0,0,0, 0.00182976, 0.00181678,-0.0015314,-0.00030785, 0.00004184,buy
2019-09-04,0,0,0,2,2,0,0,1,1,0,3,0,1,0,0,0,0,0, 0.00071642, 0.00199172, 0.0008615,-0.00068671, 0.00043062,buy
2019-09-05,0,0,0,3,2,0,0,2,1,0,2,0,1,0,0,1,0,0, 0.00219970, 0.00162488, 0.0022076,-0.00112120, 0.00056570,buy
2019-09-06,0,0,0,2,2,0,0,3,1,0,2,0,1,0,0,1,1,0, 0.00279875, 0.00297698, 0.0026794,-0.00015145, 0.00228366,buy
2019-09-07,0,0,0,2,1,0,0,3,2,0,2,0,1,0,0,2,1,0, 0.00291017, 0.00261808, 0.0026682, 0.00061714, 0.00264082,buy
2019-09-08,0,0,0,1,1,0,0,2,2,0,1,0,1,0,0,2,1,0, 0.00179817, 0.00143112, 0.0014311, 0.00141328, 0.00192781,buy
2019-09-09,0,0,0,1,1,0,0,2,2,0,1,0,0,0,0,2,1,0, 0.00404473, 0.00194677, 0.0021837, 0.00185962, 0.00229679,buy
2019-09-10,0,0,0,1,1,0,0,1,2,0,0,0,0,0,0,1,1,0, 0.00295894, 0.00218410, 0.0019945, 0.00208356, 0.00070014,buy
2019-09-11,0,0,0,1,1,0,0,1,1,0,0,0,0,0,0,2,1,0, 0.00316381, 0.00322602, 0.0029652, 0.00302644, 0.00101999,buy
2019-09-12,0,0,0,1,1,0,0,1,1,0,0,0,0,0,0,1,1,0, 0.00339515, 0.00293863, 0.0027665, 0.00268302, 0.00065800,buy
2019-09-13,0,0,0,0,1,0,0,1,1,0,0,0,0,0,0,1,1,0, 0.00116366, 0.00280784, 0.0022138, 0.00173385,-0.00005642,buy
2019-09-14,0,0,0,0,1,0,0,1,1,0,0,0,0,0,0,1,1,0, 0.00116366, 0.00280784, 0.0022138, 0.00173385,-0.00005642,buy
2019-09-15,0,0,0,0,0,0,0,0,1,0,0,0,0,0,0,1,1,0,-0.00346823,-0.00000472, 0.0017510, 0.00158493,-0.00010814,sell
2019-09-16,0,0,0,0,0,0,0,0,1,0,0,0,0,0,1,1,1,0,-0.00254129,-0.00046737,-0.0008076,-0.00162138,-0.00171526,sell
2019-09-17,0,0,0,0,0,0,0,0,0,0,0,0,0,0,2,1,1,0,-0.00142492,-0.00090505,-0.0011798,-0.00153612,-0.00155970,sell
2019-09-18,0,1,0,0,0,0,0,0,0,0,0,0,0,0,2,0,1,0,-0.00021502,-0.00086337, 0.0003788,-0.00042350,-0.00035265,sell
2019-09-19,0,1,0,0,0,0,0,0,0,0,0,0,0,0,2,0,1,0,-0.00021502,-0.00086337, 0.0003788,-0.00042350,-0.00035265,sell
2019-09-20,0,1,0,0,0,0,0,0,0,0,0,1,0,0,1,0,1,0,-0.00119658,-0.00117782,-0.0004998,-0.00008267,-0.00098646,sell
2019-09-21,0,2,0,0,0,0,0,0,0,0,0,1,0,0,1,0,1,0,-0.00090355,-0.00082897,-0.0021220,-0.00021963,-0.00090355,sell
2019-09-22,0,2,0,1,0,0,1,0,0,0,0,1,0,0,0,0,1,0,-0.00203743,-0.00203743,-0.0025083,-0.00234334,-0.00246944,sell
2019-09-23,0,2,0,1,0,0,1,0,0,0,0,2,0,0,0,0,1,0,-0.00093967,-0.00094221,-0.0011501,-0.00049498,-0.00106900,sell
2019-09-24,0,1,0,1,0,0,1,0,0,0,0,2,0,0,0,0,0,0,-0.00073734,-0.00099196,-0.0003658,-0.00130151,-0.00057976,sell
2019-09-25,0,1,0,1,0,0,2,0,0,1,0,1,0,0,0,0,0,0, 0.00247702, 0.00121408, 0.0008806, 0.00099534, 0.00117202,buy
2019-09-26,0,1,0,2,0,0,2,0,0,1,0,1,0,0,1,0,0,0, 0.00205448, 0.00083199, 0.0007347, 0.00092519, 0.00093486,buy
2019-09-27,0,1,0,1,0,0,1,0,0,1,0,1,0,0,1,0,0,0, 0.00045533, 0.00007154, 0.0002903, 0.00007670, 0.00003522,buy
2019-09-28,0,0,0,1,0,0,1,0,0,2,0,1,0,0,1,0,0,0,-0.00234782,-0.00241801,-0.0019917,-0.00291801,-0.00261790,sell
2019-09-29,0,0,0,1,0,1,1,0,0,1,0,0,0,0,1,0,0,0,-0.00320835,-0.00328623,-0.0030553,-0.00348833,-0.00334375,sell
2019-09-30,1,0,0,1,0,1,1,0,0,1,0,0,0,0,1,0,0,0,-0.00647590,-0.00747787,-0.0054982,-0.00290619,-0.00700888,sell
2019-10-01,1,0,0,1,0,1,0,0,0,1,0,0,0,0,1,0,0,0, 0.00192226, 0.00231362, 0.0023191, 0.00244689, 0.00231362,buy
2019-10-02,1,0,0,0,0,1,0,1,0,1,0,0,0,0,1,0,0,0, 0.00337999, 0.00157877, 0.0033600, 0.00397198, 0.00336004,buy
2019-10-03,1,0,1,0,0,1,0,1,0,1,0,0,0,0,0,0,0,0,-0.00136502,-0.00148806,-0.0002410,-0.00068257,-0.00105847,sell
2019-10-04,1,0,1,0,0,1,0,1,0,0,0,1,0,0,0,1,0,0,-0.00227258,-0.00193587,-0.0013080,-0.00194930,-0.00199226,sell
2019-10-05,1,0,1,0,0,1,0,1,0,0,0,1,0,0,0,1,0,0,-0.00227258,-0.00193587,-0.0013080,-0.00194930,-0.00199226,sell
2019-10-06,0,1,1,0,0,1,0,1,0,0,0,1,0,0,0,1,0,0,-0.00326959,-0.00133205,-0.0036206,-0.00122260,-0.00041003,sell
2019-10-07,1,1,1,0,0,0,1,1,0,0,0,1,0,0,0,1,0,0,-0.00048040, 0.00120705,-0.0010179, 0.00153587, 0.00153587,buy
2019-10-08,1,1,1,0,0,1,1,1,0,0,0,1,0,0,0,1,0,0,-0.00101980, 0.00036914,-0.0005114, 0.00000617, 0.00018075,sell
2019-10-09,1,1,1,0,0,1,1,1,0,0,0,1,0,0,0,2,0,0,-0.00059917, 0.00050783,-0.0001144, 0.00035308, 0.00042984,buy
2019-10-10,1,1,1,1,0,1,1,1,0,0,0,1,0,0,0,2,0,0,-0.00009136, 0.00157857, 0.0007748, 0.00141351, 0.00142717,buy
2019-10-11,1,1,1,1,0,1,1,1,0,1,0,1,0,0,0,1,0,0, 0.00134554, 0.00370668, 0.0031609, 0.00367242, 0.00390891,buy
2019-10-12,1,1,1,1,0,1,1,1,0,1,0,1,0,0,0,1,0,0, 0.00134554, 0.00370668, 0.0031609, 0.00367242, 0.00390891,buy
2019-10-13,1,1,1,1,0,1,2,0,0,1,0,1,0,0,0,1,0,0, 0.00264874, 0.00581196, 0.0053732, 0.00577003, 0.00580122,buy
2019-10-14,0,1,1,1,0,1,1,0,0,1,0,1,0,0,0,1,0,0, 0.00167508, 0.00062929, 0.0012904, 0.00178656,-0.00009735,buy
2019-10-15,0,2,1,1,0,1,1,0,0,1,0,1,0,0,0,1,0,0, 0.00078958,-0.00019676, 0.0003315, 0.00078958,-0.00074822,buy
2019-10-16,0,1,0,1,0,1,1,0,0,1,0,1,0,0,0,1,0,0, 0.00092042, 0.00046196,-0.0004714, 0.00081646,-0.00111008,buy
2019-10-17,0,1,0,2,0,1,1,0,0,2,0,0,0,0,0,0,0,0,-0.00033619,-0.00038964,-0.0001312,-0.00046380, 0.00009415,sell
2019-10-18,0,1,0,1,0,1,1,0,0,1,0,1,0,0,0,0,0,0,-0.00017456, 0.00048975,-0.0009379, 0.00005402,-0.00114976,sell
2019-10-19,0,1,0,1,0,0,1,0,0,1,0,1,0,0,0,0,0,0, 0.00148000, 0.00162806, 0.0002547, 0.00048738,-0.00022841,buy
2019-10-20,0,1,0,1,0,0,1,0,0,1,0,1,0,0,0,0,0,0, 0.00148000, 0.00162806, 0.0002547, 0.00048738,-0.00022841,buy
2019-10-21,0,1,0,1,0,0,1,0,0,1,0,1,0,0,0,0,0,0, 0.00148000, 0.00162806, 0.0002547, 0.00048738,-0.00022841,buy
2019-10-22,0,1,0,1,0,0,1,1,0,1,0,1,0,0,0,0,0,0, 0.00096596, 0.00162400, 0.0009369, 0.00059160, 0.00076337,buy
2019-10-23,0,2,0,2,0,0,1,1,0,2,0,1,0,0,0,0,0,0,-0.00009164,-0.00010162,-0.0002047,-0.00020468,-0.00000557,sell
2019-10-24,0,2,0,2,0,0,1,1,0,1,0,0,0,0,0,1,0,0, 0.00077944, 0.00061624, 0.0004189, 0.00061409, 0.00051237,buy
2019-10-25,0,1,0,1,0,0,0,1,0,1,0,0,0,0,0,1,0,0, 0.00061670, 0.00054721, 0.0018232, 0.00121200, 0.00109993,buy
2019-10-26,0,1,0,1,0,0,0,1,0,1,0,0,0,0,0,1,1,0,-0.00012706,-0.00019884,-0.0003769,-0.00029867,-0.00032329,sell
2019-10-27,0,1,0,1,0,0,0,1,0,1,0,0,0,0,0,1,1,0,-0.00012706,-0.00019884,-0.0003769,-0.00029867,-0.00032329,sell
2019-10-28,0,1,1,1,0,0,0,0,0,0,0,0,0,0,0,1,1,0, 0.00084518, 0.00170321, 0.0002034, 0.00085115, 0.00054203,buy
2019-10-29,1,1,1,1,0,0,0,0,0,0,1,0,0,0,0,1,1,0,-0.00063826, 0.00011220,-0.0006383,-0.00057267,-0.00087494,sell
2019-10-30,1,1,1,0,0,0,0,0,0,0,2,0,0,0,0,1,1,0,-0.00121048,-0.00059813,-0.0013323,-0.00130244,-0.00183794,sell
2019-10-31,1,0,1,0,0,0,0,0,0,0,2,0,0,0,0,1,1,0,-0.00203249,-0.00111491,-0.0022281,-0.00237813,-0.00148326,sell
2019-11-01,1,1,1,0,0,0,0,0,0,0,2,0,0,0,0,1,1,0,-0.00121048,-0.00059813,-0.0013323,-0.00130244,-0.00183794,sell
2019-11-02,1,1,1,0,1,0,0,0,0,0,2,0,0,0,1,0,1,0,-0.00202172,-0.00103000,-0.0020217,-0.00202172,-0.00214093,sell
2019-11-03,1,1,1,1,1,0,0,0,0,0,1,0,0,0,1,0,0,0, 0.00075828, 0.00029056, 0.0012072, 0.00074471, 0.00206669,buy
2019-11-04,1,1,1,1,1,0,0,0,1,0,1,0,0,0,1,0,0,0, 0.00094503, 0.00066010, 0.0009801, 0.00161437, 0.00178472,buy
2019-11-05,1,1,0,1,1,0,1,0,1,0,0,1,0,0,1,0,0,0, 0.00294921, 0.00185950, 0.0029758, 0.00125000, 0.00283134,buy
2019-11-06,1,1,0,1,1,1,1,0,1,0,0,1,0,0,1,0,0,0, 0.00194153, 0.00159932, 0.0019415, 0.00047317, 0.00194153,buy
2019-11-07,1,1,0,1,1,1,1,0,1,1,0,1,0,0,1,0,0,0, 0.00213750, 0.00226194, 0.0018861, 0.00205387, 0.00147671,buy
2019-11-08,0,0,0,1,1,1,1,0,1,1,0,1,0,0,0,0,0,0, 0.00566982, 0.00508226, 0.0051136, 0.00353606, 0.00081988,buy
2019-11-09,0,0,0,1,1,1,1,0,1,1,0,1,1,0,0,0,0,0, 0.00264638, 0.00094067, 0.0036492, 0.00113217, 0.00293910,buy
2019-11-10,0,0,0,0,1,1,1,0,0,2,0,1,1,0,0,0,0,0, 0.00016997, 0.00075180, 0.0002510, 0.00030155, 0.00065584,buy
2019-11-11,0,0,0,0,1,0,2,0,0,2,0,2,1,0,0,0,0,0,-0.00089753,-0.00069442,-0.0008651,-0.00055717,-0.00061831,sell
2019-11-12,0,0,0,0,1,0,1,1,0,2,0,2,1,0,0,0,0,0,-0.00086985,-0.00109646,-0.0008218,-0.00033070,-0.00066702,sell
2019-11-13,1,0,0,0,1,0,1,1,0,1,0,2,1,0,0,0,0,1,-0.00196639,-0.00174014,-0.0026899,-0.00212620,-0.00196639,sell
2019-11-14,1,0,0,0,0,0,1,1,0,1,0,2,0,0,0,1,0,1,-0.00137150,-0.00153596,-0.0021352,-0.00187648,-0.00124974,sell
2019-11-15,1,0,1,0,0,0,1,1,0,1,0,2,0,0,0,1,0,1,-0.00062987,-0.00027074,-0.0009313,-0.00091157,-0.00062987,sell
2019-11-16,1,0,1,1,0,0,1,1,0,2,0,2,0,0,0,1,0,0,-0.00127292, 0.00029247,-0.0007293, 0.00051463, 0.00046324,sell
2019-11-17,1,0,1,1,0,0,1,1,0,1,0,1,0,0,0,1,0,0, 0.00029059, 0.00228399, 0.0015442, 0.00290650, 0.00279568,buy
2019-11-18,0,0,1,1,0,0,0,0,0,1,0,0,0,0,0,1,0,0, 0.00234195, 0.00144675, 0.0013849, 0.00107333, 0.00132864,buy
2019-11-19,0,0,1,1,0,0,0,0,0,1,0,0,0,0,0,1,0,0, 0.00234195, 0.00144675, 0.0013849, 0.00107333, 0.00132864,buy
2019-11-20,0,0,2,1,0,1,0,0,0,1,0,0,0,0,0,0,1,0,-0.00036160,-0.00023441,-0.0008670,-0.00029117,-0.00064914,sell
2019-11-21,0,1,2,1,0,1,0,0,0,1,1,0,0,0,0,0,1,0,-0.00021711, 0.00013406,-0.0001169, 0.00020815,-0.00001505,sell
2019-11-22,0,1,2,1,0,1,0,0,0,0,1,0,0,0,0,0,1,0, 0.00011596, 0.00016914, 0.0001160,-0.00026608,-0.00023192,buy
2019-11-23,0,1,2,1,0,1,0,0,0,0,1,0,0,0,1,0,1,0, 0.00038220, 0.00074922, 0.0003714, 0.00063440, 0.00053937,buy
2019-11-24,0,1,2,0,0,1,1,0,0,0,1,0,0,0,1,0,1,0, 0.00203277, 0.00191805, 0.0016786, 0.00091252, 0.00209557,buy
2019-11-25,1,1,2,0,0,1,1,0,1,0,1,0,0,0,1,0,1,0, 0.00093002, 0.00113624, 0.0009819, 0.00085115, 0.00169518,buy
2019-11-26,1,1,2,0,0,1,1,0,1,0,1,0,0,0,2,0,1,0, 0.00162969, 0.00163696, 0.0009717, 0.00155475, 0.00183804,buy
2019-11-27,1,1,2,0,0,1,1,0,1,0,1,1,0,1,2,0,1,0, 0.00172205, 0.00176873, 0.0015089, 0.00152271, 0.00168290,buy
2019-11-28,1,1,2,0,0,2,1,0,1,0,1,1,0,1,2,0,1,0, 0.00165901, 0.00129908, 0.0005536, 0.00141870, 0.00160199,buy
2019-11-29,2,1,1,0,0,2,1,0,1,0,0,1,0,1,1,0,1,0, 0.00106576, 0.00092838,-0.0001849, 0.00110229, 0.00074523,buy
2019-11-30,2,1,0,0,0,2,1,0,1,1,0,1,0,1,1,0,1,0,-0.00017464,-0.00145949,-0.0014689, 0.00017658,-0.00025432,sell
2019-12-01,2,1,0,0,0,2,1,0,1,1,0,1,0,1,1,0,1,0,-0.00017464,-0.00145949,-0.0014689, 0.00017658,-0.00025432,sell
2019-12-02,2,0,0,0,0,2,0,0,0,1,0,1,0,1,0,0,1,0,-0.00054772,-0.00137224,-0.0013373, 0.00037483,-0.00103714,sell
2019-12-03,2,0,0,0,0,2,0,0,0,1,0,0,0,1,0,0,1,0,-0.00100964,-0.00261879,-0.0023485,-0.00069729,-0.00171721,sell
2019-12-04,2,0,0,0,0,2,0,0,0,1,0,0,0,1,0,0,1,0,-0.00100964,-0.00261879,-0.0023485,-0.00069729,-0.00171721,sell
2019-12-05,2,0,0,0,0,2,0,1,0,1,0,0,0,1,0,0,1,0,-0.00021333,-0.00231089,-0.0009439,-0.00091362,-0.00062486,sell
2019-12-06,1,0,0,0,0,2,0,2,0,0,0,0,0,1,0,0,1,0,-0.00100480,-0.00276631,-0.0015387,-0.00234048,-0.00136802,sell
2019-12-07,0,0,0,0,0,2,0,2,0,0,1,0,0,1,0,1,1,0,-0.00125018,-0.00341059,-0.0033060,-0.00412747,-0.00353199,sell
2019-12-08,0,0,0,1,0,1,0,2,0,0,1,1,0,1,0,1,1,0,-0.00009989,-0.00108290,-0.0015649,-0.00134297,-0.00116634,sell
2019-12-09,0,0,0,1,0,0,0,2,0,0,1,1,0,1,1,1,1,0,-0.00056840, 0.00015482,-0.0013962,-0.00121518,-0.00120002,sell
2019-12-10,0,0,0,1,0,0,0,2,1,0,2,1,0,1,1,1,1,0, 0.00099431, 0.00004704, 0.0015206, 0.00049103, 0.00047796,buy
2019-12-11,0,0,0,1,0,0,0,2,1,1,2,1,0,1,1,1,1,0, 0.00126501, 0.00030379, 0.0018443, 0.00070973, 0.00070973,buy
2019-12-12,0,0,0,1,0,0,0,0,2,1,2,1,0,1,1,1,1,0, 0.00164063, 0.00008446, 0.0036047, 0.00176167, 0.00290388,buy
2019-12-13,0,0,0,1,0,0,0,0,2,1,2,1,0,1,1,1,1,0, 0.00164063, 0.00008446, 0.0036047, 0.00176167, 0.00290388,buy
2019-12-14,0,1,0,0,0,0,0,0,2,1,2,1,0,1,0,0,1,0, 0.00027937,-0.00121317, 0.0033956, 0.00174314, 0.00053537,buy
2019-12-15,0,1,0,0,0,0,0,0,2,1,0,0,0,1,0,0,1,0, 0.00077749, 0.00103759, 0.0008992, 0.00070015, 0.00075257,buy
2019-12-16,0,1,0,0,0,0,0,0,2,1,0,0,0,1,0,0,1,0, 0.00077749, 0.00103759, 0.0008992, 0.00070015, 0.00075257,buy
2019-12-17,0,1,0,0,0,0,0,0,0,1,0,0,0,1,0,0,1,0, 0.00060226, 0.00060226, 0.0007772, 0.00016942, 0.00035235,buy
2019-12-18,0,1,0,0,0,0,1,1,0,0,0,0,0,1,0,0,1,0,-0.00084406,-0.00049532,-0.0004220,-0.00110916,-0.00079987,sell
2019-12-19,0,1,0,0,0,0,1,1,0,0,0,0,0,1,0,1,1,0,-0.00127125,-0.00155720,-0.0018634,-0.00191439,-0.00177024,sell
2019-12-20,0,1,0,0,0,0,1,1,0,0,0,1,0,1,0,2,1,0,-0.00082829,-0.00184924,-0.0008481,-0.00094908,-0.00070585,sell
2019-12-21,0,0,0,1,0,1,1,1,0,0,0,1,0,1,0,2,1,0,-0.00042393,-0.00058609,-0.0003778,-0.00019380,-0.00031594,sell
2019-12-22,0,0,1,1,0,1,1,1,0,1,0,1,0,1,1,2,1,0, 0.00044103, 0.00050783, 0.0005224, 0.00008152, 0.00013948,buy
2019-12-23,0,0,1,1,0,1,1,0,0,1,0,1,0,1,1,2,1,0, 0.00104476, 0.00101458,-0.0000309, 0.00077975, 0.00103321,buy
2019-12-24,0,0,1,1,0,1,0,0,0,1,0,1,0,1,1,1,1,0, 0.00038123, 0.00082483,-0.0006814,-0.00000548, 0.00035300,buy
2019-12-25,0,0,1,1,0,1,0,0,0,1,0,1,0,1,1,0,1,0,-0.00049756, 0.00010401,-0.0005212,-0.00016539,-0.00071697,sell
2019-12-26,0,0,1,1,0,1,0,0,0,1,0,0,0,0,1,0,1,0,-0.00234497,-0.00102480,-0.0038506,-0.00358580,-0.00234497,sell
2019-12-27,0,0,1,1,0,1,0,0,0,0,0,0,0,0,1,0,0,0, 0.00072810, 0.00153318,-0.0003065,-0.00138971,-0.00107893,sell
2019-12-28,0,0,1,0,0,1,0,0,0,0,0,0,0,0,0,0,0,0,-0.00242320,-0.00165779,-0.0020009,-0.00245080,-0.00100618,sell
2019-12-29,0,0,1,0,0,0,0,0,0,0,0,0,0,0,1,0,0,0,-0.00084702, 0.00172713,-0.0010847, 0.00035026,-0.00016905,sell
2019-12-30,0,0,2,0,0,0,0,0,0,0,0,0,0,0,1,0,0,0,-0.00149565, 0.00113994,-0.0016352, 0.00098385,-0.00047580,sell
2019-12-31,0,0,2,0,0,0,0,1,0,0,0,0,0,0,1,0,0,0,-0.00205679, 0.00015416,-0.0019509, 0.00164041,-0.00056492,sell
2020-01-01,0,1,2,0,0,0,0,1,0,0,0,0,0,0,1,0,0,0,-0.00198285, 0.00076951,-0.0020699, 0.00255920, 0.00116727,sell
2020-01-02,0,1,1,0,1,0,0,1,0,0,0,0,0,0,0,0,0,0,-0.00328950,-0.00357382,-0.0034734,-0.00158546,-0.00256707,sell
2020-01-03,0,1,1,0,1,0,0,1,0,0,0,0,1,0,0,0,0,0,-0.00302212,-0.00299657,-0.0030941,-0.00101368,-0.00267463,sell
2020-01-04,0,1,1,0,1,0,0,2,0,0,0,1,1,0,0,0,0,0,-0.00241585,-0.00241585,-0.0020286,-0.00010694,-0.00282870,sell
2020-01-05,0,1,2,0,1,0,0,2,0,1,0,1,1,0,0,0,0,0,-0.00069951,-0.00130279,-0.0014383, 0.00139831,-0.00120901,sell
2020-01-06,0,1,1,0,1,0,0,2,0,1,0,1,1,0,0,0,0,0,-0.00069951,-0.00130279,-0.0013855, 0.00082955,-0.00114818,sell
2020-01-07,1,1,1,0,2,0,0,2,0,1,0,1,1,0,0,0,0,0,-0.00008777, 0.00013809, 0.0002726, 0.00133809,-0.00029638,buy
2020-01-08,2,1,1,0,2,0,0,2,0,1,0,1,1,0,0,0,0,0, 0.00035236,-0.00126170, 0.0001286, 0.00028065, 0.00005521,buy
2020-01-09,2,0,1,0,2,0,0,2,2,1,2,1,1,0,0,0,0,0, 0.00281702, 0.00305847, 0.0051045, 0.00438967, 0.00494292,buy
2020-01-10,2,0,1,0,2,0,0,2,2,1,2,1,1,0,0,0,0,0, 0.00281702, 0.00305847, 0.0051045, 0.00438967, 0.00494292,buy
2020-01-11,2,0,1,0,2,0,0,0,2,0,2,0,1,0,0,0,0,0, 0.00051881,-0.00168067, 0.0003645, 0.00033291,-0.00000208,buy
2020-01-12,2,0,0,0,2,0,0,0,2,0,2,0,1,0,0,0,0,0, 0.00283005, 0.00082441, 0.0027689, 0.00262211, 0.00224692,buy
2020-01-13,2,0,0,0,2,0,0,0,2,0,2,0,1,0,0,1,0,0, 0.00187565, 0.00030292, 0.0018586, 0.00189591, 0.00185862,buy
2020-01-14,2,0,0,0,1,0,0,0,2,0,2,0,1,0,0,1,0,0, 0.00054633,-0.00125898, 0.0005463, 0.00080494, 0.00068547,buy
2020-01-15,2,0,0,0,1,0,1,0,1,0,2,0,1,0,0,1,0,0, 0.00112602, 0.00082939, 0.0011260, 0.00060619, 0.00100197,buy
2020-01-16,1,0,0,0,1,0,1,0,1,0,1,0,1,0,0,2,0,0, 0.00107485, 0.00104072, 0.0004986, 0.00079247, 0.00036779,buy
2020-01-17,1,0,0,0,1,0,1,0,2,0,1,0,0,0,0,2,0,0, 0.00085232, 0.00059084, 0.0008703, 0.00131633, 0.00061494,buy
2020-01-18,1,0,0,0,1,0,1,0,1,0,2,0,0,0,0,2,0,1, 0.00057937, 0.00302123, 0.0027365, 0.00311145, 0.00279803,buy
2020-01-19,2,0,0,0,1,0,2,0,1,0,1,0,0,0,0,1,0,1, 0.00115002, 0.00224976, 0.0022826, 0.00308859, 0.00169573,buy
2020-01-20,2,0,0,1,0,0,1,0,1,0,1,0,0,0,0,2,0,1,-0.00040293, 0.00128008, 0.0009448, 0.00210388, 0.00125979,buy
2020-01-21,1,0,0,2,0,1,1,0,1,0,1,0,0,0,0,1,0,1,-0.00070194, 0.00032203, 0.0001798, 0.00010152, 0.00023224,sell
2020-01-22,1,0,0,2,0,2,1,0,1,0,1,0,0,0,0,1,0,1,-0.00187658,-0.00209902,-0.0020993,-0.00223503,-0.00187658,sell
2020-01-23,1,0,0,2,0,2,1,0,0,0,1,0,0,0,0,1,0,1,-0.00189098,-0.00193733,-0.0023275,-0.00192077,-0.00189098,sell
2020-01-24,1,0,0,2,0,2,2,1,0,0,0,0,0,0,0,1,0,1,-0.00191230,-0.00266672,-0.0026643,-0.00161127,-0.00213473,sell
2020-01-25,1,0,0,2,0,2,2,1,0,0,0,0,0,0,0,1,0,1,-0.00191230,-0.00266672,-0.0026643,-0.00161127,-0.00213473,sell
2020-01-26,1,0,0,1,0,2,1,1,0,0,0,0,0,0,1,1,0,1,-0.00155910,-0.00249839,-0.0003355,-0.00092006,-0.00143399,sell
2020-01-27,1,0,0,0,0,2,1,1,0,0,0,0,0,0,1,0,0,1,-0.00061862,-0.00062888, 0.0001868,-0.00020789,-0.00025771,sell
2020-01-28,0,0,0,0,0,2,1,1,0,1,0,0,0,0,1,0,0,1,-0.00072234,-0.00059551,-0.0007368,-0.00152450,-0.00124418,sell
2020-01-29,0,0,0,0,0,1,1,0,0,1,0,1,0,0,1,0,0,1, 0.00057802, 0.00057392, 0.0001838, 0.00119483, 0.00122543,buy
2020-01-30,0,0,0,1,0,1,1,0,0,2,0,1,0,0,1,0,0,0,-0.00224488,-0.00180635,-0.0018268,-0.00242206,-0.00178589,sell
2020-01-31,0,0,1,1,0,1,1,0,0,2,0,1,0,0,1,0,0,0,-0.00137628,-0.00112443,-0.0018275,-0.00130988,-0.00112983,sell
2020-02-01,0,0,1,1,0,1,0,0,0,2,0,2,0,0,0,0,0,0, 0.00125929, 0.00062994,-0.0003826, 0.00122056, 0.00090093,buy
2020-02-02,0,1,1,1,0,0,0,0,0,1,0,2,0,0,0,0,0,0,-0.00263398, 0.00035172,-0.0018843,-0.00153186,-0.00188433,sell
2020-02-03,0,1,1,1,0,0,0,1,0,1,0,1,0,0,0,1,0,0,-0.00069077, 0.00211040, 0.0013019, 0.00092874, 0.00068491,buy
2020-02-04,0,1,1,1,0,0,0,1,0,1,0,1,0,0,0,1,0,0,-0.00069077, 0.00211040, 0.0013019, 0.00092874, 0.00068491,buy
2020-02-05,0,1,1,1,0,0,0,1,0,0,0,1,0,0,0,1,0,0,-0.00037091, 0.00415815, 0.0001099, 0.00289185, 0.00290305,buy
2020-02-06,0,1,0,1,0,0,0,1,0,0,0,1,0,0,0,1,0,0, 0.00052686, 0.00282523, 0.0011870, 0.00071350,-0.00019790,buy
2020-02-07,0,2,0,1,0,0,0,1,1,0,0,0,0,0,0,2,0,0, 0.00043388,-0.00000627,-0.0004671,-0.00098206,-0.00031923,sell
2020-02-08,0,1,0,0,0,0,0,1,1,0,0,0,0,0,0,1,0,0,-0.00203356,-0.00191414,-0.0023309,-0.00293582,-0.00214096,sell
2020-02-09,0,1,0,0,0,0,0,1,1,0,1,0,0,0,0,1,0,0,-0.00346110,-0.00266061,-0.0034165,-0.00273850,-0.00272120,sell
2020-02-10,0,1,0,0,0,0,0,0,1,1,1,0,0,0,0,1,0,0, 0.00107812, 0.00043555, 0.0000560, 0.00095212, 0.00120314,buy
2020-02-11,0,1,0,0,0,0,0,0,1,1,1,0,1,0,0,1,0,0, 0.00097980, 0.00058915, 0.0008603, 0.00171166, 0.00155743,buy
2020-02-12,0,1,0,0,0,0,0,0,1,1,1,1,1,0,0,1,0,0, 0.00058155, 0.00074805, 0.0008572, 0.00103766, 0.00164390,buy
2020-02-13,0,1,0,0,0,0,0,0,1,1,1,1,1,0,0,1,0,0, 0.00058155, 0.00074805, 0.0008572, 0.00103766, 0.00164390,buy
2020-02-14,0,1,0,0,0,0,0,0,0,1,1,1,1,0,0,0,0,0, 0.00095098,-0.00050979, 0.0011060, 0.00079707, 0.00111529,buy
2020-02-15,0,1,0,0,0,1,0,0,0,1,1,1,1,0,0,0,0,0,-0.00036504,-0.00141429,-0.0014794,-0.00113710, 0.00000099,sell
2020-02-16,0,0,0,0,0,1,0,0,0,1,1,1,1,0,0,0,0,1,-0.00023776, 0.00033410,-0.0000819,-0.00103031,-0.00028715,sell
2020-02-17,0,0,0,0,0,1,0,0,0,0,1,1,1,0,0,0,0,1, 0.00117128, 0.00085994, 0.0005954, 0.00014608, 0.00094440,buy
2020-02-18,0,0,1,0,0,1,0,0,0,0,1,1,1,0,0,0,0,1, 0.00153022, 0.00112484, 0.0007962, 0.00102633, 0.00153022,buy
2020-02-19,0,0,1,0,0,1,0,0,0,0,1,1,1,0,0,1,0,1, 0.00254971, 0.00259591, 0.0008965, 0.00132885, 0.00230893,buy
2020-02-20,0,0,1,1,0,1,0,1,1,0,1,0,1,0,0,1,0,1, 0.00531951, 0.00620088, 0.0038786, 0.00334011, 0.00620088,buy
2020-02-21,0,1,1,1,0,1,0,1,1,0,1,0,1,0,0,1,0,0,-0.00073861,-0.00073861,-0.0012484,-0.00435170,-0.00023638,sell
2020-02-22,0,1,1,1,0,1,0,1,1,0,1,0,1,0,0,1,0,0,-0.00073861,-0.00073861,-0.0012484,-0.00435170,-0.00023638,sell
2020-02-23,0,1,1,1,0,1,0,1,1,0,1,0,1,0,0,1,0,0,-0.00073861,-0.00073861,-0.0012484,-0.00435170,-0.00023638,sell
2020-02-24,0,1,1,1,0,2,0,1,1,0,0,0,2,0,0,1,0,0,-0.00159893,-0.00112908,-0.0013532,-0.00293118,-0.00153362,sell
2020-02-25,0,1,1,1,0,2,0,1,2,0,0,0,2,0,0,1,1,0,-0.00364195,-0.00214872,-0.0036419,-0.00358833,-0.00309459,sell
2020-02-26,0,2,1,1,0,2,0,1,2,1,0,0,2,0,0,1,1,0,-0.00308945,-0.00227140,-0.0032588,-0.00303371,-0.00279175,sell
2020-02-27,0,1,1,0,0,2,0,0,1,1,0,0,2,0,0,1,1,0,-0.00164902,-0.00173504,-0.0021627,-0.00332263,-0.00171854,sell
2020-02-28,0,1,1,0,0,1,0,0,1,1,0,0,1,0,0,1,0,0,-0.00031744,-0.00386790,-0.0037703,-0.00415431,-0.00108594,sell
2020-02-29,0,1,1,0,0,1,0,0,1,1,1,1,1,0,0,1,0,0,-0.00481226,-0.00750659,-0.0071371,-0.00724752,-0.00575913,sell
2020-03-01,0,1,1,0,0,1,0,0,1,1,1,1,1,0,0,1,0,0,-0.00481226,-0.00750659,-0.0071371,-0.00724752,-0.00575913,sell
2020-03-02,0,1,1,0,0,1,0,0,1,1,1,2,1,0,0,1,0,0,-0.00482724,-0.00586253,-0.0052041,-0.00539752,-0.00582591,sell
2020-03-03,0,1,0,0,0,1,0,0,0,0,1,2,1,0,0,1,0,1, 0.00097334, 0.00179883, 0.0003075, 0.00006653, 0.00113735,buy
2020-03-04,0,1,0,0,1,1,1,0,0,0,1,2,1,0,0,0,0,1,-0.00269110, 0.00117439,-0.0026726,-0.00236338,-0.00208433,sell
2020-03-05,0,1,0,0,1,1,2,0,0,0,1,2,1,0,1,0,0,1,-0.00079286, 0.00155364,-0.0009811,-0.00073799,-0.00079286,sell
2020-03-06,0,1,0,0,1,0,2,0,0,0,1,2,1,0,2,0,0,1, 0.00171676, 0.00177414, 0.0006096, 0.00152098, 0.00201585,buy
2020-03-07,0,0,0,1,1,0,2,0,0,0,0,1,1,0,2,0,0,0, 0.00053482,-0.00018908, 0.0005091, 0.00029108, 0.00025509,buy
2020-03-08,0,0,0,1,1,0,2,0,0,0,0,1,1,0,2,0,0,0, 0.00053482,-0.00018908, 0.0005091, 0.00029108, 0.00025509,buy
2020-03-09,0,0,0,1,1,0,2,0,0,0,0,1,1,0,2,0,0,0, 0.00053482,-0.00018908, 0.0005091, 0.00029108, 0.00025509,buy
2020-03-10,0,0,0,1,1,0,2,0,0,0,0,1,1,0,2,0,0,0, 0.00053482,-0.00018908, 0.0005091, 0.00029108, 0.00025509,buy
2020-03-11,0,0,0,1,1,0,2,0,0,1,0,1,1,0,2,0,0,0, 0.00096279,-0.00020025, 0.0006516, 0.00045945, 0.00020332,buy
2020-03-12,0,0,0,1,0,0,1,0,0,1,0,1,1,0,2,0,0,0,-0.00206281,-0.00219709,-0.0019858,-0.00011144,-0.00193825,sell
2020-03-13,0,0,0,1,0,0,0,0,0,1,0,1,1,0,0,0,0,0, 0.00422781, 0.00439459, 0.0042011, 0.00411771, 0.00520092,buy
2020-03-14,0,0,0,1,0,0,0,0,0,1,0,1,1,0,0,0,0,0, 0.00422781, 0.00439459, 0.0042011, 0.00411771, 0.00520092,buy
2020-03-15,0,0,0,1,0,0,0,0,0,1,0,1,1,0,0,0,0,0, 0.00422781, 0.00439459, 0.0042011, 0.00411771, 0.00520092,buy
2020-03-16,0,0,0,0,0,0,0,0,0,1,0,2,1,0,0,0,0,0, 0.00618344, 0.00603444, 0.0025389, 0.00572743, 0.00549275,buy
2020-03-17,0,0,0,0,0,0,0,0,0,1,0,2,1,0,0,0,0,0, 0.00618344, 0.00603444, 0.0025389, 0.00572743, 0.00549275,buy
2020-03-18,0,0,0,0,0,0,0,0,0,0,0,2,1,1,0,1,0,0, 0.00458919, 0.00550170,-0.0018685, 0.00547173, 0.00652342,buy
2020-03-19,0,1,0,0,0,0,0,0,0,0,0,2,1,1,0,1,0,0, 0.00399220, 0.00643581,-0.0007708, 0.00644265, 0.00607122,buy
2020-03-20,0,1,0,0,0,0,0,1,0,0,0,2,1,1,0,1,0,0, 0.00490324, 0.00714235, 0.0011617, 0.00713619, 0.00711782,buy
2020-03-21,1,1,0,0,0,0,0,1,0,0,0,1,1,1,0,2,0,0, 0.00130323, 0.00115815, 0.0027221, 0.00393164, 0.00055982,buy
2020-03-22,1,1,0,0,0,0,0,1,0,0,0,1,1,1,0,2,0,0, 0.00130323, 0.00115815, 0.0027221, 0.00393164, 0.00055982,buy
2020-03-23,1,1,1,0,0,0,0,1,0,0,0,1,1,1,0,2,0,0, 0.00007493, 0.00027196, 0.0022557, 0.00256387, 0.00010210,buy
2020-03-24,1,1,2,0,0,0,0,1,1,0,0,0,1,1,0,2,0,0, 0.00047417, 0.00047417, 0.0007789, 0.00116656, 0.00047417,buy
2020-03-25,1,1,2,0,0,0,0,1,1,0,0,0,1,1,0,2,0,0, 0.00047417, 0.00047417, 0.0007789, 0.00116656, 0.00047417,buy
2020-03-26,1,1,2,0,0,0,0,1,2,0,0,0,1,1,0,1,0,0,-0.00098883,-0.00077014,-0.0007701, 0.00178587,-0.00085101,sell
2020-03-27,1,1,2,0,1,0,0,0,2,0,0,0,1,1,0,1,0,0,-0.00090730,-0.00103390,-0.0010339, 0.00196815,-0.00031016,sell
2020-03-28,1,1,2,0,1,0,0,0,2,0,0,0,1,1,0,1,0,0,-0.00090730,-0.00103390,-0.0010339, 0.00196815,-0.00031016,sell
2020-03-29,1,0,2,0,1,0,0,0,2,0,1,0,1,1,0,0,0,0,-0.00473594,-0.00472675,-0.0052132,-0.00253467,-0.00490653,sell
2020-03-30,1,0,1,0,1,0,0,0,2,0,1,0,1,0,0,0,0,0,-0.00471501,-0.00441881,-0.0056893,-0.00469302,-0.00423858,sell
2020-03-31,0,0,1,0,1,0,0,0,1,0,1,0,1,0,0,0,0,0,-0.00017708, 0.00163409,-0.0009035, 0.00163904, 0.00082255,buy
2020-04-01,0,0,0,0,1,0,1,0,1,0,2,0,1,0,0,0,0,0,-0.00155066, 0.00118130,-0.0015274,-0.00133053,-0.00152246,sell
2020-04-02,0,0,0,0,2,0,1,0,0,0,2,0,1,0,1,0,0,0,-0.00195057,-0.00106933, 0.0001589, 0.00027320, 0.00044287,sell
2020-04-03,0,0,0,0,2,0,1,0,0,0,2,0,1,0,1,0,0,0,-0.00195057,-0.00106933, 0.0001589, 0.00027320, 0.00044287,sell
2020-04-04,0,0,0,0,2,0,1,0,0,0,1,0,1,0,1,0,0,0,-0.00045533,-0.00031798, 0.0009974, 0.00218908, 0.00218908,buy
2020-04-05,0,1,0,1,2,0,1,1,0,1,1,0,1,0,1,0,0,0, 0.00458822, 0.00296934, 0.0013789, 0.00134782, 0.00288164,buy
2020-04-06,0,1,0,1,2,0,1,1,0,1,1,0,1,0,1,1,0,0, 0.00295896, 0.00231250,-0.0002388, 0.00056899, 0.00212149,buy
2020-04-07,0,1,0,1,1,0,0,1,0,1,1,0,1,0,0,1,0,0,-0.00143750, 0.00012685,-0.0014269, 0.00072270, 0.00012632,sell
2020-04-08,0,1,0,1,1,0,0,1,0,1,1,0,1,0,0,1,0,0,-0.00143750, 0.00012685,-0.0014269, 0.00072270, 0.00012632,sell
2020-04-09,0,1,0,1,1,0,0,1,0,1,0,0,1,0,0,1,0,0,-0.00278216,-0.00031754,-0.0027270,-0.00103593,-0.00113124,sell
2020-04-10,0,1,0,1,1,0,0,1,0,0,0,1,1,0,0,1,0,0,-0.00136594,-0.00139128,-0.0020825,-0.00189727,-0.00176595,sell
2020-04-11,0,0,0,0,1,0,0,1,0,2,0,1,1,0,0,1,0,0, 0.00019295,-0.00044063,-0.0001799, 0.00109864, 0.00001312,buy
2020-04-12,0,0,0,2,1,0,0,1,0,2,0,1,1,0,0,2,0,0,-0.00320598,-0.00149667,-0.0008716,-0.00130346,-0.00083695,sell
2020-04-13,0,1,0,2,1,0,0,0,0,2,0,1,1,0,0,2,0,0,-0.00256793,-0.00298329,-0.0015357,-0.00276310,-0.00165810,sell
2020-04-14,0,1,0,2,1,0,0,0,0,2,0,0,1,0,0,2,0,0,-0.00318714,-0.00337479,-0.0021028,-0.00280820,-0.00222091,sell
2020-04-15,0,1,0,2,1,0,0,0,0,2,0,0,1,0,0,1,0,1,-0.00024953, 0.00113639,-0.0000580, 0.00131563,-0.00003994,buy
2020-04-16,0,1,0,2,1,1,0,0,0,2,0,0,1,0,0,1,0,1, 0.00121317, 0.00189414, 0.0015124, 0.00203775, 0.00132960,buy
2020-04-17,1,1,0,2,1,1,0,0,0,2,0,0,1,0,0,0,0,1, 0.00135609, 0.00187161, 0.0014986, 0.00150090, 0.00127628,buy
2020-04-18,1,1,0,2,1,1,0,0,0,1,0,1,1,0,0,0,0,1, 0.00116470, 0.00120510, 0.0014201, 0.00158992, 0.00142014,buy
2020-04-19,1,1,0,1,1,1,0,0,0,1,0,1,1,0,0,0,0,1,-0.00050387,-0.00097885, 0.0001483, 0.00014825, 0.00014825,sell
2020-04-20,1,1,0,1,1,1,0,0,0,0,0,2,1,0,0,0,0,1,-0.00137090,-0.00052229,-0.0011402,-0.00112479,-0.00113048,sell
2020-04-21,1,1,0,1,1,1,1,1,0,0,0,2,1,0,0,0,0,0,-0.00019231,-0.00063643,-0.0017478,-0.00180932,-0.00175321,sell
2020-04-22,0,1,0,1,1,0,1,1,0,0,0,2,0,0,1,0,0,0, 0.00008327,-0.00004325, 0.0000657,-0.00004325, 0.00073730,buy
2020-04-23,0,0,0,0,1,0,1,1,0,1,0,2,0,0,1,0,0,0,-0.00035559,-0.00015119,-0.0003432,-0.00010740,-0.00047343,sell
2020-04-24,0,0,0,1,1,0,1,1,0,1,0,2,0,0,1,0,0,0, 0.00149464, 0.00000179, 0.0004520,-0.00032220,-0.00003879,buy
2020-04-25,0,0,0,1,1,0,1,0,0,1,0,1,0,0,1,0,0,0, 0.00537920, 0.00503504, 0.0058959, 0.00129603,-0.00135860,buy
2020-04-26,0,1,0,1,1,0,1,1,0,1,0,1,0,0,1,0,0,0, 0.00274118, 0.00057040, 0.0018051, 0.00033807, 0.00245670,buy
2020-04-27,0,1,0,1,1,0,1,1,0,0,0,2,0,0,1,0,1,0,-0.00182393,-0.00235500,-0.0019787,-0.00149552,-0.00150198,sell
2020-04-28,0,1,0,0,1,0,1,1,0,0,0,2,0,0,1,0,1,0,-0.00116160,-0.00242747,-0.0016665,-0.00098741,-0.00013932,sell
2020-04-29,0,1,0,0,1,0,1,1,0,0,0,2,0,0,2,0,1,0,-0.00111635,-0.00238515,-0.0007225, 0.00009386, 0.00070500,sell
2020-04-30,0,1,0,0,1,0,1,1,0,0,0,2,0,0,3,0,1,0, 0.00024161,-0.00160944,-0.0002126, 0.00011565, 0.00206727,buy
2020-05-01,0,0,0,0,1,0,1,1,0,0,0,1,1,0,2,0,1,0, 0.00067454,-0.00286622,-0.0008439,-0.00090768, 0.00056840,sell
2020-05-02,0,0,0,0,1,0,0,1,0,0,0,1,1,0,2,0,0,0, 0.00074731,-0.00081335,-0.0008357,-0.00061521, 0.00111267,sell
2020-05-03,0,0,0,0,0,0,0,1,0,0,0,0,1,0,2,0,0,0,-0.00115925,-0.00075640,-0.0008849,-0.00109629, 0.00018360,sell
2020-05-04,0,0,0,0,0,0,0,1,0,0,0,0,1,0,1,0,0,0,-0.00168032,-0.00199831,-0.0018923,-0.00131799,-0.00020245,sell
2020-05-05,0,0,0,0,0,0,0,1,0,0,0,0,1,0,1,0,0,0,-0.00168032,-0.00199831,-0.0018923,-0.00131799,-0.00020245,sell
2020-05-06,0,0,0,0,0,0,0,2,0,0,0,0,1,0,1,0,0,1,-0.00194596,-0.00183698,-0.0017101,-0.00199119,-0.00080576,sell
2020-05-07,0,0,0,0,0,0,0,3,0,0,0,0,1,0,1,0,0,1,-0.00117998,-0.00117998,-0.0010823,-0.00235395,-0.00198580,sell
2020-05-08,0,0,0,0,0,0,0,3,1,0,0,0,1,1,1,0,0,1, 0.00020617,-0.00056567,-0.0001466, 0.00033392, 0.00034456,buy
2020-05-09,0,0,1,0,0,1,0,2,1,0,0,0,0,1,1,0,0,1, 0.00301656, 0.00265002, 0.0026882, 0.00301656, 0.00216805,buy
2020-05-10,0,0,1,0,0,1,0,2,1,0,0,0,0,1,1,0,0,0, 0.00346073, 0.00407590, 0.0041093, 0.00315315, 0.00300567,buy
2020-05-11,0,0,1,0,0,1,0,2,0,0,1,0,0,1,1,0,0,0, 0.00240995, 0.00240995, 0.0024100, 0.00196869, 0.00109249,buy
2020-05-12,0,0,1,0,0,1,0,2,1,0,1,0,0,1,1,0,0,0, 0.00221950, 0.00239813, 0.0022893, 0.00228309, 0.00143037,buy
2020-05-13,0,1,0,0,0,1,0,2,1,0,1,0,0,1,1,0,0,0,-0.00041547,-0.00046974,-0.0002349,-0.00023494,-0.00091585,sell
2020-05-14,0,1,1,0,0,0,0,1,1,0,1,0,0,1,1,1,0,0, 0.00012682, 0.00026288, 0.0003332,-0.00036364,-0.00063962,sell
2020-05-15,0,1,1,0,0,0,0,1,1,1,0,0,0,1,1,1,0,0, 0.00113322, 0.00157720, 0.0012320, 0.00045830, 0.00106050,buy
2020-05-16,0,1,1,1,0,0,0,1,1,1,0,0,0,0,1,1,0,0,-0.00391882,-0.00265490,-0.0030282,-0.00046046,-0.00152979,sell
2020-05-17,0,0,1,1,0,0,0,1,1,1,0,0,0,0,1,1,0,0, 0.00024771, 0.00032230, 0.0007760, 0.00157897,-0.00118524,buy
2020-05-18,0,0,1,1,0,0,0,1,1,1,0,1,0,0,1,0,0,0,-0.00045838,-0.00036542, 0.0001970, 0.00172536,-0.00078358,sell
2020-05-19,0,0,1,1,0,0,0,1,0,0,1,1,0,0,1,0,0,0, 0.00131655,-0.00038096, 0.0012099, 0.00057197,-0.00068369,buy
2020-05-20,0,0,1,0,0,0,0,2,0,0,1,1,0,0,1,0,1,0, 0.00047839, 0.00067420, 0.0000495,-0.00025851,-0.00051778,buy
2020-05-21,0,0,0,0,0,0,0,2,0,0,1,1,0,0,1,0,1,0,-0.00027583,-0.00056530,-0.0012056,-0.00118806,-0.00094790,sell
2020-05-22,0,0,0,0,0,0,0,2,0,0,1,1,0,0,2,0,1,0,-0.00005245,-0.00095338,-0.0010336,-0.00104093,-0.00029688,sell
2020-05-23,0,0,0,0,0,0,0,2,1,0,1,1,0,0,1,0,1,0,-0.00073583,-0.00033516,-0.0012055,-0.00118970,-0.00192633,sell
2020-05-24,0,0,1,0,0,0,0,2,1,0,1,1,0,0,1,0,1,0, 0.00091561, 0.00091430, 0.0001350, 0.00016653,-0.00105993,buy
2020-05-25,0,1,1,0,0,0,0,1,1,0,1,1,0,0,1,0,0,0, 0.00039807, 0.00109785, 0.0010641, 0.00198275, 0.00037775,buy
2020-05-26,0,1,1,0,0,0,0,1,1,0,0,1,0,0,1,1,0,0, 0.00031399, 0.00095867, 0.0017862, 0.00073804, 0.00178625,buy
2020-05-27,0,1,1,0,0,1,0,1,1,1,1,1,0,0,0,1,0,0, 0.00137628,-0.00092566,-0.0024103,-0.00192317,-0.00104473,sell
2020-05-28,0,1,1,0,0,1,0,0,0,1,1,1,0,0,0,1,0,0, 0.00009381,-0.00212976,-0.0009571,-0.00082673,-0.00105836,sell
2020-05-29,0,1,0,1,0,1,0,0,0,1,1,1,0,0,0,1,0,0,-0.00062576,-0.00312516, 0.0003608,-0.00055163,-0.00018885,sell
2020-05-30,0,1,0,1,0,1,0,0,0,1,1,1,0,0,0,1,0,0,-0.00062576,-0.00312516, 0.0003608,-0.00055163,-0.00018885,sell
2020-05-31,0,1,0,1,0,2,0,0,0,1,1,1,0,0,0,1,0,0,-0.00019840,-0.00161480, 0.0003608,-0.00018916, 0.00015875,sell
2020-06-01,0,1,0,2,0,2,0,0,0,1,1,1,1,0,0,1,0,0,-0.00030431, 0.00016231, 0.0003680, 0.00000980, 0.00058031,sell
2020-06-02,0,1,0,2,0,2,0,0,0,1,0,1,1,0,0,1,0,0, 0.00005548, 0.00143928, 0.0001888,-0.00027461, 0.00113589,buy
2020-06-03,1,0,0,2,0,2,0,0,0,0,0,2,1,0,0,1,0,0, 0.00337178, 0.00438770, 0.0033091, 0.00292089, 0.00438770,buy
2020-06-04,1,1,0,2,0,2,0,0,0,0,0,1,1,0,0,1,0,0, 0.00212434, 0.00293338, 0.0023326, 0.00257644, 0.00276367,buy
2020-06-05,1,1,0,1,0,2,0,0,0,1,0,1,1,0,0,1,0,1, 0.00047590, 0.00012629, 0.0014041, 0.00138233, 0.00043019,buy
2020-06-06,1,1,0,1,0,1,0,0,0,1,0,1,1,0,0,2,0,1,-0.00284770,-0.00456096, 0.0009971,-0.00047011,-0.00128278,sell
2020-06-07,1,1,0,1,0,1,0,0,0,1,0,1,0,0,0,2,0,1,-0.00245953,-0.00245966, 0.0002251,-0.00401854,-0.00390433,sell
2020-06-08,1,1,0,1,0,1,0,1,0,1,0,1,0,0,0,2,0,1,-0.00446204,-0.00275126,-0.0003729,-0.00442552,-0.00474901,sell
2020-06-09,1,1,0,1,0,1,0,1,0,1,0,1,0,0,0,2,0,1,-0.00446204,-0.00275126,-0.0003729,-0.00442552,-0.00474901,sell
2020-06-10,1,1,0,1,0,1,0,1,0,1,0,0,0,0,0,1,0,1,-0.00431257,-0.00363019,-0.0022218,-0.00357233,-0.00434508,sell
2020-06-11,1,1,0,1,0,1,0,1,0,1,0,0,0,0,1,1,0,0,-0.00226266,-0.00221956,-0.0023710,-0.00207185,-0.00203107,sell
2020-06-12,1,1,0,1,0,1,0,1,1,1,0,0,0,0,1,1,0,0,-0.00090221,-0.00113817,-0.0029989,-0.00113817,-0.00113817,sell
2020-06-13,1,1,1,1,0,1,0,1,1,1,0,0,0,0,1,1,0,0,-0.00062807,-0.00063085,-0.0017231,-0.00076306,-0.00089327,sell
2020-06-14,1,0,1,1,0,1,0,1,1,1,0,0,0,0,1,1,0,0, 0.00166366, 0.00199789, 0.0018725, 0.00156480, 0.00140396,buy
2020-06-15,1,0,1,0,0,1,0,0,1,1,0,0,0,0,1,1,0,0, 0.00032840,-0.00027972, 0.0006494, 0.00057114,-0.00036096,buy
2020-06-16,1,0,1,0,0,1,0,0,1,1,0,0,0,0,1,1,0,0, 0.00032840,-0.00027972, 0.0006494, 0.00057114,-0.00036096,buy
2020-06-17,1,0,1,0,0,0,0,0,1,1,0,0,0,0,1,1,0,0, 0.00033248, 0.00058247, 0.0003528, 0.00033248,-0.00044170,buy
2020-06-18,1,0,1,0,0,0,0,0,1,1,1,0,0,0,1,1,0,0,-0.00167255,-0.00208152,-0.0013982,-0.00096906,-0.00231738,sell
2020-06-19,1,0,1,0,0,0,0,0,0,0,1,0,0,0,0,0,0,0,-0.00129871,-0.00161237,-0.0015730, 0.00200876, 0.00091446,sell
2020-06-20,1,0,0,0,0,0,0,0,0,0,1,0,0,0,0,0,0,0,-0.00284976,-0.00236551,-0.0018773,-0.00150935,-0.00134571,sell
2020-06-21,1,0,0,0,0,0,0,0,0,0,1,0,0,0,0,0,0,0,-0.00284976,-0.00236551,-0.0018773,-0.00150935,-0.00134571,sell
2020-06-22,1,0,0,0,0,0,0,0,0,0,1,0,0,0,0,0,0,0,-0.00284976,-0.00236551,-0.0018773,-0.00150935,-0.00134571,sell
2020-06-23,1,0,0,0,0,0,0,0,0,0,1,0,0,1,0,0,0,0, 0.00090537, 0.00093498, 0.0006952, 0.00023394, 0.00142500,buy
2020-06-24,1,0,0,0,0,0,0,0,0,0,1,0,0,1,0,0,0,0, 0.00090537, 0.00093498, 0.0006952, 0.00023394, 0.00142500,buy
2020-06-25,1,0,0,0,0,0,0,0,0,0,0,0,0,1,0,0,0,0, 0.00186846, 0.00192408, 0.0018685, 0.00195724, 0.00205387,buy
2020-06-26,1,0,0,0,0,0,0,0,0,0,0,0,0,1,0,1,0,0, 0.00104926, 0.00097658, 0.0010226, 0.00097658, 0.00127537,buy
2020-06-27,1,0,0,0,0,0,0,0,0,0,0,0,0,1,0,1,0,0, 0.00104926, 0.00097658, 0.0010226, 0.00097658, 0.00127537,buy
2020-06-28,1,0,0,0,0,0,0,0,0,0,0,0,1,1,0,2,0,0, 0.00059449, 0.00065740, 0.0003731, 0.00089210, 0.00065740,buy
2020-06-29,1,0,0,0,0,0,0,0,0,0,0,0,1,1,0,2,0,0, 0.00059449, 0.00065740, 0.0003731, 0.00089210, 0.00065740,buy
2020-06-30,1,0,0,0,0,0,0,0,0,0,0,0,1,1,0,2,0,0, 0.00059449, 0.00065740, 0.0003731, 0.00089210, 0.00065740,buy
2020-07-01,2,0,0,1,0,0,0,0,0,1,0,0,1,0,0,2,0,0, 0.00004997, 0.00004997, 0.0011524,-0.00155865,-0.00118946,sell
2020-07-02,1,0,0,1,0,0,0,0,0,1,0,0,1,0,0,2,0,1,-0.00056719,-0.00131121,-0.0012552,-0.00199167,-0.00130757,sell
2020-07-03,1,0,0,1,0,0,0,0,0,1,0,0,1,0,0,2,0,1,-0.00056719,-0.00131121,-0.0012552,-0.00199167,-0.00130757,sell
2020-07-04,1,0,0,1,0,1,0,0,0,1,0,0,0,0,0,3,0,1,-0.00076067,-0.00080253,-0.0004635,-0.00119122,-0.00203433,sell
2020-07-05,1,0,0,1,0,2,0,0,0,1,0,0,0,0,0,2,0,1, 0.00080107, 0.00040314, 0.0004133, 0.00035283,-0.00069670,buy
2020-07-06,1,0,0,1,0,2,0,0,0,1,0,0,0,0,0,2,0,1, 0.00080107, 0.00040314, 0.0004133, 0.00035283,-0.00069670,buy
2020-07-07,1,0,0,1,0,2,0,0,0,1,0,0,0,0,0,1,0,1, 0.00075033,-0.00002651,-0.0000261,-0.00002607,-0.00057020,sell
2020-07-08,0,0,0,1,0,2,0,0,0,1,0,0,0,0,0,1,0,1, 0.00061907, 0.00091939, 0.0001715, 0.00017151,-0.00062302,buy
2020-07-09,0,0,0,1,0,2,1,0,0,1,0,0,0,0,0,1,0,1,-0.00054685, 0.00041477,-0.0007270,-0.00077897,-0.00115173,sell
2020-07-10,0,0,0,2,0,2,1,0,0,1,0,0,0,0,0,1,0,0,-0.00167443,-0.00163684,-0.0015719,-0.00177839,-0.00171907,sell
2020-07-11,0,1,0,2,0,2,1,0,0,2,0,0,0,0,0,1,0,0,-0.00065016,-0.00086682,-0.0003200,-0.00080408,-0.00062540,sell
2020-07-12,0,1,0,2,0,2,1,0,0,2,0,0,0,0,0,1,0,0,-0.00065016,-0.00086682,-0.0003200,-0.00080408,-0.00062540,sell
2020-07-13,0,1,0,1,0,1,1,0,0,2,0,0,0,0,0,1,0,0, 0.00008776,-0.00022560,-0.0001769,-0.00025932,-0.00026419,sell
2020-07-14,0,1,0,1,0,1,1,0,0,2,0,1,0,0,0,1,0,0, 0.00078109, 0.00072021, 0.0007873, 0.00075568, 0.00073480,buy
2020-07-15,0,1,0,1,0,1,1,0,0,2,0,1,0,0,0,1,0,0, 0.00078109, 0.00072021, 0.0007873, 0.00075568, 0.00073480,buy
2020-07-16,0,2,0,1,0,1,0,0,0,1,0,1,0,0,0,1,0,0,-0.00287375,-0.00287375,-0.0037166,-0.00160549,-0.00292564,sell
2020-07-17,0,2,0,1,0,1,0,0,0,1,0,2,1,0,0,1,0,0,-0.00014088, 0.00018484, 0.0008594, 0.00018484,-0.00017875,buy
2020-07-18,0,2,0,1,0,1,0,0,0,1,0,2,1,0,0,1,0,0,-0.00014088, 0.00018484, 0.0008594, 0.00018484,-0.00017875,buy
2020-07-19,0,2,0,0,0,1,0,0,0,1,0,2,1,0,0,1,0,0,-0.00190546,-0.00120130, 0.0002214,-0.00097746,-0.00116505,sell
2020-07-20,0,2,0,0,0,1,0,0,0,0,0,2,1,0,0,1,0,0,-0.00383242,-0.00243909,-0.0000772,-0.00195456,-0.00238037,sell
2020-07-21,1,1,0,0,0,1,0,0,0,0,0,2,1,0,0,1,0,0, 0.00068018,-0.00098464, 0.0003076, 0.00108410, 0.00000031,buy
2020-07-22,1,1,0,0,0,1,0,0,0,0,0,2,1,0,0,1,0,0, 0.00068018,-0.00098464, 0.0003076, 0.00108410, 0.00000031,buy
2020-07-23,1,0,0,0,0,1,0,1,0,0,0,1,1,0,0,1,0,0,-0.00082675,-0.00152778,-0.0008267,-0.00345311,-0.00168257,sell
2020-07-24,1,0,1,0,0,1,0,1,0,0,0,1,1,0,0,1,0,0,-0.00252668,-0.00252668,-0.0024341,-0.00353288,-0.00261014,sell
2020-07-25,1,0,1,0,0,1,0,2,0,0,0,0,1,0,0,1,0,0,-0.00145214,-0.00155978,-0.0013642,-0.00193388,-0.00108789,sell
2020-07-26,1,0,1,0,0,1,0,2,0,0,0,0,1,0,0,0,0,0,-0.00190160,-0.00164073,-0.0018086,-0.00196402,-0.00089101,sell
2020-07-27,0,0,1,0,0,1,0,2,1,0,0,0,1,0,0,0,0,0,-0.00479167,-0.00342630,-0.0044006,-0.00451652,-0.00309659,sell
2020-07-28,0,0,1,1,0,1,1,2,1,0,0,0,1,0,0,0,0,0,-0.00397777,-0.00474947,-0.0038380,-0.00412305,-0.00221873,sell
2020-07-29,0,0,1,1,0,1,1,2,1,0,0,0,1,0,0,0,0,0,-0.00397777,-0.00474947,-0.0038380,-0.00412305,-0.00221873,sell
2020-07-30,1,0,1,1,0,1,1,2,1,1,0,0,1,0,1,1,0,1,-0.00325053,-0.00193072,-0.0033227,-0.00193072,-0.00303577,sell
2020-07-31,1,0,0,1,0,0,1,2,1,1,0,0,1,0,1,1,0,1,-0.00189330,-0.00081091,-0.0022832,-0.00121578,-0.00227836,sell
2020-08-01,1,1,0,1,0,0,1,0,1,1,1,1,1,0,1,1,0,1, 0.00558125, 0.00549065, 0.0061742, 0.00267109, 0.00558125,buy
2020-08-02,1,1,0,0,0,0,0,0,1,1,1,1,1,0,1,1,0,1, 0.00440813, 0.00443726, 0.0057231, 0.00147864, 0.00442701,buy
2020-08-03,1,1,0,0,0,0,0,0,1,1,1,1,1,0,1,1,0,1, 0.00440813, 0.00443726, 0.0057231, 0.00147864, 0.00442701,buy
2020-08-04,1,1,0,0,0,0,0,0,0,0,1,1,1,0,1,1,0,1, 0.00095588, 0.00085461, 0.0046396,-0.00009409, 0.00145679,buy
2020-08-05,1,0,0,0,0,0,0,0,0,0,1,1,1,0,1,1,0,1,-0.00024973, 0.00017966, 0.0027592,-0.00006208, 0.00004082,buy
2020-08-06,0,0,0,0,0,0,0,1,0,0,1,0,1,0,1,0,0,0,-0.00119413,-0.00135737,-0.0005970,-0.00084455,-0.00007235,sell
2020-08-07,0,0,0,0,0,0,0,1,0,0,1,0,1,0,0,0,0,0,-0.00180326,-0.00010746, 0.0009516,-0.00010746,-0.00042386,sell
2020-08-08,1,0,1,0,0,0,0,1,0,0,1,0,1,0,0,0,0,0, 0.00073893, 0.00061827, 0.0011289, 0.00051602, 0.00044346,buy
2020-08-09,1,0,1,0,0,0,1,1,0,0,0,0,1,0,0,1,0,0, 0.00198800, 0.00172846, 0.0001831, 0.00298948, 0.00199701,buy
2020-08-10,1,0,1,0,0,0,1,0,0,0,0,0,1,0,0,1,0,0, 0.00187563, 0.00151687, 0.0021874, 0.00279390, 0.00099743,buy
2020-08-11,1,0,1,0,1,0,1,0,0,0,0,0,1,0,0,1,0,0, 0.00124925, 0.00102628, 0.0008343, 0.00157109, 0.00110646,buy
2020-08-12,0,0,1,0,1,0,1,0,1,0,0,0,1,0,0,1,0,0, 0.00334164, 0.00289299, 0.0026351, 0.00298819, 0.00130268,buy
2020-08-13,1,0,2,0,1,0,2,0,1,0,0,0,2,0,0,0,0,0, 0.00147604, 0.00146441, 0.0017740,-0.00030780, 0.00109608,buy
2020-08-14,1,0,2,0,1,0,2,0,1,0,0,0,2,0,0,0,1,0, 0.00050988, 0.00071182, 0.0007118,-0.00006161, 0.00071182,buy
2020-08-15,1,0,1,0,2,0,2,0,2,0,0,0,2,0,0,1,1,0, 0.00122915, 0.00178804, 0.0014165, 0.00145616, 0.00147176,buy
2020-08-16,1,0,0,0,2,0,1,0,2,0,2,0,2,0,0,1,1,0, 0.00044429, 0.00007042, 0.0004443, 0.00044429, 0.00046423,buy
2020-08-17,1,0,0,0,2,0,0,0,2,0,2,0,2,0,0,1,1,0, 0.00101961, 0.00029338, 0.0009333, 0.00105160, 0.00222095,buy
2020-08-18,1,0,0,0,2,0,0,0,2,0,2,0,2,0,0,1,1,0, 0.00101961, 0.00029338, 0.0009333, 0.00105160, 0.00222095,buy
2020-08-19,0,0,0,0,1,0,0,0,0,0,2,0,2,0,0,1,1,0, 0.00024919,-0.00016244, 0.0003912, 0.00095126, 0.00061443,buy
2020-08-20,0,0,0,1,1,0,0,0,0,0,1,0,2,0,0,1,1,0, 0.00168893, 0.00185819, 0.0007686, 0.00178307, 0.00162037,buy
2020-08-21,0,1,0,1,1,0,0,0,0,0,1,0,2,0,0,1,0,0,-0.00106809,-0.00071444,-0.0010681, 0.00000487,-0.00038359,sell
2020-08-22,0,1,0,3,0,0,0,0,0,1,1,0,1,0,0,0,0,0,-0.00132524,-0.00213916,-0.0025691,-0.00221811,-0.00140634,sell
2020-08-23,0,1,0,3,0,0,0,0,0,1,0,0,1,0,0,0,0,0,-0.00033788,-0.00138351, 0.0001851, 0.00018509, 0.00013088,sell
2020-08-24,0,1,0,2,0,1,0,0,0,1,0,1,1,0,1,0,0,0, 0.00338620, 0.00284136, 0.0030730, 0.00335193, 0.00347711,buy
2020-08-25,0,2,0,2,0,1,1,0,0,1,0,1,1,0,1,0,0,0, 0.00223737, 0.00176638, 0.0020695, 0.00215625, 0.00204392,buy
2020-08-26,0,2,0,2,0,1,1,0,0,1,0,1,1,0,1,0,0,0, 0.00223737, 0.00176638, 0.0020695, 0.00215625, 0.00204392,buy
2020-08-27,0,2,1,2,0,1,1,0,0,2,0,1,1,0,1,0,0,0, 0.00119488, 0.00144961, 0.0014496, 0.00061086, 0.00089242,buy
2020-08-28,0,2,1,2,0,1,1,1,0,2,0,0,1,0,0,0,0,0, 0.00066281, 0.00069945, 0.0006074,-0.00007838, 0.00058451,buy
2020-08-29,0,2,1,1,0,0,1,1,0,2,0,1,1,0,0,0,0,0,-0.00162832,-0.00200151,-0.0016313,-0.00198118,-0.00158378,sell
2020-08-30,0,2,1,0,0,0,1,1,1,2,0,1,1,0,1,0,0,0, 0.00150524, 0.00186377,-0.0009517, 0.00087106, 0.00190302,buy
2020-08-31,0,1,1,0,0,0,0,1,1,2,0,2,1,0,1,0,0,1, 0.00061152, 0.00254890,-0.0005781, 0.00064644,-0.00073985,buy
2020-09-01,0,0,0,0,0,2,0,1,1,2,1,2,1,0,1,1,0,1, 0.00378378, 0.00029830, 0.0041732, 0.00415726, 0.00406027,buy
2020-09-02,0,0,0,0,1,2,0,1,1,2,1,2,1,0,1,1,0,1, 0.00208293, 0.00055727, 0.0022858, 0.00235222, 0.00231665,buy
2020-09-03,0,0,0,0,1,2,0,0,1,1,1,2,1,0,1,1,0,1, 0.00150026, 0.00075515, 0.0018614, 0.00208495, 0.00180165,buy
2020-09-04,0,0,0,0,1,2,0,0,0,0,1,2,1,0,1,1,0,1, 0.00227184, 0.00290975, 0.0002648, 0.00149562, 0.00179259,buy
2020-09-05,0,0,0,0,1,2,0,0,0,0,1,2,1,0,1,0,0,1,-0.00003613, 0.00103106,-0.0001722,-0.00061064,-0.00004806,buy
2020-09-06,2,0,1,0,1,2,0,0,0,0,0,1,1,0,0,0,0,1,-0.00102849,-0.00102849,-0.0009768,-0.00084773, 0.00001755,sell
2020-09-07,2,0,1,0,0,2,0,2,0,0,0,0,1,0,0,0,0,1,-0.00170862,-0.00126315,-0.0009747,-0.00089866,-0.00129314,sell
2020-09-08,2,0,1,0,0,1,0,2,0,0,0,0,1,0,0,0,0,1,-0.00252172,-0.00164241,-0.0016424,-0.00182667,-0.00189937,sell
2020-09-09,2,0,1,0,0,0,0,2,0,0,0,0,1,0,0,0,0,1,-0.00247068,-0.00148006,-0.0014801,-0.00129449,-0.00257234,sell
2020-09-10,1,0,1,0,0,0,0,2,0,0,0,0,1,0,1,0,0,1,-0.00197258,-0.00197258,-0.0016248,-0.00211819,-0.00206716,sell
2020-09-11,1,0,1,0,0,0,0,2,1,0,0,0,1,0,1,0,0,1,-0.00254929,-0.00237401,-0.0024998,-0.00238715,-0.00244112,sell
2020-09-12,0,0,1,0,0,0,0,2,1,0,0,0,1,0,1,0,0,0,-0.00391257,-0.00464882,-0.0046131,-0.00290705,-0.00095098,sell
2020-09-13,0,0,0,0,0,0,0,2,1,0,0,0,1,0,1,1,0,0,-0.00131655,-0.00221662,-0.0022306, 0.00016776,-0.00013552,sell
2020-09-14,0,0,0,0,0,0,0,1,1,0,1,0,1,0,1,2,0,0, 0.00047630,-0.00005717,-0.0012658,-0.00113772,-0.00019897,sell
2020-09-15,0,1,0,1,0,0,0,1,1,0,1,0,1,0,0,2,0,0,-0.00483096,-0.00505908,-0.0054379,-0.00565375,-0.00458298,sell
2020-09-16,0,1,0,1,0,0,1,0,1,0,1,0,1,0,0,2,0,0,-0.00044087,-0.00144419,-0.0014285, 0.00089102, 0.00033807,sell
2020-09-17,0,1,0,1,1,0,1,0,1,0,1,0,1,0,0,2,0,0, 0.00031565, 0.00086263,-0.0000380, 0.00046738,-0.00003802,buy
2020-09-18,0,1,0,1,1,0,1,0,1,0,1,0,1,0,0,2,0,0, 0.00031565, 0.00086263,-0.0000380, 0.00046738,-0.00003802,buy
2020-09-19,0,0,1,1,1,0,1,0,0,1,1,0,1,0,0,1,0,0, 0.00288500, 0.00240186, 0.0008297, 0.00069980, 0.00292813,buy
2020-09-20,1,0,1,0,1,0,2,0,0,1,1,0,1,0,0,1,0,0, 0.00055771, 0.00102865, 0.0004357, 0.00090971,-0.00013262,buy
2020-09-21,1,0,1,0,1,1,2,0,0,1,0,1,1,0,0,0,0,0,-0.00012862,-0.00041938,-0.0001249,-0.00069219,-0.00045116,sell
2020-09-22,1,0,1,0,1,1,1,0,0,1,0,1,0,0,0,0,0,0, 0.00110077, 0.00403731, 0.0043198, 0.00471717, 0.00431985,buy
2020-09-23,1,0,1,0,0,1,1,0,1,1,0,1,0,0,0,0,0,0,-0.00021283, 0.00080286, 0.0020136, 0.00139698, 0.00221503,buy
2020-09-24,1,0,1,0,0,1,1,0,1,0,0,1,0,0,0,0,0,0,-0.00061826, 0.00171855, 0.0018820, 0.00043958, 0.00098530,buy
2020-09-25,2,0,0,0,0,1,1,0,1,0,0,1,0,0,0,0,0,0, 0.00100965, 0.00332647, 0.0003063, 0.00110455, 0.00025639,buy
2020-09-26,1,0,0,0,1,1,1,0,1,0,1,0,0,0,0,0,0,0,-0.00112630,-0.00056064,-0.0009802,-0.00213562,-0.00100447,sell
2020-09-27,1,0,0,0,1,1,0,0,1,0,1,0,0,0,0,0,0,0,-0.00100063, 0.00094828, 0.0003427, 0.00134603, 0.00034268,buy
2020-09-28,1,0,0,0,1,0,0,1,1,0,1,0,0,0,0,0,0,0, 0.00026899, 0.00398450, 0.0020491, 0.00298944, 0.00236874,buy
2020-09-29,1,1,0,0,1,0,0,1,0,0,1,0,0,0,1,0,0,0, 0.00203863, 0.00461714, 0.0038003, 0.00431948, 0.00318193,buy
2020-09-30,0,1,0,0,1,0,0,1,0,0,1,0,0,0,1,0,0,0, 0.00268996, 0.00268319, 0.0021943, 0.00288909, 0.00155416,buy
2020-10-01,0,1,0,0,1,0,0,1,0,0,1,0,0,0,1,0,0,0, 0.00268996, 0.00268319, 0.0021943, 0.00288909, 0.00155416,buy
2020-10-02,0,1,0,1,0,0,0,1,0,0,0,0,0,0,1,1,0,0, 0.00051803, 0.00076285, 0.0007572, 0.00028697, 0.00041972,buy
2020-10-03,0,1,0,1,0,0,0,1,0,0,0,0,0,0,1,1,0,0, 0.00051803, 0.00076285, 0.0007572, 0.00028697, 0.00041972,buy
2020-10-04,0,2,0,1,0,0,0,1,0,0,0,0,0,0,1,1,0,0,-0.00078132,-0.00078132,-0.0005838,-0.00121907,-0.00120061,sell
2020-10-05,0,2,0,1,0,0,0,0,0,0,0,0,0,0,1,1,0,0, 0.00325598, 0.00356815, 0.0008753, 0.00267634, 0.00087189,buy
2020-10-06,0,1,0,1,0,0,0,0,0,1,0,0,0,0,0,1,0,0, 0.00150298, 0.00059347, 0.0012414, 0.00150402, 0.00128422,buy
2020-10-07,0,1,0,1,0,1,0,0,0,1,0,0,0,0,0,1,0,0,-0.00285213,-0.00284410,-0.0042707,-0.00227092,-0.00318807,sell
2020-10-08,0,1,0,2,0,1,1,0,0,1,0,0,0,0,1,1,0,0,-0.00193183,-0.00286326,-0.0040599,-0.00250347,-0.00305927,sell
2020-10-09,0,1,0,1,0,1,1,0,0,1,0,1,0,0,1,1,0,1, 0.00222656, 0.00208944, 0.0017089, 0.00147788, 0.00222656,buy
2020-10-10,0,0,0,1,0,2,1,0,0,1,0,1,0,0,1,1,0,1,-0.00033341, 0.00019785,-0.0003334,-0.00030102,-0.00129191,sell
2020-10-11,0,0,0,1,0,2,1,0,0,1,0,1,0,0,1,1,0,1,-0.00033341, 0.00019785,-0.0003334,-0.00030102,-0.00129191,sell
2020-10-12,0,0,0,1,0,1,1,0,0,1,0,1,0,0,1,1,0,1,-0.00105299,-0.00019092,-0.0010530,-0.00104632,-0.00105299,sell
2020-10-13,0,0,0,1,0,1,1,0,0,1,0,1,0,0,1,1,0,1,-0.00105299,-0.00019092,-0.0010530,-0.00104632,-0.00105299,sell
2020-10-14,0,0,0,1,0,1,1,0,0,1,0,1,0,0,0,1,0,1,-0.00012486, 0.00059682,-0.0001116,-0.00001141, 0.00004040,buy
2020-10-15,0,0,0,0,0,1,0,1,0,1,0,1,0,0,0,1,0,1, 0.00021432, 0.00160475, 0.0032739, 0.00144115, 0.00040960,buy
2020-10-16,0,0,1,0,0,1,0,1,0,1,0,1,0,0,0,1,0,0, 0.00216664, 0.00074242, 0.0017791, 0.00040023, 0.00130635,buy
2020-10-17,0,0,1,0,1,1,0,1,0,1,0,1,0,0,0,1,0,0,-0.00153685,-0.00101958,-0.0014390,-0.00206675,-0.00239131,sell
2020-10-18,1,0,1,0,1,0,0,1,0,1,0,1,0,0,0,1,0,0, 0.00314169, 0.00293717, 0.0028301, 0.00076088, 0.00312550,buy
2020-10-19,1,0,1,0,1,0,0,1,1,0,0,1,0,0,0,1,0,0, 0.00366191, 0.00078517, 0.0050658, 0.00373872, 0.00615232,buy
2020-10-20,1,0,1,0,1,0,0,1,1,0,0,1,0,0,0,2,1,0, 0.00272090, 0.00265259, 0.0029920, 0.00492430, 0.00237472,buy
2020-10-21,1,0,1,0,1,0,0,1,1,0,0,1,0,0,0,2,1,0, 0.00272090, 0.00265259, 0.0029920, 0.00492430, 0.00237472,buy
2020-10-22,1,0,1,0,0,0,0,1,1,0,1,0,0,0,0,2,1,0,-0.00338577,-0.00255512,-0.0009719,-0.00230997,-0.00041947,sell
2020-10-23,1,0,0,0,0,0,0,2,1,0,1,0,0,0,0,2,1,0, 0.00059151, 0.00037601, 0.0007258, 0.00070217, 0.00261970,buy
2020-10-24,2,0,0,0,0,0,0,2,1,0,1,0,1,0,0,2,0,0,-0.00127828,-0.00166884,-0.0016279,-0.00216743,-0.00162794,sell
2020-10-25,1,0,0,0,0,0,0,2,0,0,1,0,1,0,0,1,0,0, 0.00110044, 0.00142468, 0.0015294, 0.00142468, 0.00122952,buy
2020-10-26,2,0,0,0,0,0,0,2,0,0,1,0,1,0,0,0,0,1, 0.00003190, 0.00020627,-0.0002721, 0.00031647,-0.00116679,buy
2020-10-27,2,0,0,0,0,0,0,2,0,0,1,0,1,0,0,1,0,1,-0.00045753, 0.00005573, 0.0000557,-0.00004585,-0.00123882,sell
2020-10-28,2,0,0,0,0,0,0,1,0,0,0,1,0,0,0,1,0,1, 0.00010958, 0.00013319, 0.0002750, 0.00047704, 0.00022656,buy
2020-10-29,2,0,0,0,0,0,0,1,0,0,0,1,0,0,0,1,0,1, 0.00010958, 0.00013319, 0.0002750, 0.00047704, 0.00022656,buy
2020-10-30,1,0,0,0,0,0,0,0,0,0,0,1,0,0,0,1,0,0, 0.00190618, 0.00240963, 0.0018927, 0.00196939, 0.00192302,buy
2020-10-31,1,0,0,0,0,0,0,0,0,0,0,1,0,0,0,1,0,0, 0.00190618, 0.00240963, 0.0018927, 0.00196939, 0.00192302,buy
2020-11-01,1,0,0,0,0,0,0,0,0,0,0,1,0,0,1,1,0,0, 0.00220377, 0.00222409, 0.0022303, 0.00265603, 0.00221684,buy
2020-11-02,0,0,0,0,0,0,0,0,0,0,0,1,0,0,1,1,0,0, 0.00016570,-0.00148045, 0.0025055,-0.00010489,-0.00100127,sell
2020-11-03,0,0,0,0,0,0,0,0,0,0,0,1,0,0,1,1,0,0, 0.00016570,-0.00148045, 0.0025055,-0.00010489,-0.00100127,sell
2020-11-04,0,0,0,0,1,0,0,0,0,0,0,1,0,0,1,1,0,0,-0.00309775,-0.00365720, 0.0001084,-0.00321894,-0.00140217,sell
2020-11-05,0,0,0,0,1,0,0,0,0,0,0,1,0,0,1,0,0,0,-0.00180709,-0.00365002,-0.0006086,-0.00373973,-0.00066091,sell
2020-11-06,1,1,0,0,1,1,0,0,0,0,0,1,0,1,1,0,0,0,-0.00047165, 0.00051680, 0.0005168, 0.00045593, 0.00042823,buy
2020-11-07,1,1,0,0,1,1,1,0,0,0,0,1,0,1,0,0,0,0,-0.00076120,-0.00238626,-0.0023805,-0.00383665,-0.00260157,sell
2020-11-08,1,1,0,0,1,1,1,0,0,0,0,1,0,1,0,0,0,0,-0.00076120,-0.00238626,-0.0023805,-0.00383665,-0.00260157,sell
2020-11-09,1,1,0,0,1,1,2,0,0,0,0,1,0,1,0,0,0,0,-0.00071343,-0.00256974,-0.0021581,-0.00395986,-0.00228661,sell
2020-11-10,1,1,0,0,1,1,2,0,0,0,0,1,0,1,0,0,0,0,-0.00071343,-0.00256974,-0.0021581,-0.00395986,-0.00228661,sell
2020-11-11,1,1,0,1,0,1,2,1,0,1,0,0,0,1,0,0,0,0,-0.00000256, 0.00028317, 0.0002181,-0.00000940, 0.00103328,buy
2020-11-12,1,1,0,1,0,1,2,1,0,1,0,0,0,1,0,0,0,0,-0.00000256, 0.00028317, 0.0002181,-0.00000940, 0.00103328,buy
2020-11-13,1,0,0,2,0,0,2,1,0,2,0,0,0,1,0,0,0,0,-0.00045941,-0.00060375, 0.0002818,-0.00042629, 0.00441591,sell
2020-11-14,1,0,0,2,0,0,1,1,0,2,0,0,0,1,0,1,0,0,-0.00038242,-0.00047975,-0.0001661,-0.00000057, 0.00433728,sell
2020-11-15,0,0,0,2,0,0,0,1,0,2,0,0,0,1,0,1,0,0, 0.00116578, 0.00031932, 0.0002179, 0.00204164, 0.00013085,buy
2020-11-16,0,0,0,2,0,0,0,1,0,2,0,2,0,1,0,1,0,0,-0.00067843,-0.00078394,-0.0008774,-0.00357969,-0.00090420,sell
2020-11-17,0,0,0,2,0,0,0,0,0,2,0,2,0,1,0,1,0,0, 0.00216240, 0.00182704, 0.0022238, 0.00120369, 0.00216240,buy
2020-11-18,0,0,0,2,0,0,0,0,0,1,0,2,0,1,0,1,0,0,-0.00243967,-0.00248294,-0.0025291,-0.00272816,-0.00256894,sell
2020-11-19,0,0,0,1,0,1,0,0,0,0,0,2,0,1,0,1,0,0, 0.00385828, 0.00187889, 0.0000450, 0.00245491, 0.00244776,buy
2020-11-20,1,1,0,0,1,1,0,0,0,0,0,2,0,1,0,1,0,0, 0.00016016,-0.00097711,-0.0003049,-0.00004757,-0.00097711,sell
2020-11-21,1,1,0,0,1,1,0,1,0,0,0,2,0,1,0,0,0,0, 0.00109364,-0.00001825, 0.0001281, 0.00053620, 0.00009233,buy
2020-11-22,1,1,0,0,1,1,1,1,0,0,0,2,0,1,0,0,0,0, 0.00111228,-0.00252888,-0.0023275,-0.00266322,-0.00243076,sell
2020-11-23,1,1,0,0,1,1,1,1,0,0,0,0,0,1,0,0,0,0,-0.00072871,-0.00270627,-0.0029477,-0.00382464,-0.00269864,sell
2020-11-24,1,1,0,0,1,1,1,1,0,0,0,0,0,1,0,1,0,0,-0.00063959,-0.00188858,-0.0038030,-0.00383226,-0.00280010,sell
2020-11-25,1,1,0,0,0,1,1,1,0,1,0,0,0,1,0,1,0,0, 0.00083951, 0.00196626, 0.0018800, 0.00074277, 0.00107912,buy
2020-11-26,1,1,0,1,0,0,1,1,0,1,0,0,0,1,1,1,0,0, 0.00031283, 0.00016892, 0.0010724, 0.00089235, 0.00103002,buy
2020-11-27,0,1,0,1,0,0,0,0,1,1,0,0,0,1,1,1,0,0,-0.00134773,-0.00134378, 0.0013044,-0.00131535,-0.00093634,sell
2020-11-28,0,0,0,1,0,0,0,0,1,1,0,1,0,1,1,1,0,0,-0.00072198,-0.00156354, 0.0001801,-0.00034579,-0.00061076,sell
2020-11-29,0,0,1,1,0,0,0,0,1,1,0,1,0,1,1,1,0,0, 0.00133432, 0.00132555, 0.0020387, 0.00068234, 0.00060991,buy
2020-11-30,0,0,1,1,0,0,0,0,1,0,0,1,0,1,1,1,0,0,-0.00207256,-0.00230512, 0.0002338,-0.00195110,-0.00263514,sell
2020-12-01,0,0,1,1,0,1,0,0,1,0,0,1,0,1,1,0,0,0,-0.00036229,-0.00045923, 0.0010907,-0.00069310,-0.00066369,sell
2020-12-02,0,1,1,0,0,1,0,0,1,0,1,1,0,1,1,0,0,0,-0.00129268,-0.00165575,-0.0011891,-0.00154961,-0.00162782,sell
2020-12-03,0,1,1,0,1,1,1,0,1,0,1,0,0,1,0,0,0,0, 0.00312919, 0.00148325, 0.0016187, 0.00331133, 0.00312041,buy
2020-12-04,0,1,1,0,1,1,1,0,0,0,1,0,0,0,1,0,0,0, 0.00165340, 0.00170025, 0.0020754, 0.00131387, 0.00202335,buy
2020-12-05,0,1,1,0,1,1,1,0,1,0,1,0,0,0,1,0,0,0, 0.00237100, 0.00271004, 0.0034068, 0.00329807, 0.00252794,buy
2020-12-06,0,1,1,0,1,0,1,1,1,0,1,0,0,0,1,0,0,0, 0.00133895, 0.00198709, 0.0025829, 0.00172421, 0.00146174,buy
2020-12-07,0,0,2,0,2,0,1,1,1,0,1,0,0,0,1,0,0,0, 0.00131302, 0.00115468, 0.0026572, 0.00216897, 0.00163574,buy
2020-12-08,0,0,1,0,2,0,1,1,1,1,1,0,0,0,1,0,0,0, 0.00072891, 0.00166980, 0.0016957, 0.00152561, 0.00089560,buy
2020-12-09,0,0,1,0,2,0,0,1,1,1,1,0,0,0,0,0,0,0,-0.00244013,-0.00272778,-0.0032726,-0.00244811,-0.00106919,sell
2020-12-10,0,0,1,0,1,0,0,1,0,1,1,0,0,0,0,1,0,0,-0.00302309,-0.00152793,-0.0006486,-0.00356037,-0.00337459,sell
2020-12-11,0,0,1,0,1,0,0,2,0,1,1,0,0,0,0,1,0,0,-0.00052260,-0.00019587, 0.0006167,-0.00034738, 0.00020483,sell
2020-12-12,0,0,1,1,2,0,0,2,0,2,1,1,1,0,0,1,0,0, 0.00137881, 0.00251663, 0.0023170, 0.00288279, 0.00266635,buy
2020-12-13,0,0,0,1,2,0,0,1,0,1,1,1,1,0,0,1,0,0, 0.00027115, 0.00192124, 0.0016447, 0.00251099, 0.00202322,buy
2020-12-14,0,0,0,1,2,0,0,1,0,1,0,1,1,0,0,2,0,0,-0.00290787, 0.00003330,-0.0003128,-0.00032822, 0.00040769,sell
2020-12-15,0,0,0,1,2,0,0,1,0,2,0,1,1,0,0,2,0,0,-0.00293310, 0.00037052, 0.0005574, 0.00051592, 0.00066096,buy
2020-12-16,0,0,0,1,1,0,0,0,0,2,0,1,1,0,0,2,0,0,-0.00281161,-0.00279580,-0.0015683,-0.00251980,-0.00146426,sell
2020-12-17,0,0,0,1,1,0,0,0,0,2,0,1,1,0,0,1,0,0, 0.00093911, 0.00251374, 0.0014159, 0.00359088, 0.00262868,buy
2020-12-18,0,0,0,1,0,0,0,0,0,2,0,2,1,0,1,0,0,0, 0.00149476, 0.00144223, 0.0012630, 0.00100562, 0.00159495,buy
2020-12-19,0,0,0,2,0,1,0,0,0,0,0,2,1,0,1,0,0,0, 0.00106688, 0.00215393, 0.0019853, 0.00132973, 0.00095450,buy
2020-12-20,0,1,0,2,0,1,0,0,1,0,0,2,1,0,1,0,0,0, 0.00109479, 0.00063629, 0.0003585, 0.00107626, 0.00172221,buy
2020-12-21,0,1,0,2,0,1,0,0,1,0,0,2,1,0,1,0,0,0, 0.00109479, 0.00063629, 0.0003585, 0.00107626, 0.00172221,buy
2020-12-22,0,1,0,2,0,1,0,0,1,0,0,2,1,0,1,0,0,0, 0.00109479, 0.00063629, 0.0003585, 0.00107626, 0.00172221,buy
2020-12-23,0,1,0,2,0,1,0,0,1,0,0,2,1,0,2,0,0,0, 0.00091641,-0.00004560, 0.0009164, 0.00010857,-0.00010614,buy
2020-12-24,0,1,0,1,0,1,0,0,1,0,0,1,1,0,1,0,0,0,-0.00184406,-0.00318569,-0.0027250,-0.00299261,-0.00053557,sell
2020-12-25,0,2,0,1,0,1,0,0,1,0,0,1,1,0,2,0,0,0,-0.00087362,-0.00309808,-0.0013260,-0.00268597,-0.00117080,sell
2020-12-26,0,2,1,0,0,0,0,0,0,0,1,0,1,0,2,0,0,0, 0.00311404, 0.00410069, 0.0048308, 0.00399033, 0.00171499,buy
2020-12-27,0,1,1,0,0,0,0,0,0,0,1,0,1,0,2,0,0,0, 0.00293630, 0.00418330, 0.0049711, 0.00400187, 0.00172652,buy
2020-12-28,0,1,1,0,0,0,0,1,0,0,1,0,0,0,1,0,0,0, 0.00209997, 0.00085946, 0.0010988, 0.00132163, 0.00028453,buy
2020-12-29,0,2,1,0,0,0,0,1,0,0,1,0,0,0,1,0,0,0, 0.00213769, 0.00072886, 0.0012437, 0.00254744, 0.00158560,buy
2020-12-30,0,1,1,0,0,0,0,2,0,0,1,0,0,0,1,1,0,0, 0.00133449, 0.00177143, 0.0007923, 0.00045137, 0.00082175,buy
2020-12-31,0,1,1,0,0,0,0,2,0,0,1,0,0,0,1,1,0,1, 0.00069468, 0.00140626, 0.0014567, 0.00162675, 0.00131247,buy
2021-01-01,0,1,1,0,0,0,0,2,0,1,0,0,0,0,0,1,0,1, 0.00068539, 0.00093528, 0.0023357,-0.00010444, 0.00127293,buy
2021-01-02,0,1,0,0,0,0,0,1,1,1,0,0,0,0,0,1,0,1,-0.00075690,-0.00132429, 0.0007418,-0.00132429,-0.00036907,sell
2021-01-03,0,1,0,0,0,0,0,1,1,1,0,0,0,0,0,1,0,1,-0.00075690,-0.00132429, 0.0007418,-0.00132429,-0.00036907,sell
2021-01-04,0,1,0,0,0,0,0,0,1,1,0,0,0,0,0,1,0,1,-0.00266511,-0.00179917,-0.0006583,-0.00152679,-0.00247294,sell
2021-01-05,1,1,0,0,1,0,0,1,1,1,0,0,0,0,0,0,0,1,-0.00006525, 0.00002865, 0.0017705, 0.00009530,-0.00022703,buy
2021-01-06,1,1,0,0,1,1,0,1,1,1,0,0,0,0,0,0,0,1,-0.00013488, 0.00049260, 0.0009836, 0.00075309, 0.00070599,buy
2021-01-07,1,1,0,0,1,1,0,1,1,0,1,0,0,0,0,0,0,1, 0.00146430, 0.00226718, 0.0014643, 0.00091105, 0.00231215,buy
2021-01-08,1,0,1,0,1,1,1,1,0,0,1,1,0,0,0,0,0,1, 0.00187922, 0.00123444, 0.0023671, 0.00109183, 0.00143697,buy
2021-01-09,1,0,1,0,1,1,1,1,0,0,1,1,0,0,0,0,0,1, 0.00187922, 0.00123444, 0.0023671, 0.00109183, 0.00143697,buy
2021-01-10,1,0,1,1,1,1,1,1,1,0,1,1,0,0,0,1,0,1, 0.00331637, 0.00304034, 0.0033268, 0.00315960, 0.00297535,buy
2021-01-11,0,0,1,1,1,1,1,1,1,0,1,1,0,0,1,1,0,1, 0.00212423, 0.00232065, 0.0022596, 0.00247532, 0.00178321,buy
2021-01-12,0,0,1,1,1,0,1,0,1,0,1,1,0,0,1,1,0,1, 0.00186841, 0.00211051, 0.0010753, 0.00193166, 0.00093499,buy
2021-01-13,0,0,1,1,1,0,0,0,1,0,0,1,0,0,1,1,0,1, 0.00312912, 0.00310855, 0.0025106, 0.00322120, 0.00005612,buy
2021-01-14,0,0,1,1,0,0,0,0,1,0,0,0,0,0,1,1,0,1, 0.00268817, 0.00308673, 0.0023841, 0.00305216,-0.00005642,buy
2021-01-15,0,0,0,1,0,0,0,0,1,0,0,0,0,0,1,0,0,1, 0.00416216, 0.00263858, 0.0028045, 0.00282741, 0.00279279,buy
2021-01-16,0,0,0,1,0,0,0,0,1,0,0,0,0,0,1,0,0,1, 0.00416216, 0.00263858, 0.0028045, 0.00282741, 0.00279279,buy
2021-01-17,0,1,0,0,0,0,0,0,1,0,0,0,0,0,0,0,0,0, 0.00131879, 0.00084310,-0.0001835, 0.00079702, 0.00102475,buy
2021-01-18,0,1,0,0,0,0,0,1,1,0,0,0,0,0,0,0,0,0,-0.00286376,-0.00266862,-0.0023891,-0.00265026,-0.00258533,sell
2021-01-19,0,1,0,0,0,0,0,1,0,0,1,0,0,0,0,0,0,0,-0.00379319,-0.00231665, 0.0002264,-0.00248737,-0.00242112,sell
2021-01-20,1,1,0,0,0,0,1,1,0,0,1,0,0,0,0,0,0,0,-0.00038221,-0.00004599,-0.0012147, 0.00096550,-0.00061483,sell
2021-01-21,1,2,0,0,0,0,1,2,0,0,1,0,0,0,0,0,0,0,-0.00242988,-0.00115959,-0.0008893,-0.00093717,-0.00022715,sell
2021-01-22,1,2,0,0,0,0,1,2,0,0,1,0,0,0,0,0,0,0,-0.00242988,-0.00115959,-0.0008893,-0.00093717,-0.00022715,sell
2021-01-23,1,2,1,0,0,0,1,2,0,1,1,0,0,0,0,1,0,0,-0.00013944, 0.00203043,-0.0003087, 0.00123601, 0.00318680,buy
2021-01-24,1,1,1,0,0,0,1,1,0,1,1,0,0,0,0,1,0,0, 0.00280867, 0.00367060, 0.0023786, 0.00339517, 0.00383369,buy
2021-01-25,1,1,1,0,0,0,1,1,1,1,1,0,0,0,0,1,0,1,-0.00127423,-0.00091820,-0.0025339,-0.00119449,-0.00319824,sell
2021-01-26,1,1,1,0,0,1,1,1,1,1,1,0,0,0,0,1,0,1, 0.00017534, 0.00148565,-0.0021919,-0.00148490, 0.00017534,sell
2021-01-27,1,1,1,0,0,1,0,0,1,1,1,0,0,0,0,1,0,1, 0.00029001, 0.00044689,-0.0011526,-0.00006581,-0.00025043,sell
2021-01-28,1,0,1,0,0,1,0,0,1,1,1,0,0,0,0,1,0,1,-0.00127497,-0.00091692,-0.0019070,-0.00103492,-0.00182407,sell
2021-01-29,1,0,1,0,0,1,0,0,1,1,0,0,0,0,0,1,0,1,-0.00073416,-0.00049059,-0.0011978,-0.00070321,-0.00160450,sell
2021-01-30,0,0,1,0,0,1,0,0,1,1,0,0,0,0,0,0,0,1,-0.00109750,-0.00141149,-0.0016591,-0.00056696,-0.00180940,sell
2021-01-31,0,0,1,0,0,1,0,0,1,1,0,0,0,0,0,0,0,1,-0.00109750,-0.00141149,-0.0016591,-0.00056696,-0.00180940,sell
2021-02-01,0,0,1,0,0,1,0,0,0,1,0,0,0,0,0,0,0,1,-0.00016162, 0.00259881,-0.0005025, 0.00054829, 0.00006588,buy
2021-02-02,0,1,1,0,0,1,1,0,0,1,1,0,0,0,0,0,0,0, 0.00124657, 0.00165652, 0.0024164, 0.00197325, 0.00117293,buy
2021-02-03,0,1,1,0,0,1,1,0,0,1,1,0,0,0,0,0,0,0, 0.00124657, 0.00165652, 0.0024164, 0.00197325, 0.00117293,buy
2021-02-04,0,1,0,0,0,1,1,0,0,1,1,0,0,0,0,1,0,0,-0.00148825,-0.00173276,-0.0016597,-0.00200834,-0.00142528,sell
2021-02-05,0,1,0,0,0,1,1,1,0,1,1,0,0,0,0,1,0,0,-0.00120826,-0.00136010,-0.0013601,-0.00123197,-0.00112805,sell
2021-02-06,1,1,0,0,0,1,1,2,0,1,1,0,1,0,0,1,0,0,-0.00177423,-0.00224345,-0.0004367, 0.00055324,-0.00039710,sell
2021-02-07,1,1,1,0,0,1,1,2,0,0,1,0,1,0,0,1,0,0, 0.00094177, 0.00125800, 0.0010523, 0.00117686, 0.00093989,buy
2021-02-08,1,0,1,0,0,1,0,2,0,0,1,0,1,0,0,1,0,0, 0.00060569, 0.00083241, 0.0009065, 0.00063257, 0.00085772,buy
2021-02-09,1,0,1,0,0,1,0,2,0,0,1,0,1,0,0,1,0,0, 0.00060569, 0.00083241, 0.0009065, 0.00063257, 0.00085772,buy
2021-02-10,1,0,1,0,0,1,0,2,0,0,0,0,1,0,0,0,0,0,-0.00190160,-0.00164073,-0.0018086,-0.00196402,-0.00089101,sell
2021-02-11,1,0,2,0,0,1,0,2,0,1,0,0,0,0,0,0,1,0, 0.00293158, 0.00387576,-0.0006021, 0.00472211, 0.00011597,buy
2021-02-12,1,1,2,0,0,1,0,0,0,1,0,0,0,0,0,0,1,0, 0.00008109, 0.00071629,-0.0027228, 0.00071629,-0.00272281,sell
2021-02-13,2,1,2,0,0,0,0,0,0,1,0,0,0,0,0,0,1,0, 0.00519117, 0.00376058, 0.0023390, 0.00366640, 0.00232943,buy
2021-02-14,1,1,2,0,0,0,0,1,0,1,0,0,0,0,0,0,1,0, 0.00286528, 0.00194883,-0.0019127, 0.00250762,-0.00087774,buy
2021-02-15,1,1,2,0,0,1,0,1,0,1,0,0,0,0,0,0,1,0, 0.00195115, 0.00192595,-0.0019736, 0.00084781,-0.00197360,buy
2021-02-16,1,1,1,0,0,1,0,1,0,1,0,0,0,0,0,0,0,0,-0.00147267,-0.00150860,-0.0018511,-0.00180203,-0.00087614,sell
2021-02-17,1,1,1,0,0,1,0,1,0,1,0,0,0,0,0,0,0,0,-0.00147267,-0.00150860,-0.0018511,-0.00180203,-0.00087614,sell
2021-02-18,1,1,1,0,0,1,0,1,0,0,1,0,0,0,0,0,0,0, 0.00106207, 0.00169716, 0.0017298, 0.00080967, 0.00148054,buy
2021-02-19,1,1,1,0,0,1,0,1,0,1,1,0,0,0,0,0,0,0, 0.00298239, 0.00355662,-0.0002151,-0.00042230, 0.00322927,buy
2021-02-20,0,1,1,0,0,1,0,0,0,1,1,0,0,0,0,0,0,0,-0.00186544,-0.00460847,-0.0011224,-0.00143096,-0.00046541,sell
2021-02-21,0,1,1,0,0,1,0,0,0,1,1,0,0,0,0,0,0,0,-0.00186544,-0.00460847,-0.0011224,-0.00143096,-0.00046541,sell
2021-02-22,0,0,1,0,0,1,0,0,0,1,1,0,0,0,0,1,0,0, 0.00074679, 0.00050539, 0.0005067, 0.00068711, 0.00091197,buy
2021-02-23,0,0,1,0,0,1,0,0,0,1,1,1,0,0,0,1,0,0, 0.00210287, 0.00129595, 0.0021536, 0.00133133, 0.00171344,buy
2021-02-24,0,1,1,0,0,1,0,0,0,1,1,1,0,0,0,1,0,0, 0.00009381,-0.00212976,-0.0009571,-0.00082673,-0.00105836,sell
2021-02-25,0,1,1,0,0,0,0,0,0,0,1,1,0,0,0,1,0,0,-0.00007394,-0.00220828,-0.0012786,-0.00133959,-0.00219499,sell
2021-02-26,0,1,1,0,0,0,0,0,1,0,0,1,0,0,0,1,0,0,-0.00325382,-0.00367029,-0.0020332,-0.00234738,-0.00262795,sell
2021-02-27,0,1,1,0,0,0,0,0,1,0,0,1,0,0,0,1,0,0,-0.00325382,-0.00367029,-0.0020332,-0.00234738,-0.00262795,sell
2021-02-28,0,1,1,0,0,0,0,0,1,0,0,1,0,0,0,1,0,0,-0.00325382,-0.00367029,-0.0020332,-0.00234738,-0.00262795,sell
2021-03-01,0,1,1,0,0,0,0,0,1,0,0,1,0,0,0,1,0,0,-0.00325382,-0.00367029,-0.0020332,-0.00234738,-0.00262795,sell
2021-03-02,0,1,1,0,0,0,0,0,1,0,0,1,0,0,0,1,0,0,-0.00325382,-0.00367029,-0.0020332,-0.00234738,-0.00262795,sell
2021-03-03,1,0,1,0,0,0,0,0,1,0,0,1,0,1,0,1,0,0, 0.00034679, 0.00030295, 0.0002738, 0.00043083, 0.00053192,buy
2021-03-04,1,0,1,1,0,0,0,0,2,0,0,1,0,1,0,1,0,0, 0.00082367, 0.00108451, 0.0009791, 0.00073531, 0.00109940,buy
2021-03-05,1,0,1,1,0,0,0,1,1,0,0,1,0,1,0,1,0,0, 0.00076501, 0.00156709, 0.0021852, 0.00017719, 0.00349519,buy
2021-03-06,1,0,1,1,0,0,1,1,1,0,0,1,0,1,0,1,0,0,-0.00105517,-0.00105517,-0.0002349,-0.00091639, 0.00051140,sell
2021-03-07,1,0,1,1,0,0,1,1,1,0,0,1,0,1,0,0,0,0,-0.00219756,-0.00214981,-0.0021706,-0.00308687, 0.00104388,sell
2021-03-08,1,0,1,1,0,0,1,1,1,0,0,0,0,1,0,0,0,0,-0.00213474,-0.00202957,-0.0022862,-0.00290777, 0.00133746,sell
2021-03-09,1,0,1,1,0,0,1,1,0,0,0,0,0,1,0,0,0,0,-0.00208413,-0.00164825,-0.0016138,-0.00250355,-0.00088331,sell
2021-03-10,1,0,0,2,0,0,2,1,0,1,0,0,1,0,1,0,0,0, 0.00242891, 0.00289964, 0.0040965, 0.00146668, 0.00173734,buy
2021-03-11,1,0,0,2,0,0,2,0,0,1,0,0,1,0,1,0,0,0, 0.00254562, 0.00331216, 0.0042638, 0.00192787, 0.00208146,buy
2021-03-12,1,0,0,2,0,0,2,0,0,1,1,0,1,0,1,0,0,0, 0.00199674, 0.00247295, 0.0031727, 0.00038765, 0.00038600,buy
2021-03-13,0,0,0,1,0,0,2,0,0,2,1,0,1,0,2,0,0,0, 0.00179805, 0.00165068, 0.0017939,-0.00027093, 0.00159592,buy
2021-03-14,0,0,0,1,0,0,2,0,0,2,1,0,1,0,2,0,0,0, 0.00179805, 0.00165068, 0.0017939,-0.00027093, 0.00159592,buy
2021-03-15,0,0,0,1,0,0,2,0,0,2,2,0,1,0,2,0,0,0, 0.00167846, 0.00158613, 0.0014747,-0.00075735, 0.00136370,buy
2021-03-16,0,0,0,0,0,0,1,0,0,2,2,0,1,0,2,0,0,0, 0.00246268, 0.00139924, 0.0024851, 0.00219733, 0.00188508,buy
2021-03-17,0,0,0,0,0,0,1,0,0,2,2,0,1,0,1,0,0,0,-0.00125568,-0.00311392, 0.0028971,-0.00112674,-0.00412501,sell
2021-03-18,0,0,0,0,0,0,0,0,0,2,2,0,1,0,1,0,0,0, 0.00054989, 0.00068483, 0.0017753, 0.00066319,-0.00156729,buy
2021-03-19,0,0,0,0,0,0,0,0,0,2,1,0,1,0,0,1,0,0, 0.00066597,-0.00076764,-0.0004673,-0.00042608,-0.00017090,sell
2021-03-20,0,0,0,0,0,1,0,0,0,1,1,0,1,0,0,1,0,0,-0.00236389,-0.00086587,-0.0000623,-0.00035681, 0.00079939,sell
2021-03-21,0,1,0,0,0,1,0,0,0,1,0,1,1,0,0,1,0,0,-0.00019271,-0.00003674,-0.0029061,-0.00022586, 0.00027385,sell
2021-03-22,0,1,0,0,0,1,0,0,1,0,0,1,1,0,0,1,0,0,-0.00267910,-0.00246183,-0.0029789,-0.00277502,-0.00026031,sell
2021-03-23,0,1,0,0,0,1,0,0,1,0,0,1,1,0,0,1,0,0,-0.00267910,-0.00246183,-0.0029789,-0.00277502,-0.00026031,sell
2021-03-24,0,1,2,0,0,1,0,0,1,0,0,1,1,0,0,1,0,0,-0.00185075,-0.00175295,-0.0026347,-0.00432448,-0.00168283,sell
2021-03-25,0,1,2,0,0,1,0,0,1,0,0,1,1,0,0,0,0,0,-0.00333749,-0.00446356,-0.0047259,-0.00528747,-0.00386977,sell
2021-03-26,0,1,2,0,0,1,0,0,0,0,0,0,1,0,0,2,0,0, 0.00064845,-0.00151113,-0.0005843,-0.00128175,-0.00175121,sell
2021-03-27,0,0,2,0,0,1,1,0,0,0,0,0,1,0,0,2,0,0,-0.00060179, 0.00004203,-0.0005320,-0.00049292,-0.00102202,sell
2021-03-28,0,0,2,0,0,0,1,0,0,0,0,2,1,0,0,2,0,0,-0.00033285,-0.00035858,-0.0009082,-0.00025307,-0.00162459,sell
2021-03-29,1,0,2,1,0,0,1,0,0,0,0,2,1,0,1,2,0,0,-0.00143775,-0.00086709,-0.0019290,-0.00112337,-0.00164941,sell
2021-03-30,1,0,2,1,0,0,1,0,0,0,0,2,1,0,1,2,0,0,-0.00143775,-0.00086709,-0.0019290,-0.00112337,-0.00164941,sell
2021-03-31,2,0,1,1,0,0,1,0,0,1,1,2,1,0,1,2,0,0, 0.00190881, 0.00162055, 0.0002224,-0.00053019,-0.00011717,buy
2021-04-01,2,0,0,1,0,1,1,0,0,1,1,2,1,0,1,1,0,0, 0.00418683, 0.00442113, 0.0003269,-0.00154270, 0.00065924,buy
2021-04-02,2,0,0,1,0,1,0,0,0,1,1,2,1,0,1,0,0,0, 0.00543665, 0.00502021, 0.0006776, 0.00060569, 0.00058018,buy
2021-04-03,2,0,0,0,0,1,0,0,0,1,1,1,1,0,0,0,0,0, 0.00079248,-0.00030624, 0.0011104, 0.00008269,-0.00039660,sell
2021-04-04,2,0,0,0,0,1,0,0,0,0,0,1,1,0,0,0,0,0,-0.00015509, 0.00027250, 0.0004855, 0.00114821, 0.00093891,buy
2021-04-05,2,0,0,0,0,1,0,1,0,0,0,0,1,0,0,0,0,0, 0.00111352, 0.00160241, 0.0016024, 0.00183031, 0.00154386,buy
2021-04-06,2,0,0,0,0,2,0,1,0,0,0,0,1,0,0,0,0,0, 0.00085150, 0.00084259, 0.0008426, 0.00056236, 0.00085187,buy
2021-04-07,2,0,1,1,0,2,0,1,0,0,0,0,1,0,0,1,0,0,-0.00328769,-0.00333542,-0.0033508,-0.00299265,-0.00289405,sell
2021-04-08,2,0,1,1,0,2,0,2,0,0,0,0,1,0,0,1,0,0,-0.00309182,-0.00314357,-0.0028795,-0.00299353,-0.00270870,sell
2021-04-09,1,0,1,1,0,2,0,2,0,1,0,1,1,0,0,1,0,0,-0.00301591,-0.00288076,-0.0013142,-0.00110000,-0.00109879,sell
2021-04-10,1,0,1,1,0,2,0,2,0,1,0,1,1,0,0,1,0,0,-0.00301591,-0.00288076,-0.0013142,-0.00110000,-0.00109879,sell
2021-04-11,1,0,1,1,0,2,0,1,0,1,0,1,0,0,0,0,0,0,-0.00203206,-0.00094409, 0.0017131,-0.00004919,-0.00081857,sell
2021-04-12,2,0,0,2,0,1,0,1,0,1,0,1,0,0,0,0,0,0, 0.00091335, 0.00064330, 0.0004733, 0.00052502, 0.00052502,buy
2021-04-13,2,0,0,2,0,1,0,1,0,2,0,0,0,0,0,0,0,0,-0.00049014,-0.00106240,-0.0012893,-0.00289810,-0.00126507,sell
2021-04-14,2,0,0,1,0,1,0,2,0,2,0,0,0,0,0,0,0,0,-0.00111861,-0.00114870,-0.0013650,-0.00153869,-0.00132514,sell
2021-04-15,1,0,0,1,0,2,0,1,0,1,0,0,1,0,0,0,0,0,-0.00292906,-0.00324663,-0.0031516,-0.00244903,-0.00232485,sell
2021-04-16,1,0,0,2,0,2,0,1,0,2,0,0,1,0,0,0,0,0,-0.00060842,-0.00066171,-0.0037229,-0.00050088,-0.00029161,sell
2021-04-17,1,0,0,2,0,2,0,1,0,2,0,0,1,0,0,0,0,0,-0.00060842,-0.00066171,-0.0037229,-0.00050088,-0.00029161,sell
2021-04-18,0,0,0,2,0,2,1,0,0,2,0,0,1,0,0,0,0,0,-0.00111382, 0.00081540,-0.0000775, 0.00015832, 0.00080874,buy
2021-04-19,0,0,0,2,0,2,1,0,0,2,0,0,1,0,1,0,0,0, 0.00069857, 0.00190201,-0.0013508, 0.00040250, 0.00074737,buy
2021-04-20,0,0,0,0,0,1,1,0,0,0,0,0,1,0,1,0,0,0, 0.00010854, 0.00010854, 0.0008573,-0.00013601, 0.00004530,buy
2021-04-21,0,0,0,0,0,1,2,0,0,0,0,0,1,0,1,0,1,0, 0.00184605, 0.00154849, 0.0018267, 0.00160662, 0.00081098,buy
2021-04-22,0,0,0,0,0,1,2,0,0,0,0,1,1,0,2,0,1,0, 0.00141342,-0.00237617, 0.0002423, 0.00005456, 0.00146301,buy
2021-04-23,0,0,0,0,0,0,1,0,0,0,0,1,0,0,2,0,1,0,-0.00024347,-0.00168459,-0.0002488, 0.00012067, 0.00024177,sell
2021-04-24,0,0,0,0,0,0,2,0,0,0,0,2,0,0,2,0,1,0,-0.00100482,-0.00231091,-0.0003222,-0.00007844, 0.00197816,sell
2021-04-25,0,0,0,0,2,0,1,0,0,0,0,2,0,0,2,0,1,0,-0.00047174,-0.00222170,-0.0000770, 0.00024522, 0.00341662,buy
2021-04-26,0,0,0,0,2,0,1,0,0,0,0,2,0,0,3,0,1,0, 0.00058131,-0.00113093, 0.0012715, 0.00143419, 0.00342714,buy
2021-04-27,0,0,0,0,2,0,1,0,0,0,0,1,0,0,1,0,1,0, 0.00059719,-0.00135433, 0.0004945, 0.00136274, 0.00282705,buy
2021-04-28,0,0,0,0,2,0,1,1,0,0,0,0,0,0,1,0,1,0, 0.00251044,-0.00016269, 0.0006484, 0.00325689, 0.00325317,buy
2021-04-29,0,0,0,0,2,0,1,1,0,0,0,0,0,0,1,0,1,0, 0.00251044,-0.00016269, 0.0006484, 0.00325689, 0.00325317,buy
2021-04-30,0,0,0,0,1,0,1,2,1,0,0,1,0,0,1,0,1,0, 0.00213078,-0.00183228,-0.0017345,-0.00169431,-0.00146750,sell
2021-05-01,0,1,0,1,1,0,0,2,1,0,0,1,0,0,1,0,0,0, 0.00018001, 0.00025367, 0.0006984, 0.00039865, 0.00076008,buy
2021-05-02,0,1,0,1,1,0,0,1,1,0,0,1,0,0,1,0,0,0, 0.00143273, 0.00048607, 0.0017159, 0.00066658, 0.00172327,buy
2021-05-03,0,1,0,1,1,0,0,1,1,0,0,1,0,0,1,0,0,0, 0.00143273, 0.00048607, 0.0017159, 0.00066658, 0.00172327,buy
2021-05-04,0,1,0,1,1,0,0,1,2,0,0,1,0,0,1,0,0,0,-0.00335365,-0.00041390,-0.0006508, 0.00066658,-0.00049556,sell
2021-05-05,0,2,0,2,1,0,0,1,1,0,0,1,0,0,1,0,0,0,-0.00056386, 0.00011309, 0.0001838,-0.00003308, 0.00074341,sell
2021-05-06,0,1,0,1,0,0,0,0,1,0,0,1,0,0,0,0,0,0,-0.00389358,-0.00248312,-0.0042489,-0.00473988,-0.00529618,sell
2021-05-07,0,1,0,1,0,1,0,0,1,0,0,0,0,0,0,0,0,0, 0.00075830, 0.00051519,-0.0005731, 0.00237923, 0.00061350,buy
2021-05-08,0,1,0,1,0,1,0,0,1,0,0,0,0,0,0,0,0,0, 0.00075830, 0.00051519,-0.0005731, 0.00237923, 0.00061350,buy
2021-05-09,0,1,0,1,0,1,0,0,0,1,0,0,0,0,0,1,0,0,-0.00285213,-0.00284410,-0.0042707,-0.00227092,-0.00318807,sell
2021-05-10,0,1,0,1,0,1,0,1,0,1,1,0,0,0,0,1,0,0,-0.00271877,-0.00248524,-0.0020438,-0.00221752,-0.00215880,sell
2021-05-11,0,1,0,1,0,1,0,1,0,1,1,0,0,0,0,1,0,0,-0.00271877,-0.00248524,-0.0020438,-0.00221752,-0.00215880,sell
2021-05-12,0,1,0,0,0,1,0,1,0,1,1,0,0,0,0,1,0,0,-0.00201829,-0.00380715,-0.0030573,-0.00227269,-0.00184391,sell
2021-05-13,1,1,0,0,0,1,0,1,0,1,1,0,0,0,0,1,0,0, 0.00127939,-0.00067070,-0.0023095,-0.00252569, 0.00039507,sell
2021-05-14,1,0,0,0,0,1,0,1,1,0,1,0,0,0,0,0,0,0,-0.00149107, 0.00211509, 0.0002791, 0.00047894, 0.00091330,buy
2021-05-15,1,0,0,0,0,0,0,1,1,0,1,0,0,0,0,0,0,0,-0.00276417,-0.00183626,-0.0002591,-0.00135158,-0.00129541,sell
2021-05-16,1,0,0,0,0,0,0,1,1,1,0,0,0,0,0,1,0,0,-0.00026958, 0.00071064, 0.0003581,-0.00002488, 0.00034943,buy
2021-05-17,1,0,0,0,1,0,0,0,1,1,1,0,0,0,0,1,0,0,-0.00196666,-0.00171150,-0.0021280,-0.00153220,-0.00148556,sell
2021-05-18,1,0,0,1,1,0,0,1,1,1,1,0,0,0,0,1,0,0,-0.00309648,-0.00297527,-0.0023462,-0.00354742,-0.00296470,sell
2021-05-19,1,0,0,1,1,1,0,1,1,1,1,0,0,0,0,1,0,0,-0.00067327,-0.00138895,-0.0009793,-0.00125672,-0.00097927,sell
2021-05-20,1,0,0,1,1,1,0,1,1,1,1,0,0,0,0,1,0,0,-0.00067327,-0.00138895,-0.0009793,-0.00125672,-0.00097927,sell
2021-05-21,1,0,0,1,1,1,0,1,0,1,1,0,0,0,0,1,0,0, 0.00050085,-0.00035317,-0.0010346,-0.00300324,-0.00000938,sell
2021-05-22,1,0,0,1,1,1,0,1,0,0,1,0,0,0,0,0,0,0,-0.00120672,-0.00276507,-0.0004629,-0.00125928,-0.00146570,sell
2021-05-23,2,0,0,1,1,1,0,1,0,0,0,0,0,0,0,0,0,0,-0.00022753,-0.00244722,-0.0016258,-0.00102305,-0.00067475,sell
2021-05-24,2,1,0,1,1,1,0,1,1,0,0,0,0,0,0,0,0,0,-0.00031436,-0.00193978,-0.0014719,-0.00218301,-0.00080488,sell
2021-05-25,2,1,0,1,1,1,0,2,1,0,0,0,0,0,0,0,1,0,-0.00373539,-0.00391024,-0.0030172,-0.00440366,-0.00432706,sell
2021-05-26,2,1,0,0,1,1,0,2,1,0,0,0,0,0,1,0,1,0,-0.00523982,-0.00359553,-0.0012813,-0.00262548,-0.00358544,sell
2021-05-27,2,1,0,0,1,1,0,2,1,0,0,0,0,0,1,0,1,0,-0.00523982,-0.00359553,-0.0012813,-0.00262548,-0.00358544,sell
2021-05-28,2,1,0,0,1,1,0,2,2,0,0,0,0,0,2,0,1,0,-0.00090294, 0.00227265, 0.0022727, 0.00228541, 0.00264262,buy
2021-05-29,2,1,0,0,1,2,0,2,2,1,0,1,0,0,2,0,1,0, 0.00300015, 0.00128213, 0.0018747, 0.00118775, 0.00187474,buy
2021-05-30,2,1,0,0,1,1,0,2,2,1,0,1,0,0,2,1,1,0, 0.00066623,-0.00138417,-0.0013842,-0.00166641, 0.00169282,sell
2021-05-31,1,1,0,0,1,1,0,1,2,1,1,1,0,0,2,1,1,0, 0.00206064, 0.00308210, 0.0017623, 0.00030754, 0.00250821,buy
2021-06-01,1,1,1,0,1,1,0,1,2,1,1,1,0,0,2,1,1,0, 0.00241103, 0.00139164, 0.0017417, 0.00087637, 0.00152797,buy
2021-06-02,1,1,1,0,1,1,0,1,2,1,1,1,0,0,1,1,0,0, 0.00385239, 0.00372935, 0.0003450, 0.00149402, 0.00470662,buy
2021-06-03,1,1,1,0,1,1,0,1,1,1,1,1,0,0,0,1,0,0, 0.00347647, 0.00391993,-0.0009620,-0.00022095, 0.00366131,buy
2021-06-04,1,0,1,0,0,1,0,1,1,1,1,0,0,0,0,1,0,0, 0.00314706, 0.00314706,-0.0004054,-0.00060996, 0.00319784,buy
2021-06-05,1,0,1,0,0,1,0,1,0,0,1,0,0,0,0,1,0,0,-0.00338774,-0.00445963,-0.0045451,-0.00454513, 0.00030789,sell
2021-06-06,0,0,1,0,0,0,0,1,0,0,1,0,0,0,0,1,0,0,-0.00325089,-0.00341278,-0.0013165,-0.00311411,-0.00155374,sell
2021-06-07,0,0,0,0,0,0,0,1,0,0,0,0,0,0,0,0,0,0,-0.00422569,-0.00271728,-0.0031574,-0.00271728,-0.00397740,sell
2021-06-08,0,0,0,0,0,0,0,1,0,0,0,0,1,0,0,0,0,0,-0.00080340,-0.00008683,-0.0015197,-0.00008566, 0.00077255,sell
2021-06-09,0,0,0,0,0,0,0,1,0,0,0,0,1,0,0,0,0,0,-0.00080340,-0.00008683,-0.0015197,-0.00008566, 0.00077255,sell
2021-06-10,0,1,0,0,0,0,0,2,0,0,1,0,1,0,0,1,0,0, 0.00119519, 0.00155530, 0.0005491, 0.00089814, 0.00150949,buy
2021-06-11,0,1,0,0,0,0,0,2,0,0,1,0,1,0,0,1,0,0, 0.00119519, 0.00155530, 0.0005491, 0.00089814, 0.00150949,buy
2021-06-12,0,1,0,0,0,0,0,1,0,0,1,0,1,0,0,1,0,0, 0.00058283, 0.00068096,-0.0008649,-0.00070246, 0.00065956,sell
2021-06-13,0,1,0,0,1,0,0,1,0,0,1,0,1,0,0,1,0,0,-0.00030198, 0.00031790,-0.0003392,-0.00217215, 0.00011075,sell
2021-06-14,0,1,0,1,1,0,0,1,1,0,1,0,0,0,0,1,0,0,-0.00303539,-0.00199244,-0.0021998,-0.00206940,-0.00146989,sell
2021-06-15,0,1,0,1,1,0,0,1,1,0,1,0,0,0,0,1,0,1, 0.00247855, 0.00286140, 0.0027795, 0.00244854, 0.00265975,buy
2021-06-16,0,2,0,1,1,0,0,1,1,0,0,1,0,0,1,0,0,1,-0.00026919, 0.00048477, 0.0006529, 0.00068489, 0.00078809,buy
2021-06-17,0,2,0,1,1,0,0,1,1,0,0,1,0,0,1,0,0,1,-0.00026919, 0.00048477, 0.0006529, 0.00068489, 0.00078809,buy
2021-06-18,1,1,0,1,1,0,0,0,1,0,0,1,0,0,1,0,0,1, 0.00244715, 0.00137408, 0.0045301, 0.00033449, 0.00236019,buy
2021-06-19,1,1,0,1,1,0,1,0,1,0,0,1,0,0,1,0,0,0, 0.00294921, 0.00185950, 0.0029758, 0.00125000, 0.00283134,buy
2021-06-20,1,1,1,0,0,0,1,0,1,1,0,1,0,0,1,1,0,0,-0.00007439, 0.00101869, 0.0004069, 0.00018664, 0.00095236,buy
2021-06-21,1,1,1,0,0,0,1,0,0,1,0,1,0,0,1,1,0,0,-0.00100532, 0.00079396,-0.0001257, 0.00238906, 0.00079396,buy
2021-06-22,1,1,1,0,0,0,1,0,0,1,0,1,0,0,1,1,0,0,-0.00100532, 0.00079396,-0.0001257, 0.00238906, 0.00079396,buy
2021-06-23,1,1,1,0,0,0,1,0,0,1,0,0,0,0,0,1,0,0, 0.00107976, 0.00144028,-0.0003855, 0.00503078, 0.00144028,buy
2021-06-24,1,1,1,0,0,0,1,0,0,1,0,0,0,0,0,1,0,0, 0.00107976, 0.00144028,-0.0003855, 0.00503078, 0.00144028,buy
2021-06-25,1,1,1,0,0,0,0,0,0,1,0,0,0,0,0,1,1,0, 0.00281820, 0.00387755, 0.0037356, 0.00451670, 0.00280834,buy
2021-06-26,1,1,2,0,0,0,0,0,0,1,0,0,0,0,0,1,1,0, 0.00281493, 0.00194883, 0.0022498, 0.00250762, 0.00250762,buy
2021-06-27,1,1,1,0,0,0,0,0,0,1,0,0,0,0,0,0,1,0, 0.00390980, 0.00598665, 0.0043342, 0.00598665, 0.00236667,buy
2021-06-28,1,1,1,0,0,0,0,0,0,0,0,0,0,0,0,0,1,0, 0.00009501, 0.00076514, 0.0007651, 0.00100429, 0.00374539,buy
2021-06-29,0,1,1,0,0,1,0,0,0,0,0,0,0,0,0,0,1,0, 0.00359142, 0.00407285, 0.0046580, 0.00369160, 0.00181536,buy
2021-06-30,0,1,1,0,0,1,0,0,0,0,0,0,0,0,0,0,1,0, 0.00359142, 0.00407285, 0.0046580, 0.00369160, 0.00181536,buy
2021-07-01,0,1,1,0,0,1,0,1,0,0,1,0,0,0,0,0,1,0, 0.00313625, 0.00313488, 0.0033345, 0.00053879, 0.00108255,buy
2021-07-02,0,1,0,0,0,1,0,1,0,0,1,0,0,0,0,1,1,0,-0.00030735,-0.00052799, 0.0004339,-0.00018297,-0.00139184,sell
2021-07-03,0,1,0,0,0,1,0,2,0,0,1,1,0,0,0,1,1,0,-0.00447612,-0.00147629,-0.0027184,-0.00299434,-0.00530912,sell
2021-07-04,0,1,0,0,0,1,0,2,0,0,1,1,0,0,0,1,1,0,-0.00447612,-0.00147629,-0.0027184,-0.00299434,-0.00530912,sell
2021-07-05,0,1,0,1,0,1,0,2,0,0,1,1,0,0,0,1,1,0,-0.00424939,-0.00105687,-0.0028595,-0.00302122,-0.00485956,sell
2021-07-06,0,1,0,1,1,1,0,2,1,0,1,1,0,0,0,2,1,0,-0.00215335, 0.00014169,-0.0019671,-0.00147331,-0.00303579,sell
2021-07-07,0,1,0,1,1,1,0,1,1,0,0,2,0,1,0,2,1,0,-0.00274387,-0.00307952,-0.0031115,-0.00216501,-0.00262548,sell
2021-07-08,0,1,0,1,1,1,0,1,1,0,0,2,0,1,1,2,0,0,-0.00135473,-0.00075820, 0.0015113,-0.00138331,-0.00071073,sell
2021-07-09,0,0,0,1,1,1,0,0,1,0,0,2,0,1,1,2,0,0,-0.00402241,-0.00396310,-0.0016053,-0.00290478,-0.00266250,sell
2021-07-10,0,0,1,1,1,1,0,0,1,0,0,2,0,1,1,1,1,0,-0.00084744,-0.00072761,-0.0008256,-0.00107938,-0.00149163,sell
2021-07-11,0,0,1,1,1,1,0,0,0,0,0,1,0,1,1,1,1,0,-0.00025632, 0.00060977,-0.0006309,-0.00076683,-0.00027621,sell
2021-07-12,0,0,1,0,2,1,1,0,0,0,0,0,0,1,1,0,1,0, 0.00188313, 0.00214781, 0.0023530, 0.00074245, 0.00383161,buy
2021-07-13,0,1,1,0,2,1,2,0,0,1,0,0,0,1,1,0,1,0, 0.00126142, 0.00232085, 0.0017951, 0.00260871, 0.00287112,buy
2021-07-14,0,1,1,0,2,1,2,0,0,1,0,0,0,1,0,0,1,0, 0.00044003, 0.00070343, 0.0011974, 0.00027994, 0.00183673,buy
2021-07-15,0,2,0,0,2,1,2,0,1,1,0,0,0,1,0,0,1,0, 0.00124094, 0.00116366, 0.0019095, 0.00122109, 0.00122109,buy
2021-07-16,1,2,0,0,2,1,2,0,1,1,0,0,0,1,0,0,1,0, 0.00192537, 0.00192061, 0.0021163, 0.00084539, 0.00225277,buy
2021-07-17,1,2,0,0,2,1,2,0,1,1,1,0,0,1,0,0,1,0, 0.00231617, 0.00165313, 0.0014835, 0.00070617, 0.00094549,buy
2021-07-18,1,2,0,0,2,0,2,0,1,1,1,0,0,1,0,1,1,0, 0.00204274, 0.00177467, 0.0013524, 0.00070617, 0.00096496,buy
2021-07-19,1,2,0,2,1,0,0,0,1,1,1,0,0,1,0,1,1,0,-0.00143423,-0.00125277,-0.0013914,-0.00143423,-0.00135394,sell
2021-07-20,1,2,1,2,1,0,0,0,1,1,1,0,0,1,0,1,1,0,-0.00016360, 0.00067042,-0.0005640,-0.00008197,-0.00054552,sell
2021-07-21,0,2,1,2,0,0,0,0,0,1,0,0,0,1,0,1,1,0,-0.00061361, 0.00023900,-0.0000740,-0.00107046,-0.00087551,sell
2021-07-22,0,2,1,2,0,0,0,0,0,1,0,0,0,1,0,0,1,0,-0.00072355, 0.00043214,-0.0006197,-0.00074122,-0.00084701,sell
2021-07-23,0,1,1,1,0,0,1,0,0,1,0,0,0,1,0,0,0,0,-0.00054088,-0.00040406, 0.0011339,-0.00033505,-0.00043959,sell
2021-07-24,0,0,1,1,0,0,1,0,0,1,0,0,0,1,0,0,0,0,-0.00106481,-0.00106481, 0.0001171,-0.00089669,-0.00001073,sell
2021-07-25,0,1,1,1,0,1,1,0,0,1,0,0,0,1,0,0,0,0,-0.00084854,-0.00058481, 0.0008182,-0.00084854,-0.00068992,sell
2021-07-26,0,1,2,0,0,1,1,0,0,1,0,0,0,1,0,0,0,0, 0.00032806, 0.00031733, 0.0012685,-0.00028483,-0.00066161,buy
2021-07-27,0,1,1,0,0,1,0,1,0,1,0,0,0,1,0,0,0,0, 0.00131063, 0.00125647,-0.0007857, 0.00122843, 0.00125647,buy
2021-07-28,0,1,1,0,0,1,0,1,0,1,1,0,0,1,0,0,0,0,-0.00041921,-0.00041921,-0.0007091,-0.00072993, 0.00004400,sell
2021-07-29,0,1,1,0,0,1,0,1,0,1,1,1,1,1,0,0,0,0,-0.00094849,-0.00119424,-0.0011592,-0.00095300, 0.00050549,sell
2021-07-30,0,0,0,0,0,0,0,2,0,1,1,1,1,1,0,0,0,0, 0.00057188, 0.00058471,-0.0003928, 0.00136900,-0.00101235,buy
2021-07-31,0,0,0,0,0,0,0,2,0,1,1,2,1,1,1,0,0,0, 0.00057647,-0.00015441,-0.0001421, 0.00005242,-0.00069948,sell
2021-08-01,0,0,0,0,0,0,0,2,0,1,1,2,1,1,1,0,0,1, 0.00250250,-0.00135061, 0.0022565, 0.00251711, 0.00196986,buy
2021-08-02,0,0,0,0,0,0,0,2,0,1,1,2,1,0,1,1,0,1, 0.00039819,-0.00205612,-0.0004354,-0.00016307,-0.00055550,sell
2021-08-03,0,0,0,0,0,0,0,0,0,0,0,2,1,0,1,2,0,1,-0.00205252,-0.00206566,-0.0039382,-0.00332386,-0.00426766,sell
2021-08-04,0,0,0,0,0,0,0,0,0,0,0,1,1,0,1,2,0,1,-0.00165017,-0.00090115,-0.0031335, 0.00008277,-0.00198533,sell
2021-08-05,0,0,0,0,0,0,0,0,0,0,0,1,1,0,1,2,0,1,-0.00165017,-0.00090115,-0.0031335, 0.00008277,-0.00198533,sell
2021-08-06,0,0,0,0,0,0,1,1,0,0,0,1,0,0,0,1,0,1,-0.00067036, 0.00103083, 0.0005571, 0.00051430, 0.00058343,buy
2021-08-07,0,0,0,0,0,0,1,1,1,0,0,0,0,0,0,1,0,1, 0.00063952, 0.00135630, 0.0014237, 0.00135630, 0.00129812,buy
2021-08-08,0,0,0,0,0,0,1,1,1,0,0,0,0,0,0,1,0,1, 0.00063952, 0.00135630, 0.0014237, 0.00135630, 0.00129812,buy
2021-08-09,0,0,0,1,0,0,1,1,2,0,0,1,0,0,0,1,0,1,-0.00161418,-0.00016022, 0.0005379,-0.00015497,-0.00029390,sell
2021-08-10,0,0,0,1,0,0,0,1,2,0,0,1,0,0,0,1,0,0, 0.00166237,-0.00185680,-0.0013278, 0.00157649, 0.00197100,buy
2021-08-11,0,0,0,1,0,0,0,1,1,0,0,1,0,0,0,0,0,0, 0.00035324,-0.00354496,-0.0039480, 0.00224764, 0.00067578,sell
2021-08-12,0,1,1,1,0,0,1,1,1,0,0,1,0,0,0,0,0,0,-0.00110034,-0.00131853,-0.0009099,-0.00064611,-0.00015630,sell
2021-08-13,0,1,1,1,0,0,1,1,1,0,0,1,0,0,0,1,0,0, 0.00096873, 0.00255867, 0.0024042, 0.00325663, 0.00348184,buy
2021-08-14,0,1,1,0,0,0,1,0,2,0,0,0,0,0,0,1,0,0,-0.00164293,-0.00002136,-0.0014915,-0.00134800,-0.00148259,sell
2021-08-15,0,1,1,0,1,0,1,0,1,1,1,0,0,0,0,1,0,0, 0.00497448, 0.00415442, 0.0046879, 0.00468792, 0.00477463,buy
2021-08-16,0,0,1,1,1,0,1,0,1,1,1,0,0,0,0,1,0,0, 0.00353869, 0.00212676, 0.0021916, 0.00224061, 0.00381686,buy
2021-08-17,1,0,0,1,1,0,1,0,1,1,1,0,0,0,0,1,0,0, 0.00013105, 0.00009123,-0.0009221,-0.00100094, 0.00010140,sell
2021-08-18,1,0,0,1,1,0,1,0,1,1,1,0,0,0,1,1,0,0,-0.00105674,-0.00121420,-0.0010680,-0.00140443,-0.00107322,sell
2021-08-19,1,0,0,1,1,0,0,0,1,1,0,0,0,0,1,0,0,0, 0.00043720, 0.00214607, 0.0007193, 0.00001507, 0.00051717,buy
2021-08-20,1,0,0,1,1,0,0,0,1,0,0,0,0,0,1,0,0,0, 0.00095521, 0.00060066, 0.0009378,-0.00043268, 0.00095470,buy
2021-08-21,1,0,0,1,1,0,0,0,0,0,1,0,0,0,1,0,0,0,-0.00123949, 0.00072671, 0.0012321, 0.00059377, 0.00079030,buy
2021-08-22,1,0,0,1,1,0,0,1,0,0,1,0,0,0,1,0,0,0,-0.00037070, 0.00109865, 0.0039505, 0.00096590, 0.00097396,buy
2021-08-23,1,0,0,2,1,0,0,1,0,0,1,1,0,0,0,0,0,0,-0.00319382,-0.00331292,-0.0015932,-0.00311422,-0.00321935,sell
2021-08-24,1,0,0,1,0,0,0,1,1,0,1,1,0,0,0,0,0,0,-0.00100829, 0.00055644,-0.0005610, 0.00097280, 0.00025457,sell
2021-08-25,0,0,1,1,0,0,0,1,1,0,1,1,0,0,0,0,0,0,-0.00028315,-0.00092703,-0.0001703,-0.00021690,-0.00089721,sell
2021-08-26,0,0,1,1,0,0,0,1,1,0,0,1,0,0,1,0,0,0, 0.00064107, 0.00124282, 0.0015414, 0.00113023, 0.00308764,buy
2021-08-27,0,1,1,1,0,0,0,1,1,0,0,1,0,0,1,0,0,0,-0.00260480, 0.00007966,-0.0024690, 0.00000872, 0.00408228,sell
2021-08-28,0,1,1,1,0,0,0,0,1,0,1,0,0,0,1,1,0,0,-0.00345800,-0.00013423,-0.0005745,-0.00013423, 0.00211582,sell
2021-08-29,0,1,1,0,0,0,0,0,0,1,1,0,0,0,1,1,0,0, 0.00202481, 0.00224700, 0.0021689, 0.00213942, 0.00231459,buy
2021-08-30,0,1,0,0,0,1,0,0,0,1,1,0,0,0,1,1,0,0,-0.00328305,-0.00535412,-0.0054924,-0.00357428,-0.00330520,sell
2021-08-31,0,1,0,0,0,1,0,0,0,1,1,0,0,0,1,1,0,0,-0.00328305,-0.00535412,-0.0054924,-0.00357428,-0.00330520,sell
2021-09-01,0,1,0,0,0,1,1,0,0,1,1,0,0,0,0,1,0,0,-0.00148825,-0.00173276,-0.0016597,-0.00200834,-0.00142528,sell
2021-09-02,0,2,0,0,0,1,1,0,0,1,2,0,0,0,0,0,0,0, 0.00009218, 0.00225113, 0.0019530,-0.00043394, 0.00195304,buy
2021-09-03,1,2,0,0,0,1,1,0,0,2,2,0,0,0,0,0,0,0,-0.00102325, 0.00183628, 0.0009301,-0.00102859, 0.00085643,buy
2021-09-04,1,1,1,1,0,1,1,0,0,2,1,0,0,0,1,0,0,0,-0.00208952,-0.00247425,-0.0016505,-0.00211367,-0.00260620,sell
2021-09-05,1,1,1,1,0,1,1,0,0,1,1,0,0,0,1,0,0,0,-0.00331567,-0.00368587,-0.0038580,-0.00371304,-0.00268035,sell
2021-09-06,1,1,1,1,0,1,1,0,0,1,1,0,0,0,1,0,0,0,-0.00331567,-0.00368587,-0.0038580,-0.00371304,-0.00268035,sell
2021-09-07,1,1,1,1,0,1,0,0,0,1,1,0,0,0,1,0,0,0,-0.00075672,-0.00020084,-0.0000113,-0.00020250,-0.00020250,sell
2021-09-08,1,1,1,1,0,1,0,0,0,1,0,0,0,0,2,0,0,0,-0.00209931,-0.00183908,-0.0021143,-0.00146908,-0.00232423,sell
2021-09-09,0,0,0,1,0,1,0,0,0,0,0,0,0,0,2,0,0,0,-0.00207877,-0.00083730,-0.0019071,-0.00202451,-0.00180011,sell
2021-09-10,0,0,0,0,0,1,0,1,0,0,0,0,0,0,2,0,0,0,-0.00101041,-0.00050367,-0.0006854,-0.00039864,-0.00039594,sell
2021-09-11,0,0,0,0,0,1,0,1,0,0,0,0,0,0,1,0,0,0,-0.00111095,-0.00050367,-0.0009880,-0.00046075,-0.00046481,sell
2021-09-12,0,0,0,0,0,0,0,1,0,0,0,1,1,0,1,0,0,0,-0.00085437,-0.00049896,-0.0008544,-0.00042498, 0.00059196,sell
2021-09-13,0,0,1,0,0,0,0,1,0,0,0,1,1,0,1,0,0,0,-0.00055250,-0.00040718,-0.0002675,-0.00078452,-0.00040027,sell
2021-09-14,0,0,1,0,0,0,1,2,1,0,0,2,1,0,0,0,0,0, 0.00047394, 0.00156794, 0.0001391,-0.00038675,-0.00233193,buy
2021-09-15,0,0,1,0,0,0,1,2,1,0,0,2,1,0,0,0,0,0, 0.00047394, 0.00156794, 0.0001391,-0.00038675,-0.00233193,buy
2021-09-16,0,0,1,0,0,0,1,2,1,0,0,2,1,0,0,0,0,0, 0.00047394, 0.00156794, 0.0001391,-0.00038675,-0.00233193,buy
2021-09-17,1,0,2,0,0,0,1,2,1,1,0,2,1,0,0,0,0,0,-0.00013858, 0.00179130, 0.0021688, 0.00149801, 0.00256288,buy
2021-09-18,1,0,2,0,0,0,1,2,1,1,0,2,1,0,0,0,0,0,-0.00013858, 0.00179130, 0.0021688, 0.00149801, 0.00256288,buy
2021-09-19,1,0,2,0,0,0,1,1,1,1,0,1,1,0,0,2,0,0, 0.00356944, 0.00383193, 0.0019805, 0.00380275, 0.00380235,buy
2021-09-20,1,1,1,0,0,0,1,0,1,1,0,0,1,0,0,2,0,0, 0.00202475, 0.00132284, 0.0010787, 0.00240207, 0.00091626,buy
2021-09-21,1,1,1,0,0,0,1,0,0,1,0,0,1,0,0,2,0,0, 0.00110816, 0.00145425, 0.0002774, 0.00316045,-0.00013264,buy
2021-09-22,1,1,1,0,0,0,1,0,0,1,0,0,1,0,0,2,0,0, 0.00110816, 0.00145425, 0.0002774, 0.00316045,-0.00013264,buy
2021-09-23,1,1,1,0,0,0,0,0,0,1,0,0,1,0,0,2,0,0, 0.00131219, 0.00177879, 0.0018717,-0.00067967, 0.00177879,buy
2021-09-24,0,1,1,0,0,0,0,0,0,1,0,0,1,0,0,2,0,0,-0.00070870, 0.00013815,-0.0014353,-0.00034022, 0.00115289,sell
2021-09-25,0,1,1,0,0,0,0,0,0,1,0,0,1,0,0,2,0,0,-0.00070870, 0.00013815,-0.0014353,-0.00034022, 0.00115289,sell
2021-09-26,0,1,1,0,1,0,0,0,0,1,1,0,1,0,0,1,0,0,-0.00107381,-0.00015666,-0.0010688, 0.00038736,-0.00094931,sell
2021-09-27,0,1,1,1,1,0,1,0,0,1,1,0,1,0,0,0,0,0, 0.00260124, 0.00256805, 0.0001171, 0.00266834, 0.00138892,buy
2021-09-28,0,1,1,2,1,0,1,0,0,1,1,0,1,0,0,0,0,0, 0.00123701, 0.00133376,-0.0016928, 0.00019187,-0.00012648,buy
2021-09-29,0,1,1,2,1,0,1,0,0,2,1,0,1,0,0,0,0,0, 0.00268937, 0.00250201, 0.0019467, 0.00184566, 0.00190475,buy
2021-09-30,0,1,1,2,2,0,1,0,0,2,1,0,1,0,0,0,0,1, 0.00131209, 0.00068280, 0.0012507, 0.00366529,-0.00043891,buy
2021-10-01,0,1,1,2,2,0,2,0,0,2,1,0,1,0,0,0,0,1, 0.00427100, 0.00265368, 0.0036159, 0.00278189, 0.00236232,buy
2021-10-02,1,1,1,2,2,0,2,0,0,2,1,0,1,0,0,0,0,1, 0.00221231, 0.00117087, 0.0024010, 0.00093002, 0.00126840,buy
2021-10-03,1,0,1,2,2,0,1,0,0,2,0,0,1,0,0,0,0,1, 0.00195621, 0.00410379, 0.0011914, 0.00340544, 0.00155437,buy
2021-10-04,1,0,1,0,2,0,1,0,0,2,0,0,1,0,1,0,0,0, 0.00670051, 0.00551712, 0.0031585, 0.00635030, 0.00648358,buy
2021-10-05,1,0,1,0,2,0,1,0,0,2,0,0,1,0,1,0,0,0, 0.00670051, 0.00551712, 0.0031585, 0.00635030, 0.00648358,buy
2021-10-06,1,0,1,0,2,0,1,0,0,0,0,0,1,0,1,0,0,0,-0.00279694,-0.00315659,-0.0014155,-0.00257836,-0.00248920,sell
2021-10-07,1,0,1,0,3,0,1,0,0,0,0,0,2,0,1,0,0,0,-0.00345813,-0.00343472,-0.0016228,-0.00302831,-0.00286680,sell
2021-10-08,1,0,0,0,3,0,1,0,0,0,0,0,2,0,1,0,1,0, 0.00025495, 0.00047901, 0.0004177,-0.00125713, 0.00025248,buy
2021-10-09,0,0,0,0,3,0,0,0,0,0,0,0,2,0,2,0,1,0, 0.00019864,-0.00100267,-0.0006900,-0.00099710,-0.00001683,sell
2021-10-10,1,0,0,0,3,0,0,0,0,0,0,0,2,0,1,0,1,0,-0.00022151,-0.00102418,-0.0010029,-0.00128068,-0.00001104,sell
2021-10-11,1,0,0,0,3,0,1,0,0,0,0,1,2,0,1,0,0,0, 0.00310005,-0.00105689, 0.0003782, 0.00039274, 0.00025102,buy
2021-10-12,1,0,1,0,3,0,1,0,0,0,0,1,1,0,1,0,0,0, 0.00024938,-0.00338051,-0.0010382,-0.00196710,-0.00256445,sell
2021-10-13,1,0,1,0,2,0,1,0,1,0,0,1,1,0,1,0,0,0,-0.00153498,-0.00319276,-0.0009034,-0.00396383,-0.00373317,sell
2021-10-14,1,1,1,0,1,0,1,0,1,1,0,1,1,0,1,0,0,0,-0.00196121,-0.00121119,-0.0006128,-0.00107914,-0.00118937,sell
2021-10-15,1,1,1,0,1,0,1,0,1,1,0,1,1,0,1,0,0,1, 0.00380435, 0.00332433, 0.0028284, 0.00241673, 0.00285145,buy
2021-10-16,1,1,1,0,1,0,1,0,1,1,0,1,1,0,1,0,0,1, 0.00380435, 0.00332433, 0.0028284, 0.00241673, 0.00285145,buy
2021-10-17,1,2,1,1,1,0,1,0,1,1,0,0,1,0,1,0,0,1, 0.00340137, 0.00401757, 0.0028395, 0.00339517, 0.00340137,buy
2021-10-18,1,2,1,1,1,0,0,0,1,1,0,0,1,0,1,0,0,1, 0.00323148, 0.00455257, 0.0029481, 0.00324661, 0.00302949,buy
2021-10-19,1,2,0,1,1,0,0,0,0,1,0,0,1,0,1,0,0,1,-0.00144768,-0.00179775,-0.0012157,-0.00134704,-0.00059641,sell
2021-10-20,1,2,0,1,1,0,0,0,0,1,0,0,1,0,2,0,0,0,-0.00141854,-0.00183707,-0.0014792, 0.00341853,-0.00167228,sell
2021-10-21,1,2,0,0,0,0,0,0,0,0,0,0,1,0,2,0,0,0, 0.00104895, 0.00012403, 0.0010489, 0.00054888, 0.00104895,buy
2021-10-22,1,2,0,0,0,0,0,0,0,0,0,0,1,0,2,0,0,0, 0.00104895, 0.00012403, 0.0010489, 0.00054888, 0.00104895,buy
2021-10-23,1,0,0,0,0,0,0,0,0,0,0,0,1,0,1,0,0,0,-0.00002196, 0.00024556, 0.0005382,-0.00052844, 0.00027794,buy
2021-10-24,1,0,0,0,0,0,0,1,0,0,0,0,1,0,1,0,0,0,-0.00040011,-0.00055360,-0.0007073,-0.00082281, 0.00042938,sell
2021-10-25,1,0,0,1,0,0,0,1,0,0,1,0,1,0,1,0,0,0, 0.00187448, 0.00307489, 0.0019656, 0.00218272, 0.00355257,buy
2021-10-26,0,0,0,1,0,0,0,2,0,0,1,0,1,0,1,0,0,0, 0.00087676,-0.00035698, 0.0007283, 0.00200346, 0.00213229,buy
2021-10-27,0,0,0,1,0,0,0,2,0,1,1,1,1,0,1,0,0,0, 0.00490183,-0.00073618, 0.0022094, 0.00194253,-0.00107988,buy
2021-10-28,0,0,0,1,0,0,1,2,0,1,1,1,1,0,0,0,0,0, 0.00276215, 0.00055343, 0.0042387, 0.00255830, 0.00159587,buy
2021-10-29,0,0,0,1,0,0,1,2,0,1,1,1,1,0,0,0,0,0, 0.00276215, 0.00055343, 0.0042387, 0.00255830, 0.00159587,buy
2021-10-30,1,0,1,1,0,0,1,1,0,1,1,1,1,0,0,0,0,0,-0.00029069,-0.00027452,-0.0009034, 0.00056674, 0.00116238,sell
2021-10-31,1,0,1,1,0,0,1,1,0,2,1,1,1,0,0,1,0,0, 0.00335215, 0.00064718, 0.0033522,-0.00070622, 0.00354791,buy
2021-11-01,1,1,1,0,0,0,1,0,0,2,0,1,1,0,0,2,0,1, 0.00255362, 0.00264996, 0.0023869, 0.00181438, 0.00264996,buy
2021-11-02,1,1,1,0,0,0,0,0,0,2,0,1,1,0,0,2,0,1, 0.00147358, 0.00179741, 0.0007171, 0.00156426, 0.00104134,buy
2021-11-03,1,1,1,0,0,0,0,0,0,1,0,0,1,0,0,2,0,1, 0.00070145, 0.00119690,-0.0005223, 0.00109443,-0.00171854,buy
2021-11-04,1,1,0,0,0,0,0,0,0,1,0,0,1,0,0,2,0,1,-0.00085780,-0.00189800,-0.0007232,-0.00186866,-0.00232847,sell
2021-11-05,1,0,0,0,0,0,0,0,0,0,0,0,1,0,0,2,0,1,-0.00269785,-0.00269785,-0.0013193,-0.00234109,-0.00261880,sell
2021-11-06,0,0,0,0,1,0,0,0,0,0,0,0,1,0,0,2,0,1,-0.00196615, 0.00335957, 0.0036824, 0.00304891,-0.00178641,buy
2021-11-07,0,0,0,0,1,0,0,1,0,0,0,0,1,0,0,1,0,1,-0.00073297, 0.00104264, 0.0008401, 0.00038305,-0.00048799,buy
2021-11-08,0,0,0,0,1,0,0,1,0,0,0,1,1,0,0,1,0,1,-0.00308684,-0.00196081,-0.0032285,-0.00002635,-0.00178435,sell
2021-11-09,1,0,0,0,1,1,1,1,0,0,0,1,1,0,0,0,0,1,-0.00054455,-0.00014498, 0.0015924,-0.00064843,-0.00068979,sell
2021-11-10,1,0,0,0,1,1,1,1,0,0,0,2,1,0,0,0,0,1,-0.00155192,-0.00067629,-0.0020789,-0.00186637,-0.00155537,sell
2021-11-11,2,0,1,0,1,1,1,1,0,0,0,2,1,0,0,1,0,1,-0.00155243,-0.00147248,-0.0012919,-0.00155243,-0.00136666,sell
2021-11-12,2,0,1,1,1,1,1,0,0,0,0,2,1,0,0,1,0,0, 0.00019076,-0.00051140, 0.0002457,-0.00060724, 0.00062942,sell
2021-11-13,1,0,1,1,1,1,1,0,0,1,0,1,1,0,0,1,0,0,-0.00085379,-0.00235671, 0.0025309,-0.00211262, 0.00261430,sell
2021-11-14,1,0,1,1,1,1,1,0,0,1,0,1,1,0,0,1,0,0,-0.00085379,-0.00235671, 0.0025309,-0.00211262, 0.00261430,sell
2021-11-15,1,0,1,1,0,1,1,0,0,1,0,1,1,0,1,1,0,0,-0.00087860,-0.00063126, 0.0010745,-0.00202991,-0.00093739,sell
2021-11-16,1,0,1,1,0,1,1,0,0,1,0,1,1,0,1,1,0,0,-0.00087860,-0.00063126, 0.0010745,-0.00202991,-0.00093739,sell
2021-11-17,1,0,1,1,0,1,1,0,0,1,0,1,1,0,1,0,0,0,-0.00134726,-0.00157659,-0.0003809,-0.00180337,-0.00186894,sell
2021-11-18,0,0,1,1,0,1,1,0,0,1,0,0,1,0,1,0,0,0,-0.00020232,-0.00035383,-0.0007681, 0.00023492, 0.00015674,sell
2021-11-19,0,0,0,2,0,1,1,0,0,2,0,0,1,0,1,0,0,0,-0.00300335,-0.00232774,-0.0042589,-0.00307792,-0.00232774,sell
2021-11-20,0,0,0,1,0,1,1,0,0,1,0,0,1,0,1,0,0,0, 0.00205576, 0.00082157,-0.0006529, 0.00030454, 0.00091741,buy
2021-11-21,0,0,0,1,0,1,0,0,0,1,0,0,1,0,1,0,0,0, 0.00125496, 0.00141360, 0.0005248, 0.00105206, 0.00240940,buy
2021-11-22,0,0,0,1,0,1,0,0,0,1,0,0,2,0,1,0,1,0,-0.00009013,-0.00034379,-0.0015968,-0.00071564,-0.00111100,sell
2021-11-23,0,1,0,1,0,1,0,0,0,1,0,0,2,0,0,0,1,0,-0.00078051,-0.00039298,-0.0017458,-0.00101960,-0.00092295,sell
2021-11-24,0,1,0,0,0,1,0,0,0,0,0,0,2,0,0,0,1,0, 0.00188938, 0.00097352,-0.0003729,-0.00042077,-0.00043334,sell
2021-11-25,0,2,0,0,0,1,0,0,0,0,0,0,2,0,0,0,1,0,-0.00093224,-0.00067596,-0.0026674,-0.00113119,-0.00023421,sell
2021-11-26,0,3,0,0,0,1,0,1,0,0,0,0,2,0,0,0,1,0,-0.00183927,-0.00322547,-0.0034189,-0.00320558,-0.00176441,sell
2021-11-27,0,3,0,0,0,1,0,1,0,0,0,1,2,0,0,0,1,0,-0.00102000,-0.00202031,-0.0023221,-0.00155108, 0.00065466,sell
2021-11-28,0,3,0,0,0,1,0,1,0,0,0,2,2,0,0,0,1,0, 0.00095584, 0.00048499, 0.0008057, 0.00015835, 0.00164518,buy
2021-11-29,0,3,0,0,0,1,0,1,2,0,0,2,2,0,0,0,1,0,-0.00058572,-0.00153955,-0.0013540,-0.00106804,-0.00061284,sell
2021-11-30,0,3,0,0,0,1,0,1,2,0,0,2,1,0,2,0,0,0,-0.00001693,-0.00151534, 0.0000419,-0.00203555,-0.00072722,sell
2021-12-01,0,1,0,0,0,1,0,1,2,0,0,2,1,0,2,0,0,0,-0.00184325,-0.00171663,-0.0007355,-0.00203850,-0.00184325,sell
2021-12-02,0,1,0,0,0,1,0,1,3,0,0,2,1,0,2,0,0,0,-0.00141779,-0.00163276,-0.0006453,-0.00164541,-0.00141779,sell
2021-12-03,0,1,0,0,0,1,0,1,2,0,0,1,1,0,2,0,0,0,-0.00123087,-0.00114680, 0.0000189,-0.00105792,-0.00123087,sell
2021-12-04,0,0,0,0,0,1,0,1,2,0,0,1,1,0,1,0,0,0,-0.00199185,-0.00205179, 0.0009846,-0.00267657, 0.00029246,sell
2021-12-05,0,0,0,1,0,1,0,2,2,0,0,0,1,0,1,0,0,0,-0.00376418,-0.00482851,-0.0009231,-0.00435787,-0.00047551,sell
2021-12-06,0,0,0,1,0,1,0,2,1,0,0,0,1,0,1,0,0,0,-0.00142923,-0.00548627,-0.0014292,-0.00112987,-0.00020833,sell
2021-12-07,0,0,0,1,0,1,0,1,1,0,0,0,0,0,0,0,0,0, 0.00223268,-0.00024523,-0.0038284, 0.00193839, 0.00223268,buy
2021-12-08,0,0,0,1,0,1,0,1,1,1,1,0,0,0,0,0,0,1,-0.00029701, 0.00219584, 0.0022518, 0.00207444, 0.00147712,buy
2021-12-09,0,0,0,2,0,1,0,2,1,1,1,0,0,0,0,1,0,1, 0.00107896, 0.00411275, 0.0020981, 0.00193966, 0.00290431,buy
2021-12-10,0,0,0,2,0,2,0,1,1,1,1,0,0,0,0,1,0,1,-0.00096609, 0.00169607, 0.0015423, 0.00162269, 0.00060762,buy
2021-12-11,0,0,0,2,0,1,0,1,1,1,1,0,0,0,0,1,0,1, 0.00006222, 0.00281186, 0.0016808, 0.00160570, 0.00208954,buy
2021-12-12,1,0,0,2,0,1,0,1,1,1,1,0,0,0,0,1,0,1,-0.00142059,-0.00080985,-0.0009193,-0.00137922,-0.00107932,sell
2021-12-13,1,0,0,2,0,1,0,1,1,0,1,0,0,0,0,1,0,0, 0.00059568,-0.00123361,-0.0010547,-0.00121403,-0.00095246,sell
2021-12-14,1,0,0,1,0,1,0,1,1,1,1,0,0,1,0,0,0,0,-0.00159864,-0.00104192,-0.0006929,-0.00154995,-0.00140087,sell
2021-12-15,1,0,0,1,0,1,0,1,1,1,1,0,0,1,0,1,0,0,-0.00136050,-0.00194949,-0.0003481,-0.00123775,-0.00100380,sell
2021-12-16,1,0,0,2,0,1,0,0,1,1,1,0,0,1,0,1,0,0,-0.00234341,-0.00232198,-0.0022623,-0.00205342,-0.00241676,sell
2021-12-17,0,0,0,2,0,1,0,0,1,1,1,0,0,1,0,1,0,0,-0.00146347,-0.00038672,-0.0010336,-0.00144349,-0.00155889,sell
2021-12-18,0,0,0,2,0,0,0,0,1,1,1,1,0,1,0,1,0,0, 0.00500954, 0.00488834, 0.0058078, 0.00553015, 0.00544536,buy
2021-12-19,1,0,0,2,0,0,0,0,1,1,1,1,0,1,1,1,0,0,-0.00199425,-0.00202004,-0.0017266,-0.00109028,-0.00209829,sell
2021-12-20,1,0,1,2,0,0,0,0,1,1,1,1,0,1,1,1,0,0,-0.00014934, 0.00053845, 0.0007792, 0.00166505,-0.00008039,buy
2021-12-21,1,1,1,2,0,0,0,0,1,0,0,1,0,1,1,0,0,0,-0.00358562,-0.00340343,-0.0036962,-0.00189451,-0.00327555,sell
2021-12-22,1,1,1,2,0,0,0,0,1,0,0,1,0,0,1,0,0,0,-0.00014210, 0.00120424, 0.0007957,-0.00032654, 0.00319480,buy
2021-12-23,1,1,1,2,0,0,0,0,1,0,0,0,0,0,0,0,0,0,-0.00433734,-0.00254342,-0.0017941,-0.00143068,-0.00189397,sell
2021-12-24,1,1,1,1,1,0,0,1,1,0,0,0,0,0,0,0,0,0, 0.00031197, 0.00005998,-0.0015567, 0.00097511, 0.00019782,sell
2021-12-25,0,0,0,0,1,0,0,1,1,0,0,0,0,0,0,0,0,0, 0.00048330, 0.00153094, 0.0015354, 0.00095709, 0.00226062,buy
2021-12-26,0,0,0,0,1,0,0,1,1,0,0,0,0,0,0,0,0,0, 0.00048330, 0.00153094, 0.0015354, 0.00095709, 0.00226062,buy
2021-12-27,0,0,0,0,1,0,0,1,2,0,0,0,0,0,0,0,1,0,-0.00328346, 0.00004328,-0.0003036, 0.00074019,-0.00204024,sell
2021-12-28,0,0,0,0,2,0,0,1,2,0,0,0,0,0,0,0,1,0, 0.00230657, 0.00326699, 0.0031354, 0.00098942, 0.00203291,buy
2021-12-29,0,0,0,0,2,0,0,0,2,0,0,0,0,0,1,0,1,0,-0.00108611, 0.00425277,-0.0011215,-0.00160623,-0.00094680,sell
2021-12-30,1,0,0,0,2,1,0,0,2,0,0,1,0,0,1,0,1,0, 0.00101352, 0.00279046, 0.0009640,-0.00025436, 0.00178408,buy
2021-12-31,1,0,0,1,1,1,0,1,2,0,0,1,0,0,1,0,1,0, 0.00208423, 0.00057896, 0.0010292,-0.00139930, 0.00115731,buy
2022-01-01,1,1,0,1,1,1,0,1,2,0,0,1,0,0,1,0,0,0, 0.00064326, 0.00032340, 0.0008109, 0.00046234, 0.00081088,buy
2022-01-02,1,1,0,1,1,1,0,1,2,0,0,1,0,0,1,0,0,0, 0.00064326, 0.00032340, 0.0008109, 0.00046234, 0.00081088,buy
2022-01-03,1,1,1,1,1,1,0,1,1,0,0,1,0,0,1,0,0,0, 0.00100130, 0.00053418, 0.0051875, 0.00102391,-0.00313157,buy
2022-01-04,0,1,1,1,1,1,1,1,0,0,0,1,0,0,1,0,0,0, 0.00128788, 0.00130375, 0.0002638,-0.00037947, 0.00109785,buy
2022-01-05,0,1,1,1,1,1,1,1,0,0,0,1,0,0,0,0,0,0,-0.00076671,-0.00077236,-0.0009123,-0.00077893,-0.00062470,sell
2022-01-06,0,1,1,0,0,2,1,1,0,0,0,0,1,0,0,0,0,0, 0.00031487, 0.00031487,-0.0001675,-0.00048746,-0.00031506,buy
2022-01-07,0,0,2,0,0,2,1,1,0,0,0,0,1,0,0,0,0,0, 0.00038141, 0.00053121, 0.0003479, 0.00034431,-0.00067238,buy
2022-01-08,0,0,2,0,0,2,1,2,0,0,0,0,1,0,0,0,0,0,-0.00199039,-0.00179717,-0.0019904,-0.00358155,-0.00172455,sell
2022-01-09,0,0,2,0,0,2,1,2,0,0,0,0,1,0,0,1,0,0,-0.00044579,-0.00072736,-0.0004458,-0.00112213,-0.00126162,sell
2022-01-10,0,0,2,0,0,2,1,2,0,0,1,0,1,0,0,1,0,0,-0.00259643,-0.00022260,-0.0025964,-0.00292506,-0.00250251,sell
2022-01-11,0,0,1,0,0,2,0,1,0,0,1,0,1,0,0,1,0,0,-0.00537661, 0.00003968,-0.0022878,-0.00289535,-0.00032960,sell
2022-01-12,0,0,1,0,0,1,0,1,1,0,1,0,0,0,0,1,0,0,-0.00417804,-0.00214730,-0.0041780,-0.00253968,-0.00132051,sell
2022-01-13,0,1,1,0,1,1,0,1,1,0,1,1,0,0,0,1,0,0, 0.00309267, 0.00169584, 0.0029616, 0.00231331, 0.00267575,buy
2022-01-14,0,1,1,0,1,1,0,1,1,0,1,1,0,0,0,1,0,0, 0.00309267, 0.00169584, 0.0029616, 0.00231331, 0.00267575,buy
2022-01-15,1,1,0,0,1,1,0,0,1,0,1,1,0,0,0,1,0,0, 0.00197248, 0.00316822, 0.0037054, 0.00329202, 0.00305061,buy
2022-01-16,1,1,0,0,1,1,0,0,1,0,1,1,0,0,0,1,0,0, 0.00197248, 0.00316822, 0.0037054, 0.00329202, 0.00305061,buy
2022-01-17,1,1,0,0,1,1,0,0,1,0,1,1,0,0,1,1,0,0, 0.00364365, 0.00487020, 0.0054795, 0.00452018, 0.00448510,buy
2022-01-18,1,1,0,0,1,1,1,0,1,0,0,1,0,0,1,1,0,0, 0.00220695, 0.00136334, 0.0021619, 0.00102139, 0.00216186,buy
2022-01-19,1,1,0,1,1,1,1,0,1,0,0,1,0,0,1,1,0,0, 0.00203935, 0.00256460, 0.0028354, 0.00114340, 0.00191813,buy
2022-01-20,1,1,0,1,0,0,1,0,1,0,0,1,0,0,1,0,0,0, 0.00190541, 0.00060159, 0.0019867,-0.00000873, 0.00175342,buy
2022-01-21,1,1,0,1,0,0,1,0,0,0,0,1,1,0,1,0,0,0, 0.00184467, 0.00164287, 0.0014071, 0.00128423, 0.00188152,buy
2022-01-22,0,1,0,2,0,0,1,0,0,0,0,1,1,0,1,0,0,0,-0.00162297, 0.00008224,-0.0009274,-0.00266980,-0.00122212,sell
2022-01-23,0,1,0,2,0,0,2,0,0,0,0,1,1,0,1,0,0,0,-0.00457264,-0.00327868,-0.0029249,-0.00075043,-0.00460220,sell
2022-01-24,0,1,0,2,0,1,1,0,0,0,0,1,1,0,1,0,0,0,-0.00094423,-0.00164718,-0.0005224,-0.00148345,-0.00155096,sell
2022-01-25,1,1,0,1,0,1,1,0,1,0,0,0,1,0,1,0,0,0, 0.00059280,-0.00120905,-0.0013689,-0.00062719,-0.00000054,sell
2022-01-26,1,1,0,1,0,1,1,0,1,0,0,0,0,0,1,0,0,0,-0.00086833,-0.00087267,-0.0008448,-0.00070979,-0.00061526,sell
2022-01-27,1,1,0,1,0,1,1,0,1,0,0,0,0,0,1,1,0,0,-0.00373128,-0.00371905,-0.0006812,-0.00374656,-0.00374656,sell
2022-01-28,1,1,0,1,0,0,1,0,1,0,0,0,0,1,1,1,0,0,-0.00230788,-0.00065043,-0.0008833,-0.00228761,-0.00012886,sell
2022-01-29,1,1,0,1,0,0,1,0,1,0,0,0,0,1,1,1,0,0,-0.00230788,-0.00065043,-0.0008833,-0.00228761,-0.00012886,sell
2022-01-30,1,1,0,0,0,0,0,0,1,0,0,0,0,1,1,1,0,0,-0.00001969, 0.00035462, 0.0007193, 0.00060199, 0.00036967,buy
2022-01-31,0,1,1,0,0,0,0,0,1,0,1,0,0,1,1,1,0,0,-0.00069801,-0.00080045,-0.0006113,-0.00125075,-0.00035076,sell
2022-02-01,0,1,1,0,0,0,0,0,1,0,1,0,0,1,1,1,0,0,-0.00069801,-0.00080045,-0.0006113,-0.00125075,-0.00035076,sell
2022-02-02,0,1,1,0,0,0,0,1,1,0,1,0,0,1,1,1,0,0, 0.00012682, 0.00026288, 0.0003332,-0.00036364,-0.00063962,sell
2022-02-03,0,1,1,0,0,0,0,1,1,0,1,0,0,1,1,0,0,0,-0.00024784,-0.00007087,-0.0000495, 0.00007845,-0.00090412,sell
2022-02-04,0,1,1,0,1,0,0,1,1,0,1,0,0,0,1,0,0,0, 0.00218690, 0.00172055, 0.0028777, 0.00223724, 0.00180022,buy
2022-02-05,0,1,1,0,1,0,0,1,1,0,1,0,0,0,1,0,0,0, 0.00218690, 0.00172055, 0.0028777, 0.00223724, 0.00180022,buy
2022-02-06,0,1,1,0,1,0,0,1,1,0,1,0,0,0,1,0,0,0, 0.00218690, 0.00172055, 0.0028777, 0.00223724, 0.00180022,buy
2022-02-07,0,1,1,0,1,0,0,1,1,0,1,0,0,0,1,0,0,0, 0.00218690, 0.00172055, 0.0028777, 0.00223724, 0.00180022,buy
2022-02-08,0,1,1,0,1,0,0,1,1,0,1,0,0,0,1,0,0,0, 0.00218690, 0.00172055, 0.0028777, 0.00223724, 0.00180022,buy
2022-02-09,0,1,1,0,1,0,0,1,1,0,1,1,0,0,1,0,0,0, 0.00287662, 0.00243475, 0.0008579, 0.00295785, 0.00187960,buy
2022-02-10,0,1,1,0,1,0,0,1,1,0,0,1,0,0,1,0,0,0,-0.00009848,-0.00066407, 0.0006849,-0.00001229, 0.00160127,buy
2022-02-11,1,1,1,0,1,0,0,1,1,0,0,1,0,0,1,0,0,0, 0.00377261, 0.00086212, 0.0050594, 0.00425664, 0.00435291,buy
2022-02-12,1,1,1,0,1,0,0,1,1,0,0,1,0,0,0,0,0,0, 0.00172522, 0.00139806, 0.0020567, 0.00185823, 0.00612526,buy
2022-02-13,1,1,0,0,1,0,0,1,1,1,0,1,0,0,0,0,0,0, 0.00219614, 0.00214345, 0.0021036, 0.00209390, 0.00214345,buy
2022-02-14,1,1,0,0,1,0,0,0,1,1,0,1,0,0,0,0,0,0, 0.00507254, 0.00511322, 0.0049794, 0.00506318, 0.00363996,buy
2022-02-15,1,1,0,0,1,0,0,0,1,1,0,1,0,0,0,0,0,0, 0.00507254, 0.00511322, 0.0049794, 0.00506318, 0.00363996,buy
2022-02-16,1,1,0,0,1,0,0,0,1,1,0,1,0,0,0,0,0,0, 0.00507254, 0.00511322, 0.0049794, 0.00506318, 0.00363996,buy
2022-02-17,1,2,0,0,1,0,0,0,0,1,0,1,0,0,0,0,0,0, 0.00216969, 0.00188496, 0.0017357, 0.00182725, 0.00187964,buy
2022-02-18,1,2,0,0,1,0,1,0,0,1,0,1,0,0,0,0,0,0, 0.00164435, 0.00086571, 0.0013003, 0.00056393,-0.00023084,buy
2022-02-19,1,2,0,0,1,0,1,0,0,1,0,1,1,0,0,0,0,0, 0.00292840, 0.00241271, 0.0004801, 0.00281971, 0.00291892,buy
2022-02-20,0,2,0,0,2,0,1,1,0,0,0,1,1,0,0,0,0,0, 0.00120812, 0.00045083,-0.0013281,-0.00146348, 0.00060839,sell
2022-02-21,0,2,0,0,2,0,1,1,0,0,0,1,1,0,0,0,0,0, 0.00120812, 0.00045083,-0.0013281,-0.00146348, 0.00060839,sell
2022-02-22,0,2,0,0,2,0,1,1,0,0,0,1,1,0,0,1,0,0,-0.00179883,-0.00189165,-0.0031165,-0.00326919,-0.00183077,sell
2022-02-23,0,1,0,1,2,0,1,1,0,0,0,1,1,0,0,1,0,0,-0.00117642,-0.00073384,-0.0022426,-0.00102543,-0.00106336,sell
2022-02-24,0,1,0,1,2,0,1,1,0,0,0,0,1,0,0,1,0,0,-0.00181742,-0.00191626,-0.0032671,-0.00317234,-0.00250940,sell
2022-02-25,0,0,0,1,2,0,0,1,0,0,0,0,1,0,0,1,0,0,-0.00168125, 0.00065786, 0.0005147, 0.00021031, 0.00008283,buy
2022-02-26,0,0,0,1,2,0,0,1,1,0,0,0,1,0,0,1,0,0, 0.00027301,-0.00072296,-0.0006031,-0.00059788,-0.00012838,sell
2022-02-27,0,0,0,1,2,0,0,1,1,0,1,0,1,0,0,2,0,0, 0.00219876, 0.00008229, 0.0014269, 0.00035329, 0.00179762,buy
2022-02-28,0,0,1,1,2,0,0,1,2,0,1,0,1,0,0,1,0,0, 0.00048511, 0.00073742,-0.0000991, 0.00027531, 0.00027531,buy
2022-03-01,0,0,2,1,2,0,0,0,2,0,1,0,1,0,0,1,0,0, 0.00069709, 0.00160135, 0.0003560, 0.00254778, 0.00168522,buy
2022-03-02,0,0,2,0,2,0,0,0,2,0,1,0,1,0,0,1,0,0, 0.00092794, 0.00147393, 0.0007715, 0.00216319, 0.00126351,buy
2022-03-03,0,0,2,0,2,0,0,1,2,0,1,0,1,0,0,1,0,0, 0.00063078, 0.00126712, 0.0006802, 0.00137112, 0.00083555,buy
2022-03-04,0,0,2,0,2,0,0,1,2,0,1,0,1,0,0,1,0,0, 0.00063078, 0.00126712, 0.0006802, 0.00137112, 0.00083555,buy
2022-03-05,0,0,2,0,2,0,0,1,2,0,1,0,1,0,0,1,0,0, 0.00063078, 0.00126712, 0.0006802, 0.00137112, 0.00083555,buy
2022-03-06,0,0,2,0,2,0,0,1,2,1,0,0,1,0,0,0,0,0, 0.00076763, 0.00067749, 0.0001299, 0.00218660, 0.00059762,buy
2022-03-07,0,0,2,0,2,0,0,1,1,1,0,1,1,0,0,0,0,0, 0.00030014, 0.00075917, 0.0008267, 0.00123602, 0.00088034,buy
2022-03-08,0,0,2,0,2,0,0,0,1,1,0,1,1,0,0,0,0,0, 0.00292355, 0.00131721, 0.0014384, 0.00163879, 0.00158954,buy
2022-03-09,0,0,2,0,2,1,1,0,0,1,0,1,1,0,0,0,0,0, 0.00399547, 0.00325567, 0.0031420, 0.00266795, 0.00323734,buy
2022-03-10,1,0,2,0,2,1,1,0,0,1,0,1,1,0,0,0,0,1, 0.00217812, 0.00213809, 0.0002654, 0.00232572, 0.00214463,buy
2022-03-11,1,0,1,0,2,1,2,0,0,0,0,1,1,0,0,0,0,1, 0.00318996, 0.00329066, 0.0023484, 0.00302171, 0.00302171,buy
2022-03-12,1,1,0,0,2,1,2,0,0,0,0,1,1,0,0,0,0,1, 0.00197379, 0.00256585, 0.0020551, 0.00224658, 0.00236848,buy
2022-03-13,1,1,0,0,2,1,2,0,0,0,0,1,1,0,0,0,0,1, 0.00197379, 0.00256585, 0.0020551, 0.00224658, 0.00236848,buy
2022-03-14,1,1,0,0,2,1,2,0,0,0,0,0,1,0,1,0,0,1, 0.00205311, 0.00222313, 0.0022555, 0.00180881, 0.00200691,buy
2022-03-15,1,1,0,0,2,1,2,0,0,1,0,0,1,0,1,1,0,1, 0.00172671, 0.00172671, 0.0034179, 0.00239240, 0.00189365,buy
2022-03-16,1,1,0,0,1,1,2,0,1,1,0,0,1,0,1,2,0,1,-0.00111683,-0.00091734,-0.0009173,-0.00108764, 0.00034711,sell
2022-03-17,1,1,0,0,1,0,2,0,1,1,0,0,1,0,1,2,0,1, 0.00036534,-0.00010024, 0.0000451,-0.00010024, 0.00182928,buy
2022-03-18,1,0,1,0,1,0,1,0,1,1,0,0,1,0,1,2,0,1, 0.00230880, 0.00250873, 0.0026438, 0.00252033, 0.00264384,buy
2022-03-19,1,0,1,0,1,0,0,0,1,1,0,0,1,0,1,2,0,1, 0.00018082,-0.00084991, 0.0001808, 0.00065706,-0.00024816,buy
2022-03-20,0,0,1,0,1,0,0,0,0,1,0,1,1,0,1,1,0,0, 0.00125018, 0.00098333, 0.0009636, 0.00079260, 0.00097155,buy
2022-03-21,0,0,1,0,1,0,1,0,0,1,0,1,1,0,1,1,0,0,-0.00105541,-0.00230792,-0.0015559,-0.00084261,-0.00205246,sell
2022-03-22,0,0,1,0,1,0,1,0,0,0,0,1,1,0,0,1,0,0, 0.00168530, 0.00212254, 0.0015187, 0.00175834,-0.00076888,buy
2022-03-23,0,0,1,1,1,0,1,0,0,0,1,1,1,0,0,0,0,0, 0.00036816, 0.00042702, 0.0004126, 0.00130339, 0.00050043,buy
2022-03-24,0,0,0,1,1,0,1,0,0,1,2,1,1,0,1,0,0,0, 0.00087964,-0.00007388, 0.0012261, 0.00113468, 0.00281817,buy
2022-03-25,0,0,0,1,2,0,1,0,0,1,2,0,1,0,1,0,0,0, 0.00059578, 0.00059578, 0.0030035, 0.00136040, 0.00406950,buy
2022-03-26,0,0,0,1,1,0,0,0,0,1,2,0,1,0,1,0,0,0, 0.00181968, 0.00041781, 0.0007671, 0.00022288, 0.00036660,buy
2022-03-27,0,0,0,1,1,0,0,1,0,1,2,0,1,0,1,0,0,0, 0.00291728, 0.00160348, 0.0017114, 0.00065652, 0.00055528,buy
2022-03-28,0,0,0,1,1,0,0,1,0,1,2,0,1,0,0,0,0,0,-0.00037541,-0.00009365, 0.0009719, 0.00031262, 0.00003363,sell
2022-03-29,0,0,0,1,1,0,0,1,0,0,3,0,1,0,0,0,1,0,-0.00030010, 0.00111227, 0.0012976, 0.00023899, 0.00092278,buy
2022-03-30,0,1,0,1,1,0,0,1,0,0,3,0,2,0,0,1,1,0,-0.00054123,-0.00064715, 0.0013525,-0.00060701, 0.00026267,sell
2022-03-31,0,1,0,1,0,0,0,1,0,0,2,0,2,0,0,1,1,0, 0.00059813, 0.00072415, 0.0005787, 0.00055436, 0.00057872,buy
2022-04-01,0,2,0,0,0,0,0,1,0,1,2,0,2,0,0,2,1,0, 0.00123058, 0.00059379, 0.0002996, 0.00096071, 0.00059379,buy
2022-04-02,0,2,0,0,0,0,0,1,0,1,1,0,2,0,0,2,1,0, 0.00114138, 0.00053856, 0.0002347, 0.00034460, 0.00053856,buy
2022-04-03,0,2,0,0,0,0,0,0,0,1,0,0,2,0,0,2,1,0, 0.00004270, 0.00024183,-0.0003432, 0.00025397,-0.00059151,sell
2022-04-04,0,2,0,0,0,0,0,0,0,1,0,0,2,0,0,2,1,0, 0.00004270, 0.00024183,-0.0003432, 0.00025397,-0.00059151,sell
2022-04-05,0,2,0,0,0,0,0,0,0,1,0,0,2,0,0,1,0,0,-0.00142317,-0.00127457,-0.0022313,-0.00135906,-0.00122684,sell
2022-04-06,0,1,0,1,0,1,0,1,0,1,0,1,2,0,0,0,0,0,-0.00011378,-0.00091463, 0.0006365, 0.00000830,-0.00011378,sell
2022-04-07,0,1,0,1,0,1,0,1,0,1,0,1,1,0,0,0,0,0,-0.00086209,-0.00249257,-0.0008710,-0.00050584,-0.00067732,sell
2022-04-08,0,1,0,1,0,1,0,1,0,1,0,1,1,0,0,0,0,0,-0.00086209,-0.00249257,-0.0008710,-0.00050584,-0.00067732,sell
2022-04-09,0,0,0,1,0,1,0,1,0,1,0,2,1,0,0,0,0,0,-0.00073247, 0.00009812,-0.0007057,-0.00157365,-0.00030635,sell
2022-04-10,1,0,0,1,0,1,0,1,0,1,0,1,1,0,0,0,0,0,-0.00253853,-0.00282706,-0.0025003,-0.00231680,-0.00210884,sell
2022-04-11,1,0,0,1,0,1,0,1,0,1,0,1,1,0,0,0,0,0,-0.00253853,-0.00282706,-0.0025003,-0.00231680,-0.00210884,sell
2022-04-12,1,0,0,1,0,0,0,1,0,0,0,1,1,0,0,0,0,0,-0.00196178,-0.00177593,-0.0017233,-0.00155706,-0.00173751,sell
2022-04-13,1,0,0,1,0,0,0,1,0,0,0,1,1,0,0,0,0,0,-0.00196178,-0.00177593,-0.0017233,-0.00155706,-0.00173751,sell
2022-04-14,0,0,1,1,0,0,1,1,0,0,0,1,1,0,0,0,0,1, 0.00019322, 0.00016236, 0.0002735, 0.00009464, 0.00044254,buy
2022-04-15,0,0,1,1,0,0,1,1,1,1,0,1,1,0,0,1,0,1, 0.00351132, 0.00282949, 0.0036469, 0.00284903, 0.00309547,buy
2022-04-16,0,0,1,1,0,0,1,1,1,1,0,1,1,0,1,1,0,1, 0.00299673, 0.00062920, 0.0006110, 0.00062920,-0.00082364,buy
2022-04-17,0,0,1,1,0,0,1,1,1,1,0,0,1,0,1,1,0,1, 0.00370797, 0.00091928, 0.0017610, 0.00091928, 0.00112827,buy
2022-04-18,0,0,0,1,0,0,0,0,1,1,0,0,1,0,1,1,0,1, 0.00606695, 0.00573407, 0.0036669, 0.00550545, 0.00550667,buy
2022-04-19,0,0,0,0,0,0,0,0,1,1,0,0,1,0,1,1,0,1, 0.00795220, 0.00572308, 0.0083334, 0.00604927, 0.00491457,buy
2022-04-20,0,1,0,0,0,0,0,0,1,1,0,0,1,0,1,1,0,1, 0.00589738, 0.00412499, 0.0046681, 0.00041868, 0.00404823,buy
2022-04-21,0,2,0,0,0,0,0,0,0,1,0,0,1,0,0,1,0,1,-0.00225253,-0.00131012,-0.0004783,-0.00123257,-0.00142416,sell
2022-04-22,0,2,0,0,0,0,0,1,0,0,0,1,1,0,0,0,0,1,-0.00081005,-0.00057534,-0.0002629,-0.00109858, 0.00145257,sell
2022-04-23,1,2,0,0,0,1,0,1,0,0,0,1,1,0,0,0,0,1,-0.00127144,-0.00118795,-0.0023377,-0.00218134,-0.00240533,sell
2022-04-24,1,2,0,1,0,1,1,1,0,0,0,2,1,0,0,0,0,1, 0.00015055, 0.00017030,-0.0004279,-0.00042788,-0.00080957,sell
2022-04-25,1,2,0,1,0,1,1,1,1,0,0,2,1,0,0,0,0,0, 0.00062178, 0.00127335,-0.0035798,-0.00135503,-0.00110371,sell
2022-04-26,1,1,1,1,0,1,2,1,1,0,0,2,1,0,0,0,0,0, 0.00061429, 0.00145974, 0.0010392, 0.00126002,-0.00076153,buy
2022-04-27,1,1,1,1,0,1,2,1,1,0,0,2,1,0,0,0,0,0, 0.00061429, 0.00145974, 0.0010392, 0.00126002,-0.00076153,buy
2022-04-28,1,1,1,1,0,1,2,0,1,1,0,1,1,0,0,0,0,0, 0.00021088,-0.00002324, 0.0003057, 0.00023686, 0.00022721,buy
2022-04-29,1,1,1,1,0,1,2,0,1,1,0,1,1,0,1,0,0,0,-0.00159595,-0.00125336,-0.0002773,-0.00182646,-0.00182821,sell
2022-04-30,1,0,2,1,0,1,2,0,1,1,0,1,1,0,2,0,0,1, 0.00084415, 0.00046876, 0.0016662, 0.00113634, 0.00084415,buy
2022-05-01,1,0,2,1,0,1,2,0,1,1,0,0,1,0,2,0,0,1, 0.00234750, 0.00249647, 0.0023925, 0.00250520, 0.00257560,buy
2022-05-02,1,0,2,0,0,1,1,0,0,1,0,0,1,0,2,0,0,1, 0.00092821, 0.00004281, 0.0004705, 0.00070514, 0.00001063,buy
2022-05-03,1,0,2,0,0,1,1,0,0,1,0,0,1,0,2,0,0,1, 0.00092821, 0.00004281, 0.0004705, 0.00070514, 0.00001063,buy
2022-05-04,0,0,2,0,0,1,0,0,0,1,0,0,1,0,2,0,0,1, 0.00299781, 0.00367465, 0.0037306, 0.00180155, 0.00468193,buy
2022-05-05,0,0,2,0,0,1,0,0,0,0,0,0,0,0,2,0,0,1, 0.00060477,-0.00085111, 0.0012914,-0.00112364, 0.00081612,sell
2022-05-06,0,0,1,0,0,1,0,0,0,0,0,0,0,0,1,0,0,1, 0.00332566, 0.00147277, 0.0030873, 0.00076750, 0.00334733,buy
2022-05-07,0,0,1,0,0,1,0,0,0,0,0,0,0,0,1,0,0,1, 0.00332566, 0.00147277, 0.0030873, 0.00076750, 0.00334733,buy
2022-05-08,0,0,1,0,0,1,0,0,0,0,1,0,0,0,1,0,0,1, 0.00149620,-0.00052857, 0.0009501,-0.00101750, 0.00082803,sell
2022-05-09,0,0,0,0,0,1,0,0,0,0,1,0,0,0,1,0,0,1,-0.00010184,-0.00004748,-0.0006732, 0.00006490,-0.00027633,sell
2022-05-10,0,0,0,0,0,1,0,0,0,0,1,0,0,0,0,0,0,0,-0.00606547,-0.00561590,-0.0031725,-0.00485006,-0.00579776,sell
2022-05-11,0,0,0,0,0,1,0,0,0,0,1,0,0,0,0,0,0,0,-0.00606547,-0.00561590,-0.0031725,-0.00485006,-0.00579776,sell
2022-05-12,0,0,0,0,0,1,0,1,0,0,1,1,0,0,0,0,0,0,-0.00337659, 0.00144239, 0.0016597, 0.00072574, 0.00079524,buy
2022-05-13,0,0,0,0,0,1,0,1,0,0,1,1,0,0,0,1,0,0,-0.00305439,-0.00107090,-0.0030670,-0.00231718,-0.00190452,sell
2022-05-14,0,0,0,0,0,1,0,1,0,0,0,1,0,0,0,1,0,0,-0.00103272,-0.00131462,-0.0016123,-0.00405854, 0.00046141,sell
2022-05-15,0,0,0,1,0,1,0,1,0,0,0,1,0,0,0,1,0,0, 0.00106127, 0.00187739, 0.0007665, 0.00101488, 0.00106424,buy
2022-05-16,0,1,0,1,0,1,0,1,1,0,0,1,0,0,0,1,1,0, 0.00057279,-0.00115938, 0.0006247, 0.00341910,-0.00037729,buy
2022-05-17,0,1,0,1,0,1,0,1,1,0,0,1,0,0,0,1,1,0, 0.00057279,-0.00115938, 0.0006247, 0.00341910,-0.00037729,buy
2022-05-18,0,1,0,1,0,1,0,1,1,0,0,1,0,0,0,1,1,0, 0.00057279,-0.00115938, 0.0006247, 0.00341910,-0.00037729,buy
2022-05-19,0,2,0,2,0,1,0,0,1,0,0,1,1,0,0,0,1,0,-0.00150592,-0.00169648,-0.0019110,-0.00133368,-0.00117616,sell
2022-05-20,0,2,0,2,0,1,0,0,2,0,0,0,1,0,0,0,0,0, 0.00135885,-0.00248056,-0.0030643,-0.00229974,-0.00244371,sell
2022-05-21,0,2,0,2,0,2,0,1,2,0,0,1,1,0,0,0,0,0, 0.00355513, 0.00087660, 0.0003829, 0.00057498, 0.00046939,buy
2022-05-22,0,2,0,2,0,1,0,1,2,0,0,1,1,0,0,0,0,0,-0.00040058,-0.00131348,-0.0013964,-0.00107731,-0.00023169,sell
2022-05-23,0,1,0,2,0,1,0,1,1,0,0,1,1,0,0,0,0,0,-0.00277356,-0.00327601,-0.0027484,-0.00123880,-0.00237733,sell
2022-05-24,0,1,0,2,0,1,0,1,1,1,0,1,1,0,0,0,0,0,-0.00022646,-0.00020356, 0.0002801, 0.00115946,-0.00095076,sell
2022-05-25,0,1,0,1,0,1,0,1,1,1,0,1,0,0,0,0,0,1,-0.00225279,-0.00192051,-0.0022277,-0.00119400,-0.00226625,sell
2022-05-26,0,1,0,1,0,1,0,2,1,1,0,2,0,0,0,0,0,1,-0.00168994,-0.00123874,-0.0017525,-0.00192872,-0.00159757,sell
2022-05-27,0,1,0,1,0,1,0,2,1,1,0,2,0,0,0,0,0,1,-0.00168994,-0.00123874,-0.0017525,-0.00192872,-0.00159757,sell
2022-05-28,0,1,0,1,0,1,0,1,1,1,0,1,0,0,0,0,0,1,-0.00225279,-0.00192051,-0.0022277,-0.00119400,-0.00226625,sell
2022-05-29,0,1,0,1,0,1,0,1,1,1,0,1,0,0,0,0,0,0, 0.00045195,-0.00348896,-0.0023885, 0.00110872,-0.00025258,sell
2022-05-30,0,1,0,1,0,1,0,1,1,0,0,1,0,0,0,0,0,0, 0.00214238,-0.00045220,-0.0008813, 0.00187916, 0.00214238,buy
2022-05-31,0,0,0,1,0,1,0,1,1,1,0,1,0,0,0,0,0,0, 0.00248824,-0.00082065,-0.0019559, 0.00220648, 0.00234915,buy
2022-06-01,0,1,0,1,0,1,0,1,1,1,0,1,0,0,0,0,0,0, 0.00045195,-0.00348896,-0.0023885, 0.00110872,-0.00025258,sell
2022-06-02,0,1,0,1,0,1,0,1,1,1,0,1,0,0,0,0,0,0, 0.00045195,-0.00348896,-0.0023885, 0.00110872,-0.00025258,sell
2022-06-03,1,1,0,1,0,1,1,1,1,1,0,1,0,0,0,0,0,0,-0.00371379,-0.00351425,-0.0034427,-0.00362400,-0.00054509,sell
2022-06-04,1,1,0,0,0,1,1,1,1,1,0,1,0,0,0,1,0,0,-0.00163422, 0.00216923,-0.0002003, 0.00103876,-0.00156991,buy
2022-06-05,1,1,0,0,1,1,1,1,1,1,0,1,0,0,0,1,0,0,-0.00124990, 0.00288727, 0.0026132, 0.00251221, 0.00018020,buy
2022-06-06,1,1,0,0,1,1,1,1,1,1,0,1,0,0,0,1,0,0,-0.00124990, 0.00288727, 0.0026132, 0.00251221, 0.00018020,buy
2022-06-07,1,1,0,0,1,1,1,1,1,1,0,1,0,0,0,1,0,0,-0.00124990, 0.00288727, 0.0026132, 0.00251221, 0.00018020,buy
2022-06-08,1,1,0,0,1,1,1,1,1,0,0,1,0,0,1,1,0,0, 0.00442700, 0.00222360, 0.0025027, 0.00179511, 0.00209095,buy
2022-06-09,1,0,0,0,1,1,0,1,1,0,0,1,0,0,1,1,0,0, 0.00605244, 0.00451431, 0.0069189, 0.00629419, 0.00610977,buy
2022-06-10,1,0,0,0,1,1,0,1,1,0,0,1,0,0,1,1,0,0, 0.00605244, 0.00451431, 0.0069189, 0.00629419, 0.00610977,buy
2022-06-11,1,0,0,0,1,0,0,1,1,0,0,0,0,0,1,0,0,0, 0.00327817, 0.00316547, 0.0043303, 0.00398241, 0.00380697,buy
2022-06-12,1,0,1,0,1,0,0,0,1,0,0,0,0,0,1,0,0,0, 0.00450606, 0.00341113, 0.0044353, 0.00447347, 0.00444474,buy
2022-06-13,1,0,1,0,1,0,0,1,1,0,1,0,0,0,1,0,0,0, 0.00022119, 0.00300300, 0.0031697, 0.00421224, 0.00316973,buy
2022-06-14,1,0,1,0,1,0,0,1,1,0,1,0,0,0,1,0,0,0, 0.00022119, 0.00300300, 0.0031697, 0.00421224, 0.00316973,buy
2022-06-15,0,0,1,0,1,0,0,1,1,0,1,0,0,0,1,0,0,0, 0.00298208, 0.00276914, 0.0028414, 0.00294429, 0.00215636,buy
2022-06-16,0,0,1,0,1,0,0,2,1,0,1,1,0,1,0,0,0,0, 0.00287566, 0.00128391, 0.0032657, 0.00266778, 0.00272512,buy
2022-06-17,0,0,1,1,1,0,0,2,1,0,1,1,0,1,0,0,0,0,-0.00249462,-0.00360877,-0.0037588,-0.00384595,-0.00405334,sell
2022-06-18,0,0,1,1,1,0,0,2,2,0,1,1,0,1,0,0,0,0,-0.00215807,-0.00266637,-0.0035674,-0.00367389,-0.00267701,sell
2022-06-19,0,0,0,1,1,0,0,2,2,0,1,1,0,1,0,0,0,0, 0.00014167, 0.00226014, 0.0001205, 0.00011332, 0.00154417,buy
2022-06-20,1,0,0,1,1,0,0,1,2,0,0,1,0,1,1,0,0,0,-0.00222656,-0.00049552,-0.0006236,-0.00062363, 0.00089152,sell
2022-06-21,1,0,0,1,1,0,0,1,2,0,0,1,0,1,1,0,0,0,-0.00222656,-0.00049552,-0.0006236,-0.00062363, 0.00089152,sell
2022-06-22,1,0,0,1,1,0,0,0,2,0,0,0,0,1,1,0,0,0,-0.00231596,-0.00203242,-0.0018695,-0.00099507,-0.00093647,sell
2022-06-23,1,0,0,0,0,0,0,0,1,1,0,0,0,1,1,0,0,0, 0.00162135, 0.00203275, 0.0012525, 0.00195704, 0.00238709,buy
2022-06-24,1,0,0,0,0,0,0,0,0,1,0,0,0,1,1,0,0,0, 0.00386797, 0.00396617, 0.0037706, 0.00364952, 0.00355327,buy
2022-06-25,1,0,0,1,0,0,0,0,0,1,0,0,0,1,1,0,0,0, 0.00086616, 0.00316254, 0.0002858, 0.00081312, 0.00091009,buy
2022-06-26,1,1,0,2,0,0,0,0,0,1,0,0,0,1,1,1,0,0,-0.00042722,-0.00034873,-0.0002526,-0.00018579,-0.00039754,sell
2022-06-27,1,1,0,2,0,0,0,0,0,1,0,0,0,1,1,1,0,0,-0.00042722,-0.00034873,-0.0002526,-0.00018579,-0.00039754,sell
2022-06-28,1,1,0,2,0,0,0,0,0,0,0,1,0,1,0,1,0,0,-0.00298638,-0.00286147,-0.0027511,-0.00474839,-0.00318741,sell
2022-06-29,0,1,0,2,1,0,0,0,0,0,0,1,0,1,0,1,0,0,-0.00073081,-0.00252179,-0.0005679,-0.00011533,-0.00016089,sell
2022-06-30,0,1,0,2,1,0,0,0,0,0,1,1,0,1,0,1,0,0, 0.00164938, 0.00037181, 0.0014244, 0.00142442, 0.00142442,buy
2022-07-01,0,1,0,2,1,0,0,1,0,1,1,1,0,1,0,0,0,0, 0.00217352, 0.00125315, 0.0022106, 0.00221064, 0.00237944,buy
2022-07-02,0,0,0,1,1,1,0,1,1,1,1,1,0,1,0,0,0,0, 0.00461159, 0.00473174, 0.0048464, 0.00453509, 0.00462475,buy
2022-07-03,0,0,0,0,1,1,0,1,1,1,1,1,0,1,0,0,0,0, 0.00461159, 0.00513961, 0.0061156, 0.00573541, 0.00607966,buy
2022-07-04,0,0,0,0,1,1,0,1,1,1,1,1,0,1,0,0,0,0, 0.00461159, 0.00513961, 0.0061156, 0.00573541, 0.00607966,buy
2022-07-05,0,0,0,0,1,1,0,0,1,1,0,0,0,1,1,1,0,0,-0.00172203,-0.00130175,-0.0012003,-0.00136324,-0.00136255,sell
2022-07-06,0,0,0,0,1,1,0,0,0,1,0,0,0,1,1,1,0,0,-0.00046811,-0.00032182,-0.0004681,-0.00034805,-0.00031015,sell
2022-07-07,0,0,0,1,1,1,0,0,0,0,0,0,0,1,1,2,0,0,-0.00006676, 0.00007107,-0.0001058,-0.00000668,-0.00002389,sell
2022-07-08,0,0,0,1,1,0,0,0,0,0,0,1,0,1,1,2,0,0,-0.00016653,-0.00014478,-0.0001047,-0.00015204,-0.00002389,sell
2022-07-09,0,0,0,1,1,0,0,0,0,0,0,1,0,1,0,2,0,0, 0.00138181, 0.00139327, 0.0013815, 0.00139327, 0.00139327,buy
2022-07-10,0,1,0,1,1,0,0,0,0,0,1,1,0,1,0,2,0,0, 0.00122703,-0.00006632,-0.0001251,-0.00012509,-0.00006632,buy
2022-07-11,0,1,0,0,1,0,0,1,0,0,1,1,0,1,0,1,0,0, 0.00010500, 0.00013145, 0.0001050, 0.00086222, 0.00013145,buy
2022-07-12,0,1,0,0,0,0,0,1,0,0,1,0,0,0,0,2,0,0,-0.00162544,-0.00046156,-0.0006434,-0.00081754,-0.00075817,sell
2022-07-13,0,1,0,0,0,0,0,1,1,0,2,0,1,0,0,2,0,0, 0.00138147, 0.00203141, 0.0001508,-0.00084235, 0.00178896,buy
2022-07-14,1,1,0,0,0,0,1,1,1,0,2,0,1,0,0,1,0,0,-0.00140495,-0.00145512,-0.0017651,-0.00177351,-0.00116532,sell
2022-07-15,1,1,0,0,0,0,2,1,1,0,3,0,1,0,0,1,0,0, 0.00062708, 0.00144018, 0.0006375,-0.00123846, 0.00054085,buy
2022-07-16,2,1,0,0,0,0,2,1,1,2,2,0,1,0,0,0,0,0, 0.00446205, 0.00559070, 0.0044620,-0.00114225, 0.00372135,buy
2022-07-17,2,1,0,0,0,0,2,0,1,2,2,0,1,0,0,0,0,0, 0.00470062, 0.00544379, 0.0045874,-0.00106422, 0.00377339,buy
2022-07-18,2,1,0,0,0,0,2,0,1,2,2,0,1,0,1,0,0,1, 0.00319230, 0.00491566, 0.0029804, 0.00320039, 0.00330294,buy
2022-07-19,2,0,0,0,0,0,1,0,0,2,1,0,1,0,1,0,0,1, 0.00211269, 0.00209289, 0.0027574, 0.00026421,-0.00073311,buy
2022-07-20,2,0,0,0,0,0,1,0,0,2,0,0,1,0,1,0,0,1, 0.00218009, 0.00147166, 0.0025281, 0.00188479, 0.00065923,buy
2022-07-21,1,0,0,0,0,0,1,0,0,1,0,0,0,0,1,0,0,1, 0.00453611, 0.00387460, 0.0045361, 0.00453925, 0.00443565,buy
2022-07-22,1,0,1,1,0,0,0,0,0,1,0,1,0,0,1,0,0,1,-0.00174138,-0.00358721,-0.0030185,-0.00348695,-0.00308987,sell
2022-07-23,1,0,1,1,0,0,0,1,0,1,0,1,0,0,1,0,0,1, 0.00041060,-0.00278788,-0.0021434,-0.00185363,-0.00281560,sell
2022-07-24,1,0,1,1,0,1,0,1,0,1,0,1,0,0,0,0,0,1, 0.00040008,-0.00005893, 0.0002233, 0.00059307, 0.00060194,buy
2022-07-25,1,0,1,1,0,1,0,1,0,0,0,1,0,0,0,0,0,1,-0.00023649,-0.00038189,-0.0014133,-0.00026241,-0.00054260,sell
2022-07-26,1,0,0,1,0,1,0,1,0,0,0,1,0,0,0,0,0,0, 0.00106093, 0.00058603, 0.0009381,-0.00010921, 0.00094110,buy
2022-07-27,1,0,0,1,0,1,0,0,0,0,0,1,0,0,0,1,0,0, 0.00335288, 0.00248380, 0.0033513, 0.00332623, 0.00284184,buy
2022-07-28,1,0,1,0,0,2,0,0,0,0,0,0,0,0,0,1,0,0,-0.00286625,-0.00269092, 0.0008948,-0.00262624,-0.00091629,sell
2022-07-29,1,0,1,0,0,2,0,0,0,0,0,1,0,0,0,1,0,0,-0.00034818, 0.00002362, 0.0005678, 0.00001384, 0.00239461,buy
2022-07-30,0,0,1,1,0,1,1,1,0,0,0,1,0,0,0,1,0,0,-0.00019826,-0.00010180, 0.0006979,-0.00028076,-0.00019971,sell
2022-07-31,0,0,1,1,0,1,1,1,1,0,0,1,0,0,0,1,0,0,-0.00271019,-0.00266720,-0.0031388,-0.00249886,-0.00214678,sell
2022-08-01,0,0,1,1,0,1,1,1,1,0,0,1,0,0,0,1,0,0,-0.00271019,-0.00266720,-0.0031388,-0.00249886,-0.00214678,sell
2022-08-02,0,0,1,1,0,1,1,1,1,0,0,1,0,0,0,1,0,0,-0.00271019,-0.00266720,-0.0031388,-0.00249886,-0.00214678,sell
2022-08-03,0,0,1,0,0,1,1,1,1,0,1,0,0,0,0,1,0,0,-0.00078958, 0.00065265,-0.0004622, 0.00038888, 0.00017442,buy
2022-08-04,0,0,1,0,0,1,0,1,1,0,1,0,0,0,0,1,0,0,-0.00417804,-0.00214730,-0.0041780,-0.00253968,-0.00132051,sell
2022-08-05,0,0,0,0,0,1,1,1,0,0,1,0,0,0,0,1,0,0,-0.00202277,-0.00100245,-0.0026224,-0.00218343,-0.00152956,sell
2022-08-06,0,1,0,0,0,1,1,0,0,1,1,0,0,0,0,0,0,0, 0.00005919, 0.00008262, 0.0001271,-0.00002649, 0.00008262,sell
2022-08-07,0,1,1,0,0,1,1,0,0,1,1,0,0,0,0,0,0,0, 0.00124657, 0.00165652, 0.0024164, 0.00197325, 0.00117293,buy
2022-08-08,0,1,1,0,0,1,1,0,0,1,0,0,0,0,0,1,0,0,-0.00088827,-0.00394519,-0.0009363,-0.00219246,-0.00373013,sell
2022-08-09,0,1,1,0,0,0,1,0,0,2,0,0,0,0,0,1,0,0, 0.00122341,-0.00074584, 0.0008534, 0.00114455,-0.00074584,buy
2022-08-10,0,1,1,0,0,0,1,0,0,2,0,1,0,0,0,1,0,0, 0.00107152, 0.00076701, 0.0013775, 0.00152339, 0.00075511,buy
2022-08-11,0,1,1,0,0,0,0,0,0,2,0,1,0,0,0,1,0,0,-0.00084489, 0.00043893, 0.0008149,-0.00063028,-0.00029438,sell
2022-08-12,0,0,0,0,0,0,0,0,0,2,0,1,0,0,0,1,1,0,-0.00189439,-0.00166358,-0.0002484, 0.00015649,-0.00115975,sell
2022-08-13,0,0,0,1,0,0,0,0,0,1,0,1,0,0,0,1,1,0, 0.00061460, 0.00095539,-0.0011281, 0.00174846, 0.00254381,buy
2022-08-14,0,0,0,1,0,0,1,0,0,0,0,1,0,0,1,1,1,0,-0.00026099, 0.00105548, 0.0011945, 0.00157376, 0.00105548,buy
2022-08-15,0,0,0,1,0,0,1,0,0,0,0,1,0,0,1,0,1,0, 0.00086211, 0.00077639, 0.0013064, 0.00065108, 0.00075258,buy
2022-08-16,0,0,1,1,0,0,1,0,1,0,1,1,0,0,1,0,1,0, 0.00169983, 0.00131722, 0.0015364, 0.00104609, 0.00097892,buy
2022-08-17,1,0,1,1,0,0,1,1,1,0,1,1,0,0,1,0,1,0, 0.00048967, 0.00042217, 0.0006164,-0.00033231,-0.00011835,buy
2022-08-18,1,0,1,1,0,0,1,2,1,0,1,1,0,0,1,0,1,0, 0.00125416, 0.00125416, 0.0002596, 0.00040616,-0.00231804,buy
2022-08-19,1,0,1,0,0,1,1,2,1,0,1,0,0,0,1,0,1,0, 0.00320995, 0.00205144, 0.0028684, 0.00309399, 0.00183455,buy
2022-08-20,1,0,1,0,0,1,1,2,2,0,1,0,0,0,0,0,1,0,-0.00018767,-0.00032749,-0.0002900, 0.00188378,-0.00354603,sell
2022-08-21,2,0,0,0,0,1,0,2,2,0,1,0,0,0,0,0,1,0,-0.00102294,-0.00263508,-0.0019210,-0.00192100,-0.00298034,sell
2022-08-22,2,0,0,0,0,1,0,2,2,0,0,0,0,0,0,0,1,0,-0.00027394,-0.00290609,-0.0020994,-0.00188581,-0.00319828,sell
2022-08-23,2,0,0,0,0,1,0,1,1,0,0,0,0,0,0,0,1,0,-0.00382116,-0.00397338,-0.0029710,-0.00489673,-0.00488057,sell
2022-08-24,2,0,0,0,0,1,0,1,1,0,0,0,0,1,0,1,1,0, 0.00020169,-0.00026379, 0.0002762, 0.00094169, 0.00046049,buy
2022-08-25,2,0,0,0,0,1,0,0,1,0,0,1,0,1,0,1,1,0,-0.00029837,-0.00072222,-0.0009285, 0.00049154,-0.00056908,sell
2022-08-26,2,0,0,0,1,1,0,0,0,0,0,1,0,1,0,2,1,0,-0.00064888,-0.00047221,-0.0005626,-0.00008510,-0.00107597,sell
2022-08-27,2,0,1,1,1,1,0,0,0,0,0,1,0,1,0,2,1,0,-0.00216150,-0.00183104,-0.0021310,-0.00158178,-0.00130896,sell
2022-08-28,1,0,1,1,1,1,0,0,0,0,0,1,0,1,0,2,1,0,-0.00058712,-0.00029193,-0.0006366, 0.00018958,-0.00039888,sell
2022-08-29,1,0,1,2,1,1,1,0,0,0,0,2,0,1,0,2,0,0,-0.00488689,-0.00479311,-0.0049323,-0.00475146,-0.00443617,sell
2022-08-30,1,0,1,2,1,1,1,0,1,0,0,2,0,1,0,1,0,0,-0.00099812,-0.00043237, 0.0010863,-0.00039601, 0.00090739,sell
2022-08-31,1,0,1,2,1,1,1,0,1,1,0,2,0,0,0,1,0,0, 0.00096934, 0.00192073, 0.0041255, 0.00419251, 0.00382796,buy
2022-09-01,1,0,1,2,1,1,1,0,1,1,0,1,0,0,0,1,0,0, 0.00067164, 0.00192073, 0.0041255, 0.00419251, 0.00384409,buy
2022-09-02,1,0,1,1,1,1,1,0,1,1,0,1,0,0,0,1,0,0,-0.00157925, 0.00565314, 0.0017018, 0.00395184, 0.00181480,buy
2022-09-03,0,0,0,1,1,1,1,0,1,1,0,1,0,0,0,1,0,0, 0.00104860, 0.00072310, 0.0020948, 0.00023265, 0.00036930,buy
2022-09-04,0,0,0,1,1,0,0,0,1,1,0,1,0,0,0,0,0,0, 0.00223667,-0.00018795, 0.0020225,-0.00047278,-0.00020398,buy
2022-09-05,0,0,0,1,1,0,0,0,0,1,0,1,0,0,0,0,0,0, 0.00512298,-0.00049832, 0.0024211,-0.00156877,-0.00192938,sell
2022-09-06,0,0,0,1,1,0,0,0,0,1,0,1,0,0,0,0,0,0, 0.00512298,-0.00049832, 0.0024211,-0.00156877,-0.00192938,sell
2022-09-07,0,0,1,1,1,0,0,0,0,0,0,0,0,0,0,0,0,0,-0.00233144,-0.00326772,-0.0023005,-0.00160135,-0.00326772,sell
2022-09-08,1,0,1,1,1,0,0,0,0,0,0,0,0,0,1,0,0,0, 0.00073377, 0.00078139, 0.0006354, 0.00119797, 0.00063539,buy
2022-09-09,1,0,1,1,1,0,0,0,0,0,1,0,0,0,1,0,0,1, 0.00307426, 0.00124536, 0.0011582, 0.00048188, 0.00116313,buy
2022-09-10,1,0,1,1,1,0,0,0,0,0,1,0,0,0,1,0,0,1, 0.00307426, 0.00124536, 0.0011582, 0.00048188, 0.00116313,buy
2022-09-11,1,0,1,1,1,0,0,0,0,1,1,0,0,0,1,0,0,1,-0.00349404,-0.00465337,-0.0036236,-0.00391590,-0.00362359,sell
2022-09-12,1,1,1,1,0,1,0,1,0,1,1,0,0,0,1,0,0,1,-0.00095835,-0.00333785,-0.0021278,-0.00297904,-0.00475706,sell
2022-09-13,1,1,0,1,0,1,0,1,0,1,1,0,0,0,1,0,0,1, 0.00111413, 0.00085869, 0.0008612, 0.00082046,-0.00199833,buy
2022-09-14,1,1,0,1,0,1,0,1,0,1,1,1,0,0,1,0,0,1, 0.00199166, 0.00043148, 0.0012372, 0.00146053,-0.00080200,buy
2022-09-15,1,1,0,1,0,1,0,1,0,1,1,1,0,0,0,0,0,0, 0.00193837, 0.00077116, 0.0001806,-0.00087702,-0.00017187,buy
2022-09-16,1,1,0,1,0,1,0,1,1,1,0,1,0,0,0,1,0,0,-0.00262452,-0.00258553,-0.0044204,-0.00281273,-0.00174529,sell
2022-09-17,0,1,0,1,0,1,0,1,1,0,0,1,0,0,1,1,0,0,-0.00289244,-0.00139380,-0.0011310, 0.00274991,-0.00106122,sell
2022-09-18,0,1,0,1,0,1,0,1,1,0,1,1,0,0,1,1,0,0, 0.00131188, 0.00101350, 0.0007636, 0.00140951,-0.00001745,buy
2022-09-19,0,1,0,1,0,1,0,1,1,0,1,1,0,0,1,1,0,0, 0.00131188, 0.00101350, 0.0007636, 0.00140951,-0.00001745,buy
2022-09-20,0,1,0,1,0,1,0,1,1,0,1,1,0,0,1,1,0,0, 0.00131188, 0.00101350, 0.0007636, 0.00140951,-0.00001745,buy
2022-09-21,0,1,0,1,0,0,0,1,1,0,1,1,1,0,1,1,0,0,-0.00473558,-0.00511163,-0.0053454,-0.00534538,-0.00437716,sell
2022-09-22,0,1,0,1,0,0,0,1,1,0,1,1,1,0,1,1,0,0,-0.00473558,-0.00511163,-0.0053454,-0.00534538,-0.00437716,sell
2022-09-23,0,2,0,2,0,0,0,1,1,0,1,0,1,0,0,1,0,0, 0.00015714,-0.00114938,-0.0044385,-0.00084124, 0.00001024,sell
2022-09-24,0,1,0,1,0,0,0,1,2,0,0,1,1,0,0,1,1,0, 0.00069385, 0.00092104,-0.0004256,-0.00023936,-0.00017701,buy
2022-09-25,0,2,0,1,0,0,0,2,2,0,0,1,1,0,0,1,1,0,-0.00167750,-0.00182509,-0.0019091,-0.00352538,-0.00097353,sell
2022-09-26,0,2,0,1,0,0,0,2,2,0,0,1,0,0,0,1,1,0,-0.00322371,-0.00073325,-0.0028580,-0.00356503,-0.00239797,sell
2022-09-27,0,2,0,1,0,0,0,2,2,0,0,1,0,0,0,1,1,0,-0.00322371,-0.00073325,-0.0028580,-0.00356503,-0.00239797,sell
2022-09-28,0,1,0,2,0,0,0,1,2,0,0,1,0,0,0,1,1,0, 0.00053849, 0.00115972, 0.0005795, 0.00143441, 0.00026362,buy
2022-09-29,0,1,0,2,0,0,0,1,1,0,0,1,0,0,0,2,0,0, 0.00184125,-0.00070527,-0.0006897,-0.00124839, 0.00010239,sell
2022-09-30,0,1,0,2,0,0,0,1,1,0,0,2,0,0,0,1,0,0,-0.00088083,-0.00057520,-0.0018996,-0.00550740,-0.00375183,sell
2022-10-01,0,1,0,1,0,0,0,1,1,0,0,1,0,0,0,1,0,0, 0.00037573, 0.00040816,-0.0015298,-0.00423887,-0.00113856,sell
2022-10-02,0,1,0,1,0,0,0,1,1,0,0,1,0,0,0,1,0,0, 0.00037573, 0.00040816,-0.0015298,-0.00423887,-0.00113856,sell
2022-10-03,0,0,0,1,0,0,0,1,1,0,0,1,0,0,0,1,0,0, 0.00095051,-0.00004027,-0.0008385, 0.00188707, 0.00114402,buy
2022-10-04,0,0,0,1,0,0,0,1,1,0,0,1,0,0,0,1,0,0, 0.00095051,-0.00004027,-0.0008385, 0.00188707, 0.00114402,buy
2022-10-05,0,0,0,0,0,0,0,1,1,0,0,0,0,0,0,0,0,0,-0.00270244,-0.00294657,-0.0015937,-0.00253857,-0.00284301,sell
2022-10-06,0,0,0,0,0,0,0,1,1,0,0,0,0,0,0,0,0,0,-0.00270244,-0.00294657,-0.0015937,-0.00253857,-0.00284301,sell
2022-10-07,0,0,0,0,0,0,0,1,1,0,0,0,1,0,0,0,0,0,-0.00029345,-0.00014527, 0.0005089, 0.00152737, 0.00191329,buy
2022-10-08,0,0,0,0,0,0,0,1,1,0,0,0,1,0,1,0,0,0,-0.00126899,-0.00209813,-0.0020782, 0.00018132, 0.00002386,sell
2022-10-09,1,0,0,1,0,0,0,0,1,0,1,0,1,0,1,0,0,0, 0.00067598, 0.00050327, 0.0010839,-0.00021249, 0.00020523,buy
2022-10-10,1,0,0,1,0,0,0,0,1,0,1,0,1,0,1,0,0,0, 0.00067598, 0.00050327, 0.0010839,-0.00021249, 0.00020523,buy
2022-10-11,1,0,0,1,0,0,0,0,0,0,2,1,1,0,2,1,0,0, 0.00368341, 0.00539591, 0.0041470, 0.00469004, 0.00533624,buy
2022-10-12,1,0,0,1,0,0,0,0,0,0,2,1,1,0,2,1,0,0, 0.00368341, 0.00539591, 0.0041470, 0.00469004, 0.00533624,buy
2022-10-13,2,1,0,1,0,0,1,0,0,0,2,1,1,0,2,1,0,0, 0.00149579,-0.00015908,-0.0002067,-0.00015523, 0.00076047,buy
2022-10-14,2,1,0,1,1,0,1,0,0,0,2,1,1,0,2,1,0,0, 0.00039395, 0.00392647, 0.0001359, 0.00131975, 0.00433444,buy
2022-10-15,2,1,0,0,1,0,2,0,0,0,2,1,1,0,1,1,0,0, 0.00199881, 0.00067719, 0.0006772,-0.00028636, 0.00154660,buy
2022-10-16,2,1,0,0,2,0,2,0,0,1,1,0,1,0,1,0,0,0,-0.00078416,-0.00077385,-0.0015851,-0.00116200,-0.00107413,sell
2022-10-17,2,1,0,0,2,0,2,0,0,2,0,0,1,0,0,0,0,0, 0.00116288, 0.00049959, 0.0012869, 0.00058214, 0.00141652,buy
2022-10-18,2,1,0,0,2,0,2,0,0,2,0,0,1,0,0,0,0,0, 0.00116288, 0.00049959, 0.0012869, 0.00058214, 0.00141652,buy
2022-10-19,2,0,0,0,2,0,2,0,0,2,0,0,1,0,0,0,0,0, 0.00075434, 0.00175902, 0.0014306, 0.00172136, 0.00144328,buy
2022-10-20,2,0,0,0,2,0,1,0,0,2,0,0,1,0,1,0,0,0, 0.00099057, 0.00099057,-0.0026419, 0.00340664, 0.00320275,buy
2022-10-21,1,0,2,0,2,0,0,0,0,2,1,0,1,0,1,0,0,0, 0.00339362, 0.00307867, 0.0024009, 0.00285896, 0.00329230,buy
2022-10-22,0,0,2,0,0,0,0,0,0,2,1,0,1,0,1,0,0,0,-0.00140315,-0.00041634,-0.0021123,-0.00251556,-0.00041187,sell
2022-10-23,0,0,2,0,0,0,1,0,0,0,1,0,1,0,1,0,0,0, 0.00147330, 0.00361974, 0.0024527, 0.00372948, 0.00314887,buy
2022-10-24,0,0,2,0,0,0,1,0,0,0,1,0,1,0,1,0,0,0, 0.00147330, 0.00361974, 0.0024527, 0.00372948, 0.00314887,buy
2022-10-25,1,0,2,0,1,0,1,0,0,1,0,0,1,0,0,0,0,0, 0.00170893, 0.00191409, 0.0012764, 0.00060013, 0.00181580,buy
2022-10-26,1,0,1,0,1,0,1,0,0,1,0,0,1,0,0,0,0,0, 0.00047341, 0.00062679,-0.0005066, 0.00091730, 0.00052316,buy
2022-10-27,1,0,0,0,1,0,1,1,0,1,0,0,1,0,0,0,0,0, 0.00195112, 0.00122883, 0.0045611, 0.00119237, 0.00185151,buy
2022-10-28,1,0,1,0,1,0,0,2,0,1,0,0,1,0,0,0,0,0, 0.00359601, 0.00220750, 0.0036279, 0.00413167, 0.00370040,buy
2022-10-29,1,0,1,0,0,1,0,2,0,1,0,0,1,0,0,0,0,0,-0.00080644,-0.00046240,-0.0006258,-0.00046291,-0.00085613,sell
2022-10-30,1,0,1,0,0,1,0,2,0,0,0,0,1,0,0,0,0,0,-0.00190160,-0.00164073,-0.0018086,-0.00196402,-0.00089101,sell
2022-10-31,0,1,1,0,0,2,0,2,0,0,0,0,1,0,0,0,0,0,-0.00456308,-0.00395624,-0.0046929,-0.00477720,-0.00301336,sell
2022-11-01,0,1,0,1,0,2,0,3,0,0,0,0,1,0,0,0,0,0,-0.00337534,-0.00290071,-0.0030189,-0.00288546,-0.00295537,sell
2022-11-02,0,1,0,1,0,2,0,2,0,0,0,0,2,0,0,1,0,0,-0.00344279,-0.00107202,-0.0021790,-0.00287785,-0.00142577,sell
2022-11-03,0,1,0,2,0,3,0,2,0,0,0,0,2,0,0,1,0,0,-0.00282618,-0.00092984,-0.0011447,-0.00218797,-0.00055009,sell
2022-11-04,0,2,0,2,0,2,0,1,0,0,0,1,2,0,0,1,0,0, 0.00082519,-0.00011477, 0.0020816, 0.00107022, 0.00274076,buy
2022-11-05,0,2,0,3,0,2,0,1,0,0,0,1,2,0,0,2,0,0,-0.00117712,-0.00148673,-0.0014240,-0.00089718,-0.00048381,sell
2022-11-06,0,3,0,3,0,1,0,0,0,0,0,1,2,0,0,3,0,0, 0.00359807, 0.00245940, 0.0009906, 0.00296273, 0.00192673,buy
2022-11-07,0,3,0,2,0,0,0,0,0,0,0,1,2,0,0,3,0,0,-0.00019660,-0.00090546,-0.0012457,-0.00062729,-0.00123031,sell
2022-11-08,0,2,0,2,0,0,1,0,0,0,0,3,1,0,0,3,0,0, 0.00044486, 0.00008860,-0.0000810, 0.00010226,-0.00041547,sell
2022-11-09,0,2,0,2,1,0,1,0,0,0,0,3,1,0,0,3,1,0,-0.00025705,-0.00138461,-0.0021830, 0.00098271,-0.00014954,sell
2022-11-10,0,2,0,0,1,0,2,0,0,0,0,2,1,0,0,2,1,0,-0.00079453,-0.00169347,-0.0001103,-0.00195860,-0.00258720,sell
2022-11-11,0,2,0,0,1,0,2,0,0,1,0,2,1,0,0,2,1,0,-0.00264731,-0.00383843,-0.0038318,-0.00369085,-0.00347382,sell
2022-11-12,0,1,0,0,2,0,3,0,0,1,0,2,1,0,0,1,1,0,-0.00134814,-0.00140542,-0.0013774,-0.00011805, 0.00126839,sell
2022-11-13,0,1,1,0,3,0,2,0,0,2,0,1,1,0,0,1,1,0, 0.00391506, 0.00123409, 0.0018675, 0.00235683, 0.00371007,buy
2022-11-14,0,0,2,0,2,0,2,0,0,2,0,1,1,0,0,0,1,0, 0.00272809, 0.00093793, 0.0017383, 0.00198394, 0.00201619,buy
2022-11-15,0,0,2,0,2,0,1,0,0,3,0,0,1,0,0,0,1,0, 0.00054091, 0.00037420, 0.0005552, 0.00095492, 0.00081586,buy
2022-11-16,0,0,2,0,1,0,1,0,0,2,0,0,0,0,0,0,1,0,-0.00089032, 0.00053972,-0.0006643,-0.00085687,-0.00090081,sell
2022-11-17,0,0,2,0,1,0,1,0,0,2,0,0,0,0,0,0,1,0,-0.00089032, 0.00053972,-0.0006643,-0.00085687,-0.00090081,sell
2022-11-18,0,0,2,0,1,0,1,0,0,1,0,0,0,0,0,0,1,0, 0.00004611, 0.00050037,-0.0000165,-0.00101138, 0.00003891,buy
2022-11-19,0,0,1,0,0,0,0,0,0,1,0,0,0,0,0,0,1,0, 0.00249844, 0.00331946, 0.0025705, 0.00401192,-0.00056458,buy
2022-11-20,0,0,1,0,0,0,0,0,0,1,0,0,0,0,0,0,1,0, 0.00249844, 0.00331946, 0.0025705, 0.00401192,-0.00056458,buy
2022-11-21,0,0,1,0,0,0,0,0,0,1,0,0,0,0,0,0,1,0, 0.00249844, 0.00331946, 0.0025705, 0.00401192,-0.00056458,buy
2022-11-22,0,0,1,0,0,0,0,0,1,0,0,0,0,0,0,0,1,0, 0.00180585, 0.00215475, 0.0040256,-0.00186489, 0.00127995,buy
2022-11-23,0,0,1,0,0,0,0,0,2,0,0,0,0,0,0,0,1,0,-0.00293420,-0.00342027,-0.0017677,-0.00342027,-0.00215128,sell
2022-11-24,0,0,1,0,0,0,0,0,2,0,0,0,0,0,0,0,1,0,-0.00293420,-0.00342027,-0.0017677,-0.00342027,-0.00215128,sell
2022-11-25,0,0,0,0,0,0,0,0,2,0,0,0,0,0,1,0,1,0,-0.00187777,-0.00078019,-0.0003280,-0.00167404,-0.00181131,sell
2022-11-26,0,0,0,0,0,0,0,0,2,0,0,0,0,0,2,0,1,0,-0.00204822,-0.00060309,-0.0002906,-0.00171714,-0.00171714,sell
2022-11-27,0,0,0,0,0,1,0,0,1,0,0,0,0,0,2,0,1,0,-0.00237649,-0.00165089, 0.0007411,-0.00143970,-0.00124071,sell
2022-11-28,0,0,0,0,0,2,0,0,0,0,0,1,0,0,2,0,1,0,-0.00074947,-0.00059472,-0.0001275,-0.00081435,-0.00054634,sell
2022-11-29,0,0,0,0,0,2,0,0,0,0,0,2,0,0,2,0,1,0,-0.00016431,-0.00016431, 0.0008193, 0.00010256,-0.00057426,sell
2022-11-30,0,0,0,0,0,2,0,1,0,0,0,2,0,0,1,0,1,0, 0.00010012, 0.00037994, 0.0009055, 0.00144508,-0.00122873,buy
2022-12-01,0,1,0,0,0,2,0,2,1,0,0,2,0,0,1,0,1,0,-0.00189502,-0.00125334,-0.0016509,-0.00497421,-0.00197725,sell
2022-12-02,0,1,0,0,0,1,0,2,1,1,0,2,0,0,0,0,1,0,-0.00362791,-0.00070107,-0.0021772,-0.00317466,-0.00243170,sell
2022-12-03,0,1,0,0,0,1,0,2,1,1,0,1,0,0,0,0,1,0, 0.00103817,-0.00010889, 0.0004707, 0.00065838,-0.00021012,buy
2022-12-04,0,2,0,1,0,0,0,2,1,1,0,1,0,0,0,0,1,0, 0.00018606,-0.00012433,-0.0006728,-0.00035868, 0.00006424,sell
2022-12-05,0,2,0,1,0,1,0,1,1,2,0,0,0,0,1,1,1,0, 0.00421192, 0.00471455, 0.0042866, 0.00158799, 0.00498377,buy
2022-12-06,0,2,0,1,0,1,0,1,1,2,0,0,0,0,1,1,1,0, 0.00421192, 0.00471455, 0.0042866, 0.00158799, 0.00498377,buy
2022-12-07,0,1,0,2,0,1,0,0,1,1,0,0,0,0,1,1,0,0,-0.00159593,-0.00130487,-0.0015488,-0.00162800,-0.00153036,sell
2022-12-08,0,1,0,2,0,1,0,0,0,1,1,0,0,0,1,2,0,0,-0.00557724,-0.00595986,-0.0056336,-0.00556375,-0.00446040,sell
2022-12-09,0,1,0,1,0,1,0,0,0,1,1,1,0,0,1,2,0,0,-0.00410614,-0.00566955,-0.0042898,-0.00468002,-0.00401518,sell
2022-12-10,0,1,0,1,0,1,0,0,0,1,1,1,0,0,1,1,0,0,-0.00347620,-0.00423841,-0.0033532,-0.00355512,-0.00347620,sell
2022-12-11,0,0,0,1,0,1,0,1,0,0,1,1,0,0,0,1,0,0, 0.00162554, 0.00155804, 0.0005170,-0.00071967, 0.00098767,buy
2022-12-12,0,0,0,1,0,0,0,1,0,0,2,1,0,0,0,1,0,0, 0.00162350, 0.00198437, 0.0015220, 0.00159531,-0.00240173,buy
2022-12-13,0,0,0,0,0,0,0,1,0,0,1,1,0,0,0,1,0,0,-0.00358740,-0.00261043,-0.0016173,-0.00358740,-0.00362888,sell
2022-12-14,0,0,0,0,1,0,0,1,0,0,1,1,0,0,0,0,0,0, 0.00050672, 0.00005066, 0.0011585,-0.00017652, 0.00113732,buy
2022-12-15,0,0,0,0,1,0,0,1,0,0,1,1,0,0,1,0,0,0, 0.00203548, 0.00054963, 0.0023938, 0.00387359, 0.00117762,buy
2022-12-16,0,0,0,0,1,0,0,1,0,1,1,0,0,0,1,0,0,0,-0.00029365,-0.00093652,-0.0002872,-0.00033685,-0.00041177,sell
2022-12-17,0,0,0,0,2,0,0,1,0,1,1,0,0,0,1,0,0,0,-0.00029365,-0.00102744,-0.0003022,-0.00097681,-0.00029365,sell
2022-12-18,0,1,0,1,1,0,0,0,0,1,0,0,0,0,1,0,0,0, 0.00262050, 0.00042423, 0.0046564,-0.00050030, 0.00233313,buy
2022-12-19,0,1,0,1,1,0,0,0,0,1,0,0,0,0,1,1,0,0, 0.00237995, 0.00207787, 0.0035952, 0.00153562, 0.00304087,buy
2022-12-20,0,1,0,1,1,0,0,0,0,1,0,1,0,0,2,1,0,0, 0.00328788, 0.00210047, 0.0039417, 0.00254845, 0.00272097,buy
2022-12-21,0,1,0,1,1,0,0,1,0,1,0,1,0,0,1,1,0,0, 0.00230064, 0.00177571, 0.0037039, 0.00163268, 0.00319260,buy
2022-12-22,0,1,0,1,0,0,0,1,0,1,0,1,0,0,1,1,0,0, 0.00058241, 0.00203634, 0.0011579, 0.00215463, 0.00133450,buy
2022-12-23,0,1,0,1,0,0,0,1,0,0,0,1,0,0,1,1,0,0, 0.00244361, 0.00241016, 0.0016006, 0.00261900, 0.00202516,buy
2022-12-24,0,1,0,1,0,1,0,1,0,0,0,1,0,0,1,1,0,0,-0.00231804,-0.00231804,-0.0006235,-0.00225403,-0.00120049,sell
2022-12-25,0,1,0,1,0,1,0,2,0,0,1,2,0,0,0,1,1,0,-0.00381692,-0.00060094,-0.0036060,-0.00298666,-0.00329861,sell
2022-12-26,0,1,0,0,0,1,0,2,1,0,1,2,0,0,0,0,1,0,-0.00370235,-0.00102074,-0.0028205,-0.00370235,-0.00409279,sell
2022-12-27,0,0,0,0,0,2,0,2,1,0,1,2,0,0,0,0,1,0,-0.00330714,-0.00138164,-0.0033453,-0.00317059,-0.00325291,sell
2022-12-28,0,0,0,0,1,2,0,2,2,0,1,2,0,0,0,0,1,0,-0.00131951,-0.00080639,-0.0031304,-0.00326286,-0.00243007,sell
2022-12-29,0,0,0,0,1,2,0,2,2,0,1,2,0,0,0,0,1,0,-0.00131951,-0.00080639,-0.0031304,-0.00326286,-0.00243007,sell
2022-12-30,0,0,0,0,1,2,0,2,2,0,1,2,0,0,0,0,1,0,-0.00131951,-0.00080639,-0.0031304,-0.00326286,-0.00243007,sell
2022-12-31,0,0,0,0,1,2,0,1,2,0,1,1,0,0,0,0,1,0,-0.00099447,-0.00282542,-0.0016283, 0.00153824, 0.00045810,sell
