Date,a120,a135,a150,a180,a30,a45,a60,a90,MEJU,MEMA,MENE,MEPL,MESA,MESU,MEUR,MEVE,MEVS,SUJU,SUMA,SUNE,SUPL,SUSA,SUUR,SUVS,VEJU,VEMA,VENE,VEPL,VESA,VESU,VEUR,VEVS,DiffPred1,DiffPred2,DiffPred3,DiffPred4,DiffPred5,EffPred
2010-01-01,1,0,1,0,0,3,0,0,0,1,0,0,0,0,0,0,0,1,0,1,0,0,0,0,0,0,1,0,0,0,0,1, 0.00341033, 0.00160105,-0.00025632,-0.0007373,-0.00328252,buy
2010-01-02,0,0,1,0,0,4,0,0,0,1,0,0,0,0,0,0,0,1,0,1,0,0,0,0,1,0,1,0,0,0,0,0, 0.00609712,-0.00123496, 0.00030129, 0.0034554, 0.00063128,buy
2010-01-03,0,0,1,0,0,3,0,0,0,1,0,0,0,1,0,0,0,1,0,0,0,0,0,0,1,0,1,0,0,1,0,0, 0.00542076, 0.00417668,-0.00177749, 0.0053245,-0.00072759,buy
2010-01-04,0,0,0,0,0,4,0,0,1,0,0,0,0,1,0,1,0,1,0,0,0,0,0,0,1,0,1,0,0,1,0,0,-0.00332459, 0.00523354,-0.00079502, 0.0055516,-0.00210331,sell
2010-01-05,0,0,0,0,0,2,0,0,1,0,0,0,0,1,0,1,0,0,0,0,0,0,0,0,1,0,0,0,0,1,0,0,-0.00231731, 0.00393153,-0.00152313, 0.0030811,-0.00339963,sell
2010-01-06,0,0,1,0,0,3,0,0,1,0,1,0,0,0,0,1,0,0,1,0,0,0,0,0,1,0,0,0,0,1,0,0, 0.00417943, 0.00490981, 0.00196063, 0.0092893, 0.00839457,buy
2010-01-07,0,0,2,0,0,2,0,0,1,0,1,0,0,0,0,0,0,0,1,0,0,0,0,0,0,1,0,0,0,1,0,0,-0.00822983,-0.00727548,-0.00291188, 0.0024659,-0.00643140,sell
2010-01-08,0,0,2,0,0,1,0,0,0,0,1,0,0,0,0,0,0,0,1,0,0,0,0,0,0,1,0,0,0,1,0,0,-0.00486370,-0.00795993,-0.00535255,-0.0027791,-0.00811226,sell
2010-01-09,1,1,2,0,0,1,0,0,0,0,1,0,0,0,0,0,1,0,1,0,0,0,0,1,0,1,0,0,0,1,0,0,-0.00718035,-0.00813199,-0.00301307,-0.0029986,-0.00672442,sell
2010-01-10,1,2,0,0,0,1,0,0,0,0,1,0,0,0,0,0,1,0,0,0,0,0,0,1,0,0,0,0,0,1,0,1, 0.00385469, 0.00533650, 0.00441793, 0.0039463, 0.00521171,buy
2010-01-11,1,2,0,0,0,0,2,1,0,0,0,0,1,0,0,0,1,0,0,0,0,0,1,1,0,0,0,0,0,1,1,1,-0.00443506,-0.00036163,-0.00520590,-0.0073597,-0.00517447,sell
2010-01-12,1,2,0,0,0,0,2,1,0,0,0,0,1,0,0,0,1,0,0,0,0,0,1,1,0,0,0,0,0,1,1,1,-0.00443506,-0.00036163,-0.00520590,-0.0073597,-0.00517447,sell
2010-01-13,1,2,0,0,2,0,2,1,0,0,0,0,1,0,0,0,1,0,0,1,0,0,1,1,0,0,1,0,0,1,1,1,-0.00227597,-0.00384096,-0.00658837,-0.0082462,-0.00320181,sell
2010-01-14,1,0,0,0,2,0,2,1,0,0,0,1,1,0,0,0,1,0,0,1,0,0,1,0,0,0,1,0,0,1,1,0,-0.00493112,-0.00235235, 0.00333854, 0.0016924,-0.00600579,sell
2010-01-15,1,0,0,0,2,0,2,1,0,0,0,1,1,0,0,0,1,0,0,1,0,0,1,0,0,0,1,0,0,1,1,0,-0.00493112,-0.00235235, 0.00333854, 0.0016924,-0.00600579,sell
2010-01-16,1,0,0,0,3,0,0,1,0,0,0,1,1,0,0,0,1,0,0,1,0,0,0,0,1,0,1,0,0,1,0,0,-0.00209593,-0.00136655, 0.00203114, 0.0046008,-0.00478362,sell
2010-01-17,1,0,0,0,2,0,0,1,0,0,0,1,1,0,0,0,1,0,0,1,0,0,0,0,1,0,0,0,0,1,0,0,-0.00110005,-0.00167673,-0.00062090, 0.0015906,-0.00549098,sell
2010-01-18,1,0,0,0,2,0,0,1,0,0,0,1,1,0,0,0,1,1,0,0,0,0,0,0,1,0,0,0,0,1,0,0, 0.00111767, 0.00028856,-0.00067118, 0.0044195, 0.00003553,buy
2010-01-19,1,0,0,0,2,0,0,1,0,0,0,0,1,0,0,0,1,1,0,0,0,0,0,0,1,0,0,0,0,1,0,0, 0.00586689, 0.00587684, 0.00225906, 0.0055268,-0.00019905,buy
2010-01-20,2,0,0,0,3,0,0,0,0,0,0,0,0,0,0,0,1,1,0,0,0,0,0,0,1,0,0,1,1,1,0,0, 0.00142632,-0.00563078,-0.00668762,-0.0038281,-0.00693035,sell
2010-01-21,2,0,1,0,2,0,0,0,0,0,0,0,0,0,0,0,1,1,0,0,0,0,0,0,0,0,0,1,1,0,0,1,-0.00490462,-0.01202920,-0.00828675,-0.0035902,-0.00928611,sell
2010-01-22,2,0,1,0,3,1,0,0,0,0,1,0,0,0,0,0,0,1,0,0,1,1,0,0,0,0,0,1,1,0,0,1, 0.00096013,-0.00450705,-0.00569125,-0.0022321,-0.00438851,sell
2010-01-23,2,0,2,0,3,1,0,0,0,0,1,0,0,0,0,0,0,1,0,0,1,1,0,1,0,0,0,1,1,0,0,1,-0.00000602,-0.00466912,-0.00710628,-0.0017553,-0.00343353,sell
2010-01-24,1,0,3,0,1,2,0,0,0,1,1,0,0,0,0,0,0,0,0,0,1,1,0,1,0,0,0,0,0,0,1,1,-0.00620957, 0.00246402,-0.00802172, 0.0052059,-0.00419514,sell
2010-01-25,1,0,2,0,2,2,0,0,0,1,1,0,0,0,0,1,0,0,0,0,1,1,0,1,0,0,0,0,0,0,1,0,-0.00506678, 0.00445562,-0.00681479, 0.0024047,-0.00748721,sell
2010-01-26,1,0,2,1,2,2,0,0,0,1,1,0,0,0,0,1,0,0,0,0,1,1,0,1,0,1,0,0,0,0,1,0,-0.00457517, 0.00471534,-0.00867698, 0.0002023,-0.00843886,sell
2010-01-27,0,0,1,1,1,3,0,0,0,1,1,0,0,0,0,1,0,0,0,0,0,0,1,0,0,1,0,0,0,0,1,0,-0.00531345,-0.00156581,-0.00784337,-0.0056873, 0.00283510,sell
2010-01-28,0,0,0,2,1,1,0,0,0,0,0,0,0,0,0,1,0,0,1,0,0,0,1,0,0,1,0,0,0,0,0,0, 0.00786036, 0.00446960, 0.00635589, 0.0068914, 0.00586168,buy
2010-01-29,0,0,0,1,1,1,0,0,0,0,0,0,0,0,0,1,0,0,1,0,0,0,1,0,0,0,0,0,0,0,0,0, 0.00608431, 0.00043067, 0.00539501, 0.0069965, 0.00485397,buy
2010-01-30,0,0,0,1,1,2,0,0,1,0,0,0,0,0,0,1,0,0,1,0,0,0,1,0,0,0,0,0,0,0,0,0, 0.00832272, 0.00169026, 0.00844461, 0.0093360, 0.00853144,buy
2010-01-31,0,1,0,1,1,2,0,0,1,0,0,0,0,0,0,1,1,0,1,0,0,0,1,0,0,0,0,0,0,0,0,0, 0.00683715,-0.00004043, 0.00588760, 0.0078481, 0.00843748,buy
2010-02-01,0,2,0,0,1,2,0,0,1,0,0,0,0,0,0,1,1,0,0,0,0,0,0,0,0,0,0,1,1,0,0,0,-0.00265735, 0.00521368, 0.00225604,-0.0015469,-0.00582293,sell
2010-02-02,0,2,0,0,1,2,0,0,1,0,0,0,0,0,0,1,1,0,0,0,0,0,0,0,0,0,0,1,1,0,0,0,-0.00265735, 0.00521368, 0.00225604,-0.0015469,-0.00582293,sell
2010-02-03,0,2,0,0,1,2,0,0,1,0,0,0,0,0,0,1,1,0,0,0,0,0,0,0,0,0,0,1,1,0,0,0,-0.00265735, 0.00521368, 0.00225604,-0.0015469,-0.00582293,sell
2010-02-04,0,1,0,0,1,1,1,0,0,0,0,0,0,0,1,1,0,0,0,0,0,0,0,0,0,0,0,1,1,0,0,0, 0.00260487,-0.00558629,-0.00382552, 0.0006384, 0.00518473,buy
2010-02-05,0,0,0,0,3,0,1,0,0,0,1,0,0,0,1,1,0,0,0,0,0,0,0,0,0,0,0,0,0,0,1,0,-0.00611405,-0.00384732,-0.00519654,-0.0007865,-0.00520739,sell
2010-02-06,0,1,0,0,3,1,1,0,0,0,1,0,0,0,1,1,0,0,0,0,1,1,0,0,0,0,1,0,0,0,1,0,-0.00084890,-0.00162474,-0.00257972, 0.0025007, 0.00145746,sell
2010-02-07,0,1,0,0,3,1,1,0,0,0,1,0,0,0,1,1,0,0,0,0,1,1,0,0,0,0,1,0,0,0,1,0,-0.00084890,-0.00162474,-0.00257972, 0.0025007, 0.00145746,sell
2010-02-08,0,1,0,0,3,1,0,0,0,0,1,0,0,0,0,1,0,0,0,0,1,1,0,0,0,0,1,0,0,0,1,0, 0.00222102, 0.00394040, 0.00304044, 0.0028956, 0.00541528,buy
2010-02-09,0,1,0,0,1,1,0,0,0,0,0,0,0,0,0,1,0,0,0,0,1,1,0,0,0,0,1,0,0,0,0,0, 0.00730202,-0.00096423,-0.00226966,-0.0007570,-0.00335094,sell
2010-02-10,0,0,1,0,1,1,0,0,0,0,0,0,0,0,0,1,1,0,0,0,1,0,0,0,0,0,0,0,0,0,0,0,-0.00094296,-0.00186833,-0.00590016, 0.0007966,-0.00286479,sell
2010-02-11,1,0,1,1,2,0,0,0,0,0,0,0,1,0,0,1,1,0,0,0,0,0,1,0,0,0,0,0,0,0,0,1,-0.00231586,-0.00125302,-0.00053669, 0.0025142, 0.00078900,sell
2010-02-12,1,0,1,2,3,0,0,0,0,1,0,1,1,0,0,1,1,0,0,1,0,0,1,0,0,0,0,0,0,0,0,1,-0.00171578,-0.00202539, 0.00436212, 0.0066001, 0.00217441,buy
2010-02-13,1,0,2,2,4,0,1,0,1,1,0,1,1,0,0,1,0,0,0,1,0,0,1,0,0,1,0,1,1,0,0,1,-0.00519513,-0.00138464, 0.00171012, 0.0025994, 0.00124985,buy
2010-02-14,1,0,2,1,3,0,1,0,1,1,0,1,1,0,0,0,0,0,0,1,0,0,1,0,0,1,0,1,1,0,0,0,-0.00516832,-0.00110795,-0.00417032,-0.0049299,-0.00543102,sell
2010-02-15,0,0,2,0,3,1,1,0,1,0,0,1,0,0,1,0,0,0,0,1,0,0,1,0,1,1,0,1,1,0,0,0, 0.00358180,-0.00146290, 0.00031762,-0.0028324,-0.00182308,sell
2010-02-16,0,0,1,1,1,1,1,0,1,0,0,0,0,0,1,0,0,0,0,1,0,0,0,1,1,0,0,1,1,0,0,0, 0.00443993, 0.00835807, 0.00385664, 0.0011574, 0.00187937,buy
2010-02-17,0,0,0,1,0,1,0,0,0,0,0,0,0,0,1,0,0,0,0,1,0,0,0,1,1,0,0,0,0,0,0,0, 0.00893768, 0.00249590, 0.00835630, 0.0075978,-0.00243103,buy
2010-02-18,0,0,0,1,0,1,0,0,0,0,0,0,0,0,1,0,0,0,0,0,0,0,0,1,1,0,0,0,0,0,0,0, 0.01038662, 0.00394096, 0.00936086, 0.0084910,-0.00203217,buy
2010-02-19,0,0,1,1,0,0,0,0,0,0,0,0,0,0,0,0,0,0,1,0,0,0,0,1,1,0,0,0,0,0,0,0, 0.00766501,-0.00802951, 0.00175310, 0.0065725,-0.00763565,buy
2010-02-20,0,0,2,0,0,0,0,0,0,0,0,0,0,0,0,0,0,0,1,0,0,1,0,0,0,0,0,0,0,0,0,0,-0.00666231, 0.00271955,-0.00290076, 0.0004677,-0.00365278,sell
2010-02-21,0,1,2,0,0,0,1,0,0,0,0,0,1,0,0,0,0,0,1,0,1,1,0,0,0,0,0,0,0,0,0,0, 0.00470211, 0.00032253, 0.00108721,-0.0026095,-0.00416604,buy
2010-02-22,0,1,2,0,0,1,1,0,0,0,0,1,1,0,0,0,0,0,1,0,1,1,0,0,0,0,0,0,0,0,0,0, 0.00549063,-0.00372101,-0.00613766,-0.0045465,-0.00552884,sell
2010-02-23,0,2,1,0,0,1,1,0,0,0,0,1,1,0,0,0,0,0,0,0,1,1,0,0,0,1,0,0,0,0,0,0, 0.00153293,-0.01110875,-0.00824710,-0.0122013,-0.01055618,sell
2010-02-24,0,1,0,0,0,1,1,0,0,0,0,1,0,0,0,0,0,0,0,0,1,0,0,0,0,1,0,0,0,0,0,0,-0.00011652,-0.00008424,-0.00280973, 0.0029143,-0.00014037,sell
2010-02-25,0,1,0,0,1,0,1,0,0,0,0,0,0,0,1,0,0,1,0,0,1,0,0,0,0,1,0,0,0,0,0,0,-0.00872123, 0.00112943,-0.00012540,-0.0046120,-0.00459530,sell
2010-02-26,0,1,0,1,1,0,0,0,0,0,1,0,0,0,1,0,1,1,0,0,0,0,0,0,0,1,0,0,0,0,0,0,-0.00590513, 0.00596879, 0.00473092,-0.0038009,-0.00265160,sell
2010-02-27,0,0,0,1,1,0,0,0,0,0,1,0,0,0,1,0,1,1,0,0,0,0,0,0,0,0,0,0,0,0,0,0, 0.00407401, 0.00830422, 0.00465405, 0.0031819,-0.00170677,buy
2010-02-28,0,0,1,1,1,0,0,0,0,1,1,0,0,0,1,0,1,1,0,0,0,0,0,0,0,0,0,0,0,0,0,0, 0.00375373, 0.00679286, 0.00391753, 0.0056045,-0.00080663,buy
2010-03-01,0,0,1,0,0,0,0,0,0,1,0,0,0,0,0,0,0,1,0,0,0,0,0,0,0,0,0,0,0,0,0,0, 0.00504196,-0.00181155, 0.00039261,-0.0024578, 0.00613526,buy
2010-03-02,0,0,3,0,0,0,0,0,0,1,0,0,1,0,0,0,0,1,0,0,0,0,0,0,0,0,0,0,0,0,1,1, 0.00290920,-0.00613516,-0.00473313,-0.0059499,-0.00002825,sell
2010-03-03,0,0,3,0,1,0,1,0,0,1,0,1,1,0,0,0,0,1,0,0,0,0,0,0,0,0,1,0,0,0,1,1, 0.00984977,-0.00121729,-0.00114800,-0.0004072, 0.00217355,buy
2010-03-04,0,1,2,0,1,0,1,0,0,0,0,1,1,0,0,0,0,0,1,0,0,0,0,0,0,0,1,0,0,0,1,1, 0.00791909, 0.00849364, 0.00838362, 0.0061623, 0.00758070,buy
2010-03-05,0,1,1,0,1,0,1,0,0,0,0,1,0,0,0,0,0,0,1,0,0,0,0,0,0,0,1,0,0,0,1,1, 0.00919705, 0.01111706, 0.00996301, 0.0068197, 0.00871034,buy
2010-03-06,1,1,0,0,1,0,0,0,1,0,0,0,0,0,0,0,0,0,1,0,0,0,0,0,0,1,1,0,0,0,0,0,-0.00262756,-0.00266568,-0.00055764, 0.0025560, 0.00008967,sell
2010-03-07,1,1,0,1,0,0,0,0,1,0,0,0,0,0,0,0,0,0,1,0,0,0,0,0,0,1,0,0,1,0,0,0,-0.00688921,-0.00571873,-0.00624172,-0.0044300,-0.00984485,sell
2010-03-08,1,1,0,1,0,0,0,0,1,0,0,0,0,0,0,0,0,0,1,0,0,0,0,0,0,1,0,0,1,0,0,0,-0.00688921,-0.00571873,-0.00624172,-0.0044300,-0.00984485,sell
2010-03-09,1,1,0,1,0,0,0,0,1,1,0,0,0,0,0,0,0,0,0,0,0,0,0,0,0,1,0,0,1,0,0,0,-0.00748337,-0.00673734,-0.00653111,-0.0047784,-0.00740724,sell
2010-03-10,0,1,0,1,0,0,0,1,0,1,0,0,0,0,0,0,0,0,0,0,0,0,0,0,0,0,0,1,1,0,0,0, 0.00859425,-0.00164516, 0.00401874, 0.0041499, 0.00504740,buy
2010-03-11,0,1,0,0,0,0,0,1,0,1,0,0,0,0,0,0,0,0,0,0,0,0,0,0,0,0,0,1,0,0,0,0, 0.00057798,-0.00414398, 0.00545922, 0.0049645, 0.00480892,buy
2010-03-12,0,0,1,0,0,0,0,1,0,0,0,0,0,1,0,0,0,0,0,0,0,0,0,1,0,0,0,1,0,0,0,0,-0.00172764, 0.00128106,-0.00218615, 0.0002603, 0.00240550,buy
2010-03-13,0,1,2,0,0,0,0,1,0,0,0,0,0,1,0,0,1,0,0,0,0,0,0,1,0,0,0,1,0,0,0,1, 0.00157377,-0.00223972, 0.00537869, 0.0080406, 0.00390047,buy
2010-03-14,0,1,2,0,0,0,0,0,0,0,0,0,0,1,1,0,1,0,0,0,0,0,0,1,0,0,0,0,0,0,0,1, 0.00064631,-0.00258785, 0.00423396, 0.0048782, 0.00292078,buy
2010-03-15,0,1,2,0,2,1,0,0,0,0,1,0,0,1,1,0,1,0,0,1,0,0,1,1,0,0,1,0,0,0,0,1,-0.00307876,-0.00072519, 0.00084223,-0.0015018,-0.00392812,sell
2010-03-16,1,0,1,0,3,1,0,0,0,1,1,0,0,1,1,0,0,0,0,1,0,0,1,1,1,0,1,0,0,0,0,0, 0.00073585,-0.00243763, 0.00493353, 0.0021240,-0.00464440,buy
2010-03-17,1,0,0,1,3,1,0,0,0,1,1,0,1,0,0,0,0,0,0,1,0,0,1,0,1,0,1,0,0,0,0,0, 0.00109151,-0.00577728, 0.00170022, 0.0018647,-0.00399965,buy
2010-03-18,1,0,0,1,2,1,0,0,0,1,0,0,1,0,0,0,0,0,0,1,0,0,1,0,1,0,1,0,0,0,0,0, 0.00124576,-0.00429740,-0.00125931,-0.0028762,-0.00432086,sell
2010-03-19,2,0,0,1,2,1,0,1,0,1,0,1,1,0,0,0,0,0,1,1,0,0,1,0,1,0,1,0,0,0,0,0, 0.00061305,-0.00105151,-0.00015674,-0.0014883,-0.00208750,sell
2010-03-20,1,1,0,1,2,0,0,1,0,0,0,1,0,0,0,0,1,0,1,1,0,1,0,0,1,0,0,0,0,0,0,0,-0.00262209,-0.00142381,-0.00197324,-0.0008325,-0.00089597,sell
2010-03-21,1,1,0,1,0,0,0,1,0,0,0,1,0,0,0,0,1,0,1,0,0,1,0,0,0,0,0,0,0,0,0,0,-0.00292894, 0.00173164,-0.00317629,-0.0040881,-0.00057973,sell
2010-03-22,1,1,0,1,0,1,0,0,0,0,1,0,0,0,0,0,1,0,1,0,0,1,0,0,0,0,0,0,0,0,0,0,-0.00128319, 0.00040006,-0.00511204,-0.0038569,-0.00178336,sell
2010-03-23,2,0,0,1,0,1,0,0,0,0,1,0,0,0,0,0,0,0,1,0,0,1,0,0,0,0,0,0,0,0,0,1,-0.00414851,-0.00680635,-0.00787353,-0.0048427,-0.00326164,sell
2010-03-24,2,0,0,0,1,1,0,1,1,0,1,0,0,0,0,0,0,0,1,0,1,0,0,0,0,0,0,0,0,0,0,1, 0.00209180,-0.00393890, 0.00204474, 0.0045544, 0.00143805,buy
2010-03-25,1,1,0,0,1,0,0,1,1,0,0,0,0,0,0,0,0,0,0,0,1,0,0,1,0,0,0,0,0,0,0,1, 0.00470032, 0.00049590, 0.00412830, 0.0049808, 0.00346883,buy
2010-03-26,1,1,0,0,1,0,0,1,1,0,0,0,0,0,0,0,0,0,0,0,1,0,0,1,0,0,0,0,0,0,0,1, 0.00470032, 0.00049590, 0.00412830, 0.0049808, 0.00346883,buy
2010-03-27,1,1,0,0,1,0,0,1,0,0,0,0,0,0,0,0,1,0,0,0,1,0,0,1,0,0,0,0,0,0,1,0, 0.00299191, 0.00484568, 0.00474961, 0.0017615, 0.00621796,buy
2010-03-28,1,1,0,0,1,0,1,1,0,0,0,0,0,0,0,0,1,0,0,0,1,0,0,1,0,0,1,0,0,0,1,0, 0.00112107, 0.00373349, 0.00650745, 0.0007221, 0.00117952,buy
2010-03-29,1,1,0,0,1,0,1,0,0,0,0,0,0,0,0,0,1,0,0,0,0,0,0,1,0,0,1,0,0,0,1,0, 0.00109602, 0.00294168,-0.00373087,-0.0013952, 0.00091563,buy
2010-03-30,0,0,1,0,2,0,2,0,0,0,1,0,0,0,1,0,0,0,0,0,0,0,0,0,0,0,1,0,1,0,1,0, 0.00519035, 0.00189067, 0.00557482, 0.0061884, 0.00444236,buy
2010-03-31,0,0,1,0,2,2,2,0,0,0,1,0,0,0,1,0,0,0,0,1,0,0,0,0,1,0,1,0,1,0,1,0, 0.00610392, 0.00488899, 0.00638329, 0.0035837, 0.00505679,buy
2010-04-01,0,0,2,0,1,2,1,1,0,0,1,0,1,0,1,0,0,0,0,1,0,0,0,0,1,1,0,0,1,0,0,0, 0.00562197, 0.00393992, 0.00560394, 0.0048681, 0.00570701,buy
2010-04-02,0,0,2,0,1,2,1,1,0,0,1,0,1,0,1,0,0,0,0,1,0,0,0,0,1,1,0,0,1,0,0,0, 0.00562197, 0.00393992, 0.00560394, 0.0048681, 0.00570701,buy
2010-04-03,1,0,1,0,0,3,0,2,1,1,0,0,1,0,0,1,0,0,0,1,0,0,0,0,1,1,0,1,0,0,0,0, 0.00202602, 0.00184997,-0.00105418, 0.0054765, 0.00138495,buy
2010-04-04,2,0,1,0,0,3,0,2,1,1,0,1,1,0,0,1,0,0,0,1,0,0,0,0,1,1,0,1,0,0,0,0,-0.00169443,-0.00207914,-0.00459496,-0.0023967,-0.00385703,sell
2010-04-05,2,0,0,0,0,1,0,2,1,1,0,1,0,0,0,1,0,0,0,0,0,0,0,0,0,1,0,1,0,0,0,0,-0.00169909,-0.00231470,-0.00381951,-0.0053172,-0.00550486,sell
2010-04-06,2,0,0,0,1,1,0,1,1,1,0,1,0,0,0,1,0,1,0,0,0,0,0,0,0,0,0,1,0,0,0,0,-0.00392246,-0.00420120,-0.00695367,-0.0038538,-0.00555039,sell
2010-04-07,1,0,0,0,1,0,0,1,0,1,0,1,0,0,0,1,0,1,0,0,0,0,0,0,0,0,0,0,0,0,0,0,-0.00356986,-0.00823743,-0.00831337,-0.0050537,-0.00518094,sell
2010-04-08,1,0,0,0,1,0,0,0,0,0,0,1,0,0,0,1,0,1,0,0,0,0,0,0,0,0,0,0,0,0,0,0,-0.00184743,-0.00717873,-0.00699518,-0.0025122,-0.00278571,sell
2010-04-09,1,0,0,0,1,1,0,0,0,0,0,0,0,0,0,1,0,1,0,0,0,0,0,1,0,0,0,0,0,0,1,0, 0.00332923,-0.00492448,-0.00127768,-0.0031168,-0.00140254,sell
2010-04-10,1,0,0,0,1,1,0,0,0,0,0,0,0,0,0,0,0,1,0,0,0,0,0,1,0,0,0,0,0,0,1,0, 0.00332260, 0.00211325, 0.00272917,-0.0032102, 0.00197934,buy
2010-04-11,1,1,0,0,1,1,0,0,0,0,0,0,0,0,0,0,0,1,0,0,0,0,0,1,0,0,0,0,1,0,1,0,-0.00633502, 0.00016058, 0.00365291,-0.0015465,-0.00209104,sell
2010-04-12,1,1,0,0,0,2,0,0,0,0,0,0,0,0,1,0,0,0,0,0,0,0,0,1,0,0,0,0,1,0,1,0,-0.00228222,-0.00223370,-0.00054149, 0.0018314,-0.00299138,sell
2010-04-13,1,1,0,0,0,1,0,0,0,0,0,0,0,0,1,0,0,0,0,0,0,0,0,1,0,0,0,0,1,0,0,0,-0.00103599,-0.00354633,-0.00386046,-0.0009854,-0.00305576,sell
2010-04-14,0,1,0,0,0,1,0,0,0,0,0,0,0,0,1,0,0,0,0,0,0,0,0,0,0,0,0,0,1,0,0,0, 0.00355597,-0.00396331,-0.00443655, 0.0034853, 0.00284806,buy
2010-04-15,0,1,0,0,0,1,1,0,0,0,0,0,0,0,1,0,0,0,0,0,0,0,0,0,1,0,0,1,0,0,0,0, 0.00503483,-0.00258683, 0.00083845,-0.0018910, 0.00537048,buy
2010-04-16,0,2,0,0,1,1,2,0,0,0,0,0,1,0,1,0,0,0,0,1,0,0,1,0,1,0,0,1,0,0,0,0, 0.00143601,-0.00630918, 0.00179194,-0.0001146,-0.00417512,sell
2010-04-17,0,2,1,0,1,1,2,1,0,0,0,0,1,0,1,0,0,0,0,1,0,1,1,0,1,0,0,1,0,0,0,1, 0.00485391, 0.00017444, 0.00674042, 0.0055467, 0.00443153,buy
2010-04-18,0,2,1,0,1,1,2,1,0,0,0,0,1,0,1,0,0,0,0,1,0,1,1,0,1,0,0,1,0,0,0,1, 0.00485391, 0.00017444, 0.00674042, 0.0055467, 0.00443153,buy
2010-04-19,0,1,1,0,1,1,2,1,0,0,0,0,1,0,1,0,0,0,0,1,0,1,1,0,1,0,0,0,0,0,0,1, 0.00677970, 0.00226426, 0.00693077, 0.0075329, 0.00423796,buy
2010-04-20,0,1,1,0,1,1,1,1,0,0,0,0,1,0,1,0,0,0,0,1,0,1,1,0,0,0,0,0,0,0,0,1, 0.00763000, 0.00580255, 0.00870987, 0.0077314, 0.00750510,buy
2010-04-21,0,1,1,0,0,1,0,0,0,0,0,0,1,0,1,0,0,0,0,0,0,1,0,0,0,0,0,0,0,0,0,0, 0.00194757, 0.00173897, 0.00288827, 0.0040071, 0.00054918,buy
2010-04-22,1,0,0,0,0,1,1,1,0,0,0,0,0,0,1,0,0,0,0,0,0,0,0,0,0,0,1,0,1,0,1,0, 0.00821870, 0.00485914, 0.00558726, 0.0063347, 0.00678524,buy
2010-04-23,2,0,0,0,0,0,1,2,0,1,0,0,0,0,0,0,0,0,0,0,1,0,0,0,0,0,1,0,1,0,1,0, 0.00660261,-0.00764491, 0.00718997, 0.0001443, 0.00266462,buy
2010-04-24,2,0,0,0,0,0,1,2,0,1,0,0,0,0,0,0,0,0,0,0,1,0,0,0,0,0,1,0,1,0,1,0, 0.00660261,-0.00764491, 0.00718997, 0.0001443, 0.00266462,buy
2010-04-25,2,0,0,0,0,0,1,2,0,1,0,0,0,0,0,0,0,0,0,0,1,0,0,0,0,0,1,0,1,0,1,0, 0.00660261,-0.00764491, 0.00718997, 0.0001443, 0.00266462,buy
2010-04-26,1,0,0,0,0,2,0,1,1,1,0,0,0,0,0,0,0,1,0,0,1,0,0,0,0,0,0,0,0,0,0,0,-0.00256725,-0.00050024, 0.00053315,-0.0012407,-0.00071378,sell
2010-04-27,1,0,1,0,0,2,0,1,1,1,0,0,0,1,0,0,0,1,0,0,1,0,0,0,0,0,0,1,0,0,0,0, 0.00112269, 0.00746430, 0.00034700,-0.0016304,-0.00472373,buy
2010-04-28,0,0,1,0,0,2,0,0,1,0,0,0,0,1,0,0,0,1,0,0,0,0,0,0,0,0,0,1,0,0,0,0, 0.00048306, 0.00706283, 0.00291627, 0.0049181,-0.00424748,buy
2010-04-29,0,0,1,0,1,2,0,0,1,0,0,0,0,1,0,1,0,1,0,0,0,0,0,0,0,0,0,1,0,0,0,0, 0.00203541, 0.00631905, 0.00346918, 0.0047003,-0.00441537,buy
2010-04-30,1,0,1,0,1,2,0,1,1,0,0,1,0,0,0,1,0,1,1,0,0,0,0,0,0,0,0,1,0,0,0,0, 0.00559797, 0.00589868, 0.00637052, 0.0046988, 0.00669790,buy
2010-05-01,1,0,1,0,1,1,0,1,0,0,0,1,0,0,0,1,0,1,1,0,0,0,0,0,0,0,0,1,0,0,0,0, 0.00396670, 0.00142952, 0.00191635, 0.0018182, 0.00402394,buy
2010-05-02,1,1,0,0,0,1,0,1,0,0,0,1,0,0,0,0,0,0,1,0,0,1,1,0,0,0,0,0,0,0,0,0,-0.00408020,-0.00595779, 0.00177446,-0.0022380, 0.00071061,sell
2010-05-03,1,1,0,0,0,1,0,1,0,0,0,1,0,0,0,0,0,0,1,0,0,1,1,0,0,0,0,0,0,0,0,0,-0.00408020,-0.00595779, 0.00177446,-0.0022380, 0.00071061,sell
2010-05-04,1,1,0,0,0,1,0,1,0,0,0,1,0,0,0,0,0,0,1,0,0,1,1,0,0,0,0,0,0,0,0,0,-0.00408020,-0.00595779, 0.00177446,-0.0022380, 0.00071061,sell
2010-05-05,1,1,0,0,0,1,1,1,0,0,0,1,0,0,0,0,0,0,1,0,0,1,1,0,0,1,0,0,0,0,0,0,-0.00632570,-0.00870343, 0.00353641,-0.0019186,-0.00286483,sell
2010-05-06,1,0,0,0,0,1,1,1,0,0,0,1,0,0,0,0,0,0,1,0,0,0,1,0,0,1,0,0,0,0,0,0,-0.00831586,-0.00994683, 0.00152115,-0.0022983,-0.00486811,sell
2010-05-07,1,0,0,0,1,0,1,1,0,0,0,1,0,0,0,0,0,0,1,0,0,0,0,0,0,1,0,0,0,1,0,0,-0.00366962,-0.00313846,-0.00412403,-0.0015002,-0.00093681,sell
2010-05-08,1,1,0,0,1,1,1,1,0,0,0,1,0,0,0,1,0,0,1,0,1,0,0,0,0,1,0,0,0,1,0,0, 0.00596947, 0.00715570, 0.00594588, 0.0075166, 0.00577744,buy
2010-05-09,0,1,0,0,1,1,1,0,0,0,0,0,0,0,0,1,0,0,0,0,1,0,0,0,0,1,0,0,0,1,0,0, 0.00600748, 0.00622028, 0.00333739, 0.0050475, 0.00630913,buy
2010-05-10,0,1,0,0,1,1,1,0,0,0,0,0,0,0,0,1,0,0,0,0,1,0,0,0,0,1,0,0,0,1,0,0, 0.00600748, 0.00622028, 0.00333739, 0.0050475, 0.00630913,buy
2010-05-11,0,1,0,0,1,1,0,0,0,0,0,0,0,0,0,1,0,0,0,0,1,0,0,0,0,0,0,0,0,1,0,0, 0.00095026, 0.00246734,-0.00468939, 0.0027506, 0.00264059,buy
2010-05-12,0,1,0,0,1,0,0,0,0,0,0,0,0,0,0,0,0,0,0,0,1,0,0,0,0,0,0,0,0,1,0,0, 0.00027969,-0.00053493,-0.00748844,-0.0082604,-0.00771860,sell
2010-05-13,0,0,0,0,1,0,0,0,0,0,0,0,0,0,0,0,0,0,0,0,0,0,0,0,0,0,0,0,0,1,0,0,-0.00174569,-0.00184580,-0.00243020,-0.0071517,-0.00707010,sell
2010-05-14,0,0,0,0,1,0,0,0,0,0,0,0,0,0,0,0,0,0,0,0,0,0,0,0,0,0,0,0,0,1,0,0,-0.00174569,-0.00184580,-0.00243020,-0.0071517,-0.00707010,sell
2010-05-15,1,0,0,0,1,0,2,1,0,0,0,1,0,0,0,0,0,1,0,0,0,0,0,0,1,0,0,0,0,1,0,1, 0.00069936, 0.00114306,-0.00139411, 0.0010010, 0.00336608,buy
2010-05-16,1,0,0,0,1,0,2,3,0,0,0,1,0,0,0,0,0,1,0,0,0,0,0,1,1,0,0,0,1,1,0,1,-0.00038041,-0.00581130,-0.00764709,-0.0001150,-0.00046236,sell
2010-05-17,3,0,0,0,1,0,2,4,0,0,0,1,0,0,0,0,0,1,0,1,0,1,0,1,1,0,1,0,1,1,0,1,-0.00325388,-0.00738547,-0.00498891,-0.0067169, 0.00436657,sell
2010-05-18,3,0,0,0,1,0,3,5,0,0,0,1,0,0,0,0,0,1,0,1,0,1,1,1,1,0,1,0,1,1,1,1,-0.00335242,-0.00622654,-0.00599081,-0.0068810,-0.00016809,sell
2010-05-19,3,0,0,0,1,0,3,5,0,0,0,1,0,0,0,0,0,1,0,1,0,1,1,1,1,0,1,0,1,1,1,1,-0.00335242,-0.00622654,-0.00599081,-0.0068810,-0.00016809,sell
2010-05-20,3,0,0,0,1,0,3,3,0,0,0,1,0,0,0,0,0,1,0,1,0,1,1,1,0,0,1,0,0,1,1,1,-0.00323087,-0.00736590,-0.00404195,-0.0059501, 0.00325428,sell
2010-05-21,2,0,0,0,1,0,1,3,0,0,0,1,0,0,0,0,0,0,0,1,0,1,1,1,0,0,0,0,0,1,1,0, 0.00614495,-0.00565195, 0.00516364, 0.0043355, 0.00372123,buy
2010-05-22,1,0,0,1,1,0,1,0,0,0,0,1,0,0,0,0,0,0,0,0,0,0,1,0,0,0,0,1,0,1,0,0,-0.00262625,-0.00285100,-0.00062821,-0.0025734, 0.00157770,sell
2010-05-23,0,0,0,1,1,0,1,0,0,0,0,0,0,0,0,0,0,0,0,0,0,0,1,0,0,0,0,1,0,1,0,0, 0.00403944, 0.00385142, 0.00676744, 0.0046673, 0.00825901,buy
2010-05-24,0,0,1,1,1,0,0,0,0,0,0,0,0,0,0,0,0,0,0,0,1,0,0,0,0,0,0,1,0,1,0,0, 0.00326624, 0.00374348, 0.00438775, 0.0009906, 0.00066146,buy
2010-05-25,0,0,1,1,0,1,0,0,0,0,0,0,0,0,0,0,0,0,0,0,1,0,0,0,0,1,0,1,0,0,0,0,-0.00721825,-0.00825278,-0.00587706,-0.0067365,-0.00989256,sell
2010-05-26,0,0,1,0,0,1,0,0,0,0,0,0,0,0,0,0,0,0,0,0,1,0,0,0,0,1,0,0,0,0,0,0,-0.00547081,-0.00731125,-0.00708139,-0.0024113,-0.00700660,sell
2010-05-27,0,1,1,0,0,2,0,0,1,0,0,0,1,0,0,0,0,0,0,0,1,0,0,0,0,1,0,0,0,0,0,0, 0.00082717,-0.00002005, 0.00167936,-0.0040949, 0.00173462,buy
2010-05-28,0,1,1,0,0,2,0,0,1,0,0,0,1,0,0,0,0,0,0,0,1,0,0,0,0,1,0,0,0,0,0,0, 0.00082717,-0.00002005, 0.00167936,-0.0040949, 0.00173462,buy
2010-05-29,0,2,0,0,0,3,0,0,1,0,0,0,1,0,1,0,0,0,0,0,0,0,0,0,0,1,1,0,0,0,0,0, 0.00511636, 0.00459375, 0.00268541, 0.0025370, 0.00546713,buy
2010-05-30,0,2,0,0,0,3,0,0,1,0,0,0,1,0,1,0,0,0,0,0,0,0,0,0,0,1,1,0,0,0,0,0, 0.00511636, 0.00459375, 0.00268541, 0.0025370, 0.00546713,buy
2010-05-31,0,1,0,0,0,3,0,0,1,0,0,0,0,0,1,0,0,0,0,0,0,0,0,0,0,1,1,0,0,0,0,0,-0.00421824, 0.00027515,-0.00326635,-0.0003225, 0.00044733,sell
2010-06-01,0,1,0,0,0,2,0,0,0,0,0,0,0,0,1,0,0,0,0,0,0,0,0,0,0,0,1,0,0,0,0,1, 0.00292059,-0.00430122,-0.00127727, 0.0007845,-0.00534709,sell
2010-06-02,0,2,0,0,0,1,0,0,0,0,0,1,0,0,0,0,0,0,0,0,0,0,0,0,0,0,1,0,0,0,0,1, 0.00645316, 0.00814808, 0.00652983, 0.0061031, 0.00110256,buy
2010-06-03,0,1,0,0,0,1,0,0,0,0,0,1,0,0,0,0,0,0,0,0,0,0,0,0,0,0,0,0,0,0,0,1, 0.00184137, 0.00601901, 0.00170967,-0.0004761, 0.00180498,buy
2010-06-04,0,1,0,0,0,1,0,0,0,0,0,1,0,0,0,0,0,0,0,0,0,0,0,0,0,0,0,0,0,0,0,1, 0.00184137, 0.00601901, 0.00170967,-0.0004761, 0.00180498,buy
2010-06-05,0,0,0,0,0,1,0,0,0,0,0,0,0,0,0,0,0,0,0,0,0,0,0,0,0,0,0,0,0,0,0,1,-0.00113957,-0.00249085,-0.00128373,-0.0066920,-0.00032985,sell
2010-06-06,0,0,0,0,0,1,0,0,0,0,0,0,0,0,0,0,0,0,0,0,0,0,0,0,0,0,0,0,0,0,0,1,-0.00113957,-0.00249085,-0.00128373,-0.0066920,-0.00032985,sell
2010-06-07,1,0,0,0,0,0,0,0,0,0,0,0,1,0,0,0,0,0,0,0,0,0,0,0,0,0,0,0,0,0,0,0,-0.00700216,-0.00972454,-0.00776902,-0.0070812,-0.00937285,sell
2010-06-08,1,0,0,0,0,0,0,1,0,0,1,0,1,0,0,0,0,0,0,0,0,0,0,0,0,0,0,0,0,0,0,0,-0.00323908,-0.00650292,-0.00525301,-0.0092141,-0.00792187,sell
2010-06-09,1,0,0,0,0,0,2,2,1,1,1,0,1,0,1,0,0,0,0,0,0,0,0,0,0,0,0,0,0,0,0,0,-0.00416951,-0.00660179,-0.00675547,-0.0065383,-0.00665466,sell
2010-06-10,1,0,0,0,0,0,3,2,1,1,1,0,1,0,1,0,0,0,0,0,0,0,0,0,0,0,0,0,1,0,0,0,-0.00586275,-0.00541883,-0.00665270,-0.0064918,-0.00753375,sell
2010-06-11,0,0,2,0,0,0,3,1,1,1,0,1,0,0,1,0,0,0,0,0,0,0,0,0,0,0,1,0,1,0,0,0, 0.00092204, 0.00130538, 0.00070696,-0.0006200,-0.00129043,buy
2010-06-12,0,0,2,0,0,0,1,2,0,1,0,1,0,0,0,0,1,0,0,0,0,0,0,0,0,0,1,0,1,0,0,0, 0.00185774,-0.00140317,-0.00175770,-0.0053816,-0.00030861,sell
2010-06-13,2,0,2,0,0,0,1,2,0,1,0,1,0,0,0,0,1,0,0,0,0,0,0,0,1,0,1,0,1,0,1,0, 0.00662540, 0.00305351, 0.00332419, 0.0022103, 0.00298398,buy
2010-06-14,2,0,1,0,0,0,1,1,0,0,0,0,0,0,0,0,1,0,0,0,0,0,0,0,1,0,1,0,1,0,1,0, 0.00023347,-0.00517210,-0.00057423,-0.0061529, 0.00275215,sell
2010-06-15,2,0,0,0,0,0,0,0,0,0,0,0,0,0,0,0,0,0,0,0,0,0,0,0,1,0,0,0,0,0,1,0,-0.00366824,-0.00192428,-0.00585067,-0.0047131,-0.00477637,sell
2010-06-16,2,0,1,0,0,0,0,0,0,0,0,0,0,0,0,0,0,0,0,0,0,0,0,0,1,0,0,1,0,0,1,0,-0.00664575,-0.00677258,-0.00734692,-0.0076563,-0.00293452,sell
2010-06-17,2,0,1,0,1,0,0,1,0,0,0,0,0,0,0,0,0,0,0,1,0,1,0,0,1,1,0,1,0,0,0,0,-0.00493564,-0.00103929, 0.00052031,-0.0043869,-0.00420289,sell
2010-06-18,1,0,1,0,1,0,0,1,0,0,0,0,0,0,0,0,0,0,0,1,0,1,0,0,0,1,0,1,0,0,0,0,-0.00581037,-0.00397332,-0.00043758,-0.0048204,-0.00769887,sell
2010-06-19,1,0,1,0,2,0,0,2,0,0,0,0,0,0,0,0,0,0,0,1,0,1,1,0,0,1,0,1,0,0,0,1,-0.00187819,-0.00121333, 0.00609582,-0.0004217, 0.00240297,buy
2010-06-20,1,0,0,0,2,0,0,2,0,0,0,0,0,0,0,0,0,0,0,1,0,1,1,0,0,1,0,0,0,0,0,1, 0.00172238,-0.00363305, 0.00331098, 0.0043296, 0.00288211,buy
2010-06-21,1,0,0,0,2,1,0,3,0,0,0,0,0,0,0,1,0,1,0,1,0,1,1,0,0,1,0,0,0,0,0,1, 0.00124119,-0.00469609, 0.00161086, 0.0018536, 0.00313002,buy
2010-06-22,1,0,0,0,2,1,0,2,0,0,0,0,0,0,0,1,0,1,0,1,0,0,1,0,0,1,0,0,0,0,0,1,-0.00248550,-0.00380959, 0.00270318, 0.0035247, 0.00265491,buy
2010-06-23,1,0,0,1,2,1,0,3,0,0,1,0,1,0,0,1,0,1,0,0,1,0,1,0,0,1,0,0,0,0,0,1,-0.00324697,-0.00423396,-0.00526062,-0.0043208,-0.00152364,sell
2010-06-24,1,0,0,1,1,2,0,4,0,0,1,0,1,0,1,1,0,1,0,0,1,0,1,0,0,0,0,0,1,0,0,1,-0.00641044, 0.00012432,-0.00752597,-0.0031353,-0.00407355,sell
2010-06-25,1,0,0,1,0,2,0,4,1,0,1,0,1,0,1,1,0,1,0,0,1,0,0,0,0,0,0,0,1,0,0,0,-0.00581434,-0.00615722,-0.00741535,-0.0078700,-0.00689479,sell
2010-06-26,0,1,0,2,0,1,0,2,1,0,0,1,0,1,1,0,0,0,0,0,1,0,0,0,0,0,0,0,1,0,1,0,-0.00163426,-0.00661696,-0.00327229,-0.0050749,-0.00619001,sell
2010-06-27,0,2,0,2,0,1,0,1,1,0,0,1,0,1,0,0,0,0,0,0,1,0,0,0,1,0,0,0,1,0,1,0,-0.00079851,-0.00595910,-0.00303915,-0.0026167,-0.00540536,sell
2010-06-28,0,2,0,1,0,0,0,0,0,0,0,1,0,1,0,0,0,0,0,0,0,0,0,0,1,0,0,0,0,0,1,0,-0.00274133,-0.00351458,-0.00097745,-0.0007515,-0.00287493,sell
2010-06-29,0,3,0,0,0,0,0,0,0,0,0,0,0,1,0,0,0,0,0,0,0,0,0,0,1,0,0,1,0,0,1,0,-0.00413128,-0.00595202,-0.00245985,-0.0014807,-0.00416035,sell
2010-06-30,0,3,0,0,0,0,2,0,0,1,1,0,0,1,0,0,1,0,0,0,0,0,0,0,1,0,0,1,0,0,0,0,-0.00062630,-0.00180799,-0.00442262,-0.0071798,-0.00647646,sell
2010-07-01,0,3,0,0,0,0,2,0,0,1,1,0,0,0,0,0,1,0,0,0,0,0,0,0,1,0,0,1,0,0,0,0, 0.00380657, 0.00384071,-0.00684694,-0.0062360,-0.00735594,sell
2010-07-02,0,2,0,0,0,0,2,0,0,1,1,0,0,0,0,0,1,0,0,0,0,0,0,0,0,0,0,1,0,0,0,0, 0.00386036, 0.00475688,-0.00222766,-0.0051095,-0.00799370,sell
2010-07-03,0,1,0,0,0,0,1,0,0,0,0,0,0,0,0,0,0,0,0,1,0,0,0,1,0,0,0,0,0,0,0,0,-0.00622728,-0.00192730,-0.00488364,-0.0020860,-0.00135989,sell
2010-07-04,0,1,0,0,0,0,1,0,0,0,0,0,0,0,0,0,0,0,0,1,0,0,0,1,0,0,0,0,0,0,0,0,-0.00622728,-0.00192730,-0.00488364,-0.0020860,-0.00135989,sell
2010-07-05,0,1,0,0,0,0,2,0,0,0,0,0,0,0,0,0,0,0,1,1,0,0,0,1,0,0,0,0,0,0,0,0, 0.00474453, 0.00483458, 0.00260935, 0.0048863, 0.00292657,buy
2010-07-06,0,1,0,0,1,0,2,0,0,0,0,0,0,0,0,1,0,0,1,1,0,0,0,1,0,0,0,0,0,0,0,0, 0.00170903, 0.00110961, 0.00076127, 0.0030284, 0.00330783,buy
2010-07-07,0,1,1,1,2,0,2,0,0,0,1,0,0,0,0,1,0,0,1,1,0,0,0,1,0,0,1,0,1,0,0,0,-0.00064260,-0.00072083,-0.00056769,-0.0026166, 0.00615184,sell
2010-07-08,0,0,1,1,2,0,3,0,0,0,1,0,1,0,0,1,0,0,1,0,0,0,0,1,0,0,1,0,1,0,0,0, 0.00364036, 0.00374840, 0.00224349,-0.0024460, 0.00464532,buy
2010-07-09,1,0,2,1,2,1,3,0,0,0,1,0,1,0,1,1,1,0,1,0,0,0,0,1,0,0,1,0,1,0,1,0, 0.00372018, 0.00376175, 0.00396196, 0.0010294, 0.00382739,buy
2010-07-10,2,0,2,1,2,2,3,0,1,1,0,1,1,0,1,1,1,0,1,0,0,0,0,1,0,0,1,0,1,0,1,0,-0.00047425,-0.00017356,-0.00480173,-0.0005021, 0.00158968,sell
2010-07-11,2,0,3,0,2,2,2,0,1,1,0,1,0,0,1,1,1,0,1,0,0,0,0,1,1,0,0,0,1,0,1,0,-0.00115093, 0.00469720,-0.00023343, 0.0013156, 0.00040247,buy
2010-07-12,2,0,3,0,0,1,1,0,1,1,0,1,0,0,0,0,0,0,1,0,0,0,0,0,1,0,0,1,0,0,1,0,-0.00742127,-0.00118944,-0.00802190,-0.0005610,-0.00500278,sell
2010-07-13,1,0,1,0,0,1,1,0,0,1,0,0,0,0,0,0,0,0,1,0,0,0,0,0,1,0,0,1,0,0,0,0,-0.00777483,-0.00901810,-0.00803243,-0.0066305,-0.00346066,sell
2010-07-14,1,0,1,0,0,0,1,0,0,0,0,0,0,0,0,0,0,0,1,0,0,0,0,0,1,0,0,1,0,0,0,0,-0.00935522,-0.00968591,-0.00917640,-0.0055149,-0.00583272,sell
2010-07-15,1,0,1,0,0,0,1,0,0,0,0,0,0,0,0,0,0,0,1,0,0,0,0,0,1,0,0,1,0,0,0,0,-0.00935522,-0.00968591,-0.00917640,-0.0055149,-0.00583272,sell
2010-07-16,0,0,0,0,0,1,1,0,0,0,0,0,1,0,0,0,0,0,1,0,0,0,0,0,0,0,0,0,0,0,0,0,-0.00707032,-0.00963113,-0.00900910,-0.0049765,-0.00900254,sell
2010-07-17,0,1,0,0,0,2,0,0,0,0,0,0,1,0,1,0,0,0,0,0,0,0,0,0,0,0,0,0,0,1,0,0,-0.00563112,-0.00378612,-0.00166101, 0.0002680,-0.00345257,sell
2010-07-18,0,3,1,0,0,2,0,0,1,0,0,1,1,0,1,0,0,0,0,1,0,0,0,0,0,0,0,0,0,1,0,0, 0.00463383, 0.00233119, 0.00621833,-0.0010538, 0.00302145,buy
2010-07-19,0,3,1,0,0,2,0,0,1,0,0,1,1,0,1,0,0,0,0,1,0,0,0,0,0,0,0,0,0,1,0,0, 0.00463383, 0.00233119, 0.00621833,-0.0010538, 0.00302145,buy
2010-07-20,0,2,1,0,1,1,1,0,1,0,0,1,0,0,0,0,1,0,0,1,0,1,0,0,0,0,0,0,0,1,0,0, 0.00041795,-0.00163337, 0.00353781, 0.0021033, 0.00516682,buy
2010-07-21,1,2,1,0,1,1,1,0,1,0,0,1,0,0,0,0,1,0,0,1,0,1,1,0,0,0,0,0,0,1,0,0,-0.00162963,-0.00050861, 0.00213104, 0.0003780, 0.00574047,buy
2010-07-22,1,0,1,0,1,1,1,0,0,0,0,0,0,0,0,0,1,0,0,1,0,1,1,0,0,0,0,0,0,1,0,0,-0.00469151,-0.00770615,-0.00806559,-0.0003070, 0.00177314,sell
2010-07-23,1,0,0,0,2,1,1,0,0,1,0,0,0,0,0,0,1,0,0,0,0,1,1,0,0,0,0,0,0,1,0,0,-0.00694978,-0.00304032,-0.00490200, 0.0022544,-0.00222421,sell
2010-07-24,2,0,1,0,2,1,1,0,0,1,0,0,0,0,0,0,1,1,0,0,1,1,1,0,0,0,0,0,0,1,0,0,-0.00605460,-0.00315314,-0.00565078,-0.0042959,-0.00417957,sell
2010-07-25,2,0,1,1,1,1,1,0,0,1,1,0,0,0,0,0,0,1,0,0,1,1,1,0,0,0,0,0,0,1,0,0,-0.00428752, 0.00584056,-0.00118392,-0.0034011,-0.00425276,sell
2010-07-26,1,0,2,1,2,1,0,0,0,1,1,0,1,0,1,0,0,1,0,0,1,0,0,0,0,0,0,0,0,1,0,0,-0.00415697, 0.00355159, 0.00414919,-0.0051556,-0.00100884,buy
2010-07-27,1,0,2,1,2,1,0,0,0,1,1,0,1,0,1,0,0,1,0,0,1,0,0,0,0,0,0,0,0,1,0,0,-0.00415697, 0.00355159, 0.00414919,-0.0051556,-0.00100884,buy
2010-07-28,2,0,3,0,2,1,0,0,1,1,0,1,1,0,1,0,0,1,0,0,1,0,0,0,0,0,0,0,0,1,0,0,-0.00084996, 0.00414001, 0.00502385,-0.0050624, 0.00262517,buy
2010-07-29,1,0,2,0,1,1,0,0,1,0,0,1,1,0,1,0,0,0,0,0,0,0,0,0,0,0,0,0,0,1,0,0,-0.00263371,-0.00242844,-0.00582450,-0.0056832,-0.00486605,sell
2010-07-30,1,0,1,0,0,1,0,0,1,0,0,1,0,0,0,0,0,0,0,0,0,0,0,0,0,0,0,0,0,1,0,0, 0.00141978,-0.00530741,-0.00292230,-0.0043288,-0.00371970,sell
2010-07-31,1,0,1,0,0,1,0,0,1,0,0,1,0,0,0,0,0,0,0,0,0,0,0,0,0,0,0,0,0,1,0,0, 0.00141978,-0.00530741,-0.00292230,-0.0043288,-0.00371970,sell
2010-08-01,1,0,1,0,0,1,0,0,1,0,0,1,0,0,0,0,0,0,0,0,0,0,0,0,0,0,0,0,0,1,0,0, 0.00141978,-0.00530741,-0.00292230,-0.0043288,-0.00371970,sell
2010-08-02,0,0,0,0,0,2,0,0,0,0,0,0,0,0,0,0,0,0,0,0,0,0,0,1,0,0,0,0,0,1,0,1, 0.00336021, 0.00501128, 0.00553848,-0.0056628, 0.00508931,buy
2010-08-03,0,0,1,0,0,2,0,0,0,0,0,0,0,0,0,0,0,0,0,0,0,0,0,1,0,0,1,0,0,1,0,1, 0.00041130, 0.00520102,-0.00014957,-0.0036333, 0.00707843,buy
2010-08-04,0,0,1,0,0,2,0,0,0,0,0,0,0,0,0,0,0,0,0,0,0,0,0,1,0,0,1,0,0,1,0,1, 0.00041130, 0.00520102,-0.00014957,-0.0036333, 0.00707843,buy
2010-08-05,0,1,1,1,0,2,0,0,0,0,0,0,0,0,0,0,0,0,0,0,0,0,1,1,0,0,1,0,0,1,1,1,-0.00460464,-0.00333380,-0.00229258,-0.0043918, 0.00200047,sell
2010-08-06,0,1,1,1,0,2,0,0,0,0,0,0,0,0,0,0,0,0,0,0,0,0,1,1,0,0,1,0,1,1,1,1,-0.00524045,-0.00490075,-0.00140240,-0.0048611, 0.00138326,sell
2010-08-07,0,1,0,1,0,3,0,0,0,0,0,0,0,0,0,0,0,0,0,0,0,1,1,1,0,0,0,0,1,1,1,1,-0.00269600,-0.00520487, 0.00002357,-0.0039097, 0.00092653,sell
2010-08-08,0,3,0,2,0,3,0,1,0,0,0,0,0,0,0,0,0,1,0,0,1,1,1,1,1,0,0,1,1,1,1,1,-0.00344159,-0.00048339, 0.00224178, 0.0023766, 0.00486581,buy
2010-08-09,0,3,0,2,0,3,0,1,0,0,0,0,0,0,0,0,0,1,0,0,1,1,1,1,1,0,0,1,1,1,1,0,-0.00186223, 0.00098101, 0.00165703, 0.0037854, 0.00403727,buy
2010-08-10,0,2,0,1,0,3,0,1,0,0,0,0,0,0,0,0,0,1,0,0,1,1,0,1,1,0,0,1,1,1,0,0, 0.00058975,-0.00075074,-0.00012151, 0.0036523, 0.00478680,buy
2010-08-11,0,2,0,1,0,2,0,1,0,0,0,0,0,0,0,0,0,1,0,0,1,1,0,0,1,0,0,1,0,1,0,0, 0.00099791, 0.00017330, 0.00115272, 0.0006080, 0.00464094,buy
2010-08-12,0,2,0,0,0,1,0,1,0,0,0,0,0,0,0,0,0,1,0,0,1,0,0,0,0,0,0,1,0,1,0,0, 0.00475703, 0.00445992, 0.00437468, 0.0042235, 0.00031902,buy
2010-08-13,0,0,0,0,0,1,0,0,0,0,0,0,0,0,0,0,0,0,0,0,0,0,0,0,0,0,0,0,0,1,0,0,-0.00998393,-0.00987972,-0.00892159,-0.0096380,-0.00487823,sell
2010-08-14,0,0,0,0,0,1,0,0,0,0,0,0,0,0,0,0,0,0,0,0,0,0,0,0,0,1,0,0,0,1,0,0,-0.00933306,-0.00978254,-0.00926868,-0.0064797,-0.00396653,sell
2010-08-15,0,0,0,0,0,1,0,0,0,0,0,0,0,0,0,0,0,0,0,0,0,0,0,0,0,1,0,0,0,1,0,0,-0.00933306,-0.00978254,-0.00926868,-0.0064797,-0.00396653,sell
2010-08-16,0,0,0,0,0,1,0,0,0,0,0,0,0,0,0,0,0,0,0,0,0,0,0,0,0,1,0,0,0,1,0,0,-0.00933306,-0.00978254,-0.00926868,-0.0064797,-0.00396653,sell
2010-08-17,0,1,0,0,0,2,0,0,0,0,0,0,0,0,0,0,0,0,1,0,0,0,0,0,0,1,1,0,0,1,0,0, 0.00047107,-0.00059905,-0.00014156,-0.0010211, 0.00212254,buy
2010-08-18,0,1,0,1,0,2,0,0,0,0,0,0,0,0,0,0,0,0,1,1,0,0,0,0,0,1,1,0,0,1,0,0,-0.00266903,-0.00567747,-0.00366925,-0.0046139, 0.00225597,sell
2010-08-19,0,1,0,1,0,2,0,0,0,0,0,0,0,0,0,0,0,0,1,1,0,0,0,0,0,1,1,0,0,1,0,0,-0.00266903,-0.00567747,-0.00366925,-0.0046139, 0.00225597,sell
2010-08-20,0,1,1,1,0,2,0,0,0,0,0,0,0,0,0,0,0,0,1,1,0,0,1,0,0,1,1,0,0,1,0,0, 0.00043331,-0.00442282, 0.00005962,-0.0046139, 0.00212671,sell
2010-08-21,0,1,1,1,0,2,0,0,0,0,0,0,0,0,0,0,0,0,1,1,0,0,1,0,0,1,1,0,0,1,0,0, 0.00043331,-0.00442282, 0.00005962,-0.0046139, 0.00212671,sell
2010-08-22,0,0,1,1,0,2,0,0,0,0,0,0,0,0,0,0,0,0,1,1,0,0,1,0,0,1,0,0,0,1,0,0,-0.00015556,-0.00752357,-0.00175830,-0.0079892,-0.00065442,sell
2010-08-23,0,0,2,0,0,2,0,0,0,0,0,0,0,0,0,0,0,1,1,0,0,0,1,0,0,1,0,0,0,1,0,0,-0.00549844,-0.00641976,-0.00199105,-0.0006121,-0.00557773,sell
2010-08-24,1,0,2,0,3,2,0,0,0,1,0,0,0,0,0,1,0,1,1,0,1,1,1,0,0,1,0,0,0,1,0,0,-0.00023759, 0.00044250,-0.00833769,-0.0084333, 0.00302244,buy
2010-08-25,1,0,1,0,3,2,0,0,0,1,0,0,0,0,0,1,0,1,1,0,1,1,0,0,0,1,0,0,0,1,0,0,-0.00009656,-0.00069787,-0.00567658,-0.0065795, 0.00019392,sell
2010-08-26,1,0,1,0,3,2,0,0,0,1,0,0,0,0,0,1,0,1,1,0,1,1,0,0,0,1,0,0,0,1,0,0,-0.00009656,-0.00069787,-0.00567658,-0.0065795, 0.00019392,sell
2010-08-27,1,0,0,0,2,2,0,0,0,1,0,0,0,0,0,0,0,0,1,0,1,1,0,0,0,1,0,0,0,1,0,0, 0.00336848, 0.00203089,-0.00100949,-0.0003798, 0.00096569,buy
2010-08-28,1,0,0,0,2,2,0,0,0,1,0,0,0,0,0,0,0,0,1,0,1,1,0,0,0,0,0,0,0,1,0,0, 0.00246542, 0.00229974, 0.00187991, 0.0010317, 0.00120923,buy
2010-08-29,0,0,0,0,1,2,0,0,0,0,0,0,0,0,0,0,0,0,1,0,0,1,0,0,0,0,0,0,0,1,0,0,-0.00214336,-0.00360142,-0.00265296,-0.0022325,-0.00293985,sell
2010-08-30,0,0,0,0,0,1,0,0,0,0,0,0,0,0,0,0,0,0,0,0,0,0,0,0,0,0,0,0,0,1,0,0,-0.00998393,-0.00987972,-0.00892159,-0.0096380,-0.00487823,sell
2010-08-31,0,0,0,0,0,1,0,0,0,0,0,0,0,0,0,0,0,0,0,0,0,0,0,0,0,0,0,0,0,1,0,0,-0.00998393,-0.00987972,-0.00892159,-0.0096380,-0.00487823,sell
2010-09-01,0,0,0,0,1,1,0,0,0,0,0,0,0,0,0,0,1,0,0,0,0,0,0,0,0,0,0,0,0,1,0,0, 0.00191281, 0.00698133,-0.00239115, 0.0028899,-0.00707010,buy
2010-09-02,1,0,0,0,2,2,0,0,0,0,0,0,0,1,0,1,1,0,0,0,0,0,0,1,0,0,1,0,0,1,0,0,-0.00124545, 0.00411067, 0.00452928, 0.0061935, 0.00450366,buy
2010-09-03,1,0,0,0,2,2,0,0,0,0,0,0,0,1,0,1,1,0,0,0,0,0,0,1,0,0,1,0,0,1,0,0,-0.00124545, 0.00411067, 0.00452928, 0.0061935, 0.00450366,buy
2010-09-04,1,0,0,0,1,3,0,0,0,1,0,0,0,1,0,1,0,0,0,0,0,0,0,1,0,0,1,0,0,1,0,0,-0.00091361, 0.00198671, 0.00135208, 0.0070430, 0.00111876,buy
2010-09-05,1,0,1,0,1,2,0,0,0,1,0,0,0,0,0,0,0,0,0,0,0,0,0,1,0,0,1,0,0,1,1,0,-0.00450025,-0.00384157,-0.00335807,-0.0053002,-0.00452698,sell
2010-09-06,1,0,2,0,1,2,0,0,0,1,0,0,0,0,0,0,0,0,0,0,0,0,0,1,1,0,1,0,0,1,1,0,-0.00521204,-0.00480353,-0.00498693,-0.0054640,-0.00372392,sell
2010-09-07,1,0,2,0,1,2,0,0,0,1,0,0,0,0,0,0,0,0,0,0,0,0,0,1,1,0,1,0,0,1,1,0,-0.00521204,-0.00480353,-0.00498693,-0.0054640,-0.00372392,sell
2010-09-08,0,0,2,0,2,1,0,0,0,0,0,0,1,0,0,0,0,0,0,0,0,0,0,1,1,0,0,0,0,1,1,0,-0.00424026,-0.00342939,-0.00371944,-0.0059830, 0.00376520,sell
2010-09-09,0,0,2,0,2,1,1,0,0,0,0,0,1,0,0,0,0,0,0,0,0,0,0,1,1,0,0,1,0,1,1,0,-0.00249046, 0.00005445,-0.00101185,-0.0037419, 0.00417924,sell
2010-09-10,0,0,2,0,2,1,1,0,0,0,0,0,1,0,0,0,0,0,0,0,0,0,0,1,1,0,0,1,0,1,1,0,-0.00249046, 0.00005445,-0.00101185,-0.0037419, 0.00417924,sell
2010-09-11,0,0,1,0,1,1,1,0,0,0,0,0,1,0,0,0,0,0,0,0,0,0,0,0,1,0,0,1,0,1,0,0,-0.00260929, 0.00589579, 0.00303891, 0.0040420, 0.00620909,buy
2010-09-12,0,0,0,0,1,1,1,0,0,0,0,0,1,0,0,0,0,0,0,0,0,0,0,0,0,0,0,1,0,1,0,0,-0.00714314, 0.00453705, 0.00338358, 0.0035612, 0.00335276,buy
2010-09-13,0,0,0,0,2,1,2,0,0,0,0,0,1,0,0,1,0,0,0,0,0,0,0,0,0,0,0,1,1,1,0,0,-0.00838809,-0.00724317,-0.00705829,-0.0049021,-0.00302558,sell
2010-09-14,0,0,0,0,2,0,2,0,0,0,0,0,1,0,0,1,0,0,0,0,0,0,0,0,0,0,0,1,1,0,0,0,-0.00812847,-0.00842754,-0.00817344,-0.0072562,-0.00413668,sell
2010-09-15,0,0,0,0,2,0,2,0,0,0,0,0,1,0,0,1,0,0,0,0,0,0,0,0,0,0,0,1,1,0,0,0,-0.00812847,-0.00842754,-0.00817344,-0.0072562,-0.00413668,sell
2010-09-16,0,0,0,0,2,0,1,0,0,0,0,0,1,0,0,1,0,0,0,0,0,0,0,0,0,0,0,0,1,0,0,0,-0.00647875,-0.00722733,-0.00785150,-0.0055118,-0.00458075,sell
2010-09-17,0,0,1,0,2,0,1,0,0,0,0,0,1,0,0,1,0,0,0,1,0,0,0,0,0,0,0,0,1,0,0,0,-0.00451262,-0.00270333,-0.00525827,-0.0046338,-0.00421107,sell
2010-09-18,0,0,1,0,2,0,1,0,0,0,0,0,1,0,0,1,0,0,0,1,0,0,0,0,0,0,0,0,1,0,0,0,-0.00451262,-0.00270333,-0.00525827,-0.0046338,-0.00421107,sell
2010-09-19,0,0,1,2,2,0,1,0,0,0,0,0,1,0,0,1,0,1,0,1,0,0,1,0,0,0,0,0,1,0,0,0,-0.00504399,-0.00403352,-0.00489249,-0.0040117,-0.00358143,sell
2010-09-20,0,0,1,2,1,0,1,0,0,0,0,0,0,0,0,1,0,1,0,1,0,0,1,0,0,0,0,0,1,0,0,0,-0.00422182,-0.00422196,-0.00340550,-0.0033635,-0.00300719,sell
2010-09-21,0,0,1,2,1,0,0,0,0,0,0,0,0,0,0,0,0,1,0,1,0,0,1,0,0,0,0,0,1,0,0,0,-0.00302641,-0.00302641,-0.00394173,-0.0021091,-0.00135737,sell
2010-09-22,0,0,0,2,0,0,0,0,0,0,0,0,0,0,0,0,0,1,0,0,0,0,1,0,0,0,0,0,0,0,0,0,-0.00406418,-0.00406418,-0.00396606,-0.0014664, 0.00262396,sell
2010-09-23,0,0,0,2,0,0,0,1,0,0,0,0,0,0,0,0,0,1,0,0,1,0,1,0,0,0,0,0,0,0,0,0,-0.00568277,-0.00442249,-0.00336901,-0.0059912, 0.00214719,sell
2010-09-24,0,0,0,0,0,0,0,1,0,0,0,0,0,0,0,0,0,0,0,0,1,0,0,0,0,0,0,0,0,0,0,0, 0.00880034, 0.00367815, 0.00975851, 0.0092616, 0.00575839,buy
2010-09-25,0,0,0,0,0,0,0,1,0,0,0,0,0,0,0,0,0,0,0,0,1,0,0,0,0,0,0,0,0,0,0,0, 0.00880034, 0.00367815, 0.00975851, 0.0092616, 0.00575839,buy
2010-09-26,0,1,0,0,0,0,0,1,0,0,0,0,0,0,0,0,0,0,0,0,1,0,0,0,1,0,0,0,0,0,0,0, 0.00476055, 0.00160583, 0.00415884, 0.0043359, 0.00592172,buy
2010-09-27,0,1,0,0,0,0,0,1,0,0,0,0,0,0,0,0,0,0,0,0,1,0,0,0,1,0,0,0,0,0,0,0, 0.00476055, 0.00160583, 0.00415884, 0.0043359, 0.00592172,buy
2010-09-28,0,2,0,0,0,0,0,1,0,0,0,0,0,0,0,0,0,0,0,0,1,1,0,0,1,0,0,0,0,0,1,0,-0.00231594,-0.00387628,-0.00119510, 0.0026047,-0.00175598,sell
2010-09-29,0,2,0,0,0,1,0,0,0,1,0,0,0,0,0,0,0,0,0,0,0,1,0,0,1,1,0,0,0,0,1,0,-0.00589664,-0.00513583,-0.00621350,-0.0044050,-0.00686719,sell
2010-09-30,0,2,1,1,1,2,0,0,1,1,1,0,0,0,0,1,1,0,0,0,0,1,0,0,1,1,0,0,0,0,1,0,-0.00083812,-0.00021986,-0.00428291,-0.0000434,-0.00334826,sell
2010-10-01,0,2,1,2,1,2,0,0,1,1,1,0,0,0,1,1,1,0,0,0,0,1,0,0,1,1,0,0,0,0,1,0, 0.00089820,-0.00139894,-0.00133767, 0.0047392,-0.00248871,sell
2010-10-02,0,3,1,2,1,2,0,0,1,1,1,0,0,0,1,1,1,0,0,1,0,1,0,0,1,1,0,0,0,0,1,0, 0.00050838,-0.00172191,-0.00122668, 0.0039473,-0.00305092,sell
2010-10-03,0,3,0,2,1,2,0,0,1,1,0,0,0,0,1,1,1,0,0,1,0,1,0,0,1,1,0,0,0,0,1,0, 0.00004568,-0.00026607,-0.00178377, 0.0029012,-0.00296607,sell
2010-10-04,0,3,0,0,2,0,0,1,0,0,0,1,0,0,0,0,0,0,1,1,0,0,0,0,1,1,0,0,0,1,1,0,-0.00710015,-0.00649001,-0.00729082,-0.0017056,-0.00770508,sell
2010-10-05,0,3,0,0,2,0,0,1,0,0,0,1,0,0,0,0,0,0,1,1,0,0,0,0,1,1,0,0,0,1,1,0,-0.00710015,-0.00649001,-0.00729082,-0.0017056,-0.00770508,sell
2010-10-06,0,3,0,0,2,0,0,1,0,0,0,1,0,0,0,0,0,0,1,1,0,0,0,0,1,1,0,0,0,1,1,0,-0.00710015,-0.00649001,-0.00729082,-0.0017056,-0.00770508,sell
2010-10-07,0,2,0,0,2,0,0,0,0,0,0,0,1,0,0,0,0,0,1,0,0,0,0,0,1,1,0,0,0,1,1,0,-0.00615904,-0.00084626,-0.00436989,-0.0050180,-0.00076290,sell
2010-10-08,0,3,0,0,2,0,0,0,0,0,1,0,1,0,0,0,0,0,1,0,0,0,0,0,1,0,0,0,0,1,1,0,-0.00631212,-0.00250062,-0.00354533,-0.0017388,-0.00157660,sell
2010-10-09,0,2,0,0,2,0,0,0,0,0,1,0,1,0,0,1,0,0,1,0,0,0,0,0,0,0,0,0,0,0,1,0,-0.00577572,-0.00266191,-0.00738731,-0.0023620,-0.00273838,sell
2010-10-10,0,2,0,0,2,0,0,0,0,0,1,0,0,0,0,1,0,0,1,0,0,0,0,0,0,0,0,0,0,0,1,0,-0.00555601,-0.00013513,-0.00381573,-0.0006681, 0.00014573,sell
2010-10-11,0,2,0,0,2,0,0,0,0,0,1,0,0,0,0,1,0,0,1,0,0,0,0,0,0,0,0,0,0,0,1,0,-0.00555601,-0.00013513,-0.00381573,-0.0006681, 0.00014573,sell
2010-10-12,0,1,0,0,2,0,0,0,0,0,0,0,0,0,0,1,0,0,1,0,0,0,0,0,0,0,0,0,0,0,1,0,-0.00724122,-0.00299949,-0.00197496,-0.0030383,-0.00311001,sell
2010-10-13,0,1,0,0,2,0,0,0,0,1,0,0,0,0,0,0,0,0,1,0,0,0,0,0,0,0,0,0,0,0,1,0,-0.00626748,-0.00128907,-0.00091072,-0.0037888,-0.00111755,sell
2010-10-14,0,2,0,0,2,0,0,0,0,1,0,0,0,1,0,0,0,0,1,0,0,0,0,0,1,0,0,0,0,0,1,0,-0.00830620,-0.00123316,-0.00283347,-0.0035958,-0.00702475,sell
2010-10-15,0,2,0,0,2,0,0,0,0,1,0,0,0,1,0,0,0,0,1,0,0,0,0,0,1,0,0,0,0,0,1,0,-0.00830620,-0.00123316,-0.00283347,-0.0035958,-0.00702475,sell
2010-10-16,0,2,2,0,2,0,0,0,1,1,0,0,0,1,0,0,0,1,1,0,0,0,0,0,1,0,0,0,0,0,1,0,-0.00633223,-0.00151612,-0.00341257,-0.0035678,-0.00611847,sell
2010-10-17,2,2,2,0,3,0,0,0,1,1,1,0,0,1,0,0,0,1,1,1,0,0,0,0,1,0,0,0,1,0,1,0,-0.00538391,-0.00074823, 0.00032053,-0.0028560,-0.00489688,sell
2010-10-18,2,2,3,0,2,0,0,0,1,0,1,0,0,1,1,0,0,1,1,1,0,0,0,0,1,0,0,0,1,0,1,0,-0.00067020,-0.00410359,-0.00144873,-0.0034792,-0.00251976,sell
2010-10-19,2,2,4,0,1,0,0,0,1,0,1,0,0,1,1,0,0,1,0,1,0,0,1,0,1,0,0,0,1,0,1,0,-0.00282058,-0.00381918, 0.00049652,-0.0043910,-0.00140208,sell
2010-10-20,1,1,3,0,1,0,0,0,0,0,0,0,0,0,1,0,0,1,0,1,0,0,1,0,1,0,0,0,1,0,0,0, 0.00435312, 0.00149977,-0.00678151, 0.0049416, 0.00226293,buy
2010-10-21,1,1,1,0,1,0,1,0,0,0,0,1,0,0,0,0,0,0,0,1,0,0,1,0,1,0,0,0,1,0,0,0, 0.00184551, 0.00137958,-0.00527094, 0.0007652,-0.00448869,sell
2010-10-22,0,1,1,0,1,0,1,0,0,0,0,1,0,0,0,0,0,0,0,0,0,0,1,0,1,0,0,0,1,0,0,1, 0.00490305,-0.00337016,-0.00366780,-0.0010779,-0.00032783,sell
2010-10-23,0,1,0,0,1,0,1,0,0,0,0,1,0,0,0,0,0,0,0,0,0,0,0,0,1,0,0,0,1,0,0,1,-0.00143427,-0.00599108,-0.00380427,-0.0080321, 0.00042781,sell
2010-10-24,0,1,0,0,0,0,2,0,0,0,0,1,0,0,0,1,0,0,0,0,1,0,0,0,1,0,0,0,0,0,0,1,-0.00851111,-0.01113770,-0.00281374,-0.0026060,-0.00100084,sell
2010-10-25,0,2,0,0,0,0,1,0,1,0,0,0,0,0,0,1,1,0,0,0,1,0,0,0,1,0,0,0,0,0,0,1,-0.00769359,-0.00630990,-0.00854980,-0.0063619,-0.00463895,sell
2010-10-26,0,1,0,0,1,0,1,0,1,0,0,0,1,0,0,1,1,0,0,0,1,0,0,0,0,0,0,0,0,0,0,0,-0.00081228, 0.00341872,-0.00769315, 0.0000174,-0.00445439,sell
2010-10-27,0,2,0,0,1,0,1,0,1,0,0,0,1,0,1,0,1,0,0,0,1,0,0,0,0,0,0,0,0,1,0,0,-0.00079811, 0.00267795,-0.00555590,-0.0031017,-0.00499675,sell
2010-10-28,0,1,0,0,1,0,1,0,0,0,0,0,1,0,1,0,1,0,0,0,1,0,0,0,0,0,0,0,0,1,0,0,-0.00376667,-0.00103986,-0.00570910,-0.0014513,-0.00488827,sell
2010-10-29,0,1,0,0,1,0,1,0,0,0,0,0,1,0,1,0,0,0,0,0,0,0,0,0,0,0,0,1,0,1,0,0,-0.00465740, 0.00021722,-0.00266762,-0.0016872,-0.00487500,sell
2010-10-30,0,1,0,0,0,0,1,0,0,0,0,0,0,0,0,0,0,1,0,0,0,0,0,0,0,0,0,1,0,1,0,0, 0.00495951, 0.00688907, 0.00744970, 0.0055242, 0.00298627,buy
2010-10-31,0,1,0,0,1,1,1,0,0,0,0,1,0,0,0,0,0,1,0,0,0,0,0,0,0,1,0,1,0,0,0,0, 0.00230138, 0.00308717, 0.00250073, 0.0030062,-0.00405504,buy
2010-11-01,0,1,0,0,1,1,1,0,0,0,0,1,0,0,0,0,0,1,0,0,0,0,0,0,0,1,0,1,0,0,0,0, 0.00230138, 0.00308717, 0.00250073, 0.0030062,-0.00405504,buy
2010-11-02,0,2,0,0,2,1,1,0,0,0,0,1,0,0,0,0,0,1,0,0,0,1,1,0,0,1,0,1,0,0,0,0, 0.00623288, 0.00420149, 0.00628035, 0.0060528,-0.00918542,buy
2010-11-03,1,2,0,0,2,0,1,0,1,0,0,0,0,0,0,0,0,1,0,0,0,1,1,0,0,1,0,1,0,0,0,0, 0.00226793, 0.00608365, 0.00428922, 0.0042579,-0.00213522,buy
2010-11-04,1,1,0,0,1,0,1,0,1,0,0,0,0,0,0,0,0,0,0,0,0,1,1,0,0,0,0,1,0,0,0,0,-0.00174732, 0.00488656,-0.00224681, 0.0012909, 0.00054933,sell
2010-11-05,2,1,0,0,1,1,1,1,1,0,1,0,1,0,1,0,0,0,0,0,0,1,1,1,0,0,0,1,0,0,0,0, 0.00622753, 0.00329752, 0.00679011, 0.0034962, 0.00557195,buy
2010-11-06,2,1,0,0,1,1,0,1,1,0,1,0,1,0,1,0,0,0,0,0,0,1,1,1,0,0,0,0,0,0,0,0, 0.00644979, 0.00184443, 0.00620572, 0.0052610, 0.00450235,buy
2010-11-07,1,0,0,0,1,1,0,1,0,0,1,0,1,0,1,1,0,0,0,0,0,0,0,1,0,0,0,0,0,0,0,0, 0.00337587,-0.00541281, 0.00116405,-0.0062414,-0.00189857,sell
2010-11-08,1,0,0,0,1,1,0,0,0,0,0,0,1,0,1,1,0,0,0,0,0,0,0,1,0,0,0,0,0,0,0,0, 0.00211149,-0.00374539,-0.00071396,-0.0069088,-0.00161618,sell
2010-11-09,0,0,0,0,1,1,0,0,0,0,0,0,0,0,0,1,0,0,0,0,1,0,0,1,0,0,0,0,0,0,0,0, 0.00959866, 0.00137066,-0.00586144, 0.0047526, 0.00649439,buy
2010-11-10,0,0,0,0,1,1,0,0,0,0,0,1,0,0,0,0,0,0,0,0,1,0,0,1,0,0,0,0,0,0,0,0, 0.00593017,-0.00347955,-0.00659618, 0.0067606, 0.00674232,buy
2010-11-11,0,0,1,0,1,1,0,0,0,0,0,1,0,0,0,0,0,0,0,0,1,0,0,1,0,0,0,0,0,0,1,0, 0.00586913,-0.00230072,-0.00327259, 0.0036759, 0.00313928,buy
2010-11-12,0,0,1,0,1,1,0,0,0,0,0,1,0,0,0,0,0,0,0,0,1,0,0,1,0,0,0,0,0,0,1,0, 0.00586913,-0.00230072,-0.00327259, 0.0036759, 0.00313928,buy
2010-11-13,0,0,1,0,0,2,0,0,0,0,0,0,0,0,0,0,0,0,0,0,1,0,0,1,0,1,0,0,0,0,1,0,-0.00218886,-0.00432309,-0.00451375, 0.0030840, 0.00010307,sell
2010-11-14,1,0,1,0,0,1,0,0,0,0,0,0,0,0,0,0,0,1,0,0,0,0,0,1,0,1,0,0,0,0,1,0, 0.00357494, 0.00455698, 0.00668190, 0.0017901, 0.00601942,buy
2010-11-15,2,0,1,0,0,1,0,0,0,0,0,0,0,0,0,0,0,1,0,0,0,0,0,0,0,1,1,0,0,0,1,0, 0.00144567, 0.00325821, 0.00559873, 0.0016250, 0.00495280,buy
2010-11-16,2,0,1,0,0,2,1,1,0,0,0,0,1,0,0,1,0,1,0,1,0,0,0,0,0,1,1,0,0,0,1,0,-0.00167060,-0.00133383, 0.00648460, 0.0009755,-0.00128111,sell
2010-11-17,3,0,1,0,0,2,1,1,0,1,0,0,1,0,0,1,0,1,0,1,0,0,1,0,0,1,1,0,0,0,1,0,-0.00336711,-0.00252860, 0.00008798,-0.0060146,-0.00320122,sell
2010-11-18,2,0,1,0,1,2,1,1,0,1,0,0,1,0,0,1,0,0,0,1,0,1,1,0,0,0,1,0,0,1,1,0, 0.00030740,-0.00050986, 0.00008350,-0.0054334,-0.00092402,sell
2010-11-19,2,0,1,0,1,2,1,1,0,1,0,0,1,0,0,1,0,0,0,1,0,1,1,0,0,0,1,0,0,1,1,0, 0.00030740,-0.00050986, 0.00008350,-0.0054334,-0.00092402,sell
2010-11-20,2,0,1,0,1,1,0,1,0,1,0,0,0,0,0,0,0,0,0,1,0,1,1,0,0,0,1,0,0,1,1,0, 0.00282930, 0.00499540, 0.00048553,-0.0027530, 0.00306079,buy
2010-11-21,2,0,1,0,1,1,0,0,0,1,0,0,0,0,0,0,0,0,0,0,0,1,1,0,0,0,1,0,0,1,1,0,-0.00151323,-0.00102570,-0.00269087,-0.0047606,-0.00057652,sell
2010-11-22,1,0,1,0,1,1,0,0,0,1,0,0,0,0,0,0,0,0,0,0,0,1,0,0,0,0,1,0,0,1,1,0,-0.00046992,-0.00174526,-0.00382005,-0.0060246,-0.00351697,sell
2010-11-23,0,0,1,0,0,1,0,0,0,1,0,0,0,0,0,0,0,0,0,0,0,1,0,0,0,0,0,0,0,0,1,0,-0.00800172,-0.00570318,-0.00861529,-0.0065381,-0.00648870,sell
2010-11-24,0,0,1,0,1,0,0,1,1,1,0,0,0,0,0,0,0,0,0,0,1,0,0,0,0,0,0,0,0,0,1,0,-0.00486709,-0.00560095,-0.00077748,-0.0046594,-0.00333417,sell
2010-11-25,0,0,1,0,1,0,1,1,1,0,1,0,0,0,0,0,0,0,0,0,1,0,0,0,0,0,0,0,0,0,1,0, 0.00201417, 0.00093746, 0.00404985, 0.0067606, 0.00110064,buy
2010-11-26,0,0,1,0,2,0,1,2,1,0,1,0,0,0,1,0,1,0,0,0,1,0,0,0,0,0,0,0,0,0,1,0, 0.00572275, 0.00201000, 0.00484724, 0.0044001, 0.00487747,buy
2010-11-27,0,0,0,0,2,0,1,2,1,0,1,0,0,0,1,0,1,0,0,0,1,0,0,0,0,0,0,0,0,0,0,0, 0.00594817, 0.00743275, 0.00504223, 0.0044775, 0.00310848,buy
2010-11-28,0,0,0,0,3,0,2,1,0,0,1,0,0,0,1,1,1,0,0,0,1,0,0,0,0,0,0,0,0,0,0,1, 0.00017890, 0.00249188,-0.00073872,-0.0014627,-0.00324493,sell
2010-11-29,0,0,0,0,2,0,2,1,0,0,1,0,0,0,1,1,1,0,0,0,0,0,0,0,0,0,0,0,0,0,0,1,-0.00228596, 0.00380461,-0.00024149,-0.0011080,-0.00352188,sell
2010-11-30,0,0,0,0,2,0,1,0,0,0,0,0,0,0,0,1,1,0,0,0,0,0,0,0,0,0,0,0,0,0,0,1,-0.00005008, 0.00077264,-0.00240901, 0.0011474,-0.00471318,sell
2010-12-01,0,0,0,0,2,0,1,0,0,0,0,0,0,0,0,1,1,0,0,0,0,0,0,0,0,0,0,0,0,0,0,1,-0.00005008, 0.00077264,-0.00240901, 0.0011474,-0.00471318,sell
2010-12-02,0,0,0,0,2,0,1,0,0,0,0,0,0,0,0,1,1,0,0,0,0,0,0,0,0,0,0,0,0,0,0,1,-0.00005008, 0.00077264,-0.00240901, 0.0011474,-0.00471318,sell
2010-12-03,0,0,0,0,1,0,1,0,0,0,0,1,0,0,0,1,0,0,0,0,0,0,0,0,0,0,0,0,0,0,0,1,-0.00758413,-0.00364245,-0.00168543,-0.0054295,-0.00242864,sell
2010-12-04,0,0,0,0,1,0,1,0,0,0,0,1,0,0,0,1,0,0,0,0,0,0,0,0,0,0,0,0,0,0,0,1,-0.00758413,-0.00364245,-0.00168543,-0.0054295,-0.00242864,sell
2010-12-05,0,0,0,0,1,0,3,0,0,0,0,1,0,0,0,1,0,0,0,0,0,1,0,0,0,0,0,1,0,0,0,1, 0.00382314, 0.00328644, 0.00010090,-0.0016697, 0.00510506,buy
2010-12-06,0,0,0,0,1,0,3,0,0,0,0,1,0,0,0,1,0,0,0,0,0,1,0,0,0,0,0,1,0,0,0,1, 0.00382314, 0.00328644, 0.00010090,-0.0016697, 0.00510506,buy
2010-12-07,0,0,0,0,1,0,3,0,0,0,0,1,0,0,0,1,0,0,0,0,0,1,0,0,0,0,0,1,0,0,0,1, 0.00382314, 0.00328644, 0.00010090,-0.0016697, 0.00510506,buy
2010-12-08,0,0,0,0,1,0,3,0,0,0,0,1,0,0,0,1,0,0,0,0,0,1,0,0,0,0,0,1,0,0,0,1, 0.00382314, 0.00328644, 0.00010090,-0.0016697, 0.00510506,buy
2010-12-09,0,0,0,0,1,0,3,0,0,0,0,1,0,0,0,1,0,0,0,0,0,1,0,0,0,0,0,1,0,0,0,1, 0.00382314, 0.00328644, 0.00010090,-0.0016697, 0.00510506,buy
2010-12-10,0,0,0,0,2,0,2,0,0,0,0,1,0,0,0,1,1,0,0,0,0,0,0,0,0,0,0,1,0,0,0,1,-0.00508659, 0.00444724, 0.00127823,-0.0027654, 0.00552729,buy
2010-12-11,0,0,0,0,2,1,2,0,0,0,0,1,0,0,0,1,1,0,0,0,0,0,0,0,0,0,0,1,0,1,0,1,-0.00342247, 0.00455830,-0.00041183,-0.0039975, 0.00513270,sell
2010-12-12,0,0,0,0,1,1,1,0,0,1,0,1,0,0,0,1,1,0,0,0,0,0,0,0,0,0,0,0,0,1,0,0,-0.00287061,-0.00493757,-0.00772088,-0.0050335,-0.00728887,sell
2010-12-13,0,1,0,0,1,1,0,0,0,1,0,1,0,0,0,0,1,0,0,0,0,0,0,0,1,0,0,0,0,1,0,0,-0.00416647,-0.00492333,-0.00618797, 0.0001415,-0.00585449,sell
2010-12-14,0,1,0,0,1,1,0,1,0,1,0,1,0,0,0,0,1,1,0,0,0,0,0,0,1,0,0,0,0,1,0,0,-0.00449602,-0.00397827,-0.00503866, 0.0055752,-0.00364687,sell
2010-12-15,0,1,0,0,0,1,0,1,0,1,0,1,0,0,0,0,0,1,0,0,0,0,0,0,1,0,0,0,0,1,0,0,-0.00380361,-0.00138146,-0.00252396, 0.0055016,-0.00364425,sell
2010-12-16,0,2,0,0,0,1,1,2,0,0,0,1,0,0,0,0,0,1,0,1,0,0,1,0,1,0,0,0,0,1,1,0,-0.00516114,-0.00399996,-0.00206701,-0.0050314,-0.00531244,sell
2010-12-17,0,2,0,0,0,1,1,2,0,0,0,0,0,0,0,0,0,1,0,1,0,0,1,0,1,0,0,0,0,1,1,0,-0.00179882, 0.00028325,-0.00101801,-0.0001836,-0.00250728,sell
2010-12-18,0,2,0,0,0,1,1,2,0,0,0,0,0,0,0,0,0,1,0,1,0,0,1,0,1,0,0,0,0,1,1,0,-0.00179882, 0.00028325,-0.00101801,-0.0001836,-0.00250728,sell
2010-12-19,0,2,0,0,0,2,2,3,0,0,1,0,0,1,1,1,0,1,0,1,0,0,1,0,1,0,0,0,0,1,1,0, 0.00016407,-0.00498563,-0.00374054,-0.0045500,-0.00228469,sell
2010-12-20,0,1,0,0,0,2,2,3,1,0,1,0,0,1,1,1,0,0,0,1,0,0,1,0,0,0,0,0,0,1,1,0,-0.00337760,-0.00472756,-0.00377626,-0.0049544,-0.00405216,sell
2010-12-21,0,1,0,0,1,2,1,2,1,0,1,0,0,0,1,1,0,0,0,0,0,0,0,0,0,0,0,0,1,1,1,0,-0.00431012,-0.00196626,-0.00569467,-0.0056468,-0.00585827,sell
2010-12-22,0,0,0,0,1,1,1,2,1,0,1,0,0,0,1,0,0,0,0,0,0,0,0,0,0,0,0,0,1,1,0,0,-0.00301017,-0.00278306,-0.00536415,-0.0057875,-0.00394514,sell
2010-12-23,0,0,0,0,1,1,0,1,1,0,0,0,0,0,0,0,0,0,0,0,0,0,0,0,0,0,0,0,1,1,0,0,-0.00329372,-0.00094993,-0.00549481,-0.0042698,-0.00555606,sell
2010-12-24,0,0,0,0,1,1,0,0,0,0,0,0,0,0,0,0,0,0,0,0,0,0,0,0,0,0,0,0,1,1,0,0, 0.00179184, 0.00302256, 0.00330022, 0.0034125, 0.00313473,buy
2010-12-25,0,0,0,0,1,1,0,0,0,0,0,0,0,0,0,0,0,0,0,0,1,0,0,0,0,0,0,0,1,1,0,0, 0.00147110,-0.00301055, 0.00087979, 0.0017675,-0.00193115,buy
2010-12-26,0,0,0,0,2,2,0,0,0,0,0,0,0,0,0,1,0,0,0,0,1,0,0,0,0,0,0,1,1,1,0,0,-0.00635971,-0.00480280,-0.00730354,-0.0074848,-0.00510648,sell
2010-12-27,0,0,0,0,1,2,0,0,0,0,0,0,0,0,0,1,0,0,0,0,1,0,0,0,0,0,0,1,0,1,0,0,-0.00587363,-0.00504636,-0.00857426,-0.0065038,-0.00484757,sell
2010-12-28,0,0,0,0,1,2,0,0,0,0,0,0,0,0,0,1,0,0,0,0,1,0,0,0,0,0,0,1,0,1,0,0,-0.00587363,-0.00504636,-0.00857426,-0.0065038,-0.00484757,sell
2010-12-29,0,0,0,0,1,2,0,0,0,0,0,0,0,0,0,1,0,0,0,0,1,0,0,0,0,0,0,1,0,1,0,0,-0.00587363,-0.00504636,-0.00857426,-0.0065038,-0.00484757,sell
2010-12-30,0,0,0,0,0,2,0,0,0,0,0,0,0,0,0,0,0,0,0,0,0,0,0,0,0,0,0,1,0,1,0,0,-0.00865910,-0.00170358,-0.00445219,-0.0018353, 0.00235597,sell
2010-12-31,0,0,0,0,1,2,0,0,0,1,0,0,0,0,0,0,0,0,0,1,0,0,0,0,0,0,0,0,0,1,0,0,-0.00083966, 0.00454358,-0.00076321, 0.0008938,-0.00310844,sell
2011-01-01,0,0,0,0,1,2,0,0,0,1,0,0,0,0,0,0,0,0,0,1,0,0,0,0,0,0,0,0,0,1,0,0,-0.00083966, 0.00454358,-0.00076321, 0.0008938,-0.00310844,sell
2011-01-02,2,0,0,0,1,2,0,1,0,1,0,0,0,0,0,0,0,0,0,1,0,0,0,0,1,0,1,0,0,1,1,0, 0.00627533, 0.00678606, 0.00332131, 0.0011860, 0.00617465,buy
2011-01-03,2,0,0,0,1,2,0,1,0,1,0,0,0,0,0,0,0,0,0,1,0,0,0,0,1,0,1,0,0,1,1,0, 0.00627533, 0.00678606, 0.00332131, 0.0011860, 0.00617465,buy
2011-01-04,2,0,0,0,1,2,0,1,0,1,0,0,0,0,0,0,0,0,0,1,0,0,0,0,1,0,1,0,0,1,1,0, 0.00627533, 0.00678606, 0.00332131, 0.0011860, 0.00617465,buy
2011-01-05,2,0,0,0,1,1,0,2,0,1,0,0,0,0,0,0,0,0,0,0,0,1,0,0,1,0,1,0,0,1,1,0, 0.00849469, 0.00750825,-0.00010998,-0.0012849, 0.00704366,buy
2011-01-06,2,0,0,0,1,1,0,2,0,1,0,0,0,0,0,0,0,0,0,0,0,1,0,0,1,0,1,0,0,1,1,0, 0.00849469, 0.00750825,-0.00010998,-0.0012849, 0.00704366,buy
2011-01-07,0,0,0,0,2,2,0,1,0,1,0,0,0,0,0,0,0,0,0,0,0,1,0,1,0,0,0,0,1,1,0,0,-0.00424455, 0.00041059,-0.00050416,-0.0052956, 0.00128972,sell
2011-01-08,0,0,0,0,2,2,1,1,0,1,1,0,0,0,0,0,0,0,0,0,0,1,0,1,0,0,0,0,1,1,0,0, 0.00063868, 0.00614618, 0.00256981,-0.0005476, 0.00264819,buy
2011-01-09,0,0,0,0,2,2,1,3,1,1,1,0,0,0,1,0,0,0,0,0,0,1,0,1,0,0,0,0,1,1,0,0,-0.00238192, 0.00418441, 0.00110144,-0.0021214,-0.00333860,sell
2011-01-10,0,0,0,0,2,2,1,2,1,1,1,0,0,0,1,0,0,0,0,0,0,0,0,1,0,0,0,0,1,1,0,0, 0.00039804, 0.00388379, 0.00083255,-0.0025843,-0.00243123,buy
2011-01-11,0,0,0,0,3,2,1,2,1,1,1,0,0,0,1,0,0,0,0,0,0,0,0,1,0,0,0,1,1,1,0,0, 0.00082939, 0.00285534, 0.00478835, 0.0006761,-0.00337474,buy
2011-01-12,0,0,0,0,3,1,1,2,1,1,1,0,0,0,1,0,0,0,0,0,0,0,0,1,0,0,0,1,0,1,0,0, 0.00080090,-0.00092297, 0.00373206,-0.0013806,-0.00457326,sell
2011-01-13,0,0,0,0,3,1,0,1,1,1,0,0,0,0,0,0,0,0,0,0,0,0,0,1,0,0,0,1,0,1,0,0,-0.00386251,-0.00423866,-0.00252894,-0.0033660,-0.00634836,sell
2011-01-14,0,0,0,0,2,1,0,0,0,0,0,0,0,0,0,0,0,0,0,0,0,0,0,1,0,0,0,1,0,1,0,0, 0.00372812,-0.00206760,-0.00128781, 0.0029639,-0.00114574,sell
2011-01-15,0,0,0,0,3,1,1,0,0,0,0,0,0,0,0,0,0,0,0,1,0,0,1,1,0,0,0,1,0,1,0,0,-0.00049374,-0.00362114,-0.00272463,-0.0024799,-0.00306736,sell
2011-01-16,0,0,0,0,1,1,1,0,0,0,0,1,0,0,0,0,0,0,0,1,0,0,1,0,0,0,0,0,0,1,0,0,-0.00115761,-0.00602490,-0.00335421,-0.0060763,-0.00593711,sell
2011-01-17,0,0,0,0,1,1,2,0,0,0,0,1,0,0,0,0,0,1,0,1,0,0,1,0,0,0,0,0,0,1,0,0,-0.00444237,-0.00358616,-0.00185874,-0.0064329,-0.00584965,sell
2011-01-18,0,0,0,0,1,1,2,0,0,0,0,1,0,0,0,0,0,1,0,1,0,0,1,0,0,0,0,0,0,1,0,0,-0.00444237,-0.00358616,-0.00185874,-0.0064329,-0.00584965,sell
2011-01-19,0,0,0,0,1,1,2,0,0,0,0,1,0,0,0,0,0,1,0,1,0,0,1,0,0,0,0,0,0,1,0,0,-0.00444237,-0.00358616,-0.00185874,-0.0064329,-0.00584965,sell
2011-01-20,0,0,0,0,0,1,1,0,0,0,0,0,0,0,0,0,0,1,0,0,0,0,0,0,0,0,0,0,0,1,0,0,-0.00734017, 0.00028106, 0.00010856,-0.0080149,-0.00629082,sell
2011-01-21,0,0,0,0,0,2,1,0,0,0,1,0,0,0,0,0,0,1,0,0,0,0,0,0,0,0,0,0,0,1,0,0,-0.00353388, 0.00025080, 0.00038031, 0.0015928,-0.00438081,sell
2011-01-22,0,0,0,0,0,2,2,0,0,0,1,0,0,0,0,0,0,1,0,0,0,0,0,0,0,0,0,0,1,1,0,0,-0.00182084, 0.00006865, 0.00002604, 0.0039289,-0.00366799,sell
2011-01-23,0,0,0,0,0,2,1,0,0,0,1,0,0,0,0,0,0,0,0,0,0,0,0,0,0,0,0,0,1,1,0,0,-0.00375144,-0.00261560,-0.00033266,-0.0001426,-0.00053689,sell
2011-01-24,0,0,0,0,1,2,1,0,0,0,1,0,0,0,0,0,0,0,0,0,1,0,0,0,0,0,0,0,1,1,0,0,-0.00093209,-0.00455091,-0.00475272,-0.0003691,-0.00123224,sell
2011-01-25,0,0,0,0,1,1,1,1,0,0,0,0,1,0,0,0,0,0,0,0,1,0,0,0,0,0,0,0,1,1,0,0, 0.00395726, 0.00062904, 0.00061550, 0.0030862, 0.00683541,buy
2011-01-26,0,0,0,0,1,1,0,1,0,0,0,0,1,0,0,0,0,0,1,0,1,0,0,0,0,0,0,0,0,1,0,0,-0.00012460,-0.00094840,-0.00156263, 0.0049029,-0.00345276,sell
2011-01-27,0,0,0,0,1,1,0,1,0,0,0,0,1,0,0,0,0,0,1,0,1,0,0,0,0,0,0,0,0,1,0,0,-0.00012460,-0.00094840,-0.00156263, 0.0049029,-0.00345276,sell
2011-01-28,0,0,0,0,2,1,0,0,0,0,0,0,0,0,0,1,0,0,1,0,1,0,0,0,0,0,0,0,0,1,0,0,-0.00508247,-0.00565448,-0.00613877,-0.0024597,-0.00707900,sell
2011-01-29,0,0,0,0,1,2,0,0,0,0,0,0,0,0,0,1,0,0,1,0,0,0,0,0,0,1,0,0,0,1,0,0,-0.00223120,-0.00441789,-0.00399591,-0.0042144,-0.00551387,sell
2011-01-30,0,0,0,0,1,2,0,0,0,0,0,0,0,0,0,1,0,0,1,0,0,0,0,0,0,1,0,0,0,1,0,0,-0.00223120,-0.00441789,-0.00399591,-0.0042144,-0.00551387,sell
2011-01-31,0,0,0,0,1,3,1,1,0,0,0,0,0,0,0,1,0,0,1,0,0,0,1,0,0,1,1,0,0,1,1,0,-0.00155817, 0.00122035,-0.00019836,-0.0030665,-0.00141604,sell
2011-02-01,0,0,0,0,2,3,2,1,0,0,1,0,0,0,1,1,0,0,1,0,0,0,1,0,0,1,1,0,0,1,1,0,-0.00275500,-0.00236535,-0.00621258,-0.0063352,-0.00636898,sell
2011-02-02,0,0,0,0,2,3,2,1,0,0,1,0,0,0,1,1,0,0,1,0,0,0,1,0,0,1,1,0,0,1,1,0,-0.00275500,-0.00236535,-0.00621258,-0.0063352,-0.00636898,sell
2011-02-03,0,0,0,0,2,3,2,1,0,0,1,0,0,0,1,1,0,0,1,0,0,0,1,0,0,1,1,0,0,1,1,0,-0.00275500,-0.00236535,-0.00621258,-0.0063352,-0.00636898,sell
2011-02-04,1,0,0,0,2,4,3,2,1,0,0,0,0,0,1,1,1,1,1,0,0,1,1,0,1,1,1,0,0,1,1,0, 0.00335546, 0.00227900,-0.00245672,-0.0016685,-0.00161474,sell
2011-02-05,1,0,0,0,2,3,1,1,1,0,0,0,0,0,0,1,1,1,1,0,0,1,0,0,1,1,0,0,0,1,0,0, 0.00241137, 0.00262824, 0.00232275, 0.0012068, 0.00234226,buy
2011-02-06,1,0,0,0,3,4,1,1,1,0,0,1,0,0,0,1,1,1,1,0,0,1,0,1,1,1,0,0,0,1,0,1, 0.00016196,-0.00005411, 0.00548215,-0.0004033, 0.00043160,buy
2011-02-07,1,0,0,0,3,4,1,1,1,0,0,1,0,0,0,1,1,1,1,0,0,1,0,1,1,1,0,0,0,1,0,1, 0.00016196,-0.00005411, 0.00548215,-0.0004033, 0.00043160,buy
2011-02-08,1,0,0,0,2,5,0,1,0,0,0,1,0,0,0,0,1,1,1,0,1,1,0,1,1,1,0,1,0,1,0,1,-0.00083894, 0.00000397, 0.00757580, 0.0069894, 0.00539406,buy
2011-02-09,0,0,0,0,1,5,0,0,0,0,0,1,0,0,0,0,0,1,1,0,1,0,0,1,0,1,0,1,0,1,0,1, 0.00143910,-0.00292838, 0.00417305, 0.0066279, 0.00464258,buy
2011-02-10,0,0,0,0,0,4,0,0,0,0,0,0,0,0,0,0,0,0,1,0,1,0,0,1,0,1,0,1,0,1,0,1, 0.00497060, 0.00377531, 0.00704502, 0.0075403, 0.00757640,buy
2011-02-11,0,0,0,0,0,4,0,0,0,0,0,0,0,0,1,0,0,0,1,0,1,0,0,1,0,0,0,1,0,1,0,1, 0.00414609, 0.00300909, 0.00542319, 0.0050648, 0.00658099,buy
2011-02-12,0,0,0,0,0,4,0,0,0,0,0,0,0,0,1,0,0,0,1,0,1,0,0,1,0,0,0,0,0,1,0,1, 0.00535514, 0.00508552, 0.00594399, 0.0060526, 0.00843468,buy
2011-02-13,1,0,0,0,0,3,0,0,0,0,0,0,1,0,1,0,0,0,1,0,0,0,0,1,0,0,0,0,0,1,0,0, 0.00163200,-0.00009749, 0.00154722, 0.0008758, 0.00247749,buy
2011-02-14,1,0,0,0,0,4,0,0,1,0,0,0,1,0,0,0,0,0,0,0,0,0,0,1,0,0,1,0,0,1,0,0, 0.00233045, 0.00048396, 0.00519182, 0.0051394, 0.00131244,buy
2011-02-15,1,0,0,0,1,3,0,0,1,0,0,0,1,0,0,0,0,0,0,1,0,0,1,0,0,0,1,0,0,1,0,0, 0.00134311, 0.00019206, 0.00159004, 0.0031271, 0.00215923,buy
2011-02-16,0,0,0,0,1,4,0,0,1,0,0,1,0,0,0,0,0,0,0,1,0,0,1,0,0,0,1,0,0,1,0,0, 0.00407017, 0.00458546, 0.00106285,-0.0015744, 0.00328155,buy
2011-02-17,0,0,0,0,1,5,0,1,1,0,0,1,0,0,0,0,1,0,0,1,0,0,1,0,0,0,1,0,1,1,0,0, 0.00515819, 0.00496505,-0.00085251,-0.0006102, 0.00072418,buy
2011-02-18,0,1,0,0,1,3,0,1,0,1,0,1,0,0,0,0,1,0,0,1,0,1,1,0,0,0,0,0,1,1,0,0,-0.00215960,-0.00275894,-0.00659599,-0.0046045,-0.00464110,sell
2011-02-19,0,1,0,0,1,2,0,1,0,1,1,0,0,0,0,0,1,0,0,1,0,1,1,0,0,0,0,0,1,1,0,0, 0.00277132, 0.00043389,-0.00257296,-0.0019937,-0.00241834,sell
2011-02-20,0,1,0,0,1,1,0,1,0,1,1,0,0,0,1,0,1,0,0,0,0,1,0,0,0,0,0,0,1,0,0,0, 0.00608797, 0.00268751, 0.00182657,-0.0041738, 0.00126131,buy
2011-02-21,0,2,0,0,1,1,0,0,0,1,1,0,1,0,1,0,1,0,0,0,0,1,0,0,0,0,0,0,0,0,0,0, 0.00365623, 0.00246386, 0.00311285, 0.0010236, 0.00311285,buy
2011-02-22,0,2,0,0,1,0,0,0,0,1,1,0,1,1,1,0,0,0,0,0,0,1,0,0,0,0,0,0,0,0,0,0, 0.00320183, 0.00153062, 0.00367374, 0.0007787, 0.00321572,buy
2011-02-23,0,1,0,0,1,0,0,0,0,0,0,0,1,1,0,0,0,1,0,0,0,0,0,0,0,0,0,0,0,0,0,0,-0.00004543, 0.00021596, 0.00352266, 0.0032562,-0.00054112,buy
2011-02-24,0,0,0,0,2,0,2,0,1,0,0,1,0,1,0,0,0,1,0,0,1,0,0,0,0,0,0,0,0,0,0,0,-0.00077043,-0.00571131,-0.00312033,-0.0035664,-0.00080712,sell
2011-02-25,0,0,0,0,2,0,2,0,1,0,0,1,0,1,0,0,0,1,0,0,1,0,0,0,0,0,0,0,0,0,0,0,-0.00077043,-0.00571131,-0.00312033,-0.0035664,-0.00080712,sell
2011-02-26,0,0,0,0,2,1,2,0,1,0,0,1,0,1,0,1,0,1,0,0,1,0,0,0,0,0,0,0,0,0,0,0,-0.00018571,-0.00516291,-0.00369140,-0.0029057,-0.00036789,sell
2011-02-27,0,0,0,0,2,1,2,0,0,0,0,0,0,1,0,1,0,1,0,0,1,0,0,0,0,0,1,0,0,0,1,0,-0.00062383,-0.00107886,-0.00016673, 0.0004332, 0.00124345,buy
2011-02-28,0,0,0,0,2,1,2,0,0,0,0,0,0,0,0,1,0,1,0,0,1,0,0,0,0,0,1,0,0,0,1,0,-0.00335727,-0.00072130,-0.00101959, 0.0005738, 0.00002321,sell
2011-03-01,0,0,1,0,1,1,2,0,0,0,0,0,1,0,0,1,1,0,0,0,0,0,0,0,0,0,1,0,0,0,1,0, 0.00468623, 0.00344276, 0.00529224, 0.0028009,-0.00188188,buy
2011-03-02,0,0,1,0,1,1,2,0,0,0,0,0,1,0,0,1,1,0,0,0,0,0,0,0,0,0,1,0,0,0,1,0, 0.00468623, 0.00344276, 0.00529224, 0.0028009,-0.00188188,buy
2011-03-03,0,0,1,0,0,1,2,0,0,0,0,0,1,0,0,1,1,0,0,0,0,0,0,0,0,0,0,0,0,0,1,0, 0.00465799, 0.00408541, 0.00327208, 0.0000018,-0.00022532,buy
2011-03-04,0,0,0,0,0,1,0,0,0,0,0,0,0,0,0,1,0,0,0,0,0,0,0,0,0,0,0,0,0,0,0,0, 0.00428040, 0.00595978, 0.00344803, 0.0009183, 0.00470337,buy
2011-03-05,0,0,1,0,0,0,0,0,0,0,0,0,0,0,0,0,0,0,0,0,0,1,0,0,0,0,0,0,0,0,0,0,-0.00383559, 0.00134833,-0.00623736, 0.0001774,-0.00241670,sell
2011-03-06,0,0,1,0,1,0,0,0,0,0,0,0,0,0,0,0,0,0,0,0,0,1,0,0,0,0,0,1,0,0,0,0,-0.00286588,-0.00115517,-0.00330624,-0.0009122, 0.00012383,sell
2011-03-07,0,0,1,0,1,0,1,0,0,0,0,0,0,0,0,0,0,0,0,0,0,1,0,1,0,0,0,1,0,0,0,0,-0.00553887,-0.00409418,-0.00357381,-0.0046810,-0.00101684,sell
2011-03-08,0,0,1,0,2,0,2,0,0,0,1,0,0,0,1,0,0,0,0,0,0,1,0,1,1,0,0,1,0,0,0,0, 0.00194753, 0.00225257,-0.00238838, 0.0006608, 0.00076530,buy
2011-03-09,0,0,0,0,2,0,2,0,0,0,1,0,0,0,1,0,0,0,0,0,0,0,0,1,1,0,0,1,0,0,0,0, 0.00442732, 0.00064225, 0.00009295, 0.0008228, 0.00019214,buy
2011-03-10,0,0,0,0,1,0,2,0,0,0,1,0,0,0,1,0,0,0,0,0,0,0,0,1,1,0,0,0,0,0,0,0, 0.00741567, 0.00134110, 0.00244636, 0.0019504,-0.00057807,buy
2011-03-11,0,0,0,0,1,0,2,0,0,0,0,0,0,0,0,0,0,0,0,0,0,0,0,1,1,1,0,0,0,0,0,0,-0.00259671, 0.00037475, 0.00033405,-0.0073550,-0.00878281,sell
2011-03-12,0,0,0,0,1,0,2,1,0,0,0,1,0,0,0,0,0,0,0,0,0,0,0,1,1,1,0,0,0,0,0,0,-0.00288558,-0.00254990,-0.00381393,-0.0099307,-0.00974069,sell
2011-03-13,1,0,0,0,1,1,1,1,0,0,0,1,0,0,0,0,0,0,0,0,0,0,0,1,0,1,0,0,1,0,1,0, 0.00000139,-0.00067654, 0.00183040, 0.0000063, 0.00044837,buy
2011-03-14,1,0,0,0,1,1,1,1,1,0,0,1,0,0,0,0,0,0,0,0,0,0,0,1,0,1,0,0,1,0,1,0, 0.00083182,-0.00155240,-0.00041399, 0.0009025,-0.00168609,sell
2011-03-15,1,0,0,0,1,1,0,0,1,0,0,0,0,0,0,0,0,0,0,0,0,0,0,0,0,1,0,0,1,0,1,0,-0.00287368,-0.00693731,-0.00758333,-0.0027105,-0.00615857,sell
2011-03-16,1,0,0,0,1,2,0,0,1,0,1,0,0,0,0,0,0,0,0,0,0,0,0,0,0,1,0,0,1,0,1,0,-0.00194382,-0.00541074,-0.00629557,-0.0017338,-0.00586722,sell
2011-03-17,0,0,0,1,1,1,0,0,1,0,1,0,1,0,0,0,0,0,0,0,0,0,0,0,0,1,0,0,0,0,0,0,-0.00864532,-0.00485782,-0.00070394,-0.0073940,-0.00222959,sell
2011-03-18,0,0,0,1,2,1,0,0,0,0,1,0,1,0,0,0,0,0,0,1,0,0,0,0,0,1,0,0,0,0,0,0,-0.00382338, 0.00053525, 0.00025136,-0.0030824,-0.00070057,sell
2011-03-19,0,0,0,1,2,2,0,0,0,0,1,0,1,0,0,0,0,0,0,1,0,0,1,0,0,1,0,1,0,0,0,0,-0.00273987,-0.00028729,-0.00075715,-0.0020227, 0.00101820,sell
2011-03-20,0,0,0,0,2,1,0,0,0,0,0,0,0,0,0,0,0,0,0,1,0,0,1,0,0,1,0,1,0,0,0,0,-0.00432728,-0.00575761, 0.00200782,-0.0050645, 0.00072388,sell
2011-03-21,0,0,0,0,3,1,0,0,0,1,0,0,0,0,0,0,0,0,0,1,0,0,1,0,0,0,0,1,0,0,0,1,-0.00271851, 0.00042314,-0.00054872, 0.0015819,-0.00027167,sell
2011-03-22,0,0,0,0,3,1,0,0,0,1,0,0,0,0,0,0,0,0,0,1,0,0,1,0,0,0,0,1,0,0,0,1,-0.00271851, 0.00042314,-0.00054872, 0.0015819,-0.00027167,sell
2011-03-23,0,0,0,0,2,0,0,0,0,1,0,0,0,0,0,0,0,0,0,0,0,0,1,0,0,0,0,0,0,0,0,1,-0.00238548, 0.00003992,-0.00148655,-0.0001979,-0.00000957,sell
2011-03-24,0,0,0,0,2,1,0,0,0,1,0,0,0,0,0,0,0,0,0,0,0,0,0,0,1,0,0,0,0,0,0,1,-0.00260375,-0.00087217,-0.00339553,-0.0023151, 0.00028872,sell
2011-03-25,0,1,0,0,2,1,0,0,0,1,0,0,0,0,0,0,0,0,0,0,0,0,0,0,1,0,1,0,1,0,0,1, 0.00248600, 0.00180706, 0.00091888,-0.0002744, 0.00169213,buy
2011-03-26,0,1,0,0,3,1,0,1,0,1,0,0,0,0,0,0,0,0,0,0,1,0,0,0,1,0,1,0,1,0,1,1, 0.00302553,-0.00025214, 0.00233965, 0.0023396, 0.00159092,buy
2011-03-27,0,1,0,0,2,1,0,1,0,1,0,0,0,0,0,0,0,0,0,0,1,0,0,0,1,0,1,0,1,0,1,0, 0.00336183, 0.00082794, 0.00389392, 0.0021389, 0.00467450,buy
2011-03-28,0,1,0,0,1,1,0,1,0,0,0,0,0,0,0,0,0,0,0,0,1,0,0,0,1,0,1,0,1,0,1,0,-0.00058150,-0.00354879,-0.00106877,-0.0004250, 0.00309226,sell
2011-03-29,0,0,0,0,1,0,0,1,0,0,0,0,0,0,0,0,0,0,0,0,1,0,0,0,0,0,0,0,0,0,1,0, 0.00183468,-0.00541109, 0.00597657, 0.0046121, 0.00476531,buy
2011-03-30,0,0,0,0,0,0,0,1,0,0,0,0,0,0,0,0,0,0,0,0,1,0,0,0,0,0,0,0,0,0,0,0, 0.00880034, 0.00367815, 0.00975851, 0.0092616, 0.00575839,buy
2011-03-31,0,0,0,0,0,0,1,0,0,0,0,0,0,0,0,0,0,0,0,0,0,0,0,0,0,0,0,1,0,0,0,0,-0.00146172,-0.00075823, 0.00024288, 0.0044872, 0.00768507,buy
2011-04-01,0,0,0,0,0,0,1,0,0,0,0,0,0,0,0,0,0,0,0,0,0,0,0,0,0,0,0,1,0,0,0,0,-0.00146172,-0.00075823, 0.00024288, 0.0044872, 0.00768507,buy
2011-04-02,0,0,0,1,0,1,1,0,0,0,0,0,0,0,0,1,0,0,0,0,0,1,0,0,0,0,0,1,0,0,0,0,-0.00258073,-0.00368236,-0.00294504,-0.0041291, 0.00239170,sell
2011-04-03,0,0,0,1,0,2,1,0,0,0,0,0,0,0,0,1,0,1,0,1,0,1,0,0,0,0,0,1,0,0,0,0,-0.00004197,-0.00164990, 0.00355518,-0.0033232, 0.00213788,buy
2011-04-04,0,0,0,1,0,2,1,0,0,0,0,0,0,0,0,1,0,1,0,1,0,1,0,0,0,0,0,1,0,0,0,0,-0.00004197,-0.00164990, 0.00355518,-0.0033232, 0.00213788,buy
2011-04-05,0,0,0,1,0,1,0,0,0,0,0,0,0,0,0,0,0,1,0,1,0,1,0,0,0,0,0,0,0,0,0,0,-0.00572956, 0.00128510,-0.00000682, 0.0004941, 0.00358778,buy
2011-04-06,0,0,1,0,0,1,0,0,0,0,0,0,0,0,0,0,0,1,0,1,0,0,0,0,0,0,0,0,1,0,0,0,-0.00437895,-0.00229190,-0.00967244,-0.0032741, 0.00072108,sell
2011-04-07,0,0,1,0,0,1,0,0,0,0,0,0,0,0,0,0,0,1,0,1,0,0,0,0,0,0,0,0,1,0,0,0,-0.00437895,-0.00229190,-0.00967244,-0.0032741, 0.00072108,sell
2011-04-08,0,0,1,0,1,0,0,0,0,0,0,0,0,1,0,0,0,1,0,0,0,0,0,0,1,0,0,0,1,0,0,0, 0.00241112, 0.00046663, 0.00365509, 0.0014052, 0.00083314,buy
2011-04-09,0,0,1,0,1,1,0,0,0,0,0,0,0,1,0,0,0,1,0,0,0,0,0,0,1,0,0,0,1,0,0,1, 0.00334457, 0.00165974, 0.00362287, 0.0033121, 0.00295055,buy
2011-04-10,0,0,0,0,2,1,0,0,1,0,0,0,0,1,0,1,0,0,0,0,0,0,0,0,1,0,0,0,0,0,0,1,-0.00468629, 0.00297873,-0.00203344, 0.0001773, 0.00098041,buy
2011-04-11,0,0,0,0,2,1,0,0,1,0,0,0,0,0,0,1,0,0,0,0,0,0,0,0,1,0,0,0,0,0,0,1,-0.00242069,-0.00238383, 0.00002280, 0.0097570, 0.00795778,sell
2011-04-12,0,0,0,0,2,2,0,0,1,0,1,0,0,0,0,1,0,0,0,0,0,0,0,0,1,0,0,0,0,0,0,1,-0.00678723,-0.00191305, 0.00033038,-0.0003102, 0.00075784,sell
2011-04-13,0,0,0,0,0,2,0,0,1,0,1,0,0,0,0,0,0,0,0,0,0,0,0,0,0,0,0,0,0,0,0,1, 0.00019611, 0.00106136, 0.00524349,-0.0056687,-0.00476438,sell
2011-04-14,0,0,0,0,0,2,0,0,1,0,1,0,0,0,0,0,0,0,0,0,0,0,0,0,0,0,0,0,0,0,0,1, 0.00019611, 0.00106136, 0.00524349,-0.0056687,-0.00476438,sell
2011-04-15,0,0,0,0,1,1,0,0,0,0,1,0,0,0,0,0,0,0,0,0,0,0,0,0,0,0,0,0,0,1,0,0,-0.00083213,-0.00300884,-0.00328351,-0.0060786,-0.00662372,sell
2011-04-16,0,0,0,1,1,1,0,0,0,0,1,0,1,0,0,0,0,0,0,0,0,0,0,0,0,0,0,0,0,1,0,0,-0.00860499,-0.00582702,-0.00542102,-0.0050741,-0.00585084,sell
2011-04-17,0,0,0,1,1,1,0,0,0,1,1,0,1,0,0,0,0,0,0,0,0,0,0,0,0,0,0,0,0,1,0,0,-0.00331017,-0.00575391, 0.00240151, 0.0023276,-0.00656881,sell
2011-04-18,0,0,0,1,1,1,1,0,0,1,1,0,1,0,0,0,0,0,0,1,0,0,0,0,0,0,0,0,0,1,0,0,-0.00773259,-0.00595265,-0.00344300, 0.0022136,-0.00633711,sell
2011-04-19,0,0,0,1,2,1,1,0,0,1,1,0,1,0,0,0,0,0,0,1,0,0,0,0,0,0,1,0,0,1,0,0,-0.00287385,-0.00422179, 0.00455700, 0.0045160,-0.00432451,sell
2011-04-20,0,0,0,1,3,0,1,0,0,1,0,0,1,0,0,0,0,0,0,1,0,0,1,0,0,0,1,0,0,1,0,0, 0.00089322,-0.00617983, 0.00098251, 0.0006937,-0.00156310,buy
2011-04-21,0,0,0,1,3,0,1,0,0,1,0,0,1,0,0,0,0,0,0,1,0,0,1,0,0,0,1,0,0,1,1,0,-0.00298066,-0.00551467,-0.00149623,-0.0033670,-0.00500526,sell
2011-04-22,0,0,0,1,3,0,1,0,0,0,0,0,1,0,0,0,0,0,0,1,0,0,1,0,0,0,1,0,0,1,1,0,-0.00463590,-0.00286453, 0.00245526,-0.0009016,-0.00474187,sell
2011-04-23,0,0,0,1,3,0,0,0,0,0,0,0,1,0,0,0,0,0,0,0,0,0,1,0,0,0,1,0,0,1,1,0,-0.00429509,-0.00303266,-0.00036934,-0.0030526,-0.00416339,sell
2011-04-24,0,0,0,1,2,0,0,0,0,0,0,0,1,0,0,0,0,0,0,0,0,0,1,0,0,0,0,0,0,1,1,0,-0.00859613,-0.00240799,-0.00051716,-0.0023512,-0.00421899,sell
2011-04-25,0,0,0,1,1,0,0,1,0,0,0,0,1,0,0,0,0,0,0,0,0,0,0,0,0,0,0,1,0,1,0,0, 0.00135685, 0.00380978, 0.00417252, 0.0063219, 0.00565742,buy
2011-04-26,1,0,0,1,1,0,0,1,0,0,0,0,1,0,0,0,0,0,0,0,1,0,0,0,0,0,0,1,0,1,0,0, 0.00189810, 0.00368386, 0.00248642, 0.0029560, 0.01073139,buy
2011-04-27,1,0,0,1,1,1,1,1,0,0,1,0,1,0,0,0,0,0,0,0,1,0,0,0,0,0,0,1,0,1,0,1,-0.00613028, 0.00613038,-0.00170352,-0.0061047, 0.00303583,sell
2011-04-28,1,0,0,1,1,1,1,2,0,0,1,0,1,0,0,0,0,0,0,0,1,0,0,1,0,0,0,1,0,1,0,1,-0.00407110, 0.00581416,-0.00072114,-0.0023014,-0.00078472,sell
2011-04-29,1,0,0,1,1,1,1,1,0,0,1,0,0,0,0,0,0,0,0,0,1,0,0,1,0,0,0,0,1,1,0,1,-0.00444148, 0.00257463,-0.00136950,-0.0030461,-0.00268719,sell
2011-04-30,1,0,1,1,1,1,1,1,0,0,1,0,0,0,0,0,0,0,0,0,1,1,0,1,0,0,0,0,1,1,0,1,-0.00074727, 0.00210836,-0.00206376, 0.0000148, 0.00076754,buy
2011-05-01,0,0,1,1,1,1,1,1,0,0,1,0,0,0,0,0,0,0,0,0,0,1,0,1,0,0,0,0,1,1,0,1,-0.00064773, 0.00151528,-0.00473524,-0.0007299, 0.00023214,sell
2011-05-02,0,0,1,1,1,2,0,1,0,0,1,0,0,0,0,0,0,0,0,0,0,1,0,1,0,0,1,0,1,1,0,0, 0.00147147, 0.00386534, 0.00152758,-0.0000810, 0.00719980,buy
2011-05-03,0,0,1,0,0,2,0,1,0,0,1,0,0,0,0,1,0,0,0,0,0,1,0,1,0,0,1,0,0,0,0,0,-0.00311004,-0.00278100,-0.00002724,-0.0064715, 0.00272939,sell
2011-05-04,0,0,1,0,0,2,0,1,0,0,1,0,0,0,0,1,0,0,0,0,0,1,0,1,0,0,1,0,0,0,0,0,-0.00311004,-0.00278100,-0.00002724,-0.0064715, 0.00272939,sell
2011-05-05,0,0,0,0,0,1,0,0,0,0,0,0,0,0,0,1,0,0,0,0,0,0,0,0,0,0,1,0,0,0,0,0, 0.00380134, 0.00434027,-0.00423961,-0.0045182, 0.00018424,buy
2011-05-06,0,0,0,0,0,1,0,0,0,0,0,0,0,0,0,1,0,0,0,0,0,0,1,0,0,0,0,0,0,0,0,0, 0.00430695, 0.00752300, 0.00293316, 0.0045045,-0.00075337,buy
2011-05-07,0,0,0,0,0,1,0,0,0,0,0,0,0,0,0,1,0,0,0,0,0,0,1,0,0,0,0,0,0,0,0,0, 0.00430695, 0.00752300, 0.00293316, 0.0045045,-0.00075337,buy
2011-05-08,0,0,0,0,0,1,0,0,0,0,0,0,0,0,0,1,0,0,0,0,0,0,1,0,0,0,0,0,0,0,0,0, 0.00430695, 0.00752300, 0.00293316, 0.0045045,-0.00075337,buy
2011-05-09,0,0,0,0,0,1,0,0,1,0,0,0,0,0,0,1,0,0,0,0,0,0,1,0,1,0,0,0,0,0,0,0, 0.00347079, 0.00077976, 0.00368159,-0.0005635, 0.00023741,buy
2011-05-10,0,0,0,0,0,1,0,0,1,0,0,0,0,0,0,1,0,0,0,0,0,0,1,0,1,0,0,0,0,0,0,0, 0.00347079, 0.00077976, 0.00368159,-0.0005635, 0.00023741,buy
2011-05-11,0,1,0,0,0,1,0,0,1,0,0,0,0,0,0,1,0,0,0,0,1,0,1,0,1,0,0,0,0,0,0,0,-0.00329465,-0.00419018,-0.00489462,-0.0048206,-0.00373160,sell
2011-05-12,0,1,0,0,0,0,0,0,1,0,0,0,0,0,0,1,0,0,0,0,1,0,0,0,1,0,0,0,0,0,0,0,-0.00486390,-0.00387426,-0.00548681,-0.0053209,-0.00292286,sell
2011-05-13,0,1,0,0,0,0,0,0,1,0,0,0,0,0,0,1,0,0,0,0,1,0,0,0,1,0,0,0,0,0,0,0,-0.00486390,-0.00387426,-0.00548681,-0.0053209,-0.00292286,sell
2011-05-14,0,1,0,0,1,0,1,0,0,0,0,0,0,0,0,1,0,1,0,0,1,0,0,0,0,0,1,0,0,0,0,0,-0.00090079,-0.00140902,-0.00258242,-0.0009758,-0.00107660,sell
2011-05-15,0,2,0,0,1,0,2,0,0,0,1,0,0,0,0,1,0,1,0,0,1,1,0,0,0,0,1,0,0,0,0,0, 0.00431884, 0.00493066, 0.00455145, 0.0051458, 0.00685241,buy
2011-05-16,0,1,0,0,1,0,2,0,0,0,1,0,0,0,0,1,0,1,0,0,0,1,0,0,0,0,1,0,0,0,0,0, 0.00035657, 0.00273026, 0.00254771, 0.0008196, 0.00542981,buy
2011-05-17,0,1,0,0,3,0,2,0,0,0,1,0,0,0,1,1,0,1,0,0,0,1,0,0,0,0,1,0,0,0,1,0,-0.00258564,-0.00244413, 0.00056431, 0.0041961, 0.00213842,sell
2011-05-18,0,1,0,0,3,0,2,0,0,1,1,0,0,0,1,1,0,1,0,0,0,1,0,0,0,0,1,0,0,0,1,0,-0.00064635,-0.00086380, 0.00108294, 0.0043868,-0.00019431,buy
2011-05-19,1,1,0,0,3,0,0,0,0,1,0,1,0,0,1,1,0,1,0,0,0,1,0,0,0,1,0,0,0,0,1,0, 0.00157116, 0.00029692,-0.00381421, 0.0030988,-0.00127543,buy
2011-05-20,2,0,0,0,2,0,0,1,0,1,0,1,0,0,0,1,0,1,0,1,0,0,0,0,0,1,0,1,0,0,1,0,-0.00159852,-0.00310360,-0.00805258,-0.0006011,-0.00738698,sell
2011-05-21,2,0,0,0,0,0,0,1,0,1,0,1,0,0,0,1,0,0,0,1,0,0,0,0,0,1,0,1,0,0,0,0,-0.00390652,-0.00429179,-0.00703363,-0.0037754,-0.00616292,sell
2011-05-22,2,0,1,0,0,0,0,1,0,1,0,1,1,0,0,1,0,0,0,1,0,0,0,0,0,1,0,1,0,0,0,0,-0.00425798,-0.00308618,-0.00743104,-0.0047122,-0.00694939,sell
2011-05-23,1,0,2,0,0,0,1,1,0,1,0,0,1,0,0,1,0,0,0,1,0,0,1,0,0,1,0,1,1,0,0,0,-0.00497822,-0.00181659,-0.00626191,-0.0056203,-0.00662571,sell
2011-05-24,0,0,2,0,0,0,1,1,0,0,0,0,1,0,0,0,0,0,0,1,0,0,1,0,0,1,0,0,1,0,0,0,-0.00519886,-0.00040997,-0.00096671,-0.0033520,-0.00080017,sell
2011-05-25,0,0,1,0,0,0,1,1,0,0,0,0,0,0,0,0,1,0,0,0,0,0,1,0,0,1,0,0,1,0,0,0,-0.00243950,-0.00224463,-0.00531470,-0.0013527,-0.00444856,sell
2011-05-26,0,0,2,0,0,1,1,1,0,0,0,0,0,0,1,0,1,0,0,0,1,0,1,0,0,1,0,0,1,0,0,0,-0.00395235,-0.00390245,-0.00594219,-0.0016638,-0.00572448,sell
2011-05-27,0,0,1,0,0,1,1,1,0,0,0,0,0,0,1,0,1,0,0,0,1,0,1,0,0,1,0,0,0,0,0,0,-0.00446981,-0.00549112,-0.00718125,-0.0039812,-0.00625471,sell
2011-05-28,0,1,1,0,0,1,0,2,0,0,0,1,0,0,1,0,1,0,0,0,1,0,0,0,0,0,0,0,0,0,0,1,-0.00452989,-0.00102102,-0.00195761,-0.0021509, 0.00053635,sell
2011-05-29,0,1,1,0,0,2,0,1,0,0,0,1,0,0,1,0,0,0,0,0,1,0,0,0,0,0,0,0,0,0,1,1,-0.00130886, 0.00108561, 0.00133198,-0.0022099, 0.00039554,buy
2011-05-30,1,2,1,0,0,1,0,1,0,0,0,1,1,0,0,0,0,0,0,0,1,1,0,0,0,0,0,0,0,0,1,1, 0.00456347, 0.00250214,-0.00491614,-0.0064283, 0.00067938,buy
2011-05-31,1,1,0,0,0,1,0,1,0,0,0,0,1,0,0,0,0,0,0,0,0,1,0,0,0,0,0,0,0,0,1,1, 0.00262782, 0.00509147,-0.00318070,-0.0004999, 0.00478630,buy
2011-06-01,1,2,0,0,1,1,0,1,1,0,0,0,1,0,0,0,0,0,0,0,0,1,0,0,0,0,0,1,0,0,1,1, 0.00488359, 0.00818065,-0.00377228, 0.0055848, 0.00826893,buy
2011-06-02,1,1,0,0,1,1,0,1,1,0,1,0,0,0,0,0,0,0,0,0,0,1,0,0,0,0,0,1,0,0,1,0, 0.00165751, 0.00687161,-0.00010932, 0.0052683, 0.00455437,buy
2011-06-03,1,1,0,0,1,1,1,1,1,0,1,0,0,0,1,0,0,1,0,0,0,1,0,0,0,0,0,1,0,0,0,0, 0.00432909, 0.00336627, 0.00321608,-0.0014167,-0.00111067,buy
2011-06-04,0,2,0,0,0,1,1,1,0,0,1,0,0,0,1,0,0,1,0,0,0,0,0,0,0,0,0,1,1,0,0,0, 0.00512982, 0.00374455, 0.00370113, 0.0012234, 0.00415161,buy
2011-06-05,0,1,1,0,0,1,1,0,0,0,0,1,0,0,1,0,0,1,0,0,0,0,0,0,0,0,0,0,1,0,0,0, 0.00472392, 0.00352212, 0.00027503, 0.0002683, 0.00475177,buy
2011-06-06,1,1,1,0,0,1,0,0,0,0,0,1,1,0,0,0,0,1,0,0,0,0,0,0,0,0,0,0,1,0,0,0,-0.00219460,-0.00085169,-0.00050042,-0.0022945,-0.00274506,sell
2011-06-07,1,1,1,0,0,1,0,0,0,0,0,1,1,0,0,0,0,1,0,0,0,0,0,0,0,0,0,0,1,0,0,0,-0.00219460,-0.00085169,-0.00050042,-0.0022945,-0.00274506,sell
2011-06-08,2,0,0,0,1,1,0,1,0,0,0,0,1,0,0,0,0,1,0,0,0,0,0,1,1,0,1,0,0,0,0,0,-0.00320067,-0.00542645,-0.00267347,-0.0012460,-0.00262118,sell
2011-06-09,1,0,0,0,1,2,0,1,1,0,0,0,0,0,0,0,0,1,0,0,0,0,0,1,1,0,1,0,0,0,0,0,-0.00123329,-0.00525373,-0.00071424,-0.0005922,-0.00058284,sell
2011-06-10,1,0,0,0,1,1,0,1,1,0,0,0,0,0,0,0,0,0,0,0,0,0,0,1,1,0,1,0,0,0,0,0, 0.00007508,-0.00485965,-0.00198965,-0.0019396,-0.00246609,sell
2011-06-11,2,0,0,0,1,1,1,1,1,0,0,0,0,1,0,0,1,0,0,0,0,0,0,1,1,0,1,0,0,0,1,0, 0.00149989, 0.00303688, 0.00229449, 0.0038141, 0.00260498,buy
2011-06-12,2,0,0,0,1,0,1,0,0,0,0,0,0,1,0,0,1,0,0,0,0,0,0,1,1,0,0,0,0,0,1,0,-0.00089836,-0.00005759,-0.00110200, 0.0035203,-0.00054007,sell
2011-06-13,0,0,1,0,1,0,1,0,0,1,0,0,0,1,0,0,0,0,0,0,0,0,0,0,0,0,0,1,0,0,1,0, 0.00129109, 0.00480502, 0.00344485, 0.0051360, 0.00559189,buy
2011-06-14,0,0,1,0,1,0,1,0,0,1,0,0,0,1,0,0,0,0,0,0,0,0,0,0,0,0,0,1,0,0,1,0, 0.00129109, 0.00480502, 0.00344485, 0.0051360, 0.00559189,buy
2011-06-15,0,0,1,0,2,0,0,0,0,1,0,0,0,0,0,0,0,0,1,0,0,0,0,0,0,0,0,1,0,0,0,0,-0.00975212,-0.00471025,-0.00594573,-0.0032100,-0.00035161,sell
2011-06-16,2,0,1,0,2,0,0,0,0,1,1,0,0,0,0,0,0,0,1,0,0,0,0,0,0,0,0,1,1,0,0,0,-0.00574542,-0.00453941,-0.00623432,-0.0031938,-0.00215499,sell
2011-06-17,2,0,0,0,1,0,1,1,1,0,1,0,0,0,1,0,0,0,1,0,0,0,0,0,0,0,0,0,1,0,0,0, 0.00175175,-0.00111454, 0.00331089, 0.0003564,-0.00250066,buy
2011-06-18,2,1,0,1,1,0,1,1,1,0,1,1,0,0,1,0,1,0,1,0,0,0,0,0,0,0,0,0,1,0,0,0,-0.00474481,-0.00362064,-0.00224327,-0.0016172,-0.00618285,sell
2011-06-19,1,1,0,1,1,0,1,1,1,0,0,1,0,0,1,0,1,0,1,0,0,0,0,0,0,0,0,0,1,0,0,0, 0.00024875,-0.00072463,-0.00160800,-0.0000311,-0.00372238,sell
2011-06-20,1,0,0,1,1,0,0,1,0,0,0,1,1,0,0,0,0,0,1,1,0,0,0,0,0,0,0,0,0,0,0,0, 0.00128233, 0.00161479,-0.00029139,-0.0021764,-0.00359822,sell
2011-06-21,1,0,0,0,1,0,0,1,0,0,0,0,1,0,0,0,0,0,1,1,0,0,0,0,0,0,0,0,0,0,0,0,-0.00179630,-0.00140046,-0.00262915,-0.0016581,-0.00348272,sell
2011-06-22,1,0,0,0,1,0,0,1,0,0,0,0,1,0,0,0,0,0,1,1,0,0,0,0,0,0,0,0,0,0,0,0,-0.00179630,-0.00140046,-0.00262915,-0.0016581,-0.00348272,sell
2011-06-23,1,1,0,0,1,1,1,0,0,0,1,0,0,0,0,0,0,1,1,1,0,0,0,0,1,0,0,0,0,0,0,0, 0.00144539, 0.00000202,-0.00028872,-0.0005673, 0.00213468,buy
2011-06-24,2,2,0,0,2,2,1,1,0,1,1,0,0,0,0,1,0,1,1,1,0,0,1,1,1,0,0,0,0,0,0,1, 0.00029821,-0.00213868,-0.00018698, 0.0026918,-0.00225993,sell
2011-06-25,1,2,1,0,2,2,1,1,0,1,1,0,0,0,0,1,1,1,1,0,0,0,1,1,1,0,0,0,0,0,0,1, 0.00037032,-0.00059726, 0.00094601, 0.0036444,-0.00013910,buy
2011-06-26,1,1,1,1,2,2,1,1,0,1,0,0,0,0,0,1,1,1,1,0,1,0,1,1,1,0,0,0,0,0,0,1,-0.00228811,-0.00188959, 0.00209960, 0.0030052,-0.00214684,sell
2011-06-27,1,1,1,1,2,2,1,1,0,1,0,0,0,0,0,1,1,1,1,0,1,0,1,1,1,0,0,0,0,0,0,1,-0.00228811,-0.00188959, 0.00209960, 0.0030052,-0.00214684,sell
2011-06-28,0,1,0,1,2,0,1,1,0,0,0,0,0,0,0,1,0,1,1,0,1,0,1,1,0,0,0,0,0,0,0,0, 0.00675936,-0.00364000, 0.00582211, 0.0033268,-0.00018683,buy
2011-06-29,0,0,0,1,2,0,0,0,0,0,0,0,0,0,0,1,0,0,1,0,1,0,0,0,0,0,0,0,0,0,0,0, 0.00262275,-0.00283874,-0.00354527,-0.0041454,-0.00534921,sell
2011-06-30,0,0,0,1,2,0,0,1,0,0,0,0,0,0,0,1,0,0,1,0,1,1,0,0,0,0,0,0,0,0,0,0, 0.00415883,-0.00028710,-0.00043284,-0.0022296,-0.00266904,sell
2011-07-01,0,0,1,0,2,0,0,1,0,0,1,0,0,0,0,1,0,0,1,0,0,1,0,0,0,0,0,0,0,0,0,0, 0.00408063, 0.00459720, 0.00425244, 0.0020268, 0.00295541,buy
2011-07-02,0,0,1,0,0,0,0,1,0,0,1,0,0,0,0,0,0,0,0,0,0,1,0,0,0,0,0,0,0,0,0,0,-0.00502392, 0.00048256,-0.00397099,-0.0072064,-0.00327815,sell
2011-07-03,2,0,1,0,0,0,0,1,0,0,1,0,0,0,1,0,0,0,0,0,0,1,0,0,0,0,1,0,0,0,0,0,-0.00295435,-0.00226005,-0.00549551,-0.0029431,-0.00561916,sell
2011-07-04,2,0,1,0,0,0,0,2,1,0,0,1,0,0,1,0,0,0,0,0,0,1,0,0,0,0,1,0,0,0,0,0,-0.00232441, 0.00008472,-0.00340006,-0.0036987, 0.00032075,sell
2011-07-05,2,1,1,0,0,0,0,2,1,0,0,1,0,0,1,0,0,0,0,0,0,1,0,0,0,0,1,0,0,0,0,1, 0.00119036, 0.00238919,-0.00301468,-0.0019970, 0.00080546,buy
2011-07-06,2,2,1,0,0,0,0,2,1,0,0,1,0,0,1,0,0,0,0,1,0,0,0,0,0,0,1,0,0,0,1,1,-0.00143106,-0.00005538,-0.00450704,-0.0029276,-0.00140393,sell
2011-07-07,0,2,1,1,0,0,2,2,1,0,0,1,1,0,0,0,0,0,0,1,0,0,0,0,1,0,0,1,0,0,1,1,-0.00539161,-0.00160208,-0.00050400,-0.0016107,-0.00279883,sell
2011-07-08,0,2,0,1,0,0,2,1,0,0,0,0,1,0,0,0,0,0,0,1,0,0,0,0,1,0,0,1,0,0,1,1,-0.00638708,-0.00333584, 0.00263281,-0.0046856, 0.00192166,sell
2011-07-09,0,1,1,1,0,0,3,1,0,1,0,0,1,0,0,0,0,0,0,1,0,0,0,1,1,0,0,1,0,0,1,0,-0.00318208,-0.00603444, 0.00051646,-0.0020455,-0.00052224,sell
2011-07-10,0,1,1,1,0,0,3,0,0,1,0,0,1,0,0,0,0,0,0,1,0,0,0,1,1,0,0,1,0,0,0,0,-0.00732026,-0.00678447,-0.00336057,-0.0085534,-0.00194589,sell
2011-07-11,0,0,1,0,0,0,2,1,0,1,0,0,0,0,0,0,0,0,0,0,0,0,0,1,1,0,0,0,1,0,0,0,-0.00325265,-0.00495157,-0.00751358,-0.0083665,-0.00738069,sell
2011-07-12,0,0,1,1,0,0,1,1,0,1,0,0,0,0,0,0,1,0,0,0,0,0,0,1,0,0,0,0,1,0,0,0, 0.00341170,-0.00898266,-0.00786714,-0.0073652,-0.00089561,sell
2011-07-13,0,0,0,1,0,0,1,1,0,1,0,0,0,0,0,0,1,0,0,0,0,0,0,0,0,0,0,0,1,0,0,0, 0.00669915,-0.00622693,-0.00525716,-0.0047915, 0.00169408,sell
2011-07-14,0,1,0,1,0,0,1,1,0,1,0,0,0,0,1,0,1,0,0,0,0,0,0,0,0,0,0,0,1,0,0,0, 0.00865543,-0.00699367,-0.00496375,-0.0049552, 0.00589375,sell
2011-07-15,0,3,0,1,0,0,1,1,0,1,0,1,0,0,1,0,1,0,0,0,0,0,0,0,0,0,1,0,1,0,0,0, 0.00883185,-0.00326627,-0.00208228,-0.0016903, 0.00131395,sell
2011-07-16,0,3,1,0,0,0,0,0,0,0,0,1,0,0,1,0,0,0,0,0,0,0,0,0,0,0,1,0,0,0,0,1, 0.00421648, 0.00451844, 0.00519637, 0.0055332,-0.00173002,buy
2011-07-17,0,3,1,0,1,0,0,0,0,0,0,1,0,0,1,0,0,0,0,0,0,0,0,0,0,1,1,0,0,0,0,1, 0.00342101, 0.00122428, 0.00436333, 0.0017079,-0.00227523,buy
2011-07-18,0,2,1,0,1,0,0,0,0,0,0,1,0,0,0,0,0,0,0,0,0,0,0,0,0,1,1,0,0,0,0,1, 0.00648493, 0.00501427, 0.00656229, 0.0033757, 0.00192513,buy
2011-07-19,0,0,1,0,1,0,0,0,0,0,0,0,0,0,0,0,0,0,0,0,0,0,0,0,0,1,0,0,0,0,0,1,-0.00290353, 0.00178368,-0.00318376,-0.0002940, 0.00041203,sell
2011-07-20,0,0,0,0,1,1,0,0,0,0,0,0,1,0,0,0,0,0,0,0,0,0,0,0,0,1,0,0,0,0,0,0,-0.00528837,-0.00546604,-0.00397518, 0.0012218,-0.00512934,sell
2011-07-21,0,0,1,0,1,1,0,0,0,0,0,0,1,0,0,0,0,0,0,1,0,0,0,0,0,1,0,0,0,0,0,0,-0.00295760,-0.00404006,-0.00162153, 0.0052239,-0.00355355,sell
2011-07-22,0,0,1,0,1,1,0,0,0,0,0,0,1,0,0,0,0,0,0,1,0,0,0,0,0,1,0,0,0,0,0,0,-0.00295760,-0.00404006,-0.00162153, 0.0052239,-0.00355355,sell
2011-07-23,0,0,1,0,1,1,0,0,0,0,0,0,1,0,0,0,0,0,0,1,0,0,0,0,0,1,0,0,0,0,0,0,-0.00295760,-0.00404006,-0.00162153, 0.0052239,-0.00355355,sell
2011-07-24,0,0,1,0,1,1,0,0,0,0,0,0,1,0,0,0,0,0,0,1,0,0,0,0,0,1,0,0,0,0,0,0,-0.00295760,-0.00404006,-0.00162153, 0.0052239,-0.00355355,sell
2011-07-25,1,0,1,1,2,1,0,0,0,0,1,0,1,0,0,1,0,0,0,1,0,0,1,0,0,1,0,0,0,0,0,0, 0.00049722, 0.00011883,-0.00328358,-0.0032470,-0.00041484,sell
2011-07-26,1,0,1,1,1,1,0,0,0,0,1,0,1,0,0,1,0,0,0,0,1,0,1,0,0,0,0,0,0,0,0,0,-0.00367919,-0.00560892,-0.00671534,-0.0057309,-0.00528699,sell
2011-07-27,1,0,2,1,1,0,0,0,0,0,1,0,0,0,0,1,0,0,0,0,1,0,1,0,0,0,1,0,0,0,0,0,-0.00155258,-0.00561874,-0.00332834,-0.0045414,-0.00527999,sell
2011-07-28,1,0,2,1,1,0,0,0,0,0,1,0,0,0,0,1,0,0,0,0,1,0,1,0,0,0,1,0,0,0,0,0,-0.00155258,-0.00561874,-0.00332834,-0.0045414,-0.00527999,sell
2011-07-29,1,0,2,1,1,0,0,0,0,0,1,0,0,0,0,1,0,0,0,0,1,0,1,0,0,0,1,0,0,0,0,0,-0.00155258,-0.00561874,-0.00332834,-0.0045414,-0.00527999,sell
2011-07-30,1,0,2,1,1,0,0,1,0,0,1,0,0,0,0,1,0,1,0,0,1,0,0,0,0,0,1,0,0,0,1,0,-0.01061840,-0.00848202,-0.00721500,-0.0007197,-0.00695943,sell
2011-07-31,1,0,1,1,0,0,0,1,0,0,1,0,0,0,0,0,0,1,0,0,0,0,0,0,0,0,0,1,0,0,1,0,-0.00883542,-0.00813388,-0.00995393, 0.0017919, 0.00204200,sell
2011-08-01,1,0,1,1,0,0,0,1,0,0,1,0,0,0,0,0,0,1,0,0,0,0,0,0,0,0,0,1,0,0,1,0,-0.00883542,-0.00813388,-0.00995393, 0.0017919, 0.00204200,sell
2011-08-02,1,0,1,1,0,0,1,1,0,1,1,0,0,0,0,0,0,1,0,0,0,0,0,0,0,0,0,1,0,0,1,0,-0.00648497,-0.00697048,-0.00723541,-0.0011669, 0.00186729,sell
2011-08-03,0,0,1,2,0,0,2,2,0,1,1,0,0,0,0,0,0,1,0,0,0,1,0,1,1,0,0,1,0,0,0,0,-0.00835464,-0.00587966,-0.00978720,-0.0091894,-0.00839842,sell
2011-08-04,0,0,0,2,0,0,2,1,0,1,1,0,0,0,0,0,0,0,0,0,0,1,0,1,1,0,0,0,0,0,0,0,-0.00773968,-0.00224237,-0.00345518,-0.0099583,-0.00777697,sell
2011-08-05,0,0,0,2,0,0,2,1,0,1,1,0,0,0,0,0,0,0,0,0,0,1,0,1,1,0,0,0,0,0,0,0,-0.00773968,-0.00224237,-0.00345518,-0.0099583,-0.00777697,sell
2011-08-06,0,0,0,3,0,0,3,1,0,1,1,0,0,0,0,0,0,0,0,0,0,1,0,1,1,0,0,0,1,0,0,1,-0.00559355, 0.00277566,-0.00476711,-0.0062673,-0.00685406,sell
2011-08-07,0,0,0,3,0,0,3,0,0,1,1,0,0,0,0,0,0,0,0,0,0,1,0,1,0,0,0,0,1,0,0,1,-0.00410860, 0.00255138,-0.00718320,-0.0069415,-0.00648143,sell
2011-08-08,0,0,0,2,0,1,1,0,0,0,1,0,1,0,0,0,0,0,0,0,0,0,0,0,0,0,0,0,1,0,0,1,-0.00588255,-0.00473182,-0.00868226,-0.0068050,-0.00651143,sell
2011-08-09,0,0,0,1,0,1,1,0,0,0,1,0,1,0,0,0,0,0,0,0,0,0,0,0,0,0,0,0,1,1,0,0,-0.00426734,-0.00343401,-0.00289130,-0.0022381,-0.00335765,sell
2011-08-10,0,1,0,1,0,1,0,0,0,0,1,0,1,0,0,0,0,0,0,0,0,0,1,0,0,0,0,0,0,1,0,0,-0.00518221,-0.00358168,-0.00676420,-0.0051196,-0.00546187,sell
2011-08-11,0,3,0,1,0,2,0,0,0,0,1,0,1,0,0,0,0,0,1,0,1,0,1,0,0,0,0,0,0,1,1,0, 0.00337503,-0.00495047,-0.00199128,-0.0059073,-0.00288279,sell
2011-08-12,0,4,0,1,0,2,0,0,0,0,1,0,1,0,0,0,0,0,1,0,1,0,1,0,0,0,0,1,0,1,1,0, 0.00361713,-0.00389581,-0.00150516,-0.0040620,-0.00285442,sell
2011-08-13,0,4,0,0,0,3,0,0,0,0,0,0,1,0,0,0,0,0,1,0,1,0,1,0,0,1,0,1,0,1,1,0,-0.00083571,-0.00336359,-0.00204075,-0.0054909,-0.00430510,sell
2011-08-14,0,4,0,0,0,2,0,0,0,0,0,0,0,0,0,0,0,0,1,0,1,0,1,0,0,1,0,1,0,1,1,0, 0.00039826,-0.00298747,-0.00092778,-0.0051084,-0.00499782,sell
2011-08-15,0,2,0,0,0,3,0,0,0,1,0,0,0,1,0,0,0,0,1,0,1,0,0,0,0,1,0,1,0,1,0,0,-0.00110613, 0.00357893,-0.00054699,-0.0011837, 0.00129249,buy
2011-08-16,0,0,0,0,0,3,0,0,0,1,0,0,0,1,0,1,0,0,1,0,0,0,0,0,0,1,0,0,0,1,0,0,-0.00329120, 0.00035293,-0.00129687,-0.0018851,-0.00060220,sell
2011-08-17,0,0,0,0,0,3,0,0,0,1,0,0,0,1,0,1,0,0,1,0,0,0,0,0,0,1,0,0,0,1,0,0,-0.00329120, 0.00035293,-0.00129687,-0.0018851,-0.00060220,sell
2011-08-18,0,0,0,0,0,3,0,0,0,1,0,0,0,1,0,0,0,0,1,0,0,0,0,0,0,1,0,0,0,1,0,0,-0.00088151, 0.00154522, 0.00008978,-0.0012778, 0.00166386,buy
2011-08-19,0,1,0,0,0,3,0,0,0,0,0,1,0,0,0,0,0,0,1,0,0,0,0,0,0,1,0,0,1,1,0,0,-0.00510404,-0.00545638,-0.00561860, 0.0000379,-0.00731606,sell
2011-08-20,0,2,0,2,0,4,0,0,0,0,0,1,0,0,1,0,0,0,1,1,0,1,0,0,0,1,1,0,1,1,0,0,-0.00032475,-0.00142312,-0.00031457,-0.0058757,-0.00323627,sell
2011-08-21,0,2,0,2,0,3,0,0,0,0,0,1,0,0,1,0,0,0,1,1,0,1,0,0,0,0,1,0,1,1,0,0, 0.00022861,-0.00002480, 0.00116547,-0.0053030,-0.00296544,sell
2011-08-22,0,2,0,2,0,3,0,0,0,0,0,1,0,0,1,0,0,0,1,1,0,1,0,0,0,0,1,0,1,1,0,0, 0.00022861,-0.00002480, 0.00116547,-0.0053030,-0.00296544,sell
2011-08-23,0,2,1,2,0,2,0,0,0,0,0,1,0,0,1,0,0,0,1,1,0,1,0,0,0,0,1,0,0,1,1,0,-0.00241675,-0.00219484,-0.00219523,-0.0025829,-0.00189631,sell
2011-08-24,1,2,1,1,0,2,0,0,0,0,0,1,0,0,1,0,0,0,1,1,0,1,0,0,0,0,0,1,0,0,1,0, 0.00046587, 0.00032938,-0.00080699, 0.0031161,-0.00187776,buy
2011-08-25,1,2,2,1,0,0,0,0,0,0,0,1,0,0,1,0,0,0,0,1,0,0,1,0,0,0,0,1,0,0,1,0,-0.00022139,-0.00134312,-0.00237136, 0.0010932,-0.00722067,sell
2011-08-26,2,2,3,0,0,0,0,0,0,0,0,1,0,0,1,0,0,0,0,0,1,0,1,0,0,0,0,1,0,0,1,1,-0.00272328,-0.00363092,-0.00472095,-0.0050475,-0.00777142,sell
2011-08-27,2,2,2,0,0,0,0,0,0,0,0,1,0,0,1,0,0,0,0,0,1,0,1,0,0,0,0,1,0,0,0,1,-0.00464296,-0.00297064,-0.00488280,-0.0070250,-0.00490458,sell
2011-08-28,2,2,2,0,0,0,0,0,0,0,0,1,0,0,1,0,0,0,0,0,1,0,1,0,1,0,0,0,0,0,0,1,-0.00077765,-0.00024527,-0.00472166,-0.0069872,-0.00144236,sell
2011-08-29,2,2,3,0,1,0,0,0,0,1,0,1,0,0,1,0,0,0,0,0,1,0,1,1,1,0,0,0,0,0,0,1,-0.00033652,-0.00020443,-0.00562331,-0.0057358,-0.00126785,sell
2011-08-30,2,2,1,0,1,0,0,0,0,1,0,1,0,0,1,0,0,0,0,0,1,0,0,1,1,0,0,0,0,0,0,0,-0.00036367,-0.00080777, 0.00247130,-0.0003425,-0.00191548,sell
2011-08-31,1,2,1,0,1,0,0,0,0,1,0,1,0,0,1,0,0,0,0,0,0,0,0,1,1,0,0,0,0,0,0,0, 0.00056305,-0.00123019, 0.00266094,-0.0006173,-0.00181249,sell
2011-09-01,1,2,1,0,2,0,0,0,0,1,0,1,0,0,1,0,0,1,0,0,0,0,0,1,0,0,0,0,1,0,0,0, 0.00106168,-0.00462487, 0.00016805,-0.0005433,-0.00443847,sell
2011-09-02,1,1,0,0,2,0,0,0,0,1,0,1,0,0,0,0,0,1,0,0,0,0,0,0,0,0,0,0,1,0,0,0,-0.00338009,-0.00341581,-0.00124578,-0.0006092,-0.00462866,sell
2011-09-03,1,0,0,0,1,0,0,0,0,0,0,0,0,0,0,0,0,1,0,0,0,0,0,0,0,0,0,0,1,0,0,0, 0.00058506, 0.00081372,-0.00621157, 0.0010246,-0.00142316,sell
2011-09-04,1,0,0,0,1,0,0,0,0,0,0,0,0,0,0,0,0,1,0,0,0,0,0,0,0,0,0,0,1,0,0,0, 0.00058506, 0.00081372,-0.00621157, 0.0010246,-0.00142316,sell
2011-09-05,1,0,0,0,1,0,0,0,0,0,0,0,0,0,0,0,0,1,0,0,0,0,0,0,0,0,0,0,1,0,0,0, 0.00058506, 0.00081372,-0.00621157, 0.0010246,-0.00142316,sell
2011-09-06,0,1,0,0,1,0,0,0,0,0,0,0,0,0,0,0,0,0,0,0,0,1,0,0,0,0,0,0,0,0,0,1,-0.00678720, 0.00461357, 0.00082019, 0.0033577, 0.00129153,buy
2011-09-07,0,1,0,1,1,0,1,0,0,0,1,0,0,0,0,0,0,0,0,0,0,1,0,0,0,1,0,0,0,0,0,1,-0.00636902,-0.00240903,-0.00271806,-0.0045258,-0.00430090,sell
2011-09-08,0,1,0,1,1,1,1,0,0,0,1,0,1,0,0,0,0,0,0,0,0,1,0,0,0,1,0,0,0,0,0,1,-0.00600768,-0.00767340,-0.00333043,-0.0063349,-0.00526328,sell
2011-09-09,0,2,0,1,1,1,1,0,0,0,1,0,1,0,0,0,0,0,0,0,0,1,0,0,1,1,0,0,0,0,0,1,-0.00276073,-0.00699574,-0.00335930,-0.0077006,-0.00445758,sell
2011-09-10,0,1,1,0,1,1,1,0,0,0,0,0,1,0,1,0,0,0,0,0,0,1,0,0,1,1,0,0,0,0,0,0, 0.00235297, 0.00233196, 0.00146183, 0.0033329, 0.00230557,buy
2011-09-11,1,1,2,0,1,1,1,0,0,0,0,1,1,0,1,0,1,0,0,0,0,1,0,0,1,1,0,0,0,0,0,0,-0.00266686,-0.00431095,-0.00334973, 0.0034713,-0.00561067,sell
2011-09-12,1,2,3,0,0,0,1,0,0,0,0,1,0,0,1,0,1,0,0,0,0,0,0,1,1,1,1,0,0,0,0,0,-0.00502493,-0.00569695,-0.00614507,-0.0039786,-0.00737122,sell
2011-09-13,1,1,2,0,0,0,1,0,0,0,0,1,0,0,0,0,1,0,0,0,0,0,0,1,0,1,1,0,0,0,0,0,-0.00129392,-0.00296984,-0.00151605,-0.0009010,-0.00282491,sell
2011-09-14,1,1,2,0,0,0,1,0,1,0,0,0,0,0,0,0,1,0,0,0,0,0,0,1,0,1,1,0,0,0,0,0,-0.00031815,-0.00489819,-0.00064976, 0.0029639,-0.00100439,sell
2011-09-15,1,1,1,1,0,1,0,0,1,1,0,0,0,0,0,0,0,0,0,0,0,0,0,1,0,0,1,0,0,0,1,0,-0.00550902, 0.00055742, 0.00325963, 0.0007942, 0.00180756,buy
2011-09-16,1,2,0,1,0,1,0,0,1,1,0,0,0,0,0,0,0,1,0,0,0,0,0,1,0,0,0,0,0,0,1,0,-0.00233813, 0.00220001, 0.00309963, 0.0030920, 0.00336384,buy
2011-09-17,0,1,0,1,1,1,0,1,0,1,0,0,1,0,0,0,0,1,0,0,0,0,0,0,0,0,0,1,0,0,1,0, 0.00111949, 0.00537587, 0.00747520, 0.0022901, 0.01007877,buy
2011-09-18,1,1,0,1,1,1,0,1,0,1,0,0,1,0,0,0,0,1,0,0,0,0,0,0,0,0,0,1,0,0,1,1,-0.00117479, 0.00184525, 0.00222778,-0.0007012, 0.00948133,buy
2011-09-19,1,1,0,1,1,0,0,1,0,0,0,0,1,0,0,0,0,1,0,0,0,0,0,0,0,0,0,1,0,0,1,1,-0.00384320,-0.00543246,-0.00266283, 0.0027426, 0.00459369,sell
2011-09-20,1,1,1,0,1,0,0,1,0,0,0,0,1,0,0,0,1,0,0,1,0,0,0,0,0,0,0,1,0,0,0,1, 0.00135613, 0.00282485, 0.00228022, 0.0036626, 0.00421958,buy
2011-09-21,1,2,2,0,0,0,0,0,1,0,0,0,0,0,0,0,1,0,0,1,0,0,0,0,1,0,0,0,0,0,0,1,-0.00293155,-0.00521993,-0.00385010,-0.0054280,-0.00211369,sell
2011-09-22,0,2,2,0,0,0,0,0,1,0,0,0,0,0,0,0,1,0,0,1,0,0,0,0,1,0,0,0,0,0,0,0,-0.00489790,-0.00641470,-0.00587357,-0.0059204,-0.00400869,sell
2011-09-23,0,1,2,0,0,0,0,0,1,0,0,0,0,0,0,0,0,0,0,1,0,0,0,0,1,0,0,0,0,0,0,0,-0.00286653,-0.00315352,-0.00211198,-0.0037610,-0.00233185,sell
2011-09-24,0,1,3,1,0,0,0,0,0,0,1,0,0,0,0,0,0,0,0,1,0,0,1,0,1,0,1,0,0,0,0,0,-0.00258235,-0.00424446,-0.00421194,-0.0035581,-0.00307746,sell
2011-09-25,0,1,1,1,0,0,1,0,0,0,1,0,0,0,0,0,0,0,1,0,0,0,1,0,0,0,1,0,0,0,0,0, 0.00351658,-0.00054850, 0.00676798, 0.0017303, 0.00192686,buy
2011-09-26,0,1,1,2,0,0,1,1,0,0,1,0,0,1,1,0,0,0,1,0,1,0,1,0,0,0,1,0,0,0,0,0,-0.00237376,-0.00803527,-0.00237716,-0.0032955,-0.00749580,sell
2011-09-27,0,1,0,2,0,0,2,2,0,1,0,1,0,1,1,0,0,0,1,0,1,0,1,0,0,0,1,0,0,0,0,0, 0.00041091,-0.00061793, 0.00154034,-0.0001465,-0.00441072,sell
2011-09-28,2,0,0,1,0,0,2,2,0,1,0,1,0,1,1,0,1,0,1,0,1,0,0,1,0,0,0,0,1,0,0,0, 0.00063467, 0.00603770, 0.00404826, 0.0012456, 0.00047877,buy
2011-09-29,2,0,1,0,0,0,2,2,1,1,0,1,0,1,0,0,1,0,1,0,1,0,0,1,0,0,0,0,1,0,0,0, 0.00447334, 0.00718348, 0.00757479, 0.0060871, 0.00501333,buy
2011-09-30,2,0,2,0,0,0,2,1,1,1,0,0,0,1,0,0,1,1,1,0,1,0,0,1,0,0,0,0,1,0,0,0, 0.00257893, 0.00744373, 0.00039423, 0.0023910, 0.00206430,buy
2011-10-01,1,0,2,0,0,0,2,0,1,1,0,0,0,1,0,0,0,1,1,0,0,0,0,1,0,0,0,0,1,0,0,0, 0.00528415, 0.00742501, 0.00678203, 0.0065240, 0.00475147,buy
2011-10-02,1,1,1,0,0,0,1,0,0,0,1,0,0,0,0,0,0,1,1,0,0,0,0,1,0,0,0,0,0,0,0,0,-0.00229886,-0.00110486,-0.00097072, 0.0041796, 0.00178189,sell
2011-10-03,0,1,1,0,0,0,1,0,0,0,1,0,0,0,0,0,0,1,1,0,0,0,0,0,0,0,0,0,0,0,0,0,-0.00175768,-0.00005338, 0.00162572, 0.0019027, 0.00189694,buy
2011-10-04,0,1,1,0,0,0,1,0,0,0,1,0,0,0,0,0,0,1,1,0,0,0,0,0,0,0,0,0,0,0,0,0,-0.00175768,-0.00005338, 0.00162572, 0.0019027, 0.00189694,buy
2011-10-05,0,1,0,0,0,0,1,0,0,0,0,0,1,0,0,0,0,0,1,1,0,0,0,0,0,0,0,0,0,0,0,0,-0.00148042,-0.00118817,-0.00060643, 0.0025426,-0.00000090,sell
2011-10-06,1,1,0,0,0,0,0,0,0,0,0,0,1,0,0,0,0,0,0,1,0,0,0,0,0,0,1,0,0,0,0,0,-0.00040013,-0.00004123, 0.00132278, 0.0002168, 0.00210479,buy
2011-10-07,1,1,0,0,0,0,0,0,0,0,0,0,1,0,0,0,0,0,0,1,0,0,0,0,0,0,1,0,0,0,0,0,-0.00040013,-0.00004123, 0.00132278, 0.0002168, 0.00210479,buy
2011-10-08,1,1,0,0,0,0,0,0,0,0,0,0,1,0,0,0,0,0,0,1,0,0,0,0,0,0,1,0,0,0,0,0,-0.00040013,-0.00004123, 0.00132278, 0.0002168, 0.00210479,buy
2011-10-09,1,1,1,0,0,0,0,0,0,0,0,0,0,0,0,0,0,0,0,1,0,0,0,0,0,0,1,0,0,0,1,0, 0.00212320, 0.00333194, 0.00365055, 0.0038141, 0.00269856,buy
2011-10-10,0,0,1,0,0,0,0,0,0,0,0,0,0,0,0,0,0,0,0,0,0,0,0,0,0,0,0,0,0,0,1,0,-0.00563800,-0.00244993,-0.00302293,-0.0035065,-0.00266974,sell
2011-10-11,1,0,1,0,0,0,1,0,0,0,1,0,0,0,0,0,0,0,0,0,0,1,0,0,0,0,0,1,0,0,1,0, 0.00121626, 0.00697080,-0.00495157, 0.0092674, 0.00712090,buy
2011-10-12,1,0,1,0,0,0,1,0,0,0,1,0,0,0,0,0,0,0,0,0,0,1,0,0,0,0,0,1,0,0,1,0, 0.00121626, 0.00697080,-0.00495157, 0.0092674, 0.00712090,buy
2011-10-13,1,0,1,1,0,0,1,0,0,0,1,0,0,0,1,0,0,0,0,0,0,1,0,0,1,0,0,1,0,0,0,0,-0.00012067, 0.00401810,-0.00513456, 0.0037541,-0.00007009,buy
2011-10-14,0,0,1,1,0,0,1,1,0,0,0,0,0,0,1,0,0,0,0,0,0,1,0,0,1,0,0,1,0,0,0,1,-0.00041600, 0.00038261,-0.00576423,-0.0011120,-0.00589661,sell
2011-10-15,0,0,1,1,0,0,1,1,0,0,0,1,0,0,1,0,0,0,0,0,0,1,0,0,1,0,0,0,0,0,0,1,-0.00001892, 0.00191050,-0.00176524,-0.0009681, 0.00153548,buy
2011-10-16,0,0,0,2,0,0,1,1,1,0,0,1,0,0,0,0,0,0,0,0,0,1,0,0,1,0,0,0,0,0,0,1,-0.00570928,-0.00033742,-0.00723331,-0.0055769,-0.00836378,sell
2011-10-17,0,0,0,1,0,0,1,1,1,0,0,1,0,0,0,0,0,0,0,0,0,0,0,0,0,0,0,0,0,0,0,1,-0.00735228,-0.00430365,-0.00811984,-0.0081129,-0.00815461,sell
2011-10-18,0,0,0,1,0,0,1,2,1,0,0,1,0,0,0,0,1,0,0,0,0,0,0,0,0,0,0,0,0,0,0,1,-0.00473764,-0.00170324,-0.00756586,-0.0081600,-0.00433644,sell
2011-10-19,0,0,0,0,0,0,0,1,0,0,0,0,0,0,0,0,1,0,0,0,0,0,0,0,0,0,0,0,0,0,0,0, 0.00300436, 0.00160003, 0.00118141, 0.0022507,-0.00198808,buy
2011-10-20,1,0,0,0,0,0,0,1,0,0,0,0,0,0,0,0,1,0,0,1,0,0,0,0,0,0,0,0,0,0,0,0,-0.00414634,-0.00188056,-0.00466524, 0.0000367, 0.00288076,sell
2011-10-21,1,1,0,0,0,0,0,1,0,0,0,0,0,0,0,0,1,0,0,1,0,0,0,0,0,0,0,0,0,0,1,0,-0.00740854,-0.00329432,-0.00870420,-0.0045678, 0.00156499,sell
2011-10-22,1,2,0,0,0,0,0,0,0,0,0,0,0,0,1,0,0,0,0,1,0,0,0,0,0,0,0,0,0,0,1,0,-0.00399180, 0.00178127,-0.00410744,-0.0041446, 0.00111691,sell
2011-10-23,1,2,1,0,0,1,0,0,0,0,0,0,0,0,1,0,0,0,0,1,0,0,1,0,0,0,0,1,0,0,1,0, 0.00018372,-0.00893165, 0.00051593, 0.0024907,-0.00082890,sell
2011-10-24,0,2,1,0,1,1,0,1,0,0,0,0,0,0,1,1,0,0,0,0,0,0,1,0,0,1,0,1,1,0,1,0,-0.00328997,-0.00340143,-0.00460304,-0.0031433,-0.00361371,sell
2011-10-25,0,1,1,0,1,2,0,1,0,0,0,1,0,0,1,1,0,0,0,0,0,0,1,0,0,1,0,1,1,0,0,0,-0.00221167,-0.00572087,-0.00524226,-0.0054418,-0.00611631,sell
2011-10-26,0,0,1,0,2,2,0,2,0,1,0,1,1,0,0,1,0,0,0,0,0,0,1,0,0,1,0,1,1,0,0,0,-0.00260405,-0.00423741,-0.00337989,-0.0030348,-0.00524132,sell
2011-10-27,0,0,1,1,2,2,1,2,0,1,0,1,1,0,0,1,0,1,0,0,1,0,1,0,0,1,0,1,1,0,0,0,-0.00480164,-0.00312581,-0.00403943,-0.0011558,-0.00472385,sell
2011-10-28,0,0,0,1,2,1,1,2,0,1,0,1,1,0,0,1,0,1,0,0,1,0,0,0,0,1,0,0,1,0,0,0,-0.00580556,-0.00722174,-0.00615128,-0.0061220,-0.00606440,sell
2011-10-29,0,0,0,1,1,0,1,2,0,1,0,0,1,0,0,1,0,1,0,0,1,0,0,0,0,1,0,0,0,0,0,0,-0.00101273,-0.00564702,-0.00040414,-0.0053861,-0.00515930,sell
2011-10-30,0,0,0,1,0,0,1,3,0,1,1,0,0,0,0,1,0,1,0,0,1,0,0,0,0,0,1,0,0,0,0,0,-0.00314066,-0.00253009,-0.00086657,-0.0027738,-0.00552119,sell
2011-10-31,0,0,0,0,0,0,1,2,0,0,1,0,0,0,0,1,0,0,0,0,1,0,0,0,0,0,1,0,0,0,0,0, 0.00291147, 0.00789594, 0.00732396, 0.0045674, 0.00272764,buy
2011-11-01,1,0,0,0,0,0,0,2,0,0,1,0,0,0,0,1,0,0,0,0,0,0,0,0,0,0,1,0,0,0,1,0,-0.00180560, 0.00331857, 0.00206318, 0.0006141,-0.00283782,buy
2011-11-02,2,0,0,0,0,0,0,2,0,0,1,0,0,0,1,1,0,0,0,0,0,0,0,0,0,0,1,0,0,0,1,0,-0.00206910, 0.00105342,-0.00039234,-0.0003911,-0.00115898,sell
2011-11-03,2,0,0,0,0,0,0,0,0,0,0,0,0,0,1,1,0,0,0,0,0,0,0,0,0,0,0,0,0,0,1,0,-0.00226127,-0.00217711,-0.00375028,-0.0037503,-0.00300604,sell
2011-11-04,2,0,2,0,0,0,0,1,1,0,0,0,0,0,1,1,0,0,0,0,0,0,0,1,1,0,0,0,0,0,1,0, 0.00254798, 0.00137457, 0.00239674, 0.0021463, 0.00101140,buy
2011-11-05,1,0,2,0,2,0,0,1,1,0,0,1,0,0,1,1,0,0,0,0,0,0,0,1,1,0,0,1,0,0,0,0, 0.00045945,-0.00188531, 0.00369402,-0.0009701,-0.00014625,sell
2011-11-06,0,1,2,0,2,0,0,1,1,0,0,1,0,0,0,1,0,0,0,0,0,0,1,1,1,0,0,1,0,0,0,0,-0.00424954,-0.00456278,-0.00093648,-0.0040613,-0.00398817,sell
2011-11-07,0,1,2,0,2,2,0,1,1,0,0,1,1,0,0,1,0,0,0,0,0,0,1,1,1,0,0,1,1,0,0,0,-0.00004429,-0.00201870, 0.00570232,-0.0011498,-0.00240153,sell
2011-11-08,0,1,0,0,2,2,0,1,0,0,0,1,1,0,0,1,0,0,0,0,0,0,1,1,0,0,0,1,1,0,0,0,-0.00278331,-0.00408792,-0.00195488,-0.0024502,-0.00374224,sell
2011-11-09,0,1,0,0,0,2,0,1,0,0,0,0,1,0,0,1,0,0,0,0,0,0,1,1,0,0,0,0,1,0,0,0, 0.00250973,-0.00085664, 0.00053622,-0.0008446,-0.00311520,sell
2011-11-10,0,1,0,0,0,2,0,1,0,0,0,0,1,0,0,1,0,0,0,0,0,0,1,1,0,0,0,0,1,0,0,0, 0.00250973,-0.00085664, 0.00053622,-0.0008446,-0.00311520,sell
2011-11-11,0,0,0,0,0,1,0,0,0,0,0,0,0,0,0,1,0,0,0,0,1,0,0,0,0,0,0,0,0,0,0,0, 0.00792436, 0.00185976,-0.00207873,-0.0004075, 0.00330794,buy
2011-11-12,0,0,0,0,0,1,0,0,0,0,0,0,0,0,0,1,0,0,0,0,1,0,0,0,0,0,0,0,0,0,0,0, 0.00792436, 0.00185976,-0.00207873,-0.0004075, 0.00330794,buy
2011-11-13,0,0,0,0,0,1,0,0,0,0,0,0,0,0,0,1,0,0,0,0,1,0,0,0,0,0,0,0,0,0,0,0, 0.00792436, 0.00185976,-0.00207873,-0.0004075, 0.00330794,buy
2011-11-14,0,0,0,0,1,1,1,0,0,0,0,0,0,0,0,1,0,0,0,0,1,1,0,0,0,0,0,0,0,0,0,1,-0.00123878,-0.00239083,-0.00378840, 0.0010032,-0.00431285,sell
2011-11-15,0,1,0,0,1,1,2,0,0,0,0,0,0,0,0,1,1,0,0,0,1,1,0,0,1,0,0,0,0,0,0,1,-0.00262202,-0.00510712,-0.00015834,-0.0009161,-0.00029294,sell
2011-11-16,0,2,0,0,1,0,2,0,1,0,0,0,0,0,0,1,1,0,0,0,0,1,0,0,1,0,0,0,0,0,0,1,-0.00654911,-0.00617349,-0.00179673,-0.0036671,-0.00106848,sell
2011-11-17,0,2,0,0,1,0,2,0,1,0,0,0,0,0,0,1,1,0,0,0,0,1,0,0,1,0,0,0,0,0,0,1,-0.00654911,-0.00617349,-0.00179673,-0.0036671,-0.00106848,sell
2011-11-18,0,2,0,0,1,0,2,1,1,0,0,0,0,0,0,1,1,0,0,1,0,1,0,0,1,0,0,0,0,0,0,1,-0.00099655,-0.00668103,-0.00133433,-0.0022851,-0.00091877,sell
2011-11-19,0,1,0,0,1,0,1,1,1,0,0,0,0,0,0,0,1,0,0,1,0,1,0,0,0,0,0,0,0,0,0,0, 0.00642495, 0.00592352, 0.00726237, 0.0080009, 0.00737992,buy
2011-11-20,0,1,0,0,0,0,2,1,1,0,0,0,0,0,0,0,1,0,0,1,0,0,0,0,0,0,0,0,1,0,0,0,-0.00252883,-0.00199915,-0.00261564, 0.0000099,-0.00665404,sell
2011-11-21,1,1,0,0,0,0,2,1,1,0,0,0,0,0,0,0,1,0,0,1,0,0,1,0,0,0,0,0,1,0,0,0, 0.00348059, 0.00344044, 0.00265361, 0.0051538, 0.00309693,buy
2011-11-22,1,0,1,0,0,0,2,1,0,0,0,0,0,0,0,0,1,1,0,1,0,0,1,0,0,0,0,0,1,0,0,0, 0.00409087, 0.00488723, 0.00451110, 0.0034826, 0.00244713,buy
2011-11-23,1,0,1,0,0,0,3,0,0,0,0,0,0,0,0,0,1,1,0,0,0,0,1,0,0,0,1,0,1,0,0,0, 0.00291411, 0.00360004, 0.00354840, 0.0029528, 0.00167177,buy
2011-11-24,1,0,1,0,0,0,3,0,0,0,0,0,0,0,0,0,1,1,0,0,0,0,1,0,0,0,1,0,1,0,0,0, 0.00291411, 0.00360004, 0.00354840, 0.0029528, 0.00167177,buy
2011-11-25,1,0,1,0,0,0,2,1,0,0,0,0,0,0,0,0,1,1,0,0,0,0,1,0,0,0,1,0,0,0,1,0, 0.00120286, 0.00356313, 0.00382124, 0.0046326, 0.00234516,buy
2011-11-26,1,0,1,0,1,0,2,1,0,0,0,0,0,0,0,0,1,1,0,0,1,0,0,0,1,0,1,0,0,0,1,0, 0.00470691, 0.00211756, 0.00651899, 0.0044532, 0.00586588,buy
2011-11-27,1,0,0,0,1,0,1,1,0,0,0,0,0,0,0,0,1,0,0,0,1,0,0,0,1,0,0,0,0,0,1,0, 0.00374260, 0.00541173, 0.00716021, 0.0044004, 0.00495724,buy
2011-11-28,1,1,0,0,1,0,0,1,1,0,0,0,0,0,0,0,0,0,0,0,1,0,0,0,1,0,0,0,0,0,1,0, 0.00135161, 0.00183503, 0.00318210, 0.0044663, 0.00097833,buy
2011-11-29,1,1,0,0,1,0,0,1,1,0,0,0,0,0,0,0,0,0,1,0,1,0,0,0,1,0,0,1,0,0,0,0,-0.00630895,-0.00593356,-0.00674778,-0.0067483,-0.00298214,sell
2011-11-30,0,1,0,0,1,1,0,1,1,0,0,0,0,0,0,0,0,0,1,0,1,0,0,0,0,0,0,1,0,0,0,1,-0.00705822,-0.00318724,-0.00433751,-0.0055443,-0.00182009,sell
2011-12-01,0,1,0,0,0,2,0,1,1,0,0,0,0,0,0,0,0,0,1,0,0,1,0,0,0,0,0,1,0,0,0,1,-0.00440257, 0.00163055,-0.00439126,-0.0007733, 0.00097473,sell
2011-12-02,0,1,0,0,0,2,0,1,1,0,0,0,0,0,0,0,0,0,1,0,0,1,0,0,0,0,0,1,0,0,0,1,-0.00440257, 0.00163055,-0.00439126,-0.0007733, 0.00097473,sell
2011-12-03,1,0,0,0,0,3,0,2,0,1,0,0,1,1,0,0,0,0,1,0,0,1,0,0,0,1,0,1,0,0,0,1,-0.00164940,-0.00043524,-0.00136634,-0.0002449, 0.00156342,sell
2011-12-04,1,0,0,0,2,3,0,2,0,1,0,0,1,1,0,1,0,0,1,0,0,1,0,0,0,1,0,0,0,1,0,1,-0.00178438,-0.00054184,-0.00168330,-0.0000838, 0.00240642,sell
2011-12-05,1,0,0,0,2,4,0,2,0,1,0,0,1,1,0,1,0,0,1,0,0,1,0,0,0,1,1,0,0,1,0,1,-0.00371787,-0.00266700,-0.00152501,-0.0034537, 0.00204453,sell
2011-12-06,1,1,0,0,2,2,0,1,0,1,0,1,1,0,0,0,0,1,0,0,0,0,0,0,0,1,1,0,0,1,0,0,-0.00204250,-0.00195802,-0.00260902,-0.0021230,-0.00416847,sell
2011-12-07,1,1,0,0,2,1,0,0,0,0,0,1,0,0,0,0,0,1,0,0,0,0,0,0,0,1,1,0,0,1,0,0,-0.00310213,-0.00120240,-0.00214115,-0.0001107,-0.00267397,sell
2011-12-08,1,1,0,0,2,1,0,0,0,0,0,1,0,0,0,0,0,1,0,0,0,0,0,0,0,1,1,0,0,1,0,0,-0.00310213,-0.00120240,-0.00214115,-0.0001107,-0.00267397,sell
2011-12-09,0,1,0,0,2,0,0,0,0,0,0,1,0,0,0,0,0,1,0,0,0,0,0,0,0,0,0,0,0,1,0,0, 0.00208926,-0.00112068,-0.00060590,-0.0004331, 0.00336849,buy
2011-12-10,0,1,0,0,2,1,0,0,0,0,0,1,0,0,0,1,0,1,0,0,0,0,0,0,0,0,0,0,0,1,0,0,-0.00151298,-0.00284633,-0.00367889,-0.0013284, 0.00070651,sell
2011-12-11,0,0,0,0,2,1,0,0,0,0,0,1,0,0,0,1,0,0,0,0,0,0,0,0,0,0,0,0,0,1,0,0,-0.00164224, 0.00210297,-0.00196468,-0.0003780, 0.00403347,buy
2011-12-12,0,0,0,0,1,1,0,0,0,0,0,0,0,0,0,1,0,0,0,0,0,0,0,0,0,0,0,0,0,1,0,0, 0.00070552, 0.00182785,-0.00078455,-0.0068822,-0.00110153,buy
2011-12-13,0,0,0,0,1,1,0,0,0,0,0,0,0,0,0,1,0,0,0,0,0,0,0,0,0,0,0,0,0,1,0,0, 0.00070552, 0.00182785,-0.00078455,-0.0068822,-0.00110153,buy
2011-12-14,0,0,0,0,1,0,0,0,0,0,0,0,0,0,0,0,0,0,0,0,0,0,0,0,0,0,0,0,0,1,0,0,-0.00174569,-0.00184580,-0.00243020,-0.0071517,-0.00707010,sell
2011-12-15,0,0,0,0,1,0,0,0,0,0,0,0,0,0,0,0,0,0,0,0,0,0,0,0,0,0,0,0,0,1,0,0,-0.00174569,-0.00184580,-0.00243020,-0.0071517,-0.00707010,sell
2011-12-16,0,0,0,0,1,0,0,1,0,0,0,0,0,0,0,0,0,0,0,0,0,0,0,0,0,0,0,0,1,1,0,0, 0.00234752, 0.00276581, 0.00131579, 0.0023041,-0.00173362,buy
2011-12-17,0,0,0,0,2,0,1,1,0,0,0,1,0,0,0,0,0,0,0,0,0,1,0,0,0,0,0,0,1,1,0,0, 0.00236233, 0.00156378, 0.00521903, 0.0022790, 0.00359595,buy
2011-12-18,0,0,0,0,4,0,2,1,0,0,0,1,0,0,0,0,0,0,0,1,0,1,0,0,0,0,1,0,1,1,0,1, 0.00156007,-0.00020630, 0.00045667, 0.0006566,-0.00020063,buy
2011-12-19,0,0,0,0,4,0,3,2,0,0,0,1,0,0,0,0,0,0,0,1,0,1,0,0,1,0,1,0,1,1,1,1, 0.00012390,-0.00159483,-0.00007289,-0.0019714,-0.00144786,sell
2011-12-20,1,1,0,0,4,0,4,3,0,0,0,1,0,0,0,0,0,1,0,1,0,1,1,1,1,1,1,0,1,1,1,1,-0.00092240,-0.00251355,-0.00317787,-0.0035381,-0.00031615,sell
2011-12-21,1,1,0,0,4,0,4,2,0,0,0,1,0,0,0,0,0,1,0,1,0,1,1,1,1,1,1,0,0,1,1,1,-0.00156767,-0.00262515,-0.00312253,-0.0040778,-0.00163505,sell
2011-12-22,1,1,0,0,3,0,3,2,0,0,0,1,0,0,0,0,0,1,0,1,0,0,1,1,1,1,0,0,0,1,1,1,-0.00075274,-0.00377233,-0.00330132,-0.0012465,-0.00371527,sell
2011-12-23,1,1,0,0,2,0,1,1,0,0,0,0,0,0,0,0,0,1,0,0,0,0,1,1,0,1,0,0,0,1,0,1,-0.00244430,-0.00231147,-0.00237959,-0.0020164,-0.00307858,sell
2011-12-24,1,1,0,0,1,1,1,1,0,0,0,0,1,0,0,0,0,1,0,0,0,0,1,1,0,1,0,1,0,0,0,0, 0.00103645,-0.00099333, 0.00045478, 0.0016736,-0.00235550,sell
2011-12-25,0,1,0,0,1,1,1,0,0,0,0,0,1,0,0,0,0,0,0,0,0,0,0,1,0,1,0,1,0,0,0,0,-0.00345723,-0.00409412,-0.00474051,-0.0019966,-0.00514606,sell
2011-12-26,0,1,0,0,1,1,1,0,1,0,0,0,1,0,0,0,0,0,0,0,0,0,0,1,0,0,0,1,0,0,0,0,-0.00293949,-0.00365586,-0.00381190,-0.0021089,-0.00102914,sell
2011-12-27,0,1,0,0,1,1,0,0,1,0,0,0,1,0,0,0,0,0,0,0,1,0,0,0,0,0,0,1,0,0,0,0,-0.00320306,-0.00311911,-0.00198273,-0.0035063,-0.00250463,sell
2011-12-28,0,1,0,0,1,1,0,0,1,0,0,0,1,0,0,0,0,0,0,0,1,0,0,0,0,0,0,1,0,0,0,0,-0.00320306,-0.00311911,-0.00198273,-0.0035063,-0.00250463,sell
2011-12-29,0,1,0,0,0,0,0,0,1,0,0,0,0,0,0,0,0,0,0,0,1,0,0,0,0,0,0,0,0,0,0,0,-0.00276155,-0.00318242, 0.00114181,-0.0028283,-0.00036111,sell
2011-12-30,0,1,0,0,0,0,0,1,1,1,0,0,0,0,0,0,0,0,0,0,1,0,0,0,0,0,0,0,0,0,0,0,-0.00486439,-0.00633918, 0.00154523,-0.0053796,-0.00496290,sell
2011-12-31,0,0,0,0,0,0,0,1,0,1,0,0,0,0,0,0,0,0,0,0,1,0,0,0,0,0,0,0,0,0,0,0, 0.00229951,-0.00324446, 0.00577372,-0.0010587,-0.00159403,sell
2012-01-01,0,0,0,0,0,1,0,1,0,1,0,0,0,0,0,0,0,0,0,0,0,0,0,0,0,0,0,0,0,0,1,0,-0.00454172,-0.00618261,-0.00403340,-0.0051253,-0.00517661,sell
2012-01-02,0,0,0,0,0,2,0,1,0,1,0,0,0,0,0,0,0,0,0,1,0,0,0,0,0,0,0,0,0,0,1,0,-0.00381761, 0.00065531,-0.00270211,-0.0009118,-0.00249505,sell
2012-01-03,0,0,0,0,0,2,0,1,0,1,0,0,0,0,0,0,0,0,0,1,0,0,0,0,0,0,0,0,0,0,1,0,-0.00381761, 0.00065531,-0.00270211,-0.0009118,-0.00249505,sell
2012-01-04,0,0,0,0,0,2,0,0,0,0,0,0,0,0,0,0,0,0,0,1,0,0,0,0,0,0,0,0,0,0,1,0,-0.00339320,-0.00065550,-0.00122541, 0.0004361,-0.00170182,sell
2012-01-05,0,0,1,0,0,1,1,0,0,0,0,0,1,0,0,0,0,0,0,1,0,0,0,0,0,1,0,0,0,0,0,0,-0.00271315,-0.00067298, 0.00098917, 0.0049626,-0.00038312,buy
2012-01-06,0,0,1,0,0,2,2,0,0,0,1,0,1,0,0,0,0,0,0,1,0,0,0,0,0,1,0,1,0,0,0,0, 0.00244799,-0.00024678, 0.00211914, 0.0043410, 0.00162672,buy
2012-01-07,1,0,1,0,0,1,2,1,1,0,1,0,1,0,1,0,0,0,0,0,0,0,0,0,0,1,0,1,0,0,0,0, 0.00070409,-0.00179608,-0.00100609,-0.0014613,-0.00080458,sell
2012-01-08,1,0,1,0,0,1,2,1,1,0,1,0,1,0,1,0,0,0,0,0,0,0,0,0,0,1,0,1,0,0,0,0, 0.00070409,-0.00179608,-0.00100609,-0.0014613,-0.00080458,sell
2012-01-09,1,0,1,0,0,1,1,1,1,0,1,0,0,0,1,0,0,0,0,0,0,0,0,0,0,1,0,1,0,0,0,0, 0.00433333, 0.00281937, 0.00469907, 0.0006476,-0.00056235,buy
2012-01-10,2,0,0,0,0,0,0,1,1,0,0,0,0,0,1,0,0,0,1,0,0,0,0,0,0,0,0,0,0,0,0,0,-0.00384299,-0.00432194,-0.00410358,-0.0051995,-0.00270198,sell
2012-01-11,2,0,0,0,0,0,0,0,0,0,0,0,0,0,0,0,0,0,1,0,0,0,0,0,0,0,1,0,1,0,0,0, 0.00083102, 0.00278093, 0.00404797, 0.0013310, 0.00074865,buy
2012-01-12,2,0,0,0,0,0,0,0,0,0,0,1,0,0,0,0,0,0,1,0,0,0,0,0,0,0,1,0,1,0,0,0, 0.00033725, 0.00388302, 0.00436244, 0.0009232,-0.00037930,buy
2012-01-13,2,0,0,0,1,0,1,0,0,0,0,1,0,0,0,0,0,0,1,0,0,0,0,0,1,0,1,0,1,0,1,0,-0.00021229, 0.00107836, 0.00010662,-0.0030339, 0.00001208,buy
2012-01-14,2,0,0,0,1,1,2,0,0,0,0,1,0,0,0,0,1,0,1,0,0,0,0,1,1,0,1,0,1,0,1,0,-0.00163401, 0.00523989, 0.00264518,-0.0027431, 0.00085188,buy
2012-01-15,2,0,0,0,1,1,2,0,0,0,0,0,0,0,0,0,1,0,1,0,0,0,0,1,1,0,1,0,1,0,1,0, 0.00079120, 0.00362317, 0.00132182,-0.0046381, 0.00145684,buy
2012-01-16,0,0,0,0,1,2,2,0,0,0,1,0,0,0,0,0,1,0,0,0,0,0,0,1,1,0,0,0,0,0,1,0,-0.00143560, 0.00474881, 0.00400603, 0.0028156,-0.00036060,buy
2012-01-17,0,0,0,0,0,2,1,1,0,0,1,0,0,0,0,0,1,0,0,0,0,1,0,1,0,0,0,0,0,0,0,0,-0.00181411,-0.00188849,-0.00208691,-0.0010264,-0.00179526,sell
2012-01-18,0,0,0,0,1,2,0,1,0,0,1,0,0,0,0,0,0,0,0,1,0,1,0,1,0,0,0,0,0,0,0,0,-0.00100122,-0.00279700, 0.00010792,-0.0005730, 0.00046676,sell
2012-01-19,0,0,0,0,1,2,1,1,0,0,1,0,0,0,0,0,0,0,0,1,0,1,0,1,0,0,0,1,0,0,0,0, 0.00132928,-0.00180674, 0.00143958, 0.0024970, 0.00025924,buy
2012-01-20,0,0,0,0,1,1,2,2,0,0,0,0,0,0,0,0,0,1,0,1,0,1,1,1,0,0,0,1,0,0,0,0, 0.00387311,-0.00182896, 0.00220701, 0.0029127, 0.00167979,buy
2012-01-21,0,0,0,0,1,1,2,2,0,0,0,0,0,0,0,0,0,1,0,1,0,1,1,1,0,0,0,1,0,0,0,0, 0.00387311,-0.00182896, 0.00220701, 0.0029127, 0.00167979,buy
2012-01-22,1,0,0,0,1,0,2,1,0,1,0,0,0,0,0,0,0,1,0,1,0,0,1,0,0,0,0,1,0,0,0,0, 0.00063631,-0.00064408, 0.00160167, 0.0009985,-0.00103949,buy
2012-01-23,1,0,0,0,0,0,1,1,0,1,0,0,0,0,0,0,0,1,0,0,0,0,1,0,0,0,0,0,0,0,0,0, 0.00064510,-0.00003858, 0.00183230,-0.0057173,-0.00013011,buy
2012-01-24,1,1,0,0,0,0,1,1,0,1,0,0,0,0,0,0,0,1,0,0,0,0,1,0,0,0,0,0,1,0,0,0, 0.00287606, 0.00296482, 0.00327262,-0.0030481,-0.00336433,buy
2012-01-25,0,1,0,0,0,0,0,0,0,0,0,0,0,0,0,0,0,0,0,0,0,0,0,0,0,0,0,0,1,0,0,1, 0.00328902, 0.00116669, 0.00096451, 0.0009041, 0.00314953,buy
2012-01-26,0,2,0,0,2,2,0,1,0,0,1,0,1,0,0,1,0,0,1,0,1,0,0,0,1,0,0,0,1,0,0,1,-0.00453359, 0.00417760,-0.00412963,-0.0050437,-0.00224977,sell
2012-01-27,0,2,0,0,2,3,1,2,1,0,1,0,1,0,1,1,1,0,1,0,1,0,0,0,1,0,0,0,1,0,0,1,-0.00525108,-0.00073286,-0.00637146,-0.0003753,-0.00430580,sell
2012-01-28,0,1,0,0,2,3,1,2,1,0,1,0,1,0,1,1,1,0,1,0,1,0,0,0,1,0,0,0,0,0,0,1,-0.00795553,-0.00469466,-0.00676392,-0.0048610,-0.00417817,sell
2012-01-29,0,1,0,0,1,3,1,1,1,0,0,0,0,0,1,1,1,0,1,0,1,0,0,0,1,0,0,0,0,0,0,1,-0.00656109,-0.00451566,-0.00256845,-0.0039439,-0.00313452,sell
2012-01-30,0,1,0,0,1,3,1,1,1,0,0,0,0,0,1,1,1,0,1,0,1,0,0,0,1,0,0,0,0,0,0,1,-0.00656109,-0.00451566,-0.00256845,-0.0039439,-0.00313452,sell
2012-01-31,0,1,0,1,1,1,0,0,0,1,0,1,0,0,0,1,0,0,0,0,0,0,0,0,0,1,0,0,0,0,0,0,-0.00205620,-0.00067517,-0.00358048,-0.0009390, 0.00234719,sell
2012-02-01,0,1,0,1,1,1,0,0,0,1,0,1,0,0,0,1,0,0,0,0,0,0,0,0,0,1,0,0,0,0,0,0,-0.00205620,-0.00067517,-0.00358048,-0.0009390, 0.00234719,sell
2012-02-02,0,1,0,1,1,1,0,0,0,1,0,1,0,0,0,1,0,0,0,0,0,0,0,0,0,1,0,0,0,0,0,0,-0.00205620,-0.00067517,-0.00358048,-0.0009390, 0.00234719,sell
2012-02-03,0,0,0,1,1,1,0,0,0,0,0,1,0,0,0,1,0,0,0,0,0,0,0,0,0,1,0,0,0,0,0,0, 0.00200419, 0.00292794,-0.00186714, 0.0031204, 0.00355974,buy
2012-02-04,0,0,0,0,0,1,0,0,0,0,0,0,0,1,0,0,0,0,0,0,0,0,1,0,0,0,0,0,0,0,0,0, 0.00345965, 0.00314857, 0.00242156, 0.0027487, 0.00326992,buy
2012-02-05,0,0,0,0,0,2,0,0,0,0,0,0,0,1,1,0,0,0,0,0,0,0,1,0,0,0,0,0,0,0,0,0, 0.00354360, 0.00459332, 0.00357496, 0.0047743, 0.00391720,buy
2012-02-06,0,0,1,0,1,2,0,0,0,0,0,0,0,1,1,0,0,0,0,0,0,0,1,0,0,0,1,0,1,0,0,0, 0.00040178, 0.00176473, 0.00340090, 0.0021235, 0.00167905,buy
2012-02-07,0,0,1,0,1,2,0,0,0,0,0,0,0,1,1,0,0,0,0,0,0,0,1,0,0,0,1,0,1,0,0,0, 0.00040178, 0.00176473, 0.00340090, 0.0021235, 0.00167905,buy
2012-02-08,0,0,3,0,2,2,0,0,0,1,0,0,0,1,1,0,1,0,1,0,0,0,1,0,0,0,1,0,1,0,1,0,-0.00359008, 0.00260030, 0.00202697,-0.0005283, 0.00253462,buy
2012-02-09,0,0,3,0,3,1,0,0,0,1,0,1,0,1,0,0,1,0,1,0,0,0,0,0,1,0,1,0,1,0,1,0,-0.00393853, 0.00224600, 0.00138456,-0.0089985, 0.00075203,buy
2012-02-10,0,0,2,0,4,1,0,0,0,1,0,1,0,1,0,0,1,0,1,0,0,0,0,1,1,0,1,0,0,0,1,0,-0.00058801, 0.00143397, 0.00098167,-0.0009639, 0.00120710,buy
2012-02-11,0,0,1,0,3,2,0,0,0,0,0,1,0,0,0,0,1,0,1,0,1,0,0,1,1,0,0,0,0,0,1,0, 0.00541422,-0.00307878,-0.00255014,-0.0003714, 0.00236644,sell
2012-02-12,1,0,1,0,2,1,0,0,0,0,0,0,1,0,0,0,0,0,1,0,1,0,0,1,1,0,0,0,0,0,0,0, 0.00199757,-0.00177414,-0.00293952, 0.0032594,-0.00499498,sell
2012-02-13,1,0,0,0,2,1,0,0,0,0,1,0,1,0,0,0,0,0,0,0,1,0,0,1,1,0,0,0,0,0,0,0, 0.00000149, 0.00390609, 0.00033344,-0.0019158,-0.00545866,sell
2012-02-14,1,0,0,0,2,1,0,1,0,0,1,0,1,0,1,0,0,0,0,0,1,0,0,1,0,0,0,1,0,0,0,0, 0.00573543, 0.00258092, 0.00521343,-0.0004824, 0.00084357,buy
2012-02-15,0,0,0,0,2,1,1,1,1,0,1,0,0,0,1,0,0,0,0,0,1,0,0,1,0,0,0,1,0,0,0,0, 0.00726659, 0.00083538, 0.00558077, 0.0015095, 0.00133076,buy
2012-02-16,1,0,0,0,2,0,1,1,1,0,0,0,0,0,1,0,0,0,0,0,0,1,0,1,0,0,0,1,0,0,0,0, 0.00760153, 0.00185663, 0.00140273, 0.0043508, 0.00317163,buy
2012-02-17,1,0,0,0,1,0,2,1,1,0,0,1,0,0,0,0,0,0,0,1,0,1,0,1,0,0,0,1,0,0,0,0, 0.00170288,-0.00670141,-0.00218636,-0.0006792, 0.00095961,sell
2012-02-18,1,0,0,0,0,0,1,0,0,0,0,1,0,0,0,0,0,0,0,1,0,1,0,0,0,0,0,0,0,0,0,0,-0.00218587, 0.00197638,-0.00330617, 0.0002308, 0.00396157,buy
2012-02-19,1,0,0,0,1,1,1,0,0,0,0,1,0,0,0,0,0,0,0,1,0,1,1,0,0,0,1,0,0,0,0,0,-0.00452440,-0.00450962,-0.00483939,-0.0051784,-0.00589135,sell
2012-02-20,1,1,0,0,1,2,0,0,0,0,0,0,1,0,0,0,0,0,0,1,0,1,1,0,0,0,1,0,0,1,0,0, 0.00039068, 0.00041993,-0.00012953, 0.0003907, 0.00448499,buy
2012-02-21,0,1,1,0,2,2,0,0,0,0,0,0,1,0,0,1,0,0,0,1,0,0,1,0,0,1,1,0,0,1,0,0, 0.00369141, 0.00347149, 0.00312949, 0.0030895, 0.00387871,buy
2012-02-22,0,1,1,1,2,2,0,0,0,1,0,0,1,0,0,1,0,0,0,0,0,0,1,0,0,1,1,0,0,1,0,0, 0.00366724, 0.00257301, 0.00177277, 0.0021033, 0.00272915,buy
2012-02-23,0,0,1,1,2,2,1,0,0,1,0,0,0,0,0,1,0,1,0,0,0,0,1,0,0,1,1,0,0,1,0,0, 0.00148775, 0.00103921,-0.00256409,-0.0027742, 0.00038828,sell
2012-02-24,0,0,1,1,2,2,1,0,1,1,0,0,0,0,0,1,0,1,0,0,0,0,1,0,0,1,0,0,0,1,0,0,-0.00055557, 0.00286196,-0.00318431,-0.0015997, 0.00370700,buy
2012-02-25,0,0,0,0,1,2,1,0,1,0,0,0,0,0,0,1,0,1,0,0,0,0,0,0,0,0,0,0,0,1,0,0,-0.00452634,-0.00607939,-0.00473087,-0.0001185, 0.00071472,sell
2012-02-26,0,0,0,0,1,2,2,0,1,0,0,0,0,0,0,1,0,1,0,0,1,0,0,0,0,0,0,0,0,1,0,0,-0.00683148,-0.00675734,-0.00978002,-0.0046740, 0.00044590,sell
2012-02-27,0,0,0,0,1,2,2,0,1,0,0,0,0,0,0,1,0,1,0,0,1,0,0,0,0,0,0,0,0,1,0,0,-0.00683148,-0.00675734,-0.00978002,-0.0046740, 0.00044590,sell
2012-02-28,0,0,0,0,0,1,1,0,0,0,0,0,0,0,0,0,0,0,0,0,1,0,0,0,0,0,0,0,0,1,0,0,-0.00294672,-0.00552395,-0.00434514,-0.0042725,-0.00418278,sell
2012-02-29,0,0,1,0,0,1,1,0,0,0,0,0,1,0,0,0,0,0,0,0,1,0,0,0,0,0,0,0,0,1,0,0, 0.00193712,-0.00406001,-0.00451860, 0.0012983, 0.00025181,sell
2012-03-01,0,0,1,0,1,1,1,0,0,0,1,0,1,0,0,0,0,0,0,0,1,0,0,0,0,0,0,0,0,1,0,0,-0.00201158,-0.00464955,-0.00444206,-0.0013804,-0.00222017,sell
2012-03-02,0,2,1,2,1,1,0,0,0,0,1,0,1,0,0,0,0,0,1,0,0,1,0,0,0,1,0,0,1,1,0,0, 0.00088272,-0.00535384,-0.00497727,-0.0057909,-0.00065998,sell
2012-03-03,0,2,1,2,1,1,0,0,0,0,1,0,1,0,1,0,1,0,1,0,0,1,0,0,0,1,0,0,1,1,0,0, 0.00135366,-0.00176583,-0.00321881,-0.0026392,-0.00404881,sell
2012-03-04,0,2,0,2,1,1,1,0,0,0,1,0,0,0,1,0,1,0,1,0,0,1,0,0,0,1,1,0,1,1,0,0,-0.00196527, 0.00038950,-0.00065423,-0.0032689,-0.00493387,sell
2012-03-05,0,2,0,2,1,1,1,0,0,0,1,0,0,0,1,0,1,0,1,0,0,1,0,0,0,1,1,0,1,1,0,0,-0.00196527, 0.00038950,-0.00065423,-0.0032689,-0.00493387,sell
2012-03-06,0,1,0,1,1,1,1,0,0,0,0,0,0,0,1,0,1,0,0,0,0,1,0,0,0,0,1,0,1,1,1,0,-0.00131919,-0.00314396, 0.00245474,-0.0015886,-0.00381371,sell
2012-03-07,0,0,0,0,1,1,1,0,0,0,0,0,0,0,1,0,1,0,0,0,0,0,0,0,0,0,1,0,0,1,1,0,-0.00074249,-0.00408848, 0.00195666, 0.0005876,-0.00587734,sell
2012-03-08,0,0,0,0,2,1,1,0,0,0,0,0,0,0,1,0,1,0,0,0,0,0,0,0,0,0,1,0,0,1,1,1,-0.00298128,-0.00677419, 0.00288250, 0.0003292, 0.00089989,buy
2012-03-09,0,0,0,0,3,1,0,0,0,0,0,0,0,0,0,1,1,0,0,0,0,0,0,0,0,0,0,0,0,1,1,1,-0.00005142, 0.00700536, 0.00240546, 0.0007084, 0.00598164,buy
2012-03-10,0,0,0,0,3,1,0,0,0,0,0,0,0,0,0,1,1,0,0,0,0,0,0,0,0,0,0,0,0,1,1,1,-0.00005142, 0.00700536, 0.00240546, 0.0007084, 0.00598164,buy
2012-03-11,0,0,0,0,2,1,0,0,0,0,0,0,0,0,0,1,1,0,0,0,0,0,0,0,1,0,0,0,0,1,0,1,-0.00509910,-0.00229599,-0.00583644,-0.0015482, 0.00291122,sell
2012-03-12,2,0,0,0,2,2,0,0,0,0,0,0,0,0,0,1,1,1,0,0,0,0,0,0,1,1,0,1,0,1,0,1,-0.00034658, 0.00060948, 0.00114008,-0.0009332,-0.00229201,buy
2012-03-13,2,0,0,0,2,2,0,0,0,0,0,0,0,0,0,1,1,1,0,0,0,0,0,0,1,1,0,1,0,1,0,1,-0.00034658, 0.00060948, 0.00114008,-0.0009332,-0.00229201,buy
2012-03-14,2,0,0,0,1,2,0,0,0,0,0,0,0,0,0,0,1,1,0,0,0,0,0,0,1,1,0,1,0,1,0,1, 0.00154933, 0.00231010, 0.00258473, 0.0015152, 0.00120276,buy
2012-03-15,2,0,0,0,1,2,0,0,0,0,0,0,0,0,1,0,0,1,0,0,0,0,0,0,1,1,0,1,0,1,0,1, 0.00204745,-0.00362105,-0.00364339,-0.0032435,-0.00284779,sell
2012-03-16,0,0,1,0,0,2,0,0,0,0,0,0,0,0,1,0,0,1,0,0,0,1,0,0,1,0,0,0,0,1,0,0, 0.00202954, 0.00753668, 0.00392135, 0.0019516, 0.00123840,buy
2012-03-17,0,0,1,0,0,2,0,0,0,0,0,0,0,0,1,0,0,1,0,0,0,1,0,0,0,0,0,0,0,1,0,0, 0.00052385, 0.00652945, 0.00622583, 0.0037734, 0.00155366,buy
2012-03-18,0,0,1,0,0,1,0,0,0,0,0,0,0,0,1,0,0,0,0,0,0,1,0,0,0,0,0,0,0,1,0,0, 0.00004928,-0.00041686, 0.00239902, 0.0029635,-0.00068531,buy
2012-03-19,0,0,1,0,2,1,0,0,0,0,1,0,0,0,1,0,0,0,0,1,0,1,0,0,0,0,0,0,0,1,0,0,-0.00757745,-0.00615566,-0.00530528,-0.0000889, 0.00055668,sell
2012-03-20,0,0,1,0,2,2,0,0,0,0,1,0,0,1,1,1,0,0,0,1,0,1,0,0,0,0,0,0,0,1,0,0,-0.00239769,-0.00524166,-0.00127621,-0.0063243, 0.00187373,sell
2012-03-21,0,0,0,0,2,3,0,0,0,0,1,0,0,1,0,1,0,0,0,1,0,0,0,0,0,0,0,0,0,1,1,0,-0.00285778,-0.00322716,-0.00061369,-0.0029761,-0.00003000,sell
2012-03-22,0,0,0,0,2,3,0,0,0,0,1,0,0,1,0,1,0,0,0,1,0,0,1,0,0,0,0,0,0,1,1,0,-0.00362734,-0.00419022,-0.00335602,-0.0028043,-0.00371219,sell
2012-03-23,0,0,1,0,2,2,0,0,0,0,1,0,1,0,0,0,0,0,0,1,0,0,1,0,0,0,0,0,0,1,1,0,-0.00661660,-0.00706770,-0.00242130,-0.0016908,-0.00575542,sell
2012-03-24,0,0,2,0,1,3,0,0,1,0,0,0,1,0,0,0,0,0,1,1,0,0,1,0,0,0,0,0,0,1,1,0, 0.00068682,-0.00321636, 0.00340584, 0.0059145, 0.00078739,buy
2012-03-25,0,0,2,0,0,3,0,0,1,0,0,0,1,0,0,0,0,0,1,0,0,0,1,0,0,0,0,0,0,1,1,0, 0.00026067,-0.00165478, 0.00108022, 0.0048796, 0.00156467,buy
2012-03-26,0,1,2,0,0,2,0,0,1,0,0,0,1,0,0,0,0,0,1,0,0,0,1,0,0,0,0,1,0,1,0,0, 0.00063654,-0.00443670,-0.00113845,-0.0023146, 0.00279804,sell
2012-03-27,0,1,2,0,0,2,0,1,1,0,0,0,1,0,0,0,0,0,1,0,1,0,0,0,0,0,0,1,0,1,0,0,-0.00219690,-0.00478358,-0.00549505,-0.0058041, 0.00477593,sell
2012-03-28,0,1,1,0,0,2,1,1,1,0,0,0,1,0,0,1,0,0,0,0,1,0,0,0,0,0,0,1,0,1,0,0,-0.00332751,-0.00406186,-0.00703414,-0.0063039, 0.00254365,sell
2012-03-29,0,1,2,0,0,2,1,1,1,0,0,0,1,0,0,1,0,0,0,0,1,0,0,0,0,0,0,1,1,1,0,0,-0.00433375,-0.00667124,-0.00798702,-0.0076777, 0.00019951,sell
2012-03-30,0,1,1,0,0,1,1,1,0,0,0,0,0,0,0,1,0,0,0,0,1,0,0,0,0,0,0,1,1,1,0,0,-0.00732360,-0.00796333,-0.00870067,-0.0080199,-0.00263202,sell
2012-03-31,0,0,1,0,1,1,1,1,0,0,0,0,0,0,0,1,0,1,0,0,1,0,0,0,0,0,0,0,1,1,0,0,-0.00638377,-0.00631881,-0.00579024,-0.0039977,-0.00136212,sell
2012-04-01,0,0,1,0,1,1,0,0,0,0,0,0,0,0,0,0,0,1,0,0,0,0,0,0,0,0,0,0,1,1,0,0,-0.00066505,-0.00397000,-0.00396942, 0.0006317,-0.00028568,sell
2012-04-02,0,0,1,0,1,1,0,0,0,0,0,0,0,0,0,0,0,1,0,0,0,0,0,0,0,0,0,0,1,1,0,0,-0.00066505,-0.00397000,-0.00396942, 0.0006317,-0.00028568,sell
2012-04-03,0,0,0,0,1,1,0,1,0,0,0,0,0,0,0,0,0,1,0,0,0,0,0,0,0,0,1,0,0,1,0,0, 0.00259267, 0.00464138, 0.00464138,-0.0005602,-0.00076559,buy
2012-04-04,0,0,0,0,1,3,0,1,0,0,0,0,0,0,0,0,0,1,0,1,0,0,0,0,0,0,1,0,0,1,0,1, 0.00541037,-0.00307127,-0.00500982,-0.0049718,-0.00731701,sell
2012-04-05,0,0,0,0,1,3,0,2,0,0,0,0,0,0,0,0,0,1,0,1,0,0,0,0,0,1,1,0,0,1,0,1, 0.00191071,-0.00620636,-0.00743378,-0.0068678,-0.00812699,sell
2012-04-06,0,1,0,0,0,3,0,2,0,0,0,0,0,0,0,0,0,0,1,1,0,0,0,1,0,1,1,0,0,1,0,1,-0.00560036,-0.00894274,-0.00887453,-0.0092488,-0.01005073,sell
2012-04-07,0,1,0,0,0,3,1,2,0,0,0,0,0,0,0,0,0,0,1,1,0,0,0,1,0,1,1,0,0,1,1,1,-0.00761031,-0.00817621,-0.00551950,-0.0089989,-0.00986086,sell
2012-04-08,0,1,1,0,0,3,1,2,0,0,0,0,1,0,0,0,0,0,1,1,0,0,0,1,0,1,1,0,0,1,1,1,-0.00403254,-0.00605093,-0.00135557,-0.0065763,-0.00799407,sell
2012-04-09,0,1,1,0,0,2,1,1,0,0,0,0,1,0,0,0,0,0,1,0,0,0,0,1,0,1,0,0,0,1,1,1,-0.00144906, 0.00478601, 0.00467426, 0.0048096,-0.00205313,buy
2012-04-10,0,1,1,0,0,2,1,1,0,0,0,0,1,0,0,0,0,0,1,0,0,0,0,1,0,1,0,0,0,1,1,1,-0.00144906, 0.00478601, 0.00467426, 0.0048096,-0.00205313,buy
2012-04-11,0,0,1,0,0,2,1,0,0,0,0,0,1,0,0,0,0,0,0,0,0,0,0,1,0,0,0,0,0,1,1,1, 0.00426214, 0.00531855, 0.00444651, 0.0035092, 0.00478889,buy
2012-04-12,0,0,2,0,0,2,1,0,0,0,0,0,1,0,0,0,0,0,0,0,0,0,0,1,0,0,0,1,0,1,1,1, 0.00465230, 0.00539822, 0.00327606, 0.0047968, 0.00404799,buy
2012-04-13,0,0,2,1,0,2,0,0,0,0,0,0,1,0,0,0,0,0,0,0,0,1,0,1,0,0,0,1,0,1,0,1, 0.00469879, 0.00141079, 0.00270232, 0.0056326, 0.00571448,buy
2012-04-14,0,1,2,1,0,2,0,0,0,0,0,0,1,0,0,0,0,0,0,0,0,1,0,0,0,0,0,1,1,1,0,1, 0.00238184,-0.00269433, 0.00090574, 0.0029986, 0.00337842,buy
2012-04-15,0,1,1,1,0,2,0,0,0,0,0,0,0,0,0,0,0,0,0,0,0,1,0,0,0,0,0,1,1,1,0,1, 0.00162152,-0.00164701,-0.00270179,-0.0008536, 0.00182779,sell
2012-04-16,0,1,1,1,0,2,0,0,1,0,0,0,0,0,0,0,0,0,0,0,0,1,0,0,0,0,0,1,1,1,0,0, 0.00002683,-0.00223346,-0.00525234,-0.0052003,-0.00288716,sell
2012-04-17,0,1,1,1,1,2,0,0,1,0,1,0,0,0,0,0,0,0,0,0,0,1,0,0,0,0,0,1,1,1,0,0, 0.00596275, 0.00240195, 0.00099998, 0.0007419, 0.00418681,buy
2012-04-18,0,1,1,0,1,2,0,0,1,1,1,0,0,0,0,0,0,0,0,0,0,0,0,0,0,0,0,0,1,1,0,0, 0.00526608, 0.00309186, 0.00234534, 0.0004376, 0.00322173,buy
2012-04-19,0,1,1,0,1,2,0,0,1,1,1,0,0,0,0,0,0,0,0,0,0,0,0,0,0,0,0,0,1,1,0,0, 0.00526608, 0.00309186, 0.00234534, 0.0004376, 0.00322173,buy
2012-04-20,0,0,1,0,1,2,1,0,1,1,1,0,0,0,0,0,0,0,0,1,0,0,0,0,0,0,0,0,0,1,0,0, 0.00387300, 0.00528913, 0.00365009, 0.0031643, 0.00310870,buy
2012-04-21,1,0,1,0,1,1,1,0,1,1,1,0,0,0,1,0,0,0,1,1,0,0,0,0,0,0,0,0,0,0,0,0, 0.00033149,-0.00412486, 0.00049407, 0.0018645, 0.00297731,buy
2012-04-22,1,0,1,0,0,0,1,0,0,1,0,0,0,0,1,0,0,0,1,1,0,0,0,0,0,0,0,0,0,0,0,0,-0.00057199,-0.00517753,-0.00486497, 0.0023321,-0.00063128,sell
2012-04-23,1,0,0,0,0,0,1,0,0,0,0,0,0,0,1,0,0,0,1,1,0,0,0,0,0,0,0,0,0,0,0,0,-0.00267680,-0.00261652,-0.00446397,-0.0008038, 0.00074631,sell
2012-04-24,1,0,0,0,2,0,1,1,0,0,0,1,0,0,1,0,0,0,1,1,0,0,1,0,1,0,0,0,0,0,0,0,-0.00516346,-0.00389022,-0.00680748,-0.0011718,-0.00370227,sell
2012-04-25,1,0,0,0,2,0,0,1,0,0,0,1,0,0,0,0,0,0,1,0,0,0,1,0,1,0,0,0,0,0,0,0,-0.00631218,-0.00541177,-0.00006091, 0.0020880,-0.00073692,sell
2012-04-26,1,0,0,0,2,0,0,1,0,0,0,1,0,0,0,0,0,0,1,0,0,0,1,0,1,0,0,0,0,0,0,0,-0.00631218,-0.00541177,-0.00006091, 0.0020880,-0.00073692,sell
2012-04-27,1,0,0,0,2,0,0,1,0,0,0,1,0,0,0,0,0,0,0,0,1,0,1,0,1,0,0,0,0,0,0,0,-0.00708104,-0.00491630,-0.00011004, 0.0039842,-0.00466182,sell
2012-04-28,1,0,0,0,2,0,0,0,0,0,0,0,0,0,0,0,0,0,0,0,1,0,1,0,1,0,0,0,0,0,0,0,-0.00377377, 0.00119781, 0.00492318, 0.0047190,-0.00117644,buy
2012-04-29,1,0,0,0,1,0,0,0,0,0,0,0,0,0,0,0,0,0,0,0,1,0,0,0,1,0,0,0,0,0,0,0, 0.00029655, 0.00522856, 0.00313880, 0.0003674, 0.00044119,buy
2012-04-30,1,0,0,0,1,1,0,0,0,0,1,0,0,0,0,0,0,0,0,0,1,0,0,0,1,0,0,0,0,0,0,0,-0.00176348, 0.00348770, 0.00374663, 0.0004134,-0.00231932,buy
2012-05-01,1,0,0,0,1,1,0,0,0,0,1,0,0,0,0,0,0,0,0,0,1,0,0,0,1,0,0,0,0,0,0,0,-0.00176348, 0.00348770, 0.00374663, 0.0004134,-0.00231932,buy
2012-05-02,0,1,0,0,2,1,1,0,1,1,1,0,0,0,0,1,0,0,0,0,0,0,0,0,1,0,0,0,0,0,0,0, 0.00201140, 0.00256717, 0.00087684, 0.0030157, 0.00141762,buy
2012-05-03,0,1,0,0,2,0,1,0,1,1,0,0,0,0,0,1,0,0,0,0,0,0,0,0,1,0,0,0,0,0,0,0, 0.00440436, 0.00409084, 0.00784807, 0.0052103, 0.00424604,buy
2012-05-04,0,1,0,1,2,0,1,0,1,1,0,0,1,0,0,1,0,0,0,0,0,0,0,0,1,0,0,0,0,0,0,0,-0.00185041, 0.00017845, 0.00395105,-0.0019145,-0.00199581,sell
2012-05-05,0,1,0,1,2,0,1,0,1,1,0,0,1,0,0,1,0,0,0,0,0,0,0,0,1,0,0,0,0,0,0,0,-0.00185041, 0.00017845, 0.00395105,-0.0019145,-0.00199581,sell
2012-05-06,1,0,0,1,1,0,0,0,0,0,0,0,1,0,0,0,0,0,0,0,0,0,0,0,1,0,0,0,1,0,0,0,-0.00065982,-0.00774500,-0.00263923,-0.0030118,-0.00670222,sell
2012-05-07,1,0,0,1,1,0,0,0,0,0,0,0,1,0,0,0,0,0,0,0,0,0,0,0,1,0,0,0,1,0,0,0,-0.00065982,-0.00774500,-0.00263923,-0.0030118,-0.00670222,sell
2012-05-08,1,0,0,0,1,0,0,0,0,0,0,0,0,0,0,0,0,0,0,0,0,0,0,0,1,0,0,0,1,0,0,0,-0.00587318,-0.00563392,-0.00580313,-0.0064374,-0.00430113,sell
2012-05-09,1,0,0,0,1,0,1,0,0,0,1,0,0,0,0,0,0,0,0,0,0,0,0,0,1,0,0,0,1,0,0,0,-0.00351422,-0.00404262,-0.00609463,-0.0051476,-0.00613623,sell
2012-05-10,1,0,0,0,1,1,1,0,0,0,1,0,0,0,0,0,1,1,0,0,0,0,1,0,1,0,0,0,1,0,0,0, 0.00156004, 0.00809255, 0.00368112, 0.0037389, 0.00714670,buy
2012-05-11,1,0,0,0,1,1,1,0,0,0,1,0,0,0,0,0,1,1,0,0,0,0,1,0,1,0,0,0,1,0,0,0, 0.00156004, 0.00809255, 0.00368112, 0.0037389, 0.00714670,buy
2012-05-12,2,1,1,0,3,1,1,0,0,1,1,0,0,0,1,0,1,1,0,0,1,1,1,0,1,0,0,0,1,1,0,0, 0.00157790, 0.00070142, 0.00117669,-0.0000364, 0.00332727,buy
2012-05-13,3,1,1,0,3,2,0,0,0,1,0,1,0,0,1,1,1,1,0,0,1,1,1,0,1,0,0,0,1,1,0,0, 0.00193528,-0.00139900, 0.00048991,-0.0037985, 0.00492868,buy
2012-05-14,3,1,1,0,3,2,0,0,0,1,0,1,0,0,1,1,0,1,0,0,1,1,1,0,1,0,0,0,1,1,0,0, 0.00092006,-0.00158036, 0.00091891,-0.0041455, 0.00018106,buy
2012-05-15,3,1,1,0,2,1,0,0,0,1,0,1,0,0,0,1,0,1,0,0,1,1,0,0,1,0,0,0,1,1,0,0, 0.00284596, 0.00188988, 0.00212138,-0.0006418, 0.00147421,buy
2012-05-16,1,1,1,0,2,1,0,0,0,0,0,0,0,0,0,0,0,1,0,0,1,1,0,0,1,0,0,0,1,1,0,1,-0.00257060,-0.00311968,-0.00030087, 0.0006012, 0.00035173,sell
2012-05-17,1,0,0,0,1,1,0,0,0,0,0,0,0,0,0,0,0,0,0,0,0,0,0,0,1,0,0,0,1,0,0,1,-0.00756549,-0.00687011,-0.00858341,-0.0086925,-0.00406237,sell
2012-05-18,1,0,0,0,1,1,0,0,0,0,0,0,0,0,0,0,0,0,0,0,0,0,0,0,1,0,0,0,1,0,0,1,-0.00756549,-0.00687011,-0.00858341,-0.0086925,-0.00406237,sell
2012-05-19,1,0,0,0,1,2,0,0,0,0,0,0,0,0,1,0,0,0,0,0,0,0,0,0,1,0,0,0,1,0,0,1,-0.00548139,-0.00326692,-0.00746317,-0.0068858,-0.00196718,sell
2012-05-20,1,1,1,0,2,2,0,0,0,0,0,1,1,0,1,1,0,0,0,0,0,0,0,0,1,0,0,0,1,0,0,1,-0.00142846,-0.00137637,-0.00195183,-0.0029858,-0.00462268,sell
2012-05-21,1,1,1,0,2,2,0,1,1,0,0,1,1,0,1,1,0,0,0,1,0,0,0,0,1,0,0,0,1,0,0,1, 0.00220664, 0.00509123, 0.00233519, 0.0003568, 0.00119193,buy
2012-05-22,1,1,1,0,2,1,0,1,1,0,0,1,1,0,0,1,0,0,0,1,0,0,0,0,1,0,0,0,1,0,0,1, 0.00244945, 0.00375300, 0.00262284, 0.0013038, 0.00096951,buy
2012-05-23,1,0,0,0,0,0,0,1,1,0,0,0,0,0,0,0,0,0,0,1,0,0,0,0,0,0,0,0,1,0,0,0,-0.00672652,-0.00603105,-0.00687006,-0.0020861,-0.00517524,sell
2012-05-24,1,0,0,0,0,0,0,1,0,0,0,0,0,0,0,0,0,0,0,1,0,0,0,0,0,0,0,0,1,0,0,0,-0.00279079,-0.00371522,-0.00269308,-0.0006803,-0.00177161,sell
2012-05-25,1,0,0,0,0,0,0,2,0,0,1,0,0,1,0,0,0,0,0,1,0,0,0,0,0,0,0,0,1,0,0,0,-0.00073446,-0.00189695,-0.00085860,-0.0039628,-0.00424092,sell
2012-05-26,1,0,0,0,0,0,1,1,0,0,1,0,0,1,0,0,0,0,0,0,0,0,1,0,0,0,0,0,1,0,0,0,-0.00102368,-0.00210500, 0.00032164,-0.0022550,-0.00171422,sell
2012-05-27,0,2,2,0,0,0,2,0,0,0,0,1,1,1,1,0,0,0,0,0,1,1,1,0,0,0,0,0,0,0,0,0,-0.00341385,-0.00338642,-0.00164960,-0.0037320,-0.00453642,sell
2012-05-28,0,2,2,0,0,0,2,0,0,0,0,1,1,1,1,0,0,0,0,0,1,1,1,0,0,0,0,0,0,0,0,0,-0.00341385,-0.00338642,-0.00164960,-0.0037320,-0.00453642,sell
2012-05-29,0,2,2,0,1,0,1,1,0,1,0,1,1,1,0,0,1,0,0,0,1,1,1,0,0,0,0,0,0,0,0,0,-0.00484041,-0.00534609,-0.00777319,-0.0091027,-0.00496686,sell
2012-05-30,0,1,1,0,1,0,1,1,0,1,0,0,0,0,0,0,1,0,0,0,1,1,1,0,0,0,0,0,0,0,0,0,-0.00355852,-0.00546507,-0.00572623, 0.0007455, 0.00242219,sell
2012-05-31,0,1,1,0,1,0,0,1,0,1,0,0,0,0,0,0,1,0,0,0,1,1,0,0,0,0,0,0,0,0,0,0,-0.00272621,-0.00150228,-0.00233585,-0.0029442, 0.00189280,sell
2012-06-01,0,0,1,0,0,0,0,1,0,1,0,0,0,0,0,1,0,0,0,0,1,0,0,0,0,0,0,0,0,0,0,0, 0.00483885,-0.00502563,-0.00219801,-0.0042749,-0.00360538,sell
2012-06-02,0,0,0,0,1,0,0,0,0,0,0,0,0,0,0,1,0,0,0,0,0,0,0,1,0,0,0,0,0,0,0,0, 0.00270801, 0.00399638,-0.00412900,-0.0035624, 0.00066179,buy
2012-06-03,1,0,0,0,2,0,0,1,0,0,0,0,1,0,0,0,0,0,0,0,0,0,0,1,0,1,0,0,0,0,0,1,-0.00287247,-0.00068210,-0.00155163, 0.0001388, 0.00039959,sell
2012-06-04,1,0,0,0,2,0,0,2,0,0,0,0,1,0,0,0,0,0,1,0,0,0,0,1,0,1,0,0,0,1,0,1, 0.00328025, 0.00303540, 0.00529107, 0.0028542, 0.00509037,buy
2012-06-05,1,0,0,0,3,0,0,2,1,0,0,0,1,0,0,0,0,0,1,0,0,0,0,1,0,1,0,0,0,1,0,1, 0.00673947, 0.00496048, 0.00673880, 0.0026166, 0.00687287,buy
2012-06-06,0,0,0,0,3,0,0,2,1,0,0,0,0,0,0,0,0,0,1,0,0,0,0,1,0,1,0,0,0,1,0,1, 0.00402182, 0.00382055, 0.00634010, 0.0004616, 0.00553468,buy
2012-06-07,0,0,0,0,3,1,0,1,1,0,0,0,0,0,0,0,1,0,1,0,0,0,0,1,0,0,0,0,0,1,0,1, 0.00220133, 0.00198556, 0.00726559, 0.0011169, 0.00270926,buy
2012-06-08,1,0,0,0,2,1,0,1,1,0,1,0,0,0,0,0,1,0,1,0,0,0,0,1,0,0,0,0,0,0,0,0,-0.00396747,-0.00131518, 0.00314685,-0.0024075,-0.00418778,sell
2012-06-09,1,0,0,0,1,1,0,1,0,0,1,0,0,0,0,0,1,0,1,0,0,0,0,1,0,0,0,0,0,0,0,0,-0.00478929,-0.00311505, 0.00129962,-0.0021220,-0.00418778,sell
2012-06-10,1,0,0,0,1,0,0,2,0,0,1,0,0,0,1,0,0,0,1,0,0,0,0,1,0,0,0,0,0,0,0,0,-0.00292827,-0.00392691,-0.00098161,-0.0021756,-0.00409395,sell
2012-06-11,1,0,0,1,0,0,0,2,0,0,0,1,0,0,1,0,0,0,1,0,0,1,0,0,0,0,0,0,0,0,0,0,-0.00418931, 0.00055597,-0.00091139,-0.0018604,-0.00080470,sell
2012-06-12,1,0,0,1,1,0,0,2,0,0,0,1,0,0,1,1,0,0,1,0,0,1,0,0,0,0,0,0,0,0,0,0,-0.00345080, 0.00012086, 0.00018539,-0.0005352,-0.00230776,sell
2012-06-13,1,0,0,1,1,0,0,0,0,0,0,1,0,0,0,1,0,0,0,0,0,1,0,0,0,0,0,0,0,0,0,0,-0.00077408,-0.00106692,-0.00322793, 0.0023968,-0.00031470,sell
2012-06-14,1,0,1,0,1,1,0,0,1,0,0,0,0,0,0,1,0,0,0,0,0,1,0,0,0,0,0,1,0,0,0,0,-0.00276999,-0.00181836,-0.00192374, 0.0041049, 0.00339076,sell
2012-06-15,1,0,1,0,0,1,1,0,1,0,0,0,0,0,0,0,0,0,0,0,0,1,0,0,0,0,0,1,0,0,1,0,-0.00345426, 0.00160740,-0.00485835, 0.0051260, 0.00211399,buy
2012-06-16,0,2,1,0,0,1,1,0,1,0,1,0,0,0,0,0,0,0,0,0,0,0,0,0,0,0,0,1,1,0,1,0, 0.00231835, 0.00582793, 0.00104584, 0.0055630,-0.00105364,buy
2012-06-17,0,2,1,0,0,1,1,0,1,0,1,0,0,0,0,0,0,0,0,0,0,0,0,0,0,0,0,1,1,0,1,0, 0.00231835, 0.00582793, 0.00104584, 0.0055630,-0.00105364,buy
2012-06-18,0,2,1,0,0,0,2,0,0,0,1,0,0,0,0,0,1,0,0,0,0,0,0,0,0,0,0,1,1,0,1,0, 0.00661623, 0.00693422, 0.00405400, 0.0043866, 0.00191085,buy
2012-06-19,0,1,1,0,0,1,3,1,0,1,0,0,1,0,0,1,1,0,0,0,0,0,0,0,0,0,0,1,1,0,1,0, 0.00358455, 0.00428910, 0.00355332, 0.0066580, 0.00259529,buy
2012-06-20,0,1,1,0,0,1,3,1,0,1,0,0,1,0,0,1,1,0,0,0,0,0,0,0,0,0,0,1,1,0,1,0, 0.00358455, 0.00428910, 0.00355332, 0.0066580, 0.00259529,buy
2012-06-21,0,1,1,0,1,1,3,1,0,1,0,0,1,0,0,1,1,1,0,0,0,0,0,0,0,0,0,1,1,0,1,0, 0.00528392, 0.00754371, 0.00632933, 0.0053626, 0.00761825,buy
2012-06-22,1,1,1,0,1,1,3,1,0,1,0,0,1,0,0,1,1,1,0,1,0,0,0,0,0,0,0,1,1,0,1,0, 0.00421129, 0.00551992, 0.00841482, 0.0034790, 0.00728247,buy
2012-06-23,1,1,1,0,1,0,2,0,0,1,0,0,0,0,0,0,0,1,0,1,0,0,0,0,0,0,0,1,1,0,1,0,-0.00638644,-0.00591788,-0.00012546,-0.0056683, 0.00835213,sell
2012-06-24,1,1,1,0,1,0,1,0,0,0,0,0,0,0,0,0,0,1,0,1,0,0,0,0,0,0,0,1,1,0,1,0,-0.00582160,-0.00864043,-0.00158223,-0.0074257, 0.00697116,sell
2012-06-25,1,1,1,0,1,0,1,0,0,0,0,0,0,0,0,0,0,1,0,1,0,0,0,0,0,0,0,1,1,0,1,0,-0.00582160,-0.00864043,-0.00158223,-0.0074257, 0.00697116,sell
2012-06-26,1,1,2,0,2,0,1,0,0,0,1,0,0,0,0,0,0,1,0,1,0,0,0,0,0,0,0,1,1,1,1,0,-0.00743570,-0.01046355,-0.00913556,-0.0051396, 0.00445362,sell
2012-06-27,0,1,2,1,1,0,2,1,1,0,1,0,0,0,0,0,0,0,0,0,1,0,1,0,0,0,0,1,1,1,1,0, 0.00427462, 0.00148572, 0.00066044, 0.0003478, 0.00335761,buy
2012-06-28,0,1,2,1,1,0,2,1,1,0,1,0,0,0,0,0,0,0,0,0,1,0,1,0,0,0,0,1,1,1,1,0, 0.00427462, 0.00148572, 0.00066044, 0.0003478, 0.00335761,buy
2012-06-29,0,1,2,1,1,0,2,1,1,0,1,0,0,0,0,0,0,0,0,0,1,0,1,0,0,0,0,1,1,1,1,0, 0.00427462, 0.00148572, 0.00066044, 0.0003478, 0.00335761,buy
2012-06-30,0,1,2,1,1,1,2,1,1,0,1,0,0,0,0,0,0,0,0,0,1,0,1,1,0,0,0,1,1,1,1,0, 0.00244176,-0.00019530,-0.00013975,-0.0012177, 0.00397970,buy
2012-07-01,0,1,2,1,1,1,3,1,1,0,0,1,0,0,0,1,0,0,0,0,1,0,1,1,0,0,0,1,1,1,1,0, 0.00166644,-0.00299718,-0.00407795,-0.0042574, 0.00166577,sell
2012-07-02,1,1,2,0,0,1,3,0,1,0,0,1,0,0,1,1,0,0,0,0,0,0,0,1,0,0,0,1,1,0,1,0,-0.00541135,-0.00314552,-0.00429617,-0.0035621,-0.00576332,sell
2012-07-03,1,1,2,0,0,1,2,0,0,0,0,1,0,0,1,1,0,0,0,0,0,0,0,1,0,0,0,1,1,0,1,0,-0.00545033,-0.00323172,-0.00046048,-0.0034996,-0.00545876,sell
2012-07-04,1,1,2,0,0,1,2,0,0,0,0,1,0,0,1,1,0,0,0,0,0,0,0,1,0,0,0,1,1,0,1,0,-0.00545033,-0.00323172,-0.00046048,-0.0034996,-0.00545876,sell
2012-07-05,1,1,2,0,0,1,2,0,0,0,0,1,0,0,1,1,0,0,0,0,0,0,0,1,0,0,0,1,1,0,1,0,-0.00545033,-0.00323172,-0.00046048,-0.0034996,-0.00545876,sell
2012-07-06,1,1,2,0,0,1,2,0,0,0,0,1,0,0,1,1,0,0,0,0,0,0,0,1,0,0,0,1,1,0,1,0,-0.00545033,-0.00323172,-0.00046048,-0.0034996,-0.00545876,sell
2012-07-07,1,2,2,0,0,1,2,0,0,0,0,1,0,0,1,1,0,0,0,1,0,0,0,1,0,0,0,1,1,0,1,0,-0.00462642,-0.00070713,-0.00289360,-0.0002680,-0.00410213,sell
2012-07-08,0,2,1,0,0,1,2,0,0,0,0,0,0,0,0,1,0,0,0,1,0,0,0,1,0,0,0,1,1,0,1,0, 0.00203299, 0.00386033, 0.00511820,-0.0012586, 0.00636971,buy
2012-07-09,0,2,1,0,0,0,2,0,0,0,0,0,0,0,0,1,0,0,0,1,0,0,0,0,0,0,0,1,1,0,1,0,-0.00114964,-0.00308443, 0.00264214,-0.0008204, 0.00666783,buy
2012-07-10,0,1,0,0,0,0,2,0,0,0,0,0,0,0,0,1,0,0,0,1,0,0,0,0,0,0,0,0,0,0,1,0,-0.00155053,-0.00106052, 0.00014465,-0.0005654, 0.00349993,sell
2012-07-11,0,1,0,0,0,1,1,0,0,0,0,0,0,0,0,1,0,1,0,1,0,0,0,0,0,0,0,0,0,0,0,0, 0.00306679, 0.00290088, 0.00192755, 0.0023993, 0.00380561,buy
2012-07-12,0,0,0,0,0,1,1,0,0,0,0,0,0,0,0,1,0,1,0,0,0,0,0,0,0,0,0,0,0,0,0,0,-0.00305941,-0.00237011,-0.00105397,-0.0038169,-0.00170099,sell
2012-07-13,0,0,0,0,0,1,1,1,0,0,0,0,0,0,0,1,0,1,0,0,0,1,0,0,0,0,0,0,0,0,0,0,-0.00483292,-0.00511254,-0.00292767,-0.0046614,-0.00359489,sell
2012-07-14,0,0,0,0,0,1,1,1,0,0,0,0,0,0,0,1,0,1,0,0,0,1,0,0,0,0,0,0,0,0,0,0,-0.00483292,-0.00511254,-0.00292767,-0.0046614,-0.00359489,sell
2012-07-15,0,0,0,0,0,1,1,1,0,0,0,0,0,0,0,1,0,1,0,0,0,1,0,0,0,0,0,0,0,0,0,0,-0.00483292,-0.00511254,-0.00292767,-0.0046614,-0.00359489,sell
2012-07-16,0,0,0,0,0,1,1,1,0,0,0,0,0,0,0,1,0,1,0,0,0,1,0,0,0,0,0,0,0,0,0,0,-0.00483292,-0.00511254,-0.00292767,-0.0046614,-0.00359489,sell
2012-07-17,0,0,0,0,0,0,1,1,0,0,0,0,0,0,0,1,0,0,0,0,0,1,0,0,0,0,0,0,0,0,0,0,-0.00426880,-0.00234099,-0.00277992,-0.0058240,-0.00288972,sell
2012-07-20,0,0,0,0,0,0,1,0,0,1,0,0,0,0,0,0,0,0,0,0,0,0,0,0,0,0,0,0,0,0,0,0, 0.00345415,-0.00208887,-0.00119684, 0.0038471,-0.00043823,sell
2012-07-21,0,0,0,0,0,0,1,0,0,1,0,0,0,0,0,0,0,0,0,0,0,0,0,0,0,0,0,0,0,0,0,0, 0.00345415,-0.00208887,-0.00119684, 0.0038471,-0.00043823,sell
2012-07-22,1,0,0,0,0,1,2,0,1,1,0,0,0,0,1,0,0,0,0,0,0,0,0,0,0,0,0,0,0,1,0,0,-0.00458648,-0.00624596,-0.00280487,-0.0038483,-0.00256493,sell
2012-07-23,1,0,2,0,0,1,2,0,1,1,0,1,0,0,1,0,0,0,0,1,0,0,0,0,0,0,0,0,0,1,0,0,-0.00269731, 0.00022763,-0.00107617,-0.0013596, 0.00117237,sell
2012-07-24,1,0,2,0,0,1,2,0,1,1,0,1,0,0,1,0,0,0,0,1,0,0,0,0,0,0,0,0,0,1,0,0,-0.00269731, 0.00022763,-0.00107617,-0.0013596, 0.00117237,sell
2012-07-25,1,0,2,0,0,1,1,0,1,0,0,1,0,0,1,0,0,0,0,1,0,0,0,0,0,0,0,0,0,1,0,0,-0.00313889,-0.00166437,-0.00407338,-0.0029354,-0.00155127,sell
2012-07-26,1,0,2,0,0,1,2,0,1,0,0,1,0,0,1,0,1,0,0,1,0,0,0,0,0,0,0,0,0,1,0,0,-0.00233113, 0.00120478, 0.00073568, 0.0001886, 0.00186080,buy
2012-07-27,1,0,2,0,0,2,3,0,1,0,0,1,0,1,1,1,1,0,0,1,0,0,0,1,0,0,0,0,0,1,0,0, 0.00008487, 0.00135181, 0.00289725,-0.0025321, 0.00442782,buy
2012-07-28,2,0,2,0,0,2,2,0,0,0,0,1,0,1,1,1,1,0,0,0,1,0,0,1,0,0,0,0,1,1,0,0,-0.00289101, 0.00050247, 0.00256688,-0.0043028, 0.00248131,buy
2012-07-29,2,0,2,0,0,2,2,0,0,0,0,1,0,1,0,1,1,0,0,0,1,0,1,1,0,0,0,0,1,1,0,0,-0.00428749, 0.00135743,-0.00084798,-0.0049112, 0.00003523,sell
2012-07-30,2,0,1,0,0,1,2,0,0,0,0,0,0,1,0,0,0,1,0,0,1,0,1,1,0,0,0,0,1,1,0,0, 0.00172871, 0.00011395,-0.00405028,-0.0017282,-0.00006114,sell
2012-07-31,2,0,2,0,0,1,2,0,0,0,1,0,0,0,0,0,0,1,0,0,1,0,1,1,0,0,0,0,1,1,0,0, 0.00223622, 0.00066379,-0.00213598,-0.0000130, 0.00166517,buy
2012-08-01,2,0,2,0,0,1,2,0,0,0,1,0,0,0,0,0,0,1,0,0,1,0,1,1,0,0,0,0,1,1,0,0, 0.00223622, 0.00066379,-0.00213598,-0.0000130, 0.00166517,buy
2012-08-02,2,0,1,0,0,1,2,0,0,0,1,0,0,0,0,0,0,1,0,0,0,0,1,1,0,0,0,0,1,1,0,0, 0.00224028,-0.00107537,-0.00325525,-0.0003498,-0.00106908,sell
2012-08-03,0,0,1,0,0,1,1,0,0,0,1,0,0,0,0,0,0,1,0,0,0,0,0,0,0,0,0,0,0,1,0,0, 0.00100656, 0.00183507, 0.00314545, 0.0026607,-0.00376530,buy
2012-08-04,0,0,1,0,0,1,1,0,0,0,1,0,0,0,0,0,0,1,0,0,0,0,0,0,0,0,0,0,0,1,0,0, 0.00100656, 0.00183507, 0.00314545, 0.0026607,-0.00376530,buy
2012-08-05,0,0,1,0,0,1,0,0,0,0,1,0,0,0,0,0,0,0,0,0,0,0,0,0,0,0,0,0,0,1,0,0, 0.00211678, 0.00005137, 0.00344643,-0.0000030,-0.00245831,buy
2012-08-06,0,0,1,0,0,1,0,0,0,0,1,0,0,0,0,0,0,0,0,0,0,0,0,0,0,0,0,0,0,1,0,0, 0.00211678, 0.00005137, 0.00344643,-0.0000030,-0.00245831,buy
2012-08-07,1,0,1,0,1,1,0,0,0,0,1,0,0,0,0,1,0,0,0,0,0,0,0,0,0,0,1,0,0,1,0,0,-0.00116856,-0.00111611, 0.00407860,-0.0018428,-0.00041417,sell
2012-08-08,1,0,1,0,1,1,0,0,0,0,1,0,0,0,0,1,0,0,0,0,0,0,0,0,0,0,1,0,0,1,0,0,-0.00116856,-0.00111611, 0.00407860,-0.0018428,-0.00041417,sell
2012-08-09,1,0,1,0,1,1,0,0,0,0,1,0,0,0,0,1,0,0,0,0,0,0,0,0,0,0,1,0,0,1,0,0,-0.00116856,-0.00111611, 0.00407860,-0.0018428,-0.00041417,sell
2012-08-10,1,0,1,0,1,1,0,0,0,0,1,0,0,0,0,1,0,0,0,0,0,0,0,0,0,0,1,0,0,1,0,0,-0.00116856,-0.00111611, 0.00407860,-0.0018428,-0.00041417,sell
2012-08-11,1,0,1,0,1,1,0,0,0,0,1,0,0,0,0,1,0,0,0,0,0,0,0,0,0,0,1,0,0,1,0,0,-0.00116856,-0.00111611, 0.00407860,-0.0018428,-0.00041417,sell
2012-08-12,1,1,1,0,1,1,0,0,0,0,1,0,0,0,0,1,0,0,0,0,1,0,0,0,0,0,1,0,0,1,0,0,-0.00402666,-0.00292124, 0.00154753,-0.0028963,-0.00078214,sell
2012-08-13,0,2,1,1,0,1,0,0,0,0,1,0,0,0,0,0,0,0,0,0,1,0,1,0,0,0,0,1,0,1,0,0,-0.00111997, 0.00361189,-0.00086650, 0.0001986,-0.00158149,sell
2012-08-14,0,2,1,1,0,1,1,1,0,0,1,0,0,0,0,0,0,0,1,0,1,0,1,0,0,0,0,1,0,1,1,0, 0.00634896, 0.00349685, 0.00193486, 0.0033104,-0.00128405,buy
2012-08-15,0,2,0,1,0,1,2,1,0,0,0,0,0,0,0,0,0,0,1,0,1,1,1,0,0,0,0,1,0,1,1,0, 0.00492125, 0.00463819,-0.00053060, 0.0049859, 0.00215598,buy
2012-08-16,0,2,1,1,0,1,2,1,0,0,0,1,0,0,0,0,0,0,1,0,1,1,1,0,0,0,0,1,0,1,1,0, 0.00404970, 0.00400439,-0.00004618, 0.0038370,-0.00042505,buy
2012-08-17,1,1,1,1,0,1,2,1,0,0,0,1,0,0,1,0,0,0,1,0,0,1,1,0,0,0,0,1,0,1,1,0, 0.00372588, 0.00369356, 0.00118982, 0.0035334,-0.00040153,buy
2012-08-18,1,0,1,0,0,1,2,1,0,0,0,1,0,0,1,0,0,0,1,0,0,1,0,0,0,0,0,0,0,1,1,0, 0.00404785, 0.00396620,-0.00116023, 0.0012885, 0.00285374,buy
2012-08-19,1,0,1,0,1,1,2,0,0,0,0,1,0,0,1,0,0,0,1,0,0,1,0,0,1,0,0,0,0,1,0,0, 0.00146528,-0.00028118,-0.00208903,-0.0020517,-0.00096161,sell
2012-08-20,1,0,0,0,1,1,1,0,0,0,0,0,0,0,1,0,0,0,1,0,0,0,0,0,1,0,0,0,0,1,0,0,-0.00074504,-0.00021925,-0.00062408,-0.0006755,-0.00260391,sell
2012-08-21,0,0,0,0,3,1,2,0,1,0,0,0,0,0,0,1,0,0,1,0,0,0,0,0,1,0,0,0,0,1,0,1,-0.00543903,-0.00314321,-0.00116402,-0.0032337,-0.00196668,sell
2012-08-22,0,0,0,1,3,1,3,0,1,0,0,0,0,0,0,1,1,0,1,1,0,0,0,0,1,0,0,0,0,1,0,1,-0.00302381,-0.00169332,-0.00092929,-0.0037344,-0.00071054,sell
2012-08-23,0,1,0,1,3,1,3,0,1,0,0,0,0,0,0,1,1,0,1,1,0,0,0,0,1,0,1,0,0,1,0,1,-0.00395261,-0.00260424,-0.00260337,-0.0057030,-0.00320913,sell
2012-08-24,0,1,0,1,2,1,3,0,1,0,0,0,0,0,0,1,1,0,1,1,0,0,0,0,0,0,1,0,0,1,0,1,-0.00298783,-0.00086008,-0.00205204, 0.0016119,-0.00225055,sell
2012-08-25,0,1,0,1,2,1,2,0,0,0,0,0,0,0,0,1,1,0,1,1,0,0,0,0,0,0,1,0,0,1,0,1,-0.00219966, 0.00180801,-0.00062250, 0.0039624,-0.00091079,sell
2012-08-26,0,2,0,1,2,1,1,0,0,0,0,1,0,0,0,1,0,0,1,1,0,0,0,0,0,0,1,0,0,1,0,1, 0.00152704, 0.00171559, 0.00395217, 0.0015258,-0.00120786,buy
2012-08-27,0,2,0,0,1,1,1,0,0,0,0,1,0,0,1,1,0,0,1,0,0,0,0,0,0,0,0,0,0,1,0,0, 0.00180425, 0.00002843,-0.00152465,-0.0032205,-0.00691335,sell
2012-08-28,1,2,1,0,0,1,1,0,0,0,0,1,1,0,1,0,0,0,0,0,1,0,1,0,0,0,0,0,0,1,0,0,-0.00359870,-0.00112497, 0.00223906, 0.0015092,-0.00098905,sell
2012-08-29,1,2,1,0,0,1,1,0,0,0,0,1,1,0,1,0,0,0,0,0,1,0,1,0,0,0,0,0,0,1,0,0,-0.00359870,-0.00112497, 0.00223906, 0.0015092,-0.00098905,sell
2012-08-30,1,0,1,0,0,1,1,0,0,0,0,0,1,0,0,0,0,0,0,0,1,0,1,0,0,0,0,0,0,1,0,0, 0.00045140,-0.00296565,-0.00220817, 0.0022829,-0.00004314,sell
2012-08-31,1,0,1,1,0,1,1,0,0,0,1,0,1,0,0,0,0,0,0,0,1,0,1,0,0,0,0,0,0,1,0,0,-0.00225557,-0.00230357,-0.00488654,-0.0052808,-0.00335250,sell
2012-09-01,1,0,1,1,0,2,0,1,0,0,1,0,0,0,0,0,0,0,0,0,1,1,1,0,0,0,0,0,1,1,0,0,-0.00112398, 0.00214494,-0.00083461,-0.0007573,-0.00019563,sell
2012-09-02,0,0,0,1,0,2,0,1,0,0,1,0,0,0,0,0,0,0,0,0,0,1,0,0,0,0,0,0,1,1,0,0, 0.00358580, 0.00331881,-0.00437118, 0.0040412, 0.00137648,buy
2012-09-03,1,0,1,0,0,2,1,1,0,1,0,1,0,0,1,0,0,0,0,0,0,1,0,0,0,0,0,0,1,1,0,0, 0.00074874, 0.00110008, 0.00087990,-0.0001343, 0.00519118,buy
2012-09-04,1,0,1,0,0,3,1,1,0,1,0,1,0,0,1,0,0,0,0,0,0,1,0,0,1,0,0,0,1,1,0,0,-0.00031633,-0.00028760, 0.00086274, 0.0024440, 0.00443178,buy
2012-09-05,1,0,1,0,0,3,1,2,0,1,0,1,0,0,1,0,0,1,0,0,0,1,0,0,1,0,0,0,1,1,0,0,-0.00146203,-0.00124090, 0.00176666, 0.0031214, 0.00534271,buy
2012-09-06,0,0,1,0,0,3,1,1,0,1,0,0,1,0,0,0,0,1,0,0,0,0,0,0,1,0,1,0,0,1,0,0, 0.00418757, 0.00616154,-0.00122391,-0.0000447, 0.00230536,buy
2012-09-07,0,0,1,0,0,3,0,2,1,0,0,0,1,0,0,0,0,1,0,0,0,0,0,0,1,0,1,0,0,1,0,0,-0.00170732, 0.00235093,-0.00248015,-0.0036339, 0.00199981,sell
2012-09-08,0,0,1,0,0,3,0,2,1,0,0,0,1,1,0,0,0,1,0,0,0,0,0,0,1,0,1,0,0,1,0,0,-0.00221616, 0.00957317,-0.00401652,-0.0009241,-0.00199859,sell
2012-09-09,0,0,1,0,0,3,0,2,1,0,0,0,0,1,0,1,0,1,0,0,0,0,0,0,0,0,1,0,0,1,0,1, 0.00230029, 0.00505870, 0.00077013, 0.0034652, 0.00110941,buy
2012-09-10,0,0,0,0,0,3,0,3,1,0,0,0,0,1,0,1,1,0,0,0,0,0,0,1,0,0,0,0,0,1,0,1,-0.00014954, 0.00335973,-0.00195299,-0.0015664, 0.00054982,buy
2012-09-11,1,0,1,0,0,3,0,2,0,0,0,0,0,1,0,1,1,0,0,0,0,0,0,1,0,0,0,1,0,1,1,1,-0.00080668, 0.00122386,-0.00267951,-0.0034403,-0.00392737,sell
2012-09-12,1,0,1,0,0,3,0,2,0,0,0,0,0,1,0,1,1,0,0,0,0,0,0,1,0,0,0,1,0,1,1,1,-0.00080668, 0.00122386,-0.00267951,-0.0034403,-0.00392737,sell
2012-09-13,1,0,1,0,0,3,0,2,0,0,0,0,0,0,0,1,1,0,0,0,0,0,0,1,0,0,0,1,0,1,1,1, 0.00025161, 0.00297246, 0.00115774, 0.0002704,-0.00068126,buy
2012-09-14,1,0,1,0,1,3,0,1,0,0,0,0,1,0,0,1,0,0,0,0,0,0,0,1,0,0,0,1,0,1,1,1, 0.00448414, 0.00578641, 0.00270224, 0.0025745, 0.00326987,buy
2012-09-15,0,0,0,0,1,1,0,1,0,0,0,0,1,0,0,0,0,0,0,0,0,0,0,1,0,0,0,0,0,1,0,0,-0.00143465,-0.00107661,-0.00005152,-0.0010466,-0.00383622,sell
2012-09-16,0,0,1,0,1,2,0,1,0,1,1,0,1,0,0,0,0,0,0,0,0,0,0,1,0,0,0,0,0,1,0,0, 0.00339574, 0.00290985, 0.00767221, 0.0081669,-0.00129848,buy
2012-09-17,0,0,1,0,0,2,0,0,0,1,1,0,0,0,0,0,0,0,0,0,0,0,0,0,0,0,0,0,0,1,0,0, 0.00629809, 0.00307655, 0.00700955, 0.0035752,-0.00101759,buy
2012-09-18,0,0,1,0,1,1,0,0,0,1,1,0,0,0,0,0,0,0,0,0,0,1,0,0,0,0,0,0,0,0,0,0, 0.00221562, 0.00053786, 0.00288168,-0.0000316,-0.00044940,buy
2012-09-19,0,0,0,1,1,1,1,1,0,1,0,1,0,0,1,0,0,0,0,0,0,1,0,0,1,0,0,0,0,0,0,0,-0.00889230,-0.00437042,-0.00213770,-0.0044750, 0.00009916,sell
2012-09-20,0,0,0,1,1,0,1,1,0,0,0,1,0,0,1,0,0,0,0,0,0,1,0,0,1,0,0,0,0,0,0,0,-0.00546801,-0.00527459,-0.00264088,-0.0046836,-0.00117170,sell
2012-09-21,0,0,1,1,1,0,1,1,0,0,0,1,0,0,1,0,0,0,0,1,0,1,0,0,1,0,0,0,0,0,0,0,-0.00725709,-0.00359162,-0.00259026,-0.0018662, 0.00150415,sell
2012-09-22,0,0,1,1,1,0,1,2,0,0,0,1,0,0,1,0,0,0,0,1,0,1,0,0,1,1,0,0,0,0,0,0,-0.00543808, 0.00074858,-0.00008350, 0.0022259, 0.00382432,buy
2012-09-23,0,0,1,0,1,0,0,1,0,0,0,0,0,0,0,0,0,0,0,1,0,1,0,0,0,1,0,0,0,0,0,0,-0.00568400,-0.00559945,-0.00062691,-0.0007383,-0.00593454,sell
2012-09-24,0,2,1,0,0,0,0,1,0,0,0,0,0,0,0,0,0,0,0,1,0,0,0,0,0,1,0,1,0,0,1,0,-0.00099706,-0.00275979,-0.00426098, 0.0065841,-0.00193323,sell
2012-09-25,1,3,1,0,0,0,1,1,1,0,1,0,0,0,0,0,0,0,0,1,0,0,0,0,0,1,0,1,0,0,1,1,-0.00292352,-0.00127915,-0.00214301,-0.0016703,-0.00208644,sell
2012-09-26,1,3,0,0,0,0,1,1,1,0,1,0,0,0,0,0,0,0,0,0,0,0,0,0,0,1,0,1,0,0,1,1,-0.00141410,-0.00140236,-0.00285768,-0.0015725,-0.00052164,sell
2012-09-27,1,3,0,1,0,0,1,2,1,0,1,0,0,0,0,0,0,0,0,0,1,0,1,0,0,1,0,1,0,0,1,1, 0.00026951, 0.00187480,-0.00099629, 0.0023121,-0.00253910,sell
2012-09-28,0,1,0,1,0,0,1,2,0,0,0,0,0,0,0,0,0,0,0,0,1,0,1,0,0,1,0,1,0,0,0,1,-0.00002527, 0.00119288,-0.00381935, 0.0012192,-0.00397537,sell
2012-09-29,0,0,0,1,0,0,1,2,0,0,0,0,0,0,0,0,0,0,0,0,1,0,1,0,0,1,0,0,0,0,0,1, 0.00283354, 0.00487681, 0.00265593, 0.0054546, 0.00568458,buy
2012-09-30,1,0,0,1,0,0,0,2,0,0,0,0,0,0,0,0,1,0,0,0,1,0,1,0,0,1,0,0,0,0,0,0,-0.00267497,-0.00213589,-0.00347335, 0.0001726,-0.00313175,sell
2012-10-01,1,0,0,1,1,0,1,2,0,1,0,0,0,0,0,0,1,0,0,0,1,0,1,0,0,1,0,0,1,0,0,0,-0.00094794,-0.00493679,-0.00438818,-0.0041582,-0.00487709,sell
2012-10-02,1,0,0,1,1,1,1,0,0,1,0,0,0,0,0,0,1,0,1,0,0,0,0,0,0,0,1,0,1,0,0,0, 0.00081517,-0.00147570,-0.00325773, 0.0013890, 0.00181414,buy
2012-10-03,1,0,0,1,1,1,1,0,0,1,0,0,1,0,0,0,1,0,1,0,0,0,0,0,0,0,1,0,1,0,0,0, 0.00228894, 0.00074081,-0.00058120, 0.0025556, 0.00077216,buy
2012-10-04,1,0,0,1,1,1,1,0,0,1,1,0,1,0,0,0,0,0,1,0,0,0,0,0,0,0,1,0,1,0,0,0, 0.00269439, 0.00201294, 0.00150198, 0.0045536,-0.00040398,buy
2012-10-05,1,1,0,1,1,1,0,0,1,1,1,0,1,0,0,0,0,0,1,0,0,0,0,0,0,0,1,0,0,0,0,0, 0.00074619, 0.00283348, 0.00067868, 0.0000145, 0.00003615,buy
2012-10-06,1,2,1,0,1,1,0,0,1,1,1,0,1,0,0,0,0,0,1,1,0,0,0,0,0,0,0,0,0,0,1,0, 0.00254773, 0.00534338, 0.00345274, 0.0021432, 0.00157986,buy
2012-10-07,3,2,1,0,0,1,1,0,1,0,1,0,0,0,0,1,0,1,1,1,0,0,0,0,0,0,0,1,0,0,1,0,-0.00393097,-0.00456668, 0.00094600,-0.0047087, 0.00194569,sell
2012-10-08,2,1,2,0,0,1,2,0,0,0,0,1,0,0,1,1,0,1,1,1,0,0,0,0,0,0,0,1,0,0,1,0,-0.00371615,-0.00297375, 0.00042731,-0.0033664,-0.00031106,sell
2012-10-09,2,1,2,0,0,1,2,0,0,0,0,1,0,0,1,1,0,1,1,1,0,0,0,0,0,0,0,1,0,0,1,0,-0.00371615,-0.00297375, 0.00042731,-0.0033664,-0.00031106,sell
2012-10-10,2,1,2,0,0,1,2,0,0,0,0,1,0,0,1,1,0,1,1,1,0,0,0,0,0,0,0,1,0,0,1,0,-0.00371615,-0.00297375, 0.00042731,-0.0033664,-0.00031106,sell
2012-10-11,2,1,1,0,0,1,2,0,0,0,0,1,0,0,1,1,1,1,1,0,0,0,0,0,0,0,0,1,0,0,0,0,-0.00069267,-0.00321540, 0.00228586, 0.0015115, 0.00274821,buy
2012-10-12,0,1,0,0,0,1,1,0,0,0,0,0,0,0,0,1,1,0,1,0,0,0,0,0,0,0,0,0,0,0,0,0,-0.00020226,-0.00127983,-0.00591400,-0.0054874, 0.00020902,sell
2012-10-13,0,1,0,0,0,1,1,0,0,0,0,0,0,0,0,1,1,0,1,0,0,0,0,0,0,0,0,0,0,0,0,0,-0.00020226,-0.00127983,-0.00591400,-0.0054874, 0.00020902,sell
2012-10-14,0,1,0,0,0,1,1,0,0,0,0,0,0,0,0,1,1,0,1,0,0,0,0,0,0,0,0,0,0,0,0,0,-0.00020226,-0.00127983,-0.00591400,-0.0054874, 0.00020902,sell
2012-10-15,0,0,1,0,0,2,1,1,1,0,0,0,0,0,0,1,0,0,1,0,0,0,0,0,1,0,0,0,1,0,0,0, 0.00248917, 0.00495422, 0.00380681, 0.0044191, 0.00376070,buy
2012-10-16,1,0,1,0,0,2,1,1,1,0,0,0,0,0,0,1,0,0,1,0,0,0,0,1,1,0,0,0,1,0,0,0, 0.00094021, 0.00246874, 0.00219134, 0.0026037,-0.00238961,buy
2012-10-17,1,0,1,0,0,2,1,1,1,0,0,0,0,0,0,1,0,0,1,0,0,0,0,1,1,0,0,0,1,0,0,0, 0.00094021, 0.00246874, 0.00219134, 0.0026037,-0.00238961,buy
2012-10-18,1,0,1,0,0,1,1,1,1,0,0,0,0,0,0,1,0,0,0,0,0,0,0,1,1,0,0,0,1,0,0,0,-0.00411125, 0.00317861, 0.00128578, 0.0012858,-0.00267745,buy
2012-10-19,1,1,0,0,0,1,1,0,0,0,0,0,0,0,1,1,0,0,0,0,0,0,0,1,0,0,0,0,1,0,0,0,-0.00009828,-0.00233103,-0.00266381,-0.0009665,-0.00148246,sell
2012-10-20,1,1,0,0,0,1,1,0,0,0,0,1,0,0,1,1,0,0,0,0,0,0,0,1,0,0,0,0,0,0,0,0, 0.00589131, 0.00008315,-0.00165137,-0.0014317, 0.00148114,buy
2012-10-21,1,2,0,0,0,1,1,0,0,0,0,1,0,0,1,1,0,1,0,1,0,0,0,0,0,0,0,0,0,0,0,0, 0.00572385, 0.00610268, 0.00562888, 0.0059195, 0.00582838,buy
2012-10-22,1,2,0,0,0,1,1,0,0,0,0,1,0,0,1,1,0,1,0,1,0,0,0,0,0,0,0,0,0,0,0,0, 0.00572385, 0.00610268, 0.00562888, 0.0059195, 0.00582838,buy
2012-10-23,1,1,1,0,0,1,1,1,0,0,0,1,0,0,0,1,1,1,0,1,0,1,0,0,0,0,0,0,0,0,0,1, 0.00287086,-0.00356725,-0.00131866,-0.0001053,-0.00160544,sell
2012-10-24,1,1,1,0,0,0,1,1,0,0,0,0,0,0,0,1,1,1,0,1,0,1,0,0,0,0,0,0,0,0,0,1, 0.00204957,-0.00435901, 0.00092023,-0.0002455,-0.00364822,sell
2012-10-25,1,1,1,0,0,0,1,1,0,0,0,0,0,0,0,1,1,1,0,1,0,1,0,0,0,0,0,0,0,0,0,1, 0.00204957,-0.00435901, 0.00092023,-0.0002455,-0.00364822,sell
2012-10-26,0,0,2,0,0,0,1,1,0,0,0,0,0,0,0,1,1,0,0,0,0,1,1,0,0,0,0,0,0,0,0,1,-0.00146314,-0.00327902,-0.00530964,-0.0019283,-0.00669327,sell
2012-10-27,0,0,2,0,0,0,1,1,0,0,1,0,0,0,0,1,0,0,0,0,0,1,1,0,0,0,1,0,0,0,0,0,-0.00523288,-0.00482713,-0.00580019,-0.0061497,-0.00264092,sell
2012-10-28,0,0,2,0,0,0,2,1,0,0,1,0,0,0,0,1,0,0,0,0,1,0,1,0,0,0,1,0,0,0,0,0,-0.00296853,-0.00108013,-0.00608499,-0.0045699,-0.00260364,sell
2012-10-29,0,0,2,0,1,0,2,1,0,0,1,0,0,0,0,1,0,0,0,0,1,0,1,0,0,0,1,0,1,0,0,0,-0.00536836,-0.00145648,-0.00543567,-0.0082438,-0.00197305,sell
2012-10-30,0,0,2,0,2,0,2,1,0,0,1,0,1,0,0,1,0,0,0,0,1,0,1,0,0,0,1,0,1,0,0,0, 0.00122093,-0.00100633,-0.00285243,-0.0049138,-0.00475724,sell
2012-10-31,0,1,0,1,2,0,2,1,0,0,1,0,1,0,0,1,0,0,0,0,1,0,0,1,0,0,0,0,1,0,1,0, 0.00387484, 0.00253708, 0.00350356, 0.0014245, 0.00269983,buy
2012-11-01,0,1,0,1,2,0,1,1,0,0,1,0,1,0,0,0,0,0,0,0,1,0,0,1,0,0,0,0,1,0,1,0, 0.00439555, 0.00236836, 0.00160732, 0.0008731, 0.00174840,buy
2012-11-02,0,1,0,1,1,0,0,1,0,0,0,0,1,0,0,0,0,0,0,0,0,0,0,1,0,0,0,1,0,0,1,0,-0.00137767,-0.00492348,-0.00013946,-0.0008655,-0.00561893,sell
2012-11-03,1,1,0,1,1,0,0,1,0,0,0,0,1,0,1,0,0,0,0,0,0,0,0,1,0,0,0,1,0,0,1,0, 0.00213801, 0.00125335, 0.00098033, 0.0001257,-0.00038063,buy
2012-11-04,1,0,1,0,1,0,0,1,0,0,0,0,1,0,1,0,0,1,0,0,0,0,0,0,0,0,0,1,0,0,0,0,-0.00237581,-0.00104088,-0.00185308,-0.0049596,-0.00266012,sell
2012-11-05,1,0,1,0,1,0,0,1,0,0,0,0,1,0,1,0,0,1,0,0,0,0,0,0,0,0,0,1,0,0,0,0,-0.00237581,-0.00104088,-0.00185308,-0.0049596,-0.00266012,sell
2012-11-06,1,0,1,0,1,0,0,0,0,0,0,0,1,0,1,0,0,1,0,0,0,0,0,0,0,0,0,0,0,0,0,0,-0.00326912,-0.00151738, 0.00250616,-0.0049547,-0.00277467,sell
2012-11-07,2,0,1,0,1,0,0,0,0,0,0,0,1,0,1,0,0,1,0,0,0,0,0,0,1,0,0,0,0,0,0,0,-0.00556155,-0.00411876,-0.00218097,-0.0058705,-0.00470626,sell
2012-11-08,2,1,1,0,1,0,0,0,0,0,0,0,1,0,1,0,0,1,0,0,0,0,0,0,1,0,1,0,0,0,0,0,-0.00487433,-0.00398898,-0.00231356,-0.0058227,-0.00393515,sell
2012-11-09,2,1,0,0,1,0,0,0,0,0,0,0,1,0,1,0,0,0,0,0,0,0,0,0,1,0,1,0,0,0,0,0,-0.00489919,-0.00480033,-0.00263459,-0.0051028,-0.00449243,sell
2012-11-10,2,2,0,0,1,1,0,0,0,0,0,0,1,0,1,1,0,0,0,0,0,0,1,0,1,0,1,0,0,0,0,0,-0.00416019,-0.00381274,-0.00357677,-0.0064900,-0.00536297,sell
2012-11-11,0,2,0,0,1,1,0,1,0,0,1,0,1,0,0,1,0,0,0,0,0,0,1,0,0,0,1,0,0,0,0,0, 0.00266811,-0.00078832,-0.00050292,-0.0027394,-0.00386551,sell
2012-11-12,0,1,0,0,0,2,0,1,0,0,1,0,0,0,0,1,0,0,0,0,1,0,1,0,0,0,0,0,0,0,0,0, 0.00660914, 0.00780870, 0.00116783, 0.0021957, 0.00394910,buy
2012-11-13,0,1,1,0,1,1,0,1,0,0,1,0,0,0,0,0,0,0,0,0,1,0,1,1,0,0,0,0,0,1,0,0, 0.00539275, 0.00234925, 0.00041965, 0.0023775, 0.00477601,buy
2012-11-14,0,0,1,0,2,1,0,1,0,1,1,0,0,0,0,0,0,0,0,0,1,0,0,1,0,0,0,0,0,1,0,0, 0.00366633, 0.00425338, 0.00247358, 0.0080418, 0.00510942,buy
2012-11-15,1,0,1,0,2,1,0,1,0,1,1,0,0,0,0,0,0,0,0,0,1,0,0,1,0,0,0,0,0,1,0,1, 0.00283267, 0.00193201, 0.00084710, 0.0072618, 0.00315925,buy
2012-11-16,1,0,1,0,2,1,0,0,0,1,0,0,0,1,0,0,0,0,0,0,1,0,0,1,0,0,0,0,0,1,0,1,-0.00351258,-0.00202700,-0.00425050, 0.0070178, 0.00059784,sell
2012-11-17,1,0,0,0,2,0,0,0,0,0,0,0,0,1,0,1,0,0,0,0,0,0,0,0,0,0,0,0,0,1,0,1,-0.00097354,-0.00054369,-0.00224958,-0.0004153,-0.00269676,sell
2012-11-18,0,1,1,0,2,1,0,0,0,0,0,1,0,1,0,1,1,0,0,0,0,0,0,0,1,0,0,0,0,1,0,0,-0.00025366, 0.00223695,-0.00070363,-0.0011238,-0.00061286,sell
2012-11-19,0,1,1,0,1,1,0,0,0,0,0,1,0,0,0,0,1,0,0,0,0,0,0,0,1,0,0,0,0,1,0,0,-0.00315884, 0.00076974,-0.00321498,-0.0027417,-0.00355261,sell
2012-11-20,1,2,1,0,1,1,0,1,0,0,0,1,0,0,1,0,1,0,0,1,0,0,0,0,1,0,1,0,0,1,0,0,-0.00251053, 0.00329854,-0.00025211, 0.0058031, 0.00328743,buy
2012-11-21,1,2,1,0,1,2,0,1,0,1,0,1,0,0,1,0,1,0,0,1,0,0,0,0,1,0,1,0,0,1,0,0,-0.00270582, 0.00058660,-0.00427338, 0.0054512, 0.00371959,buy
2012-11-22,1,1,1,0,1,1,0,1,0,1,0,0,0,0,1,0,1,0,0,1,0,0,0,0,0,0,1,0,0,1,0,0,-0.00565479,-0.00226451,-0.00311619,-0.0017204,-0.00367722,sell
2012-11-23,1,1,0,0,1,1,0,1,0,1,0,0,0,0,1,0,0,0,0,1,0,0,0,0,0,0,1,0,0,1,0,0,-0.00362279,-0.00316089,-0.00262449,-0.0045210,-0.00291231,sell
2012-11-24,2,1,1,0,1,1,0,1,0,1,0,0,0,0,1,0,0,0,0,1,0,0,1,0,0,0,1,0,0,1,1,0,-0.00447213,-0.00052708,-0.00067101,-0.0023385,-0.00431892,sell
2012-11-25,1,2,1,0,2,0,1,0,0,0,0,0,0,0,1,0,0,0,0,0,0,1,1,0,0,1,0,0,1,1,1,1,-0.00521161, 0.00000301, 0.00149360,-0.0056722,-0.00340360,sell
2012-11-26,1,2,1,0,2,0,1,0,0,0,0,0,0,0,1,0,0,0,0,0,0,1,1,0,0,1,0,0,1,1,1,1,-0.00521161, 0.00000301, 0.00149360,-0.0056722,-0.00340360,sell
2012-11-27,1,2,1,0,2,0,2,0,0,0,0,0,0,0,1,0,0,0,0,0,0,1,1,0,0,1,0,1,1,1,1,1,-0.00520597, 0.00008275, 0.00264210,-0.0055962,-0.00390879,sell
2012-11-28,1,2,1,0,4,0,2,0,0,0,0,0,0,0,1,0,1,0,1,0,1,1,1,0,0,1,0,1,1,1,0,1,-0.00207271, 0.00057647, 0.00121972,-0.0041284,-0.00116663,sell
2012-11-29,0,1,2,0,4,0,2,0,0,0,0,0,0,0,1,0,1,0,1,0,1,1,0,0,1,1,0,1,0,1,0,0, 0.00284528, 0.00562683, 0.00515874,-0.0004946, 0.00217059,buy
2012-11-30,0,1,2,0,4,0,2,0,0,0,0,0,0,0,1,0,1,0,1,0,1,1,0,0,1,1,0,1,0,1,0,0, 0.00284528, 0.00562683, 0.00515874,-0.0004946, 0.00217059,buy
2012-12-01,0,1,2,1,3,0,1,0,0,0,0,0,0,0,1,0,1,1,1,0,1,0,0,0,1,1,0,0,0,1,0,0, 0.00164026,-0.00177013, 0.00064376,-0.0015319,-0.00300143,sell
2012-12-02,0,1,2,1,2,0,1,0,0,0,0,0,0,0,1,0,1,1,1,0,1,0,0,0,1,1,0,0,0,0,0,0,-0.00097340,-0.00679502,-0.00066534,-0.0025824,-0.00334068,sell
2012-12-03,0,1,1,1,1,1,1,0,0,0,0,1,0,0,1,0,1,1,1,0,0,0,0,0,0,1,0,0,0,0,0,0, 0.00026084,-0.00216669,-0.00005478,-0.0004840,-0.00095209,sell
2012-12-04,0,0,0,1,1,1,1,0,0,0,0,1,0,0,0,0,0,1,1,0,0,0,0,0,0,1,0,0,0,0,0,0, 0.00235599,-0.00183534,-0.00304967,-0.0017212,-0.00333554,sell
2012-12-05,0,0,1,0,1,1,0,0,0,0,0,1,0,0,0,0,0,0,1,0,0,0,0,0,0,0,0,0,0,0,0,1,-0.00262664, 0.00379694, 0.00078900,-0.0017936, 0.00205136,buy
2012-12-06,0,1,1,0,1,1,0,0,0,0,0,1,0,0,0,0,0,0,1,0,0,0,0,0,0,0,0,0,0,0,1,1, 0.00688866, 0.00672538, 0.00729950, 0.0015275, 0.00665396,buy
2012-12-07,0,1,1,1,1,1,0,0,0,0,0,1,0,0,0,0,0,0,1,0,0,0,0,1,0,0,0,0,0,0,1,1, 0.00380975, 0.00561427, 0.00732054, 0.0029460, 0.00606944,buy
2012-12-08,0,1,1,1,1,0,0,0,0,0,0,0,0,0,0,0,0,0,1,0,0,0,0,1,0,0,0,0,0,0,1,1,-0.00779295, 0.00161955, 0.00126070, 0.0004513, 0.00100441,buy
2012-12-09,0,1,0,1,1,1,0,0,0,0,0,0,0,0,0,0,0,0,1,0,0,0,0,1,0,0,0,1,0,0,1,0,-0.00114089,-0.00789983,-0.00101871,-0.0008166,-0.00633736,sell
2012-12-10,0,0,0,1,1,1,0,1,0,0,1,0,0,0,0,0,0,0,1,0,0,0,0,1,0,0,0,1,0,0,0,0, 0.00079061, 0.00120372, 0.00278553, 0.0004699,-0.00065193,buy
2012-12-11,0,0,0,0,1,1,0,1,0,0,1,0,0,0,0,0,0,0,1,0,0,0,0,0,0,0,0,1,0,0,0,0,-0.00178977, 0.00056313, 0.00201976,-0.0000380,-0.00246886,sell
2012-12-12,0,0,0,0,1,2,0,1,0,0,1,0,0,0,0,0,0,0,1,0,0,1,0,0,0,0,0,1,0,0,0,0, 0.00244731, 0.00495762, 0.00502918, 0.0032980, 0.00200701,buy
2012-12-13,1,0,0,0,1,2,0,1,0,1,1,0,0,0,1,0,0,0,1,0,0,1,0,0,0,0,0,0,0,0,0,0, 0.00546903,-0.00174297, 0.00550153, 0.0012026, 0.00308285,buy
2012-12-14,1,0,0,0,1,2,0,0,0,1,0,0,0,0,1,0,0,0,1,0,0,1,0,0,0,0,0,0,0,0,0,0,-0.00242600,-0.00400121, 0.00151349,-0.0018481,-0.00247913,sell
2012-12-15,1,0,0,0,1,2,0,1,0,1,0,0,1,0,1,0,0,0,0,0,0,1,0,0,0,0,1,0,0,0,0,0,-0.00046845,-0.00511535,-0.00358156,-0.0044051,-0.00247728,sell
2012-12-16,0,0,0,1,2,2,0,1,1,1,0,1,1,0,0,0,0,0,0,0,0,1,0,0,0,0,1,0,0,0,0,0, 0.00243233,-0.00161141,-0.00330511,-0.0022231,-0.00068879,sell
2012-12-17,0,0,0,1,2,1,0,1,1,1,0,1,1,0,0,0,0,0,0,0,0,0,0,0,0,0,1,0,0,0,0,0,-0.00013471,-0.00459561,-0.00393163,-0.0071648,-0.00172415,sell
2012-12-18,1,0,0,1,2,1,0,1,1,1,0,1,1,0,0,0,0,0,0,0,0,0,0,0,0,0,1,0,0,0,1,0, 0.00284191, 0.00333030, 0.00140788, 0.0002876, 0.00437006,buy
2012-12-19,1,0,0,1,0,1,0,0,1,1,0,0,0,0,0,0,0,0,0,0,0,0,0,0,0,0,0,0,0,0,1,0,-0.00438531, 0.00045854, 0.00236818, 0.0009520, 0.00273259,buy
2012-12-20,1,0,0,1,0,0,1,0,0,0,0,0,0,0,0,0,1,0,0,1,0,0,0,0,0,0,0,0,0,0,1,0,-0.00820790,-0.00348308,-0.00856690,-0.0065046, 0.00272128,sell
2012-12-21,1,0,0,2,2,0,1,0,0,0,0,0,0,0,0,0,1,0,0,1,0,0,0,0,1,0,0,1,1,0,1,0,-0.00188128,-0.00356615,-0.00267145,-0.0059688,-0.00141737,sell
2012-12-22,0,0,0,2,2,0,1,0,0,0,0,0,0,0,0,0,1,0,0,1,0,0,0,0,1,0,0,1,1,0,0,0,-0.00062174,-0.00188578,-0.00111500,-0.0041829,-0.00116596,sell
2012-12-23,0,0,0,1,2,0,1,0,0,0,0,0,0,0,0,0,0,0,0,1,0,0,0,0,1,0,0,1,1,0,0,0, 0.00330313, 0.00082885, 0.00228300,-0.0009216, 0.00326137,buy
2012-12-24,0,0,0,1,2,0,1,1,0,0,0,0,0,0,0,0,0,0,0,1,0,0,1,0,1,0,0,1,1,0,0,0, 0.00272311, 0.00101513,-0.00154261,-0.0022506, 0.00182572,buy
2012-12-25,0,0,0,1,1,0,0,1,0,0,0,0,0,0,0,0,0,0,0,0,0,0,1,0,0,0,0,1,0,0,0,1,-0.00063831,-0.00086432,-0.00233833, 0.0000657, 0.00770182,sell
2012-12-26,0,0,0,1,0,1,0,1,0,0,0,0,1,0,0,0,0,0,0,0,0,0,1,0,0,0,0,0,0,0,0,1,-0.00158219,-0.00038821,-0.00381203,-0.0009566, 0.00398751,sell
2012-12-27,0,0,1,1,0,2,0,1,0,0,0,0,1,0,0,0,0,1,0,0,0,0,1,0,0,1,0,0,0,0,0,1,-0.00552879, 0.00158949,-0.00567843, 0.0023440, 0.00455002,buy
2012-12-28,0,0,1,1,0,2,1,1,0,0,0,0,1,0,0,0,0,1,0,0,1,1,1,0,0,1,0,0,0,0,0,1,-0.00280259,-0.00522141,-0.00337802,-0.0040955,-0.00370101,sell
2012-12-29,0,0,1,0,0,2,1,0,0,0,0,0,1,0,0,0,0,1,0,0,1,1,0,0,0,1,0,0,0,0,0,0,-0.00153017,-0.00654597,-0.00360123,-0.0049996,-0.00512914,sell
2012-12-30,0,0,1,0,0,1,2,0,0,0,1,0,0,0,0,0,0,1,0,0,1,1,0,0,0,1,0,0,0,0,0,0, 0.00306810, 0.00061174, 0.00366473, 0.0017613, 0.00422321,buy
2012-12-31,0,0,2,0,0,1,2,0,0,0,1,0,0,0,0,0,0,1,0,0,1,1,0,1,0,1,0,0,0,0,0,0, 0.00271714,-0.00179994, 0.00336289, 0.0012868, 0.00176178,buy
2013-01-01,0,0,1,0,0,1,2,0,0,0,1,0,0,0,0,0,0,0,0,0,1,1,0,1,0,1,0,0,0,0,0,0, 0.00280763,-0.00480837, 0.00188796, 0.0003131,-0.00052456,buy
2013-01-02,0,0,1,0,0,1,1,1,0,0,1,0,0,0,1,0,0,0,0,0,0,0,0,1,0,1,0,0,0,0,0,0, 0.00275170,-0.00057798, 0.00099190,-0.0014374,-0.00097541,buy
2013-01-03,0,0,1,0,1,2,0,1,0,1,0,0,0,0,1,0,0,0,0,0,0,0,0,1,0,1,0,0,1,0,0,0,-0.00175390,-0.00312674,-0.00081852,-0.0006140,-0.00129895,sell
2013-01-04,0,0,1,0,1,3,0,1,1,1,0,0,0,0,1,0,0,0,0,1,0,0,0,0,0,1,0,0,1,0,0,0,-0.00033162,-0.00135734,-0.00114777, 0.0025311, 0.00420363,buy
2013-01-05,0,0,1,0,1,3,1,0,1,1,0,1,1,0,0,0,0,0,0,1,0,0,0,0,0,1,0,0,1,0,0,0, 0.00099024,-0.00228002, 0.00337069, 0.0044741,-0.00231491,buy
2013-01-06,0,0,2,0,1,2,1,0,1,1,0,1,1,0,0,0,1,0,0,1,0,0,0,0,0,0,0,0,1,0,0,0,-0.00217022,-0.00253482, 0.00076232,-0.0030386,-0.00143931,sell
2013-01-07,0,0,1,0,1,1,1,0,0,1,0,1,1,0,0,0,1,0,0,1,0,0,0,0,0,0,0,0,0,0,0,0, 0.00114386,-0.00376210, 0.00425006,-0.0021026,-0.00140008,sell
2013-01-08,0,0,1,0,1,1,2,0,0,1,0,0,1,0,0,0,1,0,0,1,0,0,0,0,0,0,1,0,0,0,0,0,-0.00243109, 0.00078425, 0.00328103,-0.0011723,-0.00278214,sell
2013-01-09,0,0,0,0,0,1,1,0,0,0,1,0,0,0,0,0,0,0,0,0,0,0,0,0,0,0,1,0,0,0,0,0, 0.00593460, 0.00403189, 0.00514501, 0.0043310, 0.00293595,buy
2013-01-10,0,1,0,0,0,1,1,0,0,0,1,0,0,0,0,0,0,1,0,0,0,0,0,0,0,0,1,0,0,0,0,0,-0.00165797, 0.00109777, 0.00093200, 0.0046483, 0.00089276,buy
2013-01-11,0,1,0,0,0,1,1,1,0,0,1,0,0,0,0,0,0,1,0,0,0,0,0,0,0,0,1,0,0,0,1,0,-0.00086066, 0.00176608,-0.00124962, 0.0031180,-0.00054659,buy
2013-01-12,0,1,0,0,0,1,0,1,0,0,1,0,0,0,0,0,0,1,0,0,0,0,0,0,0,0,0,0,0,0,1,0,-0.00593905,-0.00191274,-0.00427654,-0.0052659,-0.00561683,sell
2013-01-13,0,3,1,0,0,0,0,1,1,0,0,0,0,0,0,0,0,1,0,0,0,0,0,1,1,0,0,0,0,0,1,0, 0.00233057, 0.00283316,-0.00077831, 0.0044556,-0.00046010,buy
2013-01-14,0,2,1,0,0,0,0,1,1,0,0,0,0,0,0,0,0,0,0,0,0,0,0,1,1,0,0,0,0,0,1,0, 0.00163035, 0.00099708,-0.00190115, 0.0056536,-0.00020344,buy
2013-01-15,0,3,2,0,0,0,0,0,1,0,0,0,0,1,0,0,1,0,0,0,0,0,0,1,1,0,0,1,0,0,0,1,-0.00747779,-0.00883635, 0.00390518, 0.0045160,-0.00352073,sell
2013-01-16,0,2,2,0,0,0,1,0,0,0,0,0,0,1,0,0,1,0,0,0,0,0,0,1,1,0,0,1,1,0,0,1,-0.00287343,-0.00321730, 0.00629577, 0.0080380, 0.00441238,buy
2013-01-17,0,2,1,0,0,0,1,0,0,0,0,0,0,1,0,0,1,0,0,0,0,0,0,1,0,0,0,1,1,0,0,1, 0.00251099,-0.00401068, 0.00543738, 0.0069392, 0.00531530,buy
2013-01-18,0,0,1,0,0,0,1,0,0,0,0,0,0,1,0,0,0,0,0,0,0,0,0,0,0,0,0,1,1,0,0,1, 0.00343671, 0.00075367, 0.00338371, 0.0034602, 0.00356556,buy
2013-01-19,0,0,0,0,2,0,1,0,0,0,1,0,0,1,0,0,0,0,0,1,0,0,0,0,0,0,0,0,1,0,0,0,-0.00438850,-0.00493177,-0.00434427,-0.0050938,-0.00312153,sell
2013-01-20,0,0,0,0,2,1,0,0,0,0,1,0,0,1,0,0,0,0,0,1,0,0,0,0,0,0,1,0,0,0,0,0,-0.00255876,-0.00352969,-0.00183651,-0.0056133,-0.00457810,sell
2013-01-21,1,0,0,0,2,1,1,0,1,0,1,0,0,1,1,0,0,0,0,1,0,0,0,0,0,0,1,0,0,0,0,0,-0.00218202,-0.00746782,-0.00860081,-0.0043202,-0.00397357,sell
2013-01-22,1,0,0,0,1,1,1,0,1,0,0,0,0,0,1,0,0,0,0,1,0,0,0,0,0,0,1,0,0,0,0,0,-0.00143099,-0.00900134,-0.00449730,-0.0008079, 0.00038556,sell
2013-01-23,2,0,0,0,1,1,2,0,1,0,0,0,0,0,1,0,1,0,0,1,0,0,1,0,0,0,1,0,0,0,0,0,-0.00560791,-0.00900720,-0.00790284,-0.0009343,-0.00172959,sell
2013-01-24,3,1,0,0,1,1,1,1,1,0,0,1,1,0,0,0,1,1,0,0,0,0,1,0,1,0,1,0,0,0,0,0, 0.00092531, 0.00701595, 0.00703581, 0.0022769, 0.00274355,buy
2013-01-25,2,1,0,0,1,0,1,1,0,0,0,1,1,0,0,0,1,1,0,0,0,0,1,0,1,0,0,0,0,0,0,0, 0.00409077, 0.00885049, 0.00918113, 0.0070779, 0.00710272,buy
2013-01-26,2,1,0,0,1,0,1,1,0,0,0,1,1,0,0,0,1,1,0,0,0,0,1,0,1,0,0,0,0,0,0,0, 0.00409077, 0.00885049, 0.00918113, 0.0070779, 0.00710272,buy
2013-01-27,2,2,0,0,0,0,1,0,0,0,0,0,0,0,0,0,0,1,0,0,0,0,1,1,1,0,0,0,0,0,0,1,-0.00222264,-0.00260850,-0.00066009,-0.0005991,-0.00242354,sell
2013-01-28,2,1,0,0,2,0,0,1,0,0,0,0,0,0,0,0,0,1,0,0,1,1,0,1,0,1,0,0,0,0,0,1,-0.00035152, 0.00170591,-0.00294145,-0.0008218,-0.00017806,sell
2013-01-29,1,1,0,0,2,0,0,1,0,0,0,0,0,0,0,0,0,0,0,0,1,1,0,1,0,1,0,0,0,0,0,1, 0.00224238, 0.00281986,-0.00155687, 0.0013231, 0.00330661,buy
2013-01-30,1,1,0,0,2,1,0,1,0,0,0,0,0,0,1,0,0,0,0,0,1,1,0,1,0,1,0,0,0,0,0,1, 0.00432874, 0.00420860,-0.00077702, 0.0019374, 0.00347815,buy
2013-01-31,1,0,0,0,2,1,0,1,0,0,0,0,0,0,1,0,0,0,0,0,1,1,0,1,0,1,0,0,0,0,0,0, 0.00463563, 0.00136367, 0.00196332, 0.0059657, 0.00497198,buy
2013-02-01,0,0,0,0,2,2,0,1,0,0,0,1,0,0,1,0,0,0,0,0,1,1,0,0,0,1,0,0,0,0,0,0, 0.00019927,-0.00042556,-0.00054465,-0.0015065, 0.00220814,sell
2013-02-02,0,0,0,0,2,1,0,0,0,0,0,1,0,0,0,0,0,0,0,0,0,0,0,0,0,1,1,0,0,0,0,0,-0.00326185, 0.00448367, 0.00124797, 0.0040581, 0.00195054,buy
2013-02-03,0,0,0,0,2,1,0,0,0,0,0,1,0,0,0,0,0,0,0,0,0,0,0,0,0,1,1,0,0,0,0,0,-0.00326185, 0.00448367, 0.00124797, 0.0040581, 0.00195054,buy
2013-02-04,0,0,0,0,2,1,0,0,0,0,0,1,0,0,0,0,0,0,0,0,0,0,0,0,0,1,1,0,0,0,0,0,-0.00326185, 0.00448367, 0.00124797, 0.0040581, 0.00195054,buy
2013-02-05,1,0,0,0,2,0,1,0,0,0,1,0,0,0,0,0,0,0,0,0,0,0,0,0,1,1,1,0,0,0,1,0, 0.00157019, 0.00903264, 0.00472935, 0.0071299, 0.00731284,buy
2013-02-06,1,0,0,0,1,0,1,0,0,1,1,0,0,0,0,0,0,0,0,0,0,0,0,0,1,1,0,0,0,0,1,0, 0.00410249, 0.00842854, 0.00376599, 0.0067821, 0.00556496,buy
2013-02-07,1,0,0,0,1,1,1,0,0,1,1,0,0,0,1,0,0,0,0,0,0,0,1,0,1,0,0,0,0,0,1,0, 0.00507312, 0.00250660, 0.00130415, 0.0052439,-0.00571028,buy
2013-02-08,2,0,0,0,1,1,1,1,1,1,1,0,0,0,1,0,0,0,0,0,0,0,1,0,1,0,0,0,0,0,1,1, 0.00350198,-0.00439658,-0.00512277, 0.0041207,-0.00658161,sell
2013-02-09,1,0,0,0,2,1,0,2,1,1,0,0,0,0,1,0,0,0,0,0,0,0,1,0,0,0,0,1,1,0,0,1,-0.00425235,-0.00185653,-0.00524510,-0.0042276,-0.00365531,sell
2013-02-10,1,0,0,0,2,1,1,3,1,1,0,1,0,0,1,0,1,0,0,0,0,0,1,0,0,0,0,1,1,0,0,1, 0.00585714, 0.00660812, 0.00773165, 0.0026342, 0.00586123,buy
2013-02-11,2,0,0,0,1,1,1,2,0,1,0,1,1,0,0,0,1,0,0,0,0,0,1,0,0,0,0,1,1,0,0,1, 0.00279515, 0.00282068, 0.00294156, 0.0035136, 0.00533617,buy
2013-02-12,2,0,0,0,2,1,1,2,0,0,0,1,1,0,0,1,1,0,0,0,1,0,0,0,0,0,0,1,1,0,0,1, 0.00807497,-0.00502039,-0.00448813,-0.0046187, 0.00102464,sell
2013-02-13,1,0,0,0,1,1,1,1,0,0,0,1,1,0,0,1,1,0,0,0,1,0,0,0,0,0,0,0,0,0,0,0, 0.00434593,-0.00227259,-0.00735274,-0.0053342,-0.00609332,sell
2013-02-14,1,0,0,0,1,1,0,0,0,0,0,0,1,0,0,1,0,0,0,0,1,0,0,0,0,0,0,0,0,0,0,0, 0.00653580, 0.00386452,-0.00357006, 0.0002683,-0.00162958,buy
2013-02-15,0,0,0,0,1,1,0,0,0,0,0,0,0,0,0,1,0,0,0,0,1,0,0,0,0,0,0,0,0,0,0,0, 0.00588782, 0.00452010,-0.00202913, 0.0053947, 0.00392116,buy
2013-02-16,0,0,0,0,1,1,0,0,0,0,0,0,0,0,0,1,0,0,0,0,1,0,0,0,0,0,0,0,0,0,0,0, 0.00588782, 0.00452010,-0.00202913, 0.0053947, 0.00392116,buy
2013-02-17,0,0,0,0,0,1,0,0,0,0,0,0,0,0,0,0,0,0,0,0,0,0,0,0,0,0,0,0,0,0,1,0,-0.00745830,-0.00350244,-0.00366064,-0.0031566,-0.00310207,sell
2013-02-18,0,0,0,0,0,1,0,0,0,0,0,0,0,0,0,0,0,0,0,0,0,0,0,0,0,0,0,0,0,0,1,0,-0.00745830,-0.00350244,-0.00366064,-0.0031566,-0.00310207,sell
2013-02-19,0,0,0,0,0,1,0,0,0,0,0,0,0,0,0,0,0,0,0,1,0,0,0,0,0,0,0,0,0,0,1,0,-0.00455849,-0.00121560,-0.00042077,-0.0028993,-0.00041542,sell
2013-02-20,0,0,0,0,0,1,0,0,0,0,0,0,0,0,0,0,0,0,0,1,0,0,0,0,0,0,0,0,0,0,1,0,-0.00455849,-0.00121560,-0.00042077,-0.0028993,-0.00041542,sell
2013-02-21,0,0,0,0,0,1,0,0,0,0,0,0,0,0,0,0,0,0,0,1,0,0,0,0,0,0,0,1,0,0,0,0,-0.00331813,-0.00567844, 0.00221533,-0.0015780, 0.00682776,sell
2013-02-22,0,0,0,0,0,1,0,0,0,0,0,0,0,0,0,0,0,0,0,1,0,0,0,0,0,0,0,1,0,0,0,0,-0.00331813,-0.00567844, 0.00221533,-0.0015780, 0.00682776,sell
2013-02-23,0,0,0,0,1,1,0,1,0,0,0,0,0,0,0,0,0,1,0,1,0,0,1,0,0,0,0,1,0,0,0,0,-0.00331145,-0.00586812,-0.00257492,-0.0038825, 0.00182384,sell
2013-02-24,0,0,0,0,1,1,0,1,0,1,0,0,0,0,0,0,0,1,0,0,0,0,1,0,0,0,0,1,0,0,0,0, 0.00036754,-0.00143951,-0.00300640,-0.0054762,-0.00010798,sell
2013-02-25,0,0,0,0,1,0,0,1,0,1,0,0,0,0,0,0,0,1,0,0,0,0,1,0,0,0,0,0,0,0,0,0,-0.00019488, 0.00011703,-0.00306091,-0.0047820,-0.00048338,sell
2013-02-26,0,0,0,0,1,0,0,1,0,1,0,0,0,0,0,0,0,1,0,0,0,0,1,0,0,0,1,0,0,0,0,0,-0.00158703,-0.00510484,-0.00559968,-0.0085070, 0.00000230,sell
2013-02-27,1,0,0,0,1,0,1,1,0,1,0,0,0,0,0,0,0,1,0,0,1,1,1,0,0,0,1,0,0,0,0,0,-0.00167299,-0.00373356,-0.00530770,-0.0033946,-0.00623539,sell
2013-02-28,1,0,0,0,0,0,1,1,0,0,0,0,0,0,0,0,0,1,0,0,1,1,0,0,0,0,1,0,0,0,0,0, 0.00290730, 0.00256983, 0.00236794, 0.0028700,-0.00320835,buy
2013-03-01,1,0,0,0,0,0,1,0,0,0,0,0,0,0,0,0,0,0,0,0,1,1,0,0,0,0,1,0,0,0,0,0, 0.00396596, 0.00193404, 0.00410257, 0.0026454, 0.00209296,buy
2013-03-02,1,0,0,0,1,0,1,3,0,0,0,0,0,0,0,0,1,0,0,0,1,1,0,1,1,0,1,0,0,0,1,0,-0.00116283,-0.00307124,-0.00058624, 0.0029113,-0.00357360,sell
2013-03-03,1,0,0,0,1,0,1,3,0,0,0,0,0,1,0,0,1,0,0,0,1,1,0,1,1,0,0,0,0,0,1,0,-0.00160155, 0.00042119, 0.00034392, 0.0039456,-0.00108812,buy
2013-03-04,0,0,0,0,1,0,0,3,0,0,0,0,0,1,0,0,1,0,0,0,0,0,0,1,1,0,0,0,0,0,1,0,-0.00001671, 0.00116158, 0.00027354, 0.0046689, 0.00009668,buy
2013-03-05,2,0,0,0,1,0,2,3,0,0,0,1,1,1,0,0,1,0,0,0,0,0,0,1,1,0,0,1,1,0,1,0,-0.00100485,-0.00051391, 0.00159700, 0.0011149, 0.00016602,buy
2013-03-06,2,0,0,0,0,0,2,3,0,0,0,1,1,0,0,1,1,0,0,0,0,0,0,1,1,0,0,1,1,0,0,0, 0.00280615, 0.00294379, 0.00232944, 0.0041929, 0.00490871,buy
2013-03-07,2,0,0,0,0,0,2,1,0,0,0,1,1,0,0,1,0,0,0,0,0,0,0,1,0,0,0,1,1,0,0,0,-0.00100148, 0.00269321, 0.00028018, 0.0063091, 0.00365776,buy
2013-03-08,2,0,0,0,0,0,2,2,1,0,0,1,1,0,0,1,0,0,0,0,0,0,0,0,0,0,0,1,1,0,0,1, 0.00201093, 0.00334053, 0.00194120, 0.0084230, 0.00673263,buy
2013-03-09,1,0,0,0,1,0,1,2,1,0,0,1,1,0,1,0,0,0,0,0,0,0,0,0,0,0,0,0,0,0,0,1,-0.00398012,-0.00138534,-0.00705139,-0.0047165,-0.00447691,sell
2013-03-10,0,0,0,0,1,0,0,2,1,0,0,0,0,0,1,0,0,0,0,0,0,0,0,0,0,0,0,0,0,0,0,1,-0.00130915,-0.00201877,-0.00634543,-0.0040391,-0.00181459,sell
2013-03-11,0,0,0,0,1,0,0,2,1,0,0,0,0,0,1,0,0,0,0,0,0,0,0,0,0,0,0,0,0,0,0,1,-0.00130915,-0.00201877,-0.00634543,-0.0040391,-0.00181459,sell
2013-03-12,0,0,0,0,1,0,0,2,1,0,0,0,0,0,1,0,0,0,0,0,0,0,0,0,0,0,0,0,0,0,0,1,-0.00130915,-0.00201877,-0.00634543,-0.0040391,-0.00181459,sell
2013-03-13,0,0,0,0,1,0,0,0,0,0,0,0,0,0,1,0,0,0,0,0,0,0,0,0,0,0,0,0,0,0,0,0, 0.00028430,-0.00403870, 0.00182063, 0.0028265, 0.00092998,buy
2013-03-14,0,1,0,0,1,0,0,0,0,0,0,0,0,0,1,0,0,0,0,0,0,1,0,0,0,0,0,0,0,0,0,0,-0.00248271, 0.00118010, 0.00479915, 0.0049607, 0.00330320,buy
2013-03-15,0,1,0,0,1,0,0,0,0,0,0,0,0,0,1,0,0,0,0,0,0,1,0,0,0,0,0,0,0,0,0,0,-0.00248271, 0.00118010, 0.00479915, 0.0049607, 0.00330320,buy
2013-03-16,0,1,0,0,1,0,0,0,0,0,1,0,0,0,1,0,0,0,0,0,0,1,0,0,0,0,0,0,0,0,0,0, 0.00227797, 0.00221142, 0.00354243, 0.0037709, 0.00133685,buy
2013-03-17,0,2,0,0,1,0,0,0,0,1,1,0,0,0,0,0,0,0,0,0,0,1,0,0,0,0,0,0,1,0,0,0, 0.00029337,-0.00000930,-0.00118455,-0.0060492,-0.00251911,sell
2013-03-18,0,2,0,0,1,0,0,0,0,1,1,0,0,0,0,0,0,0,0,0,0,1,0,0,0,0,0,0,1,0,0,0, 0.00029337,-0.00000930,-0.00118455,-0.0060492,-0.00251911,sell
2013-03-19,0,1,0,0,1,0,0,0,0,1,1,0,0,0,0,0,0,0,0,0,0,0,0,0,0,0,0,0,1,0,0,0, 0.00763778, 0.00191307,-0.00233461,-0.0054915,-0.00303404,sell
2013-03-20,0,1,0,0,2,0,0,0,0,1,0,0,0,0,1,0,0,0,0,0,0,0,0,0,0,0,0,0,1,1,0,0,-0.00193387,-0.00456873,-0.00043290,-0.0001942,-0.00335696,sell
2013-03-21,0,0,0,0,2,0,0,0,0,1,0,0,0,0,1,0,0,0,0,0,0,0,0,0,0,0,0,0,0,1,0,0,-0.00336348,-0.00631563,-0.00097633,-0.0052108,-0.00481612,sell
2013-03-22,0,0,0,0,3,0,0,0,0,1,0,0,0,0,1,0,0,0,0,1,0,0,0,0,0,0,0,0,0,1,0,0,-0.00508512,-0.00513768,-0.00415603,-0.0051794,-0.00413965,sell
2013-03-23,0,0,0,0,4,0,0,0,0,1,0,0,0,0,1,0,0,0,0,1,0,0,0,0,0,0,1,0,0,1,0,0,-0.00401126,-0.00468612,-0.00134654,-0.0064035,-0.00480828,sell
2013-03-24,0,0,0,0,4,0,0,0,0,1,0,0,0,0,1,0,0,0,0,1,0,0,0,0,0,0,1,0,0,1,0,0,-0.00401126,-0.00468612,-0.00134654,-0.0064035,-0.00480828,sell
2013-03-25,1,0,0,0,4,0,0,0,0,1,0,0,1,0,1,0,0,0,0,1,0,0,0,0,0,0,1,0,0,1,0,0,-0.00187009,-0.00188389, 0.00058478,-0.0039254,-0.00374410,sell
2013-03-26,1,0,0,0,3,0,0,1,1,0,0,0,1,0,1,0,0,0,0,1,0,0,1,0,0,0,1,0,0,1,0,0, 0.00216956, 0.00106625, 0.00280651, 0.0002656, 0.00009757,buy
2013-03-27,1,0,0,0,2,0,1,1,1,0,0,1,1,0,1,0,0,0,0,0,0,0,1,0,0,0,1,0,0,1,1,0, 0.00197717,-0.00161453, 0.00656168,-0.0026633,-0.00497523,sell
2013-03-28,1,0,2,0,1,0,1,1,1,0,0,1,1,0,1,0,0,0,0,0,0,1,1,0,0,0,0,0,1,1,1,0,-0.00201211,-0.00463998,-0.00216237,-0.0059287,-0.00506058,sell
2013-03-29,1,0,2,0,2,0,2,2,1,1,0,1,1,0,0,1,0,0,0,0,0,1,1,0,1,0,0,1,1,1,1,0,-0.00155187,-0.00619489,-0.00586017,-0.0044946,-0.00457424,sell
2013-03-30,1,0,2,0,2,0,3,3,1,1,0,1,1,0,0,1,0,1,0,0,1,1,1,0,1,0,0,1,1,1,1,0,-0.00128590,-0.00739845,-0.00441522,-0.0014206,-0.00412328,sell
2013-03-31,0,0,2,0,2,0,3,3,1,1,0,1,0,0,0,1,0,1,0,0,1,1,1,0,1,0,0,1,1,1,0,0,-0.00280034,-0.00746463,-0.00720910,-0.0031389,-0.00649372,sell
2013-04-01,0,0,1,0,2,0,2,3,1,1,0,0,0,0,0,1,0,1,0,0,1,1,0,0,1,0,0,1,0,1,0,0, 0.00142295,-0.00819795,-0.00797031,-0.0005078,-0.00683244,sell
2013-04-02,0,0,0,0,2,0,2,2,0,1,0,0,0,0,0,1,0,1,0,0,1,0,0,0,1,0,0,1,0,1,0,0,-0.00226607,-0.00922599,-0.00838521,-0.0053423,-0.00793994,sell
2013-04-03,0,0,0,0,2,0,1,1,0,1,0,0,0,0,0,1,0,1,0,0,1,0,0,0,0,1,0,0,0,1,0,0, 0.00783394,-0.00046182,-0.00177870,-0.0042183,-0.00507967,sell
2013-04-04,0,0,0,0,2,0,0,0,0,1,0,0,0,0,0,1,0,0,0,0,0,0,0,0,0,1,0,0,0,1,0,0, 0.00119486, 0.00121896,-0.00525998,-0.0056718,-0.00419332,sell
2013-04-05,0,0,0,0,2,1,0,0,0,1,0,0,0,0,0,1,0,0,0,0,0,0,0,0,0,1,1,0,0,1,0,0, 0.00616608, 0.00375036, 0.00042842,-0.0073215,-0.00360909,sell
2013-04-06,0,0,0,0,2,1,0,0,0,1,0,0,0,0,0,1,0,0,0,0,0,0,0,0,0,1,1,0,0,0,0,0, 0.00579100, 0.00898281,-0.00307328,-0.0046164,-0.00258407,sell
2013-04-07,0,0,0,0,2,2,0,0,0,1,0,0,0,0,0,1,0,0,0,1,0,0,0,0,0,1,1,0,0,0,0,0, 0.00396258, 0.00696478,-0.00474477,-0.0034218,-0.00329540,sell
2013-04-08,0,1,0,0,2,2,0,1,0,1,0,0,1,0,0,1,1,0,0,1,0,0,0,0,0,1,1,0,0,0,0,0, 0.00078440,-0.00227052,-0.00014735,-0.0008411,-0.00061115,sell
2013-04-09,0,1,0,0,2,1,1,1,0,1,0,0,1,0,0,1,1,0,1,1,0,0,0,0,0,1,0,0,0,0,0,1, 0.00281469,-0.00322675, 0.00182813, 0.0009710,-0.00085290,buy
2013-04-10,0,1,0,0,1,1,1,1,0,0,0,0,1,0,0,1,1,0,1,1,0,0,0,0,0,1,0,0,0,0,0,1, 0.00255225,-0.00519590, 0.00204382, 0.0001771, 0.00304312,buy
2013-04-11,0,1,0,0,1,1,1,1,0,0,0,0,1,0,0,1,1,0,1,1,0,0,0,0,0,1,0,0,0,0,0,1, 0.00255225,-0.00519590, 0.00204382, 0.0001771, 0.00304312,buy
2013-04-12,0,0,0,0,1,1,1,1,0,0,0,0,0,0,0,1,1,0,1,0,0,0,0,0,1,0,0,0,0,0,0,1,-0.00162133,-0.00464172,-0.00081025,-0.0041108,-0.00024905,sell
2013-04-13,0,0,0,0,1,1,2,0,0,0,0,0,0,0,0,1,0,0,1,0,0,0,0,1,1,0,0,0,0,0,0,1, 0.00702206,-0.00645077, 0.00148367, 0.0066813,-0.00106225,buy
2013-04-14,0,0,0,0,1,1,1,0,0,0,0,0,0,0,0,1,0,0,1,0,0,0,0,1,1,0,0,0,0,0,0,0, 0.01111151,-0.00656194, 0.00025550, 0.0116266,-0.00101484,sell
2013-04-15,0,0,0,0,2,1,1,0,0,0,1,0,0,0,0,1,0,0,1,0,0,0,0,1,1,0,0,0,0,0,0,0, 0.00988934,-0.00419078, 0.00554980, 0.0098043,-0.00087872,buy
2013-04-16,0,0,0,0,2,1,1,0,0,0,1,0,0,0,0,1,0,0,1,0,0,0,0,1,1,0,0,0,0,0,0,0, 0.00988934,-0.00419078, 0.00554980, 0.0098043,-0.00087872,buy
2013-04-17,0,0,0,0,1,1,2,0,0,0,1,0,0,0,0,0,0,1,1,0,0,0,0,1,0,0,1,0,0,0,0,0, 0.00398239, 0.00455894, 0.00469471, 0.0075064, 0.00620685,buy
2013-04-18,0,0,1,0,1,1,2,0,0,0,1,0,1,0,0,0,0,1,1,0,0,0,0,1,0,0,1,0,0,0,0,0, 0.00630868, 0.00579055, 0.00468695, 0.0064657, 0.00695032,buy
2013-04-19,0,0,1,0,0,1,2,0,0,0,0,0,1,0,1,0,0,1,1,0,0,0,0,1,0,0,1,0,0,0,0,0, 0.00695464, 0.00523373, 0.00394482, 0.0059588, 0.00846197,buy
2013-04-20,0,0,1,1,0,1,2,1,0,0,0,1,1,0,1,0,0,1,1,0,0,0,0,1,0,0,1,0,1,0,0,0, 0.00640392, 0.00383615, 0.00114364, 0.0052791, 0.00622021,buy
2013-04-21,0,0,1,1,1,1,0,1,0,0,0,1,1,0,1,0,0,1,1,0,0,0,0,0,0,0,0,0,1,0,1,0,-0.00540943,-0.00267625,-0.00035393,-0.0034815,-0.00472221,sell
2013-04-22,0,0,0,1,1,1,2,1,1,0,0,1,0,0,0,0,0,1,1,1,0,0,0,0,0,0,0,0,1,0,1,0,-0.00709351,-0.00729993,-0.00309787,-0.0072687,-0.00479491,sell
2013-04-23,1,0,0,1,1,0,2,0,1,0,0,0,0,0,0,0,0,0,1,1,0,0,0,0,0,0,0,1,1,0,1,0,-0.00661694,-0.00623675, 0.00060724,-0.0083086,-0.00350767,sell
2013-04-24,1,0,0,0,1,0,2,0,1,0,0,0,0,0,0,0,0,0,1,1,0,0,0,0,0,0,0,1,0,0,1,0,-0.00589306,-0.00513487,-0.00352039,-0.0062511, 0.00708977,sell
2013-04-25,1,0,0,0,1,1,2,0,1,0,1,0,0,0,0,0,0,0,1,1,0,0,0,0,0,0,0,1,0,0,1,0,-0.00504110,-0.00068351,-0.00022941,-0.0036304, 0.00020151,sell
2013-04-26,1,0,0,1,0,2,1,0,0,0,1,0,0,0,0,0,0,0,1,1,0,1,0,0,0,0,0,1,0,0,0,1,-0.00156000,-0.00772274,-0.00750611,-0.0010403,-0.00159779,sell
2013-04-27,0,0,0,1,1,2,1,0,0,0,1,0,0,0,0,0,0,0,0,1,0,1,0,0,1,0,0,0,0,0,0,1,-0.00324098,-0.00632139,-0.00146598,-0.0064164,-0.00516238,sell
2013-04-28,0,0,0,1,2,1,0,0,0,0,0,0,0,0,0,0,0,0,0,0,0,1,1,0,1,0,0,0,0,0,0,1,-0.00521844,-0.00458237,-0.00540610,-0.0025908,-0.00778889,sell
2013-04-29,1,0,0,1,2,1,0,0,0,0,0,0,0,0,0,0,0,0,0,0,1,1,1,0,1,0,0,0,0,0,0,1,-0.00627316,-0.00512013,-0.00440952,-0.0010574,-0.00669940,sell
2013-04-30,1,0,0,1,2,1,0,0,0,0,0,0,0,0,0,0,0,0,0,0,1,1,1,0,1,0,0,0,0,0,0,1,-0.00627316,-0.00512013,-0.00440952,-0.0010574,-0.00669940,sell
2013-05-01,1,0,0,0,2,0,1,0,0,0,0,0,0,0,0,0,1,0,0,0,1,0,1,0,1,0,0,0,0,0,0,0, 0.00501586, 0.00438721, 0.00652970, 0.0069527, 0.00352012,buy
2013-05-02,1,0,0,0,1,1,1,0,1,0,0,0,0,0,0,0,1,0,0,0,1,0,1,0,0,0,0,0,0,0,0,0, 0.00790710, 0.00761678, 0.00450788, 0.0063366, 0.00681544,buy
2013-05-03,1,0,0,0,0,1,2,0,1,0,1,0,0,0,0,0,1,0,0,0,1,0,0,0,0,0,0,0,0,0,0,0, 0.00825195, 0.00809436, 0.00361991, 0.0050512, 0.00732137,buy
2013-05-04,0,0,0,1,0,2,2,0,1,0,1,0,1,0,0,0,1,0,0,0,0,0,0,0,0,0,0,0,0,0,1,0, 0.00451622, 0.00075536,-0.00080454, 0.0002609,-0.00268163,buy
2013-05-05,0,1,0,1,1,1,1,0,0,0,1,0,1,0,1,0,0,0,0,0,0,0,0,0,0,0,0,1,0,0,1,0,-0.00356516,-0.00084140,-0.00142662,-0.0015973, 0.00037751,sell
2013-05-06,1,1,0,1,1,1,0,0,0,1,0,1,1,0,1,0,0,0,0,0,0,0,0,0,0,0,0,1,0,0,1,0,-0.00070255, 0.00034363, 0.00033835, 0.0006180,-0.00011722,buy
2013-05-07,1,1,0,0,2,1,0,0,0,1,0,1,0,0,1,0,0,1,0,0,0,0,0,0,0,0,0,1,0,0,1,0, 0.00202866,-0.00110364,-0.00111791,-0.0017515, 0.00151520,buy
2013-05-08,1,1,0,0,1,1,0,0,0,1,0,1,0,0,0,0,0,1,0,0,0,0,0,1,0,0,0,1,0,0,0,0, 0.00033521,-0.00102628,-0.00112061,-0.0044192, 0.00081931,sell
2013-05-09,0,0,0,0,1,1,0,0,0,1,0,0,0,0,0,0,0,1,0,0,0,0,0,1,0,0,0,0,0,0,0,0, 0.00455447,-0.00298732, 0.00086605,-0.0046817, 0.00585732,buy
2013-05-10,0,0,0,0,2,2,0,0,1,0,0,0,0,1,0,0,1,1,0,0,0,0,0,1,0,0,0,0,0,0,0,0, 0.00617872, 0.00884281, 0.00719940, 0.0082559, 0.00669541,buy
2013-05-11,0,0,0,0,2,2,0,0,1,0,0,0,0,1,0,0,1,1,0,0,0,0,0,1,0,0,0,0,0,0,0,0, 0.00617872, 0.00884281, 0.00719940, 0.0082559, 0.00669541,buy
2013-05-12,0,0,0,0,2,2,0,1,1,0,0,0,0,1,0,0,1,1,0,0,0,0,0,1,0,0,1,0,0,0,0,0, 0.00524703, 0.00729168, 0.00487607, 0.0058303, 0.00628162,buy
2013-05-13,0,1,1,0,1,3,0,1,0,0,0,1,0,1,1,0,1,0,0,0,0,0,0,1,0,0,1,0,1,0,0,1, 0.00181592, 0.00180086, 0.00636380, 0.0021253, 0.00101163,buy
2013-05-14,0,1,1,0,1,3,0,1,0,0,0,1,0,0,1,0,0,0,0,0,0,0,1,1,0,0,1,0,1,0,0,1, 0.00479047, 0.00219254, 0.00522501, 0.0044989,-0.00322071,buy
2013-05-15,0,2,1,0,1,2,0,1,0,0,0,1,0,0,0,0,0,0,0,0,1,0,1,1,0,0,1,0,1,0,0,1, 0.00644144, 0.00533085, 0.00736654, 0.0066169,-0.00186932,buy
2013-05-16,0,1,1,0,1,1,0,0,0,0,0,0,0,0,0,0,0,0,0,0,1,0,1,0,0,0,0,0,1,0,0,1, 0.00204594,-0.00188693, 0.00037354, 0.0030894,-0.00033850,buy
2013-05-17,0,1,1,0,1,1,1,1,0,0,1,0,0,0,0,0,0,0,0,0,1,0,1,0,0,0,0,1,0,0,1,1, 0.00423204, 0.00412779, 0.00280657, 0.0031944, 0.00213584,buy
2013-05-18,0,1,2,0,1,1,1,1,0,0,1,0,1,0,0,0,0,0,0,0,1,0,1,0,0,0,0,1,0,0,1,1, 0.00453533, 0.00060991, 0.00446647,-0.0011969, 0.00704793,buy
2013-05-19,0,1,2,0,1,0,1,1,0,0,1,0,1,0,0,0,1,0,0,0,1,0,0,0,0,0,0,1,0,0,1,0,-0.00008353, 0.00317642, 0.00317558, 0.0019247, 0.00340465,buy
2013-05-20,0,0,2,0,1,0,2,0,0,0,0,1,0,0,1,0,1,0,0,0,0,0,0,0,0,0,0,1,0,0,1,0,-0.00110613,-0.00045532, 0.00018637,-0.0000698,-0.00092039,sell
2013-05-21,0,0,1,0,1,0,1,0,0,0,0,1,0,0,1,0,1,0,0,0,0,0,0,0,0,0,0,0,0,0,0,0,-0.00035650, 0.00222511,-0.00118587, 0.0013509, 0.00183004,buy
2013-05-22,0,0,1,0,0,0,1,0,0,0,0,1,0,0,1,1,0,0,0,0,0,0,0,0,0,0,0,0,0,0,0,0, 0.00525536,-0.00147863,-0.00368382,-0.0019181, 0.00608730,sell
2013-05-23,0,0,0,0,0,0,0,0,0,0,0,0,0,0,0,1,0,0,0,0,0,0,0,0,0,0,0,0,0,0,0,0, 0.00246270, 0.00279974,-0.00092639,-0.0011814, 0.00112570,buy
2013-05-24,0,0,0,0,0,0,0,1,0,0,0,0,0,0,0,1,0,0,0,1,0,0,0,0,0,0,0,0,0,0,0,0,-0.00291205,-0.00668321,-0.00768467,-0.0027809,-0.00172280,sell
2013-05-25,0,2,1,0,0,0,0,1,0,0,0,0,1,0,0,1,0,0,0,1,0,1,0,0,0,0,0,0,1,0,0,0, 0.00006580, 0.00224371,-0.00380979,-0.0022323,-0.00181027,sell
2013-05-26,0,2,1,0,0,0,0,1,1,0,0,0,1,0,0,1,0,0,0,1,0,1,0,0,1,0,0,0,1,0,0,0,-0.00107614, 0.00571634,-0.00027362, 0.0011438, 0.00331762,buy
2013-05-27,0,2,1,0,0,0,0,1,1,0,0,0,1,0,0,1,0,0,0,1,0,1,0,0,1,0,0,0,1,0,0,0,-0.00107614, 0.00571634,-0.00027362, 0.0011438, 0.00331762,buy
2013-05-28,0,1,1,0,0,0,0,1,1,0,0,0,0,0,0,1,0,0,0,1,0,1,0,0,1,0,0,0,1,0,0,0,-0.00305404, 0.00523706, 0.00407709, 0.0040015, 0.00416256,buy
2013-05-29,0,0,1,0,1,0,0,0,0,1,0,0,0,0,0,0,0,0,0,0,0,1,0,0,1,0,0,0,0,0,0,0,-0.01132980,-0.00820580,-0.01232032,-0.0051585,-0.00939954,sell
2013-05-30,0,0,1,0,1,0,1,0,0,1,0,0,0,0,0,0,0,0,0,0,1,0,1,0,1,0,0,0,0,0,0,0, 0.00282823, 0.00362594,-0.00578924, 0.0073486, 0.00102164,buy
2013-05-31,0,0,1,0,1,0,1,0,0,1,0,0,0,0,0,0,0,0,0,0,1,0,1,0,0,0,0,0,0,0,0,0,-0.00072508,-0.00236661,-0.00019907, 0.0057235, 0.00154456,buy
2013-06-01,0,0,1,0,1,0,1,0,0,1,0,0,0,0,0,0,0,0,0,0,1,0,1,0,0,0,0,0,0,0,0,0,-0.00072508,-0.00236661,-0.00019907, 0.0057235, 0.00154456,buy
2013-06-02,2,0,1,0,2,0,1,0,0,1,1,0,1,0,0,0,0,0,0,0,1,0,1,0,0,1,0,0,0,0,0,0, 0.00463419,-0.00109455,-0.00528806,-0.0062358, 0.00048964,sell
2013-06-03,2,0,1,0,1,0,1,0,0,0,1,0,1,0,0,0,0,0,0,0,1,0,1,0,0,1,0,0,0,0,0,0, 0.00417636,-0.00042159,-0.00514835,-0.0066706, 0.00048725,sell
2013-06-04,2,0,0,0,2,0,1,0,0,0,1,0,1,0,0,0,0,0,0,0,0,0,1,1,0,1,0,0,0,0,0,0,-0.00158572,-0.00796138,-0.00192021,-0.0027598,-0.00835529,sell
2013-06-05,3,0,0,0,2,0,0,0,0,0,1,0,1,0,0,0,0,0,0,0,0,0,0,1,0,1,1,0,0,0,0,0,-0.00600840,-0.01256886,-0.00733951,-0.0029097,-0.00591704,sell
2013-06-06,2,0,0,1,2,0,0,0,0,0,0,1,0,0,0,0,0,0,0,0,0,0,0,1,0,1,1,0,1,0,0,0,-0.01018168,-0.00894015,-0.00988519,-0.0067031,-0.00173159,sell
2013-06-07,2,0,0,1,2,0,0,1,0,0,0,1,0,0,1,0,0,0,0,0,0,0,0,1,0,1,1,0,1,0,0,0,-0.00964662,-0.00787410,-0.00846339,-0.0075469,-0.00208261,sell
2013-06-08,2,0,0,1,2,0,0,1,0,0,0,1,0,0,1,0,0,0,0,0,0,0,0,1,0,1,1,0,1,0,0,0,-0.00964662,-0.00787410,-0.00846339,-0.0075469,-0.00208261,sell
2013-06-09,2,1,0,1,2,0,0,1,0,0,0,1,0,0,1,0,0,0,0,0,0,1,0,1,0,1,1,0,1,0,0,0,-0.00822184,-0.00630655,-0.00573636,-0.0074751,-0.00248411,sell
2013-06-10,0,1,0,1,2,0,0,1,0,0,0,0,0,0,1,0,0,0,0,0,0,1,0,1,0,1,0,1,0,0,0,0, 0.00212041, 0.00043161, 0.00151418, 0.0034551,-0.00492070,buy
2013-06-11,0,1,0,1,1,0,0,1,0,0,0,0,0,0,0,0,0,0,0,0,0,1,0,1,0,0,0,1,0,0,1,0,-0.00436150,-0.00696863,-0.00591611,-0.0032386,-0.00719456,sell
2013-06-12,0,1,0,1,1,0,0,1,0,0,0,0,0,0,0,0,0,0,0,0,0,1,0,1,0,0,0,1,0,0,1,0,-0.00436150,-0.00696863,-0.00591611,-0.0032386,-0.00719456,sell
2013-06-13,0,1,0,1,0,0,0,1,0,0,0,0,0,0,0,0,0,0,0,0,0,1,0,0,0,0,0,1,0,0,1,0,-0.00843706,-0.01201083,-0.00843706,-0.0115983,-0.01018111,sell
2013-06-14,0,0,0,0,0,0,0,1,0,0,0,0,0,0,0,0,0,0,0,0,0,0,0,0,0,0,0,0,0,0,1,0, 0.00056565,-0.00633433,-0.00052700,-0.0063109,-0.00762242,sell
2013-06-15,0,1,0,0,0,0,0,0,0,0,1,0,0,0,0,0,0,0,0,0,0,0,0,0,0,0,0,0,0,0,0,0, 0.00232551, 0.00035022, 0.00112410,-0.0053349,-0.00445156,buy
2013-06-16,0,1,0,0,0,0,0,0,0,0,1,0,0,0,0,0,1,1,0,0,0,0,0,0,0,0,0,0,0,0,0,0,-0.00093980, 0.00781169, 0.00394221, 0.0014145, 0.00429225,buy
2013-06-17,0,1,0,0,0,0,0,0,0,0,1,0,0,0,0,0,1,1,0,0,0,0,0,0,0,0,0,0,0,0,0,0,-0.00093980, 0.00781169, 0.00394221, 0.0014145, 0.00429225,buy
2013-06-18,0,2,0,0,0,0,0,0,0,0,1,0,0,0,0,1,1,1,0,0,0,0,0,0,0,0,1,0,0,0,0,0, 0.00159466, 0.00623221, 0.00243561, 0.0054237, 0.00699267,buy
2013-06-19,0,2,0,0,0,0,0,0,0,0,1,0,0,0,0,1,1,1,0,0,0,0,0,0,0,0,1,0,0,0,0,0, 0.00159466, 0.00623221, 0.00243561, 0.0054237, 0.00699267,buy
2013-06-20,0,2,0,0,0,0,0,0,0,0,1,0,0,0,0,1,1,1,0,0,0,0,0,0,0,0,1,0,0,0,0,1, 0.00577127, 0.00446500, 0.00718435, 0.0041486, 0.00627767,buy
2013-06-21,0,2,0,0,0,0,0,0,0,0,1,0,0,0,0,1,1,1,0,0,0,0,0,0,0,0,1,0,0,0,0,1, 0.00577127, 0.00446500, 0.00718435, 0.0041486, 0.00627767,buy
2013-06-22,0,0,0,0,0,0,0,0,0,0,0,0,0,0,0,1,1,1,0,0,0,0,0,0,0,0,0,0,0,0,0,1, 0.00641743, 0.00470518, 0.00864128, 0.0058019, 0.00580210,buy
2013-06-23,0,0,0,0,0,0,0,0,0,0,0,0,0,0,0,1,1,0,0,0,0,0,0,0,0,0,0,0,0,0,0,1,-0.00461241,-0.00345560,-0.00177948,-0.0030855,-0.00307554,sell
2013-06-24,2,0,0,0,0,0,0,0,0,0,0,0,0,0,0,0,1,0,0,1,0,1,0,0,0,0,0,0,0,0,0,1,-0.00420151,-0.00067945,-0.00346177, 0.0060660,-0.00406169,sell
2013-06-25,2,0,0,0,0,0,0,0,0,0,0,0,0,0,0,0,1,0,0,1,0,1,0,0,0,0,0,0,0,0,0,1,-0.00420151,-0.00067945,-0.00346177, 0.0060660,-0.00406169,sell
2013-06-26,2,0,0,0,1,0,0,0,0,0,0,0,0,0,0,0,0,0,0,1,0,1,0,0,1,0,0,0,0,0,0,0,-0.00271019,-0.00167614, 0.00060816, 0.0027805, 0.00312300,buy
2013-06-27,2,0,0,0,1,0,0,0,0,0,0,0,0,0,0,0,0,0,0,1,0,1,0,0,1,0,0,0,0,0,0,0,-0.00271019,-0.00167614, 0.00060816, 0.0027805, 0.00312300,buy
2013-06-28,2,0,0,0,1,0,0,0,0,0,0,0,0,0,0,0,0,0,0,1,0,1,0,0,1,0,0,0,0,0,0,0,-0.00271019,-0.00167614, 0.00060816, 0.0027805, 0.00312300,buy
2013-06-29,0,0,0,1,2,0,0,0,0,1,0,0,0,0,0,0,0,0,0,0,1,0,0,0,1,0,0,0,0,0,0,0, 0.00510844, 0.00503081, 0.00418577, 0.0002137,-0.00049417,buy
2013-06-30,0,0,1,1,2,0,0,1,0,1,0,0,0,0,0,0,0,0,0,0,1,0,0,0,1,0,1,0,1,0,0,0,-0.00148694, 0.00132416,-0.00027939,-0.0020651, 0.00502446,sell
2013-07-01,0,1,1,1,1,1,0,1,0,1,1,0,0,0,0,0,0,0,0,0,1,0,0,0,0,1,1,0,1,0,0,0, 0.00279344, 0.00286682, 0.00129413, 0.0017012,-0.00091243,buy
2013-07-02,0,1,1,1,1,1,0,2,0,1,1,0,0,0,0,0,0,0,0,0,1,0,1,0,0,1,1,0,1,0,0,0, 0.00126742, 0.00130092, 0.00012350, 0.0025450,-0.00603704,buy
2013-07-03,0,1,1,1,1,1,0,2,0,1,1,0,0,0,0,0,0,0,0,0,1,0,1,0,0,1,1,0,1,0,0,0, 0.00126742, 0.00130092, 0.00012350, 0.0025450,-0.00603704,buy
2013-07-04,0,1,1,1,0,1,0,1,0,0,1,0,0,0,0,0,0,0,0,0,1,0,1,0,0,1,0,1,0,0,0,0,-0.00150489, 0.00225326,-0.00129373, 0.0035163,-0.00116241,sell
2013-07-05,0,1,1,0,0,1,0,1,0,0,1,0,0,0,0,0,0,0,0,0,0,0,1,0,0,1,0,1,0,0,0,0, 0.00328035, 0.00475012, 0.00302994, 0.0067721, 0.00328035,buy
2013-07-06,1,1,1,0,0,1,0,1,0,0,1,0,0,0,0,0,0,0,0,0,0,0,1,0,0,1,0,1,0,0,1,0, 0.00449811, 0.00515539, 0.00235516, 0.0085461, 0.00460076,buy
2013-07-07,1,1,1,0,0,1,0,0,0,0,1,0,0,0,0,0,0,0,0,0,0,0,0,0,0,1,0,1,0,0,1,0, 0.00167406, 0.00217030, 0.00213707, 0.0084757, 0.00212978,buy
2013-07-08,1,1,0,0,0,1,0,0,0,0,1,0,0,1,0,0,0,0,0,0,0,0,0,0,0,1,0,0,0,0,1,0,-0.00035918, 0.00031256,-0.00012765,-0.0004157, 0.00369281,buy
2013-07-09,1,1,0,0,0,1,0,0,0,0,1,0,0,1,0,0,0,0,0,0,0,0,0,0,0,1,0,0,0,0,1,0,-0.00035918, 0.00031256,-0.00012765,-0.0004157, 0.00369281,buy
2013-07-10,0,1,0,0,1,0,0,0,0,0,0,0,0,1,0,1,0,0,0,1,0,0,0,0,0,0,0,0,0,0,0,0,-0.00177303,-0.00145276,-0.00247311,-0.0043691,-0.00257363,sell
2013-07-11,0,1,0,0,1,1,0,0,0,0,0,0,0,1,0,1,0,0,0,1,0,0,0,0,1,0,0,0,0,0,0,0, 0.00407456, 0.00442469, 0.00421347,-0.0025667, 0.00310952,buy
2013-07-12,0,1,0,0,1,1,0,0,0,0,0,0,0,0,0,1,0,0,0,1,0,0,0,0,1,0,0,0,0,0,0,0, 0.00626517, 0.00687275, 0.00686176, 0.0068048, 0.00478443,buy
2013-07-13,0,1,0,0,0,1,0,0,0,0,0,0,0,0,0,0,0,0,0,1,0,0,0,0,1,0,0,0,0,0,0,0, 0.00415772, 0.00305240, 0.00297103, 0.0024573,-0.00104651,buy
2013-07-14,0,1,0,0,1,1,0,0,0,0,0,0,0,0,0,0,0,0,0,1,0,0,0,0,1,0,0,0,0,1,0,0, 0.00462605, 0.00408658, 0.00392636, 0.0015454,-0.00654679,buy
2013-07-15,0,0,0,0,1,1,0,1,0,0,0,0,0,0,1,0,0,0,0,0,0,0,0,0,1,0,0,0,0,1,0,0,-0.00259118, 0.00448125, 0.00055207, 0.0012846,-0.00443398,sell
2013-07-16,0,1,0,0,1,0,0,1,0,0,0,0,0,0,1,0,0,0,0,0,0,0,0,0,0,0,0,1,0,1,0,0, 0.00424775,-0.00096524, 0.00414329,-0.0002110, 0.00393899,buy
2013-07-17,0,1,0,0,1,0,0,1,0,0,0,0,0,0,1,0,0,0,0,0,0,0,0,0,0,0,0,1,0,1,0,0, 0.00424775,-0.00096524, 0.00414329,-0.0002110, 0.00393899,buy
2013-07-18,0,2,0,0,1,0,0,1,0,0,0,0,0,0,1,0,0,0,0,0,0,0,0,0,0,0,0,1,0,1,1,0, 0.00319114,-0.00448125, 0.00168632,-0.0056409, 0.00181650,buy
2013-07-19,0,2,0,0,1,1,0,1,0,0,0,0,0,0,1,1,0,0,0,0,0,0,0,0,0,0,0,1,0,1,1,0, 0.00083019,-0.00222823,-0.00198252,-0.0054595, 0.00108084,sell
2013-07-20,0,1,0,0,1,1,0,1,0,0,0,0,0,0,1,1,0,0,0,0,0,0,0,0,0,0,0,0,0,1,1,0, 0.00000081, 0.00121772,-0.00255031,-0.0037585,-0.00331509,sell
2013-07-21,0,1,0,0,1,1,0,1,0,0,0,0,0,0,1,1,0,0,0,0,0,0,0,0,0,0,0,0,0,1,1,0, 0.00000081, 0.00121772,-0.00255031,-0.0037585,-0.00331509,sell
2013-07-22,0,1,0,0,1,1,0,1,0,0,0,0,0,0,1,1,0,0,0,0,0,0,0,0,0,0,0,0,0,1,1,0, 0.00000081, 0.00121772,-0.00255031,-0.0037585,-0.00331509,sell
2013-07-23,0,0,0,0,1,1,0,1,0,0,0,0,0,0,1,1,0,0,0,0,0,0,0,0,0,0,0,0,0,1,0,0, 0.00321780, 0.00316218, 0.00143422, 0.0015468,-0.00574429,buy
2013-07-24,0,0,0,1,1,0,0,1,0,0,0,0,0,0,1,0,0,0,0,0,0,0,0,0,0,0,1,0,0,1,0,0,-0.00007233,-0.00225431, 0.00160537, 0.0028274,-0.00424496,sell
2013-07-25,0,0,1,1,1,0,1,2,0,0,0,0,0,0,1,0,0,0,0,1,0,1,0,0,0,0,1,0,1,1,0,0,-0.00400578,-0.00748987,-0.00770417,-0.0050458,-0.00736177,sell
2013-07-26,0,0,1,1,1,0,2,1,0,0,0,0,0,0,0,0,0,0,0,1,0,1,0,0,1,0,1,0,1,1,0,0,-0.00353085,-0.00807136,-0.00777533,-0.0063767,-0.00944886,sell
2013-07-27,0,0,1,1,1,0,2,1,0,0,0,0,0,0,0,0,0,0,0,1,0,1,0,0,1,0,1,0,1,1,0,0,-0.00353085,-0.00807136,-0.00777533,-0.0063767,-0.00944886,sell
2013-07-28,1,0,1,1,2,0,2,1,0,0,0,0,0,0,0,0,0,1,0,1,0,1,0,0,1,0,1,1,1,1,0,0,-0.00429105,-0.00908161,-0.00859062,-0.0056629,-0.00754540,sell
2013-07-29,1,0,1,0,3,0,1,1,0,0,0,0,0,0,0,0,0,1,0,1,0,1,0,0,1,0,0,1,0,1,0,1,-0.00260127, 0.00240572,-0.00335880,-0.0013183, 0.00016204,sell
2013-07-30,1,1,1,0,3,0,2,1,0,0,1,0,0,0,0,0,0,1,0,0,1,1,0,0,1,1,0,1,0,1,0,1, 0.00421526, 0.00671081, 0.00746972,-0.0021229, 0.00664664,buy
2013-07-31,1,1,2,0,2,0,1,0,0,0,1,0,0,0,0,0,0,1,0,0,1,0,0,0,0,1,0,1,0,0,1,1, 0.00835637, 0.00666853, 0.00853762,-0.0010340, 0.00841509,buy
2013-08-01,1,1,2,0,2,0,1,0,0,0,1,0,0,0,0,0,0,1,0,0,1,0,0,0,0,1,0,1,0,0,1,1, 0.00835637, 0.00666853, 0.00853762,-0.0010340, 0.00841509,buy
2013-08-02,1,1,2,0,2,0,1,0,0,0,1,0,0,0,0,0,0,1,0,0,1,0,1,1,0,1,0,0,0,0,1,1,-0.00114486,-0.00130973, 0.00893537,-0.0041688, 0.00547504,buy
2013-08-03,1,0,2,0,1,0,1,0,0,0,0,0,0,0,0,0,0,0,0,0,1,0,1,1,0,1,0,0,0,0,1,1,-0.00716035,-0.00766459,-0.00379494,-0.0078061, 0.00219438,sell
2013-08-04,1,0,0,0,0,0,1,0,0,0,0,0,0,0,0,0,0,0,0,0,0,0,1,1,0,1,0,0,0,0,0,0,-0.00651196,-0.00540063,-0.00122159,-0.0080984,-0.00914884,sell
2013-08-05,1,0,0,0,1,0,1,0,0,0,0,0,0,0,0,0,0,0,1,0,0,0,1,1,0,1,0,0,0,0,0,0,-0.00910932,-0.00591681, 0.00000430,-0.0064336,-0.00721598,sell
2013-08-06,1,0,0,0,1,0,1,0,0,0,0,0,0,0,0,0,0,0,1,0,0,0,1,1,0,1,0,0,0,0,0,0,-0.00910932,-0.00591681, 0.00000430,-0.0064336,-0.00721598,sell
2013-08-07,0,0,0,0,1,1,0,0,0,0,0,0,0,0,0,0,0,0,1,0,0,0,0,1,0,0,0,0,1,0,0,0,-0.00898226,-0.00863319,-0.00307849,-0.0019997,-0.00779234,sell
2013-08-08,0,0,0,0,1,1,0,0,0,0,0,0,0,0,0,0,0,0,1,0,0,0,0,1,0,0,0,0,1,0,0,0,-0.00898226,-0.00863319,-0.00307849,-0.0019997,-0.00779234,sell
2013-08-09,0,0,1,0,1,1,0,0,0,0,1,0,0,0,0,0,0,0,1,0,0,0,0,1,0,0,0,0,1,0,0,0,-0.00753545,-0.00815209,-0.00509931,-0.0015966,-0.00625598,sell
2013-08-10,0,0,1,0,1,1,0,1,0,0,1,0,1,0,0,0,0,0,1,0,0,0,0,1,0,0,0,0,1,0,0,0,-0.00728622,-0.00753198,-0.00391905,-0.0033892,-0.00589051,sell
2013-08-11,0,0,1,0,1,0,0,1,0,0,1,0,1,0,0,0,0,0,1,0,0,0,0,0,0,0,0,0,0,0,0,0,-0.00246086,-0.00134378,-0.00932580, 0.0001706,-0.00140199,sell
2013-08-12,0,0,2,0,1,0,0,1,0,0,1,1,1,0,0,0,0,0,1,0,0,0,0,0,0,0,0,0,0,0,0,0, 0.00068257, 0.00298613,-0.00437492, 0.0033529, 0.00053447,buy
2013-08-13,0,0,1,0,2,1,0,0,1,0,0,1,0,0,0,1,0,0,1,0,0,0,0,0,0,0,0,0,0,0,0,0, 0.00095140, 0.00342569, 0.00451283, 0.0050609, 0.00522216,buy
2013-08-14,1,0,1,0,2,1,0,0,1,0,0,1,0,0,1,1,0,0,1,0,0,0,0,0,0,0,0,0,0,0,0,0, 0.00368659, 0.00402252, 0.00367565, 0.0032504, 0.00873498,buy
2013-08-15,1,1,0,0,2,1,0,0,1,0,0,0,0,0,1,1,0,0,1,0,1,0,0,0,0,0,0,0,0,0,0,0, 0.00846224, 0.00676224, 0.00716829, 0.0045059, 0.00610752,buy
2013-08-16,1,1,0,0,1,2,0,0,0,0,0,0,0,0,1,1,0,1,1,0,1,0,0,0,0,0,0,0,0,0,0,0, 0.00539927, 0.00687998, 0.00266854,-0.0001918, 0.00517654,buy
2013-08-17,0,2,0,0,1,2,0,0,0,0,0,0,0,0,0,1,1,1,1,0,1,0,1,0,0,0,0,0,0,0,0,0, 0.00347559, 0.00367116, 0.00302211, 0.0040616, 0.00320022,buy
2013-08-18,0,2,1,0,1,2,0,0,0,0,0,0,0,0,0,1,1,1,1,0,1,0,1,0,0,0,1,0,0,0,0,0, 0.00565107, 0.00120723, 0.00080014, 0.0036350,-0.00242282,buy
2013-08-19,0,2,1,0,0,2,0,0,0,0,0,0,0,0,0,0,1,1,0,0,1,0,1,0,0,0,1,0,0,0,0,1, 0.00020228,-0.00352957,-0.00209890, 0.0016377,-0.00345862,sell
2013-08-20,0,2,1,0,2,2,0,0,0,1,0,1,0,0,0,0,1,1,0,0,0,0,1,0,0,0,1,0,1,0,0,1, 0.00565504, 0.00191756,-0.00393755,-0.0017790,-0.00319768,sell
2013-08-21,0,3,1,0,2,3,0,0,1,1,0,1,0,0,1,0,0,1,0,0,0,0,1,0,0,0,1,0,1,0,0,1, 0.00280090, 0.00212091,-0.00351757,-0.0035895,-0.00475822,sell
2013-08-22,0,2,0,0,2,3,0,1,1,1,0,1,0,1,1,0,0,1,0,0,0,0,0,0,0,0,0,1,1,0,0,1, 0.00171358, 0.00339337, 0.00172303,-0.0040011, 0.00360976,buy
2013-08-23,0,1,0,0,2,2,0,1,1,1,0,0,0,1,1,0,0,0,0,0,0,0,0,0,0,0,0,1,1,0,0,1, 0.00030267, 0.00145986, 0.00083181, 0.0029975, 0.00737295,buy
2013-08-24,0,0,0,0,0,1,0,1,0,0,0,0,0,1,0,0,0,0,0,0,0,0,0,0,0,0,0,1,0,0,0,1, 0.00242021, 0.00323246, 0.00171123, 0.0023010, 0.00280704,buy
2013-08-25,0,0,0,3,0,0,0,2,0,0,1,0,0,1,0,0,0,0,0,1,0,0,0,0,1,0,0,1,0,0,1,0,-0.00535816,-0.00718446,-0.00667313,-0.0068038,-0.00577816,sell
2013-08-26,0,0,0,3,0,0,1,2,0,0,1,0,1,1,0,0,0,0,0,1,0,0,0,0,1,0,0,1,0,0,1,0,-0.00161991,-0.00451753,-0.00732697,-0.0050577,-0.00599067,sell
2013-08-27,1,0,0,2,0,0,1,1,0,0,0,1,1,0,0,0,0,0,0,1,0,0,0,0,1,0,0,0,0,0,1,0, 0.00241364,-0.00337218, 0.00268654,-0.0063385,-0.00516609,sell
2013-08-28,1,0,0,2,0,0,2,1,0,0,0,1,1,0,0,0,0,0,0,1,0,1,0,0,1,0,0,0,0,0,1,0,-0.00011730, 0.00032672,-0.00327854, 0.0003336, 0.00107620,buy
2013-08-29,1,0,1,1,0,0,2,1,1,0,0,1,0,0,1,0,0,0,0,1,0,1,0,0,1,0,0,0,0,0,0,0,-0.00372543,-0.00018458,-0.00017236, 0.0033761, 0.00610592,buy
2013-08-30,1,0,1,0,0,0,2,0,1,0,0,0,0,0,1,0,0,0,0,0,1,1,0,0,0,0,0,0,0,0,0,0, 0.00163519,-0.00090553, 0.00623868,-0.0013875, 0.00206866,buy
2013-08-31,1,1,1,0,0,0,2,0,1,0,0,0,0,0,1,0,0,0,0,0,1,1,0,0,0,0,1,0,0,0,0,0, 0.00373905,-0.00066142, 0.00470904,-0.0020013,-0.00004243,buy
2013-09-01,1,1,0,0,1,1,2,0,1,1,0,0,0,0,0,1,0,0,0,0,1,1,0,0,0,0,1,0,0,0,0,0, 0.00783746, 0.00604902, 0.00257604, 0.0020803, 0.00150626,buy
2013-09-02,1,1,1,0,1,1,0,0,0,1,0,0,0,0,0,1,0,0,0,0,1,0,1,0,0,0,1,0,0,0,0,0,-0.00006780,-0.00748021,-0.00734529,-0.0065603,-0.00628059,sell
2013-09-03,1,1,1,0,1,2,0,0,0,1,0,0,1,0,0,1,0,0,0,0,1,0,1,0,0,0,1,0,0,0,0,0, 0.00156501,-0.00110265,-0.00299061,-0.0041343,-0.00183320,sell
2013-09-04,0,0,1,0,1,2,0,0,0,1,0,0,1,0,0,1,0,0,0,0,0,0,1,0,0,0,0,0,0,0,0,0,-0.00266041, 0.00138927,-0.00259557,-0.0015206, 0.00097160,sell
2013-09-05,0,0,1,0,1,1,1,0,0,0,0,0,1,0,0,1,0,1,0,0,0,0,1,0,0,0,0,0,0,0,0,0,-0.00132553, 0.00376284, 0.00308046, 0.0020170, 0.00000132,buy
2013-09-06,0,0,1,0,1,1,1,0,0,0,0,0,1,0,0,1,0,1,0,0,0,0,1,0,0,0,0,0,0,0,0,0,-0.00132553, 0.00376284, 0.00308046, 0.0020170, 0.00000132,buy
2013-09-07,0,0,0,0,2,0,1,0,0,0,0,0,0,0,0,1,1,1,0,0,0,0,0,0,0,0,0,0,0,0,0,0,-0.00172607, 0.00088412,-0.00141902, 0.0033502,-0.00586645,sell
2013-09-08,0,0,0,0,2,0,1,0,0,0,0,0,0,0,0,1,1,1,0,0,0,0,0,0,0,0,0,0,0,0,0,0,-0.00172607, 0.00088412,-0.00141902, 0.0033502,-0.00586645,sell
2013-09-09,0,0,0,0,1,0,2,0,0,0,0,0,0,0,0,0,1,1,0,0,0,0,0,0,0,0,0,0,0,0,0,1,-0.00338552,-0.00112320, 0.00269069, 0.0037635, 0.00127128,buy
2013-09-10,0,0,1,0,1,0,2,0,0,0,1,0,0,0,0,0,1,1,0,0,0,0,0,0,0,0,0,0,0,0,0,1,-0.00437245, 0.00150861, 0.00411178, 0.0036536, 0.00359884,buy
2013-09-11,0,0,1,0,0,0,1,0,0,0,1,0,0,0,0,0,0,0,0,0,0,0,0,0,0,0,0,0,0,0,0,1,-0.00236936,-0.00291791, 0.00066012,-0.0059593,-0.00335986,sell
2013-09-12,1,0,1,0,0,0,1,0,0,0,1,0,0,0,0,0,0,0,0,0,0,0,0,0,0,0,1,0,0,0,0,1,-0.00330707,-0.00457951,-0.00040998,-0.0038184, 0.00003504,sell
2013-09-13,1,0,0,0,1,1,1,1,0,0,0,1,1,0,0,0,0,0,0,0,0,1,0,0,0,0,1,0,0,0,0,1, 0.00024153, 0.00169549,-0.00517842,-0.0002669,-0.00422779,sell
2013-09-14,1,0,0,0,1,1,1,1,0,0,0,1,1,0,0,0,0,0,0,0,0,1,0,0,0,0,1,0,0,0,0,1, 0.00024153, 0.00169549,-0.00517842,-0.0002669,-0.00422779,sell
2013-09-15,1,0,0,1,1,1,1,1,0,1,0,1,1,0,1,0,0,0,0,0,0,1,0,0,0,0,1,0,0,0,0,0,-0.00438493,-0.00320194,-0.00155135,-0.0010353,-0.00382831,sell
2013-09-16,0,0,0,1,0,1,1,1,0,1,0,1,0,0,1,0,0,0,0,0,0,1,0,0,0,0,0,0,0,0,0,0,-0.00711367,-0.00498072,-0.00280560,-0.0044048, 0.00264857,sell
2013-09-17,0,0,0,1,0,1,2,0,0,1,0,0,0,0,1,0,0,0,0,0,0,1,0,0,0,0,0,1,1,0,0,0, 0.00454144, 0.00184851, 0.00050220, 0.0012368,-0.00064492,buy
2013-09-18,0,0,0,0,0,1,2,1,1,1,0,0,0,0,0,0,0,0,0,0,0,1,0,0,0,0,0,1,1,0,0,0,-0.00712401, 0.00231213,-0.00250420, 0.0002303,-0.00073371,sell
2013-09-19,0,1,1,0,0,0,2,1,1,1,1,0,0,0,0,0,0,0,0,0,0,0,0,0,0,0,0,1,1,0,1,0, 0.00077602, 0.00810328,-0.00473304, 0.0008883,-0.00201946,buy
2013-09-20,0,1,1,0,0,3,1,1,1,0,1,0,0,0,0,0,1,0,1,0,0,0,0,0,0,0,0,1,1,1,1,0, 0.00390839, 0.00622571, 0.00354695, 0.0031154, 0.00291821,buy
2013-09-21,0,1,1,0,0,3,0,1,1,0,1,0,0,0,0,0,1,0,1,0,0,0,0,0,0,0,0,0,0,1,1,0,-0.00040927,-0.00105961,-0.00017620, 0.0035409,-0.00353805,sell
2013-09-22,0,1,1,0,0,3,0,0,0,0,1,0,0,0,0,0,1,0,1,0,0,0,0,0,0,0,0,0,0,1,1,0, 0.00013246, 0.00095508,-0.00146124, 0.0025451,-0.00274163,sell
2013-09-23,0,0,0,0,0,3,0,0,0,0,0,0,0,0,0,0,1,0,1,0,0,0,0,0,0,0,0,0,0,1,0,0,-0.00643211, 0.00043132,-0.00641241, 0.0015655,-0.00442303,sell
2013-09-24,1,0,1,0,0,3,0,1,0,0,0,0,0,0,0,0,1,0,1,1,0,0,0,0,1,1,0,0,0,1,0,0,-0.00477866,-0.00281236, 0.00168831,-0.0054798,-0.00530290,sell
2013-09-25,1,0,1,0,0,2,0,1,0,0,0,0,0,0,0,0,0,0,1,1,0,0,0,0,1,1,0,0,0,1,0,0,-0.00064156, 0.00142066, 0.00288192,-0.0023226,-0.00250737,sell
2013-09-26,1,0,1,0,0,2,0,1,0,0,0,0,0,0,0,0,0,0,1,1,0,0,0,0,1,1,0,0,0,1,0,0,-0.00064156, 0.00142066, 0.00288192,-0.0023226,-0.00250737,sell
2013-09-27,1,0,1,0,0,2,0,1,0,0,0,0,0,0,0,0,0,0,1,1,0,0,0,0,1,1,0,0,0,1,0,0,-0.00064156, 0.00142066, 0.00288192,-0.0023226,-0.00250737,sell
2013-09-28,1,0,1,0,0,2,0,1,0,0,0,0,0,0,0,0,0,0,1,1,0,0,0,0,1,1,0,0,0,1,0,0,-0.00064156, 0.00142066, 0.00288192,-0.0023226,-0.00250737,sell
2013-09-29,0,0,0,0,0,2,0,1,0,0,0,0,0,0,0,0,0,0,1,0,0,0,0,0,0,1,0,0,0,1,0,0,-0.00669490,-0.00641469,-0.00641665,-0.0048562,-0.00688445,sell
2013-09-30,1,0,0,0,1,3,0,2,0,0,1,0,0,0,0,0,0,0,1,0,1,0,0,1,0,1,0,1,0,1,0,0, 0.00147452, 0.00402487,-0.00549001, 0.0010183,-0.00010869,buy
2013-10-01,1,0,0,1,2,3,0,2,0,0,1,0,0,0,0,0,0,0,1,0,1,1,1,1,0,1,0,1,0,1,0,0,-0.00180286,-0.00092290,-0.00543795,-0.0044912,-0.00369453,sell
2013-10-02,1,1,0,1,2,2,0,2,0,0,1,0,0,0,0,0,0,0,0,0,1,1,1,1,0,1,0,1,0,1,1,0, 0.00025193,-0.00267658,-0.00476833,-0.0036308,-0.00542636,sell
2013-10-03,1,1,0,1,2,2,0,1,0,0,1,0,0,0,0,0,0,0,0,0,1,1,1,1,0,0,0,1,0,1,1,0,-0.00024882,-0.00042663,-0.00104620,-0.0017656,-0.00166946,sell
2013-10-04,0,1,0,1,2,2,0,1,0,0,0,0,0,0,0,0,0,0,0,0,1,1,1,1,0,0,0,1,0,1,1,0,-0.00214727,-0.00272533,-0.00413621,-0.0011645,-0.00194700,sell
2013-10-05,0,1,0,1,2,1,1,0,0,0,0,1,0,0,0,0,0,0,0,0,0,1,1,1,0,0,0,0,0,1,1,0,-0.00356766,-0.00186846,-0.00290624,-0.0048435,-0.00549209,sell
2013-10-06,0,0,1,0,1,1,1,0,0,0,0,1,1,0,1,0,0,0,0,0,0,0,0,1,0,0,0,0,0,1,0,0,-0.00387151, 0.00369865, 0.00021526,-0.0007930,-0.00356059,sell
2013-10-07,0,0,1,0,1,1,1,0,0,0,0,1,1,0,1,0,0,0,0,0,0,0,0,1,0,0,0,0,0,1,0,0,-0.00387151, 0.00369865, 0.00021526,-0.0007930,-0.00356059,sell
2013-10-08,0,0,1,0,0,1,1,1,0,0,0,1,1,0,1,0,0,0,0,0,0,0,0,0,0,0,1,0,0,1,0,0, 0.00304843,-0.00002893,-0.00174902, 0.0042132,-0.00222438,sell
2013-10-09,0,2,1,0,0,1,2,1,0,0,0,1,1,0,1,0,1,0,0,1,0,0,0,0,1,0,1,0,0,1,0,0, 0.00297176, 0.00407396,-0.00014898, 0.0056426, 0.00358934,buy
2013-10-10,0,2,1,0,0,1,1,2,0,0,0,0,1,0,1,0,1,1,0,1,0,0,0,0,1,0,1,0,0,1,0,0, 0.00577436, 0.00443689, 0.00133720, 0.0062983, 0.00399064,buy
2013-10-11,0,2,0,0,0,1,1,2,0,0,0,0,1,0,0,0,1,1,0,1,0,0,0,0,1,0,1,0,0,1,0,0, 0.00584653, 0.00459544, 0.00259916, 0.0070858, 0.00200245,buy
2013-10-12,0,2,0,0,0,1,1,2,0,0,0,0,0,0,0,0,1,1,0,1,0,0,0,0,1,0,1,0,0,1,0,0, 0.00403333,-0.00044478, 0.00005360, 0.0061625, 0.00294281,buy
2013-10-13,0,2,0,0,0,1,1,1,0,0,0,0,0,0,0,0,1,1,0,1,0,0,0,0,1,0,0,0,0,1,0,0, 0.00305506, 0.00277334, 0.00038037, 0.0029450, 0.00090370,buy
2013-10-14,0,0,0,0,1,1,1,1,0,0,0,0,0,0,0,0,1,1,0,0,0,0,0,0,0,0,0,1,0,1,0,0,-0.00267360, 0.00433894, 0.00526935, 0.0062557, 0.00109652,buy
2013-10-15,1,0,0,0,1,1,1,0,0,0,0,0,0,0,0,0,1,0,0,0,0,0,0,0,0,0,0,1,0,1,1,0,-0.00011545, 0.00226934,-0.00141489,-0.0013921, 0.00060994,buy
2013-10-16,1,0,0,0,2,1,1,0,0,0,0,0,0,0,0,0,1,0,0,0,0,0,0,0,0,0,0,1,1,1,1,0, 0.00335055, 0.00201263, 0.00061475,-0.0040038, 0.00006235,buy
2013-10-17,1,0,0,0,2,1,1,0,0,0,0,0,0,0,0,0,1,0,0,0,0,0,0,0,0,0,0,1,1,1,1,0, 0.00335055, 0.00201263, 0.00061475,-0.0040038, 0.00006235,buy
2013-10-18,2,0,0,0,2,1,1,0,1,0,0,0,0,0,0,0,1,0,0,0,0,0,0,0,0,0,0,1,1,1,1,0, 0.00129335,-0.00119206,-0.00150576,-0.0044964,-0.00003019,sell
2013-10-19,1,0,0,0,1,1,1,0,1,0,0,0,0,0,0,0,1,0,0,0,0,0,0,0,0,0,0,0,1,1,0,0, 0.00037736, 0.00265288,-0.00198209,-0.0052084,-0.00146726,sell
2013-10-20,1,0,0,0,1,1,1,0,1,0,0,0,0,0,0,0,1,0,0,0,0,0,0,0,0,0,0,0,1,1,0,0, 0.00037736, 0.00265288,-0.00198209,-0.0052084,-0.00146726,sell
2013-10-21,1,0,0,0,0,1,1,0,1,0,0,0,0,0,0,0,1,0,0,0,0,0,0,0,0,0,0,0,0,1,0,0, 0.00312498, 0.00532890, 0.00027013, 0.0035110, 0.00156269,buy
2013-10-22,1,0,0,0,1,1,1,0,1,0,0,0,0,0,0,1,1,0,0,0,0,0,0,0,0,0,0,0,0,1,0,0, 0.00298291, 0.00406183, 0.00444809, 0.0091001, 0.00610075,buy
2013-10-23,2,0,0,0,1,1,1,0,1,0,0,0,0,0,0,1,1,0,0,1,0,0,0,0,0,0,0,0,0,1,0,0,-0.00164499, 0.00370534, 0.00315537, 0.0011675, 0.00443416,buy
2013-10-24,1,0,1,0,1,1,0,1,0,0,0,0,0,0,0,1,0,0,0,1,0,0,0,0,1,0,0,0,0,1,0,1,-0.00046060, 0.00218860,-0.00066229,-0.0011915,-0.00131618,sell
2013-10-25,1,0,1,0,1,1,0,1,0,0,0,0,0,0,0,1,0,0,0,1,0,0,0,0,1,0,0,0,0,1,0,1,-0.00046060, 0.00218860,-0.00066229,-0.0011915,-0.00131618,sell
2013-10-26,1,0,1,0,0,1,0,1,0,0,0,0,0,0,0,0,0,0,0,1,0,0,0,0,1,0,0,0,0,1,0,1,-0.00242708, 0.00035433,-0.00337813,-0.0032011,-0.00355268,sell
2013-10-27,1,0,1,0,0,1,0,1,0,0,0,0,0,0,0,0,0,0,0,1,0,0,0,0,1,0,0,0,0,1,0,1,-0.00242708, 0.00035433,-0.00337813,-0.0032011,-0.00355268,sell
2013-10-28,0,0,1,0,0,2,0,1,0,0,0,0,1,0,0,0,0,0,0,0,0,0,0,1,1,0,0,0,0,1,0,1, 0.00533159, 0.00567515, 0.00421290,-0.0003187, 0.00530736,buy
2013-10-29,0,0,0,0,0,2,1,1,0,0,0,0,1,0,0,0,0,0,1,0,0,0,0,1,0,0,0,0,0,1,0,1, 0.00365905, 0.00515614, 0.00540424, 0.0038444, 0.00469316,buy
2013-10-30,0,0,1,0,0,2,2,1,0,0,0,0,1,0,0,0,0,0,1,0,1,0,1,1,0,0,0,0,0,1,0,1, 0.00353419, 0.00248531, 0.00259407, 0.0036269, 0.00307790,buy
2013-10-31,0,0,2,0,0,3,4,1,0,1,0,1,1,0,1,1,0,0,1,0,1,0,1,1,0,0,0,0,0,1,0,1,-0.00339323,-0.00515508,-0.00294924,-0.0016854,-0.00042151,sell
2013-11-01,0,0,2,0,0,4,4,0,0,1,0,1,0,1,1,1,1,0,1,0,1,0,1,1,0,0,0,0,0,1,0,0,-0.00405637,-0.00445892,-0.00405054,-0.0047211,-0.00060492,sell
2013-11-02,0,0,2,0,0,4,4,0,0,1,0,1,0,1,1,0,1,0,1,0,1,0,1,1,0,0,0,0,1,1,0,0,-0.00643238,-0.00513159,-0.00498934,-0.0057742,-0.00197503,sell
2013-11-03,0,0,2,0,0,4,3,0,0,0,0,1,0,0,1,0,1,0,1,0,1,0,1,1,0,0,0,0,1,1,0,0,-0.00254381,-0.00270091,-0.00584230,-0.0028958,-0.00118664,sell
2013-11-04,0,0,0,0,0,3,1,0,0,0,0,0,0,0,0,0,0,0,1,0,0,1,0,1,0,0,0,0,1,1,0,0,-0.00387620,-0.00453598, 0.00379024,-0.0005609,-0.00190940,sell
2013-11-05,0,0,0,0,0,2,1,0,0,0,0,0,0,0,0,0,0,0,1,0,0,1,0,0,0,0,0,0,1,1,0,0, 0.00271741, 0.00142294, 0.00320617,-0.0014544, 0.00091266,buy
2013-11-06,1,0,0,0,0,2,2,0,0,0,1,0,0,0,0,0,0,0,1,0,0,1,0,0,0,0,1,0,1,1,0,0, 0.00582335, 0.00410549, 0.00632390, 0.0042371, 0.00504827,buy
2013-11-07,1,0,0,0,0,1,3,0,0,0,1,0,0,0,0,1,0,0,1,0,0,1,0,0,0,0,1,0,0,1,0,0, 0.00773396, 0.00512481, 0.00804144, 0.0066137, 0.00696380,buy
2013-11-08,1,0,0,0,0,1,3,0,0,0,1,0,0,0,0,1,0,0,1,0,0,1,0,0,0,0,1,0,0,1,0,0, 0.00773396, 0.00512481, 0.00804144, 0.0066137, 0.00696380,buy
2013-11-09,1,0,0,0,0,1,2,0,0,0,1,0,0,0,0,1,0,0,0,0,0,0,0,0,0,0,1,0,0,1,0,0, 0.00257964, 0.00034501, 0.00734631, 0.0022729, 0.00223177,buy
2013-11-10,2,0,0,0,0,1,2,0,0,0,1,0,0,0,0,1,0,1,0,0,0,0,0,0,0,0,1,0,0,1,0,0,-0.00060664,-0.00123925, 0.00446266, 0.0011444, 0.00035721,buy
2013-11-11,2,0,0,0,0,2,0,0,0,1,1,0,0,0,0,0,0,1,0,0,0,0,0,0,0,0,0,0,0,1,0,0, 0.00166512, 0.00158573, 0.00313325, 0.0008070,-0.00118680,buy
2013-11-12,2,0,0,0,0,2,0,1,0,1,1,0,0,0,0,0,0,1,0,0,0,0,0,0,0,0,0,0,0,1,1,0,-0.00013868, 0.00137673, 0.00368429, 0.0008307, 0.00325573,buy
2013-11-13,2,0,0,0,0,2,0,1,0,1,1,0,0,0,0,0,0,1,0,0,0,0,0,0,0,0,0,1,0,1,1,0,-0.00539705,-0.00225725, 0.00045859, 0.0003702, 0.00482414,sell
2013-11-14,2,1,0,0,0,2,0,1,0,1,1,0,0,0,0,0,0,1,0,0,0,0,1,0,0,0,0,1,0,1,1,0, 0.00019933, 0.00189503, 0.00625638, 0.0046973, 0.00406235,buy
2013-11-15,1,1,0,0,0,3,0,1,0,1,1,0,0,0,0,0,0,0,0,0,1,0,1,0,0,0,0,1,0,1,1,0, 0.00594255, 0.00438408, 0.00840687, 0.0078838, 0.00105442,buy
2013-11-16,0,1,0,0,0,3,0,1,0,1,0,0,0,0,0,0,0,0,0,0,1,0,1,0,0,0,0,1,0,1,1,0, 0.00318360, 0.00220032, 0.00668091, 0.0074268,-0.00126061,buy
2013-11-17,0,1,0,0,0,3,0,1,0,1,0,0,0,0,0,0,0,0,0,0,1,0,1,0,0,0,0,1,0,1,1,0, 0.00318360, 0.00220032, 0.00668091, 0.0074268,-0.00126061,buy
2013-11-18,0,1,1,0,0,2,0,0,0,0,0,0,0,0,1,0,0,0,0,0,1,0,1,0,0,0,0,1,0,1,0,0,-0.00083295, 0.00009617, 0.00328704,-0.0013883, 0.00010365,buy
2013-11-19,0,0,1,0,0,2,1,0,0,0,0,1,0,0,1,0,0,0,0,0,1,0,0,0,0,0,0,0,0,1,0,0, 0.00178084, 0.00054382,-0.00083231, 0.0023754, 0.00345704,buy
2013-11-20,0,0,1,0,0,1,2,0,0,0,0,1,0,0,1,0,0,0,0,0,0,0,0,0,0,0,0,0,1,1,0,0, 0.00093411,-0.00165809,-0.00122798, 0.0016929, 0.00296885,buy
2013-11-21,0,0,1,0,0,1,2,0,0,0,0,1,0,0,1,0,0,0,0,0,0,0,0,0,0,0,0,0,1,1,0,0, 0.00093411,-0.00165809,-0.00122798, 0.0016929, 0.00296885,buy
2013-11-22,0,0,0,0,0,2,2,1,0,0,0,1,0,0,0,0,0,0,0,1,0,0,0,0,0,0,1,0,1,1,0,0,-0.00098115,-0.00448876,-0.00358083,-0.0030447,-0.00460542,sell
2013-11-23,0,0,0,0,0,2,2,1,0,0,0,0,0,0,0,0,0,0,0,1,0,0,0,1,0,0,1,0,1,1,0,0,-0.00251524,-0.00442040,-0.00406336,-0.0033660,-0.00549497,sell
2013-11-24,0,0,0,0,0,2,2,1,0,0,0,0,1,0,0,0,0,0,0,1,0,0,0,1,0,0,1,0,1,1,0,0,-0.00143996,-0.00541782,-0.00313689,-0.0027283,-0.00296111,sell
2013-11-25,0,1,0,1,0,2,3,1,0,0,0,0,1,0,0,1,0,1,0,1,0,0,0,1,1,0,1,0,1,1,0,0, 0.00606942, 0.00352045, 0.00554791, 0.0049796, 0.00445061,buy
2013-11-26,0,1,0,1,0,3,3,1,0,0,0,0,1,0,0,1,1,1,0,1,0,0,0,1,1,0,1,0,1,1,0,0, 0.00531304, 0.00401156, 0.00481050, 0.0051029, 0.00610820,buy
2013-11-27,1,1,0,1,0,3,2,0,1,0,0,0,1,0,0,1,1,1,0,0,0,0,0,1,1,0,1,0,0,1,0,0, 0.00574854, 0.00303387, 0.00437911, 0.0035515, 0.00433353,buy
2013-11-28,2,1,0,1,0,3,2,0,1,0,0,0,0,0,0,1,1,1,0,0,0,0,1,1,1,0,1,0,0,1,0,0, 0.00659965, 0.00219753, 0.00223742, 0.0047362, 0.00239345,buy
2013-11-29,2,1,0,1,0,2,2,0,1,0,0,0,0,0,1,1,1,0,0,0,0,0,1,1,1,0,0,0,0,1,0,0, 0.00252630, 0.00060701, 0.00345484, 0.0013948, 0.00329237,buy
2013-11-30,1,1,0,1,1,2,2,0,0,0,0,1,0,0,1,1,1,0,0,0,1,0,1,1,1,0,0,0,0,0,0,0, 0.00240123, 0.00324723, 0.00603843, 0.0026519, 0.00453816,buy
2013-12-01,1,1,0,1,1,1,1,0,0,1,0,1,0,0,1,0,0,0,0,0,1,0,1,0,1,0,0,0,0,0,0,0,-0.00832407,-0.00116603, 0.00217050, 0.0050435,-0.00123133,sell
2013-12-02,1,1,0,0,1,1,1,0,0,1,0,1,0,0,1,0,0,0,0,0,1,0,1,0,0,0,0,0,0,0,0,0,-0.00508998,-0.00059379, 0.00103279, 0.0029809, 0.00125930,buy
2013-12-03,0,0,0,0,1,1,1,0,0,1,0,1,0,0,0,0,0,0,0,0,1,0,0,0,0,0,0,0,0,0,0,0,-0.00251390,-0.00272376,-0.00407303, 0.0061938, 0.00517648,sell
2013-12-04,0,0,0,0,1,0,1,0,0,1,0,0,0,0,0,0,0,0,0,0,1,0,0,0,0,0,0,0,0,0,0,0, 0.00073110,-0.00171894,-0.00150178, 0.0035398, 0.00113573,buy
2013-12-05,0,0,0,0,0,0,1,1,0,1,1,0,0,0,0,0,0,0,0,0,0,0,0,0,0,0,0,0,0,0,0,0, 0.00686668,-0.00136107,-0.00078606,-0.0030179,-0.00325645,sell
2013-12-06,0,1,0,0,0,0,0,1,1,0,1,0,0,0,0,0,0,0,0,0,0,0,0,0,0,0,0,0,0,0,0,0, 0.00122632, 0.00074312, 0.00005430, 0.0026029,-0.00291792,buy
2013-12-07,0,1,0,0,1,0,0,1,1,0,1,0,0,0,0,0,0,0,0,0,0,1,0,0,0,0,0,0,0,0,0,0, 0.00152414, 0.00364394, 0.00128043, 0.0042777, 0.00259673,buy
2013-12-08,0,1,1,0,1,0,0,1,1,0,1,0,0,0,0,0,0,1,0,0,0,1,0,0,0,0,0,0,0,0,0,0,-0.00971104,-0.00510811,-0.00618741,-0.0039880,-0.00551872,sell
2013-12-09,1,0,1,0,1,0,0,0,0,0,0,0,0,0,1,0,0,1,0,0,0,1,0,0,0,0,0,0,0,0,0,0,-0.00239008, 0.00770602, 0.00144258, 0.0033355, 0.00091013,buy
2013-12-10,1,0,1,0,2,0,1,0,0,0,0,1,0,0,1,0,1,1,0,0,0,1,0,0,0,0,0,0,0,0,0,0,-0.00031217,-0.00404092,-0.00397393, 0.0022425,-0.00288892,sell
2013-12-11,1,0,1,0,2,1,1,0,0,0,0,1,0,0,1,1,1,1,0,0,0,1,0,0,0,0,0,0,0,0,0,0, 0.00299003,-0.00439074,-0.00492975, 0.0010628,-0.00208851,sell
2013-12-12,1,0,1,0,2,1,1,0,0,0,0,1,0,0,1,1,1,1,0,0,0,1,0,0,0,0,0,0,0,0,0,0, 0.00299003,-0.00439074,-0.00492975, 0.0010628,-0.00208851,sell
2013-12-13,0,0,0,0,1,1,1,0,0,0,0,1,0,0,0,1,1,0,0,0,0,0,0,0,0,0,0,0,0,0,0,0,-0.00195608, 0.00485405,-0.00217557,-0.0017908,-0.00253124,sell
2013-12-14,0,0,0,0,0,1,0,0,0,0,0,0,0,0,0,1,0,0,0,0,0,0,0,0,0,0,0,0,0,0,0,0, 0.00428040, 0.00595978, 0.00344803, 0.0009183, 0.00470337,buy
2013-12-15,0,0,1,0,0,0,0,0,1,0,0,0,0,0,0,0,0,0,0,0,0,0,0,0,0,0,0,0,0,0,0,0, 0.00021434,-0.00401628,-0.00037299, 0.0022801, 0.00093711,sell
2013-12-16,0,0,1,0,1,0,0,0,1,0,0,0,1,0,0,0,0,0,0,0,0,0,0,0,0,0,0,0,0,0,0,0,-0.00072678,-0.00460629, 0.00110169,-0.0025274,-0.00200591,sell
2013-12-17,0,0,1,0,1,0,0,0,1,0,0,0,1,0,0,0,0,0,0,0,0,0,0,0,0,0,0,0,0,0,0,0,-0.00072678,-0.00460629, 0.00110169,-0.0025274,-0.00200591,sell
2013-12-18,0,0,0,0,2,0,0,0,0,0,0,0,1,0,0,0,0,0,0,0,0,0,0,0,0,0,0,0,0,1,0,0, 0.00018759, 0.00198552, 0.00103759, 0.0000512,-0.00211617,buy
2013-12-19,0,0,0,0,1,0,0,0,0,0,0,0,0,0,0,0,0,0,0,0,0,0,0,0,0,0,0,0,0,1,0,0,-0.00174569,-0.00184580,-0.00243020,-0.0071517,-0.00707010,sell
2013-12-20,0,0,0,0,1,0,0,0,0,0,0,0,0,0,0,0,0,0,0,0,0,0,0,0,0,0,0,0,0,1,0,0,-0.00174569,-0.00184580,-0.00243020,-0.0071517,-0.00707010,sell
2013-12-21,0,0,0,0,1,0,0,0,0,0,0,0,0,0,0,0,0,0,0,0,0,0,0,0,0,0,0,0,0,1,0,0,-0.00174569,-0.00184580,-0.00243020,-0.0071517,-0.00707010,sell
2013-12-22,0,0,0,0,2,0,1,0,0,0,0,0,0,0,0,1,0,0,0,1,0,0,0,0,0,0,0,0,0,1,0,0,-0.00044634, 0.00009303,-0.00152618,-0.0072979,-0.00715830,sell
2013-12-23,0,0,0,0,1,0,1,0,0,0,0,0,0,0,0,1,0,0,0,1,0,0,0,0,0,0,0,0,0,0,0,0, 0.00026460,-0.00467305,-0.00412987, 0.0005511, 0.00466037,sell
2013-12-24,0,0,0,0,1,1,1,0,0,0,0,0,0,0,0,1,0,0,0,1,0,1,0,0,0,0,0,0,0,0,0,0,-0.00015591, 0.00059234, 0.00113854,-0.0027328, 0.00417916,buy
2013-12-25,0,0,0,0,0,1,2,0,0,0,1,0,0,1,0,0,0,0,0,1,0,1,0,0,0,0,0,0,0,0,0,0, 0.00063599,-0.00162098, 0.00056700,-0.0015504, 0.00134055,buy
2013-12-26,0,0,0,0,0,2,2,0,0,0,1,0,1,1,0,0,0,0,0,1,0,1,0,0,0,0,0,0,0,0,0,0, 0.00125218,-0.00071264, 0.00076022,-0.0010747, 0.00132356,buy
2013-12-27,0,0,0,0,0,2,1,0,0,0,1,0,1,1,0,0,0,0,0,0,0,1,0,0,0,0,0,0,0,0,0,0, 0.00135099,-0.00087504,-0.00105738,-0.0008715,-0.00025452,sell
2013-12-28,0,0,0,0,0,2,0,2,0,0,0,0,1,1,1,0,0,0,0,0,0,1,1,0,0,0,0,0,0,0,0,0,-0.00021268, 0.00068847,-0.00307489,-0.0017759,-0.00171864,sell
2013-12-29,0,0,0,0,0,0,0,3,0,1,0,0,0,1,1,0,0,0,0,0,0,0,1,0,0,0,0,0,0,0,0,0, 0.00176839,-0.00276397,-0.00240253,-0.0039974,-0.00441442,sell
2013-12-30,0,0,0,0,0,0,0,4,0,1,0,1,0,1,1,0,0,0,1,0,1,0,1,0,0,0,0,0,0,0,0,0, 0.00179674,-0.00111980, 0.00235801,-0.0006352, 0.00022999,buy
2013-12-31,0,0,0,0,0,0,0,4,0,1,0,1,0,1,1,0,0,0,1,0,1,0,1,0,0,0,0,0,0,0,0,0, 0.00179674,-0.00111980, 0.00235801,-0.0006352, 0.00022999,buy
2014-01-01,0,0,0,0,0,0,0,3,0,1,0,1,0,1,0,0,0,0,1,0,1,0,1,0,0,0,0,0,0,0,0,0, 0.00156792,-0.00223433, 0.00192621,-0.0006116, 0.00044488,buy
2014-01-02,0,0,0,1,0,0,0,2,1,1,0,0,0,0,0,0,0,0,1,0,1,0,0,0,0,0,0,0,0,0,0,0,-0.00569884,-0.00736881,-0.00127183,-0.0073701,-0.00390137,sell
2014-01-03,0,0,0,1,0,1,0,1,1,0,1,0,0,0,0,0,0,0,1,0,1,0,0,0,0,0,0,0,0,0,0,0,-0.00300034,-0.00387765, 0.00023592, 0.0056843,-0.00346740,sell
2014-01-04,0,0,0,2,0,1,0,2,1,0,1,0,0,0,0,0,1,1,1,0,0,0,0,0,0,0,0,0,0,0,0,0, 0.00519733,-0.00393432,-0.00636899,-0.0037118,-0.00584044,sell
2014-01-05,0,0,0,1,0,1,1,2,0,0,1,0,1,0,0,0,1,1,1,0,0,0,0,0,0,0,0,0,0,0,0,0, 0.00613235,-0.00604901,-0.00274103,-0.0005642,-0.00392273,sell
2014-01-06,0,0,0,1,0,2,1,2,0,0,1,0,1,0,0,0,1,1,1,1,0,0,0,0,0,0,0,0,0,0,0,0, 0.00413438,-0.00386193,-0.00255039,-0.0005486,-0.00309469,sell
2014-01-07,0,0,0,1,0,1,1,1,0,0,0,0,1,0,0,1,1,1,0,1,0,0,0,0,0,0,0,0,0,0,0,0, 0.00304417,-0.00050162, 0.00239575, 0.0022138, 0.00362217,buy
2014-01-08,0,0,0,0,0,1,1,1,0,0,0,0,0,0,0,1,0,0,0,1,0,0,0,0,0,0,0,0,1,0,0,1, 0.00208084,-0.00389310,-0.00769358,-0.0006989,-0.00227886,sell
2014-01-09,0,0,0,0,0,1,2,2,0,0,0,0,0,0,0,0,0,0,0,1,0,1,0,1,0,0,0,0,1,0,0,1,-0.00289834,-0.00163442,-0.00044270,-0.0028983,-0.00538454,sell
2014-01-10,0,0,0,0,0,1,2,2,0,0,0,0,0,0,0,0,0,0,0,1,0,1,0,1,0,0,0,0,1,1,0,1,-0.00467695,-0.00423564,-0.00347056,-0.0059472,-0.00546828,sell
2014-01-11,0,0,0,0,0,0,2,2,0,0,0,0,0,0,0,0,0,0,0,0,0,1,0,1,0,0,0,0,1,1,0,1,-0.00489520,-0.00070170,-0.00284632,-0.0049279,-0.00232668,sell
2014-01-12,0,0,0,0,1,1,2,2,0,0,1,0,0,0,0,0,0,0,0,0,0,1,0,1,0,0,1,0,1,1,0,1,-0.00404740,-0.00086074,-0.00385872,-0.0042728,-0.00103671,sell
2014-01-13,0,0,0,0,1,1,2,2,0,0,1,0,0,0,0,0,0,0,0,0,0,1,0,1,0,0,1,0,1,0,0,1,-0.00254145, 0.00323330,-0.00065832,-0.0018876, 0.00424556,buy
2014-01-14,0,0,0,0,1,1,1,2,0,0,1,0,0,0,0,0,0,0,0,0,0,0,0,1,0,1,1,0,1,0,0,0, 0.00311758, 0.00389505,-0.00063882, 0.0011481, 0.00414555,buy
2014-01-15,0,0,0,0,1,1,0,1,0,0,1,0,0,0,0,0,0,0,0,0,0,0,0,0,0,1,1,0,0,0,0,0,-0.00079794, 0.00450924, 0.00360736, 0.0014025,-0.00170040,buy
2014-01-16,0,0,0,0,0,1,1,1,0,0,0,0,0,0,1,0,0,0,0,0,0,0,0,0,0,1,1,0,0,0,0,0,-0.00317867, 0.00368062,-0.00304826,-0.0020163,-0.00262878,sell
2014-01-17,0,0,0,0,1,1,1,1,0,0,0,1,0,0,1,0,0,0,0,0,0,0,0,0,0,1,1,0,0,0,0,0,-0.00541303, 0.00206035,-0.00047196, 0.0006625,-0.00143606,sell
2014-01-18,0,0,1,0,1,1,1,1,1,0,0,1,0,0,1,0,0,0,0,0,0,0,0,0,0,1,1,0,0,0,0,0,-0.00585698, 0.00212074,-0.00120639, 0.0007494, 0.00177271,buy
2014-01-19,0,0,1,0,1,1,0,0,1,0,0,1,0,0,0,0,0,0,0,0,0,0,0,0,0,0,1,0,0,0,0,0, 0.00137229, 0.00127170, 0.00069261, 0.0013578,-0.00070252,buy
2014-01-20,0,0,1,0,2,0,0,0,1,0,0,1,0,0,0,1,0,0,0,0,0,0,0,0,0,0,0,0,0,0,0,0, 0.00173551,-0.00152889, 0.00245018, 0.0026985, 0.00577833,buy
2014-01-21,0,0,1,0,1,0,0,0,1,0,0,0,0,0,0,1,0,0,0,0,0,0,0,0,0,0,0,0,0,0,0,0, 0.00551707,-0.00033230, 0.00593841, 0.0046560, 0.00852001,buy
2014-01-22,0,0,0,1,2,0,0,0,0,0,0,0,0,0,0,1,0,0,0,1,0,0,0,0,1,0,0,0,0,0,0,0, 0.00557081, 0.00584059, 0.00677923, 0.0013880, 0.00516588,buy
2014-01-23,1,0,0,1,1,0,0,0,0,1,0,0,0,0,0,0,0,0,0,1,0,0,0,0,1,0,0,0,0,0,0,0,-0.00555650, 0.00150254, 0.00460640,-0.0095060,-0.00494894,sell
2014-01-24,1,0,0,1,1,0,0,1,0,1,0,0,1,0,0,0,0,0,0,1,0,0,0,0,1,0,0,0,0,0,0,0,-0.00424001,-0.00568795, 0.00083418,-0.0109305,-0.00972937,sell
2014-01-25,1,0,0,1,1,1,0,1,0,1,0,0,1,0,1,0,0,0,0,1,0,0,0,0,1,0,0,0,0,0,0,0,-0.00580953,-0.00737043,-0.00309167,-0.0109656,-0.01024197,sell
2014-01-26,2,0,0,1,1,1,0,1,0,1,0,0,1,0,1,0,1,0,0,1,0,0,0,0,1,0,0,1,0,0,0,0,-0.00763524,-0.00225758,-0.00239675,-0.0105020,-0.00810740,sell
2014-01-27,1,1,0,1,0,2,1,0,1,0,0,1,0,0,1,0,1,0,0,0,0,0,1,0,1,0,0,1,0,0,0,0, 0.00035882, 0.00333829, 0.00433870,-0.0008341, 0.00291498,buy
2014-01-28,1,1,0,1,0,3,1,0,1,0,0,1,0,0,1,1,1,0,0,0,0,0,1,0,1,0,0,1,0,0,0,0, 0.00100836, 0.00336251, 0.00587325,-0.0003098, 0.00344148,buy
2014-01-29,1,1,0,1,0,2,1,0,1,0,0,1,0,0,0,1,1,0,0,0,0,0,1,0,1,0,0,1,0,0,0,0,-0.00257494,-0.00184003, 0.00513440,-0.0047406, 0.00235937,sell
2014-01-30,1,1,1,1,1,2,1,0,1,0,0,1,0,0,0,1,1,1,0,0,1,0,1,0,1,0,0,1,0,0,0,0, 0.00077139, 0.00218755, 0.00571445,-0.0038257, 0.00598698,buy
2014-01-31,0,0,1,1,2,1,1,0,0,0,0,0,0,0,0,1,0,1,0,0,1,0,1,0,1,0,0,1,0,1,0,0,-0.00408223, 0.00311054,-0.00374550,-0.0025122, 0.00090775,sell
2014-02-01,0,0,1,1,2,1,0,0,0,0,0,0,0,0,0,1,0,1,0,0,1,0,0,0,1,0,0,1,0,1,0,0,-0.00438147, 0.00306770,-0.00278677,-0.0025630, 0.00070513,sell
2014-02-02,0,0,1,1,2,0,0,0,0,0,0,0,0,0,0,0,0,1,0,0,1,0,0,0,1,0,0,1,0,1,0,0, 0.00068691, 0.00382633, 0.00172881, 0.0008619, 0.00459500,buy
2014-02-03,0,0,0,1,2,0,0,0,0,0,1,0,0,0,0,0,0,0,0,0,1,0,0,0,1,0,0,1,0,1,0,0,-0.00261640,-0.00033423,-0.00298015,-0.0013839, 0.00416091,sell
2014-02-04,0,0,0,1,1,0,0,0,0,0,1,0,0,0,0,0,0,0,0,0,0,0,0,0,1,0,0,1,0,1,0,0,-0.00457355, 0.00203444,-0.00205841, 0.0028000, 0.00486038,buy
2014-02-05,0,0,0,0,0,0,0,0,0,0,1,0,0,0,0,0,0,0,0,0,0,0,0,0,0,0,0,1,0,0,0,0, 0.00294872, 0.00367177, 0.00372348, 0.0051437,-0.00115065,buy
2014-02-06,0,0,0,0,0,0,0,0,0,0,1,0,0,0,0,0,0,0,0,0,0,0,0,0,0,0,0,1,0,0,0,0, 0.00294872, 0.00367177, 0.00372348, 0.0051437,-0.00115065,buy
2014-02-07,0,0,0,0,0,0,0,0,0,0,1,0,0,0,0,0,0,0,0,0,0,0,0,0,0,0,0,1,0,0,0,0, 0.00294872, 0.00367177, 0.00372348, 0.0051437,-0.00115065,buy
2014-02-08,0,0,0,0,0,0,0,0,0,0,1,0,0,0,0,0,0,0,0,0,0,0,0,0,0,0,0,0,0,0,0,0, 0.00362589, 0.00483879, 0.00412994,-0.0020774,-0.00082174,buy
2014-02-09,0,0,0,0,0,0,0,1,0,0,1,0,0,0,0,0,0,0,0,0,0,1,0,0,0,0,0,0,0,0,0,0, 0.00083563, 0.00368654, 0.00141154,-0.0060567,-0.00242657,buy
2014-02-10,0,0,0,0,0,1,0,1,0,0,0,0,0,0,0,1,0,0,0,0,0,1,0,0,0,0,0,0,0,0,0,0,-0.00468354,-0.00208779, 0.00162580,-0.0045845, 0.00095046,sell
2014-02-11,0,0,0,0,0,2,0,1,0,0,0,0,0,0,0,1,0,0,0,0,0,1,1,0,0,0,0,0,0,0,0,0, 0.00111526, 0.00008814, 0.00193599,-0.0015110,-0.00009545,buy
2014-02-12,2,0,0,0,0,2,0,1,0,0,0,0,0,0,0,1,1,0,1,0,0,1,1,0,0,0,0,0,0,0,0,0,-0.00228997,-0.00234527,-0.00134308, 0.0039265,-0.00007568,sell
2014-02-13,2,1,0,0,0,3,0,1,0,0,0,1,0,0,0,1,1,1,1,0,0,1,1,0,0,0,0,0,0,0,0,0,-0.00106105,-0.00485396,-0.00192596, 0.0043111,-0.00264389,sell
2014-02-14,3,1,0,0,0,3,0,0,0,1,0,1,0,1,0,0,1,1,1,0,1,0,1,0,0,0,0,0,0,0,0,0,-0.00662059,-0.00366054,-0.00237804,-0.0043581,-0.00728125,sell
2014-02-15,3,2,0,0,0,4,0,0,1,1,0,1,0,1,1,0,1,1,1,0,1,0,1,0,0,0,0,0,0,0,0,0,-0.00551071,-0.00362544,-0.00273227,-0.0034131,-0.00373993,sell
2014-02-16,3,2,0,0,0,4,0,0,1,1,0,1,0,1,1,0,0,1,1,0,1,0,0,1,0,0,1,0,0,0,0,0,-0.00514386,-0.00200752, 0.00141120, 0.0004969,-0.00275641,sell
2014-02-17,3,1,0,0,0,3,0,1,1,1,0,0,1,0,1,0,0,0,1,0,1,0,0,1,0,0,1,0,0,0,0,0, 0.00131538, 0.00299624, 0.00096659, 0.0022994, 0.00166282,buy
2014-02-18,1,1,0,0,0,3,0,1,1,0,0,0,1,0,1,0,0,0,0,0,1,0,0,1,0,0,1,0,0,0,0,0, 0.00265385, 0.00357167, 0.00123455, 0.0027909, 0.00185852,buy
2014-02-19,1,0,0,0,0,2,0,1,0,0,0,0,1,0,1,0,0,0,0,0,0,0,0,1,0,0,1,0,0,0,0,0, 0.00533286,-0.00246931,-0.00201212,-0.0032466, 0.00020324,sell
2014-02-20,1,0,0,0,1,1,0,1,0,0,0,0,1,0,0,1,0,0,0,0,0,0,0,1,0,0,1,0,0,0,0,0, 0.00301986,-0.00271407,-0.00130256,-0.0053598,-0.00266459,sell
2014-02-21,0,0,0,0,1,1,0,1,0,0,0,0,1,0,0,1,0,0,0,1,0,0,0,0,0,0,1,0,0,0,0,0, 0.00183751, 0.00012312,-0.00298659, 0.0002055, 0.00005908,buy
2014-02-22,0,0,0,0,1,1,1,0,0,0,0,0,0,0,0,1,0,0,0,1,0,0,0,0,0,0,1,0,1,0,0,0, 0.00082821,-0.00035706,-0.00802912,-0.0047073,-0.00106941,sell
2014-02-23,0,0,0,0,1,1,1,0,0,0,0,0,0,0,0,1,0,0,0,1,0,0,0,0,0,0,1,0,1,0,0,0, 0.00082821,-0.00035706,-0.00802912,-0.0047073,-0.00106941,sell
2014-02-24,0,0,0,0,0,1,1,0,0,0,0,0,0,0,0,0,0,0,0,1,0,0,0,0,0,0,0,0,1,1,0,0, 0.00014959,-0.00320627,-0.00117959,-0.0011935,-0.00343788,sell
2014-02-25,0,0,0,0,0,1,1,0,0,0,0,0,0,0,0,0,0,0,0,1,0,0,0,0,0,0,0,0,1,1,0,0, 0.00014959,-0.00320627,-0.00117959,-0.0011935,-0.00343788,sell
2014-02-26,0,0,0,0,0,1,1,0,0,0,0,0,0,0,0,0,0,0,0,0,0,0,0,0,0,0,0,0,1,1,0,0,-0.00122702,-0.00165572, 0.00129652, 0.0008276, 0.00062353,buy
2014-02-27,1,0,0,0,1,1,1,0,0,0,0,0,0,0,0,0,0,1,0,0,0,0,1,0,0,0,0,0,1,1,0,0,-0.00341027,-0.00452973,-0.00406987,-0.0021144,-0.00455467,sell
2014-02-28,1,0,0,0,1,1,0,1,0,0,0,0,0,0,0,0,0,1,0,0,0,0,1,0,0,1,0,0,0,1,0,0,-0.00576346,-0.00415781,-0.00415781,-0.0040445,-0.00412463,sell
2014-03-01,1,1,0,0,1,1,1,1,0,0,0,0,0,0,0,0,0,1,1,0,1,0,1,0,0,1,0,0,0,1,0,0,-0.00128456,-0.00301750,-0.00143079, 0.0022710,-0.00217697,sell
2014-03-02,1,1,0,0,1,1,1,1,0,0,0,0,0,0,0,0,0,1,1,0,1,0,1,0,0,1,0,0,0,1,0,0,-0.00128456,-0.00301750,-0.00143079, 0.0022710,-0.00217697,sell
2014-03-03,1,2,0,0,1,1,1,2,0,0,0,0,0,0,0,0,0,1,1,0,1,0,1,1,0,1,0,0,0,1,0,1,-0.00168927, 0.00229352, 0.00248357, 0.0022714,-0.00170659,buy
2014-03-04,0,2,0,0,0,1,1,2,0,0,0,0,0,0,0,0,0,0,1,0,1,0,0,1,0,1,0,0,0,1,0,1, 0.00295894, 0.00517185, 0.00484671, 0.0031895, 0.00067327,buy
2014-03-05,0,2,0,0,0,1,1,2,0,0,0,0,0,0,0,0,0,0,1,0,1,0,0,1,0,1,0,0,0,1,0,1, 0.00295894, 0.00517185, 0.00484671, 0.0031895, 0.00067327,buy
2014-03-06,0,1,0,0,0,1,0,1,0,0,0,0,0,0,0,0,0,0,0,0,0,0,0,1,0,0,0,0,0,1,0,1, 0.00378821, 0.00725083, 0.00471775,-0.0014942, 0.00512411,buy
2014-03-07,0,1,0,0,0,1,0,1,0,0,0,0,0,0,0,0,0,0,0,0,0,0,0,1,0,0,0,0,0,1,0,1, 0.00378821, 0.00725083, 0.00471775,-0.0014942, 0.00512411,buy
2014-03-08,0,0,0,0,0,1,0,2,0,0,0,0,1,0,0,0,0,0,0,0,0,0,0,0,0,0,0,0,0,1,0,1, 0.00119977,-0.00058133,-0.00291665,-0.0048205, 0.00108807,sell
2014-03-09,0,0,0,0,0,1,0,1,0,0,0,0,1,0,0,0,0,0,0,0,0,0,0,0,0,0,0,0,0,1,0,0,-0.00844236,-0.00656657,-0.00628727,-0.0083432,-0.00366591,sell
2014-03-10,0,0,0,0,1,1,0,1,0,0,0,0,1,0,0,0,0,0,0,0,0,0,0,0,0,0,1,0,0,1,0,0, 0.00051174, 0.00076779, 0.00083289,-0.0001407,-0.00197131,buy
2014-03-11,1,1,0,0,1,1,0,1,1,0,0,0,1,0,0,0,0,0,0,0,0,1,0,0,0,0,1,0,0,1,0,0,-0.00067644,-0.00145229,-0.00235821,-0.0004408, 0.00079107,sell
2014-03-12,2,1,0,0,1,2,0,1,1,1,0,0,1,0,1,0,0,0,0,0,0,1,0,0,0,0,1,0,0,1,0,0,-0.00276494,-0.00343250,-0.00469782,-0.0017398, 0.00168000,sell
2014-03-13,2,1,0,0,1,2,0,1,1,1,0,0,1,0,1,0,0,0,0,0,0,1,0,0,0,0,1,0,0,1,0,0,-0.00276494,-0.00343250,-0.00469782,-0.0017398, 0.00168000,sell
2014-03-14,2,1,0,0,1,3,0,0,1,1,0,1,0,0,1,0,0,0,0,0,0,1,0,0,0,0,1,0,0,1,0,0,-0.00404049,-0.00460104,-0.00454128,-0.0024392, 0.00440611,sell
2014-03-15,3,1,2,0,0,3,0,0,1,1,0,1,0,0,1,0,1,0,1,0,0,1,0,0,1,0,0,0,0,1,0,0,-0.00210532,-0.00303172,-0.00526401,-0.0011596,-0.00127253,sell
2014-03-16,2,0,2,0,0,3,1,0,0,1,0,1,0,0,1,0,1,0,1,0,0,0,0,0,1,0,0,0,0,1,1,0, 0.00144614, 0.00435838, 0.00130660,-0.0001570, 0.00092864,buy
2014-03-17,1,0,3,0,0,2,1,0,0,0,0,1,0,0,0,0,1,0,1,0,0,0,0,1,1,0,0,0,0,1,1,0, 0.00051672, 0.00087520, 0.00079126,-0.0049173, 0.00068591,buy
2014-03-18,1,0,3,0,1,2,1,0,0,0,0,1,0,0,0,0,1,0,1,0,0,0,0,1,1,0,0,1,0,1,1,0,-0.00161768, 0.00267441, 0.00219004,-0.0020345,-0.00028712,buy
2014-03-19,0,0,2,0,1,1,1,0,0,0,0,0,0,0,0,0,0,0,0,0,0,0,0,1,1,0,0,1,0,1,1,0,-0.00004376,-0.00010210, 0.00078687,-0.0035387, 0.00303240,buy
2014-03-20,0,0,1,0,1,1,1,0,0,0,0,0,0,0,0,0,0,0,0,0,0,0,0,1,0,0,0,1,0,1,1,0, 0.00359419, 0.00003244, 0.00154914, 0.0019896, 0.00040201,buy
2014-03-21,0,0,1,0,1,1,0,0,0,0,1,0,0,0,0,0,0,0,0,0,0,0,0,1,0,0,0,1,0,1,0,0, 0.00114468,-0.00312330,-0.00210085,-0.0010581,-0.00262286,sell
2014-03-22,0,0,0,0,1,1,0,0,0,0,1,0,0,0,0,0,0,0,0,0,0,0,0,0,0,0,0,1,0,1,0,0,-0.00209529, 0.00092127,-0.00027193, 0.0021270, 0.00272973,buy
2014-03-23,0,1,0,0,0,1,0,0,0,1,1,0,0,0,0,0,0,0,0,0,0,0,0,0,0,0,0,0,0,1,0,0, 0.00622029, 0.00335530, 0.00355268, 0.0022708,-0.00203190,buy
2014-03-24,0,1,0,0,1,1,0,0,0,1,1,0,0,0,0,0,0,0,0,1,0,0,0,0,0,0,0,0,0,1,0,0,-0.00224441, 0.00035171, 0.00255086, 0.0027573,-0.00110976,buy
2014-03-25,1,1,0,0,2,1,0,0,1,1,0,0,0,0,1,0,0,0,0,1,0,0,0,0,0,0,0,0,0,1,0,0, 0.00009714,-0.00238001,-0.00171127,-0.0057628, 0.00078240,sell
2014-03-26,1,3,0,0,2,1,1,0,1,1,0,1,0,0,1,0,1,0,0,1,0,1,0,0,0,0,0,0,0,1,0,0, 0.00235451, 0.00094615, 0.00160469, 0.0035985, 0.00694062,buy
2014-03-27,1,2,0,0,2,1,1,0,1,0,0,1,0,0,1,0,1,0,0,1,0,1,0,0,0,0,0,0,0,1,0,0, 0.00238239, 0.00096086, 0.00302584, 0.0035965, 0.00643163,buy
2014-03-28,2,2,0,0,2,1,1,1,1,0,0,1,0,0,1,0,1,0,0,1,0,1,0,0,0,1,0,0,1,1,0,0,-0.00131928, 0.00283535, 0.00278641, 0.0050784, 0.00460699,buy
2014-03-29,1,1,0,0,1,1,1,1,0,0,0,1,0,0,0,0,0,0,0,1,0,1,0,0,0,1,0,0,1,1,0,0,-0.00290624, 0.00021534, 0.00088373,-0.0027238, 0.00048862,buy
2014-03-30,1,1,0,0,0,1,0,2,0,0,0,0,0,0,0,0,0,1,0,0,0,1,0,0,0,1,0,0,1,1,0,0, 0.00247231, 0.00500802,-0.00265945, 0.0056593, 0.00494782,buy
2014-03-31,2,1,0,0,0,1,0,2,0,0,0,0,0,0,0,0,0,1,0,0,0,0,1,0,1,1,0,0,1,1,0,1,-0.00379425, 0.00078070,-0.00450868, 0.0019032,-0.00330231,sell
2014-04-01,2,1,1,0,0,2,0,2,0,1,0,0,1,0,0,0,0,1,0,0,1,0,1,0,1,0,0,0,0,1,1,1, 0.00075802, 0.00295317, 0.00330520, 0.0033088, 0.00258372,buy
2014-04-02,2,1,1,0,0,3,0,2,0,1,0,0,1,0,0,0,0,1,0,0,1,0,1,0,1,0,0,1,0,1,1,1, 0.00152438, 0.00255617, 0.00268749, 0.0054934, 0.00248833,buy
2014-04-03,2,1,2,0,0,3,0,2,0,1,0,0,1,0,0,0,1,1,0,0,1,0,1,0,1,0,0,1,0,1,1,1, 0.00209812, 0.00340930, 0.00276374, 0.0010215, 0.00349279,buy
2014-04-04,1,1,1,0,0,3,0,1,0,0,0,0,1,0,0,0,1,0,0,0,1,0,1,0,1,0,0,1,0,1,1,0,-0.00455661,-0.00358986,-0.00409401,-0.0079589,-0.00503904,sell
2014-04-05,0,0,1,0,0,3,0,1,0,0,0,0,0,0,0,0,1,0,0,0,1,0,0,0,0,0,0,1,0,1,1,0,-0.00511151, 0.00763429, 0.00682950,-0.0062550, 0.00166252,buy
2014-04-06,0,0,1,0,0,2,0,0,0,0,0,0,0,0,0,0,1,0,0,0,0,0,0,0,0,0,0,1,0,1,0,0,-0.00703382, 0.00470424,-0.00191747, 0.0053188, 0.00067360,buy
2014-04-07,0,0,0,1,1,1,0,0,0,0,0,0,0,0,0,1,0,0,1,0,0,0,0,0,0,0,0,0,0,1,0,0, 0.00167495,-0.00191747, 0.00297590, 0.0020262,-0.00273479,buy
2014-04-08,0,1,0,1,1,1,0,0,0,0,0,0,0,0,0,1,0,0,1,0,0,0,0,0,0,1,0,0,0,1,0,0, 0.00525632, 0.00474782, 0.00728246, 0.0110310,-0.00080241,buy
2014-04-09,0,1,0,1,1,2,0,0,0,0,0,0,0,0,0,1,0,0,1,1,0,0,0,0,0,1,0,0,0,1,0,0,-0.00087714,-0.00197680,-0.00134799,-0.0040552,-0.00108485,sell
2014-04-10,0,2,1,1,2,2,0,0,0,0,1,0,1,0,0,1,0,0,1,1,0,1,0,0,0,1,1,0,0,1,0,0,-0.00169010,-0.00249710,-0.00194547,-0.0037431,-0.00041607,sell
2014-04-11,0,1,1,1,2,2,0,0,0,0,1,0,1,0,0,1,0,0,0,1,0,1,0,1,0,0,1,0,0,1,0,0,-0.00045516, 0.00171334, 0.00192808,-0.0049519,-0.00153935,buy
2014-04-12,0,2,1,1,2,2,0,0,0,0,1,0,1,0,0,1,0,0,0,1,0,1,0,1,0,0,1,0,0,1,0,1,-0.00151715, 0.00162274, 0.00211021,-0.0040283,-0.00184824,sell
2014-04-13,0,1,1,1,1,2,0,1,1,0,0,0,0,0,1,1,0,0,0,1,0,1,0,1,0,0,1,0,0,1,0,1, 0.00333020, 0.00273506, 0.00365640, 0.0028084, 0.00599078,buy
2014-04-14,0,1,0,1,0,1,0,2,1,0,0,1,0,0,1,0,0,0,0,0,0,0,0,1,0,0,0,0,0,1,0,1, 0.00090882, 0.00246299,-0.00002251,-0.0007620, 0.00039941,buy
2014-04-15,0,1,0,2,0,1,0,2,1,1,0,1,0,0,1,0,0,0,0,0,0,0,0,1,0,0,0,0,0,1,0,1, 0.00239764, 0.00061977, 0.00053996,-0.0003724,-0.00027772,buy
2014-04-16,1,0,0,1,1,1,1,1,0,1,0,1,0,0,1,0,0,0,0,0,0,0,0,0,1,0,0,1,0,1,1,0,-0.00294095, 0.00008840, 0.00094884, 0.0005842,-0.00091306,buy
2014-04-17,1,0,0,1,1,1,1,0,0,1,0,0,0,0,0,0,0,0,0,0,0,0,0,0,1,0,0,1,0,1,1,0,-0.00364013,-0.00090083,-0.00002960,-0.0011647,-0.00318502,sell
2014-04-18,1,0,2,1,1,2,1,0,0,0,1,0,1,0,0,0,1,0,0,0,0,0,0,0,1,1,0,1,0,1,1,0,-0.00123073, 0.00197676, 0.00251040, 0.0001529, 0.00460164,buy
2014-04-19,1,0,2,1,1,2,1,0,0,0,1,0,1,0,0,0,1,0,0,0,0,0,0,0,1,1,0,1,0,1,1,0,-0.00123073, 0.00197676, 0.00251040, 0.0001529, 0.00460164,buy
2014-04-20,1,0,2,1,1,2,1,0,0,0,1,0,1,0,0,0,1,0,0,0,0,0,0,0,1,1,0,1,0,1,1,0,-0.00123073, 0.00197676, 0.00251040, 0.0001529, 0.00460164,buy
2014-04-21,0,0,0,0,0,1,0,0,0,0,0,0,0,0,0,0,0,0,0,0,0,0,0,0,0,0,0,0,0,1,0,0,-0.00998393,-0.00987972,-0.00892159,-0.0096380,-0.00487823,sell
2014-04-22,0,0,0,0,0,1,0,0,0,0,0,0,0,0,0,0,0,0,0,0,0,0,0,0,0,0,0,0,0,1,0,0,-0.00998393,-0.00987972,-0.00892159,-0.0096380,-0.00487823,sell
2014-04-23,1,0,1,0,0,1,0,0,0,0,0,0,0,0,0,0,0,0,0,0,0,0,0,0,0,0,0,0,1,1,0,1,-0.00314644,-0.00073922,-0.00371105,-0.0044987,-0.00296003,sell
2014-04-24,1,0,1,0,0,1,0,0,0,0,0,0,0,1,0,0,0,0,0,0,0,0,0,0,0,0,0,0,1,1,0,1,-0.00132497,-0.00272895,-0.00117861,-0.0009359,-0.00088786,sell
2014-04-25,1,0,1,0,0,2,2,0,0,0,1,0,0,1,0,1,0,0,0,1,0,0,0,0,0,0,0,0,1,1,0,1,-0.00009271,-0.00180974, 0.00047450, 0.0032775, 0.00270140,buy
2014-04-26,1,0,1,0,0,2,2,0,0,0,1,0,0,1,0,1,0,0,0,1,0,0,0,0,0,0,0,0,1,1,0,1,-0.00009271,-0.00180974, 0.00047450, 0.0032775, 0.00270140,buy
2014-04-27,0,0,0,0,0,2,2,0,0,0,1,0,0,1,0,1,0,0,0,1,0,0,0,0,0,0,0,0,0,1,0,0, 0.00109658,-0.00063306, 0.00236090, 0.0016441, 0.00281443,buy
2014-04-28,1,0,1,0,0,2,1,0,0,1,0,1,0,0,0,1,0,0,0,1,0,0,0,0,0,0,0,0,0,1,0,0,-0.00122568, 0.00171585,-0.00109249,-0.0002979, 0.00110044,buy
2014-04-29,1,0,1,0,1,2,2,0,1,1,0,1,0,0,1,1,0,0,0,1,0,0,0,0,0,0,0,0,0,1,0,0, 0.00032848, 0.00014623,-0.00047215,-0.0007062, 0.00299965,buy
2014-04-30,1,0,1,0,1,1,1,0,1,0,0,1,0,0,1,0,0,0,1,0,0,0,0,0,0,0,0,0,0,1,0,0, 0.00084316,-0.00403271,-0.00352043,-0.0050001,-0.00580995,sell
2014-05-01,0,0,2,0,0,0,1,0,1,0,0,0,0,0,0,0,1,0,1,0,0,0,0,0,0,0,0,0,0,0,0,0,-0.00205646,-0.00181990,-0.00165826,-0.0025252, 0.00017113,sell
2014-05-02,1,0,2,1,1,0,0,0,0,0,0,0,1,0,0,0,1,0,1,0,1,0,1,0,0,0,0,0,0,0,0,0, 0.00213066,-0.00199420, 0.00240302,-0.0017494,-0.00454604,sell
2014-05-03,1,0,2,1,1,0,1,0,0,0,0,0,1,0,0,0,1,1,1,0,1,0,1,0,0,0,0,0,0,0,0,0, 0.00180825,-0.00112523, 0.00504641,-0.0015424, 0.00103411,buy
2014-05-04,1,1,0,0,1,0,1,0,0,1,0,0,0,0,0,0,0,1,0,0,1,0,1,0,0,0,0,0,0,0,0,0,-0.00245599,-0.00142373, 0.00016090,-0.0004556, 0.00117205,sell
2014-05-05,1,2,0,0,1,0,1,0,0,1,0,1,0,0,0,0,0,1,0,0,1,0,1,0,0,0,0,0,0,0,0,0,-0.00199672, 0.00249612, 0.00283789,-0.0008461, 0.00156945,buy
2014-05-06,1,3,1,0,1,1,1,0,0,1,0,1,0,0,1,0,0,1,0,0,1,0,1,1,0,0,0,0,1,0,0,0, 0.00020943,-0.00254374,-0.00032085,-0.0014095,-0.00246388,sell
2014-05-07,0,2,1,0,2,2,1,0,1,0,0,1,0,0,1,0,0,1,0,0,0,0,1,1,0,0,1,0,1,0,0,0, 0.00063402,-0.00000863,-0.00082025, 0.0004499,-0.00439876,sell
2014-05-08,0,2,1,1,1,2,1,0,1,0,0,0,0,0,1,0,1,1,0,0,0,1,0,1,0,0,1,0,1,0,0,0,-0.00103876,-0.00167750,-0.00133898, 0.0012323, 0.00006964,sell
2014-05-09,0,2,1,2,1,1,0,0,1,0,0,0,0,0,0,0,1,0,0,0,0,1,0,1,0,1,1,0,1,0,0,0, 0.00037324,-0.00083031,-0.00141732, 0.0026556,-0.00066448,sell
2014-05-10,0,1,1,2,1,0,0,1,0,0,1,0,0,0,0,0,1,0,0,0,0,1,0,1,0,1,1,0,0,0,0,0, 0.00024247, 0.00171980, 0.00082928, 0.0028960, 0.00087474,buy
2014-05-11,1,0,0,2,1,0,0,1,0,1,1,0,0,0,0,0,0,0,0,0,0,1,0,0,0,1,1,0,0,0,0,0,-0.00254709, 0.00188269,-0.00003951,-0.0051256, 0.00005568,sell
2014-05-12,1,0,0,2,0,0,1,1,0,1,1,0,0,0,0,1,0,0,0,0,0,1,0,0,0,1,0,0,0,0,0,0,-0.00333396,-0.00095341,-0.00530138,-0.0071653,-0.00350721,sell
2014-05-13,1,1,1,0,0,0,1,1,0,1,0,1,0,0,0,1,0,0,1,0,0,0,0,0,0,0,0,1,0,0,0,0,-0.00648825,-0.00301754,-0.00208688,-0.0013694,-0.00295231,sell
2014-05-14,0,1,1,0,0,0,2,1,0,0,0,1,0,0,1,1,0,0,1,0,0,0,0,0,0,0,0,1,0,0,1,0, 0.00031967,-0.00550626,-0.00417267,-0.0043682,-0.00171505,sell
2014-05-15,0,1,1,0,0,0,2,1,0,0,0,1,0,0,1,1,0,0,1,0,0,0,0,0,0,0,0,1,0,0,1,0, 0.00031967,-0.00550626,-0.00417267,-0.0043682,-0.00171505,sell
2014-05-16,1,1,1,1,1,0,2,2,1,0,0,1,0,0,1,1,1,0,1,0,0,0,0,0,1,0,0,1,0,0,1,1, 0.00121297,-0.00219586, 0.00199560,-0.0022093,-0.00295610,sell
2014-05-17,1,2,1,1,1,0,2,1,1,0,0,0,1,0,1,1,1,0,1,0,1,0,0,0,1,0,0,0,0,0,1,1,-0.00103995,-0.00284553,-0.00197272,-0.0015591,-0.00311559,sell
2014-05-18,1,1,2,1,1,0,1,1,1,0,0,0,1,0,0,1,1,0,0,0,1,0,0,0,1,0,0,0,1,0,0,1, 0.00332190, 0.00316966, 0.00004599, 0.0031011,-0.00129346,buy
2014-05-19,0,1,2,1,1,1,1,1,1,0,0,0,1,0,0,1,0,0,0,0,1,0,1,0,1,0,0,0,1,0,0,1, 0.00285829,-0.00315690,-0.00277811, 0.0013364,-0.00300628,sell
2014-05-20,0,2,2,0,0,2,1,1,0,0,0,0,1,0,0,1,0,0,0,0,1,0,1,1,1,0,1,0,1,0,0,0,-0.00481542,-0.00559579,-0.00510337,-0.0055303,-0.00526701,sell
2014-05-21,0,2,1,0,0,2,1,0,0,0,0,0,0,0,0,1,0,0,0,0,1,0,1,1,0,0,1,0,1,0,0,0,-0.00135285,-0.00285453, 0.00074812,-0.0005691,-0.00185446,sell
2014-05-22,0,1,0,0,0,3,1,0,0,0,0,0,0,0,0,1,0,1,0,0,0,0,1,1,0,0,1,0,0,0,0,0, 0.00372986, 0.00383222, 0.00322668, 0.0022631, 0.00067503,buy
2014-05-23,0,1,0,0,0,3,1,0,0,0,0,0,0,0,0,1,0,1,0,0,0,0,1,1,0,0,1,0,0,0,0,0, 0.00372986, 0.00383222, 0.00322668, 0.0022631, 0.00067503,buy
2014-05-24,0,1,0,0,0,2,1,0,0,0,0,0,0,0,0,1,0,1,0,0,0,0,0,1,0,0,1,0,0,0,0,0, 0.00254979, 0.00022107, 0.00097263, 0.0003986, 0.00169623,buy
2014-05-25,0,0,0,0,0,1,1,0,0,0,0,0,0,0,0,1,0,1,0,0,0,0,0,0,0,0,0,0,0,0,0,0,-0.00305941,-0.00237011,-0.00105397,-0.0038169,-0.00170099,sell
2014-05-26,0,0,0,0,0,1,1,1,0,0,0,0,0,0,0,1,0,1,0,1,0,0,0,0,0,0,0,0,0,0,0,0, 0.00156366,-0.00085893, 0.00000254, 0.0002640, 0.00130072,buy
2014-05-27,0,0,0,0,0,1,1,1,0,0,0,0,0,0,0,1,0,1,0,1,0,0,0,0,0,0,0,0,0,0,0,0, 0.00156366,-0.00085893, 0.00000254, 0.0002640, 0.00130072,buy
2014-05-28,1,0,0,0,0,0,1,1,0,0,0,0,0,0,0,1,0,0,1,1,0,0,0,0,0,0,0,0,0,0,0,0,-0.00280526,-0.00470916,-0.00435868,-0.0011513,-0.00186147,sell
2014-05-29,1,0,0,0,0,0,1,1,0,0,0,0,0,0,0,1,0,0,1,1,0,0,0,0,0,0,0,0,0,0,0,0,-0.00280526,-0.00470916,-0.00435868,-0.0011513,-0.00186147,sell
2014-05-30,1,0,0,0,0,0,1,1,0,0,0,0,0,0,0,1,0,0,1,1,0,0,0,0,0,0,0,0,0,0,0,0,-0.00280526,-0.00470916,-0.00435868,-0.0011513,-0.00186147,sell
2014-05-31,1,1,0,0,0,0,1,1,0,0,0,0,1,0,0,1,0,0,1,1,0,0,0,0,0,0,0,0,0,0,0,0,-0.00198283,-0.00282962,-0.00290945,-0.0024576,-0.00238933,sell
2014-06-01,1,1,1,0,0,0,1,0,0,0,0,0,1,0,0,1,0,0,1,0,1,0,0,0,0,0,0,0,0,0,0,0, 0.00298088, 0.00157420,-0.00341014,-0.0037761,-0.00258149,sell
2014-06-02,1,1,1,0,0,0,1,0,0,0,0,0,1,0,0,0,0,0,1,0,1,0,0,0,0,0,1,0,0,0,0,0, 0.00186511,-0.00042162, 0.00060427, 0.0028736,-0.00106142,buy
2014-06-03,0,1,1,0,0,0,1,0,0,0,0,0,1,0,0,0,0,0,0,0,1,0,0,0,0,0,1,0,0,0,0,0, 0.00542004, 0.00002273, 0.00255047, 0.0023440, 0.00060672,buy
2014-06-04,0,1,1,0,0,0,2,0,0,0,0,0,1,0,0,0,0,0,0,0,1,0,1,0,0,0,1,0,0,0,0,0, 0.00182613,-0.00080693, 0.00035381, 0.0002459,-0.00134998,buy
2014-06-05,1,1,2,0,0,0,2,0,0,0,0,0,1,0,0,0,0,0,0,0,1,0,1,1,0,1,1,0,0,0,0,0,-0.00356206,-0.00499198,-0.00321077,-0.0081796,-0.00320597,sell
2014-06-06,1,1,2,0,0,0,2,0,0,0,0,0,1,0,0,0,0,0,0,0,0,1,1,1,0,1,1,0,0,0,0,0,-0.00250061,-0.00265600,-0.00234700, 0.0014526,-0.00211298,sell
2014-06-07,2,1,2,0,0,0,1,0,0,0,0,0,1,0,0,0,0,0,0,0,0,1,1,1,0,1,0,1,0,0,0,0,-0.00318517,-0.00385467,-0.00288360, 0.0010747,-0.00196910,sell
2014-06-08,2,1,2,0,0,0,1,0,0,0,0,0,1,0,0,0,0,0,0,0,0,1,1,1,0,1,0,1,0,0,0,0,-0.00318517,-0.00385467,-0.00288360, 0.0010747,-0.00196910,sell
2014-06-09,2,1,2,0,1,0,0,0,0,0,0,0,1,0,0,0,0,0,0,0,0,1,0,1,0,1,0,1,0,0,1,0,-0.00240151,-0.00207959,-0.00246821, 0.0007539,-0.00210930,sell
2014-06-10,2,1,1,0,1,0,0,0,0,0,0,0,1,0,0,0,0,0,0,0,0,1,0,1,0,0,0,1,0,0,1,0,-0.00116328,-0.00002437,-0.00271872,-0.0035611,-0.00126289,sell
2014-06-11,0,1,1,1,2,1,0,0,0,0,0,0,1,0,0,1,0,1,0,0,0,0,0,0,0,0,0,0,1,0,1,1,-0.00359437, 0.00005456,-0.00322647,-0.0029639,-0.00163212,sell
2014-06-12,0,1,1,1,2,1,0,0,0,0,0,0,1,0,0,1,0,1,0,0,0,0,0,0,0,0,0,0,1,0,1,1,-0.00359437, 0.00005456,-0.00322647,-0.0029639,-0.00163212,sell
2014-06-13,0,1,1,1,2,1,0,0,0,0,0,0,1,0,0,1,0,1,0,0,0,0,0,0,0,0,0,0,1,0,1,1,-0.00359437, 0.00005456,-0.00322647,-0.0029639,-0.00163212,sell
2014-06-14,0,1,1,1,1,0,0,0,0,0,0,0,1,0,0,0,0,1,0,0,0,0,0,0,0,0,0,0,1,0,0,1,-0.00130910,-0.00041629, 0.00022769,-0.0001257, 0.00181627,buy
2014-06-15,0,1,0,0,1,0,0,0,0,0,0,0,1,0,0,0,0,1,0,0,0,0,0,0,0,0,0,0,0,0,0,0,-0.00012102,-0.00500642,-0.00095097,-0.0037056,-0.00390602,sell
2014-06-16,0,1,0,0,1,0,1,0,0,0,0,0,1,0,0,0,0,1,0,0,0,0,0,0,1,0,0,0,0,0,0,0, 0.00091298,-0.00202732, 0.00310536,-0.0029489, 0.00114387,buy
2014-06-17,0,0,0,0,0,0,1,0,0,0,0,0,0,0,0,0,0,0,0,0,0,0,0,0,1,0,0,0,0,0,0,0,-0.00036604, 0.00053253, 0.00290756,-0.0071474,-0.00247402,sell
2014-06-18,0,0,0,0,0,0,1,0,0,0,0,0,0,1,0,0,0,0,0,0,0,0,0,0,1,0,0,0,0,0,0,0, 0.00200500, 0.00278700, 0.00246459, 0.0029323, 0.00262570,buy
2014-06-19,0,1,0,0,0,0,1,0,0,0,0,0,0,1,0,0,0,0,0,0,0,0,0,0,1,0,0,1,0,0,0,0, 0.00151057,-0.00221443, 0.00018046, 0.0013136, 0.00267719,buy
2014-06-20,0,1,0,0,1,0,1,0,0,0,0,0,0,1,0,1,0,0,0,0,0,0,0,0,1,0,0,1,0,0,0,0, 0.00524062,-0.00065739, 0.00012096, 0.0012498, 0.00208229,buy
2014-06-21,0,3,0,0,1,0,0,0,0,0,0,0,0,1,0,1,0,0,0,0,0,1,0,0,0,1,0,1,0,0,0,0,-0.00066540,-0.00587184,-0.00572760,-0.0026816,-0.00187400,sell
2014-06-22,0,3,0,0,1,1,0,0,0,0,0,0,0,0,0,1,0,0,0,0,0,1,0,0,0,1,0,1,0,0,1,0,-0.00268527,-0.00719764,-0.00350126,-0.0048648,-0.00362854,sell
2014-06-23,0,3,0,0,2,1,0,0,1,0,0,0,0,0,0,0,0,0,0,0,0,1,0,0,0,1,0,1,0,1,1,0, 0.00130153, 0.00221007, 0.00389653, 0.0009612, 0.00094168,buy
2014-06-24,0,2,0,0,2,1,0,0,1,0,0,0,0,0,0,0,0,0,0,0,0,1,0,0,0,1,0,0,0,1,1,0,-0.00050541,-0.00177406,-0.00524492,-0.0033148,-0.00278543,sell
2014-06-25,0,3,0,0,2,1,0,0,1,0,0,0,0,0,0,0,0,0,0,0,0,1,0,0,0,1,0,0,0,1,1,1,-0.00242938, 0.00226431,-0.00290100,-0.0014886,-0.00038594,sell
2014-06-26,0,2,0,0,2,1,0,0,1,0,0,0,0,0,0,0,0,0,0,0,0,0,0,0,0,1,0,0,0,1,1,1,-0.00165977,-0.00196172,-0.00400044,-0.0032782,-0.00258866,sell
2014-06-27,1,1,0,0,2,0,0,0,1,0,0,0,0,0,0,0,0,0,0,1,0,0,0,0,0,0,0,0,0,1,0,1,-0.00049952,-0.00014304,-0.00309973,-0.0023348,-0.00187727,sell
2014-06-28,1,1,0,0,2,0,0,1,1,0,0,0,0,0,0,0,0,0,0,1,0,0,0,0,0,0,1,0,0,1,0,1,-0.00017968,-0.00264911,-0.00535029,-0.0013183,-0.00357561,sell
2014-06-29,1,1,0,0,2,0,0,1,1,0,0,0,0,0,0,0,0,0,0,1,0,0,0,0,0,0,1,0,0,1,0,1,-0.00017968,-0.00264911,-0.00535029,-0.0013183,-0.00357561,sell
2014-06-30,1,0,0,0,2,0,0,1,1,0,0,0,0,0,0,0,0,0,0,1,0,0,0,0,0,0,1,0,0,1,0,0,-0.00019566,-0.00175575,-0.00399047, 0.0022852,-0.00018608,sell
2014-07-01,1,0,0,0,1,1,0,1,0,0,0,0,0,0,0,0,0,0,0,1,0,0,0,0,1,0,1,0,0,1,0,0, 0.00019234, 0.00114839, 0.00106871, 0.0012297,-0.00171546,buy
2014-07-02,0,0,1,1,1,1,0,0,0,0,0,0,0,0,0,0,0,0,0,0,1,0,0,0,1,0,0,1,0,1,0,0, 0.00082574, 0.00296971, 0.00240594, 0.0005248,-0.00000051,buy
2014-07-03,0,0,1,1,1,1,0,0,0,0,0,0,0,0,0,0,0,0,0,0,1,0,0,0,1,0,0,1,0,1,0,0, 0.00082574, 0.00296971, 0.00240594, 0.0005248,-0.00000051,buy
2014-07-04,0,0,1,1,1,1,0,0,0,0,0,0,0,0,0,0,0,0,0,0,1,0,0,0,1,0,0,1,0,1,0,0, 0.00082574, 0.00296971, 0.00240594, 0.0005248,-0.00000051,buy
2014-07-05,0,0,2,1,1,1,1,0,0,0,0,0,0,0,0,0,0,0,0,0,1,0,0,0,1,0,0,1,1,1,1,0, 0.00284942, 0.00519819, 0.00488547, 0.0014048, 0.00198814,buy
2014-07-06,0,0,1,1,1,0,1,1,0,0,0,0,0,0,0,0,0,0,0,0,1,0,1,0,0,0,0,0,1,1,1,0, 0.00552781,-0.00116890, 0.00151702, 0.0035450, 0.00646622,buy
2014-07-07,1,0,1,0,1,0,1,1,0,0,0,0,0,0,0,0,0,0,0,0,0,1,1,0,0,0,0,0,1,1,1,0,-0.00193676,-0.00008743,-0.00176892,-0.0002142,-0.00005849,sell
2014-07-08,1,0,1,0,2,0,1,1,1,0,0,0,0,0,0,0,0,0,0,0,0,1,1,0,0,0,0,0,1,1,1,0,-0.00597516,-0.00306857,-0.00375954,-0.0032652,-0.00335623,sell
2014-07-09,1,0,1,0,2,0,0,1,1,0,0,0,0,0,0,0,0,0,0,0,0,1,1,0,0,0,0,0,1,1,0,0,-0.00469037,-0.00341015,-0.00163785,-0.0050969,-0.00151783,sell
2014-07-10,2,0,0,0,2,0,0,1,1,0,0,0,0,0,0,0,0,0,0,0,0,1,1,0,0,1,0,0,0,1,0,0,-0.00474216,-0.00437588,-0.00165061,-0.0037930,-0.00132216,sell
2014-07-11,3,0,0,0,1,0,0,0,1,0,0,0,0,0,0,0,0,0,0,0,0,1,0,0,0,1,0,0,0,0,0,1,-0.00375944,-0.00293366,-0.00301446,-0.0027130,-0.00249992,sell
2014-07-12,2,2,0,0,1,0,0,0,1,0,0,0,1,0,0,0,0,0,0,1,0,0,0,0,0,1,0,0,0,0,0,1, 0.00287344, 0.00164430, 0.00261178, 0.0031919, 0.00299552,buy
2014-07-13,2,2,0,0,1,0,0,0,1,0,0,0,1,0,0,0,0,0,0,1,0,0,0,0,0,1,0,0,0,0,0,1, 0.00287344, 0.00164430, 0.00261178, 0.0031919, 0.00299552,buy
2014-07-14,2,2,0,0,1,0,0,0,1,0,0,0,1,0,0,0,0,0,0,1,0,0,0,0,0,1,0,0,0,0,0,1, 0.00287344, 0.00164430, 0.00261178, 0.0031919, 0.00299552,buy
2014-07-15,2,2,0,0,0,0,0,2,0,0,0,0,1,0,0,0,0,0,1,1,0,0,0,1,0,1,0,0,0,0,0,1, 0.00067610, 0.00203468, 0.00281062, 0.0018261, 0.00141945,buy
2014-07-16,2,2,0,0,0,0,0,2,0,0,0,0,1,0,0,0,0,0,1,1,0,0,0,1,0,1,0,0,0,0,0,1, 0.00067610, 0.00203468, 0.00281062, 0.0018261, 0.00141945,buy
2014-07-17,1,0,0,0,1,0,0,2,0,0,1,0,0,0,0,0,0,0,1,0,0,0,0,1,1,0,0,0,0,0,0,0,-0.00218212,-0.00203418,-0.00173463, 0.0009151,-0.00178423,sell
2014-07-18,1,1,0,0,1,0,0,2,0,0,1,0,0,0,0,0,0,0,1,0,0,0,0,1,1,0,0,0,1,0,0,0,-0.00217835, 0.00237177, 0.00079133,-0.0003325, 0.00023816,buy
2014-07-19,1,1,0,0,1,0,0,2,0,0,1,0,0,0,0,0,0,0,1,0,0,0,0,1,1,0,0,0,1,0,0,0,-0.00217835, 0.00237177, 0.00079133,-0.0003325, 0.00023816,buy
2014-07-20,1,1,0,0,1,0,0,2,0,0,1,0,0,0,0,0,0,0,1,0,0,0,0,1,1,0,0,0,1,0,0,0,-0.00217835, 0.00237177, 0.00079133,-0.0003325, 0.00023816,buy
2014-07-21,0,1,0,1,1,0,0,2,0,0,0,1,0,0,0,0,0,0,1,0,0,0,0,1,1,0,0,0,1,0,0,0,-0.00372739,-0.00172046,-0.00264535,-0.0007967,-0.00264865,sell
2014-07-22,1,0,0,1,0,0,0,1,0,0,0,1,0,0,0,0,0,1,1,0,0,0,0,0,0,0,1,0,0,0,0,0,-0.00109058,-0.00177075,-0.00050535,-0.0008067,-0.00237845,sell
2014-07-23,2,0,0,1,0,0,0,2,0,0,0,1,1,0,1,0,0,1,1,0,0,0,0,0,0,0,1,0,0,0,0,0,-0.00238370, 0.00108582, 0.00045006,-0.0008414,-0.00151900,sell
2014-07-24,2,0,0,0,0,0,0,1,0,0,0,0,1,0,1,0,0,1,0,0,0,0,0,0,0,0,1,0,0,0,0,0,-0.00386881, 0.00076988, 0.00080724,-0.0042374, 0.00078836,buy
2014-07-25,2,0,0,0,0,0,0,1,0,0,0,0,1,0,1,0,0,1,0,0,0,0,0,0,0,0,1,0,0,0,0,0,-0.00386881, 0.00076988, 0.00080724,-0.0042374, 0.00078836,buy
2014-07-26,2,1,0,1,0,0,0,1,0,0,1,0,1,0,1,0,0,1,0,0,0,0,0,0,0,0,1,1,0,0,0,0,-0.00819310,-0.00196821, 0.00035392,-0.0045539,-0.00071328,sell
2014-07-27,0,1,0,1,0,0,0,0,0,0,1,0,0,0,0,0,0,1,0,0,0,0,0,0,0,0,0,1,0,0,0,0,-0.00252115, 0.00163571,-0.00454019, 0.0027763,-0.00089927,sell
2014-07-28,0,1,1,1,0,0,0,0,0,0,1,0,0,0,0,0,0,0,0,1,0,0,0,0,0,0,0,1,0,0,0,0,-0.00121054,-0.00260388, 0.00174155, 0.0007846, 0.00046375,buy
2014-07-29,0,0,1,1,0,0,0,0,0,0,0,0,0,0,0,0,0,0,0,1,0,0,0,0,0,0,0,1,0,0,0,0, 0.00016746,-0.00102815, 0.00180519,-0.0020829, 0.00367352,buy
2014-07-30,1,0,1,0,0,0,0,1,0,0,0,0,0,0,0,0,0,0,0,1,0,0,0,0,0,0,0,0,1,0,1,0, 0.00245922,-0.00126186, 0.00169685,-0.0007108, 0.00193843,buy
2014-07-31,1,0,1,0,0,0,0,2,0,0,0,0,0,0,0,0,1,0,0,1,0,0,0,0,0,0,0,0,1,0,1,0,-0.00033068, 0.00053941,-0.00191371,-0.0015265, 0.00334828,buy
2014-08-01,1,0,2,0,0,0,0,3,1,1,0,0,0,0,0,0,1,0,0,1,1,0,0,0,0,0,0,0,1,0,1,0,-0.00017228,-0.00695092, 0.00278113,-0.0028986,-0.00083520,sell
2014-08-02,1,0,1,0,0,0,0,3,1,1,0,0,0,0,0,0,1,0,0,0,1,0,0,0,0,0,0,0,1,0,1,0,-0.00101679,-0.00682508, 0.00665080,-0.0025590,-0.00092170,sell
2014-08-03,1,0,2,0,0,0,0,1,1,1,1,0,0,0,0,0,0,0,0,0,1,0,0,0,0,0,0,0,1,0,0,0,-0.00079298,-0.00051525, 0.00385615,-0.0013310, 0.00260688,buy
2014-08-04,0,1,2,0,0,0,0,1,0,1,1,0,0,0,0,0,0,0,0,0,1,0,0,0,0,0,1,0,0,0,0,0, 0.00166838, 0.00156511, 0.00320297,-0.0016380,-0.00022708,buy
2014-08-05,0,1,3,0,0,0,0,0,0,0,1,1,0,0,0,0,0,0,0,0,1,0,0,0,0,0,1,0,0,0,0,0,-0.00108906,-0.00357454,-0.00109583,-0.0056002,-0.00098223,sell
2014-08-06,0,1,2,0,0,0,0,0,0,0,0,1,0,1,0,0,0,0,0,0,1,0,0,0,0,0,1,0,0,0,0,0,-0.00040515, 0.00458896,-0.00131342, 0.0018007, 0.00131241,buy
2014-08-07,2,1,1,0,0,0,0,1,0,0,0,1,0,1,1,0,0,0,0,0,0,1,1,0,0,0,1,0,0,0,0,0, 0.00332312, 0.00390365,-0.00101069,-0.0007825,-0.00196163,buy
2014-08-08,2,0,0,0,0,0,0,2,0,0,0,0,1,1,1,0,0,0,0,0,0,1,1,0,0,0,0,0,0,0,0,0,-0.00095049, 0.00203175,-0.00386947,-0.0069256,-0.00302524,sell
2014-08-09,2,0,0,0,0,0,0,2,0,0,0,0,1,1,1,0,0,0,0,0,0,1,1,0,0,0,0,0,0,0,0,0,-0.00095049, 0.00203175,-0.00386947,-0.0069256,-0.00302524,sell
2014-08-10,1,0,0,0,0,0,0,2,0,0,0,0,1,1,0,0,0,0,0,0,0,1,1,0,0,0,0,0,0,0,0,0,-0.00141660, 0.00039740,-0.00289643,-0.0040771,-0.00313644,sell
2014-08-11,1,0,0,0,0,0,0,1,0,0,0,0,0,0,0,0,0,0,0,0,0,1,1,0,0,0,0,0,0,0,0,0,-0.00403202,-0.00241619,-0.00399769,-0.0042755,-0.00261668,sell
2014-08-12,0,1,0,0,0,0,0,0,0,0,0,1,0,0,0,0,0,0,0,0,0,0,0,0,0,0,0,0,0,0,0,0, 0.00296132, 0.00391387, 0.00224310, 0.0020932, 0.00562849,buy
2014-08-13,0,1,0,0,0,0,0,0,0,0,0,1,0,0,0,0,0,0,0,0,0,0,0,0,0,0,0,0,0,0,0,0, 0.00296132, 0.00391387, 0.00224310, 0.0020932, 0.00562849,buy
2014-08-14,0,1,0,0,0,0,0,0,0,0,0,1,0,0,0,0,0,0,0,0,0,0,0,0,0,0,0,0,0,0,0,0, 0.00296132, 0.00391387, 0.00224310, 0.0020932, 0.00562849,buy
2014-08-15,0,1,0,0,0,0,0,1,0,0,0,0,0,0,1,0,0,0,0,0,0,0,0,0,0,0,0,0,0,0,0,1,-0.00013802,-0.00506689,-0.00504836,-0.0021621,-0.00102962,sell
2014-08-16,0,1,1,0,0,0,0,1,0,0,0,0,0,0,1,0,0,0,0,0,0,0,0,0,1,0,1,0,0,0,0,1,-0.00334484,-0.00497795,-0.00459052,-0.0047840,-0.00638495,sell
2014-08-17,0,2,1,0,0,0,0,1,0,0,0,0,0,0,1,0,0,0,0,0,1,0,0,0,1,0,1,0,0,0,0,1,-0.00242602,-0.00406592,-0.00404723,-0.0045932,-0.00517543,sell
2014-08-18,0,1,1,1,1,0,1,1,1,0,1,0,0,0,0,0,1,0,0,0,1,0,0,0,1,0,1,0,0,0,0,1, 0.00386197, 0.00382214, 0.00325564, 0.0038669, 0.00243358,buy
2014-08-19,0,1,2,1,2,0,1,1,1,0,1,0,0,0,0,1,1,0,0,0,1,0,0,0,1,0,1,1,0,0,0,1, 0.00330039, 0.00372989, 0.00334457, 0.0039357, 0.00357031,buy
2014-08-20,1,1,1,1,2,0,1,1,1,0,1,1,0,0,0,1,1,0,0,0,1,0,0,0,1,0,0,1,0,0,0,1, 0.00408741, 0.00246449, 0.00171657, 0.0011147, 0.00443650,buy
2014-08-21,1,1,1,0,2,0,1,0,1,0,0,1,0,0,0,1,1,0,0,0,1,0,0,0,0,0,0,1,0,0,0,0, 0.00023510,-0.00212620,-0.00274998,-0.0018875,-0.00005933,sell
2014-08-22,1,1,1,0,1,0,0,0,0,0,0,1,0,0,0,1,0,0,0,0,0,0,1,0,0,0,0,1,0,0,0,0,-0.00359000,-0.00489607,-0.00326316,-0.0029757,-0.00280056,sell
2014-08-23,1,1,2,0,1,0,1,0,0,1,0,0,0,0,1,1,0,0,0,0,0,0,1,0,0,0,0,1,0,0,1,0,-0.00001905,-0.00342515,-0.00517151, 0.0012208,-0.00229088,sell
2014-08-24,1,1,1,0,1,0,2,1,0,1,0,0,1,0,1,1,0,0,0,0,0,0,1,0,0,1,0,0,0,0,1,0, 0.00591047, 0.00211598, 0.00191975,-0.0003114,-0.00050968,buy
2014-08-25,1,1,1,0,1,0,2,2,0,1,0,0,1,0,1,1,0,0,0,0,0,0,1,0,0,1,0,0,1,0,1,0, 0.00070454,-0.00102957, 0.00116643,-0.0017285,-0.00245599,sell
2014-08-26,1,1,0,0,1,0,2,2,0,1,0,0,1,0,0,1,0,0,0,0,0,0,1,0,0,1,0,0,1,0,1,0, 0.00564779, 0.00127282, 0.00521401,-0.0003496,-0.00165764,buy
2014-08-27,0,0,0,1,0,0,1,2,0,1,0,0,0,0,0,0,0,0,0,1,0,0,0,0,0,1,0,0,1,0,0,0, 0.00032408,-0.00434974,-0.00270193,-0.0038533,-0.00251188,sell
2014-08-28,0,0,0,1,0,1,0,2,1,0,0,0,0,0,0,0,0,0,0,1,0,0,0,0,0,1,0,0,1,0,0,0,-0.00210357,-0.00316104,-0.00619448,-0.0020404,-0.00179298,sell
2014-08-29,0,0,0,1,0,1,0,1,1,0,0,0,0,0,0,0,0,0,0,1,0,0,0,0,0,1,0,0,0,0,0,0,-0.00255076,-0.00170746,-0.00276285,-0.0001526,-0.00127133,sell
2014-08-30,0,0,0,1,0,2,0,1,1,0,0,0,0,0,0,0,1,0,0,1,0,0,0,0,0,1,0,0,0,0,0,0, 0.00110803,-0.00095108, 0.00129106, 0.0019339, 0.00155206,buy
2014-08-31,0,1,0,1,1,2,0,0,1,0,0,0,0,0,0,0,1,1,0,1,0,0,0,0,0,0,0,1,0,0,0,0,-0.00401272,-0.00164755,-0.00098150,-0.0018836, 0.00017871,sell
2014-09-01,1,1,0,0,1,1,0,0,0,0,0,0,0,0,0,0,1,1,0,0,1,0,0,0,0,0,0,1,0,0,0,0, 0.00607647, 0.00292646, 0.00407900, 0.0052236, 0.00246214,buy
2014-09-02,1,1,0,0,1,1,0,0,0,0,0,0,0,0,0,0,1,1,0,0,1,0,0,0,0,0,0,1,0,0,0,0, 0.00607647, 0.00292646, 0.00407900, 0.0052236, 0.00246214,buy
2014-09-03,1,1,0,0,1,1,0,0,0,0,0,0,1,0,0,0,0,1,0,0,1,0,0,0,0,0,0,1,0,0,0,0,-0.00046756, 0.00211652, 0.00074368,-0.0002262,-0.00005705,buy
2014-09-04,1,2,1,0,1,1,0,0,0,0,1,0,1,0,0,0,0,1,0,0,1,0,0,0,0,0,0,1,0,0,1,0, 0.00054260, 0.00411186,-0.00039699,-0.0033498, 0.00040074,buy
2014-09-05,1,1,1,0,1,1,0,0,0,0,1,0,1,0,0,0,0,1,0,0,1,0,0,0,0,0,0,0,0,0,1,0,-0.00533649,-0.00107387,-0.00462723,-0.0071873,-0.00462723,sell
2014-09-06,0,1,2,0,0,0,1,0,0,0,1,0,0,0,0,0,0,0,0,0,0,0,1,1,0,0,0,0,0,0,1,0,-0.00224441,-0.00515762,-0.00345982,-0.0001363, 0.00007740,sell
2014-09-07,0,1,2,0,0,0,1,0,0,0,1,0,0,0,0,0,0,0,0,0,0,0,1,1,0,0,0,0,0,0,1,0,-0.00224441,-0.00515762,-0.00345982,-0.0001363, 0.00007740,sell
2014-09-08,0,0,1,1,0,0,1,1,0,0,0,1,0,0,0,0,0,0,0,0,0,0,1,1,0,0,1,0,0,0,0,0, 0.00296926, 0.00262158, 0.00254743, 0.0034206,-0.00090752,buy
2014-09-09,0,0,1,1,0,1,3,1,1,1,0,1,0,0,0,0,0,0,0,0,0,1,1,1,0,0,1,0,0,0,0,0, 0.00421272, 0.00451548, 0.00182910, 0.0036060, 0.00002741,buy
2014-09-10,0,0,1,1,0,1,3,1,1,1,0,1,0,0,0,0,0,0,0,0,0,1,1,1,0,0,1,0,0,0,0,0, 0.00421272, 0.00451548, 0.00182910, 0.0036060, 0.00002741,buy
2014-09-11,0,0,0,2,0,1,3,1,1,1,0,1,0,0,1,0,0,0,0,0,0,1,0,1,0,0,1,0,0,0,0,0, 0.00150747, 0.00250002, 0.00335173, 0.0027051, 0.00149912,buy
2014-09-12,0,0,0,2,0,1,3,0,1,1,0,0,0,0,1,0,0,0,0,0,0,1,0,1,0,0,1,0,0,0,0,0, 0.00174532, 0.00322705, 0.00365375, 0.0023593, 0.00065062,buy
2014-09-13,1,0,0,1,0,1,2,0,0,1,0,0,0,0,1,0,0,0,0,0,0,1,0,1,0,0,0,1,0,0,0,0,-0.00382139,-0.00207151,-0.00083573,-0.0007323,-0.00371369,sell
2014-09-14,1,0,0,1,2,1,0,0,0,1,0,0,1,0,1,0,0,0,0,0,0,0,0,0,1,0,0,1,0,0,0,0,-0.00418557,-0.00106923, 0.00183928,-0.0066418,-0.00405845,sell
2014-09-15,1,0,0,0,3,1,0,0,0,1,0,0,1,0,0,0,1,0,0,0,0,0,0,0,1,0,0,1,0,0,0,0,-0.00039269, 0.00087245, 0.00020274,-0.0024016, 0.00173909,buy
2014-09-16,1,1,1,0,3,0,0,0,0,0,1,0,1,0,0,0,1,0,0,0,0,0,0,0,1,0,0,1,0,0,1,0,-0.00036931, 0.00034550, 0.00288145, 0.0008929, 0.00304790,buy
2014-09-17,0,1,1,0,3,0,0,0,0,0,1,0,1,0,0,0,1,0,0,0,0,0,0,0,1,0,0,0,0,0,1,0, 0.00197107, 0.00357579, 0.00325752, 0.0027946, 0.00405390,buy
2014-09-18,0,1,1,0,3,0,0,0,0,0,1,0,1,0,0,0,1,0,0,0,0,0,0,0,1,0,0,0,0,0,1,0, 0.00197107, 0.00357579, 0.00325752, 0.0027946, 0.00405390,buy
2014-09-19,0,1,1,0,1,0,1,0,0,0,1,0,0,0,0,0,1,0,0,0,0,0,0,0,0,0,0,0,1,0,1,0, 0.00541008, 0.00305829, 0.00293656, 0.0034001, 0.00374456,buy
2014-09-20,0,0,0,0,1,1,1,0,0,0,0,0,0,0,0,0,1,1,0,0,0,0,0,0,0,0,0,0,1,0,0,0,-0.00304222,-0.00790323,-0.00686681,-0.0023898,-0.00345224,sell
2014-09-21,0,0,0,0,1,1,1,0,0,0,0,0,0,0,0,0,1,1,0,0,0,0,0,0,0,0,0,0,1,0,0,0,-0.00304222,-0.00790323,-0.00686681,-0.0023898,-0.00345224,sell
2014-09-22,0,0,0,0,0,1,2,0,0,0,0,0,0,0,0,0,0,1,0,0,0,0,0,0,0,0,0,0,1,0,0,1,-0.00304104,-0.00343963,-0.00040426,-0.0032360,-0.00045093,sell
2014-09-23,0,0,0,0,0,1,2,0,0,0,0,0,0,0,0,0,0,1,0,0,0,0,0,0,0,0,0,0,1,0,0,1,-0.00304104,-0.00343963,-0.00040426,-0.0032360,-0.00045093,sell
2014-09-24,0,0,0,0,0,1,1,0,0,0,0,0,0,0,0,0,0,1,0,0,0,0,0,0,0,0,0,0,0,0,0,1,-0.00287821,-0.00477222,-0.00021924,-0.0060595, 0.00105969,sell
2014-09-25,0,0,0,0,0,1,1,0,0,0,0,0,0,0,0,0,0,1,0,0,0,0,0,0,0,0,0,0,0,0,0,1,-0.00287821,-0.00477222,-0.00021924,-0.0060595, 0.00105969,sell
2014-09-26,0,0,1,0,0,1,1,0,0,0,0,0,0,0,0,0,0,0,0,1,0,1,0,0,0,0,0,0,0,0,0,1,-0.00568672, 0.00213968, 0.00153467, 0.0035578,-0.00181356,buy
2014-09-27,0,0,1,0,0,1,1,0,0,0,0,0,0,0,0,0,0,0,0,1,0,1,0,0,0,0,0,0,0,0,0,1,-0.00568672, 0.00213968, 0.00153467, 0.0035578,-0.00181356,buy
2014-09-28,0,0,1,0,1,2,1,0,0,0,0,0,0,0,0,1,0,0,0,1,0,1,0,0,1,0,0,0,0,0,0,1, 0.00246229, 0.00434229, 0.00457008, 0.0009922, 0.00258628,buy
2014-09-29,0,0,1,0,1,2,0,0,0,0,0,0,0,0,0,1,0,0,0,1,0,1,0,0,1,0,0,0,0,0,0,0, 0.00505734, 0.00531683, 0.00531683, 0.0051866, 0.00428855,buy
2014-09-30,0,0,1,0,1,2,0,0,0,0,0,0,0,0,0,1,0,0,0,1,0,1,0,0,1,0,0,0,0,0,0,0, 0.00505734, 0.00531683, 0.00531683, 0.0051866, 0.00428855,buy
2014-10-01,0,0,0,0,1,1,0,0,0,0,0,0,0,0,0,1,0,0,0,0,0,0,0,0,1,0,0,0,0,0,0,0, 0.00778880, 0.00668276, 0.00718123, 0.0082022, 0.00616629,buy
2014-10-02,0,0,1,0,1,2,0,1,0,0,0,0,0,0,0,1,0,0,0,0,1,0,0,0,1,0,1,0,1,0,0,0,-0.00066294, 0.00168521,-0.00098915,-0.0055018, 0.00557451,buy
2014-10-03,0,0,1,0,1,1,0,1,0,0,0,0,0,0,0,1,0,0,0,0,1,0,0,0,0,0,1,0,1,0,0,0,-0.00096697, 0.00424518, 0.00287892,-0.0051239, 0.00247324,buy
2014-10-04,0,0,1,0,0,1,0,1,0,0,0,0,0,0,0,0,0,0,0,0,1,0,0,0,0,0,1,0,1,0,0,0, 0.00004000, 0.00233947, 0.00574889,-0.0013556, 0.00758502,buy
2014-10-05,0,0,1,1,0,1,0,1,0,0,0,0,0,0,0,0,0,0,0,0,1,0,1,0,0,0,1,0,1,0,0,0,-0.00062598, 0.00483476, 0.00328939, 0.0013312, 0.00540580,buy
2014-10-06,0,0,0,1,1,3,0,1,0,1,0,0,0,0,0,0,1,0,0,0,1,0,1,1,0,0,0,0,1,0,0,0,-0.00519916,-0.00583481,-0.00749127,-0.0071780,-0.00449303,sell
2014-10-07,0,0,0,1,1,2,1,1,0,1,0,0,0,0,0,0,1,0,1,0,0,0,1,1,0,0,0,1,0,0,0,0,-0.00386609, 0.00059137, 0.00187383, 0.0037713,-0.00337461,buy
2014-10-08,0,0,0,1,1,2,2,1,0,1,0,0,0,0,0,0,1,1,1,0,0,0,1,1,0,0,0,1,0,0,0,0, 0.00047183, 0.00530446, 0.00292641, 0.0045111, 0.00043822,buy
2014-10-09,0,0,0,2,1,2,2,1,0,1,0,0,0,0,0,0,1,1,1,0,0,0,1,1,0,0,0,1,0,0,1,0,-0.00117751, 0.00464389, 0.00019549, 0.0037995,-0.00150696,buy
2014-10-10,0,0,0,1,1,1,2,1,0,0,0,0,0,0,0,0,1,1,1,0,0,0,0,1,0,0,0,1,0,0,1,0,-0.00084308, 0.00484627, 0.00261346, 0.0042098,-0.00057731,buy
2014-10-11,0,1,0,1,0,1,2,0,0,0,0,0,0,0,0,0,0,1,1,1,0,0,0,1,0,0,0,0,0,0,1,0, 0.00414165, 0.00477835, 0.00029944, 0.0039542, 0.00229735,buy
2014-10-12,0,1,0,1,0,2,3,0,0,0,0,0,0,0,0,0,0,1,1,1,0,0,0,1,1,0,0,0,0,0,1,1,-0.00630460,-0.00316433,-0.00527812,-0.0029203,-0.00181290,sell
2014-10-13,0,1,0,0,1,2,3,0,0,0,0,0,0,0,0,0,0,1,1,1,0,1,0,1,1,0,0,0,0,0,0,1, 0.00352970, 0.00008486,-0.00107768, 0.0000220, 0.00131315,buy
2014-10-14,0,2,0,0,1,2,2,0,0,0,0,0,0,0,0,0,0,0,1,1,0,1,0,1,1,0,1,0,0,0,0,1,-0.00040459,-0.00386527,-0.00505996,-0.0054050,-0.00486596,sell
2014-10-15,0,2,0,0,2,1,2,0,0,0,0,0,0,1,0,0,0,0,1,1,0,1,0,0,1,0,1,0,1,0,0,1, 0.00046648,-0.00608076,-0.00647778,-0.0092580,-0.00727666,sell
2014-10-16,0,1,0,0,3,1,4,0,0,1,0,0,1,1,0,1,0,0,1,0,0,1,0,0,1,1,1,0,1,0,0,1,-0.00396055,-0.00202059,-0.00080225,-0.0063335,-0.00627726,sell
2014-10-17,0,1,0,0,3,2,3,0,0,1,0,0,1,1,0,1,1,0,1,0,0,1,0,0,0,1,1,0,1,1,0,1,-0.00127668,-0.00037955,-0.00067997,-0.0022671,-0.00790159,sell
2014-10-18,0,1,0,0,2,2,3,0,0,1,1,0,1,0,0,1,1,0,1,0,0,0,0,0,0,1,0,0,1,1,0,1, 0.00395315,-0.00112063, 0.00090371, 0.0003004,-0.00025214,buy
2014-10-19,0,1,0,0,2,1,3,0,1,0,1,0,1,0,0,0,1,0,1,0,0,0,0,0,0,1,0,0,1,1,0,0,-0.00209973,-0.00259921,-0.00469741,-0.0025593,-0.00191669,sell
2014-10-20,0,1,0,0,0,1,3,0,1,0,1,0,0,0,0,0,1,0,1,0,0,0,0,0,0,1,0,0,0,1,0,0, 0.00031166, 0.00635921,-0.00383468,-0.0012868, 0.00016334,sell
2014-10-21,0,1,0,0,0,0,3,0,1,0,1,0,0,0,0,0,0,0,1,0,0,0,0,0,0,1,0,0,0,1,0,0, 0.00130804, 0.00448115,-0.00474874, 0.0012238,-0.00129280,buy
2014-10-22,0,1,0,0,0,0,3,0,1,0,1,0,0,0,0,0,0,0,1,0,0,0,0,0,0,1,0,0,0,1,0,0, 0.00130804, 0.00448115,-0.00474874, 0.0012238,-0.00129280,buy
2014-10-23,0,0,0,0,0,0,2,0,1,0,0,0,0,0,0,0,0,0,0,0,0,0,0,0,0,1,0,0,0,1,0,0,-0.00428266,-0.00042976,-0.00493663, 0.0022996, 0.00399428,sell
2014-10-24,0,0,0,0,0,0,1,0,0,0,0,0,0,0,0,0,0,0,0,0,0,0,0,0,0,1,0,0,0,1,0,0,-0.01008754,-0.00588392,-0.00833842,-0.0021576,-0.00067310,sell
2014-10-25,0,0,0,0,0,0,0,0,0,0,0,0,0,0,0,0,0,0,0,0,0,0,0,0,0,0,0,0,0,1,0,0,-0.00796851,-0.00929496,-0.01065763,-0.0091457,-0.00518152,sell
2014-10-26,2,0,0,0,0,0,0,0,0,0,0,0,0,0,0,0,0,0,0,1,0,0,0,0,0,0,1,0,0,1,0,0,-0.00189873, 0.00131107, 0.00257086, 0.0034562, 0.00079348,buy
2014-10-27,2,0,0,0,0,0,0,0,0,0,0,0,0,0,0,0,0,0,0,1,0,0,0,0,0,0,1,0,0,1,0,0,-0.00189873, 0.00131107, 0.00257086, 0.0034562, 0.00079348,buy
2014-10-28,2,0,0,0,0,0,0,0,0,0,0,0,0,0,0,0,0,0,0,1,0,0,0,0,0,0,1,0,0,1,0,0,-0.00189873, 0.00131107, 0.00257086, 0.0034562, 0.00079348,buy
2014-10-29,2,1,0,0,0,0,1,0,1,0,1,0,0,0,0,0,0,0,0,1,0,0,0,0,0,0,1,0,0,1,0,0, 0.00230101, 0.00006446, 0.00199770, 0.0014725, 0.00415442,buy
2014-10-30,1,1,0,0,0,0,1,0,1,0,1,0,0,0,0,0,0,0,0,1,0,0,0,0,0,0,0,0,0,1,0,0, 0.00173397, 0.00165973,-0.00001971, 0.0017075, 0.00400353,buy
2014-10-31,0,1,0,0,0,0,2,0,1,0,1,0,0,0,0,0,0,0,0,0,0,0,0,0,0,0,0,1,0,1,0,0, 0.00301530, 0.00475939, 0.00168854, 0.0059635, 0.00462847,buy
2014-11-01,0,1,0,0,0,0,3,0,1,0,1,0,0,0,0,0,0,0,0,0,1,0,0,0,0,0,0,1,0,1,0,0, 0.00555020, 0.00685146,-0.00427365,-0.0029211, 0.00544775,buy
2014-11-02,0,1,1,0,1,0,3,0,1,0,1,0,0,0,0,0,0,0,0,0,1,0,0,0,0,0,0,1,0,1,1,1, 0.00912229, 0.00425297, 0.00795485, 0.0034124, 0.00698412,buy
2014-11-03,0,0,1,0,2,0,3,0,1,0,0,0,1,0,0,0,0,0,0,0,1,0,0,0,0,0,0,1,0,0,1,1, 0.00454056, 0.00167831, 0.00704470, 0.0052766, 0.00953065,buy
2014-11-04,0,0,2,0,2,0,1,0,0,0,0,0,1,0,0,0,0,0,0,0,1,0,1,0,0,0,0,0,0,0,1,1,-0.00283613,-0.00384823,-0.00095316,-0.0023192, 0.00324113,sell
2014-11-05,0,0,2,0,2,0,1,0,0,0,0,0,1,0,0,0,0,0,0,0,1,0,1,0,0,0,0,0,0,0,1,1,-0.00283613,-0.00384823,-0.00095316,-0.0023192, 0.00324113,sell
2014-11-06,0,0,1,0,3,0,0,0,0,0,0,0,1,0,0,0,0,0,0,0,0,0,1,1,0,0,0,0,0,0,0,1,-0.00460747,-0.00525276,-0.00401429, 0.0022668,-0.00064100,sell
2014-11-07,0,0,1,0,2,0,0,0,0,0,0,0,0,0,0,0,0,0,0,0,0,0,1,1,0,0,0,0,0,0,0,1,-0.00386830,-0.00568312,-0.00443645,-0.0022756,-0.00373413,sell
2014-11-08,0,0,0,0,1,0,0,1,0,0,0,0,0,0,0,0,0,0,0,0,0,0,0,1,1,0,0,0,0,0,0,0,-0.00126761,-0.00003203, 0.00058592,-0.0082531,-0.00830918,sell
2014-11-09,0,0,0,0,1,1,0,1,0,0,0,0,0,0,0,0,1,0,0,0,0,0,0,1,1,0,0,0,0,0,0,0,-0.00193430, 0.00301466, 0.00141852, 0.0010794,-0.00244094,buy
2014-11-10,1,0,0,0,1,1,0,1,0,0,1,0,0,0,0,0,1,0,0,0,0,0,0,1,1,0,0,0,0,0,0,0,-0.00123518, 0.00341935, 0.00200786, 0.0036902,-0.00107117,buy
2014-11-11,1,0,0,0,1,1,0,1,0,0,1,0,0,0,0,0,1,0,0,0,0,0,0,1,1,0,0,0,1,0,0,0, 0.00170034, 0.00373111, 0.00326606, 0.0031937, 0.00229822,buy
2014-11-12,1,0,0,0,1,2,0,1,0,0,1,0,0,0,0,0,1,1,0,0,0,0,0,1,0,0,0,1,1,0,0,0,-0.00206577,-0.00262092,-0.00095349,-0.0027016,-0.00109091,sell
2014-11-13,1,1,0,0,1,2,0,1,0,0,1,0,0,0,0,0,1,1,0,0,0,0,0,1,0,0,0,1,1,0,1,0, 0.00065229,-0.00230957,-0.00022006,-0.0016107, 0.00166275,sell
2014-11-14,0,1,0,0,1,2,0,1,0,0,0,0,0,0,0,0,0,1,0,0,0,0,0,1,0,1,0,1,1,0,1,0, 0.00615646, 0.00174591, 0.00421723, 0.0008986, 0.00708531,buy
2014-11-15,0,1,0,0,0,2,1,1,0,0,0,1,0,0,0,0,0,1,0,0,0,0,0,0,0,1,0,1,0,0,1,0, 0.00474219, 0.00644718, 0.00429201, 0.0056106, 0.00709609,buy
2014-11-16,0,1,1,0,0,1,1,1,0,0,0,1,0,0,1,0,0,1,0,0,0,1,0,0,0,1,0,0,0,0,1,0,-0.00943430,-0.00727763,-0.00665816,-0.0032818,-0.00784933,sell
2014-11-17,0,0,1,0,0,2,1,0,0,0,0,1,0,0,1,0,0,0,0,0,1,1,0,0,0,1,0,0,0,0,0,0,-0.00295546,-0.00741814,-0.00645615,-0.0029523,-0.00347098,sell
2014-11-18,0,1,1,0,0,2,0,0,0,0,0,0,0,0,1,0,0,0,0,0,1,1,1,0,0,1,0,0,0,0,0,0,-0.00154061,-0.00745783,-0.00628454,-0.0007077,-0.00259119,sell
2014-11-19,0,1,0,0,0,2,1,1,0,1,0,0,0,0,0,0,0,0,0,0,1,1,1,0,0,1,1,0,0,0,0,0, 0.00327304, 0.00338824, 0.00400173,-0.0014892, 0.00163651,buy
2014-11-20,0,1,0,0,0,2,1,1,0,1,0,0,0,0,0,0,0,0,0,0,1,1,1,0,0,1,1,0,0,0,0,0, 0.00327304, 0.00338824, 0.00400173,-0.0014892, 0.00163651,buy
2014-11-21,0,1,0,0,0,2,1,2,1,1,0,0,0,0,0,0,0,0,0,0,1,0,1,0,0,1,1,0,0,0,0,0,-0.00161561,-0.00111948,-0.00042283,-0.0026804,-0.00116726,sell
2014-11-22,0,1,0,0,0,1,1,2,1,1,0,0,0,0,0,0,0,0,0,0,0,0,1,0,0,1,1,0,0,0,0,0,-0.00275595,-0.00116512,-0.00037606,-0.0046199,-0.00126506,sell
2014-11-23,0,0,0,0,1,0,1,1,1,1,0,0,0,0,0,0,1,0,0,0,0,0,0,0,0,0,0,0,0,0,0,0,-0.00058772,-0.00369621,-0.00233164,-0.0030889,-0.00107459,sell
2014-11-24,0,0,0,0,2,1,1,1,1,1,0,1,1,0,0,0,1,0,0,0,0,0,0,0,0,0,0,1,0,0,0,0,-0.00056184,-0.00043470,-0.00028558,-0.0060924,-0.00069838,sell
2014-11-25,1,1,0,0,2,1,0,1,0,0,0,1,1,0,1,0,1,0,0,1,0,0,0,0,0,0,0,1,0,0,1,0,-0.00229394, 0.00032533,-0.00030662,-0.0002146,-0.00187415,sell
2014-11-26,1,1,0,0,2,1,0,1,0,0,0,1,1,0,1,0,1,0,0,1,0,0,0,0,0,0,0,1,0,0,1,0,-0.00229394, 0.00032533,-0.00030662,-0.0002146,-0.00187415,sell
2014-11-27,1,1,0,0,2,1,0,1,0,0,0,1,1,0,1,0,1,0,0,1,0,0,0,0,0,0,0,1,0,0,1,0,-0.00229394, 0.00032533,-0.00030662,-0.0002146,-0.00187415,sell
2014-11-28,1,0,0,0,0,0,0,1,0,0,0,0,0,0,0,0,0,0,0,1,0,0,0,0,0,0,0,0,0,0,1,0,-0.00059453,-0.00107829, 0.00125854,-0.0019552,-0.00141383,sell
2014-11-29,0,0,0,0,0,0,0,2,0,0,1,0,0,0,0,0,0,0,0,1,0,0,0,0,0,0,0,0,0,0,0,0,-0.00296971,-0.00414763,-0.00130478,-0.0047068,-0.00083227,sell
2014-11-30,0,0,0,0,0,0,0,1,0,0,1,0,0,0,0,0,0,0,0,0,0,0,0,0,0,0,0,0,0,0,0,0, 0.00175068, 0.00321137, 0.00431582,-0.0031380,-0.00446530,buy
2014-12-01,0,0,0,0,0,0,0,1,0,0,1,0,0,0,0,0,0,0,0,0,0,0,0,0,0,0,0,0,0,0,0,0, 0.00175068, 0.00321137, 0.00431582,-0.0031380,-0.00446530,buy
2014-12-02,0,0,0,0,1,0,0,1,0,0,1,0,0,0,0,0,0,0,0,0,1,0,0,0,0,0,0,0,0,0,0,0, 0.00817607, 0.00868804, 0.00966800, 0.0060801, 0.00669657,buy
2014-12-03,2,0,0,0,1,0,0,0,0,0,0,0,0,0,0,0,0,0,0,0,1,0,1,0,1,0,0,0,0,0,0,0,-0.00497632, 0.00079204, 0.00189967, 0.0037982,-0.00179063,buy
2014-12-04,3,0,0,0,2,0,0,0,0,0,0,1,0,1,1,0,0,0,0,0,1,0,1,0,1,0,0,0,0,0,0,0, 0.00745595, 0.00056990, 0.00875316, 0.0104084, 0.00380448,buy
2014-12-05,3,0,0,0,2,0,0,0,0,0,0,1,0,1,1,0,0,0,0,0,1,0,1,0,1,0,0,0,0,0,0,0, 0.00745595, 0.00056990, 0.00875316, 0.0104084, 0.00380448,buy
2014-12-06,3,0,0,0,2,1,0,0,0,0,0,1,0,1,1,0,0,0,1,0,1,0,1,0,1,0,0,0,0,0,0,0, 0.00738551,-0.00172928, 0.01040987, 0.0094881, 0.00329607,buy
2014-12-07,1,0,0,0,2,2,0,0,0,1,0,1,0,1,1,0,0,0,1,0,0,0,0,0,0,0,0,0,1,0,0,0,-0.00436516, 0.00354313,-0.00003965,-0.0032017, 0.00686967,buy
2014-12-08,0,0,0,0,1,2,0,0,0,1,0,0,0,1,0,0,0,0,1,0,0,0,0,0,0,0,0,0,1,0,0,0,-0.00322613, 0.00085754,-0.00025767,-0.0033831, 0.00592259,buy
2014-12-09,0,0,0,0,1,2,0,0,0,1,0,0,0,1,0,0,0,0,1,0,0,0,0,0,0,0,0,0,1,0,0,0,-0.00322613, 0.00085754,-0.00025767,-0.0033831, 0.00592259,buy
2014-12-10,0,0,0,0,1,2,0,0,0,1,0,0,0,1,0,0,0,0,1,0,0,0,0,0,0,0,0,0,1,0,0,0,-0.00322613, 0.00085754,-0.00025767,-0.0033831, 0.00592259,buy
2014-12-11,1,0,0,0,1,2,0,0,1,1,0,0,0,1,0,0,0,0,1,0,0,0,0,0,0,0,0,0,1,0,0,0, 0.00205750, 0.00203392, 0.00490795, 0.0023159, 0.00444942,buy
2014-12-12,2,0,0,0,0,2,0,0,1,1,0,0,0,1,0,0,0,1,1,0,0,0,0,0,0,0,0,0,0,0,0,0,-0.00108997, 0.00543439, 0.00558552,-0.0014447,-0.00172284,buy
2014-12-13,2,0,0,0,0,1,1,0,1,0,0,0,0,0,0,0,0,1,1,0,0,0,0,0,0,0,1,0,0,0,0,1, 0.00279740,-0.00646745,-0.00084700, 0.0026776, 0.00288158,buy
2014-12-14,1,0,0,0,0,1,1,0,0,0,0,0,0,0,0,0,0,1,1,0,0,0,0,0,0,0,1,0,0,0,0,1, 0.00093023,-0.00430546,-0.00132875,-0.0019790, 0.00407808,sell
2014-12-15,1,1,0,0,2,1,1,0,0,0,0,0,1,0,0,0,0,1,1,0,0,0,0,0,1,1,1,0,0,0,0,1,-0.00538315, 0.00601601, 0.00570935,-0.0069218, 0.00572522,buy
2014-12-16,1,1,0,0,2,1,1,0,0,0,0,0,1,0,0,0,0,1,1,0,0,0,0,0,1,1,1,0,0,0,0,1,-0.00538315, 0.00601601, 0.00570935,-0.0069218, 0.00572522,buy
2014-12-17,0,1,0,0,2,1,0,0,0,0,0,0,1,0,0,0,0,0,1,0,0,0,0,0,1,1,0,0,0,0,0,1, 0.00072569, 0.00644903, 0.00510235,-0.0072662, 0.00666867,buy
2014-12-18,0,1,0,0,2,1,0,0,0,0,0,0,1,0,0,0,0,0,1,0,0,0,0,0,1,1,0,0,0,0,0,1, 0.00072569, 0.00644903, 0.00510235,-0.0072662, 0.00666867,buy
2014-12-19,0,0,0,0,2,1,1,1,0,0,1,0,0,0,0,0,0,0,1,0,0,1,0,0,0,1,0,1,0,0,1,0, 0.00606045, 0.00591807, 0.00513935, 0.0059374, 0.00410242,buy
2014-12-20,0,1,0,0,2,2,1,1,1,0,1,0,0,0,0,0,0,0,1,0,0,1,0,0,0,1,0,1,1,0,1,0, 0.00416268, 0.00399415, 0.00420717, 0.0051157, 0.00369956,buy
2014-12-21,0,1,0,0,2,2,1,1,1,0,1,0,0,0,0,0,0,0,1,0,0,1,0,0,0,1,0,1,1,0,1,0, 0.00416268, 0.00399415, 0.00420717, 0.0051157, 0.00369956,buy
2014-12-22,0,1,0,0,2,2,0,1,1,0,0,0,0,0,0,0,1,0,1,0,0,1,0,0,0,1,0,1,1,0,1,0, 0.00509711, 0.00218101, 0.00208499, 0.0037053, 0.00209047,buy
2014-12-23,0,1,0,0,2,1,0,1,1,0,0,0,0,0,1,0,1,0,0,0,0,1,0,0,0,1,0,0,1,0,0,0, 0.00309220, 0.00116808, 0.00036084, 0.0063331, 0.00180314,buy
2014-12-24,0,0,0,0,1,1,0,1,0,0,0,1,0,0,1,0,1,0,0,0,0,0,0,0,0,1,0,0,1,0,0,0,-0.00621157,-0.00654850,-0.00485508, 0.0006648,-0.00169386,sell
2014-12-25,0,0,0,0,0,2,1,1,0,0,0,1,1,0,1,0,1,0,0,1,0,0,0,0,0,0,1,0,0,0,0,0,-0.00324967,-0.00081195,-0.00149343,-0.0026119,-0.00001090,sell
2014-12-26,0,1,1,0,1,2,1,1,0,1,0,1,1,0,1,0,0,1,0,1,0,0,0,0,1,0,1,0,0,0,0,0, 0.00487220,-0.00042124,-0.00002611, 0.0030490, 0.00535009,buy
2014-12-27,0,1,1,0,1,2,1,0,0,1,0,0,1,0,0,0,0,1,0,1,0,0,0,0,1,0,1,0,0,0,0,0, 0.00400095, 0.00022633, 0.00049845,-0.0000910, 0.00251219,buy
2014-12-28,0,1,1,0,1,3,1,0,0,1,1,0,1,0,0,0,0,1,0,1,0,0,0,0,1,0,1,0,0,0,0,0, 0.00425810, 0.00058955, 0.00149619, 0.0034690, 0.00481250,buy
2014-12-29,0,1,2,0,1,1,1,0,1,1,1,0,0,0,0,0,0,1,0,1,0,0,0,0,1,0,0,0,0,0,0,0,-0.00077289,-0.00512549,-0.00130754,-0.0007738,-0.00107988,sell
2014-12-30,0,1,1,0,1,1,0,0,1,1,1,0,0,0,0,0,0,1,0,0,0,0,0,0,0,0,0,0,0,0,0,0,-0.00310357,-0.00331379,-0.00357028,-0.0032855,-0.00284747,sell
2014-12-31,0,0,1,0,1,1,0,0,1,1,1,0,0,0,0,0,0,0,0,0,0,0,0,0,0,0,0,0,0,0,0,0, 0.00124982,-0.00053736, 0.00066626,-0.0002892,-0.00072668,buy
2015-01-01,0,0,1,0,0,0,0,1,1,0,0,0,0,0,0,0,0,0,0,0,1,0,1,0,0,0,0,0,0,0,0,0, 0.00066605, 0.00142168, 0.00207457,-0.0012755, 0.00449234,buy
2015-01-02,0,0,0,0,0,0,1,1,0,0,0,0,0,0,0,0,0,0,0,0,1,0,1,0,0,0,0,0,1,0,0,0, 0.00715333, 0.00599345, 0.00910870, 0.0088082, 0.00820464,buy
2015-01-03,0,0,0,0,0,0,1,1,0,0,0,0,0,0,0,0,0,0,0,0,1,0,1,0,0,0,0,0,1,0,0,0, 0.00715333, 0.00599345, 0.00910870, 0.0088082, 0.00820464,buy
2015-01-04,0,0,0,0,0,1,2,1,0,0,0,0,1,0,0,1,0,0,0,0,1,1,1,0,0,0,0,0,1,0,0,0,-0.00546856,-0.00079073,-0.00635974,-0.0067715,-0.00421414,sell
2015-01-05,0,0,0,0,0,1,2,1,0,0,0,0,1,0,0,1,0,0,0,0,1,1,1,0,0,0,0,0,1,0,0,0,-0.00546856,-0.00079073,-0.00635974,-0.0067715,-0.00421414,sell
2015-01-06,0,0,0,0,1,1,2,0,0,0,0,0,1,0,0,1,0,0,0,0,1,1,0,0,0,0,1,0,1,0,0,0, 0.00019854,-0.00212107,-0.00162875,-0.0028142,-0.00464030,sell
2015-01-07,0,0,0,0,2,1,1,0,0,0,1,0,1,0,0,1,0,0,0,0,0,1,0,1,0,0,1,0,0,0,0,0, 0.00213954, 0.00133961, 0.00339525,-0.0058902, 0.00302056,buy
2015-01-08,0,0,0,0,2,1,0,0,0,0,1,0,0,0,0,1,0,0,0,0,0,1,0,1,0,0,1,0,0,0,0,0, 0.00386313, 0.00202189, 0.00145211,-0.0044432, 0.00367125,buy
2015-01-09,0,0,1,0,2,2,0,0,0,0,1,0,0,0,0,1,0,1,0,1,0,1,0,1,0,0,1,0,0,0,0,0, 0.00034439, 0.00244932, 0.00527911,-0.0031359,-0.00038091,buy
2015-01-10,0,0,1,0,1,1,0,0,0,0,1,0,0,0,0,1,0,1,0,1,0,0,0,1,0,0,0,0,0,0,0,0,-0.00181391,-0.00531396,-0.00369506,-0.0030100,-0.00312347,sell
2015-01-11,0,0,1,0,0,1,0,0,0,0,0,0,0,0,0,1,0,1,0,1,0,0,0,1,0,0,0,0,0,0,0,0,-0.00202618,-0.00649076,-0.00426227,-0.0016123, 0.00014046,sell
2015-01-12,0,0,1,0,1,1,2,0,0,0,0,0,0,0,1,1,0,1,0,1,0,0,0,1,0,0,0,1,0,0,1,0,-0.00615318, 0.00263012,-0.00052429, 0.0064546, 0.00547448,buy
2015-01-13,0,0,1,0,2,1,2,0,0,0,0,1,0,0,1,1,0,1,0,1,0,0,0,1,0,0,0,1,0,0,1,0,-0.00566046, 0.00211909,-0.00231609, 0.0060657, 0.00598102,buy
2015-01-14,0,0,0,0,2,0,2,0,0,0,0,1,0,0,1,1,0,0,0,0,0,0,0,1,0,0,0,1,0,0,1,0,-0.00676766,-0.00382728,-0.00609311, 0.0046813,-0.00120616,sell
2015-01-15,0,0,0,0,2,0,2,0,0,0,0,1,0,0,1,1,0,0,0,0,0,0,0,1,0,0,0,1,0,0,1,0,-0.00676766,-0.00382728,-0.00609311, 0.0046813,-0.00120616,sell
2015-01-16,0,0,0,0,2,0,1,0,0,0,0,1,0,0,1,1,0,0,0,0,0,0,0,0,0,0,0,1,0,0,0,0, 0.00512676,-0.01022339,-0.00707535,-0.0055137, 0.00660986,sell
2015-01-17,0,0,0,0,1,0,0,0,0,0,0,1,0,0,0,1,0,0,0,0,0,0,0,0,0,0,0,0,0,0,0,0,-0.00371793,-0.00091914,-0.00231399,-0.0024843, 0.00227567,sell
2015-01-18,0,0,0,1,0,0,0,0,0,0,0,0,0,0,0,0,0,0,0,0,0,0,0,0,1,0,0,0,0,0,0,0, 0.00036722, 0.00088787, 0.00290756,-0.0075045,-0.00633395,sell
2015-01-19,0,0,0,1,0,0,0,0,0,0,0,0,0,0,0,0,0,0,0,0,0,0,0,0,1,0,0,0,0,0,0,0, 0.00036722, 0.00088787, 0.00290756,-0.0075045,-0.00633395,sell
2015-01-20,0,0,0,1,0,0,0,0,0,0,0,0,0,0,0,0,0,0,0,0,0,0,0,0,1,0,0,0,0,0,0,0, 0.00036722, 0.00088787, 0.00290756,-0.0075045,-0.00633395,sell
2015-01-21,0,0,0,1,0,0,1,0,0,0,0,0,0,0,0,0,0,0,0,0,0,1,0,0,1,0,0,0,0,0,0,0,-0.00252585,-0.00268520,-0.00074002,-0.0086362,-0.00893867,sell
2015-01-22,0,0,0,0,0,0,1,0,0,0,0,0,0,0,0,0,0,0,0,0,0,1,0,0,0,0,0,0,0,0,0,0,-0.00643083,-0.00048040,-0.00673243,-0.0048433,-0.00421853,sell
2015-01-23,0,0,0,0,1,0,1,0,0,0,0,0,0,0,0,0,0,0,0,0,0,1,0,0,0,0,0,0,0,0,0,1,-0.00796160, 0.00292354,-0.00241066, 0.0014243,-0.00349220,sell
2015-01-24,0,0,0,0,2,1,1,0,0,0,0,0,0,0,0,0,0,0,0,1,0,1,0,0,0,0,0,0,0,0,1,1,-0.00391753, 0.00372298, 0.00286977, 0.0046591,-0.00293792,buy
2015-01-25,0,0,0,0,3,2,1,0,0,0,0,1,0,0,0,0,0,0,0,1,0,1,0,0,0,0,0,1,0,0,1,1,-0.00494423, 0.00337578,-0.00299000, 0.0023611, 0.00166214,buy
2015-01-26,0,0,0,0,3,2,1,0,0,0,0,1,0,0,1,0,0,0,0,1,0,0,0,0,0,0,0,1,0,0,1,1,-0.00379540, 0.00320054,-0.00469203, 0.0008378, 0.00111013,buy
2015-01-27,0,0,0,0,4,2,1,0,0,1,0,1,0,0,1,0,0,0,0,1,0,0,0,0,0,0,0,1,0,0,1,1,-0.00505294, 0.00334236,-0.00420910,-0.0021354,-0.00270723,sell
2015-01-28,0,0,0,0,4,1,1,1,0,1,0,1,0,0,1,0,0,0,0,1,0,0,0,0,0,0,0,1,1,0,0,1, 0.00114427, 0.00573785,-0.00376420,-0.0019668,-0.00111359,sell
2015-01-29,0,0,0,0,3,0,1,1,0,1,0,1,0,1,1,0,0,0,0,0,0,0,0,0,0,0,0,0,1,0,0,1,-0.00339416,-0.00040014,-0.00449149,-0.0064489,-0.00030407,sell
2015-01-30,0,0,0,0,0,0,0,1,0,0,0,0,0,1,0,0,0,0,0,0,0,0,0,0,0,0,0,0,1,0,0,0, 0.00315830,-0.00085953, 0.00307153,-0.0008847,-0.00066104,buy
2015-01-31,0,0,0,0,0,0,1,1,0,0,0,0,0,1,0,0,0,0,0,0,0,0,1,0,0,0,1,0,1,0,0,0,-0.00040161, 0.00219536, 0.00007902,-0.0017479, 0.00205254,buy
2015-02-01,0,0,0,0,3,0,1,1,0,0,1,0,0,0,0,1,0,0,0,0,1,0,1,0,0,0,1,0,1,0,0,0, 0.00240938, 0.00294975, 0.00150570, 0.0006466, 0.00037112,buy
2015-02-02,0,0,0,0,3,0,1,0,0,0,1,0,0,0,0,1,0,0,0,0,1,0,1,0,0,0,1,0,0,0,0,0, 0.00242215, 0.00383811,-0.00018125, 0.0001156, 0.00217190,buy
2015-02-03,0,0,0,0,3,0,2,0,0,0,1,0,1,0,0,1,1,0,0,0,1,0,1,0,0,0,1,0,0,0,0,0,-0.00020922,-0.00221338,-0.00318675, 0.0040885,-0.00407704,sell
2015-02-04,0,0,0,0,2,1,2,0,0,1,1,0,1,0,0,0,1,0,0,0,1,0,1,0,0,0,0,0,0,0,0,0,-0.00514648,-0.00486698,-0.00627088, 0.0018611,-0.00255774,sell
2015-02-05,0,0,0,1,2,1,1,0,0,1,0,0,1,0,0,0,1,1,0,0,1,0,0,0,0,0,0,0,0,0,1,0, 0.00798306, 0.00136888, 0.00234536,-0.0024055, 0.00180558,buy
2015-02-06,0,0,0,1,1,1,2,0,0,1,0,0,1,0,0,0,1,1,0,0,0,0,0,0,0,0,0,1,0,0,1,0, 0.00807759, 0.00664438, 0.00739919,-0.0013199, 0.00880859,buy
2015-02-07,0,0,0,1,2,0,2,0,0,0,0,0,1,0,0,0,0,1,1,0,0,0,0,0,0,0,0,1,0,0,1,0, 0.00837747, 0.00462296, 0.00644553, 0.0033105, 0.00388443,buy
2015-02-08,0,0,0,1,2,1,2,0,0,0,0,0,1,0,0,1,0,1,1,0,0,0,0,0,0,0,0,1,0,0,1,0, 0.00008328,-0.00330280,-0.00511453,-0.0036413,-0.00258189,sell
2015-02-09,0,0,1,0,2,1,1,0,0,0,0,0,0,0,0,1,0,0,1,0,0,0,0,0,1,0,0,1,0,0,1,0, 0.00016044,-0.00650921, 0.00013043,-0.0000535,-0.00225744,sell
2015-02-10,0,0,1,0,1,1,0,0,0,0,0,0,0,0,0,1,0,0,1,0,0,0,0,0,1,0,0,0,0,0,0,0, 0.00589604, 0.00112666, 0.00679397, 0.0066797, 0.00002510,buy
2015-02-11,0,0,1,0,1,1,0,0,0,0,0,0,0,0,0,1,0,0,1,0,0,0,0,0,1,0,0,0,0,0,0,0, 0.00589604, 0.00112666, 0.00679397, 0.0066797, 0.00002510,buy
2015-02-12,0,0,0,0,1,0,0,0,0,0,0,0,0,0,0,0,0,0,1,0,0,0,0,0,0,0,0,0,0,0,0,0,-0.00837160,-0.00520645,-0.00600423,-0.0068947,-0.00892662,sell
2015-02-13,0,0,0,0,1,1,0,0,0,0,0,0,0,0,0,0,0,0,1,0,0,0,0,0,0,0,0,0,0,0,0,1,-0.00909772,-0.00343041,-0.00662691,-0.0019742,-0.00827040,sell
2015-02-14,0,0,0,0,1,1,0,0,0,0,0,0,0,0,0,0,0,0,1,0,0,0,0,0,0,0,0,0,0,0,0,1,-0.00909772,-0.00343041,-0.00662691,-0.0019742,-0.00827040,sell
2015-02-15,0,0,0,0,1,2,1,0,0,0,0,0,1,0,0,0,0,0,1,0,0,0,1,0,0,0,0,0,0,0,0,1,-0.00660810,-0.00804461,-0.00476510,-0.0039095,-0.00346111,sell
2015-02-16,0,0,0,0,1,3,1,0,0,0,0,0,1,0,0,0,0,0,1,0,1,0,1,0,0,0,0,0,0,0,0,1, 0.00026589,-0.00107317, 0.00009046, 0.0004231, 0.00318331,buy
2015-02-17,0,0,0,0,1,3,1,0,0,0,0,0,1,0,0,0,0,0,1,0,1,0,1,0,0,1,0,0,0,0,0,1, 0.00332868, 0.00175564, 0.00314659, 0.0023662, 0.00491494,buy
2015-02-18,0,0,0,0,1,3,1,0,0,0,0,0,1,0,0,0,0,0,1,0,1,0,1,0,0,1,0,0,0,0,0,1, 0.00332868, 0.00175564, 0.00314659, 0.0023662, 0.00491494,buy
2015-02-19,0,1,0,0,1,3,1,0,0,0,0,0,1,0,0,0,0,0,1,0,1,0,1,0,1,1,0,0,0,0,0,1, 0.00058007, 0.00437835, 0.00313292,-0.0003951, 0.00531607,buy
2015-02-20,0,1,0,0,3,2,1,0,0,0,1,0,1,0,0,0,0,0,1,0,1,0,1,0,1,1,0,0,0,1,0,0,-0.00143408, 0.00378952, 0.00428754, 0.0016612, 0.00125469,buy
2015-02-21,0,1,0,0,3,0,1,1,0,0,1,0,1,0,0,0,0,0,1,0,0,1,0,0,1,1,0,0,0,1,0,0,-0.00078986, 0.00385911, 0.00411345,-0.0066927, 0.00281656,buy
2015-02-22,1,1,0,0,3,0,1,1,0,0,1,0,1,0,0,0,0,0,1,0,0,1,0,0,1,1,0,0,1,1,0,0,-0.00091947, 0.00356747, 0.00376166,-0.0057397, 0.00285703,buy
2015-02-23,1,0,0,0,3,0,0,1,0,0,1,0,0,0,0,0,0,0,1,0,0,1,0,0,0,1,0,0,1,1,0,0,-0.00022071,-0.00426791, 0.00195459,-0.0019253, 0.00172642,buy
2015-02-24,1,0,0,0,3,0,0,1,0,0,1,0,0,0,0,0,0,0,1,1,0,1,0,0,0,1,0,0,1,1,0,0, 0.00124945,-0.00239483, 0.00334483,-0.0012085, 0.00358175,buy
2015-02-25,1,0,0,0,2,0,0,1,0,0,0,0,0,0,0,0,0,0,0,1,0,1,0,0,0,1,1,0,1,1,0,0,-0.00040522,-0.00078409, 0.00489673,-0.0000043, 0.00539174,buy
2015-02-26,1,0,0,0,2,0,0,0,0,0,0,0,0,0,0,0,0,0,0,1,0,0,0,0,0,1,1,0,1,1,0,0, 0.00079373, 0.00195409, 0.00248292, 0.0023411, 0.00183717,buy
2015-02-27,0,0,0,0,2,0,1,0,0,0,0,0,0,0,1,0,0,0,0,1,0,0,0,0,0,0,1,0,0,1,0,0,-0.00012066,-0.00567547,-0.00354772, 0.0005746,-0.00255359,sell
2015-02-28,0,0,0,1,3,0,1,0,1,0,0,1,0,0,1,0,0,0,0,1,0,0,0,0,0,0,1,0,0,1,0,0, 0.00114122,-0.00295168, 0.00218178,-0.0013417,-0.00286005,sell
2015-03-01,0,0,0,1,2,0,1,0,1,0,0,1,0,0,1,0,1,0,0,0,0,0,0,0,0,0,0,0,0,1,0,0, 0.00112645, 0.00248459,-0.00119072, 0.0019790, 0.00234527,buy
2015-03-02,0,0,0,1,2,0,1,0,1,0,0,1,0,0,1,0,1,0,0,0,0,0,0,0,0,0,0,0,0,1,0,0, 0.00112645, 0.00248459,-0.00119072, 0.0019790, 0.00234527,buy
2015-03-03,1,0,1,1,3,0,1,1,1,0,0,1,0,0,1,0,1,1,0,0,0,0,1,0,1,0,0,1,0,1,1,0, 0.00055695, 0.00159717, 0.00093609,-0.0003722, 0.00022691,buy
2015-03-04,1,0,1,0,2,0,1,1,0,0,0,0,0,0,0,0,1,1,0,0,1,0,1,0,1,0,0,1,0,1,1,0, 0.00243215, 0.00227796, 0.00075628,-0.0060082, 0.00092773,buy
2015-03-05,1,0,1,0,2,0,1,1,0,0,0,0,0,0,0,0,1,1,0,0,1,0,1,0,1,0,0,1,0,1,1,0, 0.00243215, 0.00227796, 0.00075628,-0.0060082, 0.00092773,buy
2015-03-06,1,0,1,0,2,0,2,1,0,0,0,0,0,0,0,0,1,1,0,0,1,0,1,0,1,0,0,1,0,1,1,1, 0.00472113, 0.00463009, 0.00273101,-0.0066008, 0.00241414,buy
2015-03-07,0,1,1,0,2,0,2,0,0,0,0,0,0,0,0,0,0,1,0,0,1,0,1,0,0,0,0,0,1,1,0,1, 0.00166371,-0.00562860,-0.00258976, 0.0016056,-0.00326182,sell
2015-03-08,0,1,0,0,1,0,2,0,0,0,0,0,0,0,0,0,0,0,0,0,1,0,0,0,0,0,0,0,1,1,0,1, 0.00645763, 0.00168513,-0.00350677,-0.0027978,-0.00131075,sell
2015-03-09,0,1,0,0,2,1,1,0,0,0,0,0,0,0,0,0,0,0,0,0,0,0,0,1,0,0,1,0,1,1,0,1, 0.00476024, 0.00708259, 0.00405168, 0.0006375, 0.00723792,buy
2015-03-10,0,1,0,0,2,1,1,0,0,0,0,0,0,0,0,0,0,0,0,0,0,0,0,1,0,0,1,0,1,1,0,1, 0.00476024, 0.00708259, 0.00405168, 0.0006375, 0.00723792,buy
2015-03-11,0,0,0,0,1,4,1,0,0,1,0,1,0,0,1,0,0,0,0,0,0,0,0,1,0,0,1,0,0,0,0,1,-0.00038577,-0.00128901, 0.00555134,-0.0008741,-0.00456173,sell
2015-03-12,0,0,0,0,1,4,1,0,0,1,0,1,0,0,1,0,0,0,0,0,0,0,0,1,0,0,1,0,0,0,0,1,-0.00038577,-0.00128901, 0.00555134,-0.0008741,-0.00456173,sell
2015-03-13,0,0,0,0,1,4,0,0,0,1,0,1,0,0,1,0,0,0,0,0,0,0,0,1,0,0,1,0,0,0,0,0, 0.00330329, 0.00013729, 0.00688967, 0.0004191,-0.00421985,buy
2015-03-14,0,0,0,0,1,3,0,0,0,1,0,1,0,0,1,0,0,0,0,0,0,0,0,1,0,0,0,0,0,0,0,0,-0.00013137,-0.00002926,-0.00095287,-0.0013018,-0.00098574,sell
2015-03-15,0,0,0,0,1,1,0,1,0,1,0,0,1,0,0,0,0,0,0,0,0,0,0,1,0,0,0,0,0,0,0,0,-0.00057739,-0.00135831,-0.00081796,-0.0049843,-0.00367818,sell
2015-03-16,0,0,0,0,1,1,0,1,0,1,0,0,1,0,0,0,0,0,0,0,0,0,0,1,0,0,0,0,0,0,0,0,-0.00057739,-0.00135831,-0.00081796,-0.0049843,-0.00367818,sell
2015-03-17,0,1,0,0,1,1,0,1,0,1,1,0,1,0,0,0,0,1,0,0,0,0,0,1,0,0,0,0,0,0,0,0, 0.00028298,-0.00184141,-0.00167565,-0.0034087, 0.00132609,sell
2015-03-18,0,1,0,0,0,0,0,0,0,0,1,0,0,0,0,0,0,1,0,0,0,0,0,0,0,0,0,0,0,0,0,0, 0.00202534, 0.00814254, 0.00327132,-0.0010681, 0.00609827,buy
2015-03-19,0,1,1,0,0,0,0,0,0,0,1,0,0,0,0,0,0,1,0,0,0,0,0,0,0,0,0,0,1,0,0,0, 0.00025954, 0.00325600, 0.00149127,-0.0030826, 0.00369410,buy
2015-03-20,0,1,2,0,0,0,0,0,1,0,0,0,0,0,0,0,0,1,0,0,0,0,0,0,0,0,0,0,1,0,0,0,-0.00501778,-0.00095724,-0.00586347,-0.0057836,-0.00382572,sell
2015-03-21,0,1,2,0,1,0,1,0,1,0,0,1,0,0,1,0,0,1,0,0,0,0,0,0,0,0,0,0,1,0,0,0,-0.00394192,-0.00163922,-0.00192061,-0.0040724,-0.00277851,sell
2015-03-22,0,0,2,0,1,0,2,0,1,0,0,1,0,0,1,0,0,0,0,0,0,0,0,0,0,0,1,0,1,0,0,0, 0.00165355, 0.00264894, 0.00331816, 0.0005288,-0.00036365,buy
2015-03-23,1,0,1,0,1,0,2,0,0,0,0,1,0,0,1,0,0,0,0,0,0,1,0,0,0,0,1,0,1,0,0,0,-0.00169236, 0.00002819, 0.00210556,-0.0007337,-0.00040047,sell
2015-03-24,1,0,0,0,1,0,2,0,0,0,0,1,0,0,1,0,0,0,0,0,0,1,0,0,0,0,1,0,0,0,0,0,-0.00404939,-0.00113987, 0.00059197,-0.0006589,-0.00449483,sell
2015-03-25,1,0,0,0,0,0,1,0,0,0,0,0,0,0,0,0,0,0,0,0,0,1,0,0,0,0,1,0,0,0,0,0,-0.00196787, 0.00051008,-0.00292563,-0.0022372,-0.00486796,sell
2015-03-26,1,0,0,0,0,0,0,1,0,0,0,0,0,0,0,0,0,0,0,0,0,1,0,0,1,0,0,0,0,0,0,0,-0.00249814,-0.00379896,-0.00467646,-0.0035408,-0.00707189,sell
2015-03-27,1,0,0,0,1,0,0,1,0,0,0,0,0,0,0,0,0,0,0,1,0,1,0,0,1,0,0,0,0,0,0,0,-0.00250624, 0.00042961,-0.00011617,-0.0008086, 0.00043707,sell
2015-03-28,1,1,0,0,2,0,0,1,1,1,0,0,0,0,0,0,0,0,0,1,0,0,0,0,1,0,0,1,0,0,0,0, 0.00119988,-0.00179453, 0.00237509,-0.0054359,-0.00418504,sell
2015-03-29,1,1,0,0,3,0,0,1,1,1,0,0,0,0,0,0,0,0,0,1,0,0,0,0,1,0,0,1,0,0,1,0, 0.00376900,-0.00368662,-0.00040953, 0.0036788, 0.00187045,buy
2015-03-30,1,1,0,0,4,1,0,0,1,1,0,0,0,0,0,1,1,0,0,1,0,0,0,0,0,0,0,1,0,0,1,0, 0.00199499, 0.00060555, 0.00099305, 0.0033437, 0.00055441,buy
2015-03-31,2,0,0,0,4,1,0,0,0,1,0,0,0,0,0,1,1,1,0,1,0,0,0,0,0,0,0,1,0,0,1,0,-0.00300808,-0.00118769,-0.00022250, 0.0007335,-0.00082265,sell
2015-04-01,3,0,0,0,3,1,0,0,0,1,0,0,1,0,0,1,1,1,0,0,0,0,0,0,0,0,0,1,0,0,1,0,-0.00242363,-0.00384713,-0.00285809,-0.0008981,-0.00285809,sell
2015-04-02,2,0,0,0,1,1,0,0,0,0,0,0,1,0,0,1,1,1,0,0,0,0,0,0,0,0,0,0,0,0,0,0, 0.00328466, 0.00018034,-0.00288587,-0.0004307,-0.00363156,sell
2015-04-03,2,0,0,0,1,1,0,1,0,0,1,0,1,0,0,1,0,1,0,0,1,0,0,0,0,0,0,0,0,0,0,0, 0.00115629,-0.00232636,-0.00476310,-0.0060759,-0.00516328,sell
2015-04-04,1,0,0,0,1,1,0,1,0,0,1,0,0,0,0,1,0,1,0,0,1,0,1,0,0,0,0,0,0,0,0,0, 0.00432292, 0.00196375,-0.00213818,-0.0022565, 0.00015482,buy
2015-04-05,1,0,0,0,1,0,0,1,1,0,1,0,0,0,0,0,0,0,0,0,1,0,1,0,0,0,0,0,0,0,0,0, 0.00370795, 0.00505251, 0.00350704, 0.0059481, 0.00530833,buy
2015-04-06,1,0,0,0,0,0,0,1,1,0,0,0,0,0,0,0,0,0,0,0,1,0,1,0,0,0,0,0,0,0,0,0, 0.00199375, 0.00287247, 0.00347583, 0.0012930, 0.00708955,buy
2015-04-07,1,1,0,0,0,0,0,2,1,0,0,1,0,0,1,0,0,0,0,0,1,1,1,0,0,0,0,0,0,0,0,0, 0.00281030, 0.00600930,-0.00070062,-0.0001478, 0.00406830,buy
2015-04-08,0,2,0,0,0,1,0,1,0,0,0,1,1,1,1,0,0,0,0,0,0,1,1,1,0,0,0,0,0,0,0,0, 0.00013568, 0.00310403,-0.00129078, 0.0026410, 0.00287624,buy
2015-04-09,0,2,0,0,0,2,0,0,0,0,0,0,1,1,1,0,1,0,0,0,0,1,0,1,0,0,0,0,0,0,0,0, 0.00087716, 0.00220840, 0.00070981, 0.0019931, 0.00295718,buy
2015-04-10,0,3,0,0,0,2,0,0,0,0,0,0,1,1,0,0,1,0,0,0,0,1,0,1,0,0,0,1,0,0,0,0, 0.00287811,-0.00218858, 0.00060897, 0.0053619, 0.00326818,buy
2015-04-11,0,2,0,0,0,4,0,0,0,0,1,0,0,1,0,0,1,0,0,0,0,1,0,1,0,0,0,1,0,0,1,0, 0.00111855, 0.00005708,-0.00217207,-0.0032841, 0.00170730,sell
2015-04-12,0,1,0,0,0,4,0,0,0,0,1,0,0,0,0,0,0,0,0,1,0,0,0,1,0,0,0,1,0,0,1,0, 0.00056062,-0.00280853,-0.00039639,-0.0005476, 0.00186704,sell
2015-04-13,0,1,0,1,0,3,0,0,0,0,0,0,0,0,0,0,0,0,0,1,0,0,0,1,0,0,0,1,1,0,1,0,-0.00312710,-0.00229142,-0.00241414,-0.0048268, 0.00166317,sell
2015-04-14,0,0,0,1,0,3,0,0,0,0,0,0,0,0,0,0,0,0,0,1,0,0,0,1,0,0,0,0,1,0,1,0,-0.00437215,-0.00336686,-0.00343881,-0.0043862,-0.00355276,sell
2015-04-15,0,0,1,1,0,3,0,0,0,0,0,0,1,0,0,0,0,0,0,1,0,0,0,1,0,0,0,0,1,0,1,0,-0.00236259,-0.00233730,-0.00272138,-0.0041919,-0.00298289,sell
2015-04-16,0,0,1,1,1,1,0,0,0,0,0,0,1,0,0,1,0,0,0,1,0,0,0,0,0,0,0,0,1,0,0,0,-0.00361516,-0.00208073,-0.00142526,-0.0033630,-0.00437823,sell
2015-04-17,0,0,1,0,1,0,0,1,0,0,0,0,1,0,0,1,0,0,0,0,0,0,0,0,0,0,1,0,0,0,0,0,-0.00021705, 0.00088276,-0.00111049,-0.0029710,-0.00259483,sell
2015-04-18,0,0,0,0,1,0,2,2,0,0,1,0,0,0,0,1,1,0,0,0,0,0,0,0,0,0,1,0,0,0,0,1,-0.00024220, 0.00474512,-0.00180311, 0.0021596,-0.00329970,sell
2015-04-19,0,0,0,0,1,0,2,2,0,0,1,0,0,0,0,1,1,0,0,0,0,0,0,0,0,0,1,0,0,0,0,1,-0.00024220, 0.00474512,-0.00180311, 0.0021596,-0.00329970,sell
2015-04-20,0,0,0,0,1,0,2,3,1,0,1,0,0,0,0,1,1,0,0,0,0,0,0,0,0,0,1,0,0,0,0,1,-0.00111083, 0.00371947,-0.00243484, 0.0019666,-0.00408492,sell
2015-04-21,1,0,0,0,1,0,2,3,1,1,0,1,0,0,0,1,1,0,0,0,0,0,0,0,1,0,1,0,0,0,0,1, 0.00268752, 0.00356657, 0.00435413, 0.0022795,-0.00058309,buy
2015-04-22,1,0,1,0,1,0,1,2,1,1,0,1,0,0,1,0,0,0,0,0,0,1,0,0,1,0,0,0,0,0,0,1,-0.00071385,-0.00014331,-0.00065670, 0.0015445, 0.00297535,buy
2015-04-23,1,0,2,0,1,0,1,1,0,1,0,1,0,0,1,0,0,0,0,0,0,1,0,0,1,0,0,1,0,0,0,1,-0.00209672,-0.00130540,-0.00364402, 0.0021383, 0.00056874,sell
2015-04-24,0,0,2,0,1,0,1,0,0,1,0,0,0,0,1,0,0,0,0,0,0,1,0,0,1,0,0,1,0,0,0,0,-0.00853078,-0.00222737,-0.00801634, 0.0027755,-0.00563874,sell
2015-04-25,0,0,2,0,1,0,1,0,0,0,0,0,0,0,0,0,0,0,0,0,0,1,0,0,0,1,0,1,0,0,1,0,-0.00438146, 0.00484303,-0.00537336, 0.0031832, 0.00388896,buy
2015-04-26,0,0,2,0,1,0,1,0,0,0,0,0,0,0,0,0,0,0,0,0,0,1,0,0,0,1,0,1,0,0,1,0,-0.00438146, 0.00484303,-0.00537336, 0.0031832, 0.00388896,buy
2015-04-27,0,0,0,0,1,0,2,0,0,0,0,0,0,0,0,0,0,0,0,1,0,0,0,0,0,1,0,0,0,0,1,0,-0.00144788,-0.00086115, 0.00338173, 0.0021339, 0.00193163,buy
2015-04-28,0,0,0,0,1,0,2,0,0,0,0,0,0,0,0,0,0,0,0,1,0,0,0,0,0,1,0,0,0,0,1,0,-0.00144788,-0.00086115, 0.00338173, 0.0021339, 0.00193163,buy
2015-04-29,0,0,0,0,1,0,1,0,0,0,0,0,0,0,0,0,0,0,0,1,0,0,0,0,0,1,0,0,0,0,0,0,-0.00072282,-0.00248338, 0.00330239, 0.0029106, 0.00103195,buy
2015-04-30,0,1,0,0,1,0,1,0,0,0,0,1,0,0,0,0,0,0,0,1,0,0,0,0,0,1,0,0,0,0,0,0, 0.00292011, 0.00094537, 0.00415477, 0.0039799, 0.00232541,buy
2015-05-01,0,1,0,1,1,1,1,0,0,0,0,1,1,0,1,0,0,0,0,1,0,0,0,0,0,1,0,0,0,0,0,0, 0.00496965, 0.00187025, 0.00561836, 0.0056286, 0.00225938,buy
2015-05-02,0,1,0,1,1,1,1,1,0,0,0,1,1,0,1,0,0,1,0,1,0,0,0,0,0,1,0,0,0,0,0,0, 0.00730955, 0.00363622, 0.00625425, 0.0042417, 0.00402162,buy
2015-05-03,0,0,0,1,1,1,0,1,0,0,0,0,1,0,1,0,0,1,0,0,0,0,0,0,0,1,0,0,0,0,0,0,-0.00178751,-0.00188950,-0.00114334,-0.0005609,-0.00074792,sell
2015-05-04,1,0,0,1,1,2,0,1,0,0,0,0,1,0,1,0,0,1,0,0,1,0,0,0,1,1,0,0,0,0,0,0,-0.00295733,-0.00411856, 0.00235031,-0.0004665,-0.00017350,sell
2015-05-05,1,0,0,0,1,2,0,1,0,0,0,0,0,0,1,0,0,1,0,0,1,0,0,0,1,1,0,0,0,0,0,0,-0.00331800,-0.00030931, 0.00250857, 0.0011674, 0.00132093,buy
2015-05-06,1,0,0,0,0,1,1,1,0,0,0,0,0,0,0,0,0,1,0,0,1,0,0,1,1,0,0,0,0,0,0,0, 0.00397507,-0.00052901,-0.00133009, 0.0055436, 0.00455003,buy
2015-05-07,1,0,0,0,1,1,1,1,0,0,1,0,0,0,0,0,0,0,0,0,1,0,1,1,1,0,0,0,0,0,0,0, 0.00311714, 0.00342944, 0.00211529, 0.0032804, 0.00104980,buy
2015-05-08,1,0,1,0,1,2,1,1,0,0,1,0,0,0,0,0,0,0,0,0,1,0,1,1,1,0,0,0,1,1,0,0, 0.00372425, 0.00250924,-0.00076199, 0.0015311, 0.00240854,buy
2015-05-09,0,0,1,0,1,1,1,1,0,0,1,0,0,0,0,0,0,0,0,0,0,0,1,1,0,0,0,0,1,1,0,0,-0.00098870,-0.00246135,-0.00338313,-0.0052049, 0.00075272,sell
2015-05-10,0,0,1,0,1,1,1,1,0,0,1,0,0,0,0,0,0,0,0,0,0,0,1,1,0,0,0,0,1,1,0,0,-0.00098870,-0.00246135,-0.00338313,-0.0052049, 0.00075272,sell
2015-05-11,0,0,1,0,1,1,1,1,0,0,1,0,0,0,0,0,0,0,0,0,0,0,1,1,0,0,0,0,1,1,0,0,-0.00098870,-0.00246135,-0.00338313,-0.0052049, 0.00075272,sell
2015-05-12,0,0,1,0,0,1,1,1,0,0,1,0,0,0,0,0,0,0,0,0,0,0,0,1,0,0,0,0,1,1,0,0,-0.00126601,-0.00112284,-0.00121351,-0.0020082,-0.00332198,sell
2015-05-13,0,0,0,0,0,1,1,0,0,0,0,0,0,0,0,0,0,0,0,0,0,0,0,1,0,0,0,0,0,1,0,0,-0.00889159,-0.00329451,-0.00819141,-0.0088654,-0.00572751,sell
2015-05-14,1,0,0,0,0,1,0,0,0,0,0,0,0,0,0,0,0,0,0,0,0,0,0,0,0,0,1,0,0,1,0,0,-0.00382015,-0.00858707,-0.01071322,-0.0031190,-0.00205080,sell
2015-05-15,1,0,0,0,0,1,1,0,1,0,0,0,0,0,0,0,0,0,0,0,0,0,0,0,0,0,1,0,0,1,0,0,-0.00028939,-0.00128781,-0.00371461,-0.0005227, 0.00293692,sell
2015-05-16,1,0,0,0,0,1,1,0,1,0,0,0,0,0,0,0,0,0,0,0,0,0,0,0,0,0,1,0,0,1,0,0,-0.00028939,-0.00128781,-0.00371461,-0.0005227, 0.00293692,sell
2015-05-17,1,0,0,0,0,1,1,0,1,0,0,0,0,0,0,0,0,0,0,0,0,0,0,0,0,0,1,0,0,1,0,0,-0.00028939,-0.00128781,-0.00371461,-0.0005227, 0.00293692,sell
2015-05-18,1,0,0,0,1,1,1,0,1,0,0,0,0,0,0,1,0,0,0,0,0,0,0,0,0,0,1,0,0,1,0,0, 0.00472801, 0.00330545, 0.00709083, 0.0054323, 0.00482369,buy
2015-05-19,0,1,0,0,1,1,1,0,1,0,0,0,0,0,0,1,0,0,0,0,1,0,0,0,0,0,0,0,0,1,0,0,-0.00054455,-0.00045226,-0.00461356, 0.0069288, 0.00846458,buy
2015-05-20,0,1,0,1,2,1,1,0,1,0,0,0,0,0,0,1,0,0,0,0,1,0,0,0,1,0,0,1,0,1,0,0, 0.00184162, 0.00403423,-0.00013025, 0.0026909, 0.00359402,buy
2015-05-21,0,2,0,2,2,1,0,0,0,0,0,0,0,0,0,1,0,0,0,0,1,1,0,0,1,0,0,1,1,1,0,0,-0.00036638, 0.00109410, 0.00205596, 0.0011274, 0.00167774,buy
2015-05-22,0,2,0,2,1,1,0,0,0,0,0,0,0,0,0,0,0,0,0,0,1,1,0,0,1,0,0,1,1,1,0,0, 0.00136341,-0.00226970, 0.00181856,-0.0006542, 0.00313648,buy
2015-05-23,0,2,0,2,1,2,0,1,0,0,0,0,0,0,0,0,0,0,0,0,1,1,1,0,1,0,0,1,1,1,1,0, 0.00157121, 0.00181037, 0.00372583, 0.0030952, 0.00525331,buy
2015-05-24,0,1,0,1,1,2,0,1,0,0,0,0,0,0,0,0,0,0,0,0,0,1,1,0,1,0,0,0,1,1,1,0,-0.00138284, 0.00582930,-0.00172675, 0.0040483,-0.00417497,sell
2015-05-25,0,1,0,0,0,2,0,2,0,1,1,0,0,0,0,0,0,0,0,0,0,0,1,0,0,0,0,0,1,1,1,0, 0.00517015, 0.00275674, 0.00577428, 0.0053688, 0.00267424,buy
2015-05-26,0,0,0,0,0,2,0,2,0,1,1,0,0,0,0,0,0,0,0,0,0,0,1,0,0,0,0,0,0,1,1,0, 0.00714369, 0.00229264, 0.00874238, 0.0084155, 0.00298939,buy
2015-05-27,0,0,0,0,0,2,0,2,0,1,1,0,0,0,0,0,0,0,0,0,0,0,1,0,0,0,0,0,0,1,1,0, 0.00714369, 0.00229264, 0.00874238, 0.0084155, 0.00298939,buy
2015-05-28,0,0,0,0,0,1,0,1,0,1,1,0,0,0,0,0,0,0,0,0,0,0,0,0,0,0,0,0,0,1,0,0, 0.00690193, 0.00305380, 0.00624270, 0.0038970,-0.00175391,buy
2015-05-29,0,1,0,0,0,2,0,2,0,1,1,0,0,1,0,1,0,0,0,1,0,0,0,0,0,0,1,0,0,1,0,0, 0.00275423, 0.00435958, 0.00433835, 0.0035089, 0.00337578,buy
2015-05-30,0,1,0,0,0,2,0,2,0,0,1,0,0,1,0,1,0,0,0,1,0,0,0,0,0,0,1,0,0,1,0,0, 0.00297067, 0.00428093, 0.00434913, 0.0020472, 0.00328765,buy
2015-05-31,0,1,0,0,0,2,0,2,0,0,1,0,0,1,0,1,0,0,0,1,0,0,0,0,0,0,1,0,0,1,0,0, 0.00297067, 0.00428093, 0.00434913, 0.0020472, 0.00328765,buy
2015-06-01,1,1,0,0,0,1,0,2,0,0,1,0,0,1,0,0,0,0,0,1,0,0,0,0,0,0,1,0,0,1,0,1, 0.00334982, 0.00183285,-0.00100670,-0.0006698,-0.00066978,buy
2015-06-02,1,1,0,0,0,1,0,1,0,0,0,0,0,0,0,0,0,0,0,1,0,0,0,0,0,0,1,0,0,1,0,1,-0.00066199,-0.00271526,-0.00533037,-0.0038177,-0.00615308,sell
2015-06-03,1,0,1,0,0,1,0,0,0,0,0,0,0,0,0,0,0,0,0,0,1,0,0,0,0,0,0,0,0,1,0,1, 0.00073898, 0.00176841,-0.00399281,-0.0043726,-0.00039246,sell
2015-06-04,2,0,1,0,0,2,0,0,0,0,0,0,0,0,1,0,0,0,0,0,1,0,0,0,0,0,0,0,1,1,0,1,-0.00456269, 0.00540387,-0.00164845, 0.0018947,-0.00369077,sell
2015-06-05,2,0,1,0,0,2,0,0,0,0,0,0,0,0,1,0,0,0,0,0,1,0,0,0,0,0,0,0,1,1,0,1,-0.00456269, 0.00540387,-0.00164845, 0.0018947,-0.00369077,sell
2015-06-06,2,0,1,0,0,3,1,0,0,0,0,0,0,0,1,0,0,1,0,0,1,0,0,0,0,1,0,0,1,1,0,1,-0.00520768, 0.00275257,-0.00190606,-0.0015041,-0.00241913,sell
2015-06-07,2,0,1,0,0,3,1,0,0,0,0,0,0,0,1,0,0,1,1,0,1,0,0,0,0,1,0,0,1,1,0,1,-0.00451307,-0.00171646,-0.00199015,-0.0022134,-0.00418880,sell
2015-06-08,2,0,1,0,0,3,3,0,0,0,0,0,0,0,1,1,0,1,1,0,1,0,1,0,0,1,0,0,1,1,0,1,-0.00313847,-0.00079702,-0.00499667,-0.0056342,-0.00705608,sell
2015-06-09,0,0,0,0,0,3,3,0,0,0,0,0,0,0,1,1,0,1,1,0,0,0,1,0,0,1,0,0,0,1,0,0,-0.00589077,-0.00084204,-0.00512214,-0.0061604,-0.00758034,sell
2015-06-10,0,0,0,0,0,3,3,0,0,0,0,0,0,0,1,1,0,1,1,0,0,0,1,0,0,1,0,0,0,1,0,0,-0.00589077,-0.00084204,-0.00512214,-0.0061604,-0.00758034,sell
2015-06-11,0,0,0,0,0,3,3,0,0,0,0,0,0,0,1,1,0,1,1,0,0,0,1,0,0,1,0,0,0,1,0,0,-0.00589077,-0.00084204,-0.00512214,-0.0061604,-0.00758034,sell
2015-06-12,0,0,0,0,0,3,2,0,0,0,0,0,0,0,1,1,0,0,1,0,0,0,1,0,0,1,0,0,0,1,0,0,-0.00607348,-0.00176517,-0.00630216,-0.0059397,-0.00750265,sell
2015-06-13,0,0,0,0,0,3,1,0,0,0,0,0,0,0,1,0,0,0,1,0,0,0,1,0,0,1,0,0,0,1,0,0, 0.00354100,-0.00139891, 0.00035048,-0.0021349, 0.00162156,buy
2015-06-14,0,0,1,0,0,3,0,0,0,0,0,0,0,0,1,0,0,0,1,0,0,0,0,0,0,1,1,0,0,1,0,0, 0.00282464,-0.00167498, 0.00338859,-0.0019055, 0.00288288,buy
2015-06-15,0,0,1,0,0,3,0,0,0,0,0,0,0,0,1,0,0,0,1,0,0,0,0,0,0,1,1,0,0,1,0,0, 0.00282464,-0.00167498, 0.00338859,-0.0019055, 0.00288288,buy
2015-06-16,0,0,1,0,0,3,0,0,0,0,0,0,0,0,1,0,0,0,1,0,0,0,0,0,0,1,1,0,0,1,0,0, 0.00282464,-0.00167498, 0.00338859,-0.0019055, 0.00288288,buy
2015-06-17,0,0,1,0,0,3,0,0,0,0,0,0,0,0,1,0,0,0,1,0,0,0,0,0,0,1,1,0,0,1,0,0, 0.00282464,-0.00167498, 0.00338859,-0.0019055, 0.00288288,buy
2015-06-18,0,0,1,0,0,3,0,0,0,0,0,0,0,0,1,0,0,0,1,0,0,0,0,0,0,1,1,0,0,1,0,0, 0.00282464,-0.00167498, 0.00338859,-0.0019055, 0.00288288,buy
2015-06-19,0,0,2,0,0,3,0,0,0,0,0,0,0,0,1,0,0,0,1,0,0,1,0,0,0,1,0,1,0,1,0,0, 0.00367541,-0.00144352, 0.00084565, 0.0011275, 0.00087765,buy
2015-06-20,0,0,2,0,0,2,0,0,0,0,0,0,0,0,0,0,0,0,1,0,0,1,0,0,0,1,0,1,0,1,0,0, 0.00303501,-0.00255134,-0.00101879,-0.0008031,-0.00132215,sell
2015-06-21,0,0,2,0,0,2,0,1,0,0,1,0,0,0,0,0,0,0,1,0,0,1,0,0,0,1,0,1,0,1,0,0, 0.00288108, 0.00018882, 0.00280864,-0.0015624, 0.00193398,buy
2015-06-22,0,0,2,0,0,2,0,1,0,0,1,0,0,0,0,0,0,0,0,0,0,1,0,0,0,1,0,1,0,1,0,0, 0.00376322, 0.00231602, 0.00265356, 0.0007849, 0.00478728,buy
2015-06-23,0,0,2,0,0,2,0,1,0,0,1,0,0,0,0,0,0,0,0,0,0,1,0,0,0,1,0,1,0,1,0,0, 0.00376322, 0.00231602, 0.00265356, 0.0007849, 0.00478728,buy
2015-06-24,0,0,1,0,0,2,0,1,0,0,1,0,0,0,0,0,0,0,0,0,0,0,0,0,0,1,0,1,0,1,0,0, 0.00489903, 0.00573666, 0.00463963, 0.0054506, 0.00570975,buy
2015-06-25,0,0,0,0,0,3,0,2,0,0,1,0,0,0,0,0,0,1,0,0,0,0,0,1,0,1,0,0,0,1,0,0, 0.00106434,-0.00126931,-0.00251100, 0.0014835,-0.00120833,sell
2015-06-26,1,0,1,0,0,3,0,1,0,0,0,1,0,0,0,0,0,1,0,0,0,0,0,1,0,1,0,0,0,1,1,0,-0.00107372, 0.00131107,-0.00145915,-0.0023949, 0.00481514,buy
2015-06-27,1,0,1,0,0,3,0,1,0,0,0,1,0,0,0,0,0,1,0,0,0,0,0,1,1,1,0,0,0,1,1,0, 0.00244531, 0.00211502, 0.00390372, 0.0009086, 0.00370117,buy
2015-06-28,1,1,1,0,0,3,0,1,0,0,0,1,0,0,0,0,0,1,0,0,0,0,0,1,1,1,0,0,0,1,1,1,-0.00167397, 0.00043570, 0.00419497,-0.0013358, 0.00293154,buy
2015-06-29,2,1,1,0,0,2,0,1,0,0,0,1,0,0,0,0,0,1,0,1,0,0,0,1,1,0,0,0,0,1,1,1,-0.00138647,-0.00249024, 0.00473406,-0.0006939, 0.00215131,buy
2015-06-30,2,1,0,0,0,1,0,1,0,0,0,0,0,0,0,0,0,1,0,1,0,0,0,1,1,0,0,0,0,0,1,1, 0.00168814,-0.00499746, 0.00602639,-0.0017941,-0.00035012,buy
2015-07-01,2,1,0,0,0,0,1,1,0,0,0,0,0,0,1,0,0,0,0,1,0,0,0,1,1,0,0,0,0,0,1,1,-0.00062695,-0.00286715, 0.00383276, 0.0011469, 0.00121248,buy
2015-07-02,2,1,0,0,0,0,2,0,1,0,0,0,0,0,1,0,0,0,0,1,0,0,0,0,1,0,0,0,0,0,1,1,-0.00153359,-0.00437619,-0.00270957,-0.0011291,-0.00391218,sell
2015-07-03,1,1,0,0,0,0,3,0,1,0,0,0,0,0,1,1,0,0,0,1,0,0,0,0,1,0,0,0,0,0,0,1,-0.00217073,-0.00424694,-0.00184687,-0.0037068,-0.00372029,sell
2015-07-04,0,2,0,1,0,1,3,0,1,0,0,0,0,0,1,1,0,0,0,0,1,1,0,0,1,1,0,0,0,0,0,1,-0.00285968,-0.00567711, 0.00087791, 0.0011419, 0.00156337,buy
2015-07-05,0,2,0,1,0,1,2,0,1,0,0,0,0,0,0,1,0,0,0,0,1,1,0,0,1,1,0,0,0,0,0,1,-0.00189357,-0.00893668, 0.00046896,-0.0002286, 0.00014937,sell
2015-07-06,0,2,0,1,0,1,1,0,0,0,0,0,0,0,0,1,0,0,0,0,1,1,0,0,0,1,0,0,0,0,0,1, 0.00010379,-0.00765595,-0.00117058,-0.0022270,-0.00340716,sell
2015-07-07,0,2,1,1,0,1,1,0,0,0,0,0,1,0,0,1,0,0,0,0,1,1,0,0,0,1,0,0,0,0,0,1,-0.00178706,-0.00856999,-0.00475595,-0.0071845,-0.00767204,sell
2015-07-08,0,2,1,1,0,1,0,0,0,0,0,0,1,0,0,0,0,0,0,0,1,1,0,0,0,1,0,0,0,0,0,1,-0.00191787,-0.01043027,-0.00472315,-0.0086306,-0.00750148,sell
2015-07-09,0,1,1,0,0,1,0,0,0,0,0,0,1,0,0,0,0,0,0,0,0,0,0,0,0,1,0,0,0,0,0,1,-0.00205356,-0.00030094,-0.00295442, 0.0012263, 0.00016530,sell
2015-07-10,0,1,0,0,0,1,0,1,0,0,0,0,0,0,0,0,0,0,0,0,0,0,0,0,0,1,0,1,1,0,0,0, 0.00478006, 0.00363847, 0.00306592, 0.0042505, 0.00718234,buy
2015-07-11,0,1,0,0,0,1,0,2,0,0,0,0,0,0,0,0,0,0,0,0,0,0,1,0,0,1,0,1,1,0,0,0, 0.00874730, 0.00652955, 0.00580643, 0.0072797, 0.00537606,buy
2015-07-12,1,1,0,0,0,2,0,2,1,0,1,0,0,0,0,0,0,0,0,0,0,0,1,0,0,1,0,1,1,0,0,0, 0.00643988, 0.00667798, 0.00397202, 0.0079044, 0.00583131,buy
2015-07-13,1,1,0,0,0,2,0,3,1,0,1,0,0,0,0,0,1,0,0,0,0,0,1,0,0,1,0,1,1,0,0,0, 0.00407873,-0.00138382, 0.00362763, 0.0042499,-0.00139254,buy
2015-07-14,1,2,0,0,0,3,0,3,1,1,1,0,1,0,0,1,1,0,0,0,0,0,1,0,0,1,0,1,1,0,0,0,-0.00125772,-0.00404599, 0.00053925, 0.0005921,-0.00485208,sell
2015-07-15,0,3,0,1,1,2,0,3,0,1,0,1,1,0,0,1,1,1,0,1,0,0,1,0,0,1,0,1,1,0,0,0, 0.00071294,-0.00047314,-0.00196616, 0.0014618,-0.00127564,sell
2015-07-16,0,3,0,1,1,2,0,1,0,1,0,1,1,0,0,1,0,1,0,1,0,0,0,0,0,1,0,1,1,0,0,0, 0.00139407,-0.00096551,-0.00047575, 0.0011604, 0.00004350,buy
2015-07-17,0,2,0,0,1,2,0,1,0,1,0,0,0,0,0,1,0,1,0,1,0,0,0,0,0,1,0,1,1,0,0,0, 0.00475367, 0.00242874, 0.00423240, 0.0020200, 0.00688078,buy
2015-07-18,0,2,0,0,1,1,0,2,0,0,0,0,0,0,1,0,0,1,0,1,0,0,0,0,0,1,0,1,1,0,0,0, 0.00583040, 0.00173847, 0.00190484, 0.0036944, 0.00214937,buy
2015-07-19,1,2,0,0,1,1,0,2,0,0,0,0,0,0,1,0,0,1,0,1,0,1,0,0,0,1,0,1,1,0,0,0,-0.00195243, 0.00051042,-0.00296906,-0.0009010,-0.00131960,sell
2015-07-20,1,2,0,0,2,1,0,1,1,0,1,0,0,0,0,0,0,1,0,0,0,1,0,0,0,1,0,1,1,0,0,0, 0.00401858, 0.00536466, 0.00393052, 0.0016257,-0.00091887,buy
2015-07-21,2,2,0,0,2,0,0,0,1,0,1,0,1,0,0,0,0,0,0,0,0,1,0,0,0,0,0,1,0,1,0,0,-0.00072873, 0.00001544,-0.00130522,-0.0007546, 0.00345056,sell
2015-07-22,2,1,0,0,3,0,0,0,1,0,0,0,1,1,0,1,0,0,0,0,0,1,0,0,0,0,0,1,0,1,0,0,-0.00266203,-0.00224081,-0.00404440,-0.0026279,-0.00307793,sell
2015-07-23,2,1,0,0,2,0,0,0,0,0,0,0,1,1,0,1,0,0,0,0,0,1,0,0,0,0,0,1,0,1,0,0,-0.00122310,-0.00086307,-0.00426719,-0.0012537,-0.00371482,sell
2015-07-24,0,1,0,0,2,0,0,0,0,0,0,0,0,1,0,1,0,0,0,0,0,0,0,0,0,0,0,1,0,1,0,0,-0.00143211,-0.00144425,-0.00439266,-0.0022148,-0.00313548,sell
2015-07-25,0,1,0,0,1,0,0,0,0,0,0,0,0,1,0,0,0,0,0,0,0,0,0,0,0,0,0,1,0,1,0,0,-0.00015661,-0.00098362,-0.00219630,-0.0017200,-0.00085173,sell
2015-07-26,0,1,0,0,1,0,0,0,0,0,0,0,0,0,0,0,0,0,0,0,0,0,0,0,0,0,0,1,0,1,0,0, 0.00213406, 0.00485571, 0.00314698,-0.0009942,-0.00102731,buy
2015-07-27,0,1,1,0,0,0,0,0,0,0,1,0,0,0,0,0,0,0,0,0,0,0,0,0,0,0,0,1,0,0,0,0,-0.00024151, 0.00027864, 0.00082261, 0.0028951, 0.00158342,buy
2015-07-28,1,1,1,0,0,0,0,0,0,0,1,0,0,0,0,0,1,0,0,0,0,0,0,0,0,0,0,1,0,0,0,0, 0.00254278, 0.00280674, 0.00026610, 0.0040337, 0.00323028,buy
2015-07-29,1,1,1,0,0,0,0,0,0,0,0,1,0,0,0,0,1,0,0,0,0,0,0,0,0,0,0,1,0,0,0,0, 0.00384060, 0.00319965, 0.00309618, 0.0038469, 0.00416479,buy
2015-07-30,1,1,2,0,0,0,0,1,0,0,0,1,0,0,0,0,1,0,0,1,0,0,0,0,0,0,0,1,1,0,0,0, 0.00187601,-0.00020293, 0.00344674, 0.0021899, 0.00282298,buy
2015-07-31,0,2,2,0,0,0,0,1,0,0,0,1,0,0,0,0,0,0,0,1,0,0,0,0,0,0,0,1,1,0,0,1,-0.00371395,-0.00047582, 0.00086528,-0.0024628,-0.00525198,sell
2015-08-01,1,2,1,0,0,0,0,1,0,0,0,0,0,0,1,0,0,0,0,1,0,0,0,0,1,0,0,1,1,0,0,1,-0.00348204,-0.00167764,-0.00076179,-0.0022091,-0.00152285,sell
2015-08-02,1,2,1,0,0,0,0,1,0,0,0,0,0,0,1,0,0,0,0,1,0,0,0,0,1,0,0,1,1,0,0,1,-0.00348204,-0.00167764,-0.00076179,-0.0022091,-0.00152285,sell
2015-08-03,2,2,1,0,0,0,0,1,0,0,0,0,0,0,1,0,0,0,0,1,0,0,0,1,1,0,0,1,1,0,0,1,-0.00513837, 0.00051896, 0.00006482, 0.0016599, 0.00077897,buy
2015-08-04,1,2,1,0,1,0,0,1,0,0,0,0,0,0,0,0,0,0,0,0,1,0,0,1,1,1,0,1,1,0,0,1, 0.00262855, 0.00101957, 0.00076730, 0.0021389, 0.00198781,buy
2015-08-05,1,4,1,0,2,0,0,2,0,1,0,1,1,0,0,1,1,0,0,0,1,0,0,1,1,1,0,1,1,0,0,1,-0.00018807, 0.00334710, 0.00340334,-0.0021625, 0.00243573,buy
2015-08-06,1,4,1,0,2,0,0,2,1,1,0,1,1,0,0,1,1,0,0,0,1,0,0,1,1,1,0,1,1,0,0,1,-0.00344683, 0.00035355, 0.00072409,-0.0029265,-0.00009184,sell
2015-08-07,1,4,1,0,2,0,0,2,1,1,0,1,1,0,0,1,1,0,0,0,1,0,0,1,1,1,0,1,1,0,0,1,-0.00344683, 0.00035355, 0.00072409,-0.0029265,-0.00009184,sell
2015-08-08,1,3,1,0,1,0,0,1,1,1,0,1,0,0,0,0,0,0,0,0,1,0,0,1,0,0,0,1,1,0,0,1, 0.00553301, 0.00091731, 0.00538914, 0.0040218, 0.00347335,buy
2015-08-09,0,3,0,0,0,0,0,1,0,0,0,0,0,0,1,0,0,0,0,0,0,0,0,0,0,0,0,1,1,0,0,1, 0.00891695,-0.00206936, 0.00199470,-0.0001929, 0.00824110,buy
2015-08-10,0,1,0,0,0,0,0,0,0,0,0,0,0,0,1,0,0,0,0,0,0,0,0,0,0,0,0,0,0,0,0,0, 0.00183617,-0.00508797,-0.00110680, 0.0017472, 0.00182419,buy
2015-08-11,1,1,0,1,0,0,0,0,0,0,1,0,0,0,1,0,0,0,0,0,0,0,1,0,0,0,0,0,0,0,0,0, 0.00463776,-0.00385591,-0.00087624,-0.0000189,-0.00422905,sell
2015-08-12,1,1,0,1,0,0,0,0,0,0,1,0,0,0,1,0,0,0,0,0,0,0,1,0,0,0,0,0,0,0,0,0, 0.00463776,-0.00385591,-0.00087624,-0.0000189,-0.00422905,sell
2015-08-13,1,0,0,1,0,0,0,0,0,0,1,0,0,0,0,0,0,0,0,0,0,0,1,0,0,0,0,0,0,0,0,0, 0.00447234, 0.00089484, 0.00133013,-0.0003825,-0.00322680,buy
2015-08-14,2,0,1,1,0,0,0,0,0,0,1,1,0,0,0,0,1,0,0,0,0,0,1,0,0,0,0,0,0,1,0,0,-0.00063415, 0.00121861,-0.00175768, 0.0005990, 0.00224660,buy
2015-08-15,2,0,1,0,0,0,0,0,0,0,0,1,0,0,0,0,1,0,0,0,0,0,1,0,0,0,0,0,0,1,0,0,-0.00019976,-0.00023767,-0.00177321,-0.0017500, 0.00142973,sell
2015-08-16,2,0,1,0,0,0,0,0,0,0,0,1,0,0,0,0,1,0,0,0,0,0,0,0,0,0,0,0,0,1,1,0, 0.00088193, 0.00166536, 0.00063613,-0.0006635, 0.00129938,buy
2015-08-17,2,0,1,0,0,0,0,0,0,0,0,1,0,0,0,0,1,0,0,0,0,0,0,0,0,0,0,0,0,1,1,0, 0.00088193, 0.00166536, 0.00063613,-0.0006635, 0.00129938,buy
2015-08-18,1,0,0,0,0,0,0,0,0,0,0,0,0,0,0,0,0,0,0,0,0,0,0,0,0,0,0,0,0,0,1,0,-0.00593808,-0.00288469,-0.00252994,-0.0034951,-0.00379046,sell
2015-08-19,1,2,1,0,1,0,0,1,0,0,0,0,0,0,1,1,0,0,0,0,1,1,0,1,0,0,0,0,0,0,1,0,-0.00162776,-0.00381749,-0.00331527,-0.0034429,-0.00685131,sell
2015-08-20,1,2,1,0,1,1,0,1,0,1,0,0,0,0,1,1,0,0,0,0,1,1,0,1,0,0,0,0,0,0,1,0,-0.00234465,-0.00219874,-0.00242955,-0.0039967,-0.00647342,sell
2015-08-21,1,2,1,0,1,1,0,1,0,1,0,0,0,0,1,1,0,0,0,0,1,1,0,1,0,0,0,0,0,0,1,0,-0.00234465,-0.00219874,-0.00242955,-0.0039967,-0.00647342,sell
2015-08-22,1,2,0,0,0,1,0,1,0,1,0,0,0,0,0,0,0,0,0,0,1,1,0,1,0,0,0,0,0,0,1,0,-0.00473412,-0.00663634,-0.00643891,-0.0097186,-0.01091115,sell
2015-08-23,1,2,0,0,0,1,0,1,0,1,0,0,0,0,0,0,0,0,0,0,1,1,0,1,0,0,0,0,0,0,1,0,-0.00473412,-0.00663634,-0.00643891,-0.0097186,-0.01091115,sell
2015-08-24,0,0,0,0,0,1,0,1,0,1,0,0,0,0,0,0,0,1,0,0,0,1,0,0,0,0,0,0,0,0,0,0, 0.00079622,-0.00529205,-0.00103947,-0.0032415, 0.00102329,sell
2015-08-25,0,0,0,0,0,1,1,0,0,1,0,0,1,0,0,0,0,1,0,0,0,0,0,0,0,0,0,0,0,0,0,0, 0.00838879, 0.00263239, 0.00494180,-0.0036042, 0.00913363,buy
2015-08-26,0,1,0,0,0,1,1,0,0,1,0,0,1,0,0,0,0,1,0,0,0,0,1,0,0,0,0,0,0,0,0,0, 0.00810723, 0.00678370, 0.00722903, 0.0010376, 0.00661177,buy
2015-08-27,0,1,0,0,0,1,1,0,0,0,0,0,1,0,0,1,0,1,0,0,0,0,1,0,0,0,0,0,0,0,0,0, 0.00390359, 0.00725909, 0.00678313, 0.0049405, 0.00357897,buy
2015-08-28,0,1,0,0,0,1,1,0,0,0,0,0,1,0,0,1,0,1,0,0,0,0,1,0,0,0,0,0,0,0,0,0, 0.00390359, 0.00725909, 0.00678313, 0.0049405, 0.00357897,buy
2015-08-29,0,1,0,0,1,1,0,0,1,0,0,0,0,0,0,1,0,1,0,0,0,0,1,0,0,0,0,0,0,0,0,0, 0.00557644, 0.00756462, 0.00927496, 0.0068458, 0.00600422,buy
2015-08-30,0,1,0,1,1,0,0,0,1,0,0,0,0,0,0,0,0,0,0,1,0,0,1,0,0,1,0,0,0,0,0,0,-0.00044254, 0.00583952, 0.00161429, 0.0051459, 0.00334917,buy
2015-08-31,0,0,1,1,1,0,0,0,1,0,0,0,0,0,0,0,0,0,0,1,0,0,0,0,0,1,0,1,0,0,0,0,-0.00053940, 0.00033455,-0.00198670,-0.0013337,-0.00369811,sell
2015-09-01,0,0,1,1,1,0,0,0,1,0,0,0,0,0,0,0,0,0,0,1,0,0,0,0,0,1,0,1,0,0,0,0,-0.00053940, 0.00033455,-0.00198670,-0.0013337,-0.00369811,sell
2015-09-02,0,0,3,1,1,0,0,0,1,0,1,0,0,0,0,0,0,0,0,1,0,0,0,1,0,1,0,1,0,0,0,0,-0.00102005,-0.00022700,-0.00562207,-0.0009455,-0.00270881,sell
2015-09-03,1,0,3,1,0,0,0,0,0,0,1,0,0,0,0,0,0,0,0,1,1,0,0,1,0,1,0,1,0,0,0,0,-0.00443735,-0.00136415,-0.00834551,-0.0049520,-0.00513937,sell
2015-09-04,1,0,3,0,0,0,0,0,0,0,1,0,0,0,0,0,0,0,0,0,1,0,0,1,0,0,0,1,0,0,0,0,-0.00318395,-0.00200140,-0.00653766,-0.0059093,-0.00318675,sell
2015-09-05,1,0,3,1,1,0,0,0,0,0,1,0,0,0,0,0,1,0,0,0,1,0,0,1,0,0,0,1,0,1,0,0,-0.00087049, 0.00461628,-0.00181410,-0.0056211,-0.00108215,sell
2015-09-06,1,0,2,1,1,0,0,0,0,0,1,0,0,0,0,0,1,0,0,0,1,0,0,0,0,0,0,1,0,1,0,0, 0.00659229, 0.00706240, 0.00686621, 0.0042283, 0.00599899,buy
2015-09-07,1,0,1,1,1,0,0,1,0,0,0,1,0,0,0,0,1,0,0,0,1,0,0,0,0,0,0,1,0,1,0,0, 0.00710243, 0.00633930, 0.00640754, 0.0041020, 0.00700914,buy
2015-09-08,1,0,1,1,1,1,0,1,0,0,0,1,1,0,0,0,1,0,0,0,1,0,0,0,0,0,0,1,0,1,0,0, 0.00683462, 0.00440058, 0.00563117, 0.0000099, 0.00717559,buy
2015-09-09,0,0,1,1,1,1,1,1,0,0,0,1,1,0,0,1,1,0,0,0,0,0,0,0,0,0,0,1,0,1,0,0, 0.00736624, 0.00560279, 0.00648926,-0.0026057, 0.00817265,buy
2015-09-10,0,0,2,0,0,1,1,1,0,0,0,1,1,0,0,1,0,0,0,0,0,0,1,0,0,0,0,1,0,0,0,0, 0.00342796, 0.00211699, 0.00535921, 0.0047257, 0.00526005,buy
2015-09-11,0,0,2,0,0,1,1,1,0,0,0,1,1,0,0,1,0,0,0,0,0,0,1,0,0,0,0,1,0,0,0,0, 0.00342796, 0.00211699, 0.00535921, 0.0047257, 0.00526005,buy
2015-09-12,0,0,2,0,0,1,1,1,0,0,0,1,1,0,0,1,0,0,0,0,0,0,1,0,0,0,0,1,0,0,0,0, 0.00342796, 0.00211699, 0.00535921, 0.0047257, 0.00526005,buy
2015-09-13,0,0,1,0,0,1,1,1,0,0,0,1,1,0,0,1,0,0,0,0,0,0,1,0,0,0,0,0,0,0,0,0, 0.00273582, 0.00463807, 0.00257631, 0.0049033, 0.00457536,buy
2015-09-14,0,0,1,0,1,1,1,0,0,0,0,0,1,0,0,1,0,0,1,0,0,0,1,0,0,0,0,0,0,0,0,0,-0.00426124,-0.00597950,-0.00621033,-0.0041856, 0.00141872,sell
2015-09-15,0,0,0,0,1,1,1,0,0,0,0,0,1,0,0,1,0,0,1,0,0,0,0,0,0,0,0,0,0,0,0,0,-0.00345974,-0.00805713,-0.00735057,-0.0042784,-0.00592219,sell
2015-09-16,0,0,0,0,1,1,1,0,0,0,0,0,1,0,0,1,0,0,1,0,0,0,0,0,0,0,0,0,0,0,0,0,-0.00345974,-0.00805713,-0.00735057,-0.0042784,-0.00592219,sell
2015-09-17,0,0,0,0,1,1,1,0,0,0,0,0,1,0,0,1,0,0,1,0,0,0,0,0,0,0,0,0,0,0,0,0,-0.00345974,-0.00805713,-0.00735057,-0.0042784,-0.00592219,sell
2015-09-18,0,0,0,0,1,1,1,0,0,0,0,0,1,0,0,1,0,0,1,0,0,0,0,0,0,0,0,0,0,0,0,0,-0.00345974,-0.00805713,-0.00735057,-0.0042784,-0.00592219,sell
2015-09-19,1,0,0,0,1,1,1,0,0,0,0,0,1,0,0,1,0,0,1,0,0,0,0,0,0,0,0,0,0,0,1,0,-0.00567399,-0.00794953,-0.00873499,-0.0064266,-0.00547428,sell
2015-09-20,1,0,0,0,1,1,0,0,0,0,0,0,1,0,0,0,0,0,1,0,0,0,0,0,0,0,0,0,0,0,1,0,-0.00823098,-0.00987728,-0.00821966,-0.0042757,-0.00914148,sell
2015-09-21,1,0,0,0,1,2,1,1,0,1,0,1,1,0,0,0,0,0,1,0,0,1,0,0,0,0,0,0,0,0,1,0,-0.00186626, 0.00141610,-0.00315368,-0.0027687,-0.00447292,sell
2015-09-22,1,0,0,0,1,2,1,1,0,1,0,1,1,0,0,0,0,0,1,0,0,1,0,0,0,0,0,0,0,0,1,0,-0.00186626, 0.00141610,-0.00315368,-0.0027687,-0.00447292,sell
2015-09-23,1,0,0,0,1,2,1,1,0,1,0,1,1,0,0,0,0,0,1,0,0,1,0,0,0,0,0,0,0,0,1,0,-0.00186626, 0.00141610,-0.00315368,-0.0027687,-0.00447292,sell
2015-09-24,1,1,0,0,1,2,1,1,0,1,0,1,1,0,0,0,0,0,1,0,0,1,0,0,0,0,0,0,0,0,1,1, 0.00068428,-0.00222119,-0.00313937,-0.0037664,-0.00448106,sell
2015-09-25,1,1,0,0,1,0,1,1,0,0,0,1,0,0,0,0,0,0,1,0,0,1,0,0,0,0,0,0,0,0,1,1, 0.00355864, 0.00616759, 0.00611700, 0.0008496, 0.00627742,buy
2015-09-26,1,1,0,0,1,0,0,1,1,0,0,1,0,0,0,0,0,0,0,0,0,0,0,0,0,0,0,0,0,0,1,1,-0.00096781, 0.00526009,-0.00034159,-0.0070532,-0.00237095,sell
2015-09-27,0,1,0,1,1,0,0,1,1,0,0,1,0,0,0,0,0,0,0,0,0,0,0,1,0,0,0,0,0,0,0,1,-0.00403912,-0.00197167,-0.00468097,-0.0036750,-0.00432559,sell
2015-09-28,0,1,1,1,1,1,0,0,1,0,1,0,0,0,0,1,0,0,0,0,0,0,0,1,0,0,0,0,0,0,0,1,-0.00341484,-0.00478261,-0.00176260,-0.0053364,-0.00465229,sell
2015-09-29,0,0,2,1,1,2,0,0,1,0,1,0,0,1,0,1,0,0,0,1,0,0,0,1,0,0,0,0,0,1,0,0, 0.00040789, 0.00194930, 0.00013506,-0.0008397,-0.00061972,buy
2015-09-30,0,0,2,2,0,2,0,0,0,0,1,0,0,1,0,1,1,0,0,1,0,0,0,1,0,0,0,0,0,1,0,0, 0.00275163, 0.00219354, 0.00227565, 0.0022202,-0.00132025,buy
2015-10-01,0,0,2,1,1,1,0,0,0,1,1,0,0,1,0,0,1,0,0,1,0,0,0,0,0,0,0,0,0,1,0,0, 0.00174931,-0.00231333, 0.00325568, 0.0047248,-0.00476466,buy
2015-10-02,0,0,1,1,2,1,0,0,0,1,0,0,0,0,0,0,1,1,0,1,0,0,0,0,0,0,0,0,0,1,0,0,-0.00388699,-0.00177352,-0.00189960, 0.0038445,-0.00525562,sell
2015-10-03,0,1,1,1,2,1,0,0,0,1,0,0,0,0,0,0,1,1,0,1,0,0,0,0,0,0,0,1,0,1,0,0,-0.00481581,-0.00327612,-0.00144803, 0.0043009,-0.00585769,sell
2015-10-04,0,1,0,1,2,1,1,1,0,1,0,0,1,0,0,0,1,1,0,0,1,0,0,0,0,0,0,1,0,1,0,0, 0.00191875, 0.00033590,-0.00214262,-0.0026797,-0.00057113,sell
2015-10-05,0,1,0,1,1,1,1,1,0,0,0,0,1,0,0,0,1,1,0,0,1,0,0,0,0,0,0,1,0,1,0,0, 0.00195538, 0.00249272,-0.00162210, 0.0034018, 0.00184697,buy
2015-10-06,0,1,0,1,1,1,1,1,0,0,0,0,1,0,0,0,1,1,0,0,1,0,0,0,0,0,0,1,0,1,0,0, 0.00195538, 0.00249272,-0.00162210, 0.0034018, 0.00184697,buy
2015-10-07,0,1,0,0,2,1,1,1,0,0,0,0,1,0,0,1,0,1,0,0,1,0,0,0,0,0,0,1,0,1,0,0,-0.00050247, 0.00175372,-0.00297539,-0.0017159,-0.00239401,sell
2015-10-08,0,1,0,0,1,2,1,2,0,0,0,0,1,0,0,1,0,0,0,0,1,1,0,0,0,0,0,1,1,1,0,0,-0.00424163,-0.00459800,-0.00523121,-0.0026596,-0.00024419,sell
2015-10-09,0,0,1,0,1,2,1,1,0,0,0,0,1,0,0,1,0,0,0,0,0,1,0,0,0,0,0,0,1,1,0,1,-0.00075534,-0.00380251, 0.00109889, 0.0027271, 0.00132785,buy
2015-10-10,0,1,1,2,1,2,1,1,0,0,0,0,1,0,0,1,1,0,0,0,0,1,1,0,0,0,0,0,1,1,1,1, 0.00033763,-0.00366201,-0.00028185,-0.0024404,-0.00097429,sell
2015-10-11,0,1,1,2,1,2,1,1,0,0,0,0,1,0,0,1,1,0,0,0,0,1,1,0,0,0,0,0,1,1,1,1, 0.00033763,-0.00366201,-0.00028185,-0.0024404,-0.00097429,sell
2015-10-12,0,1,1,2,1,2,1,1,0,0,0,0,1,0,0,1,1,0,0,0,0,1,1,0,0,0,0,0,1,1,1,1, 0.00033763,-0.00366201,-0.00028185,-0.0024404,-0.00097429,sell
2015-10-13,0,1,1,2,1,1,1,1,0,0,0,0,1,0,0,1,1,0,0,0,0,0,1,0,0,0,0,0,1,1,1,1,-0.00390149,-0.00406106,-0.00211913,-0.0034592,-0.00253341,sell
2015-10-14,0,2,0,3,1,1,1,0,0,0,0,0,1,0,0,1,1,0,0,1,0,0,1,0,0,0,1,0,0,1,1,0,-0.00271403,-0.00277073,-0.00081329,-0.0037261,-0.00538113,sell
2015-10-15,0,2,0,2,0,1,1,0,0,0,0,0,1,0,0,0,1,0,0,1,0,0,0,0,0,0,1,0,0,1,1,0,-0.00390340,-0.00285747, 0.00197917,-0.0041984,-0.00513069,sell
2015-10-16,0,1,0,1,1,1,1,0,0,0,0,0,1,0,0,1,0,0,0,1,0,0,0,0,0,0,1,0,0,1,0,0, 0.00405983, 0.00248714, 0.00322712, 0.0009770,-0.00018902,buy
2015-10-17,0,1,1,1,1,1,0,0,0,0,1,0,0,0,0,1,0,0,0,1,0,0,0,0,0,0,1,0,0,1,0,0, 0.00156994, 0.00155120, 0.00428141,-0.0004654, 0.00163894,buy
2015-10-18,0,1,1,1,1,1,0,0,0,0,1,0,0,0,0,1,0,0,0,1,0,0,0,0,0,0,1,0,0,1,0,0, 0.00156994, 0.00155120, 0.00428141,-0.0004654, 0.00163894,buy
2015-10-19,0,0,1,1,1,1,0,0,0,0,1,0,0,0,0,1,0,0,0,0,0,0,0,0,0,0,1,0,0,1,0,0, 0.00126273, 0.00034271, 0.00327650,-0.0017560, 0.00002835,buy
2015-10-20,0,0,1,0,1,1,0,0,0,0,1,0,0,0,0,1,0,0,0,0,0,0,0,0,0,0,0,0,0,1,0,0, 0.00180875,-0.00024685, 0.00399761, 0.0007308, 0.00034066,buy
2015-10-21,1,0,0,0,1,2,0,1,0,0,0,1,0,0,0,1,0,1,0,0,0,0,0,0,0,0,0,1,0,1,0,0, 0.00133216, 0.00058899,-0.00118546, 0.0001335, 0.00263854,buy
2015-10-22,1,0,1,0,2,2,0,1,1,0,0,1,0,0,0,1,0,1,0,0,0,0,0,1,0,0,0,1,0,1,0,0, 0.00239828, 0.00204323, 0.00179513,-0.0000639, 0.00193329,buy
2015-10-23,1,0,1,0,2,2,0,1,1,0,0,1,0,0,0,1,0,1,0,0,0,0,0,1,1,0,0,1,0,1,0,0,-0.00183667, 0.00039708, 0.00248695,-0.0016426,-0.00229014,sell
2015-10-24,1,0,1,1,2,3,0,1,1,0,0,1,1,0,1,1,0,1,0,0,0,0,0,1,1,0,0,1,0,1,0,0,-0.00123633,-0.00117663, 0.00615072, 0.0008361,-0.00114620,buy
2015-10-25,1,0,1,1,4,4,0,0,1,1,0,0,1,0,1,1,0,1,1,0,0,1,0,1,1,0,0,1,0,1,0,0,-0.00394917,-0.00496821,-0.00340749,-0.0051253,-0.00285646,sell
2015-10-26,0,0,1,1,2,4,0,0,0,1,0,0,1,0,1,0,0,1,1,0,0,1,0,0,1,0,0,0,0,1,1,0,-0.00344848,-0.00649509,-0.00223518,-0.0060463,-0.00529328,sell
2015-10-27,0,1,1,1,2,3,0,0,0,1,1,0,1,0,1,0,0,0,1,0,0,1,0,0,1,0,0,0,0,1,1,0,-0.00096725,-0.00234997,-0.00060908,-0.0026287,-0.00120523,sell
2015-10-28,1,1,1,0,2,2,0,0,0,1,1,0,0,0,0,0,0,0,1,1,0,1,0,0,1,0,0,0,0,1,1,0, 0.00102504, 0.00200648, 0.00282320, 0.0014298, 0.00007842,buy
2015-10-29,1,1,1,0,2,2,0,0,0,1,1,0,0,0,0,0,0,0,1,1,0,1,0,0,0,1,0,0,0,1,1,0, 0.00254378, 0.00443414, 0.00371513, 0.0032825, 0.00344399,buy
2015-10-30,1,0,0,0,0,2,0,0,0,0,0,0,0,0,0,0,0,0,1,1,0,0,0,0,0,1,0,0,0,1,0,0,-0.00662577,-0.00476252,-0.00440317,-0.0063800,-0.00387782,sell
2015-10-31,1,0,1,0,0,2,0,0,0,0,0,0,0,0,0,0,1,0,1,1,0,0,0,0,0,1,0,0,0,1,0,0,-0.00491092,-0.00585526,-0.00296500,-0.0070502,-0.00694994,sell
2015-11-01,1,0,1,0,0,2,0,0,0,0,0,0,0,0,0,0,1,0,1,1,0,0,0,0,0,1,0,0,0,1,0,0,-0.00491092,-0.00585526,-0.00296500,-0.0070502,-0.00694994,sell
2015-11-02,0,0,1,0,0,3,0,0,1,0,0,0,0,0,0,0,1,0,1,0,0,0,0,0,0,1,0,0,0,1,0,0, 0.00008531,-0.00060951,-0.00086197, 0.0019707,-0.00153979,sell
2015-11-03,0,0,0,0,1,3,0,0,1,0,0,0,1,0,0,0,0,0,1,0,0,0,0,0,0,1,0,0,0,1,0,0, 0.00251766, 0.00039103, 0.00039103,-0.0006906, 0.00070466,buy
2015-11-04,0,1,0,0,1,3,1,0,1,0,0,0,1,0,0,0,0,0,1,0,1,0,0,1,0,1,0,0,0,1,0,0, 0.00411171, 0.00518622, 0.00693310, 0.0068244, 0.00422830,buy
2015-11-05,1,1,0,1,1,1,1,0,0,0,1,0,1,0,0,0,0,0,0,0,1,0,0,1,0,1,0,0,0,1,0,1,-0.00195444, 0.00209527, 0.00189626, 0.0025343, 0.00035960,buy
2015-11-06,1,1,0,1,1,1,1,0,0,0,1,0,1,0,0,0,0,0,0,0,1,0,0,1,0,1,0,0,0,1,0,1,-0.00195444, 0.00209527, 0.00189626, 0.0025343, 0.00035960,buy
2015-11-07,1,1,0,1,0,1,1,0,0,0,1,0,0,0,0,0,0,0,0,0,1,0,0,1,0,1,0,0,0,1,0,1,-0.00017724,-0.00012705, 0.00194511, 0.0032459,-0.00025501,buy
2015-11-08,0,1,1,1,0,2,2,0,0,1,0,0,0,0,0,0,0,1,0,0,1,0,1,1,0,0,0,0,0,1,0,1, 0.00414139, 0.00440156, 0.00713449, 0.0050368, 0.00429115,buy
2015-11-09,0,1,1,1,0,2,2,0,0,1,0,1,0,0,0,0,1,1,0,0,0,0,1,0,0,0,0,0,0,1,0,1, 0.00091376,-0.00141099, 0.00024415,-0.0012536,-0.00072558,sell
2015-11-10,0,1,1,0,0,2,2,0,0,1,0,1,0,0,0,0,1,1,0,0,0,0,1,0,0,0,0,0,0,1,0,0,-0.00032132,-0.00178034,-0.00179447,-0.0030143,-0.00239608,sell
2015-11-11,0,1,2,0,0,2,3,0,0,1,0,1,0,0,1,0,1,1,0,0,0,0,1,0,0,0,0,0,1,1,0,0, 0.00327983, 0.00006497,-0.00049918, 0.0023324, 0.00065806,buy
2015-11-12,0,0,2,0,0,2,3,0,1,1,0,0,0,0,1,0,0,1,0,0,0,0,1,0,0,0,0,0,1,1,0,0, 0.00045499, 0.00101019,-0.00007876, 0.0011290, 0.00037501,buy
2015-11-13,0,0,2,0,0,2,3,0,1,0,0,0,0,0,1,1,0,1,0,0,0,0,0,0,0,0,1,0,1,1,0,0, 0.00231095, 0.00088144,-0.00196587, 0.0021974, 0.00403298,buy
2015-11-14,0,0,2,0,0,2,2,0,1,0,0,0,0,1,1,1,0,0,0,0,0,0,0,0,0,0,1,0,1,1,0,0, 0.00304602, 0.00497990, 0.00442329, 0.0041036, 0.00355659,buy
2015-11-15,0,0,1,0,0,2,2,0,1,0,0,0,0,1,0,1,0,0,0,0,0,0,0,0,0,0,1,0,1,1,0,0, 0.00425056, 0.00559079, 0.00402037, 0.0050376, 0.00338658,buy
2015-11-16,0,0,1,0,0,2,0,0,0,0,0,0,0,1,0,1,0,0,0,0,0,0,0,0,0,0,1,0,0,1,0,0, 0.00406789, 0.00547934, 0.00328332, 0.0045718, 0.00300667,buy
2015-11-17,0,0,0,0,0,2,0,0,0,0,0,0,0,1,0,1,0,0,0,0,0,0,0,0,0,0,0,0,0,1,0,0, 0.00308483, 0.00406034, 0.00230704, 0.0036972, 0.00150270,buy
2015-11-18,1,0,0,0,0,3,0,0,0,0,0,1,0,1,0,1,1,0,0,0,0,0,0,0,0,0,0,0,0,1,0,0,-0.00200626, 0.00162566,-0.00028984,-0.0007052,-0.00187466,sell
2015-11-19,2,0,0,0,0,4,0,1,0,0,0,1,0,1,0,1,1,0,0,0,1,0,0,1,0,0,0,1,0,1,0,0,-0.00370291,-0.00090384,-0.00264783,-0.0036098,-0.00409745,sell
2015-11-20,2,1,0,0,0,4,0,1,0,0,0,1,0,1,1,1,1,0,0,0,1,0,0,1,0,0,0,1,0,1,0,0,-0.00305159,-0.00117518,-0.00173183,-0.0033034,-0.00409745,sell
2015-11-21,2,1,0,0,0,4,0,1,0,0,0,1,0,1,1,1,1,0,0,0,1,0,0,1,0,0,0,1,0,1,0,0,-0.00305159,-0.00117518,-0.00173183,-0.0033034,-0.00409745,sell
2015-11-22,1,2,0,1,0,2,0,1,0,0,0,0,0,0,1,0,0,0,0,0,1,0,1,1,0,0,0,1,0,1,1,0, 0.00081345, 0.00064793, 0.00134158, 0.0030010, 0.00356383,buy
2015-11-23,1,2,0,1,0,2,1,0,0,1,0,0,1,0,1,0,0,0,0,0,1,0,1,1,0,0,0,0,0,1,1,0, 0.00006903,-0.00020492, 0.00217121, 0.0013386, 0.00032027,buy
2015-11-24,0,1,0,1,0,1,1,1,0,1,1,0,1,0,0,0,0,0,0,0,0,0,1,0,0,0,0,0,0,1,1,0, 0.00040048,-0.00191016, 0.00235483,-0.0012760,-0.00118694,sell
2015-11-25,0,1,0,1,1,1,1,1,0,1,1,0,1,0,0,0,0,0,0,0,0,0,1,0,1,0,0,0,0,1,1,0, 0.00076853, 0.00067420, 0.00448818,-0.0011261, 0.00100364,buy
2015-11-26,0,2,0,0,1,2,1,1,0,1,1,0,1,0,0,0,0,0,0,0,0,0,1,0,1,0,1,0,1,1,0,0, 0.00251975, 0.00198150, 0.00244061,-0.0024705,-0.00033823,buy
2015-11-27,0,1,0,0,1,2,1,1,0,1,0,0,0,0,0,0,0,0,0,1,0,1,0,0,1,0,1,0,1,1,0,0, 0.00545342,-0.00456462,-0.00457417, 0.0014748,-0.00333222,sell
2015-11-28,0,1,0,0,2,2,0,1,0,0,0,1,0,0,0,0,0,0,0,1,0,1,0,0,1,0,1,0,1,1,0,0,-0.00367920,-0.00290571,-0.00127296,-0.0011442,-0.00011077,sell
2015-11-29,0,1,0,0,1,2,0,1,0,0,0,1,0,0,0,0,0,0,0,1,0,1,0,0,0,0,1,0,1,1,0,0,-0.00835272,-0.00844853,-0.00123236,-0.0054302, 0.00077338,sell
2015-11-30,1,1,0,0,1,2,0,1,0,0,0,1,0,0,1,0,0,0,0,1,0,1,0,0,0,0,1,0,1,1,0,0,-0.01082498,-0.00834110,-0.00229602,-0.0071694, 0.00035220,sell
2015-12-01,1,0,0,0,1,1,1,1,0,0,0,1,0,0,1,0,0,0,1,1,0,1,0,0,0,0,0,0,0,1,0,0,-0.00790614,-0.00760571,-0.00567552,-0.0029462,-0.00054485,sell
2015-12-02,1,0,0,0,0,1,1,0,0,0,0,0,0,0,1,0,0,0,1,0,0,1,0,0,0,0,0,0,0,1,0,0, 0.00456954, 0.00468010, 0.00232664, 0.0032443, 0.00442399,buy
2015-12-03,0,0,1,0,0,1,1,1,1,0,0,0,0,0,0,0,0,0,1,0,0,0,0,0,0,0,0,0,0,1,0,1,-0.00105513,-0.00232056, 0.00050975,-0.0042330, 0.00458716,sell
2015-12-04,0,0,1,0,1,0,1,1,1,0,0,0,0,0,0,0,0,0,1,0,1,0,0,0,0,0,0,0,0,0,0,1,-0.00427108,-0.00447189, 0.00121838,-0.0048659, 0.00212032,sell
2015-12-05,0,0,1,0,1,0,1,1,1,0,0,0,0,0,0,0,0,0,1,0,1,0,0,0,0,0,0,0,0,0,0,1,-0.00427108,-0.00447189, 0.00121838,-0.0048659, 0.00212032,sell
2015-12-06,0,0,1,0,1,0,1,0,0,0,0,0,0,0,0,0,0,0,1,0,1,0,0,0,0,0,0,0,0,0,0,1,-0.00002164, 0.00008238, 0.00425115,-0.0007642, 0.00084221,buy
2015-12-07,1,0,1,0,1,0,1,0,0,0,0,0,0,0,0,0,0,0,1,0,1,0,1,0,0,0,0,0,0,0,0,1, 0.00123133,-0.00168045, 0.00013869, 0.0002851,-0.00039502,buy
2015-12-08,1,0,0,0,1,0,1,0,0,0,0,0,0,0,0,0,0,0,1,0,1,0,1,0,0,0,0,0,0,0,0,0,-0.00146057,-0.00162028, 0.00079141, 0.0015550, 0.00028271,sell
2015-12-09,2,0,0,0,0,1,1,1,0,0,0,0,0,0,0,0,1,0,1,0,0,0,1,0,1,0,1,0,0,0,0,0,-0.00179242,-0.00218988,-0.00234278,-0.0034308,-0.00005406,sell
2015-12-10,2,0,0,0,1,1,1,1,0,0,0,0,0,0,0,0,1,0,1,0,0,0,1,0,1,0,1,0,1,0,0,0,-0.00396150,-0.00311202,-0.00400336,-0.0076261,-0.00298643,sell
2015-12-11,2,0,0,0,1,1,1,1,0,0,0,0,0,0,0,0,1,0,1,0,0,0,1,0,1,0,1,0,1,0,0,0,-0.00396150,-0.00311202,-0.00400336,-0.0076261,-0.00298643,sell
2015-12-12,1,0,0,0,1,1,0,2,0,0,0,0,0,0,0,0,1,1,0,0,0,0,0,0,1,0,1,0,1,0,0,0,-0.00040669, 0.00185847, 0.00128417,-0.0052482, 0.00096171,buy
2015-12-13,0,0,0,0,1,0,1,1,0,0,1,0,0,0,0,0,0,1,0,0,0,0,0,0,0,0,0,0,1,0,0,0, 0.00526891, 0.00674488, 0.00566867,-0.0024345, 0.00266899,buy
2015-12-14,0,0,0,0,2,0,1,1,0,0,1,0,1,0,0,0,0,1,0,0,0,0,0,0,0,0,0,0,1,0,0,0, 0.00444096, 0.00412514, 0.00559528,-0.0009934, 0.00030009,buy
2015-12-15,0,0,0,0,1,0,2,1,0,0,1,0,1,0,0,0,0,1,0,0,0,0,0,0,0,0,0,1,0,0,0,0, 0.00461180, 0.00257597, 0.00433033,-0.0002802, 0.00187313,buy
2015-12-16,0,0,0,0,1,0,2,1,0,0,1,0,1,0,0,0,0,1,0,0,0,0,0,0,0,0,0,1,0,0,0,0, 0.00461180, 0.00257597, 0.00433033,-0.0002802, 0.00187313,buy
2015-12-17,0,0,1,0,1,0,1,0,0,0,0,0,1,0,0,0,0,0,0,0,0,0,0,0,0,0,0,1,0,0,1,0,-0.00098292,-0.00171091, 0.00117064, 0.0011580, 0.00379460,buy
2015-12-18,0,1,1,0,0,0,1,0,0,0,0,1,0,0,0,0,0,0,0,0,0,0,0,0,0,0,0,1,0,0,1,1, 0.00092219, 0.00275180, 0.00103486,-0.0006736,-0.00400208,buy
2015-12-19,0,1,1,0,0,0,1,1,0,0,0,1,0,0,1,0,0,0,0,0,0,0,0,0,0,0,0,1,0,0,1,1,-0.00200772,-0.00352741,-0.00236662,-0.0048211,-0.01045490,sell
2015-12-20,0,1,1,0,0,0,0,1,0,0,0,1,0,0,1,0,0,0,0,0,0,0,0,0,0,0,0,0,0,0,1,1,-0.00061042,-0.00125113,-0.00078465,-0.0027081,-0.00510388,sell
2015-12-21,0,1,0,0,0,0,0,1,0,0,0,1,0,0,1,0,0,0,0,0,0,0,0,0,0,0,0,0,0,0,0,1,-0.00213199,-0.00146488,-0.00415089,-0.0035991, 0.00022537,sell
2015-12-22,0,1,0,0,0,0,2,1,0,0,0,0,0,0,1,1,0,0,0,0,0,0,0,0,1,0,0,0,0,0,0,1, 0.00044861,-0.00397740,-0.00089683,-0.0044640,-0.00262673,sell
2015-12-23,0,0,0,0,1,1,2,0,0,0,1,0,0,0,0,1,0,0,0,0,0,0,0,0,1,1,0,0,0,0,0,0,-0.00315272,-0.00105526,-0.00027829,-0.0048651,-0.00458900,sell
2015-12-24,1,0,0,0,1,1,2,1,1,0,1,0,0,0,0,1,0,0,0,0,0,0,0,1,1,1,0,0,0,0,0,0,-0.00224668,-0.00290959,-0.00230444,-0.0053072,-0.00435382,sell
2015-12-25,1,0,0,0,1,1,2,1,1,0,1,0,0,0,0,1,0,0,0,0,0,0,0,1,1,1,0,0,0,0,0,0,-0.00224668,-0.00290959,-0.00230444,-0.0053072,-0.00435382,sell
2015-12-26,1,0,0,0,1,2,2,2,1,1,1,0,1,0,0,1,0,0,0,0,0,0,0,1,1,1,0,0,0,0,0,0,-0.00135912,-0.00157274,-0.00236062,-0.0023071,-0.00133934,sell
2015-12-27,1,0,0,0,1,2,2,2,1,1,1,0,1,0,0,1,0,0,0,1,0,0,0,1,0,1,0,0,0,0,0,0, 0.00046200,-0.00182757, 0.00055795,-0.0019159, 0.00016064,sell
2015-12-28,0,0,0,0,1,2,2,2,0,1,0,0,1,0,0,1,0,0,0,1,0,0,0,1,0,1,0,1,0,0,0,0, 0.00256020,-0.00204795, 0.00160757, 0.0027164, 0.00209058,buy
2015-12-29,0,1,0,0,1,2,2,2,0,1,0,0,1,0,0,1,0,0,0,1,0,0,0,1,0,1,0,1,0,0,1,0, 0.00250357,-0.00137663,-0.00006226, 0.0024213, 0.00173563,buy
2015-12-30,0,1,0,0,0,2,1,1,0,1,0,0,1,0,0,0,0,0,0,1,0,0,0,0,0,0,0,1,0,0,1,0,-0.00158836,-0.00202294,-0.00264234,-0.0009992,-0.00221519,sell
2015-12-31,0,1,0,0,1,1,1,1,0,1,0,0,0,0,0,0,0,0,0,1,0,1,0,0,0,0,0,1,0,0,1,0,-0.00402941,-0.00555731,-0.00310817,-0.0046669,-0.00481967,sell
2016-01-01,0,1,0,0,1,0,0,1,0,1,0,0,0,0,0,0,0,0,0,0,0,1,0,0,0,0,0,0,0,0,1,0,-0.00523331,-0.00790273,-0.00451038,-0.0105424,-0.00991978,sell
2016-01-02,0,1,0,0,1,0,0,1,0,1,0,0,0,0,0,0,0,0,0,0,0,1,0,0,0,0,0,0,0,0,1,0,-0.00523331,-0.00790273,-0.00451038,-0.0105424,-0.00991978,sell
2016-01-03,1,0,0,0,1,0,0,2,0,1,0,0,0,0,0,0,0,0,0,0,0,1,0,0,0,0,1,0,0,0,0,1,-0.00698698,-0.00709209,-0.00754668,-0.0047449,-0.00804147,sell
2016-01-04,1,0,0,0,1,0,0,2,0,1,0,0,0,0,0,0,0,0,0,0,1,1,0,0,0,0,1,0,0,0,0,1,-0.00673991,-0.00904118,-0.00728665,-0.0085354,-0.00984309,sell
2016-01-05,1,0,0,0,0,0,0,3,0,1,0,0,0,0,0,0,0,0,0,0,1,0,1,0,0,0,1,0,0,0,0,1,-0.00525966,-0.00866809,-0.00558703,-0.0078893,-0.00591966,sell
2016-01-06,1,0,0,0,0,0,0,3,0,1,0,0,0,0,0,0,0,0,0,0,1,0,1,0,0,0,1,0,0,0,0,1,-0.00525966,-0.00866809,-0.00558703,-0.0078893,-0.00591966,sell
2016-01-07,1,0,0,0,0,0,0,3,0,1,0,0,0,0,0,0,0,0,0,0,1,0,1,0,0,0,1,0,1,0,0,1,-0.00381240,-0.00895087,-0.00207139,-0.0064644,-0.00420632,sell
2016-01-08,0,0,0,0,0,0,0,2,0,1,0,0,0,0,0,0,0,0,0,0,1,0,1,0,0,0,0,0,1,0,0,0, 0.00040607,-0.00022207, 0.00297983,-0.0078762, 0.00554527,buy
2016-01-09,0,0,0,0,0,1,0,1,0,0,0,0,0,0,0,1,0,0,0,0,0,0,1,0,0,0,0,0,1,0,0,0, 0.00390594, 0.00746854, 0.00242154, 0.0039398,-0.00020113,buy
2016-01-10,0,0,0,0,1,2,0,0,0,0,0,0,1,0,0,1,0,0,0,0,0,0,0,0,0,0,0,1,1,0,0,0,-0.00726570,-0.00500570,-0.00521872,-0.0027076,-0.00163736,sell
2016-01-11,1,0,0,0,1,3,0,0,0,0,0,0,1,0,0,1,0,0,0,1,0,0,0,0,0,0,0,1,0,0,1,0, 0.00155482, 0.00153533, 0.00063747, 0.0014998, 0.00165974,buy
2016-01-12,2,0,0,0,1,2,0,0,0,0,0,0,1,0,0,0,0,1,0,1,0,0,0,0,0,0,0,1,0,0,1,0,-0.00443904,-0.00349670,-0.00181358,-0.0061350,-0.00355991,sell
2016-01-13,3,0,0,0,1,3,0,0,1,0,1,0,1,1,0,0,0,1,0,1,0,0,0,0,0,0,0,1,0,0,1,0, 0.00193507, 0.00075537,-0.00386432, 0.0039897,-0.00325111,sell
2016-01-14,3,0,0,0,0,2,0,0,1,0,1,0,0,1,0,0,0,1,0,1,0,0,0,0,0,0,0,0,0,0,1,0, 0.00089379,-0.00081320,-0.00331460,-0.0003752,-0.00112199,sell
2016-01-15,2,0,0,0,1,3,0,0,1,0,1,0,0,1,0,1,0,1,0,1,0,0,0,0,0,1,0,0,0,0,0,0, 0.00339563,-0.00301222,-0.00232438, 0.0033934,-0.00334205,sell
2016-01-16,1,0,0,0,1,3,0,1,1,0,1,0,0,0,0,1,0,0,0,0,0,1,0,0,1,1,0,0,0,0,0,0,-0.00367256,-0.00353157,-0.00348182,-0.0024719,-0.00221447,sell
2016-01-17,0,0,0,0,1,2,0,1,0,0,0,0,0,0,0,1,0,0,0,0,0,1,0,0,1,1,0,0,0,0,0,0, 0.00366376, 0.00228901, 0.00490240, 0.0015590, 0.00473976,buy
2016-01-18,0,0,0,0,0,2,0,2,0,0,0,0,0,0,1,0,0,0,0,0,0,1,0,0,1,1,0,0,0,0,0,0,-0.00174441, 0.00151375,-0.00197637, 0.0022435,-0.00432953,sell
2016-01-19,0,0,0,0,0,2,0,2,0,0,0,1,0,0,1,0,0,0,0,0,0,1,0,0,1,1,0,0,0,0,0,0,-0.00323826, 0.00062661,-0.00039622, 0.0017190, 0.00060316,buy
2016-01-20,0,0,0,0,0,2,0,1,0,0,0,1,0,0,1,0,0,0,0,0,0,1,0,0,0,1,0,0,0,0,0,0,-0.00335936,-0.00438255,-0.00511474, 0.0005238,-0.00330246,sell
2016-01-21,0,0,0,0,0,0,0,1,0,0,0,1,0,0,1,0,0,0,0,0,0,0,0,0,0,0,0,0,0,0,0,0,-0.00144050, 0.00047975,-0.00414160,-0.0022692,-0.00080829,sell
2016-01-22,0,0,0,0,0,0,0,1,0,0,0,1,0,0,1,0,0,0,0,0,0,0,0,0,0,0,0,0,0,0,0,0,-0.00144050, 0.00047975,-0.00414160,-0.0022692,-0.00080829,sell
2016-01-23,0,0,0,0,1,0,0,1,0,0,0,1,1,0,1,0,0,0,0,0,0,0,0,0,0,0,0,0,0,0,0,0,-0.00242307,-0.00203826,-0.00416223,-0.0026859,-0.00047866,sell
2016-01-24,0,0,0,0,1,0,0,2,0,0,0,1,1,0,1,0,1,0,0,0,0,0,0,0,0,0,0,0,0,0,0,0,-0.00260920, 0.00032559,-0.00310774, 0.0001299, 0.00031832,sell
2016-01-25,0,0,0,0,1,0,0,2,0,0,0,1,1,0,1,0,1,0,0,0,0,0,0,0,0,0,0,0,0,0,0,0,-0.00260920, 0.00032559,-0.00310774, 0.0001299, 0.00031832,sell
2016-01-26,0,1,0,0,2,0,0,1,0,0,0,1,1,0,0,0,1,1,0,1,0,0,0,0,0,0,0,0,0,0,0,0,-0.00038484,-0.00202134, 0.00091377, 0.0017604,-0.00161727,sell
2016-01-27,0,1,0,0,2,0,0,2,0,0,0,1,1,0,1,0,1,1,0,1,0,0,0,0,0,0,0,0,0,0,0,0,-0.00053953, 0.00175452, 0.00029567, 0.0017941, 0.00155848,buy
2016-01-28,0,1,0,0,2,0,0,2,0,0,0,1,1,0,1,0,1,1,0,1,0,0,0,0,0,0,0,0,0,0,0,0,-0.00053953, 0.00175452, 0.00029567, 0.0017941, 0.00155848,buy
2016-01-29,0,1,0,0,3,0,2,2,0,1,0,1,1,0,1,0,1,1,0,1,0,0,0,0,0,0,1,0,0,1,0,0, 0.00072608, 0.00173360, 0.00056577, 0.0030568, 0.00118047,buy
2016-01-30,0,0,0,0,3,0,2,2,0,1,0,1,1,0,1,0,1,0,0,1,0,0,0,0,0,0,1,0,0,1,0,0,-0.00495967,-0.00141480,-0.00165929,-0.0016045,-0.00435934,sell
2016-01-31,0,0,0,0,1,0,2,2,0,1,0,1,0,0,1,0,1,0,0,0,0,0,0,0,0,0,1,0,0,1,0,0,-0.00475182,-0.00279996,-0.00421268,-0.0034118,-0.00475157,sell
2016-02-01,0,0,0,0,1,0,2,2,0,0,0,1,0,0,1,0,1,0,0,0,0,1,0,0,0,0,1,0,0,1,0,0,-0.00583423,-0.00381827,-0.00430086,-0.0019811,-0.00500648,sell
2016-02-02,0,0,0,0,2,0,1,2,0,0,0,1,0,0,1,0,1,0,0,0,0,1,0,0,0,0,0,0,1,1,0,0,-0.01016806,-0.00644635,-0.00525685,-0.0100639,-0.00271643,sell
2016-02-03,0,0,0,0,3,0,1,3,0,0,0,0,0,0,1,0,1,0,1,0,1,1,0,0,0,0,0,0,1,1,0,0,-0.00874235,-0.00923548,-0.00811169,-0.0095445,-0.00282534,sell
2016-02-04,1,0,0,0,3,0,4,1,1,0,0,0,0,0,0,0,0,0,1,0,1,1,1,1,0,1,0,1,1,1,0,0,-0.00502086,-0.00308296,-0.00274325,-0.0087133, 0.00008758,sell
2016-02-05,1,0,0,0,3,0,4,3,1,0,0,0,0,0,0,0,0,0,1,0,1,1,1,1,0,1,0,1,1,1,1,1,-0.00372208,-0.00100693,-0.00017087,-0.0090051,-0.00553453,sell
2016-02-06,1,0,0,0,3,1,3,3,1,0,1,0,0,0,0,0,0,0,1,0,1,0,1,1,0,1,0,1,1,1,1,1,-0.00181177,-0.00065196,-0.00015175,-0.0098441,-0.00452549,sell
2016-02-07,1,0,0,0,2,1,3,3,1,0,1,0,0,0,0,0,0,0,1,0,1,0,1,1,0,1,0,1,0,1,1,1,-0.00366117,-0.00034269,-0.00000037,-0.0089942,-0.00631705,sell
2016-02-08,2,0,0,0,1,1,3,3,1,0,1,0,0,0,0,0,0,0,1,0,0,0,1,1,1,1,0,0,0,1,1,1,-0.00265490,-0.00446700,-0.00080939,-0.0115988,-0.00925115,sell
2016-02-09,1,0,1,0,1,1,2,2,0,0,1,0,0,0,0,0,0,1,1,0,0,0,0,1,1,1,0,0,0,1,0,1,-0.00221520,-0.00497328,-0.00227145,-0.0099018,-0.00807942,sell
2016-02-10,1,0,1,0,1,2,2,2,0,0,1,0,0,0,0,0,0,1,1,0,0,0,0,1,1,1,1,0,0,1,0,1,-0.00481578,-0.00365439,-0.00233005,-0.0077104,-0.00476406,sell
2016-02-11,1,0,1,0,1,1,0,1,0,0,0,0,0,0,0,0,0,1,1,0,0,0,0,0,1,0,1,0,0,1,0,0, 0.00362781, 0.00514859, 0.00359366, 0.0048885, 0.00406005,buy
2016-02-12,0,0,1,0,1,2,0,0,0,0,0,0,1,0,0,0,0,1,0,0,0,0,0,0,0,0,1,0,0,1,0,0, 0.00462156, 0.00342566, 0.00352493,-0.0018263,-0.00305605,buy
2016-02-13,0,0,0,0,1,2,0,0,0,0,0,0,1,0,0,0,0,0,0,0,0,0,0,0,0,0,1,0,0,1,0,0,-0.00186935, 0.00233459, 0.00225795,-0.0044951,-0.00418677,sell
2016-02-14,0,0,0,0,1,1,0,0,0,0,0,0,1,0,0,0,0,0,0,0,0,0,0,0,0,0,0,0,0,1,0,0, 0.00013295, 0.00351875, 0.00248489,-0.0017218,-0.00095495,buy
2016-02-15,0,0,0,0,1,2,0,0,0,0,0,0,1,0,0,0,0,0,0,0,0,0,0,0,0,0,0,0,1,1,0,0,-0.00388167, 0.00460497, 0.00566292, 0.0046708, 0.00497779,buy
2016-02-16,0,1,0,0,1,1,0,0,1,0,0,0,0,0,0,0,0,0,0,0,0,0,0,0,0,0,0,0,1,1,0,0,-0.00458328,-0.00181984,-0.00690836,-0.0051905,-0.00714859,sell
2016-02-17,0,1,0,0,0,1,0,0,1,0,0,0,0,0,0,0,0,0,0,0,0,0,0,0,0,0,0,0,1,0,0,0,-0.00339164,-0.00335139,-0.00754125,-0.0052923,-0.00737939,sell
2016-02-18,0,1,0,0,0,2,0,0,1,0,0,0,0,0,0,0,0,0,0,0,1,0,0,0,0,0,0,0,1,0,0,0,-0.00671942,-0.00432467,-0.00718722,-0.0055154,-0.00677642,sell
2016-02-19,0,1,0,0,1,2,0,0,1,0,1,0,0,0,0,0,0,0,0,0,1,0,0,0,0,0,0,0,1,0,0,0,-0.00301463,-0.00240203,-0.00517064,-0.0029030,-0.00379756,sell
2016-02-20,0,1,0,0,1,2,0,0,0,0,1,0,0,0,0,0,0,0,0,0,1,0,1,0,1,0,0,0,0,0,0,0,-0.00055321, 0.00250025, 0.00127603, 0.0019797, 0.00071350,buy
2016-02-21,0,1,0,0,1,2,0,0,0,0,1,0,0,0,0,0,0,0,0,0,1,0,1,0,1,0,0,0,0,0,0,0,-0.00055321, 0.00250025, 0.00127603, 0.0019797, 0.00071350,buy
2016-02-22,0,1,0,0,1,2,0,0,0,0,1,0,0,0,0,0,0,0,0,0,1,0,1,0,1,0,0,0,0,0,0,0,-0.00055321, 0.00250025, 0.00127603, 0.0019797, 0.00071350,buy
2016-02-23,0,0,0,0,1,1,1,0,0,0,0,0,1,0,0,0,0,0,0,0,0,0,1,0,0,0,1,0,0,0,0,0, 0.00305948,-0.00565603,-0.00513244,-0.0047594,-0.00778907,sell
2016-02-24,0,0,0,0,2,1,1,0,0,0,0,1,1,0,0,0,0,0,0,0,0,0,1,0,0,0,1,0,0,0,0,0, 0.00256641,-0.00261152,-0.00273575,-0.0026241,-0.00700161,sell
2016-02-25,0,0,0,0,2,0,2,0,0,0,0,1,1,0,1,0,0,0,0,0,0,0,0,0,0,0,1,0,0,0,0,0, 0.00320188, 0.00124698, 0.00310519, 0.0011554,-0.00718084,buy
2016-02-26,0,0,1,0,2,0,2,0,1,0,0,1,1,0,1,0,0,0,0,1,0,0,0,0,0,0,1,0,0,0,0,0, 0.00484856,-0.00228356, 0.00300201, 0.0011416,-0.00604443,buy
2016-02-27,0,0,1,0,1,0,1,0,1,0,0,1,0,0,1,0,0,0,0,1,0,0,0,0,0,0,0,0,0,0,0,0, 0.00725077,-0.00094802, 0.00132999, 0.0015395, 0.00124747,buy
2016-02-28,0,0,1,0,0,1,2,0,1,0,0,0,0,0,1,0,0,0,0,1,0,0,0,1,0,0,0,0,1,0,0,0,-0.00118146,-0.00306796,-0.00118146,-0.0038593,-0.00478242,sell
2016-02-29,0,0,1,0,1,1,1,0,1,0,0,0,0,0,0,0,0,0,0,1,0,0,0,1,0,0,0,1,1,0,0,0,-0.00006354, 0.00184845,-0.00054523,-0.0041261,-0.00016222,sell
2016-03-01,0,0,0,0,1,1,2,0,0,0,0,0,0,0,0,0,0,0,0,1,0,0,0,1,0,0,0,1,1,0,1,0, 0.00041492, 0.00178155, 0.00370742,-0.0053727, 0.00503303,buy
2016-03-02,0,0,1,0,1,1,3,0,0,0,0,0,0,0,0,0,1,0,0,0,0,0,0,1,1,0,0,1,1,0,1,0, 0.00486305, 0.00463431, 0.00223646, 0.0035700, 0.00298229,buy
2016-03-03,0,0,1,0,1,1,2,1,0,1,0,0,0,0,0,0,1,0,0,0,0,0,0,1,1,0,0,1,0,0,1,0,-0.00002634, 0.00284474,-0.00020685, 0.0039625, 0.00052633,buy
2016-03-04,0,0,1,0,0,1,2,2,0,1,0,0,0,0,0,0,1,0,0,0,0,1,0,1,1,0,0,0,0,0,1,0,-0.00398146,-0.00351022,-0.00356403, 0.0015600,-0.00487499,sell
2016-03-05,0,0,0,0,0,2,2,2,0,1,0,1,0,0,0,0,1,0,0,0,1,1,0,1,0,0,0,0,0,0,0,0,-0.00721756,-0.00687872,-0.00677475,-0.0055419,-0.00676862,sell
2016-03-06,0,0,0,1,1,3,2,2,0,1,0,1,0,0,1,0,1,1,0,0,1,1,1,1,0,0,0,0,0,0,0,0,-0.00511424,-0.00511552,-0.00307065,-0.0023024,-0.00158700,sell
2016-03-07,0,0,0,1,1,2,1,1,0,0,0,1,0,0,1,0,0,1,0,0,1,1,1,0,0,0,0,0,0,0,0,0,-0.00269629,-0.00258331,-0.00137252,-0.0046012,-0.00106213,sell
2016-03-08,0,0,0,1,1,1,1,1,0,0,0,0,0,0,1,0,0,1,0,0,1,1,1,0,0,0,0,0,0,0,0,0,-0.00449822,-0.00470798,-0.00318795,-0.0039940,-0.00240590,sell
2016-03-09,0,0,0,1,1,0,1,0,0,0,0,0,0,0,0,0,0,1,0,0,1,0,1,0,0,0,0,0,0,0,0,0,-0.00381196,-0.00446179, 0.00007078,-0.0039521, 0.00195852,sell
2016-03-10,0,0,0,1,1,0,0,0,0,0,1,0,0,0,0,0,0,1,0,0,0,0,1,0,0,0,0,0,0,0,0,0, 0.00457243, 0.00490130,-0.00232113, 0.0029700, 0.00233548,buy
2016-03-11,0,0,0,0,0,0,0,0,0,0,1,0,0,0,0,0,0,0,0,0,0,0,0,0,0,0,0,0,0,0,0,0, 0.00362589, 0.00483879, 0.00412994,-0.0020774,-0.00082174,buy
2016-03-12,0,0,0,0,0,1,1,1,0,0,1,0,0,0,0,0,0,0,0,0,0,0,0,0,0,1,0,1,0,0,0,1, 0.00040247,-0.00222797, 0.00567161, 0.0031366, 0.00052360,buy
2016-03-13,0,0,0,0,0,1,1,2,0,0,0,0,1,0,0,0,0,0,0,0,0,0,0,0,0,1,0,1,0,0,0,1,-0.00161976, 0.00268237,-0.00183159, 0.0038843, 0.00208641,buy
2016-03-14,0,0,0,1,0,3,2,2,1,0,0,1,1,0,0,0,1,0,0,0,0,0,0,0,0,1,0,1,0,0,1,1,-0.00922940,-0.00470660, 0.00120852,-0.0039992,-0.00735378,sell
2016-03-15,0,0,0,1,1,3,2,2,1,0,0,1,1,0,1,0,1,0,0,0,0,0,0,0,0,1,0,1,0,0,1,1,-0.00878662,-0.00698243,-0.00182243,-0.0025563,-0.00814938,sell
2016-03-16,0,0,0,1,1,2,2,1,1,0,0,1,0,0,1,0,1,0,0,0,0,0,0,0,0,1,0,0,0,0,1,1,-0.00827716,-0.00318381,-0.00284626,-0.0027920,-0.01036659,sell
2016-03-17,0,0,0,0,1,2,1,1,0,0,0,0,0,0,1,0,1,0,0,0,0,0,0,0,0,1,0,0,0,0,1,1,-0.01123153,-0.00662846,-0.00427708,-0.0074763,-0.00894261,sell
2016-03-19,0,0,0,0,0,0,0,0,0,0,0,0,0,0,0,0,0,0,0,0,0,0,0,0,0,0,1,0,0,0,0,0, 0.00170552, 0.00391457,-0.00254301,-0.0040674, 0.00075372,buy
2016-03-20,0,0,0,0,0,0,0,0,0,0,0,0,0,0,0,0,0,0,0,0,0,0,0,0,0,0,1,0,0,0,0,0, 0.00170552, 0.00391457,-0.00254301,-0.0040674, 0.00075372,buy
2016-03-21,0,0,0,0,0,0,0,0,0,0,0,0,0,1,0,0,0,0,0,0,0,0,0,0,0,0,1,0,0,0,0,0, 0.00147214, 0.00423115, 0.00142512, 0.0014721, 0.00389956,buy
2016-03-22,0,0,0,0,0,0,0,0,0,0,0,0,0,1,0,0,0,0,0,0,0,0,0,0,0,0,1,0,0,0,0,0, 0.00147214, 0.00423115, 0.00142512, 0.0014721, 0.00389956,buy
2016-03-23,2,0,0,0,0,0,0,0,0,1,0,0,0,1,0,0,0,0,1,0,0,0,0,0,0,0,0,0,0,0,0,0,-0.00257352, 0.00476987, 0.00498260, 0.0014875, 0.00126773,buy
2016-03-24,2,0,0,1,1,0,1,1,0,1,0,0,0,1,0,0,1,0,1,0,0,0,0,0,1,0,0,1,1,0,0,0, 0.00191614, 0.00305151, 0.00453379, 0.0026866, 0.00484323,buy
2016-03-25,2,0,0,1,2,0,1,1,0,1,0,0,0,1,0,0,1,0,1,0,0,0,0,1,1,0,0,1,1,0,0,0, 0.00049593, 0.00324697, 0.00457465, 0.0004358, 0.00278698,buy
2016-03-26,2,0,0,1,4,0,1,1,0,1,1,0,0,0,0,0,1,0,1,0,0,0,0,1,1,0,0,1,1,0,1,0,-0.00392061,-0.00036830, 0.00067738,-0.0031985,-0.00333115,sell
2016-03-27,1,0,0,0,3,0,1,1,0,0,1,0,0,0,0,0,0,0,1,0,0,0,0,1,0,0,0,1,1,0,1,0,-0.00511205,-0.00385117,-0.00092642,-0.0042910,-0.00404161,sell
2016-03-28,1,0,1,0,4,0,1,0,1,0,1,0,0,0,0,0,0,0,1,1,0,0,0,1,0,0,0,1,0,0,1,0,-0.00435166,-0.00504622,-0.00270356,-0.0044589,-0.00354225,sell
2016-03-29,2,0,1,0,3,0,0,1,1,0,0,1,1,0,0,0,0,0,1,1,0,0,0,1,0,0,0,0,0,0,1,0, 0.00132006, 0.00475101,-0.00248960, 0.0027594, 0.00211777,buy
2016-03-30,1,0,1,0,3,1,0,1,1,0,0,1,1,0,1,0,0,0,0,1,0,0,0,1,0,0,0,0,0,0,1,1,-0.00143896, 0.00176316,-0.00268630,-0.0008578,-0.00039621,sell
2016-03-31,1,0,0,0,2,1,0,1,0,0,0,1,1,0,1,0,0,0,0,1,0,0,0,1,0,0,0,0,0,0,0,1,-0.00334924,-0.00017889,-0.00059508, 0.0001090, 0.00022256,sell
2016-04-01,0,1,0,0,2,1,0,0,0,1,0,0,0,0,1,0,0,0,0,1,0,0,0,1,0,0,0,0,0,0,0,1,-0.00464925,-0.00267401,-0.00206472,-0.0041108,-0.00366385,sell
2016-04-02,0,1,1,0,1,2,0,0,0,1,1,0,0,0,0,0,0,1,0,1,0,0,0,0,0,0,0,0,0,0,0,1,-0.00660031,-0.00407859,-0.00640304,-0.0038630,-0.00233647,sell
2016-04-03,1,1,1,0,1,2,0,0,0,1,1,0,0,0,0,1,0,1,0,0,0,1,0,0,0,0,0,0,0,0,0,1,-0.00647071,-0.00506966,-0.00622847,-0.0056070,-0.00729556,sell
2016-04-04,1,1,1,0,1,2,0,1,1,0,1,0,0,0,0,1,0,1,0,0,1,1,0,0,0,0,0,0,0,0,0,1,-0.00680922,-0.00720758,-0.00600246,-0.0045177,-0.00424645,sell
2016-04-05,1,2,1,0,1,0,0,1,1,0,0,0,1,0,0,1,0,1,0,0,1,1,0,0,0,0,0,0,0,0,0,0,-0.00904254,-0.00752545,-0.01049358,-0.0076640,-0.00549721,sell
2016-04-06,1,2,1,0,1,0,0,1,1,0,0,0,1,0,0,1,0,1,0,0,1,1,0,0,0,0,0,0,0,0,0,0,-0.00904254,-0.00752545,-0.01049358,-0.0076640,-0.00549721,sell
2016-04-07,1,1,0,0,1,0,0,1,0,0,0,0,1,0,0,1,0,0,0,0,1,1,1,0,0,0,0,0,0,0,0,0,-0.00468399, 0.00457869,-0.00881385,-0.0066370, 0.00019204,sell
2016-04-08,0,0,0,0,1,0,0,1,0,0,0,0,0,0,0,1,0,0,0,0,1,0,1,0,0,0,0,0,0,0,0,0, 0.00774498, 0.00639189, 0.00496915, 0.0042129, 0.00447934,buy
2016-04-09,0,0,1,0,1,0,0,0,0,1,0,0,0,0,0,1,0,0,0,0,0,0,1,0,0,0,0,0,0,0,0,0,-0.00054297,-0.00125932, 0.00016827, 0.0002485,-0.00749625,sell
2016-04-10,0,0,1,0,1,0,0,0,0,1,0,0,0,0,0,1,0,0,0,0,0,0,1,0,0,0,0,0,0,0,0,0,-0.00054297,-0.00125932, 0.00016827, 0.0002485,-0.00749625,sell
2016-04-11,1,1,1,0,0,0,1,0,0,1,1,0,0,0,0,0,0,0,1,0,0,0,1,0,0,1,0,0,0,0,0,0,-0.00180483,-0.00619187, 0.00029512,-0.0056365,-0.00039797,sell
2016-04-12,1,1,1,0,0,0,1,0,0,1,1,0,0,0,0,0,0,0,1,0,0,0,1,0,0,1,0,0,0,0,0,0,-0.00180483,-0.00619187, 0.00029512,-0.0056365,-0.00039797,sell
2016-04-13,2,1,0,0,1,1,1,0,1,0,1,0,0,0,0,0,0,0,1,1,0,0,0,0,0,1,1,0,0,0,0,0, 0.00212038,-0.00662807, 0.00155346, 0.0023522, 0.00225626,buy
2016-04-14,2,1,1,0,1,1,0,0,1,0,0,0,1,0,0,0,1,0,1,1,0,0,0,0,0,1,1,0,0,0,0,0,-0.00099592,-0.00418771, 0.00052519, 0.0005512,-0.00331023,sell
2016-04-15,2,1,2,0,1,1,0,0,1,0,0,1,1,0,0,0,1,0,1,1,0,0,0,0,1,0,1,0,0,0,0,0,-0.00219332,-0.00271499,-0.00252335,-0.0018254,-0.00474749,sell
2016-04-16,2,1,2,0,1,1,0,0,1,0,0,1,1,0,0,0,1,1,0,1,0,0,0,0,1,0,1,0,0,0,0,0, 0.00316553, 0.00179407, 0.00692327, 0.0075903, 0.00008178,buy
2016-04-17,2,1,2,0,0,1,0,0,0,0,0,1,1,0,0,0,1,1,0,1,0,0,0,0,1,0,0,0,1,0,0,0, 0.00263140, 0.00168670, 0.00311045, 0.0001908,-0.00173000,buy
2016-04-18,2,2,1,0,2,0,0,1,0,0,0,1,0,0,1,0,1,1,0,0,0,1,0,0,1,0,0,1,1,0,0,1,-0.00506121,-0.00397415,-0.00360562, 0.0007750, 0.00172812,sell
2016-04-19,2,2,0,0,2,0,0,1,0,0,0,1,0,0,1,0,1,1,0,0,0,1,0,0,0,0,0,1,1,0,0,1,-0.00336201,-0.00442316,-0.00404465, 0.0002918, 0.00095139,sell
2016-04-20,1,2,0,0,3,0,0,1,0,0,0,0,0,0,1,1,1,1,0,0,0,1,0,0,0,0,0,1,1,0,0,1,-0.00221870,-0.00107620,-0.00184507,-0.0001255,-0.00187104,sell
2016-04-21,0,1,0,0,3,0,0,1,0,0,0,0,0,0,1,1,0,0,0,0,0,1,0,0,0,0,0,1,0,0,1,1,-0.00440415,-0.00589089,-0.00598229,-0.0030750,-0.00133002,sell
2016-04-22,0,1,0,0,3,0,0,0,0,0,0,0,0,0,1,1,0,0,0,0,0,1,0,0,0,0,0,0,0,0,1,1,-0.00423852,-0.00274580, 0.00245573, 0.0046295,-0.00058065,sell
2016-04-23,0,1,0,0,3,0,0,0,0,0,0,0,0,0,1,1,0,0,0,0,0,0,0,0,0,1,0,0,0,0,1,1,-0.00512059,-0.00314259,-0.00262338,-0.0013672,-0.00268663,sell
2016-04-24,0,1,0,0,2,0,0,0,0,0,0,0,0,0,1,1,0,0,0,0,0,0,0,0,0,1,0,0,0,0,1,0,-0.00681654,-0.00414315,-0.00251554,-0.0023086,-0.00545661,sell
2016-04-25,0,1,0,0,2,1,0,0,0,0,0,0,0,0,1,1,0,0,0,0,0,0,0,0,0,1,1,0,0,0,0,0,-0.00283504, 0.00054485,-0.00422787,-0.0032327,-0.00188697,sell
2016-04-26,0,1,1,0,2,1,0,0,0,0,0,0,0,0,1,1,0,0,1,0,0,0,0,0,0,1,1,0,0,0,0,0,-0.00204525,-0.00124331,-0.00244071,-0.0031088,-0.00313085,sell
2016-04-27,0,1,1,0,0,1,0,0,0,0,0,0,0,0,0,0,1,0,1,0,0,0,0,0,1,0,1,0,0,0,0,0, 0.00170103,-0.00041532,-0.00025442, 0.0056056,-0.00262480,sell
2016-04-28,0,2,1,0,0,1,0,0,0,0,0,0,0,0,0,0,1,0,1,0,0,0,0,0,1,0,1,0,1,0,0,0,-0.00208476,-0.00145787, 0.00174889,-0.0016750,-0.00200849,sell
2016-04-29,0,2,1,0,1,0,1,0,0,0,0,0,0,0,1,0,1,0,1,1,0,0,0,0,1,0,0,0,1,0,0,0,-0.00651024,-0.00723436,-0.00188722,-0.0047086,-0.00282307,sell
2016-04-30,0,2,0,0,1,0,1,0,0,0,0,0,0,0,1,0,1,0,0,1,0,0,0,0,1,0,0,0,1,0,0,0,-0.00242999,-0.00360339, 0.00350020,-0.0027076,-0.00273364,sell
2016-05-01,1,1,0,0,1,0,1,0,0,0,0,0,0,0,1,0,1,1,0,1,0,0,0,0,0,0,0,0,1,0,0,0,-0.00306730, 0.00061732,-0.00044770,-0.0030872, 0.00247866,sell
2016-05-02,1,0,0,0,1,0,1,0,0,0,0,0,0,0,1,0,1,1,0,1,0,0,0,0,0,0,0,0,0,0,0,0,-0.00140048, 0.00151935,-0.00140327,-0.0024474, 0.00670672,buy
2016-05-03,1,0,1,0,1,0,1,0,0,0,0,0,0,0,1,0,1,1,0,1,0,1,0,0,0,0,0,0,0,0,0,0, 0.00452770,-0.00172070,-0.00127161,-0.0000226, 0.00298734,buy
2016-05-04,1,0,2,0,1,0,0,0,0,0,0,0,0,0,1,0,1,1,0,0,0,1,0,0,0,1,0,0,0,0,0,0, 0.00509580,-0.00184847, 0.00308696, 0.0041196, 0.00432653,buy
2016-05-05,2,0,2,0,1,0,0,0,0,0,0,0,0,0,1,0,0,1,0,0,1,1,0,0,0,1,0,0,0,0,0,0, 0.00164509, 0.00495548, 0.00440467, 0.0047342, 0.00361001,buy
2016-05-06,1,0,2,0,1,0,0,0,0,0,0,0,0,0,1,0,0,0,0,0,1,1,0,0,0,1,0,0,0,0,0,0,-0.00146936,-0.00755817, 0.00237396, 0.0034586,-0.00108834,sell
2016-05-07,1,0,1,0,1,0,1,0,0,0,0,0,0,0,1,0,0,0,0,0,1,1,0,0,0,0,1,0,0,0,0,0, 0.00498195, 0.00150152, 0.00630949, 0.0014770,-0.00126722,buy
2016-05-08,1,0,0,0,1,0,1,0,0,0,0,0,0,1,1,0,0,0,0,0,1,0,0,0,0,0,1,0,0,0,0,0, 0.00072550, 0.00368296, 0.00111337, 0.0010752, 0.00291512,buy
2016-05-09,3,0,0,0,0,0,1,0,0,0,0,1,0,1,0,0,0,0,0,0,1,0,0,0,1,0,1,0,0,0,0,0, 0.00984796, 0.00449972, 0.00938731, 0.0090540, 0.00563973,buy
2016-05-10,2,0,1,0,1,0,1,0,0,0,0,1,0,1,0,0,0,0,0,0,0,0,1,0,1,0,1,0,1,0,0,0, 0.00559636,-0.00011168, 0.00558877, 0.0029078, 0.00150091,buy
2016-05-11,2,0,1,0,1,0,1,0,0,0,0,1,0,0,0,0,0,0,0,0,0,0,1,0,1,0,1,0,1,0,0,0, 0.00012223, 0.00041365, 0.00012958,-0.0011258,-0.00358160,sell
2016-05-12,3,0,1,0,1,0,0,0,0,0,0,1,0,0,0,1,0,0,0,0,0,0,1,0,1,0,0,1,1,0,0,0,-0.00426330, 0.00105107, 0.00122952, 0.0020348,-0.00010666,buy
2016-05-13,2,0,1,0,1,0,0,0,0,0,0,1,0,0,0,1,0,0,0,0,0,0,1,0,0,0,0,1,1,0,0,0,-0.00598154,-0.00372482,-0.00360934,-0.0035690,-0.00300930,sell
2016-05-14,2,0,1,0,1,0,0,0,0,0,0,1,1,0,0,1,0,0,0,0,0,0,1,0,0,0,0,1,0,0,0,0,-0.00178234,-0.00307857,-0.00009310, 0.0000078,-0.00246847,sell
2016-05-15,2,0,1,0,0,0,0,0,0,0,0,1,1,0,0,0,0,0,0,0,0,0,0,0,0,0,0,1,0,0,0,0, 0.00014715,-0.00599292,-0.00029426, 0.0000517,-0.00143962,sell
2016-05-16,1,0,1,0,1,0,0,0,0,0,0,1,1,0,0,0,0,0,0,0,0,0,0,0,0,0,0,0,0,0,1,0, 0.00194010, 0.00038932,-0.00072708, 0.0015016, 0.00109434,buy
2016-05-17,2,0,1,0,1,0,0,0,1,0,0,1,1,0,0,0,0,0,0,0,0,0,0,0,0,0,0,0,0,0,1,0, 0.00002408,-0.00069746,-0.00460592, 0.0025000, 0.00240436,buy
2016-05-18,1,0,1,0,1,0,0,0,1,0,0,0,1,0,0,0,0,0,0,0,0,0,0,0,0,0,0,0,0,0,1,0,-0.00182402,-0.00387599,-0.00285392, 0.0018263, 0.00064722,sell
2016-05-19,1,0,1,0,1,0,0,0,1,0,0,0,1,0,0,0,0,0,0,0,0,0,0,0,0,0,0,0,0,0,1,0,-0.00182402,-0.00387599,-0.00285392, 0.0018263, 0.00064722,sell
2016-05-20,1,1,1,1,1,0,0,0,1,0,0,0,1,0,0,0,0,0,1,0,1,0,0,1,0,0,0,0,0,0,1,0, 0.00150844,-0.00340162, 0.00126361, 0.0065990,-0.00173999,buy
2016-05-21,1,1,1,1,0,0,0,0,1,0,0,0,1,0,0,0,0,0,1,0,1,0,0,1,0,0,0,0,0,0,0,0, 0.00233002,-0.00097685, 0.00012367, 0.0058318,-0.00430976,sell
2016-05-22,1,1,1,1,0,0,0,0,1,0,0,0,1,0,0,0,0,0,1,0,1,0,0,1,0,0,0,0,0,0,0,0, 0.00233002,-0.00097685, 0.00012367, 0.0058318,-0.00430976,sell
2016-05-23,1,1,1,2,0,0,0,0,1,0,0,0,1,0,0,0,0,0,1,0,1,0,0,1,0,1,0,0,0,0,0,0,-0.00163490,-0.00296107,-0.00325674, 0.0000242,-0.00545931,sell
2016-05-24,1,2,1,1,0,0,0,0,1,0,0,0,1,0,0,0,0,0,0,0,1,0,0,1,0,1,0,1,0,0,0,0, 0.00016837, 0.00073154,-0.00337838, 0.0001775,-0.00352613,sell
2016-05-25,1,1,1,1,0,0,0,0,1,0,0,0,1,0,0,0,0,0,0,0,0,0,0,1,0,1,0,1,0,0,0,0,-0.00288883,-0.00189693,-0.00455167,-0.0000546,-0.00516188,sell
2016-05-26,1,1,1,1,0,1,0,0,1,0,0,0,1,0,0,0,0,0,0,0,0,0,1,1,0,1,0,1,0,0,0,1,-0.00262796,-0.00062455,-0.00390479,-0.0009182,-0.00282871,sell
2016-05-27,2,1,1,0,0,1,0,0,1,0,0,1,1,0,0,0,0,0,0,0,0,0,1,1,0,0,0,1,0,0,0,1,-0.00096270,-0.00036278,-0.00096270,-0.0002765, 0.00170668,sell
2016-05-28,2,0,1,0,0,1,0,0,1,0,0,1,1,0,0,0,0,0,0,0,0,0,1,0,0,0,0,0,0,0,0,1, 0.00194702, 0.00137080,-0.00206047, 0.0008293, 0.00260026,buy
2016-05-29,1,0,0,0,0,2,0,0,0,0,0,1,0,0,0,0,0,0,0,0,0,0,1,0,0,0,0,0,0,0,1,1, 0.00080903, 0.00451086, 0.00237209,-0.0019547, 0.00147209,buy
2016-05-30,1,0,0,0,0,2,0,0,0,0,0,1,0,0,0,0,0,0,0,0,0,0,1,0,0,0,0,0,0,1,1,1, 0.00325044, 0.00451471, 0.00378958,-0.0038565, 0.00198034,buy
2016-05-31,1,0,0,0,0,2,0,1,0,0,0,1,0,0,0,0,0,0,0,1,0,0,1,0,0,0,0,0,0,1,1,1,-0.00187119, 0.00093924, 0.00198223,-0.0015680, 0.00149472,buy
2016-06-01,1,0,0,1,0,1,0,2,0,0,0,1,0,0,0,0,0,0,0,1,0,1,0,0,0,0,1,0,0,1,1,0,-0.00996510,-0.00939645,-0.00966448,-0.0078645,-0.00083491,sell
2016-06-02,1,0,0,2,0,0,0,3,0,0,0,1,0,0,0,0,0,1,0,1,0,1,0,0,0,0,1,0,1,1,0,0,-0.00872283,-0.00959962,-0.00974165,-0.0090207,-0.00542186,sell
2016-06-03,0,0,0,2,0,0,0,4,0,0,0,0,0,0,0,0,0,1,0,1,0,1,0,0,1,0,1,0,1,1,0,0,-0.00879955,-0.00951281,-0.01023674,-0.0089855,-0.00814701,sell
2016-06-04,0,0,0,2,0,0,0,4,0,0,0,0,0,0,0,0,0,1,0,1,0,1,0,0,1,0,1,0,1,1,0,0,-0.00879955,-0.00951281,-0.01023674,-0.0089855,-0.00814701,sell
2016-06-05,0,0,2,2,1,0,0,2,0,0,0,0,0,0,1,0,0,1,0,0,1,1,0,0,1,0,0,1,1,1,0,0, 0.00612356, 0.00235799, 0.00337482, 0.0053621, 0.00544652,buy
2016-06-06,0,0,2,0,1,0,0,2,0,0,0,0,0,0,1,0,0,1,0,0,1,0,0,0,1,0,0,1,0,1,0,0, 0.00475383, 0.00225616, 0.00309618, 0.0036852, 0.00519529,buy
2016-06-07,0,0,2,0,1,0,0,0,0,0,0,0,0,0,1,0,0,0,0,0,1,0,0,0,0,0,0,1,0,1,0,0, 0.00060175, 0.00375108, 0.00294605,-0.0042592,-0.00024018,buy
2016-06-08,0,0,2,1,1,0,0,0,0,1,0,0,0,0,1,0,0,0,0,0,1,0,0,0,0,0,0,1,0,1,0,0, 0.00023718,-0.00112201,-0.00138048,-0.0032232,-0.00201802,sell
2016-06-09,0,0,1,1,1,0,0,0,0,1,0,0,0,0,1,0,0,0,0,0,1,0,0,0,0,0,0,0,0,1,0,0,-0.00268029,-0.00285438,-0.00245724,-0.0046243,-0.00354265,sell
2016-06-10,0,0,0,1,0,0,1,0,0,1,0,0,0,0,0,0,0,0,0,0,0,0,0,0,0,0,0,0,0,1,1,0,-0.00481811,-0.00204660,-0.00294360,-0.0025047,-0.00222618,sell
2016-06-11,0,0,0,1,0,0,1,0,0,1,0,0,0,0,0,0,0,0,0,0,0,0,0,0,0,0,0,0,0,1,1,0,-0.00481811,-0.00204660,-0.00294360,-0.0025047,-0.00222618,sell
2016-06-12,0,1,1,0,0,0,2,0,0,0,0,1,0,0,0,0,0,0,0,0,0,0,1,0,0,1,0,0,0,1,1,0,-0.00432100,-0.00365006, 0.00063033,-0.0040877,-0.00388468,sell
2016-06-13,0,1,2,0,0,0,2,0,0,0,0,1,0,0,0,0,0,0,1,0,0,0,1,0,0,1,0,0,0,1,1,0,-0.00610085,-0.00737701, 0.00068425,-0.0054789,-0.00568520,sell
2016-06-14,0,1,2,0,0,0,2,0,0,0,0,1,0,0,0,0,0,0,1,0,0,0,1,0,0,1,0,0,0,1,1,0,-0.00610085,-0.00737701, 0.00068425,-0.0054789,-0.00568520,sell
2016-06-15,0,1,2,0,0,0,1,0,0,0,0,1,0,0,0,0,0,0,1,0,0,0,1,0,0,1,0,0,0,0,0,0,-0.00582048,-0.00756511, 0.00006671,-0.0021793,-0.00212313,sell
2016-06-16,0,0,1,0,0,0,1,0,0,0,0,0,0,0,0,0,0,0,1,0,0,0,1,0,0,0,0,0,0,0,0,0,-0.00808394,-0.00507428,-0.00356790,-0.0015838,-0.00662577,sell
2016-06-17,0,0,0,0,0,1,0,0,0,0,0,0,0,0,1,0,0,0,0,0,0,0,0,0,0,0,0,0,0,0,0,0,-0.00102874,-0.00487716,-0.00297336,-0.0007737,-0.00070528,sell
2016-06-18,0,0,0,0,0,1,0,0,0,0,0,0,0,0,1,0,0,0,0,0,0,0,0,0,0,0,0,0,0,0,0,0,-0.00102874,-0.00487716,-0.00297336,-0.0007737,-0.00070528,sell
2016-06-19,0,0,0,1,0,1,0,1,0,0,1,0,1,0,1,0,0,0,0,0,0,0,0,0,0,0,0,0,0,0,0,0,-0.00639090,-0.00606708,-0.00602908,-0.0060029,-0.00566909,sell
2016-06-20,0,0,0,1,0,1,0,1,0,0,1,0,1,0,1,0,0,0,0,0,0,0,0,0,0,0,0,0,0,0,0,0,-0.00639090,-0.00606708,-0.00602908,-0.0060029,-0.00566909,sell
2016-06-21,0,0,0,1,0,0,0,2,1,0,1,0,1,0,0,0,1,0,0,0,0,0,0,0,0,0,0,0,0,0,0,0,-0.00110466,-0.00641969,-0.00846485, 0.0002710,-0.00477765,sell
2016-06-22,0,0,1,0,0,0,0,1,1,0,0,1,0,0,0,0,1,0,0,0,0,0,0,0,0,0,0,0,0,0,0,0, 0.00129632,-0.00305384, 0.00042220, 0.0002237, 0.00555170,buy
2016-06-23,0,1,1,0,0,0,0,1,1,0,0,1,0,0,0,0,1,0,0,0,0,0,0,0,0,1,0,0,0,0,0,0, 0.00426143,-0.00254725, 0.00381027, 0.0044584, 0.00586822,buy
2016-06-24,0,1,1,0,0,0,0,1,1,0,0,1,0,0,0,0,1,0,0,0,0,0,0,0,0,1,0,0,0,0,0,0, 0.00426143,-0.00254725, 0.00381027, 0.0044584, 0.00586822,buy
2016-06-25,1,1,2,0,0,0,0,0,0,1,0,0,0,0,0,0,0,0,0,0,0,0,0,0,0,1,1,0,1,0,0,0,-0.00614182, 0.00093314,-0.00438128,-0.0038474,-0.00317698,sell
2016-06-26,1,1,2,0,0,0,1,0,0,1,0,0,0,0,1,0,0,0,0,0,0,0,0,0,0,1,1,0,1,0,0,0,-0.00296681, 0.00395624,-0.00278312,-0.0033568,-0.00173498,sell
2016-06-27,1,1,2,0,0,0,1,0,0,1,0,0,0,0,1,0,0,0,1,0,0,0,0,0,0,0,1,0,1,0,0,0,-0.00246006, 0.00626681,-0.00019997,-0.0009521,-0.00060543,sell
2016-06-28,1,1,1,0,0,0,1,0,0,0,0,0,0,0,1,0,0,0,1,0,0,0,0,0,0,0,1,0,1,0,0,0, 0.00442398, 0.00658978, 0.00381191, 0.0039657, 0.00459124,buy
2016-06-29,1,1,0,1,0,0,0,0,0,0,0,0,0,0,0,0,0,0,1,0,0,0,0,0,0,0,1,1,0,0,0,0,-0.00589113,-0.00710124,-0.00441520,-0.0044652,-0.00168322,sell
2016-06-30,0,1,1,1,0,0,1,0,0,0,0,0,0,0,0,0,0,0,1,0,0,1,0,0,1,0,0,1,0,0,0,0,-0.00661607,-0.00832997,-0.00851399,-0.0085749,-0.00770911,sell
2016-07-01,1,1,1,1,0,0,1,0,0,0,0,0,0,0,0,0,0,0,1,1,0,1,0,0,1,0,0,1,0,0,0,0,-0.00573487,-0.00774674,-0.00763423,-0.0091573,-0.00382461,sell
2016-07-02,1,1,1,1,1,0,1,0,0,1,0,0,0,0,0,0,0,0,0,1,0,1,0,0,1,0,0,1,0,0,0,1,-0.00116949,-0.00099856,-0.00105201,-0.0046041,-0.00125820,sell
2016-07-03,1,1,1,0,1,0,1,0,0,1,0,0,0,0,0,0,0,0,0,1,0,1,0,0,1,0,0,0,0,0,0,1,-0.00305183,-0.00116889, 0.00272386, 0.0017873, 0.00268537,buy
2016-07-04,2,1,2,0,1,0,0,0,0,1,1,0,1,0,0,0,0,0,0,1,0,1,0,0,0,0,0,0,0,0,0,1,-0.00078626,-0.00078611, 0.00482383, 0.0008012, 0.00008245,buy
2016-07-05,3,0,1,1,1,0,0,1,0,0,1,0,1,1,0,0,0,0,0,1,1,0,0,0,0,1,0,0,0,0,1,1,-0.00354435,-0.00089356,-0.00411061,-0.0094745,-0.00234696,sell
2016-07-06,2,0,0,2,1,0,0,1,0,0,1,1,0,1,0,0,0,0,0,0,1,0,0,0,0,1,0,0,0,0,1,1,-0.00636899,-0.00321536,-0.00396107,-0.0086716,-0.00527436,sell
2016-07-07,1,1,0,2,1,0,2,1,1,0,0,1,0,1,0,0,0,1,0,0,1,0,0,0,0,1,0,0,1,0,1,1,-0.00225582,-0.00698886,-0.00516186,-0.0072539,-0.00668221,sell
2016-07-08,1,2,0,2,0,0,2,1,1,0,0,1,0,1,0,0,0,1,0,0,1,0,0,0,0,1,1,0,1,0,1,0, 0.00006931,-0.00683226,-0.00322232,-0.0052924,-0.00675193,sell
2016-07-09,0,2,0,1,1,0,2,1,1,0,0,0,0,0,0,0,1,1,0,0,1,0,0,0,0,0,1,0,1,0,1,0,-0.00062615,-0.00079734,-0.00042919,-0.0003181,-0.00293746,sell
2016-07-10,1,2,0,0,1,0,1,1,0,1,0,0,0,0,1,0,1,1,0,0,0,0,0,0,0,0,1,0,1,0,0,0, 0.00604990,-0.00037040, 0.00119293,-0.0021311,-0.00335071,sell
2016-07-11,1,3,0,0,1,0,1,1,0,1,1,0,1,0,1,0,1,1,0,0,0,0,0,0,0,0,1,0,0,0,0,0,-0.00189720,-0.00241609, 0.00140241,-0.0040628,-0.00377674,sell
2016-07-12,1,2,0,0,1,0,1,1,0,1,1,0,1,0,1,0,1,1,0,0,0,0,0,0,0,0,0,0,0,0,0,0,-0.00020215, 0.00210371,-0.00196951,-0.0022594,-0.00336106,sell
2016-07-13,0,1,0,0,0,1,0,0,0,0,1,0,0,0,0,0,0,0,0,0,0,0,0,0,1,0,0,0,0,0,0,0, 0.00473615,-0.00081132,-0.00150268,-0.0056993,-0.00458932,sell
2016-07-14,1,0,0,0,0,1,0,1,0,0,0,0,0,0,0,1,0,0,1,0,0,0,1,0,1,0,0,0,0,0,0,0, 0.01063349, 0.00513971, 0.01122604, 0.0125569, 0.00825793,buy
2016-07-15,1,1,0,0,0,2,0,1,1,0,0,0,0,0,0,1,0,0,1,0,0,1,1,0,1,0,0,0,0,0,0,0, 0.00765979, 0.00493297, 0.00773227, 0.0097744, 0.00836531,buy
2016-07-16,1,2,0,0,1,2,0,1,1,0,0,0,0,0,0,1,0,0,1,1,0,1,1,1,1,0,0,0,0,0,0,0, 0.00636012, 0.00706191, 0.00608025, 0.0082991, 0.00638807,buy
2016-07-17,1,2,0,0,1,2,0,1,1,0,0,0,0,0,0,1,0,0,1,1,0,1,1,1,1,0,0,0,0,0,0,0, 0.00636012, 0.00706191, 0.00608025, 0.0082991, 0.00638807,buy
2016-07-18,2,2,0,0,1,0,0,1,0,0,0,0,1,0,0,1,0,0,1,1,0,1,1,1,0,0,0,0,0,0,0,0,-0.00617029, 0.00215245,-0.00066341,-0.0072913, 0.00268514,sell
2016-07-19,3,2,1,0,1,1,0,0,0,0,1,0,1,0,0,1,1,0,1,1,0,1,0,1,0,0,0,0,1,0,0,0, 0.00076405,-0.00043653, 0.00272683,-0.0022786,-0.00027119,buy
2016-07-20,2,1,2,0,1,1,0,0,0,0,1,0,1,0,0,0,1,0,0,1,0,0,0,1,0,0,1,0,1,0,0,0,-0.00061891,-0.00978241,-0.00133169, 0.0035382,-0.00098566,sell
2016-07-21,1,1,3,0,1,2,0,0,0,0,1,1,0,0,0,0,1,0,0,1,0,0,0,1,0,0,1,0,1,0,0,1,-0.00518816,-0.00455477,-0.00396317, 0.0065232,-0.00517964,sell
2016-07-22,1,0,2,0,1,2,0,0,0,0,0,1,0,0,0,0,1,0,0,0,0,0,0,1,0,0,1,0,1,0,0,1,-0.00606132, 0.00008618,-0.00552125, 0.0055122,-0.00094589,sell
2016-07-23,0,0,3,0,2,1,0,0,1,0,0,1,0,0,0,0,0,0,0,0,0,0,0,1,0,0,1,1,0,0,0,1,-0.00449436, 0.00231209,-0.00233717, 0.0000702, 0.00267075,buy
2016-07-24,0,0,1,0,1,1,0,0,1,0,0,0,0,0,0,0,0,0,0,0,0,0,0,0,0,0,0,1,0,0,0,1,-0.00441464,-0.00018119, 0.00231117,-0.0055742, 0.00302283,buy
2016-07-25,0,0,1,0,1,1,0,0,1,0,0,0,0,0,0,0,0,0,0,0,0,0,0,0,0,0,0,1,0,0,0,1,-0.00441464,-0.00018119, 0.00231117,-0.0055742, 0.00302283,buy
2016-07-26,1,0,1,0,1,2,0,0,1,0,0,0,0,0,1,0,0,1,0,0,0,0,0,0,0,0,0,1,0,0,0,1,-0.00430228,-0.00347675, 0.00320226,-0.0049840, 0.00544969,sell
2016-07-27,1,0,0,0,0,1,0,0,0,0,0,0,0,0,1,0,0,1,0,0,0,0,0,0,0,0,0,0,0,0,0,0,-0.00273324, 0.00422238,-0.00173183,-0.0019723, 0.00500367,buy
2016-07-28,1,0,0,0,1,1,0,1,0,1,0,0,0,0,1,0,0,1,0,0,0,0,0,0,1,0,0,0,0,0,0,0,-0.00274617, 0.00154659, 0.00187902, 0.0006087, 0.00568567,buy
2016-07-29,0,1,0,0,1,1,0,1,0,1,0,1,0,0,0,0,0,1,0,0,0,0,0,0,1,0,0,0,0,0,0,0,-0.00514526,-0.00162733,-0.00150239,-0.0031156,-0.00264457,sell
2016-07-30,2,1,0,0,1,1,1,1,0,1,0,1,0,0,0,0,1,1,0,0,0,1,0,0,1,0,0,0,0,0,1,0, 0.00660470, 0.00713250, 0.00403302, 0.0033976, 0.00410708,buy
2016-07-31,2,1,0,0,1,1,1,1,0,1,0,1,0,0,0,0,1,1,0,0,0,1,0,0,1,0,0,0,0,0,1,0, 0.00660470, 0.00713250, 0.00403302, 0.0033976, 0.00410708,buy
2016-08-01,2,1,1,0,0,0,1,0,0,0,0,1,0,0,0,0,1,0,0,1,0,1,0,0,0,0,0,0,0,0,1,0,-0.00191105,-0.00226137,-0.00976250,-0.0025178, 0.00535538,sell
2016-08-02,2,0,1,0,0,0,1,0,0,0,0,0,0,0,0,0,1,0,0,1,0,1,0,0,0,0,0,0,0,0,1,0,-0.00722859,-0.00607568,-0.01090509,-0.0067583, 0.00485524,sell
2016-08-03,1,0,1,0,0,0,1,0,0,0,0,0,0,0,0,0,1,0,0,1,0,1,0,0,0,0,0,0,0,0,0,0,-0.00307005,-0.00886553,-0.01163171,-0.0012201, 0.00251789,sell
2016-08-04,0,2,1,0,0,0,0,1,0,0,0,0,0,0,1,0,0,0,0,1,0,0,0,0,0,1,0,1,0,0,0,0, 0.00095649, 0.00391091, 0.00247047, 0.0009979,-0.00004976,buy
2016-08-05,0,2,2,0,0,0,0,2,0,0,0,0,1,0,1,0,0,0,0,1,1,0,0,0,0,1,0,1,0,0,0,0, 0.00245848, 0.00159773, 0.00310604, 0.0024351, 0.00230033,buy
2016-08-06,0,2,1,1,0,0,0,2,0,0,1,0,1,0,1,0,0,0,0,0,1,0,0,0,0,1,0,1,0,0,0,0,-0.00022133, 0.00014786, 0.00114160, 0.0024538,-0.00030409,buy
2016-08-07,0,2,1,1,0,0,0,2,0,0,1,0,1,0,1,0,0,0,0,0,1,0,0,0,0,1,0,1,0,0,0,0,-0.00022133, 0.00014786, 0.00114160, 0.0024538,-0.00030409,buy
2016-08-08,0,0,1,1,0,0,1,2,0,0,1,0,1,0,0,0,0,0,0,0,1,0,0,0,0,1,0,0,0,0,0,1,-0.00080699, 0.00418831, 0.00142553, 0.0036169, 0.00497349,buy
2016-08-09,1,0,1,1,0,0,1,1,0,0,1,1,0,0,0,0,0,0,0,0,1,0,0,0,0,1,0,0,0,0,0,1,-0.00675682,-0.00570452,-0.00678083,-0.0041664,-0.00118658,sell
2016-08-10,1,0,0,0,0,0,1,0,0,0,0,1,0,0,0,0,0,0,0,0,0,0,0,0,0,0,0,0,0,0,0,1,-0.00147582, 0.00253842, 0.00045703,-0.0065352,-0.00302813,sell
2016-08-11,1,1,0,0,0,0,1,0,0,0,0,1,0,0,0,0,0,0,0,0,0,0,0,0,0,0,0,0,0,0,1,1, 0.00037424, 0.00356170, 0.00074027,-0.0040264,-0.00774724,buy
2016-08-12,1,1,0,0,0,1,1,1,0,0,0,1,0,0,0,0,0,0,0,0,0,0,0,1,0,0,0,0,1,0,1,1,-0.00754056,-0.00161077, 0.00281844, 0.0009322,-0.00037181,sell
2016-08-13,0,1,0,1,0,1,1,1,0,0,0,0,0,0,0,0,0,0,0,0,0,0,0,1,0,0,1,0,1,0,1,1,-0.00448780,-0.00635388,-0.00074229,-0.0015076,-0.00397049,sell
2016-08-14,1,1,0,1,0,1,0,1,0,0,0,0,0,0,0,0,0,0,0,0,0,0,1,1,0,0,1,0,1,0,1,0,-0.00372962,-0.00008935,-0.00194937,-0.0024466,-0.00401599,sell
2016-08-15,1,0,0,1,1,1,0,1,0,0,0,0,0,0,0,0,0,1,0,0,0,0,1,1,0,0,1,0,1,0,0,0,-0.00120166, 0.00266697,-0.00504229,-0.0024475,-0.00707906,sell
2016-08-16,2,0,0,1,1,1,0,0,0,0,0,0,0,0,0,0,0,1,0,0,0,0,1,1,0,0,1,1,0,0,0,0, 0.00030720,-0.00395822,-0.00615488,-0.0006221,-0.00410041,sell
2016-08-17,2,0,1,0,1,1,0,0,0,0,0,0,0,0,1,0,0,1,0,0,0,0,1,1,0,0,0,1,0,0,0,0, 0.00455373, 0.00356519, 0.00444514, 0.0000543, 0.00476437,buy
2016-08-18,2,0,1,0,1,1,0,0,1,0,0,0,0,0,1,0,0,1,0,0,0,0,1,1,0,0,0,1,0,0,0,0, 0.00539411,-0.00156967, 0.00478115, 0.0010773, 0.00432509,buy
2016-08-19,1,0,1,0,1,1,0,0,1,0,0,0,0,0,1,0,0,1,0,0,0,0,0,1,0,0,0,1,0,0,0,0, 0.00368031,-0.00475226, 0.00561042, 0.0000464, 0.00497237,buy
2016-08-20,0,1,1,0,1,0,0,0,1,0,0,0,0,0,1,0,0,1,0,0,1,0,0,0,0,0,0,0,0,0,0,0,-0.00521839, 0.00128661, 0.00216196,-0.0066369,-0.00094842,sell
2016-08-21,0,1,1,0,0,0,0,0,1,0,0,0,0,0,1,0,0,0,0,0,1,0,0,0,0,0,0,0,0,0,0,0,-0.00183702, 0.00040827, 0.00213347,-0.0036954, 0.00142606,buy
2016-08-22,0,1,1,0,0,0,0,0,1,0,0,0,0,0,1,0,0,0,0,0,1,0,0,0,0,0,0,0,0,0,0,0,-0.00183702, 0.00040827, 0.00213347,-0.0036954, 0.00142606,buy
2016-08-23,0,1,1,0,0,0,0,0,1,0,0,0,0,0,0,0,0,0,0,0,1,0,0,0,0,0,0,0,0,0,1,0,-0.00177996,-0.00323933,-0.00187669,-0.0025949,-0.00070634,sell
2016-08-24,0,1,1,0,0,0,0,0,1,0,0,0,0,0,0,0,0,0,0,0,1,0,0,0,0,0,0,0,0,0,1,0,-0.00177996,-0.00323933,-0.00187669,-0.0025949,-0.00070634,sell
2016-08-25,0,0,1,0,0,0,0,0,1,0,0,0,0,0,0,0,0,0,0,0,0,0,0,0,0,0,0,0,0,0,1,0,-0.00021169,-0.00382191,-0.00393159,-0.0002311,-0.00444739,sell
2016-08-26,0,0,1,0,0,0,0,0,1,0,0,0,0,0,0,0,0,0,0,0,0,0,0,0,1,0,0,0,0,0,1,0, 0.00571793,-0.00091646, 0.00199620, 0.0050969, 0.00264195,buy
2016-08-27,0,0,0,0,0,0,0,0,1,0,0,0,0,0,0,1,0,0,0,0,0,0,0,0,1,0,0,0,0,0,0,0, 0.00205984, 0.00233866, 0.00167724, 0.0003013,-0.00121981,buy
2016-08-28,0,0,0,0,0,0,0,0,1,0,0,0,0,0,0,1,0,0,0,0,0,0,0,0,1,0,0,0,0,0,0,0, 0.00205984, 0.00233866, 0.00167724, 0.0003013,-0.00121981,buy
2016-08-29,0,0,0,0,0,0,0,0,1,0,0,0,0,0,0,1,0,0,0,0,0,0,0,0,1,0,0,0,0,0,0,0, 0.00205984, 0.00233866, 0.00167724, 0.0003013,-0.00121981,buy
2016-08-30,0,1,0,0,0,0,0,0,1,0,0,0,0,0,0,1,0,0,0,0,0,0,1,0,0,0,0,0,0,0,0,0, 0.00808155, 0.00663792, 0.00705468, 0.0052019, 0.00426298,buy
2016-08-31,0,1,0,1,0,0,0,1,1,0,0,0,0,0,0,0,0,0,0,1,0,1,1,0,0,0,0,0,0,0,0,0, 0.00319038, 0.00887124, 0.00665462, 0.0075911, 0.00635211,buy
2016-09-01,0,1,0,1,0,0,0,1,1,0,0,0,0,0,0,0,0,0,0,1,0,1,1,0,0,0,0,0,0,0,0,0, 0.00319038, 0.00887124, 0.00665462, 0.0075911, 0.00635211,buy
2016-09-02,0,1,0,1,0,0,0,1,1,0,0,0,0,0,0,0,0,0,0,1,0,1,1,0,0,0,0,0,0,0,0,0, 0.00319038, 0.00887124, 0.00665462, 0.0075911, 0.00635211,buy
2016-09-03,0,1,0,1,0,0,0,1,1,0,0,0,0,0,0,0,0,0,0,1,0,1,1,0,0,0,0,0,0,0,0,0, 0.00319038, 0.00887124, 0.00665462, 0.0075911, 0.00635211,buy
2016-09-04,0,0,0,1,0,0,0,1,1,0,0,0,0,0,0,0,0,0,0,1,0,1,0,0,0,0,0,0,0,0,0,0, 0.00100346, 0.00528355, 0.00647857, 0.0061612, 0.00590994,buy
2016-09-05,1,0,0,0,0,0,1,0,1,0,0,0,0,0,0,0,0,0,0,0,1,0,0,0,0,0,0,0,1,0,0,0,-0.00579307,-0.00239663,-0.00400017,-0.0026168,-0.00532617,sell
2016-09-06,1,0,1,0,0,0,2,0,0,0,0,0,0,0,0,0,0,0,0,0,1,0,0,1,0,0,1,0,1,0,0,0,-0.00731323,-0.00232955, 0.00561841,-0.0082598,-0.00587344,sell
2016-09-07,1,0,2,0,0,0,2,0,0,0,0,0,0,0,1,0,0,0,0,0,1,0,0,1,0,0,1,0,1,0,0,0,-0.00308050, 0.00166919, 0.00581136,-0.0030805,-0.00271555,sell
2016-09-08,1,0,2,0,0,0,2,1,0,0,0,0,0,0,1,0,0,0,1,0,1,0,0,1,0,0,1,0,1,0,0,0, 0.00115487, 0.00475771, 0.00697345, 0.0011891, 0.00355315,buy
2016-09-09,1,0,2,0,0,0,2,2,0,0,0,0,0,0,1,0,0,0,1,0,1,0,0,1,0,0,1,1,1,0,0,0, 0.00057643, 0.00459008, 0.00680583, 0.0005903, 0.00388770,buy
2016-09-10,0,0,1,0,0,0,1,2,0,0,0,0,0,0,1,0,0,0,1,0,0,0,0,1,0,0,0,1,0,0,0,0,-0.00202811,-0.00146861, 0.00278572,-0.0005196,-0.00379540,sell
2016-09-11,0,0,1,0,0,0,1,3,0,1,0,0,0,0,1,0,0,0,1,0,0,0,0,1,0,0,0,1,0,0,0,0,-0.00351516,-0.00280134, 0.00352506,-0.0006278,-0.00140418,sell
2016-09-12,0,0,0,0,0,0,2,4,0,1,0,0,0,1,0,0,1,0,1,0,0,0,0,1,0,0,0,1,0,0,0,1,-0.00172656, 0.00561762,-0.00268990, 0.0002650,-0.00059736,sell
2016-09-13,0,0,0,0,1,0,2,3,0,1,0,0,0,1,0,1,1,0,1,0,0,0,0,1,0,0,0,0,0,0,0,1, 0.00102567, 0.00597575,-0.00164370, 0.0014182, 0.00253285,buy
2016-09-14,0,0,1,0,1,0,1,3,0,1,0,0,0,0,0,1,1,0,1,0,0,0,1,0,0,0,0,0,0,0,0,1,-0.00359141, 0.00206433, 0.00194254,-0.0012781, 0.00267042,buy
2016-09-15,0,0,1,0,1,0,1,2,0,0,0,0,0,0,0,1,1,0,1,0,0,0,1,0,0,0,0,0,0,0,0,1,-0.00330550,-0.00156002,-0.00156919,-0.0021178,-0.00158385,sell
2016-09-16,0,0,1,1,0,0,1,2,0,0,0,0,0,0,0,0,0,0,1,0,0,0,1,0,0,1,0,0,0,0,1,1, 0.00020237, 0.00380194, 0.00229638, 0.0047216, 0.00363083,buy
2016-09-17,1,0,1,1,0,0,1,2,0,0,0,1,0,0,0,0,0,0,1,0,0,0,1,0,0,1,0,0,0,0,1,1,-0.00512358, 0.00097998, 0.00543156, 0.0038323, 0.00131971,buy
2016-09-18,1,1,1,1,0,1,1,1,0,0,0,1,0,0,0,0,0,0,1,0,0,0,1,0,0,1,1,0,1,0,1,0,-0.00210592,-0.00693384,-0.00164616, 0.0017869,-0.00159727,sell
2016-09-19,1,1,0,1,1,1,1,1,0,0,0,1,0,0,0,0,0,0,1,0,0,0,0,0,0,1,1,0,1,1,1,0,-0.00469344,-0.00588323,-0.00588323,-0.0031909,-0.00605478,sell
2016-09-20,1,1,0,0,1,1,1,0,0,0,0,1,0,0,0,0,0,0,0,0,0,0,0,0,0,1,1,0,1,1,0,0,-0.00213783,-0.00015587,-0.00229609, 0.0026635,-0.00168300,sell
2016-09-21,1,1,0,0,1,2,1,0,0,0,0,1,0,0,0,1,0,0,0,0,0,0,0,0,0,1,1,0,1,1,0,0,-0.00206137, 0.00010128,-0.00114817, 0.0047871,-0.00118739,sell
2016-09-22,1,0,0,0,1,1,1,0,0,0,0,1,0,0,0,1,0,0,0,0,0,0,0,0,0,1,0,0,0,1,0,0, 0.00317717, 0.00578135, 0.00314366, 0.0054155, 0.00756067,buy
2016-09-23,1,0,0,0,1,1,0,0,0,0,0,1,0,0,0,1,0,1,0,0,0,0,0,0,0,0,0,0,0,1,0,0,-0.00003611,-0.00481601,-0.00390974,-0.0002657,-0.00035796,sell
2016-09-24,1,0,0,0,2,1,0,0,0,0,0,1,0,0,0,1,0,1,0,0,0,0,0,0,1,0,0,0,0,1,0,0,-0.00055054, 0.00048553,-0.00351732, 0.0043783,-0.00110619,sell
2016-09-25,1,0,0,0,2,1,0,0,0,0,0,1,0,0,0,1,0,1,0,0,0,0,0,0,1,0,0,0,0,1,0,0,-0.00055054, 0.00048553,-0.00351732, 0.0043783,-0.00110619,sell
2016-09-26,1,0,0,0,2,1,0,0,0,0,0,1,0,0,0,1,0,1,0,0,0,0,0,0,1,0,0,0,0,1,0,0,-0.00055054, 0.00048553,-0.00351732, 0.0043783,-0.00110619,sell
2016-09-27,1,0,0,0,2,0,0,0,0,0,0,1,0,0,0,0,0,1,0,0,0,0,0,0,1,0,0,0,0,1,0,0, 0.00172303, 0.00133856,-0.00207853, 0.0042859, 0.00294996,buy
2016-09-28,0,0,0,0,2,0,0,0,0,0,0,0,0,0,0,0,0,1,0,0,0,0,0,0,1,0,0,0,0,1,0,0, 0.00181371, 0.00558179,-0.00295532, 0.0045140,-0.00109997,buy
2016-09-29,0,0,0,0,1,0,0,0,0,0,0,0,0,0,0,0,0,0,0,0,0,0,0,0,0,0,0,0,0,1,0,0,-0.00174569,-0.00184580,-0.00243020,-0.0071517,-0.00707010,sell
2016-09-30,1,0,1,0,1,0,0,0,0,0,0,0,0,0,0,0,0,0,0,1,0,0,0,0,0,0,1,0,0,1,0,0,-0.00237427, 0.00170604, 0.00128274, 0.0038422,-0.00043555,buy
2016-10-01,1,0,2,0,2,0,0,0,0,0,0,0,0,0,1,0,0,0,0,1,0,0,0,0,0,0,1,0,1,1,0,0,-0.00401908,-0.00493424,-0.00520466, 0.0007391,-0.00487328,sell
2016-10-02,1,0,2,0,2,0,1,0,0,0,0,0,0,0,1,0,0,0,0,1,0,1,0,0,0,0,1,0,1,1,0,0,-0.00426897,-0.00629649,-0.00444947,-0.0035603,-0.00614646,sell
2016-10-03,1,0,2,0,2,0,2,0,0,0,0,0,0,0,1,0,1,0,0,1,0,1,0,0,0,0,1,0,1,1,0,0,-0.00169733,-0.00039900,-0.00285837,-0.0015945, 0.00010457,sell
2016-10-04,0,0,2,0,2,0,3,0,0,0,0,0,0,0,1,0,1,0,0,1,0,1,0,0,0,0,0,1,1,1,0,0, 0.00406807, 0.00481322, 0.00311577, 0.0023240, 0.00577526,buy
2016-10-05,0,0,0,0,2,0,3,1,0,0,0,0,0,0,0,0,1,0,0,0,1,1,0,0,0,0,0,1,1,1,0,0, 0.00435625, 0.00362991, 0.00443142, 0.0030370, 0.00652001,buy
2016-10-06,0,0,0,0,1,1,3,1,0,0,0,0,0,0,0,1,1,0,0,0,1,1,0,0,0,0,0,1,0,1,0,0, 0.00038666,-0.00009855, 0.00019100, 0.0001557, 0.00397663,buy
2016-10-07,0,0,0,0,0,1,1,1,0,0,0,0,0,0,0,1,0,0,0,0,1,0,0,0,0,0,0,1,0,0,0,0, 0.00366292,-0.00222915,-0.00121083,-0.0031082,-0.00048675,sell
2016-10-08,0,0,0,0,0,1,0,1,0,0,0,0,0,0,0,1,0,0,0,0,1,0,0,0,0,0,0,0,0,0,0,0, 0.01083145, 0.00374755, 0.00729587, 0.0026418, 0.00856501,buy
2016-10-09,0,0,0,0,0,2,0,1,0,0,0,0,0,0,0,1,0,0,0,0,1,0,0,0,1,0,0,0,0,0,0,0, 0.00604860, 0.00478870, 0.00206312,-0.0009305, 0.00523010,buy
2016-10-10,0,0,1,0,0,2,0,0,1,0,0,0,0,0,0,1,0,0,0,0,0,0,0,0,1,0,0,0,0,0,1,0, 0.00768259, 0.00217912, 0.00378026, 0.0072867, 0.00910866,buy
2016-10-11,0,0,2,0,0,2,0,1,1,1,1,0,0,0,0,1,0,0,0,0,0,0,0,0,1,0,0,0,0,0,1,0, 0.00902825, 0.00515212, 0.00005449, 0.0016916, 0.00924501,buy
2016-10-12,0,0,2,0,0,3,0,1,1,1,1,0,0,0,0,1,0,0,0,0,0,0,0,0,1,1,0,0,0,0,1,0, 0.00599698,-0.00354221,-0.00321077, 0.0011100, 0.00745340,sell
2016-10-13,0,0,2,1,0,3,1,1,0,1,1,0,1,0,0,1,0,0,0,0,0,0,1,0,1,1,0,0,0,0,1,0,-0.00336825,-0.00249009,-0.00575300,-0.0055585, 0.00562668,sell
2016-10-14,0,0,1,1,0,2,1,2,0,1,1,1,1,0,0,1,0,0,0,0,0,0,1,0,0,1,0,0,0,0,0,0,-0.00686325, 0.00067025,-0.00615478,-0.0019052,-0.00034540,sell
2016-10-15,1,1,0,1,0,1,1,2,0,1,0,1,1,0,0,0,0,0,0,1,0,0,1,0,0,1,0,0,0,0,0,1, 0.00181666, 0.00415114,-0.00274725, 0.0017737, 0.00040770,buy
2016-10-16,1,1,0,1,0,2,1,1,0,0,0,1,1,0,0,0,0,0,0,1,0,0,1,0,0,1,0,1,0,0,0,1, 0.00244882, 0.00431033, 0.00264213, 0.0031736, 0.00534834,buy
2016-10-17,1,1,0,1,0,2,0,1,0,0,0,1,0,0,0,0,0,0,0,1,0,0,1,0,0,1,0,1,0,0,0,1,-0.00366824, 0.00206937, 0.00216406,-0.0006032, 0.00085522,buy
2016-10-18,1,1,0,0,0,2,0,0,0,0,0,0,0,0,0,0,0,0,0,1,0,0,0,0,0,1,0,1,0,0,0,1,-0.00390471, 0.00268049, 0.00256528,-0.0022131, 0.00261516,buy
2016-10-19,1,1,0,1,0,3,0,0,0,0,0,0,0,0,1,0,0,0,0,1,0,1,0,0,0,1,0,1,0,0,0,1,-0.00066523, 0.00227259, 0.00173562,-0.0009093,-0.00143685,buy
2016-10-20,0,1,0,1,0,3,0,0,0,0,1,0,0,0,1,0,0,0,0,0,0,1,0,0,0,1,0,1,0,0,0,0, 0.00054333,-0.00035052, 0.00213744,-0.0002680, 0.00159141,buy
2016-10-21,0,1,0,1,0,1,0,1,0,0,1,0,0,0,1,0,0,0,0,0,0,1,0,1,0,0,0,0,0,0,0,0,-0.00343497,-0.00395884,-0.00031170,-0.0003130,-0.00161755,sell
2016-10-22,0,2,0,0,0,2,0,1,0,0,1,0,1,0,0,0,0,0,0,0,0,1,0,1,0,0,0,0,0,0,1,0, 0.00242366, 0.00088171,-0.00399092,-0.0002564, 0.00367837,buy
2016-10-23,0,1,0,0,0,2,0,1,0,0,0,0,1,0,0,0,0,0,0,0,0,1,0,1,0,0,0,0,0,0,1,0, 0.00654057, 0.00168859,-0.00243683, 0.0017242, 0.00616504,buy
2016-10-24,0,1,0,0,0,1,1,3,0,0,0,0,1,1,0,0,1,0,0,0,0,0,0,1,1,0,1,0,0,0,1,0, 0.00129894, 0.00313016, 0.00293421, 0.0046757, 0.00022527,buy
2016-10-25,0,1,0,0,0,1,1,3,0,0,0,0,1,1,0,0,1,0,0,0,0,0,0,1,1,0,1,0,0,0,1,0, 0.00129894, 0.00313016, 0.00293421, 0.0046757, 0.00022527,buy
2016-10-26,0,0,0,0,0,0,1,3,0,0,0,0,0,1,0,0,1,0,0,0,0,0,0,1,1,0,1,0,0,0,0,0, 0.00198976, 0.00395589, 0.00229324, 0.0046554, 0.00345341,buy
2016-10-27,0,0,0,0,0,0,1,2,0,0,0,0,0,1,0,0,1,0,0,0,0,0,0,0,1,0,1,0,0,0,0,0, 0.00338079, 0.00485144, 0.00319846, 0.0036573, 0.00456578,buy
2016-10-28,0,0,0,0,0,0,1,0,0,0,0,0,0,1,0,0,0,0,0,0,0,0,0,0,1,0,0,0,1,0,0,0, 0.00172064, 0.00088191, 0.00300029, 0.0009401, 0.00119461,buy
2016-10-29,1,0,0,0,1,0,0,0,0,0,1,0,0,1,0,0,0,0,0,0,0,0,0,0,0,0,0,1,1,0,0,0, 0.00111794, 0.00095461, 0.00187018, 0.0011611, 0.00105225,buy
2016-10-30,2,0,0,0,2,0,0,0,1,0,1,0,0,1,0,0,0,0,0,1,0,0,0,0,0,0,0,1,1,0,0,0, 0.00287094, 0.00054842,-0.00191559,-0.0009108,-0.00364838,sell
2016-10-31,2,1,0,0,2,0,0,0,1,0,1,0,0,0,0,0,0,0,0,1,0,0,0,0,0,0,0,1,1,0,0,1, 0.00079421, 0.00129862,-0.00579491,-0.0046679,-0.00296796,sell
2016-11-01,1,1,0,0,4,0,1,0,1,0,0,1,1,0,0,0,0,1,0,1,0,0,0,0,0,0,0,1,0,0,0,1,-0.00528369,-0.00565363,-0.00581602,-0.0069648,-0.00717535,sell
2016-11-02,1,1,0,0,3,0,1,0,1,0,0,1,1,0,0,0,0,1,0,1,0,0,0,0,0,0,0,0,0,0,0,1,-0.00399287,-0.00544850,-0.00436278,-0.0068021,-0.00711466,sell
2016-11-03,2,1,0,0,2,0,1,0,0,0,0,1,1,0,0,0,0,1,0,1,0,0,0,0,0,0,0,0,0,0,1,1,-0.00343775,-0.00375791,-0.00136288,-0.0052120,-0.00449143,sell
2016-11-04,1,0,0,0,3,0,1,0,0,0,0,1,1,0,0,0,0,1,0,0,0,1,0,0,0,0,0,0,0,0,1,0,-0.00145535,-0.00600614,-0.00111192, 0.0010541,-0.00145780,sell
2016-11-05,1,0,0,0,2,0,1,0,0,0,0,0,0,0,0,0,0,1,0,0,1,1,0,0,0,0,0,0,0,0,1,0, 0.00379053, 0.00614478, 0.00636662, 0.0083081, 0.00498019,buy
2016-11-06,1,0,1,0,2,0,1,0,0,0,0,0,0,0,1,0,0,1,0,0,1,1,0,0,0,0,0,0,0,0,1,0, 0.00330552,-0.00227315, 0.00414710, 0.0023106,-0.00059827,buy
2016-11-07,0,0,1,0,1,0,1,0,0,0,0,0,0,0,1,0,0,0,0,0,1,1,0,0,0,0,0,0,0,0,0,0, 0.00336405,-0.00515494, 0.00476844, 0.0023417,-0.00059227,buy
2016-11-08,0,0,1,0,2,0,1,0,0,0,0,0,0,0,1,1,0,0,0,0,1,1,0,0,0,0,0,0,0,0,0,0, 0.00532129,-0.00190065, 0.00348088, 0.0023195,-0.00167731,buy
2016-11-09,0,0,0,0,2,0,1,0,0,0,0,0,0,0,0,1,0,0,0,0,1,1,0,0,0,0,0,0,0,0,0,0, 0.00585422, 0.00445015, 0.00023220,-0.0026685,-0.00120935,buy
2016-11-10,0,0,0,0,1,1,0,0,1,0,0,0,0,0,0,1,0,0,0,0,0,0,0,0,0,0,0,0,0,0,0,0, 0.00706649, 0.00487130, 0.00977813, 0.0075365, 0.00832746,buy
2016-11-11,0,0,1,0,1,2,0,0,1,0,0,1,0,0,0,1,0,0,0,0,0,0,1,0,0,0,0,0,0,0,0,0,-0.00177949,-0.00154443,-0.00038898,-0.0011588, 0.00059529,sell
2016-11-12,0,0,1,0,2,2,0,0,1,0,0,1,0,0,0,1,0,0,0,0,0,0,1,0,0,1,0,0,0,0,0,0,-0.00110003,-0.00138229,-0.00041765,-0.0005943, 0.00201710,sell
2016-11-13,0,0,1,0,2,1,1,0,0,1,0,1,0,0,0,1,0,0,0,0,0,0,1,0,0,1,0,0,0,0,0,0,-0.00226582, 0.00620659, 0.00460739, 0.0000388,-0.00188859,buy
2016-11-14,1,0,2,0,2,1,1,0,0,1,0,1,0,0,0,1,1,0,0,0,0,0,1,0,0,1,0,0,0,0,0,1, 0.00694499, 0.00958808, 0.00623555, 0.0098238, 0.00166163,buy
2016-11-15,1,1,2,0,2,0,1,0,0,1,0,0,0,0,1,1,1,0,0,0,0,0,1,0,0,1,0,0,0,0,0,1, 0.00847388, 0.00874936, 0.00627465, 0.0107460, 0.00417960,buy
2016-11-16,1,1,1,0,2,0,1,0,0,1,0,0,0,0,1,1,1,0,0,0,0,0,0,0,0,1,0,0,0,0,0,1, 0.00813178, 0.00989734, 0.00728112, 0.0097949, 0.00599678,buy
2016-11-17,1,1,1,0,2,0,1,1,0,1,1,0,0,0,1,1,1,0,0,0,0,0,0,0,0,1,0,0,0,0,0,1, 0.00780737, 0.00915159, 0.00549754, 0.0088809, 0.00682334,buy
2016-11-18,0,1,1,0,2,0,2,1,0,1,1,0,0,0,1,1,0,0,0,0,0,0,0,0,0,1,1,0,0,0,0,1, 0.00690935, 0.00521357, 0.00331561, 0.0075582, 0.00545641,buy
2016-11-19,0,0,0,0,2,1,1,1,0,0,1,0,0,0,0,1,0,1,0,0,0,0,0,0,0,1,1,0,0,0,0,0,-0.00280828, 0.00352790, 0.00247259, 0.0008844,-0.00010173,buy
2016-11-20,0,0,0,0,2,2,1,0,0,0,0,0,0,0,0,1,0,1,0,0,1,0,0,0,0,1,1,0,0,0,0,0,-0.00265896, 0.00013372, 0.00104825, 0.0003769, 0.00117666,buy
2016-11-21,0,0,0,0,2,2,2,0,1,0,0,1,0,0,0,0,0,1,0,0,1,0,0,0,0,1,1,0,0,0,0,0,-0.00307185,-0.00227762, 0.00023636,-0.0001622,-0.00448540,sell
2016-11-22,0,0,0,0,1,2,1,0,1,0,0,1,1,0,0,0,0,1,0,0,1,0,0,0,0,0,0,0,0,0,0,0, 0.00292811,-0.00060436, 0.00418484, 0.0077178, 0.00835575,buy
2016-11-23,0,0,0,0,1,2,1,1,1,0,0,1,1,0,0,0,0,1,0,0,1,0,0,0,1,0,0,1,0,0,0,0, 0.00098935,-0.00391078, 0.00973653, 0.0100166, 0.00528564,buy
2016-11-24,0,1,0,0,2,2,1,1,1,0,0,1,1,0,0,0,1,1,0,0,1,0,0,0,1,0,0,1,1,0,0,0, 0.00553150, 0.00353296, 0.01079283, 0.0091725, 0.00900192,buy
2016-11-25,2,2,0,0,1,0,0,1,0,0,0,0,1,0,1,0,1,0,0,0,0,0,1,1,1,0,0,1,1,0,0,0,-0.00166237, 0.00508025,-0.00094174,-0.0013252,-0.00063591,sell
2016-11-26,2,2,0,0,1,0,0,1,0,0,0,0,0,0,1,0,1,0,0,0,0,0,1,1,1,0,0,1,1,0,0,0,-0.00505138, 0.00147839,-0.00477730,-0.0035194,-0.00416995,sell
2016-11-27,2,2,0,0,1,0,0,1,0,0,0,0,0,0,1,0,1,0,0,0,0,0,1,1,1,0,0,1,1,0,0,0,-0.00505138, 0.00147839,-0.00477730,-0.0035194,-0.00416995,sell
2016-11-28,1,1,0,0,1,0,0,1,0,0,0,0,0,0,0,0,0,0,0,0,0,0,1,1,0,0,0,0,1,0,1,0,-0.00033444, 0.00414401, 0.00732379, 0.0007869,-0.00124738,buy
2016-11-29,1,1,0,0,0,0,0,2,0,0,0,0,0,0,0,0,0,0,0,1,0,0,1,1,0,0,0,0,0,0,1,0, 0.00192603, 0.00460568, 0.00267675,-0.0019761,-0.00334810,buy
2016-11-30,0,0,0,0,0,1,0,2,0,0,0,0,0,0,0,0,0,0,0,1,0,0,0,0,0,0,0,0,0,1,1,0,-0.00374221, 0.00438401,-0.00546504, 0.0023934,-0.00641454,sell
2016-12-01,0,0,0,0,0,2,0,2,0,0,0,0,0,0,0,0,0,0,0,1,0,0,0,0,0,0,1,0,0,1,1,0,-0.00215497,-0.00056575,-0.00570544, 0.0045696,-0.00520373,sell
2016-12-02,0,0,0,0,0,2,0,1,0,0,0,0,0,0,0,0,0,0,0,1,0,0,0,0,0,0,1,0,0,1,0,0, 0.00052540,-0.00332497,-0.00529899,-0.0030137,-0.00513739,sell
2016-12-03,0,0,0,0,0,3,0,1,0,1,0,0,0,0,0,0,0,0,0,1,0,0,0,0,0,0,1,0,0,1,0,0, 0.00332690, 0.00038405,-0.00277772,-0.0019660,-0.00414120,sell
2016-12-04,0,0,0,0,0,3,0,0,0,1,0,0,0,0,0,0,0,0,0,0,0,0,0,0,0,0,1,0,0,1,0,0, 0.00472358, 0.00552459, 0.00439572, 0.0027816,-0.00452298,buy
2016-12-05,0,0,1,0,1,2,0,0,0,1,0,0,0,0,0,0,1,0,0,0,1,0,0,0,0,0,0,0,0,1,0,0, 0.00047736, 0.00492155, 0.00359482, 0.0037022, 0.00265042,buy
2016-12-06,0,0,1,0,1,2,0,0,0,1,0,0,0,0,0,0,1,0,0,0,1,0,0,0,0,0,0,0,0,1,0,0, 0.00047736, 0.00492155, 0.00359482, 0.0037022, 0.00265042,buy
2016-12-07,0,0,1,0,1,2,1,0,0,1,0,0,0,0,0,0,1,1,0,0,1,0,0,0,0,0,0,0,0,1,0,0, 0.00131543, 0.00221530, 0.00445111,-0.0014476,-0.00280015,buy
2016-12-08,0,0,1,0,1,2,2,0,0,1,1,0,0,0,0,0,1,1,0,0,1,1,0,0,0,0,0,0,0,1,0,0, 0.00530436, 0.00395759, 0.00530436, 0.0040183, 0.00385294,buy
2016-12-09,0,0,0,0,1,3,2,0,0,1,1,0,0,0,0,0,0,1,0,0,1,1,0,0,0,0,0,0,1,1,0,0, 0.00481524, 0.00222461, 0.00533001, 0.0059884, 0.00485066,buy
2016-12-10,1,1,0,1,0,3,2,0,0,1,1,0,0,0,0,0,0,1,0,0,0,1,1,1,0,0,0,0,1,1,0,1, 0.00485632, 0.00026675, 0.00506659, 0.0050666, 0.00548961,buy
2016-12-11,1,1,0,1,0,3,2,0,0,1,1,0,0,0,0,0,0,1,0,0,0,1,1,1,0,0,0,0,1,1,0,1, 0.00485632, 0.00026675, 0.00506659, 0.0050666, 0.00548961,buy
2016-12-12,1,1,0,1,0,3,2,0,0,1,1,0,0,0,0,0,0,1,0,0,0,1,1,1,0,0,0,0,1,1,0,1, 0.00485632, 0.00026675, 0.00506659, 0.0050666, 0.00548961,buy
2016-12-13,1,1,0,1,0,2,0,0,0,1,0,0,0,0,0,0,0,0,0,0,0,0,1,1,0,0,0,0,0,1,0,1, 0.00178590, 0.00522737, 0.00343519,-0.0001314, 0.00355967,buy
2016-12-14,1,0,0,0,1,2,0,0,0,1,0,0,0,0,0,0,0,0,0,0,0,0,1,0,0,0,1,0,0,1,0,0, 0.00061666, 0.00172991,-0.00090926, 0.0016050,-0.00378370,buy
2016-12-15,0,0,0,0,1,2,0,0,0,1,0,0,0,0,0,0,0,0,0,0,0,0,0,0,0,0,1,0,0,1,0,0, 0.00236183, 0.00495884, 0.00213864,-0.0029010,-0.00482529,buy
2016-12-16,0,0,0,0,1,2,0,0,0,1,0,1,0,0,0,0,0,0,0,0,0,0,0,0,0,0,1,0,0,1,0,0, 0.00393137, 0.00117497, 0.00352195, 0.0009160,-0.00237667,buy
2016-12-17,0,0,0,0,1,2,0,0,0,1,0,1,0,0,0,0,0,0,0,0,0,0,0,0,0,0,1,0,0,1,0,0, 0.00393137, 0.00117497, 0.00352195, 0.0009160,-0.00237667,buy
2016-12-18,0,0,0,0,0,2,0,0,0,1,0,1,0,0,0,0,0,0,0,0,0,0,0,0,0,0,0,0,0,1,0,0,-0.00078036,-0.00049639,-0.00403183,-0.0050661,-0.00319058,sell
2016-12-19,0,0,0,0,1,2,1,0,0,1,0,1,0,0,0,1,0,0,1,0,0,0,0,0,0,0,0,0,0,1,0,0,-0.00355333,-0.00185871,-0.00173191,-0.0025524,-0.00148350,sell
2016-12-20,0,0,0,0,2,2,1,0,0,1,0,1,0,0,0,1,0,0,1,0,0,0,0,0,0,0,0,1,0,1,0,0,-0.00401240,-0.00327404, 0.00074984, 0.0001225, 0.00152366,buy
2016-12-21,0,0,0,0,2,2,1,0,0,1,0,1,0,0,0,1,0,0,1,0,0,0,0,0,0,0,0,1,0,1,0,0,-0.00401240,-0.00327404, 0.00074984, 0.0001225, 0.00152366,buy
2016-12-22,0,0,0,0,2,1,1,0,0,0,0,0,0,0,0,1,0,0,1,0,0,0,0,0,0,0,0,1,0,1,0,0,-0.00404443,-0.00213568,-0.00327444,-0.0036702,-0.00137823,sell
2016-12-23,1,0,1,0,1,1,3,0,0,0,0,0,0,0,0,0,0,0,1,0,0,0,0,1,1,0,0,1,1,1,1,0,-0.00179923,-0.00011015,-0.00024726,-0.0025258,-0.00023649,sell
2016-12-24,1,0,1,0,0,1,3,0,0,0,0,0,0,0,0,0,0,0,1,0,0,0,0,1,1,0,0,0,1,1,1,0,-0.00090042,-0.00107072,-0.00142890,-0.0021557,-0.00178261,sell
2016-12-25,1,0,1,0,0,1,4,0,0,0,1,0,0,0,0,0,0,0,1,0,0,0,0,1,1,0,0,0,1,1,1,0,-0.00018246, 0.00000052,-0.00069100,-0.0023329,-0.00191881,sell
2016-12-26,1,0,1,0,0,1,4,0,0,0,1,0,0,0,0,0,0,0,1,0,0,0,0,1,1,0,0,0,1,1,1,0,-0.00018246, 0.00000052,-0.00069100,-0.0023329,-0.00191881,sell
2016-12-27,1,0,0,0,0,2,4,0,0,0,1,0,0,1,0,1,0,0,1,0,0,0,0,0,1,0,0,0,1,1,1,0, 0.00469522, 0.00168947, 0.00220173, 0.0012762, 0.00175734,buy
2016-12-28,0,0,0,0,0,2,3,0,0,1,1,0,0,1,0,1,0,0,1,0,0,0,0,0,0,0,0,0,0,1,0,0, 0.00075892, 0.00121026,-0.00173295, 0.0009834, 0.00205164,buy
2016-12-29,0,0,0,0,0,1,3,0,0,1,0,0,0,1,0,0,0,0,1,1,0,0,0,0,0,0,0,0,0,1,0,0, 0.00208316, 0.00012982,-0.00479368,-0.0021563, 0.00324598,buy
2016-12-30,0,0,0,0,0,1,2,0,0,0,0,0,0,0,0,0,0,0,1,1,0,0,0,0,0,0,0,0,0,1,0,0, 0.00324138, 0.00146227,-0.00104089, 0.0039844, 0.00091716,buy
2016-12-31,0,0,1,0,0,1,2,0,0,0,0,0,0,0,0,0,1,0,1,1,0,0,0,0,0,0,0,0,0,1,0,0, 0.00418695, 0.00561522,-0.00429685, 0.0053228, 0.00214828,buy
2017-01-01,0,0,1,0,0,1,2,0,0,0,0,0,0,0,0,0,1,0,1,1,0,0,0,0,0,0,0,0,0,1,0,0, 0.00418695, 0.00561522,-0.00429685, 0.0053228, 0.00214828,buy
2017-01-02,0,0,1,0,0,1,2,0,0,0,0,0,0,0,0,1,1,0,1,0,0,0,0,0,0,0,0,0,0,1,0,0, 0.00391205, 0.00280916,-0.00080701, 0.0004558, 0.00440627,buy
2017-01-03,0,0,2,0,0,2,2,0,0,0,0,0,0,0,0,1,1,0,1,0,0,0,0,0,0,0,0,1,0,1,0,1, 0.00129890,-0.00229535, 0.00144399,-0.0009104, 0.00126854,buy
2017-01-04,0,0,2,0,0,2,1,0,0,0,0,0,0,0,0,1,1,0,0,0,0,0,0,0,0,0,0,1,0,1,0,1,-0.00666096,-0.00216557, 0.00342376,-0.0082696,-0.00188942,sell
2017-01-05,0,0,2,0,0,2,0,0,0,0,0,0,0,0,0,0,1,0,0,0,1,0,0,0,0,0,0,1,0,1,0,1,-0.00239343, 0.00620398, 0.00815961,-0.0065112,-0.00326010,sell
2017-01-06,0,0,2,0,0,3,0,0,0,0,0,0,0,0,0,0,1,0,0,0,1,0,0,0,0,0,0,1,0,1,1,1,-0.00545507, 0.00507756, 0.00471737,-0.0076047, 0.00156072,buy
2017-01-07,0,1,1,0,0,2,0,0,0,0,0,0,0,0,0,0,1,0,0,0,1,0,0,0,1,0,0,1,0,0,1,0,-0.00860511,-0.00397504,-0.00311652,-0.0067166,-0.00443813,sell
2017-01-08,0,1,1,0,0,1,0,1,0,0,0,0,0,0,0,0,1,0,0,0,1,0,1,0,1,0,0,0,0,0,1,0,-0.00632412,-0.00653667,-0.00527877, 0.0006249,-0.00593917,sell
2017-01-09,0,1,1,0,0,1,0,1,0,0,0,0,0,0,0,0,1,0,0,0,1,0,1,0,1,0,0,0,0,0,1,0,-0.00632412,-0.00653667,-0.00527877, 0.0006249,-0.00593917,sell
2017-01-10,0,1,1,0,1,1,0,2,0,0,0,0,0,0,0,0,1,1,0,0,0,1,1,0,1,0,1,0,0,0,1,0, 0.00220130,-0.00861001, 0.00171645,-0.0069739,-0.00008641,sell
2017-01-11,0,1,1,0,1,0,0,2,0,0,0,0,0,0,0,0,1,1,0,0,0,1,1,0,1,0,1,0,0,0,0,0, 0.00574124,-0.00612270, 0.00513036,-0.0043845, 0.00248423,buy
2017-01-12,0,1,1,0,1,0,0,2,0,0,0,0,0,0,0,0,1,1,0,0,0,1,1,0,1,0,1,0,0,0,0,0, 0.00574124,-0.00612270, 0.00513036,-0.0043845, 0.00248423,buy
2017-01-13,0,0,1,0,1,1,0,1,0,0,0,0,0,0,0,0,1,1,0,1,0,1,0,0,0,0,1,0,0,0,0,0, 0.00869960, 0.00132451, 0.00469362, 0.0020807, 0.00685297,buy
2017-01-14,0,1,1,0,1,1,0,1,0,0,0,0,0,0,0,0,1,1,0,1,0,1,0,0,0,0,1,0,0,0,0,1, 0.00795766, 0.00022822, 0.00480505, 0.0035420, 0.00270798,buy
2017-01-15,0,1,0,0,0,1,0,0,0,0,0,0,0,0,0,0,0,0,0,1,0,0,0,0,0,0,0,0,0,0,0,1,-0.00583884, 0.00397496,-0.00503819,-0.0085128,-0.00401970,sell
2017-01-16,0,1,0,1,0,1,0,0,0,0,0,0,0,0,0,0,0,0,0,1,0,0,0,1,0,0,0,0,0,0,0,1,-0.00597939, 0.00475036,-0.00554469,-0.0083625,-0.00359489,sell
2017-01-17,0,1,0,1,0,1,0,0,0,0,0,0,0,0,0,0,0,0,0,1,0,0,0,1,0,0,0,0,0,0,0,1,-0.00597939, 0.00475036,-0.00554469,-0.0083625,-0.00359489,sell
2017-01-18,0,0,0,1,0,1,1,0,0,0,0,0,0,0,0,0,0,0,0,0,0,0,0,1,0,0,0,1,0,1,0,0, 0.00393987, 0.00206976, 0.00463628, 0.0059141, 0.00531927,buy
2017-01-19,0,0,0,1,0,1,1,0,0,0,0,0,0,0,0,0,0,0,0,0,0,0,0,1,0,0,0,1,0,1,0,0, 0.00393987, 0.00206976, 0.00463628, 0.0059141, 0.00531927,buy
2017-01-20,0,0,0,0,0,1,1,0,0,0,0,0,0,0,0,0,0,0,0,0,0,0,0,0,0,0,0,1,0,1,0,0,-0.00386927,-0.00266078, 0.00082687, 0.0025823, 0.00470297,buy
2017-01-21,0,0,0,0,1,1,1,0,0,0,0,0,0,0,0,0,0,0,0,0,0,0,0,0,0,0,0,1,0,1,1,0,-0.00364349, 0.00272339, 0.00101090, 0.0012694, 0.00520024,buy
2017-01-22,0,0,0,0,1,1,2,0,0,0,1,0,0,0,0,0,0,0,0,0,0,0,0,0,0,0,0,1,0,1,1,0, 0.00190843, 0.00020446,-0.00187909, 0.0011891, 0.00496924,buy
2017-01-23,0,0,0,0,1,1,1,0,0,0,1,0,0,0,0,0,0,0,0,0,0,0,0,0,0,0,0,0,0,1,1,0, 0.00232483,-0.00238995,-0.00294733,-0.0011189, 0.00293717,sell
2017-01-24,0,0,1,0,1,1,1,0,0,0,1,0,0,0,0,0,0,0,0,0,0,0,0,0,1,0,0,0,0,1,1,0, 0.00560641,-0.00000494, 0.00096139,-0.0047357, 0.00008994,buy
2017-01-25,0,0,1,0,1,1,1,1,0,0,1,0,0,0,0,0,0,0,0,0,0,0,0,0,1,0,0,0,1,1,1,0, 0.00080573, 0.00414611, 0.00016783,-0.0007838,-0.00190329,buy
2017-01-26,0,0,1,0,1,2,0,1,0,0,0,0,0,0,0,0,0,0,0,0,0,1,0,0,1,0,0,0,1,1,1,0,-0.00181045, 0.00790037, 0.00201763, 0.0046000,-0.00182533,buy
2017-01-27,1,0,1,0,0,2,0,1,0,0,0,0,0,0,0,0,0,0,0,0,0,1,0,0,1,0,0,0,1,1,0,1,-0.00563335, 0.00212330,-0.00071784, 0.0041513, 0.00089069,buy
2017-01-28,1,0,1,0,1,2,0,1,0,0,0,1,0,0,0,0,0,0,0,1,0,1,0,0,1,0,0,0,1,1,0,1,-0.00675468,-0.00069049, 0.00076263, 0.0010385, 0.00261758,buy
2017-01-29,1,0,0,0,1,2,0,1,0,0,0,1,0,0,0,0,0,0,0,1,0,1,0,0,0,0,0,0,1,1,0,1,-0.00965006,-0.00669189,-0.00450728,-0.0045481, 0.00293030,sell
2017-01-30,1,0,0,0,1,2,0,2,0,0,0,1,0,0,1,0,0,0,0,1,0,1,0,0,0,0,0,0,1,1,0,1,-0.00883802,-0.00845253,-0.00700333,-0.0059498,-0.00061225,sell
2017-01-31,0,0,0,0,1,2,0,1,0,0,0,1,0,0,1,0,0,0,0,1,0,1,0,0,0,0,0,0,0,1,0,0,-0.01072738,-0.01074638,-0.00872713,-0.0019271,-0.00039372,sell
2017-02-01,0,0,0,0,1,1,0,2,1,0,0,0,0,0,1,0,0,0,0,1,0,0,0,0,0,0,0,0,0,1,0,0, 0.00354181, 0.00855786,-0.00433369,-0.0026327, 0.00292917,buy
2017-02-02,0,0,0,1,1,1,0,2,1,0,0,0,1,0,1,0,1,0,0,0,0,0,0,0,0,0,0,0,0,1,0,0,-0.00015807,-0.00400504,-0.00557432, 0.0016965,-0.00069450,sell
2017-02-03,0,0,0,1,1,2,0,1,1,0,1,0,1,0,0,0,1,0,0,0,0,0,0,0,0,0,0,0,0,1,0,0,-0.00107982,-0.00453931,-0.00468015, 0.0011670,-0.00317172,sell
2017-02-04,0,0,0,1,2,2,0,1,1,0,1,0,1,0,0,0,1,0,0,0,1,0,0,0,0,0,0,0,0,1,0,0,-0.00130689,-0.00430416,-0.00560787,-0.0005726,-0.00259038,sell
2017-02-05,0,0,0,0,2,2,0,0,0,0,1,0,1,0,0,0,0,0,0,0,1,0,0,0,0,0,0,0,0,1,0,0,-0.00277397, 0.00002044, 0.00002044, 0.0010118,-0.00173521,sell
2017-02-06,0,0,0,0,1,1,0,0,0,0,0,0,0,0,0,0,0,0,0,0,1,0,0,0,0,0,0,0,0,1,0,0,-0.00029832,-0.00232553,-0.00446412,-0.0082604,-0.00604397,sell
2017-02-07,0,0,0,0,1,1,1,0,0,0,0,0,0,0,0,0,0,0,0,0,1,0,1,0,0,0,0,0,0,1,0,0, 0.00100253,-0.00300894,-0.00106872,-0.0015169,-0.00080576,sell
2017-02-08,0,0,0,0,1,1,2,0,0,0,0,0,0,0,0,1,0,0,0,0,1,0,1,0,0,0,0,0,0,1,0,0,-0.00077890,-0.00290898,-0.00288746,-0.0009717, 0.00418295,sell
2017-02-09,1,0,1,0,0,1,2,0,0,0,0,0,0,0,0,1,0,1,0,0,0,0,1,1,0,0,0,0,0,1,0,0, 0.00303210, 0.00441444, 0.00130839, 0.0032857, 0.00280514,buy
2017-02-10,1,0,1,0,0,1,2,0,0,0,0,0,0,0,0,1,0,1,0,0,0,0,1,1,0,0,0,0,0,1,0,0, 0.00303210, 0.00441444, 0.00130839, 0.0032857, 0.00280514,buy
2017-02-11,1,0,1,0,0,0,2,0,0,0,0,0,0,0,0,1,0,1,0,0,0,0,1,1,0,0,0,0,0,0,0,0, 0.00091499, 0.00489256, 0.00191209, 0.0058193, 0.00379738,buy
2017-02-12,1,0,1,0,0,0,2,0,0,0,0,0,0,0,0,1,0,1,0,0,0,1,0,1,0,0,0,0,0,0,0,0,-0.00158852, 0.00108904,-0.00041409, 0.0000705,-0.00155931,sell
2017-02-13,1,0,0,0,1,2,2,0,0,0,1,0,1,0,0,1,0,1,1,0,0,1,0,0,0,0,0,0,0,0,0,0, 0.00515742,-0.00187126, 0.00117898, 0.0038939, 0.00643204,buy
2017-02-14,0,0,0,0,1,2,2,0,0,1,1,0,1,0,0,0,0,0,1,0,0,1,0,0,0,0,0,0,0,0,0,0, 0.00206635, 0.00038990, 0.00346910, 0.0009248, 0.00170015,buy
2017-02-15,0,0,0,0,1,2,2,0,0,1,1,0,1,0,0,0,0,0,1,0,0,1,0,0,0,0,0,0,0,0,0,0, 0.00206635, 0.00038990, 0.00346910, 0.0009248, 0.00170015,buy
2017-02-16,0,0,0,0,0,1,2,0,0,1,0,0,0,0,0,0,0,0,1,0,0,1,0,0,0,0,0,0,0,0,0,0,-0.00232404,-0.00356410,-0.00199157,-0.0043376,-0.00030919,sell
2017-02-17,0,0,0,0,1,1,1,0,0,1,0,0,0,0,0,0,0,0,1,0,0,0,0,0,0,0,1,0,0,0,0,0,-0.00254262,-0.00188550,-0.00200473,-0.0018948,-0.00613938,sell
2017-02-18,0,0,0,0,2,1,1,0,0,1,0,1,0,0,0,0,0,0,1,0,0,0,0,0,0,0,1,0,0,0,0,0,-0.00344189,-0.00366720,-0.00109950, 0.0008137,-0.00456240,sell
2017-02-19,0,0,1,0,2,1,1,0,0,0,0,1,0,0,1,0,1,0,1,0,0,0,0,0,0,0,1,0,0,0,0,0, 0.00308607, 0.00509990, 0.00470240, 0.0050598, 0.00107391,buy
2017-02-20,1,0,1,0,2,2,1,0,1,0,0,1,0,0,1,0,1,0,1,0,1,0,0,0,0,0,1,0,0,0,0,0, 0.00514512, 0.00245373, 0.00037924, 0.0016898, 0.00433037,buy
2017-02-21,1,0,1,0,1,2,1,0,1,0,0,0,0,0,1,0,1,0,1,0,1,0,0,0,0,0,1,0,0,0,0,0, 0.00640502, 0.00462418, 0.00105783, 0.0037884, 0.00531547,buy
2017-02-22,1,1,0,0,1,3,2,0,1,0,0,0,1,0,1,1,0,0,1,0,1,0,0,1,0,0,1,0,0,0,0,0,-0.00026675, 0.00436522,-0.00030344,-0.0001942, 0.00083076,buy
2017-02-23,0,1,0,0,1,4,1,0,0,0,0,0,1,0,0,1,0,0,1,0,1,0,1,1,0,0,1,0,0,0,0,0,-0.00424394,-0.00430736,-0.00409876,-0.0042416,-0.00518215,sell
2017-02-24,0,2,0,0,1,4,1,0,0,0,0,0,1,0,0,1,0,1,1,0,1,0,1,1,0,0,1,0,0,0,0,0,-0.00273121,-0.00272253,-0.00332074,-0.0030014,-0.00339517,sell
2017-02-25,0,2,0,0,1,3,1,0,0,0,0,0,1,0,0,1,0,1,1,0,0,0,1,1,0,0,1,0,0,0,0,0,-0.00100228, 0.00234117,-0.00277935, 0.0001704, 0.00114575,buy
2017-02-26,0,1,0,0,1,3,0,0,0,0,0,1,0,0,0,0,0,1,1,0,0,0,1,0,0,0,1,0,0,0,0,0, 0.00331011, 0.00114535, 0.00451192, 0.0040172, 0.00200734,buy
2017-02-27,0,2,0,0,1,3,0,0,0,0,0,1,0,0,0,0,1,1,1,0,0,0,1,0,0,0,1,0,0,0,0,0,-0.00009275,-0.00339617,-0.00170630, 0.0019707,-0.00565463,sell
2017-02-28,0,2,0,0,1,3,0,0,1,0,0,1,0,0,1,0,1,0,1,1,0,0,0,0,0,0,1,0,0,0,0,0, 0.00072640,-0.00222471,-0.00202257,-0.0002097, 0.00039853,sell
2017-03-01,0,2,0,0,2,3,0,0,1,1,0,1,0,0,1,0,1,0,0,1,0,0,0,0,0,0,1,0,0,1,0,0,-0.00367199,-0.00366817,-0.00070180, 0.0034677, 0.00517815,sell
2017-03-02,0,1,0,0,2,2,0,0,1,1,0,0,0,0,1,0,0,0,0,1,0,0,0,0,0,0,1,0,0,1,0,0,-0.00289586,-0.00573265,-0.00187139,-0.0019073, 0.00251666,sell
2017-03-03,0,1,0,0,2,2,0,0,1,1,1,0,0,0,1,0,0,0,0,1,0,0,0,0,0,0,1,0,0,1,0,0,-0.00178822,-0.00128860,-0.00209299, 0.0024544, 0.00518139,sell
2017-03-04,0,0,0,0,3,1,0,0,0,1,1,0,0,1,0,1,0,0,0,1,0,0,0,0,0,0,1,0,0,1,0,0, 0.00132343,-0.00104194,-0.00457591,-0.0015022, 0.00160525,sell
2017-03-05,0,0,0,0,3,1,0,0,0,1,1,0,0,1,0,1,0,0,0,0,0,0,0,0,0,0,1,0,0,1,0,0, 0.00054707, 0.00255737,-0.00097297,-0.0003873,-0.00089377,buy
2017-03-06,0,0,0,0,2,0,0,0,0,0,0,0,0,1,0,1,0,0,0,0,0,0,0,0,0,0,1,0,0,0,0,0,-0.00036389, 0.00271228,-0.00284960,-0.0003639,-0.00123875,sell
2017-03-07,1,0,0,0,1,0,2,0,0,0,0,1,0,1,0,0,1,0,0,0,1,0,0,0,0,0,1,0,0,0,0,0, 0.00462468, 0.00325095, 0.00586832, 0.0028419, 0.00424743,buy
2017-03-08,2,0,1,0,1,0,2,0,1,0,0,1,0,1,0,0,1,0,0,0,1,0,0,1,0,0,1,0,0,0,0,0, 0.00467370, 0.00398209, 0.00681380, 0.0031581, 0.00553228,buy
2017-03-09,2,0,1,0,2,0,2,0,1,0,0,1,0,1,1,0,1,0,0,0,1,0,0,1,0,0,1,0,0,0,0,0, 0.00598073, 0.00435584, 0.00490118, 0.0024469, 0.00492498,buy
2017-03-10,1,0,2,0,2,0,1,0,1,0,0,0,0,0,1,0,0,1,0,0,1,0,0,1,0,0,1,0,0,0,0,0, 0.00206159,-0.00443051, 0.00228287,-0.0010811, 0.00048581,buy
2017-03-11,1,0,1,0,3,0,1,1,0,0,0,0,1,0,1,0,0,1,0,0,1,0,1,1,0,0,1,0,0,0,0,0,-0.00051433,-0.00395654,-0.00139783, 0.0000362, 0.00085520,sell
2017-03-12,1,0,1,0,2,0,0,1,0,0,0,0,1,0,0,0,0,1,0,0,0,0,1,1,0,0,1,0,0,0,0,0,-0.00441860,-0.00426678,-0.00563935,-0.0027868,-0.00653831,sell
2017-03-13,0,0,1,0,2,0,0,1,0,0,0,0,1,0,0,0,0,1,0,0,0,0,1,0,0,0,1,0,0,0,0,0,-0.00362155,-0.00135063,-0.00331228,-0.0027504,-0.00506511,sell
2017-03-14,0,0,0,0,3,0,0,0,0,1,0,0,0,0,0,0,0,0,0,0,0,0,1,0,0,0,1,0,0,0,0,0,-0.00399947,-0.00299597,-0.00284867,-0.0046943,-0.00312432,sell
2017-03-15,0,0,0,0,3,0,0,1,0,1,0,0,0,0,0,0,0,0,0,0,0,1,1,0,0,0,1,0,0,0,0,0,-0.00498622,-0.00234613,-0.00184878,-0.0030009,-0.00214477,sell
2017-03-16,0,0,0,0,2,0,0,1,0,1,0,0,0,0,0,0,0,0,0,0,0,1,0,0,0,0,1,0,0,0,0,0,-0.00530710,-0.00381734,-0.00201369,-0.0024321,-0.00374851,sell
2017-03-17,0,0,0,0,1,0,0,1,0,1,0,0,0,0,0,1,0,0,0,0,0,1,0,0,0,0,0,0,0,0,0,0,-0.00911864,-0.00599145,-0.00781133,-0.0067679,-0.00788234,sell
2017-03-18,0,0,0,0,0,0,0,1,0,0,0,0,0,0,0,1,0,0,0,0,0,1,0,0,0,0,0,0,0,0,0,0,-0.00670024,-0.00318706,-0.00507520,-0.0048881,-0.00512262,sell
2017-03-19,0,0,0,0,2,0,0,1,0,0,1,0,0,0,0,1,0,0,0,0,0,1,0,0,0,1,0,0,0,0,0,0,-0.00558453,-0.00051374, 0.00113192, 0.0008198,-0.00312232,sell
2017-03-20,0,0,0,0,2,0,0,0,0,0,1,0,0,0,0,0,0,0,0,0,0,0,0,0,0,1,0,0,0,0,0,0,-0.00420004, 0.00253734, 0.00059407,-0.0043013,-0.00581265,sell
2017-03-21,0,0,0,0,2,0,0,0,0,0,1,0,0,0,0,0,0,0,0,0,0,0,0,0,0,1,0,0,0,0,0,0,-0.00420004, 0.00253734, 0.00059407,-0.0043013,-0.00581265,sell
2017-03-22,0,0,0,0,1,0,0,1,0,0,0,1,0,0,0,0,0,0,0,0,0,0,0,0,0,1,0,0,0,0,0,0, 0.00011151, 0.00445563, 0.00061774, 0.0057563, 0.00230765,buy
2017-03-23,0,0,0,1,0,0,0,1,1,0,0,1,0,0,0,0,0,0,0,0,0,0,0,0,0,0,0,0,0,0,0,0,-0.00523010,-0.00295398,-0.00535426,-0.0063120,-0.00675966,sell
2017-03-24,0,0,0,1,0,0,0,2,1,0,0,1,0,0,0,0,1,0,0,0,0,0,0,0,0,0,0,0,0,1,0,0, 0.00158172,-0.00027121,-0.00199889,-0.0014334, 0.00063445,buy
2017-03-25,0,0,0,1,0,0,0,2,1,0,0,1,0,0,1,0,1,0,0,0,0,0,0,0,0,0,0,0,0,1,0,0, 0.00108203, 0.00195379,-0.00439553,-0.0010888, 0.00276964,buy
2017-03-26,0,0,0,0,0,0,0,1,0,0,0,0,0,0,1,0,1,0,0,0,0,0,0,0,0,0,0,0,0,1,0,0,-0.00005552, 0.00002501,-0.00621088,-0.0001663,-0.00613984,sell
2017-03-27,0,0,0,0,0,0,0,0,0,0,0,0,0,0,1,0,0,0,0,0,0,0,0,0,0,0,0,0,0,0,0,0,-0.00162045,-0.00341702,-0.00312719,-0.0010001,-0.00085276,sell
2017-03-28,1,0,0,0,0,1,0,0,0,0,1,0,1,0,1,0,0,0,0,0,0,0,0,0,0,0,0,0,0,0,0,0,-0.00514809,-0.00522003,-0.00501940,-0.0063783,-0.00460088,sell
2017-03-29,1,0,0,0,0,1,0,0,0,0,1,0,1,0,0,0,0,0,0,0,0,0,0,0,0,0,0,0,0,0,0,0,-0.00300899,-0.00597269,-0.00401470,-0.0096777,-0.00641414,sell
2017-03-30,1,0,0,0,0,2,0,0,0,0,1,0,1,0,0,0,0,0,0,0,0,0,0,0,0,1,0,0,0,0,0,0,-0.00181993,-0.00521919,-0.00157480,-0.0074220,-0.00174989,sell
2017-03-31,1,0,0,0,2,2,0,0,0,0,1,0,1,0,0,1,0,0,0,1,0,0,0,0,0,1,0,0,0,0,0,0, 0.00115296, 0.00011426, 0.00137081, 0.0016468, 0.00209140,buy
2017-04-01,0,0,0,0,2,1,0,0,0,0,0,0,0,0,0,1,0,0,0,1,0,0,0,0,0,1,0,0,0,0,0,0, 0.00285246,-0.00302196, 0.00246787, 0.0057103,-0.00146334,buy
2017-04-02,0,0,0,0,2,1,0,0,0,0,0,0,0,0,0,1,0,0,0,1,0,0,0,0,0,1,0,0,0,0,0,0, 0.00285246,-0.00302196, 0.00246787, 0.0057103,-0.00146334,buy
2017-04-03,0,0,0,0,1,0,0,1,0,0,0,0,0,0,0,0,0,0,0,1,0,0,0,0,0,0,0,0,1,0,0,0,-0.00109920,-0.00269562,-0.00191723,-0.0015715,-0.00257207,sell
2017-04-04,0,0,0,0,1,0,0,1,0,0,0,0,0,0,0,0,0,0,0,1,0,0,0,0,0,0,0,0,1,0,0,0,-0.00109920,-0.00269562,-0.00191723,-0.0015715,-0.00257207,sell
2017-04-05,0,0,0,0,0,0,0,1,0,0,0,0,0,0,0,0,0,0,0,0,0,0,0,0,0,0,0,0,1,0,0,0, 0.00191698, 0.00272339,-0.00065678, 0.0024183,-0.00093756,buy
2017-04-06,0,0,0,1,0,0,0,1,0,0,0,0,0,0,0,0,0,1,0,0,0,0,0,0,0,0,0,0,1,0,0,0, 0.00090370, 0.00199416,-0.00018994,-0.0010480,-0.00058585,buy
2017-04-07,0,0,0,1,0,0,0,2,0,0,0,0,0,0,0,0,0,1,0,0,1,0,0,0,0,0,0,0,1,0,0,0,-0.00249674, 0.00203426,-0.00003976,-0.0000120, 0.00160199,buy
2017-04-08,0,0,0,1,0,0,0,2,0,0,0,0,0,0,0,0,0,1,0,0,1,0,0,0,0,0,0,0,1,0,0,0,-0.00249674, 0.00203426,-0.00003976,-0.0000120, 0.00160199,buy
2017-04-09,0,0,0,1,1,0,0,2,0,0,0,0,0,0,0,0,0,1,1,0,1,0,0,0,0,0,0,0,1,0,0,0,-0.00436503, 0.00018460,-0.00266230,-0.0034163, 0.00133147,sell
2017-04-10,0,0,0,0,1,0,0,2,0,0,0,0,0,0,0,0,0,0,1,0,1,0,0,0,0,0,0,0,1,0,0,0,-0.00071990, 0.00210806, 0.00268538,-0.0001018, 0.00034802,buy
2017-04-11,0,0,0,0,1,0,0,2,0,0,0,0,0,0,0,0,0,0,1,0,1,0,0,0,0,0,0,0,1,0,0,0,-0.00071990, 0.00210806, 0.00268538,-0.0001018, 0.00034802,buy
2017-04-12,0,0,0,0,1,0,0,2,0,0,0,0,0,0,0,0,0,0,1,0,0,0,1,1,0,0,0,0,1,0,0,0,-0.00428724,-0.00311770,-0.00107600,-0.0033698,-0.00540274,sell
2017-04-13,0,0,0,0,1,0,0,2,0,0,0,0,0,0,0,0,0,0,1,0,0,0,1,1,0,0,0,0,1,0,0,0,-0.00428724,-0.00311770,-0.00107600,-0.0033698,-0.00540274,sell
2017-04-14,1,0,0,0,2,0,1,2,0,0,0,0,0,0,0,0,0,0,1,0,0,0,1,1,0,1,0,0,1,1,0,1,-0.00061282,-0.00224591, 0.00005854,-0.0014667, 0.00378370,sell
2017-04-15,2,0,0,0,2,0,1,2,0,0,0,0,0,0,0,0,0,0,1,0,0,1,1,1,0,1,0,0,1,1,0,1, 0.00106442,-0.00487133,-0.00174852,-0.0051643, 0.00089158,sell
2017-04-16,2,0,0,0,2,1,1,2,0,0,0,0,0,0,0,0,0,0,1,1,0,1,1,1,0,1,0,0,1,1,0,1,-0.00109116,-0.00588070,-0.00125965,-0.0065558, 0.00046099,sell
2017-04-17,2,0,0,0,2,1,1,2,0,0,0,0,0,0,0,0,0,0,1,1,0,1,0,1,0,1,0,0,1,1,0,1,-0.00036430,-0.00550213,-0.00164911,-0.0052495,-0.00094766,sell
2017-04-18,2,0,0,0,2,1,1,1,0,0,0,0,0,0,0,0,0,0,1,1,0,1,0,0,0,1,0,0,1,1,0,1, 0.00093980,-0.00290799,-0.00095972,-0.0056012,-0.00107131,sell
2017-04-19,2,0,0,0,3,1,1,1,0,1,0,0,0,1,0,0,0,0,1,1,0,1,0,0,0,1,0,0,1,1,0,1, 0.00495997, 0.00272696, 0.00227510, 0.0046994, 0.00327652,buy
2017-04-20,1,0,0,0,2,2,1,1,0,1,1,0,0,1,0,0,0,0,1,1,0,0,0,0,0,1,0,0,1,0,0,1, 0.00352465, 0.00443600, 0.00185592,-0.0041879, 0.00751442,buy
2017-04-21,2,0,0,0,3,1,0,1,0,1,1,0,1,1,0,1,0,0,1,0,0,0,0,0,0,0,0,0,1,0,0,1, 0.00393142, 0.00118385, 0.00082972, 0.0035795, 0.00622495,buy
2017-04-22,2,0,0,0,3,1,0,2,0,1,1,0,1,0,0,1,1,0,1,0,0,0,0,0,0,0,0,0,1,0,0,1,-0.00001409, 0.00155107,-0.00313698, 0.0029970, 0.00246142,buy
2017-04-23,2,0,0,0,2,1,0,2,0,0,1,0,1,0,0,1,1,0,1,0,0,0,0,0,0,0,0,0,1,0,0,1,-0.00657853, 0.00270810,-0.00495920, 0.0031433,-0.00035711,sell
2017-04-24,2,0,0,0,1,1,0,2,0,0,1,0,1,0,0,1,1,0,0,0,0,0,0,0,0,0,0,0,1,0,0,1,-0.00327450, 0.00435470,-0.00147653, 0.0043494, 0.00013869,buy
2017-04-25,2,0,0,0,1,1,0,2,0,0,1,0,1,0,1,1,1,0,0,0,0,0,0,0,0,0,0,0,1,0,0,1,-0.00144355, 0.00756639,-0.00080146, 0.0074001, 0.00058264,buy
2017-04-26,2,0,0,0,0,0,0,2,0,0,0,0,1,0,1,0,1,0,0,0,0,0,0,0,0,0,0,0,1,0,0,1,-0.00005660, 0.00619007,-0.00029306, 0.0061106, 0.00418763,buy
2017-04-27,2,0,0,0,0,0,0,1,0,0,0,0,1,0,1,0,0,0,0,0,0,0,0,0,0,0,0,0,1,0,0,1, 0.00155904, 0.00466829, 0.00033550, 0.0039783, 0.00098548,buy
2017-04-28,2,0,0,0,0,0,0,0,0,0,0,0,1,0,1,0,0,0,0,0,0,0,0,0,0,0,0,0,0,0,0,1,-0.00098462, 0.00066821,-0.00311131, 0.0008504,-0.00143301,sell
2017-04-29,1,0,0,0,0,0,0,0,0,0,0,0,0,0,1,0,0,0,0,0,0,0,0,0,0,0,0,0,0,0,0,1, 0.00088889,-0.00051056,-0.00476139,-0.0005936, 0.00226624,buy
2017-04-30,1,1,0,0,0,0,0,0,0,0,0,0,0,0,1,0,0,0,0,0,0,1,0,0,0,0,0,0,0,0,0,1, 0.00088885, 0.00445801, 0.00533135, 0.0056893, 0.00395541,buy
2017-05-01,1,1,0,0,0,0,1,0,0,0,0,0,0,0,1,0,0,0,0,1,0,1,0,0,0,0,0,0,0,0,0,1, 0.00201509, 0.00369678, 0.00569477, 0.0058752, 0.00185932,buy
2017-05-02,1,1,0,0,0,1,1,0,0,1,0,0,0,0,1,0,0,0,0,1,0,1,0,0,0,0,0,0,0,0,0,1, 0.00324061, 0.00283448, 0.00394797, 0.0040301, 0.00227103,buy
2017-05-03,0,1,1,0,0,1,1,0,0,1,0,0,0,0,1,0,0,1,0,1,0,1,0,0,0,0,0,0,0,0,0,0, 0.00426842, 0.00064874, 0.00086794, 0.0014176, 0.00175073,buy
2017-05-04,0,1,1,0,0,1,1,0,0,1,0,0,0,0,1,0,0,1,0,1,0,1,0,0,0,0,0,0,0,0,0,0, 0.00426842, 0.00064874, 0.00086794, 0.0014176, 0.00175073,buy
2017-05-05,0,0,1,0,0,1,1,0,0,1,0,0,0,0,1,0,0,1,0,1,0,0,0,0,0,0,0,0,0,0,0,0, 0.00496007, 0.00405214,-0.00043754, 0.0043387, 0.00085262,buy
2017-05-06,0,0,1,0,0,1,1,0,0,1,0,0,0,0,1,0,0,1,0,1,0,0,0,0,0,0,0,0,0,0,0,0, 0.00496007, 0.00405214,-0.00043754, 0.0043387, 0.00085262,buy
2017-05-07,1,0,1,0,0,1,0,0,0,1,0,0,0,0,1,0,0,1,0,0,1,0,0,0,0,0,0,0,0,0,0,0, 0.00257688, 0.00367662, 0.00247144, 0.0018381, 0.00265820,buy
2017-05-08,2,0,0,0,0,1,0,0,0,1,0,0,1,0,1,0,0,0,0,0,1,0,0,0,0,0,0,0,0,0,0,0,-0.00092365,-0.00111125, 0.00077611,-0.0020004,-0.00090567,sell
2017-05-09,2,0,0,0,0,1,0,0,0,1,0,0,1,0,1,0,0,0,0,0,1,0,0,0,0,0,0,0,0,0,0,0,-0.00092365,-0.00111125, 0.00077611,-0.0020004,-0.00090567,sell
2017-05-10,2,0,0,0,0,2,0,0,0,1,0,0,1,0,1,0,0,0,0,0,1,0,0,0,0,0,0,0,0,1,0,0, 0.00013915, 0.00023913, 0.00298019, 0.0007086, 0.00144568,buy
2017-05-11,2,0,0,0,0,1,0,0,0,0,0,0,1,0,1,0,0,0,0,0,1,0,0,0,0,0,0,0,0,1,0,0,-0.00341327,-0.00232370, 0.00223266,-0.0018099, 0.00139193,sell
2017-05-12,1,0,0,0,0,2,0,0,0,0,1,0,1,0,1,0,0,0,0,0,0,0,0,0,0,0,0,0,0,1,0,0,-0.00595478,-0.00528754,-0.00502633,-0.0047354,-0.00428643,sell
2017-05-13,1,0,0,0,0,2,0,0,0,0,1,0,1,0,1,0,0,0,0,0,0,0,0,0,0,0,0,0,0,1,0,0,-0.00595478,-0.00528754,-0.00502633,-0.0047354,-0.00428643,sell
2017-05-14,1,0,0,0,1,2,0,0,0,0,1,0,1,0,0,0,0,0,0,0,0,0,1,0,0,0,0,0,0,1,0,0,-0.00511923,-0.00576943,-0.00537863,-0.0074160,-0.00476263,sell
2017-05-15,0,0,1,0,1,3,0,0,0,1,1,0,0,0,0,0,0,0,0,0,0,1,1,0,0,0,0,0,0,1,0,0, 0.00057205,-0.00226964, 0.00483399, 0.0038382,-0.00104044,buy
2017-05-16,0,0,1,0,1,3,0,0,0,1,1,0,0,0,0,0,0,0,0,0,0,1,1,0,0,0,0,0,0,1,0,0, 0.00057205,-0.00226964, 0.00483399, 0.0038382,-0.00104044,buy
2017-05-17,0,1,1,1,2,3,0,0,0,1,1,0,0,0,0,0,0,1,0,0,0,1,1,0,1,0,1,0,0,1,0,0,-0.00457211,-0.00728469,-0.00846103,-0.0081503,-0.00923518,sell
2017-05-18,0,1,1,1,2,2,0,0,0,1,0,0,0,0,0,0,0,1,0,0,0,1,1,0,1,0,1,0,0,1,0,0,-0.00435471,-0.00654619,-0.00870085,-0.0075584,-0.00870085,sell
2017-05-19,0,1,1,1,2,2,0,1,0,1,0,0,0,0,0,0,1,1,0,0,0,1,1,0,1,0,1,0,0,1,0,0,-0.00449870,-0.00802680,-0.00553731,-0.0072081,-0.00654000,sell
2017-05-20,0,1,0,1,1,2,0,1,0,1,0,0,0,0,0,0,1,1,0,0,0,0,0,0,1,0,1,0,0,1,0,0,-0.00177866,-0.00196745,-0.00463920,-0.0029214,-0.00322721,sell
2017-05-21,0,1,0,1,1,2,0,1,0,1,0,0,0,0,0,0,1,1,0,0,0,0,0,0,1,0,1,0,0,1,0,0,-0.00177866,-0.00196745,-0.00463920,-0.0029214,-0.00322721,sell
2017-05-22,0,0,0,0,1,2,0,1,0,1,0,0,0,0,0,0,1,0,0,0,0,0,0,0,0,0,1,0,0,1,0,0, 0.00602577, 0.00754654, 0.00600615, 0.0054336,-0.00208806,buy
2017-05-23,0,1,0,0,0,2,0,2,0,1,0,0,0,0,0,0,1,0,0,0,1,0,0,0,0,0,0,1,0,1,0,0, 0.00092896, 0.00169393, 0.00385329, 0.0002194, 0.00016031,buy
2017-05-24,0,2,0,0,0,2,0,2,0,1,0,0,1,0,0,0,1,0,0,0,1,0,0,0,0,0,0,1,0,1,0,0, 0.00091147, 0.00247133, 0.00127753, 0.0018337, 0.00004803,buy
2017-05-25,0,2,0,0,0,2,0,1,0,1,0,0,1,0,0,0,0,0,0,0,1,0,0,0,0,0,0,1,0,1,0,0, 0.00349982, 0.00083164, 0.00354837, 0.0029737, 0.00131360,buy
2017-05-26,0,2,1,0,0,1,1,1,1,0,1,0,1,0,0,0,0,0,0,0,1,0,0,0,0,0,0,1,0,1,0,0,-0.00132823,-0.00313665,-0.00339376,-0.0049496, 0.00257413,sell
2017-05-27,0,2,1,0,0,1,2,1,1,0,1,0,1,0,0,0,0,0,0,0,1,0,0,1,0,0,0,1,0,1,0,0,-0.00038923,-0.00287056,-0.00292301,-0.0055624, 0.00116651,sell
2017-05-28,0,0,1,0,0,1,2,0,1,0,1,0,0,0,0,0,0,0,0,0,0,0,0,1,0,0,0,0,0,1,0,0, 0.00043639,-0.00053130,-0.00009853,-0.0005647,-0.00513608,sell
2017-05-29,0,0,1,0,0,1,2,0,1,0,1,0,0,0,0,0,0,0,0,0,0,0,0,1,0,0,0,0,0,1,0,0, 0.00043639,-0.00053130,-0.00009853,-0.0005647,-0.00513608,sell
2017-05-30,2,0,0,0,0,1,1,0,0,0,0,1,0,0,0,0,0,0,0,0,0,0,0,1,0,0,0,0,1,1,0,0,-0.00133997, 0.00293104,-0.00434653,-0.0024887, 0.00057821,sell
2017-05-31,2,0,0,0,0,2,1,0,0,0,0,1,0,0,0,0,0,0,0,0,0,0,1,1,0,0,0,0,1,1,0,0,-0.00355104, 0.00068804,-0.00386147,-0.0026818,-0.00203082,sell
2017-06-01,3,0,0,0,0,2,1,0,0,0,0,1,0,0,0,0,0,1,0,0,0,0,1,1,0,0,0,0,1,1,1,0,-0.00563578,-0.00167057,-0.00218150, 0.0004532,-0.00141108,sell
2017-06-02,2,0,0,0,0,2,1,1,0,0,0,0,0,0,0,0,0,1,0,1,0,0,1,1,0,0,0,0,1,1,1,0,-0.00277799,-0.00489014,-0.00475834, 0.0004068,-0.00486056,sell
2017-06-03,2,0,1,0,0,3,2,1,0,0,0,0,1,0,0,0,0,1,0,1,0,0,1,1,0,1,1,0,1,1,1,0,-0.00229830,-0.00562900,-0.00445792,-0.0018655,-0.00681314,sell
2017-06-04,1,1,1,0,1,3,1,1,1,0,0,0,1,0,1,0,0,1,0,1,0,0,1,0,0,1,1,0,0,1,1,0, 0.00491999, 0.00307103, 0.00455090, 0.0035971, 0.00263502,buy
2017-06-05,1,1,1,0,2,2,1,1,1,0,0,0,1,0,1,1,0,1,0,1,0,0,0,0,0,1,1,0,0,1,1,0,-0.00358554, 0.00159913, 0.00022077,-0.0012401,-0.00078498,sell
2017-06-06,0,1,0,0,3,2,1,1,1,1,0,0,0,0,1,1,0,0,0,1,0,0,0,0,0,1,1,0,0,1,0,0,-0.00537627,-0.00175705,-0.00437776,-0.0027586,-0.00302937,sell
2017-06-07,0,2,1,0,2,2,1,0,1,1,0,1,0,0,0,1,0,0,0,0,1,0,0,0,0,1,1,0,0,1,0,0,-0.00132593, 0.00743175,-0.00046573, 0.0000974, 0.00028774,buy
2017-06-08,0,1,1,0,2,1,1,0,0,1,0,1,0,0,0,1,0,0,0,0,1,0,0,0,0,1,0,0,0,1,0,0,-0.00092376, 0.00745302, 0.00430908, 0.0043258, 0.00138765,buy
2017-06-09,0,1,1,0,2,1,1,0,0,1,0,1,0,0,0,1,0,0,0,0,1,0,0,0,0,1,0,0,0,1,0,0,-0.00092376, 0.00745302, 0.00430908, 0.0043258, 0.00138765,buy
2017-06-10,0,0,1,0,0,1,1,0,0,0,0,0,0,0,0,0,0,0,0,0,1,0,0,0,0,1,0,0,0,1,0,0,-0.00140185,-0.00424154,-0.00191429, 0.0005734,-0.00389254,sell
2017-06-11,0,0,1,0,0,1,1,0,0,0,0,0,0,0,0,0,0,0,0,0,1,0,0,0,0,1,0,0,0,1,0,0,-0.00140185,-0.00424154,-0.00191429, 0.0005734,-0.00389254,sell
2017-06-12,1,0,0,0,0,2,1,0,1,0,0,0,0,0,1,0,0,0,0,0,0,0,0,0,0,1,0,0,0,1,0,0,-0.00594627,-0.00457806,-0.00473769,-0.0006996,-0.00146654,sell
2017-06-13,1,1,0,1,0,2,2,1,1,0,1,0,0,0,1,0,1,0,0,0,0,1,0,0,0,1,0,0,1,1,0,0, 0.00022422, 0.00490329,-0.00035410, 0.0043420,-0.00255098,sell
2017-06-14,1,1,0,1,0,2,2,1,1,0,1,0,0,0,1,0,1,0,0,0,0,1,0,0,0,1,0,0,1,1,0,0, 0.00022422, 0.00490329,-0.00035410, 0.0043420,-0.00255098,sell
2017-06-15,0,1,1,1,0,1,2,1,0,0,1,1,0,0,0,0,1,0,0,0,0,1,0,0,0,1,0,0,1,1,0,0, 0.00227834, 0.00375604, 0.00384555, 0.0038251, 0.00239704,buy
2017-06-16,0,1,1,1,0,1,1,0,0,0,0,1,0,0,0,0,0,0,0,0,0,1,1,0,0,0,0,0,1,1,0,0,-0.00059570, 0.00312023, 0.00196478,-0.0045878,-0.00129915,buy
2017-06-17,0,1,2,2,0,1,1,0,0,0,0,1,1,0,0,0,0,0,0,0,0,1,1,0,1,0,0,0,1,1,0,0,-0.00228703, 0.00009188, 0.00075404,-0.0029261,-0.00072933,sell
2017-06-18,0,0,1,1,0,1,2,0,0,0,0,0,1,0,0,0,0,0,0,0,0,0,1,0,1,0,1,0,0,1,0,0, 0.00442168, 0.00431990, 0.00046509, 0.0045448,-0.00030222,buy
2017-06-19,0,0,1,1,0,1,3,0,0,0,0,0,1,0,1,0,0,0,0,0,0,0,1,0,1,0,1,0,0,1,0,0, 0.00478766, 0.00374889, 0.00039806, 0.0042501,-0.00119936,buy
2017-06-20,0,0,1,0,0,2,3,0,0,0,0,0,0,1,1,1,0,0,0,0,0,0,1,0,1,0,1,0,0,1,0,0, 0.00560975, 0.00643865, 0.00132783, 0.0068975, 0.00137851,buy
2017-06-21,0,0,1,0,0,2,2,0,0,0,0,0,0,1,1,1,0,0,0,0,0,0,0,0,1,0,1,0,0,1,0,0, 0.00437091, 0.00574532, 0.00302828, 0.0048863, 0.00049433,buy
2017-06-22,1,0,0,0,0,3,1,1,0,0,0,0,0,1,0,1,1,0,0,0,0,0,0,0,0,0,1,1,0,1,0,1,-0.00171375, 0.00325853,-0.00250805,-0.0019881,-0.00245889,sell
2017-06-23,1,0,0,0,0,4,0,1,0,0,0,0,0,1,0,1,1,0,0,0,0,0,0,1,0,0,0,1,0,1,0,1,-0.00203385, 0.00144566,-0.00213064,-0.0037454,-0.00353300,sell
2017-06-24,1,0,0,0,0,3,0,1,0,0,0,0,0,0,0,0,1,0,0,0,0,0,0,1,0,0,0,1,0,1,0,1,-0.00043852, 0.00473742, 0.00493012, 0.0014348, 0.00549238,buy
2017-06-25,1,0,0,0,0,2,0,1,0,0,0,0,0,0,0,0,0,0,0,0,0,0,0,1,0,0,0,1,0,1,0,1, 0.00484987, 0.00540222, 0.00381530, 0.0026324, 0.00497655,buy
2017-06-26,1,0,0,0,0,2,0,2,1,0,0,0,0,0,0,0,0,0,0,0,0,0,0,1,0,0,0,1,0,1,0,1, 0.00389022, 0.00420718, 0.00382147,-0.0001744, 0.00227935,buy
2017-06-27,1,0,1,0,0,2,0,2,1,1,1,0,0,0,0,0,0,0,0,0,0,0,0,1,0,0,0,0,1,1,0,1, 0.00409939, 0.00432431, 0.00152692, 0.0014066, 0.00118462,buy
2017-06-28,1,0,1,0,0,2,0,2,1,1,1,0,0,0,0,0,0,0,0,0,0,0,0,1,0,0,0,0,1,1,0,1, 0.00409939, 0.00432431, 0.00152692, 0.0014066, 0.00118462,buy
2017-06-29,0,0,1,1,0,2,0,1,0,1,0,1,0,0,0,0,0,0,0,0,0,0,0,1,0,0,0,0,1,1,0,1, 0.00544229, 0.00474719, 0.00471949, 0.0027884, 0.00526502,buy
2017-06-30,0,0,1,1,0,2,0,0,0,1,0,1,0,0,0,0,0,0,0,0,0,0,0,1,0,0,0,0,1,1,0,0,-0.00030773, 0.00137942,-0.00050098,-0.0013756, 0.00485259,buy
2017-07-01,0,0,1,1,2,2,0,0,0,0,0,1,1,0,0,0,1,0,0,0,0,0,0,1,0,0,0,0,0,1,1,0,-0.00118285, 0.00047500,-0.00029643,-0.0002773, 0.00178081,buy
2017-07-02,0,1,1,0,2,1,0,0,0,0,0,0,1,0,0,0,1,0,0,0,0,0,0,0,1,0,0,0,0,1,1,0, 0.00229132, 0.00404809, 0.00140060, 0.0036252, 0.00271494,buy
2017-07-03,1,1,1,0,2,1,0,1,0,0,0,0,1,0,0,0,1,1,0,1,0,0,0,0,1,0,0,0,0,1,1,0, 0.00681492, 0.00775124, 0.00431441, 0.0052597,-0.00001303,buy
2017-07-04,1,2,0,0,1,1,1,2,0,0,1,0,0,0,1,1,0,1,0,1,0,0,0,0,1,0,0,0,0,1,1,0,-0.00002633,-0.00415840,-0.00018315,-0.0045370,-0.00027060,sell
2017-07-05,1,2,0,0,1,1,1,2,0,0,1,0,0,0,1,1,0,1,0,1,0,0,0,0,1,0,0,0,0,1,1,0,-0.00002633,-0.00415840,-0.00018315,-0.0045370,-0.00027060,sell
2017-07-06,1,3,0,0,0,1,1,2,0,0,1,0,0,0,1,1,0,1,0,1,0,0,0,0,1,0,0,1,0,1,0,0, 0.00023275,-0.00245515,-0.00016474, 0.0020065,-0.00104936,sell
2017-07-07,1,1,0,0,0,0,1,1,0,0,0,0,0,0,0,1,0,1,0,1,0,0,0,0,0,0,0,1,0,0,0,0, 0.00561096, 0.00261362, 0.00146695, 0.0039068, 0.00387705,buy
2017-07-08,1,1,0,1,0,0,1,1,0,0,0,0,0,0,0,1,0,1,0,1,1,0,0,0,0,0,0,1,0,0,0,0, 0.00517110, 0.00184331, 0.00291213, 0.0035895, 0.00347097,buy
2017-07-09,0,2,0,1,0,0,1,0,0,0,0,0,1,0,0,1,0,0,0,0,1,0,0,0,0,0,0,1,0,0,0,0,-0.00148956,-0.00599742,-0.00485541,-0.0007013,-0.00072441,sell
2017-07-10,0,1,0,1,0,0,1,0,0,0,0,0,1,0,0,1,0,0,0,0,1,0,0,0,0,0,0,0,0,0,0,0, 0.00625993, 0.00442254,-0.00147639, 0.0039026, 0.00174266,buy
2017-07-11,0,1,0,1,0,1,0,0,0,0,0,0,1,0,0,0,0,0,0,0,1,0,0,0,0,1,0,0,0,0,0,0, 0.00115225,-0.00167417, 0.00018074,-0.0025940, 0.00110906,buy
2017-07-12,0,0,1,1,0,1,0,0,0,0,0,0,0,0,0,0,0,0,0,0,1,1,0,0,0,1,0,0,0,0,0,0,-0.00842007,-0.00797269,-0.00760438,-0.0090098,-0.00799899,sell
2017-07-13,0,0,2,0,0,1,1,0,1,0,1,0,0,0,0,0,0,0,0,0,0,1,0,0,0,1,0,0,0,0,0,0,-0.00685215,-0.00783723,-0.00395616,-0.0044608,-0.00549583,sell
2017-07-14,0,0,2,0,0,1,1,0,1,0,1,0,0,0,0,0,0,0,0,0,0,1,0,0,0,1,0,0,0,0,0,0,-0.00685215,-0.00783723,-0.00395616,-0.0044608,-0.00549583,sell
2017-07-15,0,0,3,0,0,2,1,1,1,0,1,1,0,0,0,0,0,0,0,0,0,1,0,0,0,1,1,0,0,0,1,0,-0.00569612,-0.00595513,-0.00119900,-0.0033025,-0.00343318,sell
2017-07-16,1,0,2,0,0,2,1,1,1,0,0,1,0,0,0,0,0,0,0,0,0,1,0,0,1,1,1,0,0,0,1,0,-0.00649746,-0.00154699,-0.00563486,-0.0014517, 0.00060035,sell
2017-07-17,1,0,1,0,0,2,0,1,0,0,0,1,0,0,0,0,0,0,0,0,0,0,0,0,1,1,1,0,0,0,1,0,-0.00066710, 0.00103462,-0.00064149, 0.0011346, 0.00219119,buy
2017-07-18,2,0,1,0,0,2,0,2,0,0,0,1,1,0,0,0,0,0,0,0,0,0,1,0,1,1,1,0,0,0,1,0,-0.00546482,-0.00385464,-0.00488270,-0.0040284,-0.00245704,sell
2017-07-19,2,1,1,0,0,1,0,2,0,0,0,0,1,0,0,0,0,0,0,1,0,0,1,0,1,1,1,1,0,0,0,0,-0.00454310,-0.00104944,-0.00237721,-0.0022578, 0.00082004,sell
2017-07-20,2,1,1,0,0,0,0,1,0,0,0,0,1,0,0,0,0,0,1,1,0,0,1,0,1,0,0,1,0,0,0,0,-0.00510922,-0.00166193,-0.00694767,-0.0013934, 0.00424891,sell
2017-07-21,1,1,1,0,0,0,0,1,0,0,0,0,1,0,0,0,0,0,1,1,0,0,1,0,0,0,0,1,0,0,0,0, 0.00412817, 0.00507171, 0.00406794, 0.0051814, 0.00461775,buy
2017-07-22,0,1,1,1,1,0,0,1,0,0,0,0,0,0,0,0,0,0,1,1,0,0,1,1,0,0,0,1,1,0,0,0, 0.00071327,-0.00110891, 0.00008864,-0.0014680,-0.00160131,sell
2017-07-23,1,1,0,1,1,0,0,1,0,0,0,0,0,0,1,0,0,0,1,1,0,0,1,1,0,0,0,0,1,0,0,0,-0.00158740, 0.00244075, 0.00126230,-0.0009023,-0.00633509,sell
2017-07-24,1,0,0,1,1,0,0,0,0,0,0,0,0,0,1,0,0,0,1,0,0,0,0,1,0,0,0,0,1,0,0,0,-0.00726228,-0.00282967, 0.00036193, 0.0019711,-0.00693503,sell
2017-07-25,1,0,0,1,1,1,0,0,1,0,0,0,0,0,1,0,0,0,1,0,0,0,0,1,0,0,0,0,1,0,0,0,-0.00598666,-0.00286757, 0.00224072, 0.0017795,-0.00721831,sell
2017-07-26,1,1,0,1,1,1,0,0,1,0,0,1,0,0,1,0,0,0,1,0,0,0,0,1,0,0,0,0,1,0,0,0,-0.00595831,-0.00153351,-0.00174888, 0.0008251,-0.00550151,sell
2017-07-27,0,2,0,0,1,1,0,0,1,0,0,1,0,0,0,0,0,0,1,0,0,1,0,1,0,0,0,0,0,0,0,0,-0.00471435,-0.00045870,-0.00606255, 0.0003146,-0.00021639,sell
2017-07-28,0,2,0,0,1,1,1,0,1,0,0,1,0,0,0,0,1,0,1,0,0,1,0,1,0,0,0,0,0,0,1,0, 0.00092440,-0.00095647,-0.00464848,-0.0009888,-0.00213010,sell
2017-07-29,0,2,0,0,2,1,1,0,1,1,0,1,0,0,0,0,1,0,1,0,0,1,0,1,0,0,0,0,0,0,1,0,-0.00018249,-0.00159721,-0.00502604,-0.0018145,-0.00228079,sell
2017-07-30,0,2,0,0,2,0,1,0,0,1,0,1,0,0,0,0,1,0,1,0,0,1,0,1,0,0,0,0,0,0,1,0, 0.00030710, 0.00059343,-0.00197853,-0.0035221,-0.00008484,sell
2017-07-31,0,1,0,0,2,0,1,0,0,1,0,0,0,0,0,0,1,0,1,0,0,1,0,1,0,0,0,0,0,0,1,0, 0.00173786,-0.00017587,-0.00110970,-0.0021621,-0.00001623,sell
2017-08-01,0,0,0,0,1,0,1,0,0,1,0,0,0,0,0,0,1,0,1,0,0,0,0,0,0,0,0,0,0,0,1,0, 0.00398322,-0.00053785, 0.00364636, 0.0028040, 0.00067595,buy
2017-08-02,0,0,0,0,1,0,0,0,0,1,0,0,0,0,0,0,1,0,1,0,0,0,0,0,0,0,0,0,0,0,0,0, 0.00427069, 0.00035878, 0.00283862, 0.0048347, 0.00191305,buy
2017-08-03,0,0,1,0,1,0,0,0,0,1,0,0,0,0,0,0,1,0,0,1,0,0,0,0,0,0,0,0,0,0,0,0, 0.00268020,-0.00420389, 0.00265415, 0.0031826, 0.00298350,buy
2017-08-04,0,0,1,0,1,0,0,0,0,1,0,0,0,0,0,0,1,0,0,1,0,0,0,0,0,0,0,0,0,0,0,0, 0.00268020,-0.00420389, 0.00265415, 0.0031826, 0.00298350,buy
2017-08-05,0,0,1,0,1,0,0,0,0,1,0,0,0,0,0,0,1,0,0,1,0,0,0,0,0,0,0,0,0,0,0,0, 0.00268020,-0.00420389, 0.00265415, 0.0031826, 0.00298350,buy
2017-08-06,0,0,1,0,1,0,1,0,0,1,0,0,0,0,0,0,1,0,0,1,0,0,0,0,0,0,0,0,0,0,0,1, 0.00261115,-0.00377315, 0.00047832, 0.0028106, 0.00214295,buy
2017-08-07,0,0,2,0,1,0,1,0,0,1,0,0,0,0,0,0,1,0,0,1,1,0,0,0,0,0,0,0,0,0,0,1, 0.00010162,-0.00375399,-0.00203663, 0.0011999, 0.00113479,sell
2017-08-08,0,0,1,0,1,0,3,0,0,1,0,0,0,0,0,1,1,1,0,0,1,0,0,0,0,0,0,0,0,0,0,1,-0.00540094,-0.00412016,-0.00133209,-0.0037268,-0.00490458,sell
2017-08-09,0,0,1,0,1,0,3,0,0,1,0,0,0,0,0,1,1,1,0,0,1,0,0,0,0,0,0,0,0,0,0,1,-0.00540094,-0.00412016,-0.00133209,-0.0037268,-0.00490458,sell
2017-08-10,1,0,1,0,2,0,3,0,0,1,0,0,0,0,0,1,1,1,0,0,1,0,0,0,0,1,1,0,0,0,0,1,-0.00530452,-0.00155895,-0.00367798,-0.0033349,-0.00539162,sell
2017-08-11,2,1,1,1,1,0,3,0,0,0,1,0,0,0,1,1,1,1,0,0,1,1,0,0,0,1,1,0,0,0,0,1,-0.00033764,-0.00065738,-0.00026021, 0.0003578,-0.00094456,sell
2017-08-12,2,1,0,1,1,0,3,0,0,0,1,0,0,0,1,1,1,1,0,0,0,1,0,0,0,1,1,0,0,0,0,1, 0.00077509, 0.00048592,-0.00058629,-0.0020525,-0.00123595,sell
2017-08-13,2,1,0,2,1,0,1,0,0,0,1,0,0,0,1,0,1,1,0,0,0,1,0,0,0,1,1,1,0,0,0,0, 0.00463442, 0.00419811,-0.00088686, 0.0016023,-0.00389626,buy
2017-08-14,1,1,0,2,1,0,0,0,0,0,1,0,0,0,1,0,1,0,0,0,0,1,0,0,0,1,0,1,0,0,0,0, 0.00570361, 0.00541080, 0.00285713, 0.0046347,-0.00042970,buy
2017-08-15,1,1,0,2,1,0,0,1,0,0,1,0,0,0,1,0,1,0,0,0,0,1,0,0,1,1,0,1,0,0,0,0, 0.00469994, 0.00536702, 0.00230107, 0.0057498,-0.00031705,buy
2017-08-16,0,0,0,1,1,0,0,1,0,0,0,0,0,0,0,0,0,0,0,0,0,0,0,0,1,1,0,1,0,0,0,0, 0.00124586,-0.00030677, 0.00180826,-0.0046714, 0.00111275,buy
2017-08-17,0,0,1,1,1,0,0,1,0,0,0,0,0,0,0,0,0,0,0,0,0,0,0,0,1,1,0,1,1,0,0,0, 0.00204722,-0.00050571,-0.00206174,-0.0031314, 0.00135751,sell
2017-08-18,0,0,1,0,0,0,0,1,0,0,0,0,0,0,0,0,0,0,0,0,0,0,0,0,1,0,0,0,1,0,0,0,-0.00191002, 0.00226754,-0.00403207,-0.0042898,-0.00514540,sell
2017-08-19,1,0,1,0,0,1,0,1,0,0,0,0,0,0,0,1,0,0,0,0,0,0,1,0,1,0,0,0,1,0,0,0,-0.00109500, 0.00508021,-0.00196792,-0.0001453,-0.00232263,sell
2017-08-20,1,0,1,0,0,1,0,0,0,0,0,0,0,0,0,1,0,0,0,0,0,0,1,0,0,0,0,0,1,0,0,0, 0.00014911, 0.00608434, 0.00030418, 0.0037587,-0.00121535,buy
2017-08-21,1,0,0,0,0,1,0,0,0,0,0,0,0,0,0,1,0,0,0,0,0,0,1,0,0,0,0,0,0,0,0,0, 0.00074964, 0.00663082, 0.00090872, 0.0062246, 0.00045174,buy
2017-08-22,1,0,0,0,0,2,0,0,1,0,0,0,0,0,0,1,0,0,0,0,0,0,1,0,0,0,0,0,0,0,0,0, 0.00339515, 0.00423326, 0.00370846, 0.0063842, 0.00264231,buy
2017-08-23,1,2,0,0,0,1,0,1,1,0,0,0,0,0,0,0,0,0,0,0,1,0,1,0,0,0,1,0,0,0,1,0, 0.00014332, 0.00335272,-0.00227799, 0.0028055,-0.00491287,sell
2017-08-24,0,2,0,0,0,1,0,1,1,0,0,0,0,0,0,0,0,0,0,0,1,0,0,0,0,0,1,0,0,0,1,0,-0.00086225, 0.00079835,-0.00053617, 0.0041730,-0.00464465,sell
2017-08-25,0,2,0,0,0,1,0,1,1,0,0,0,0,1,0,0,0,0,0,0,1,0,0,0,0,0,1,0,0,0,1,0,-0.00024980,-0.00071244,-0.00345188, 0.0016730,-0.00118403,sell
2017-08-26,0,3,0,0,0,1,0,1,1,0,0,1,0,1,0,0,0,0,0,0,1,0,0,0,0,0,1,0,0,0,1,0,-0.00301869,-0.00372369,-0.00285518, 0.0004507,-0.00378987,sell
2017-08-27,0,2,0,0,1,1,0,0,0,0,0,1,0,1,0,1,0,1,0,0,1,0,0,0,0,0,0,0,0,0,0,0,-0.00494394,-0.00635420,-0.00842892,-0.0062170,-0.00579962,sell
2017-08-28,0,1,0,0,1,2,0,0,0,0,0,1,0,0,0,1,0,1,0,0,0,0,0,0,0,0,0,0,0,0,0,1,-0.00213724, 0.00078703,-0.00473013,-0.0025559,-0.00097246,sell
2017-08-29,0,2,0,0,1,2,0,0,0,0,0,1,0,0,0,1,0,1,0,0,0,0,0,0,0,0,0,0,1,0,0,1, 0.00228925, 0.00399743,-0.00261798,-0.0028534,-0.00281603,sell
2017-08-30,0,2,0,0,0,2,0,0,0,0,0,1,0,0,0,0,0,1,0,0,0,0,0,0,0,0,0,0,1,0,0,1, 0.00134817, 0.00397029, 0.00060706,-0.0048541,-0.00325983,sell
2017-08-31,1,2,0,0,1,2,0,0,0,0,0,1,0,0,1,0,0,1,0,0,0,0,0,0,0,0,0,0,1,1,0,1,-0.00045712,-0.00197743,-0.00309547,-0.0050991,-0.00327447,sell
2017-09-01,1,1,0,0,1,2,0,0,0,1,0,0,0,0,1,0,0,1,0,0,0,0,0,0,0,0,0,0,1,1,0,1,-0.00333967,-0.00386635,-0.00371552,-0.0037663,-0.00244970,sell
2017-09-02,1,1,0,0,1,1,0,0,0,1,0,0,0,0,1,0,0,0,0,0,0,0,0,0,0,0,0,0,1,1,0,1,-0.00468999,-0.00445948,-0.00196355,-0.0021194, 0.00088865,sell
2017-09-03,1,1,0,1,1,1,0,0,0,1,0,0,0,0,1,0,0,0,0,1,0,0,1,0,0,0,0,0,0,1,0,1,-0.00398226,-0.00097591, 0.00314092, 0.0010089,-0.00278872,sell
2017-09-04,1,1,1,1,1,0,0,0,0,1,0,0,0,0,1,0,0,0,0,1,0,0,1,0,0,0,1,0,0,1,0,0,-0.00497190,-0.00139060, 0.00129768,-0.0031396,-0.00472193,sell
2017-09-05,1,1,1,1,1,0,0,0,0,1,0,0,0,0,1,0,0,0,0,1,0,0,1,0,0,0,1,0,0,1,0,0,-0.00497190,-0.00139060, 0.00129768,-0.0031396,-0.00472193,sell
2017-09-06,1,1,1,1,1,0,0,0,0,1,0,0,0,0,1,0,0,0,0,1,0,0,1,0,0,0,1,0,0,1,0,0,-0.00497190,-0.00139060, 0.00129768,-0.0031396,-0.00472193,sell
2017-09-07,2,1,2,1,1,0,0,0,0,0,0,0,0,0,1,0,0,0,0,1,1,0,1,0,0,0,1,1,0,1,0,0,-0.00531117,-0.00324821, 0.00366052,-0.0022718,-0.00659654,sell
2017-09-08,2,0,1,0,1,0,0,0,0,0,0,0,0,0,1,0,0,0,0,0,1,0,0,0,0,0,0,1,0,1,0,0,-0.00255627,-0.00125064, 0.00499546,-0.0051848,-0.00214465,sell
2017-09-09,2,0,1,0,1,0,0,0,0,0,0,0,0,0,1,0,0,0,0,0,1,0,0,0,0,0,0,1,0,1,0,0,-0.00255627,-0.00125064, 0.00499546,-0.0051848,-0.00214465,sell
2017-09-10,2,1,1,0,1,0,0,0,0,0,0,1,0,0,1,0,0,0,0,0,1,0,0,0,0,0,0,1,0,1,0,0,-0.00042674, 0.00341658, 0.00659515, 0.0036326,-0.00105271,buy
2017-09-11,2,1,0,0,1,0,0,0,0,0,0,1,0,0,0,0,0,0,0,0,1,0,0,0,0,0,0,0,1,1,0,0, 0.00297470, 0.00604510, 0.00187243, 0.0053724, 0.00389491,buy
2017-09-12,1,1,0,0,1,0,0,1,0,0,0,1,0,0,0,0,0,0,0,0,0,1,0,0,0,0,0,0,1,1,0,0, 0.00611405, 0.00609489, 0.00568775, 0.0058764, 0.00621195,buy
2017-09-13,1,1,0,0,1,0,1,1,0,1,0,1,0,0,0,0,0,0,0,0,0,1,0,0,1,0,0,0,1,1,0,0, 0.00068555, 0.00353236, 0.00217322, 0.0050695, 0.00295453,buy
2017-09-14,1,1,0,0,1,0,1,1,0,1,0,1,0,0,0,0,0,0,0,0,0,1,0,0,1,0,0,0,1,1,0,0, 0.00068555, 0.00353236, 0.00217322, 0.0050695, 0.00295453,buy
2017-09-15,0,0,0,0,2,0,1,1,0,1,0,0,0,0,0,0,0,1,0,0,0,1,0,0,1,0,0,0,0,1,0,0,-0.00596801, 0.00231985,-0.00660837, 0.0068581, 0.00101510,buy
2017-09-16,1,0,0,0,2,0,1,1,0,1,0,0,0,0,0,0,0,1,0,0,0,1,0,0,1,0,0,0,0,1,1,0, 0.00356410, 0.00626810,-0.00607774, 0.0048141, 0.00638527,buy
2017-09-17,1,0,0,0,2,1,1,0,1,1,0,0,0,0,0,0,0,1,0,0,0,0,0,0,1,0,0,0,0,1,1,0, 0.00234244, 0.00017843, 0.00023888, 0.0049239, 0.00037313,buy
2017-09-18,1,0,1,1,2,1,0,0,1,1,1,0,0,0,0,0,0,1,0,0,0,0,1,0,0,0,0,0,0,0,1,1,-0.00310710, 0.00091731,-0.00202046,-0.0018530,-0.00833839,sell
2017-09-19,1,2,1,1,2,1,0,0,1,1,1,0,0,0,1,0,0,1,0,0,0,0,1,0,0,0,0,1,0,0,1,1,-0.00383271, 0.00167119, 0.00183219,-0.0004758,-0.00174566,buy
2017-09-20,0,2,1,1,2,1,0,0,1,0,1,0,0,0,1,0,0,1,0,0,0,0,1,0,0,0,0,1,0,0,0,1,-0.00443500,-0.00217930, 0.00199238,-0.0066917,-0.00403902,sell
2017-09-21,1,2,1,1,1,0,0,0,0,0,1,1,0,0,1,0,0,0,0,0,0,0,1,0,0,0,0,1,0,0,0,1,-0.00426573,-0.00681223,-0.00353750,-0.0039982,-0.00587107,sell
2017-09-22,1,1,1,0,1,0,0,0,0,0,0,1,0,0,0,0,0,0,0,0,0,0,1,0,0,0,0,1,0,0,0,1,-0.00458720,-0.00348923,-0.00276928,-0.0051128,-0.00631054,sell
2017-09-23,1,1,0,0,1,0,0,0,0,0,0,1,0,0,0,0,0,0,0,0,0,0,0,1,0,0,0,1,0,0,0,1,-0.00346314,-0.00082617,-0.00442877,-0.0043310,-0.00474717,sell
2017-09-24,0,0,0,0,1,0,0,1,0,0,0,0,1,0,0,0,0,0,0,0,0,0,0,1,0,0,0,0,0,0,0,1,-0.00189235,-0.00098955,-0.00090010,-0.0016015, 0.00023952,sell
2017-09-25,0,0,0,0,0,0,0,1,0,0,0,0,1,0,0,0,0,0,0,0,0,0,0,1,0,0,0,0,0,0,0,0, 0.00120427,-0.00182173,-0.00208372,-0.0071256,-0.00549762,sell
2017-09-26,0,0,0,0,0,0,0,1,0,0,0,0,1,0,0,0,0,0,0,0,0,0,0,1,0,0,0,0,0,0,0,0, 0.00120427,-0.00182173,-0.00208372,-0.0071256,-0.00549762,sell
2017-09-27,0,0,1,0,1,0,0,0,1,0,0,0,0,0,1,0,0,0,0,0,0,0,0,1,0,0,0,0,0,0,0,0, 0.00258745,-0.00220930, 0.00418677,-0.0033831, 0.00185427,buy
2017-09-28,0,1,1,1,1,1,0,0,1,0,0,0,0,0,1,0,0,0,0,0,0,0,0,1,1,0,1,0,0,0,1,0, 0.00020466,-0.00476275, 0.00156835, 0.0009412,-0.00337428,sell
2017-09-29,0,1,1,1,1,1,0,0,1,0,0,0,0,0,1,0,0,0,0,0,0,0,0,1,1,0,1,0,0,0,1,0, 0.00020466,-0.00476275, 0.00156835, 0.0009412,-0.00337428,sell
2017-09-30,0,1,0,1,0,1,0,0,0,0,0,0,0,0,0,0,0,0,0,0,0,0,0,1,1,0,1,0,0,0,1,0,-0.00049347,-0.00466364, 0.00113162, 0.0005200,-0.00379469,sell
2017-10-01,0,1,0,1,0,1,0,0,0,0,0,0,0,0,0,0,0,0,0,0,0,0,0,1,1,0,1,0,0,0,1,0,-0.00049347,-0.00466364, 0.00113162, 0.0005200,-0.00379469,sell
2017-10-02,1,0,0,0,0,1,0,0,0,0,0,0,0,0,0,0,0,0,0,0,0,0,0,0,1,1,0,1,0,0,0,0, 0.00145114, 0.00045141,-0.00192163,-0.0029627, 0.00349633,buy
2017-10-03,1,0,1,0,0,0,0,0,0,0,0,0,0,0,0,0,1,0,0,1,0,0,0,0,0,1,0,1,0,0,0,0, 0.00357247,-0.00122740,-0.00238342, 0.0004690,-0.00087255,sell
2017-10-04,1,0,1,0,0,0,0,0,0,0,0,0,0,0,0,0,1,0,0,1,0,0,0,0,0,1,0,1,0,0,0,0, 0.00357247,-0.00122740,-0.00238342, 0.0004690,-0.00087255,sell
2017-10-05,1,0,2,0,0,0,0,0,0,0,1,0,0,0,0,0,1,0,0,1,0,0,0,0,0,1,0,1,0,0,0,0, 0.00088689, 0.00294052,-0.00191355,-0.0009866,-0.00255325,sell
2017-10-06,0,0,2,0,0,0,0,1,0,0,1,0,0,1,0,0,1,0,0,1,0,0,0,0,0,1,0,0,1,0,0,0, 0.00146526, 0.00268072, 0.00239743,-0.0024776, 0.00046488,buy
2017-10-07,0,0,2,0,0,0,0,1,0,0,1,0,0,1,0,0,0,0,0,1,0,0,0,0,0,1,0,0,1,0,0,0,-0.00239870,-0.00027028, 0.00275102,-0.0036866, 0.00044524,sell
2017-10-08,0,0,0,0,0,0,0,3,0,0,0,1,0,1,0,0,0,0,0,0,1,0,0,0,0,1,0,0,1,0,0,0, 0.00101185,-0.00244551,-0.00079978,-0.0023365,-0.00126661,sell
2017-10-09,0,0,0,0,0,0,0,3,0,0,0,1,0,1,0,0,0,0,0,0,1,0,0,0,0,1,0,0,1,0,0,0, 0.00101185,-0.00244551,-0.00079978,-0.0023365,-0.00126661,sell
2017-10-10,0,0,1,0,0,0,0,3,0,0,0,1,0,1,0,0,0,0,0,0,1,0,0,0,0,0,0,0,1,0,1,0, 0.00022468,-0.00381556,-0.00268910,-0.0037718,-0.00104561,sell
2017-10-11,0,0,1,0,0,0,1,1,0,0,0,0,1,1,0,0,0,0,0,0,1,0,0,0,0,0,0,0,0,0,1,0, 0.00040288, 0.00255964, 0.00161837, 0.0003698, 0.00039439,buy
2017-10-12,0,0,1,0,1,0,1,1,0,1,0,0,1,0,0,0,0,0,0,0,1,0,0,0,0,0,0,0,0,0,1,0,-0.00089315,-0.00274304, 0.00241522,-0.0013644, 0.00095904,buy
2017-10-13,0,0,1,0,2,0,1,0,0,1,0,0,1,0,0,0,0,0,0,0,0,0,0,0,1,0,0,0,0,0,1,0,-0.00519338,-0.00217321,-0.00368642,-0.0021704,-0.00053639,sell
2017-10-14,0,1,0,1,2,0,2,0,0,1,1,0,1,0,1,0,0,0,0,0,0,1,0,0,1,0,0,0,0,0,0,0,-0.00326359,-0.00437672,-0.00130690,-0.0049860,-0.00355700,sell
2017-10-15,0,1,0,1,2,0,1,0,0,1,1,0,0,0,1,0,0,0,0,0,0,1,0,0,1,0,0,0,0,0,0,0,-0.00898001,-0.00478835,-0.00338201,-0.0045072,-0.00681337,sell
2017-10-16,0,1,0,1,1,0,1,0,1,0,1,0,0,0,1,0,0,0,0,0,0,1,0,0,1,0,0,0,0,0,0,0,-0.00286187,-0.00081989,-0.00362025,-0.0026256,-0.00426939,sell
2017-10-17,0,0,0,1,1,0,1,0,1,0,0,0,0,0,0,0,0,0,0,0,0,1,1,0,1,0,0,0,0,0,0,0, 0.00188035, 0.00407370, 0.00665937, 0.0009306,-0.00317575,buy
2017-10-18,0,1,0,1,1,0,1,0,1,0,0,0,0,0,0,0,0,0,1,1,0,1,1,0,0,0,0,0,0,0,0,0, 0.00045602, 0.00775382, 0.00432665, 0.0068651, 0.00718761,buy
2017-10-19,0,1,0,1,1,0,0,0,1,0,0,0,0,0,0,0,0,0,1,1,0,0,1,0,0,0,0,0,0,0,0,0, 0.00201376, 0.00875982, 0.00232368, 0.0084508, 0.00767250,buy
2017-10-20,0,1,0,1,1,0,0,0,0,0,0,0,0,0,0,0,0,0,1,1,0,0,1,0,0,0,0,0,0,0,0,0, 0.00283774, 0.00475276, 0.00498531, 0.0078688, 0.00583091,buy
2017-10-21,0,1,0,1,2,1,0,0,0,0,0,0,1,0,0,1,0,0,1,1,0,0,1,0,0,0,0,0,0,0,0,0, 0.00445680,-0.00002658, 0.00341658, 0.0017305, 0.00441397,buy
2017-10-22,0,0,1,0,2,1,0,0,0,0,0,0,1,0,0,1,0,0,1,0,0,0,0,0,0,0,1,0,0,0,0,0,-0.00200183,-0.00521145,-0.00515682,-0.0039445,-0.00391231,sell
2017-10-23,1,0,1,0,2,1,0,0,0,0,1,0,1,0,0,1,0,0,1,0,0,0,0,0,0,0,1,0,0,0,0,0,-0.00067703, 0.00172260,-0.00268130,-0.0001523,-0.00311541,sell
2017-10-24,1,0,1,0,2,1,0,0,0,0,1,0,1,0,0,1,0,1,1,0,0,0,0,0,0,0,1,0,0,0,0,0, 0.00173071, 0.00248670, 0.00011160, 0.0044716,-0.00145504,buy
2017-10-25,1,0,1,0,2,0,0,0,0,0,1,0,0,0,0,1,0,1,1,0,0,0,0,0,0,0,1,0,0,0,0,0,-0.00107957, 0.00049978, 0.00111422, 0.0048268,-0.00202682,buy
2017-10-26,0,0,0,0,2,0,1,1,0,0,0,1,0,0,0,1,0,1,1,0,0,0,0,0,0,0,0,1,0,0,0,0, 0.00458390,-0.00432936,-0.00140240,-0.0053392, 0.00315410,sell
2017-10-27,0,0,0,0,2,1,1,1,0,1,0,1,0,0,0,1,0,1,1,0,0,0,0,0,0,0,0,1,0,0,0,0,-0.00262276,-0.00451111,-0.00101240,-0.0002627,-0.00117678,sell
2017-10-28,0,0,0,0,2,1,1,1,0,1,0,1,0,0,0,1,0,1,1,0,0,0,0,0,0,0,0,1,0,0,0,0,-0.00262276,-0.00451111,-0.00101240,-0.0002627,-0.00117678,sell
2017-10-29,0,0,0,0,3,1,1,1,0,1,0,1,0,0,0,1,1,1,1,0,0,0,0,0,0,0,0,1,0,0,0,1,-0.00699339,-0.00673219,-0.00007220,-0.0034991,-0.00102912,sell
2017-10-30,0,0,0,0,2,2,0,0,0,1,0,0,0,0,0,1,1,0,0,0,0,1,0,0,0,0,0,0,0,0,0,1,-0.00226499,-0.00136810,-0.00326758,-0.0005912,-0.00237342,sell
2017-10-31,0,0,0,0,3,2,0,0,0,1,0,0,1,0,0,1,1,0,0,0,0,1,0,0,0,0,0,0,0,0,0,1, 0.00141976, 0.00222686,-0.00106176, 0.0014267, 0.00080052,buy
2017-11-01,1,0,1,0,3,1,1,0,0,0,0,0,1,0,1,1,1,0,0,1,0,1,0,0,0,0,0,0,1,0,0,1, 0.00191611, 0.00222278, 0.00031568,-0.0004183,-0.00056423,buy
2017-11-02,1,0,1,1,3,1,1,0,0,0,0,0,1,0,1,1,1,0,0,1,0,1,0,0,0,0,0,0,1,0,1,1,-0.00001447, 0.00046838, 0.00122869,-0.0013089, 0.00060130,buy
2017-11-03,1,1,1,1,2,1,1,0,0,0,0,0,1,0,1,1,0,0,0,1,0,1,0,0,0,0,1,0,1,0,1,1,-0.00084872, 0.00197974, 0.00201430, 0.0012322, 0.00161010,buy
2017-11-04,1,1,1,1,1,1,1,0,0,0,0,0,0,0,1,1,0,0,0,1,0,1,0,0,0,0,1,0,1,0,1,1, 0.00157574, 0.00087777, 0.00223517, 0.0017226, 0.00070548,buy
2017-11-05,1,1,0,1,1,1,1,0,0,0,0,1,0,0,0,1,0,0,0,1,0,0,0,0,0,0,1,0,1,0,1,0,-0.00007315,-0.00026548,-0.00097759,-0.0014577, 0.00269701,sell
2017-11-06,0,1,0,0,0,1,0,0,0,0,0,1,0,0,0,0,0,0,0,0,0,0,0,0,0,0,1,0,0,0,0,0, 0.00494210, 0.00661550, 0.00533628, 0.0062792, 0.00343285,buy
2017-11-07,0,0,0,0,0,1,1,0,0,0,0,1,0,0,0,0,0,0,0,0,1,0,0,0,0,0,0,0,0,0,0,0, 0.00138212, 0.00057658,-0.00008471, 0.0050401, 0.00668288,buy
2017-11-08,0,0,0,0,1,1,1,0,1,0,0,1,0,0,0,0,0,0,0,0,1,0,0,0,0,0,0,0,0,0,0,0,-0.00210560,-0.00296779,-0.00267374,-0.0010195, 0.00348554,sell
2017-11-09,0,0,0,0,1,0,1,0,1,0,0,0,0,0,0,0,0,0,0,0,1,0,0,0,0,0,0,0,0,0,0,0,-0.00193967,-0.00234228, 0.00089653,-0.0009687, 0.00698289,sell
2017-11-10,0,0,0,0,1,0,1,0,1,0,0,0,0,0,0,0,0,0,0,0,1,0,0,0,0,0,0,0,0,0,0,0,-0.00193967,-0.00234228, 0.00089653,-0.0009687, 0.00698289,sell
2017-11-11,0,1,0,0,1,0,1,0,1,0,0,0,0,0,1,0,0,0,0,0,1,0,0,0,1,0,0,0,0,0,0,0,-0.00258471, 0.00190144, 0.00200712,-0.0022585, 0.00329719,buy
2017-11-12,0,1,0,0,1,0,0,1,1,0,1,0,0,0,1,0,0,0,0,0,0,0,0,0,1,0,0,0,0,0,0,0, 0.00223813,-0.00246370,-0.00295169,-0.0017213,-0.00325185,sell
2017-11-13,0,1,0,0,0,0,0,1,0,0,1,0,0,0,1,0,0,0,0,0,0,0,0,0,1,0,0,0,0,0,0,0,-0.00098906,-0.00248234,-0.00465750,-0.0050382,-0.00373638,sell
2017-11-14,0,1,0,0,0,2,1,1,0,1,1,0,0,0,1,0,1,0,0,0,0,0,0,0,1,0,0,0,1,0,0,0, 0.00823998, 0.00500666, 0.00308755,-0.0035588, 0.00006057,buy
2017-11-15,1,0,1,0,0,2,1,1,0,1,1,0,0,0,0,0,1,0,0,0,0,0,1,0,1,0,1,0,1,0,0,0, 0.00055361, 0.00089925, 0.00148583,-0.0060310,-0.00105807,buy
2017-11-16,1,0,1,0,2,2,1,0,0,1,0,1,0,0,0,0,1,0,0,0,0,1,1,0,0,0,1,0,1,0,0,0,-0.00422426,-0.00668786,-0.00540955,-0.0056943,-0.00397439,sell
2017-11-17,1,0,1,0,2,2,1,0,0,1,0,1,0,0,0,0,1,0,0,0,0,1,1,0,0,0,1,0,1,0,0,0,-0.00422426,-0.00668786,-0.00540955,-0.0056943,-0.00397439,sell
2017-11-18,1,0,1,0,2,2,1,0,0,1,0,1,0,0,0,0,1,0,0,0,0,1,1,0,0,0,1,0,1,0,0,0,-0.00422426,-0.00668786,-0.00540955,-0.0056943,-0.00397439,sell
2017-11-19,0,0,1,0,2,1,2,0,0,1,0,1,0,0,0,0,1,0,0,0,0,1,1,0,0,0,0,1,0,0,0,0, 0.00021912,-0.00386337,-0.00160616,-0.0028499, 0.00171501,sell
2017-11-20,0,0,0,0,3,0,2,0,0,1,0,1,0,0,0,0,0,0,0,0,0,1,0,0,0,1,0,1,0,0,0,0, 0.00008125,-0.00119824, 0.00185771, 0.0021366,-0.00145015,buy
2017-11-21,0,0,0,0,1,0,1,0,0,0,0,0,0,0,0,0,0,0,0,0,0,0,0,0,0,1,0,1,0,0,0,0, 0.00172791, 0.00188126, 0.00622445, 0.0002646, 0.00343467,buy
2017-11-22,0,0,0,0,1,2,1,0,1,0,0,0,0,0,0,0,0,0,0,0,1,0,0,0,0,1,0,1,0,0,0,0,-0.00411391,-0.00411391,-0.00397242,-0.0043776,-0.00475157,sell
2017-11-23,1,0,0,0,1,2,1,0,1,0,0,0,0,0,1,0,0,0,0,0,1,0,0,0,0,1,0,1,0,0,0,0,-0.00360118,-0.00273975,-0.00191970,-0.0032292,-0.00289664,sell
2017-11-24,1,0,0,0,2,2,0,0,1,0,0,0,0,0,1,0,0,0,0,0,1,0,0,1,0,1,0,0,0,0,0,0,-0.00056184,-0.00199841, 0.00093294,-0.0018104, 0.00029222,sell
2017-11-25,1,0,1,0,2,2,0,0,1,0,0,0,1,0,1,0,0,0,0,0,1,0,0,1,0,1,0,0,0,0,1,0, 0.00581764, 0.00185037, 0.00357046, 0.0041820, 0.00502675,buy
2017-11-26,1,0,1,0,2,2,0,0,1,0,0,0,1,0,1,0,0,0,0,0,1,0,0,1,0,1,0,0,0,0,1,0, 0.00581764, 0.00185037, 0.00357046, 0.0041820, 0.00502675,buy
2017-11-27,1,0,1,0,3,2,0,0,1,0,0,0,1,0,1,1,0,0,1,0,0,0,0,1,0,0,0,0,1,0,1,0, 0.00479452, 0.00448561, 0.00065375, 0.0041735, 0.00534453,buy
2017-11-28,0,0,1,0,3,2,0,0,1,0,0,0,1,0,0,1,0,0,1,0,0,0,0,1,0,0,0,0,1,0,1,0,-0.00020632, 0.00086226, 0.00352155, 0.0034974, 0.00358157,buy
2017-11-29,0,0,1,0,3,1,0,0,0,0,0,0,1,0,0,1,0,0,1,0,0,0,0,1,0,0,0,0,1,0,1,0, 0.00003381,-0.00005291, 0.00235069, 0.0010419, 0.00278538,buy
2017-11-30,0,1,0,0,3,1,0,0,0,0,0,0,1,0,0,1,0,0,1,0,0,0,1,1,0,0,0,0,1,0,0,0,-0.00475362,-0.00504978, 0.00049673, 0.0012885, 0.00005675,sell
2017-12-01,0,1,0,0,4,1,0,1,0,0,0,0,1,0,0,1,0,1,1,1,0,0,1,1,0,0,0,0,1,0,0,0,-0.00263320,-0.00424066,-0.00186633, 0.0038784,-0.00321920,sell
2017-12-02,0,1,0,0,3,2,0,1,0,0,0,0,1,0,0,1,0,1,1,1,0,0,1,1,0,0,0,1,0,0,0,0,-0.00290606,-0.00613988,-0.00150579, 0.0031500,-0.00390139,sell
2017-12-03,0,1,0,0,1,2,0,1,0,0,0,0,1,0,0,0,0,1,1,1,0,0,1,0,0,0,0,1,0,0,0,0, 0.00488891, 0.00476387, 0.00453331, 0.0051980, 0.00494117,buy
2017-12-04,0,0,0,0,1,2,1,1,0,1,0,0,1,0,0,0,0,1,1,1,0,0,0,0,0,0,0,1,0,0,0,0, 0.00546647,-0.00354152, 0.00180971, 0.0005550, 0.00208554,buy
2017-12-05,0,0,0,0,1,3,1,1,1,1,0,0,1,0,0,0,0,1,1,1,0,0,0,0,0,0,0,1,0,0,0,0, 0.00383571,-0.00393327, 0.00191602,-0.0000135, 0.00125994,buy
2017-12-06,0,0,0,0,1,2,1,0,1,1,0,0,1,0,0,0,0,1,1,0,0,0,0,0,0,0,0,0,0,0,0,0, 0.00753871,-0.00137999, 0.00268760, 0.0015158, 0.00153431,buy
2017-12-07,0,1,0,0,1,3,1,0,1,1,0,0,1,0,0,0,1,0,1,0,1,0,0,0,0,0,0,0,0,0,1,0, 0.00261257,-0.00062790, 0.00143961, 0.0017238, 0.00127681,buy
2017-12-08,1,1,0,0,1,3,1,0,1,1,0,0,1,0,1,0,1,0,1,0,1,0,0,0,0,0,0,0,0,0,1,0, 0.00307503, 0.00202873, 0.00352128, 0.0027332, 0.00194684,buy
2017-12-09,1,1,0,0,2,2,0,1,1,0,0,0,0,0,1,0,1,0,0,0,1,0,0,0,0,0,1,0,0,0,1,1,-0.00384704, 0.00011265, 0.00289913, 0.0000833,-0.00275753,sell
2017-12-10,1,1,0,0,3,1,0,1,0,0,0,0,0,0,1,0,1,0,0,0,1,0,0,0,1,0,1,0,0,0,1,1,-0.00315742,-0.00343491,-0.00071982,-0.0002177,-0.00005263,sell
2017-12-11,1,0,0,0,3,0,0,1,0,0,0,0,0,0,1,0,0,0,0,0,1,0,0,0,1,0,1,0,0,0,0,1,-0.00212841,-0.00132261,-0.00183474,-0.0002998,-0.00118880,sell
2017-12-12,0,0,0,0,2,0,0,1,0,0,0,0,0,1,0,0,0,0,0,0,0,0,0,0,1,0,1,0,0,0,0,1, 0.00124843, 0.00534559, 0.00044801, 0.0004480, 0.00093902,buy
2017-12-13,0,0,0,0,3,0,0,0,0,0,0,1,0,1,0,0,0,0,0,0,0,0,0,0,1,0,0,0,0,0,0,1, 0.00259728, 0.00387585, 0.00003587,-0.0001289,-0.00016366,buy
2017-12-14,1,0,0,0,3,2,0,0,0,1,0,1,0,0,0,1,0,0,0,0,0,0,1,0,0,1,0,1,0,0,0,1,-0.00561118, 0.00461707, 0.00124432,-0.0010688,-0.00241698,sell
2017-12-15,1,0,0,0,2,2,0,0,0,1,0,1,0,0,0,1,0,0,0,0,0,0,1,0,0,1,0,1,0,0,0,0,-0.00395981,-0.00459336,-0.00319168,-0.0036574,-0.00462670,sell
2017-12-16,1,0,0,0,3,2,0,0,0,1,0,1,0,0,0,1,1,0,0,0,0,0,1,0,0,1,0,1,0,0,0,0,-0.00346829, 0.00382036, 0.00168730,-0.0012364,-0.00359658,sell
2017-12-17,1,0,0,0,3,1,0,0,1,0,0,0,0,0,0,0,1,0,0,0,0,0,1,0,0,1,0,1,0,0,0,0, 0.00200461,-0.00077615,-0.00203810, 0.0031309,-0.00024076,sell
2017-12-18,1,0,0,0,2,1,0,0,1,0,0,0,0,0,0,0,1,0,0,0,0,0,1,0,0,1,0,0,0,0,0,0, 0.00428399, 0.00042485,-0.00227130, 0.0046259, 0.00266050,buy
2017-12-19,1,0,0,0,1,2,0,0,1,0,0,0,0,0,0,0,0,1,0,0,0,1,0,0,0,1,0,0,0,0,1,0, 0.00078077,-0.00245839,-0.00297504, 0.0002737,-0.00009872,sell
2017-12-20,1,0,0,0,1,2,0,1,1,0,1,0,0,0,0,0,0,1,0,0,0,1,0,0,0,1,0,0,0,0,1,0, 0.00096911, 0.00021690,-0.00024481, 0.0020589, 0.00151591,buy
2017-12-21,1,0,0,0,1,1,0,1,1,0,1,0,0,0,0,0,0,1,0,0,0,1,0,0,0,0,0,0,0,0,1,0, 0.00433968, 0.00458221, 0.00299520, 0.0035518, 0.00343548,buy
2017-12-22,1,0,0,0,0,1,0,1,0,0,1,0,0,0,0,0,0,1,0,0,0,1,0,0,0,0,0,0,0,0,1,0, 0.00314835, 0.00447810, 0.00102639, 0.0042135, 0.00265686,buy
2017-12-23,0,0,0,0,0,2,0,1,0,0,1,0,0,0,0,0,0,1,0,0,0,1,0,1,0,0,0,0,0,0,0,0,-0.00108275,-0.00119873,-0.00206432,-0.0029376, 0.00075272,sell
2017-12-24,0,0,0,0,0,3,0,1,0,0,1,0,0,0,0,0,0,1,0,0,0,1,0,1,1,0,0,0,1,0,0,0, 0.00046910, 0.00038238, 0.00202267, 0.0011807, 0.00144563,buy
2017-12-25,0,0,0,0,0,2,0,1,0,0,1,0,0,0,0,0,0,0,0,0,0,0,0,1,1,0,0,0,1,0,0,0,-0.00045814,-0.00046096, 0.00118540, 0.0009513, 0.00002596,buy
2017-12-26,0,0,0,0,1,2,0,1,1,0,1,0,0,0,0,0,0,0,0,0,0,0,0,1,1,0,0,0,1,0,0,0,-0.00045860, 0.00096035, 0.00045454, 0.0004301, 0.00058375,buy
2017-12-27,0,0,0,0,1,2,0,0,1,0,0,0,0,0,0,0,0,0,0,0,0,0,0,1,1,0,0,0,1,0,0,0,-0.00635033,-0.00171825,-0.00213620,-0.0014704,-0.00522165,sell
2017-12-28,0,0,0,0,1,2,0,0,1,0,0,0,0,0,0,0,0,0,0,0,0,0,0,1,0,0,0,0,0,0,0,1, 0.00035736,-0.00036418, 0.00829600,-0.0023413,-0.00155715,sell
2017-12-29,0,0,0,0,1,2,0,0,1,0,0,0,0,0,0,0,0,0,0,0,0,0,0,1,0,0,0,0,0,0,0,1, 0.00035736,-0.00036418, 0.00829600,-0.0023413,-0.00155715,sell
2017-12-30,0,0,0,0,2,2,0,0,1,0,0,1,0,0,0,0,0,0,0,0,0,0,0,1,0,0,0,0,0,0,0,1,-0.00400133,-0.00120290,-0.00449482,-0.0038673,-0.00086641,sell
2017-12-31,0,0,0,0,2,2,1,0,1,0,0,1,0,0,0,0,0,0,0,1,0,0,0,1,0,0,0,0,0,1,0,1,-0.00157812,-0.00309377,-0.00151971,-0.0023318,-0.00503726,sell
2018-01-01,0,0,0,0,2,1,1,0,1,0,0,1,0,0,0,0,0,0,0,1,0,0,0,0,0,0,0,0,0,1,0,1,-0.00254456,-0.00386430,-0.00080255, 0.0008638,-0.00605050,sell
2018-01-02,0,0,0,0,2,1,2,0,1,0,0,1,0,0,0,0,0,0,0,1,0,0,0,0,0,0,1,0,0,1,0,1,-0.00106007,-0.00408750,-0.00179310, 0.0013858,-0.00337565,sell
2018-01-03,0,0,0,0,1,1,2,0,0,0,0,1,0,0,0,0,0,0,0,1,0,0,0,0,0,0,1,0,0,1,0,1,-0.00015073,-0.00258547,-0.00022391, 0.0013379,-0.00435187,sell
2018-01-04,0,0,0,0,0,0,2,0,0,0,0,0,0,0,0,0,0,0,0,1,0,0,0,0,0,0,1,0,0,1,0,0, 0.00057727,-0.00165479, 0.00052561, 0.0018479,-0.00023171,buy
2018-01-05,1,0,0,0,0,0,2,0,0,0,0,0,0,0,1,0,0,0,1,0,0,0,0,0,0,0,1,0,0,1,0,0, 0.00374623, 0.00204414, 0.00219400, 0.0055589, 0.00313242,buy
2018-01-06,1,0,0,0,1,0,4,0,0,0,0,0,0,0,1,0,1,1,1,0,0,0,0,0,1,1,0,0,0,1,0,0,-0.00529338,-0.00581149,-0.00448947,-0.0047266,-0.00391746,sell
2018-01-07,1,0,0,0,1,0,4,0,0,0,0,0,0,0,1,0,1,1,1,0,1,0,0,0,1,1,0,1,0,1,0,0,-0.00391346,-0.00351797,-0.00238703,-0.0054926,-0.00252029,sell
2018-01-08,1,0,0,0,1,0,4,0,0,0,0,0,0,0,1,0,1,1,1,0,1,0,0,0,1,1,0,1,0,1,0,0,-0.00391346,-0.00351797,-0.00238703,-0.0054926,-0.00252029,sell
2018-01-09,0,0,0,0,1,0,4,0,0,0,0,0,0,0,0,0,1,1,1,0,1,0,0,0,1,1,0,1,0,1,0,0,-0.00510127,-0.00539709,-0.00256377,-0.0044905,-0.00172121,sell
2018-01-10,0,0,0,0,1,0,4,0,0,0,0,0,0,0,0,0,1,1,1,0,1,0,0,0,1,1,0,1,0,1,0,0,-0.00510127,-0.00539709,-0.00256377,-0.0044905,-0.00172121,sell
2018-01-11,0,0,0,0,1,0,2,0,0,0,0,0,1,0,0,0,1,0,1,0,1,0,0,0,0,1,0,1,0,1,0,0,-0.00295524,-0.00808926,-0.00444115,-0.0002053,-0.00425448,sell
2018-01-12,0,0,0,0,0,1,2,2,1,0,0,0,1,0,0,0,0,0,1,0,0,0,1,0,0,1,0,0,0,1,1,0,-0.00085725, 0.00274966, 0.00236490, 0.0025300, 0.00184185,buy
2018-01-13,0,0,0,0,0,1,2,2,1,0,0,0,1,0,0,0,0,0,1,0,0,0,1,0,0,1,0,0,0,1,1,0,-0.00085725, 0.00274966, 0.00236490, 0.0025300, 0.00184185,buy
2018-01-14,0,0,0,0,0,2,1,2,1,0,0,0,1,0,0,0,0,0,1,0,0,0,1,0,0,0,1,0,0,1,1,0,-0.00209784, 0.00345698, 0.00608177, 0.0041248,-0.00258633,buy
2018-01-15,0,0,0,0,0,4,1,2,1,1,0,0,0,0,0,0,0,0,1,1,0,0,1,0,0,0,1,0,0,1,1,0,-0.00064465, 0.00099660, 0.00189842, 0.0064806,-0.00096910,buy
2018-01-16,0,0,0,0,0,3,0,1,0,1,0,0,0,0,0,0,0,0,0,1,0,0,1,0,0,0,1,0,0,1,0,0, 0.00192802, 0.00131458,-0.00219385, 0.0020645,-0.00132346,buy
2018-01-17,0,0,0,0,0,3,1,0,0,1,0,0,0,0,0,0,0,0,0,1,0,0,0,0,0,0,1,0,0,1,0,1, 0.00438418, 0.00433252, 0.00179567, 0.0025879,-0.00158254,buy
2018-01-18,0,0,0,0,0,2,2,0,0,1,1,0,0,0,0,0,0,0,0,1,0,0,0,0,0,0,0,0,0,0,0,1,-0.00356612,-0.00236254,-0.00196140,-0.0031164,-0.00197341,sell
2018-01-19,0,0,0,0,1,2,2,0,0,1,1,0,0,0,0,0,0,0,0,1,0,0,0,0,0,0,0,0,1,0,0,1,-0.00158182,-0.00039095,-0.00176639,-0.0018195,-0.00043512,sell
2018-01-20,0,0,0,0,1,1,3,0,0,1,1,0,0,0,0,0,0,0,0,0,0,0,0,1,0,0,0,0,1,0,0,1,-0.00586504,-0.00529638,-0.00388959,-0.0067990,-0.00462297,sell
2018-01-21,0,0,0,0,2,0,3,0,0,0,1,0,0,0,0,0,0,0,0,0,0,1,0,1,0,0,0,0,1,0,0,1,-0.00611489, 0.00456660, 0.00093108,-0.0050335,-0.00001088,buy
2018-01-22,0,0,0,0,2,1,2,0,0,0,0,0,0,0,0,0,1,0,0,0,0,1,0,1,0,0,0,0,1,0,0,1,-0.00118847, 0.00328684, 0.00001049,-0.0041323, 0.00007076,sell
2018-01-23,0,0,0,0,1,1,1,0,0,0,0,1,0,0,0,0,1,0,0,0,0,1,0,1,0,0,0,0,0,0,0,0,-0.00244008,-0.00501824,-0.00834858,-0.0055135,-0.00790789,sell
2018-01-24,0,0,0,0,1,1,2,0,1,0,0,1,0,0,0,0,1,0,0,0,0,1,0,1,0,0,0,0,0,0,0,0,-0.00379580,-0.00567884,-0.00564814,-0.0074078,-0.00870537,sell
2018-01-25,0,0,0,0,1,1,2,0,1,0,0,1,0,0,0,0,1,0,0,0,0,1,0,1,0,0,0,0,0,0,0,0,-0.00379580,-0.00567884,-0.00564814,-0.0074078,-0.00870537,sell
2018-01-26,0,0,0,0,2,1,2,0,1,0,0,1,0,0,0,0,1,0,0,0,0,1,0,1,0,0,1,0,0,0,0,0,-0.00709798,-0.00759803,-0.00734435,-0.0088909,-0.01049289,sell
2018-01-27,0,0,0,0,1,0,1,1,0,0,0,0,0,0,1,0,0,0,0,0,0,0,0,1,0,0,1,0,0,0,0,0, 0.00195307,-0.00253680,-0.00032527, 0.0003148, 0.00022443,sell
2018-01-28,0,0,0,0,1,1,0,1,0,0,1,0,0,0,1,0,0,0,0,0,0,0,0,0,0,0,1,0,0,0,0,0, 0.00121212, 0.00233183,-0.00102506, 0.0015388,-0.00080772,buy
2018-01-29,0,0,0,0,1,1,0,1,0,0,1,0,0,0,1,0,0,0,0,0,0,0,0,0,0,0,1,0,0,0,0,0, 0.00121212, 0.00233183,-0.00102506, 0.0015388,-0.00080772,buy
2018-01-30,0,0,0,0,1,1,0,0,0,0,1,0,0,0,0,0,0,0,0,1,0,0,0,0,0,0,0,0,0,0,0,0, 0.00012252, 0.00145709, 0.00472728,-0.0012779, 0.00161066,buy
2018-01-31,0,0,0,0,1,1,0,0,0,0,1,0,0,0,0,0,0,0,0,1,0,0,0,0,0,0,0,0,0,0,0,0, 0.00012252, 0.00145709, 0.00472728,-0.0012779, 0.00161066,buy
2018-02-01,0,0,0,0,2,1,1,0,0,1,0,0,0,0,0,0,0,0,0,1,0,0,0,0,0,0,0,1,1,0,0,0, 0.00177319, 0.00141326, 0.00018808, 0.0007743, 0.00072354,buy
2018-02-02,0,0,0,0,3,1,1,1,0,1,0,0,1,0,0,0,0,0,0,1,0,0,0,0,1,0,0,1,1,0,0,0, 0.00297433, 0.00093797, 0.00138420,-0.0022208, 0.00021805,buy
2018-02-03,0,0,0,0,3,1,1,1,0,1,0,0,1,0,0,0,0,0,0,1,0,0,0,0,1,0,0,1,1,0,0,0, 0.00297433, 0.00093797, 0.00138420,-0.0022208, 0.00021805,buy
2018-02-04,0,0,0,0,2,1,1,1,0,1,0,0,1,0,0,0,0,0,0,0,0,0,0,0,1,0,0,1,1,0,0,0, 0.00139180, 0.00099750,-0.00250061, 0.0009548,-0.00013045,buy
2018-02-05,0,0,0,0,1,0,3,1,0,1,0,0,1,0,0,0,1,0,0,0,0,0,0,0,1,0,0,0,0,0,1,0,-0.00268831, 0.00129927, 0.00061624, 0.0000258,-0.00256353,sell
2018-02-06,0,0,0,0,1,0,2,0,0,0,0,0,0,0,0,0,1,0,0,0,1,0,0,0,0,0,0,0,0,0,1,0, 0.00207724, 0.00216624, 0.00473575, 0.0027969, 0.00207899,buy
2018-02-07,0,0,0,0,2,1,2,0,0,0,1,0,0,0,0,0,1,0,0,0,1,1,0,0,0,0,0,0,0,0,1,0, 0.00242232, 0.00126087, 0.00035941, 0.0008820, 0.00200311,buy
2018-02-08,0,0,0,0,2,1,2,1,0,0,1,0,0,0,0,0,1,1,0,0,1,1,0,0,0,0,0,0,0,0,1,0, 0.00384428, 0.00201893, 0.00357201, 0.0038842, 0.00418360,buy
2018-02-09,0,0,0,0,2,1,0,1,0,0,1,0,0,0,0,0,0,1,0,0,1,1,0,0,0,0,0,0,0,0,0,0, 0.00319662, 0.00326547, 0.00543541, 0.0051456, 0.00445162,buy
2018-02-10,0,0,0,0,1,1,0,1,0,0,0,0,0,0,0,0,0,1,0,0,1,1,0,0,0,0,0,0,0,0,0,0,-0.00247100,-0.00168473,-0.00069311, 0.0028084, 0.00148459,sell
2018-02-11,0,0,0,0,1,2,0,1,0,0,0,1,1,0,0,0,0,1,0,0,0,1,0,0,0,0,0,0,0,0,0,0,-0.00034240,-0.00256316,-0.00112508,-0.0020392,-0.00064820,sell
2018-02-12,0,0,0,0,1,1,1,2,1,0,0,1,1,0,0,0,0,1,0,0,0,0,1,0,0,0,0,0,0,0,0,0,-0.00361169,-0.00766212, 0.00018911,-0.0038083,-0.00661003,sell
2018-02-13,0,0,0,0,1,2,1,2,1,0,0,1,1,0,0,0,0,1,0,0,0,0,1,0,0,0,0,1,0,0,0,0,-0.00375651,-0.00373854, 0.00903182,-0.0037477,-0.00345180,sell
2018-02-14,0,0,0,0,0,2,3,1,1,0,0,0,1,0,1,0,0,0,0,0,0,0,1,0,0,0,0,1,1,0,0,0,-0.00854797,-0.00872191,-0.00846041,-0.0073996,-0.00750195,sell
2018-02-15,0,0,0,0,0,1,3,1,1,0,0,0,0,1,1,0,0,0,0,0,0,0,1,0,0,0,0,1,1,0,0,0,-0.00512113,-0.00440376,-0.00493069, 0.0006939,-0.00295249,sell
2018-02-16,0,0,0,0,0,1,3,0,0,0,0,0,0,1,1,0,0,0,0,0,0,0,1,0,0,0,0,1,1,0,0,0,-0.00293344,-0.00163780,-0.00324930, 0.0006939, 0.00210413,sell
2018-02-17,0,0,0,0,0,1,1,0,0,0,0,0,0,1,0,0,0,0,0,0,0,0,0,0,0,0,0,0,1,0,1,0, 0.00331386, 0.00213611,-0.00012222, 0.0019198, 0.00207510,buy
2018-02-18,0,0,0,0,0,1,0,0,0,0,0,0,0,1,0,0,0,0,0,0,0,0,0,0,0,0,0,0,0,0,1,0, 0.00344742, 0.00387083, 0.00106916, 0.0036546, 0.00341459,buy
2018-02-19,0,0,0,0,0,1,0,0,0,0,0,0,0,1,0,0,0,0,0,0,0,0,0,0,0,0,0,0,0,0,1,0, 0.00344742, 0.00387083, 0.00106916, 0.0036546, 0.00341459,buy
2018-02-20,0,0,0,0,0,2,1,0,0,0,0,1,1,0,0,0,0,0,0,0,0,0,0,0,0,0,1,0,0,0,1,0, 0.00326183, 0.00265491,-0.00025073, 0.0028341, 0.00212350,buy
2018-02-21,0,0,0,0,0,2,1,0,0,0,0,1,1,0,0,0,0,0,0,0,0,0,0,0,0,0,1,0,0,0,1,0, 0.00326183, 0.00265491,-0.00025073, 0.0028341, 0.00212350,buy
2018-02-22,0,0,0,0,0,3,1,1,0,0,0,1,1,0,1,0,0,0,0,0,1,0,0,0,0,1,1,0,0,0,0,0,-0.00417348,-0.00231534,-0.00413629,-0.0058489,-0.00564658,sell
2018-02-23,0,0,0,0,0,2,1,2,0,0,0,0,0,0,1,0,0,0,0,0,1,1,0,0,0,1,1,0,0,0,0,1,-0.00661379,-0.00744104,-0.00623907,-0.0081233,-0.00610702,sell
2018-02-24,0,0,0,0,0,2,1,2,0,0,1,0,0,0,1,0,0,0,0,0,1,1,0,0,0,1,0,0,0,0,0,1,-0.00462045,-0.00642152,-0.00561580,-0.0043617,-0.00455798,sell
2018-02-25,0,0,0,0,0,2,2,2,0,0,1,0,0,0,1,0,0,0,0,0,1,1,0,0,0,1,0,1,0,0,0,1,-0.00091661,-0.00454866,-0.00502709,-0.0025981,-0.00270529,sell
2018-02-26,0,0,0,0,0,1,2,2,0,0,1,0,0,0,0,0,0,0,0,0,1,1,0,0,0,1,0,1,0,0,0,1,-0.00049200,-0.00272157,-0.00303301, 0.0017870,-0.00287838,sell
2018-02-27,1,0,0,0,0,1,2,4,0,1,0,0,0,0,0,0,1,0,0,0,0,1,1,0,1,1,0,1,0,0,0,1,-0.00178613, 0.00464885, 0.00154781,-0.0021066, 0.00228660,buy
2018-02-28,1,0,0,0,0,1,2,3,0,1,0,1,0,0,0,0,1,0,0,0,0,0,1,0,1,1,0,1,0,0,0,0, 0.00094222, 0.00686943, 0.00376474,-0.0009435,-0.00106946,buy
2018-03-01,2,0,0,0,0,1,2,2,1,1,0,1,0,0,0,1,1,0,0,0,0,0,1,0,1,0,0,1,0,0,0,0,-0.00000688,-0.00388775, 0.00150956,-0.0051979,-0.00356700,sell
2018-03-02,2,0,0,0,1,1,1,1,1,1,0,1,0,0,0,1,0,0,0,1,0,0,1,0,1,0,0,0,0,0,1,0, 0.00428566,-0.00552926,-0.00385058, 0.0005187,-0.00600038,sell
2018-03-03,2,0,0,0,2,1,0,0,1,0,0,0,0,0,1,1,0,0,0,1,0,0,1,0,1,0,0,0,0,0,1,0,-0.00000376,-0.00410242,-0.00307786, 0.0011447,-0.00190008,sell
2018-03-04,0,0,0,0,2,0,0,0,0,0,0,0,0,0,1,1,0,0,0,1,0,0,0,0,0,0,0,0,0,0,1,0,-0.00547659,-0.00787273,-0.00033043, 0.0003539,-0.00326476,sell
2018-03-05,0,0,0,0,2,0,0,0,0,0,0,0,0,0,1,1,0,0,0,1,0,0,0,0,0,0,0,0,0,0,1,0,-0.00547659,-0.00787273,-0.00033043, 0.0003539,-0.00326476,sell
2018-03-06,0,0,0,0,0,0,0,0,0,0,0,0,0,0,0,1,0,0,0,1,0,0,0,0,0,0,0,0,0,0,0,0,-0.00356232,-0.00631733,-0.00574148,-0.0040151,-0.00207865,sell
2018-03-07,0,0,0,0,0,0,0,0,0,0,0,0,0,0,0,1,0,0,0,0,0,0,0,0,0,0,0,0,0,0,0,0, 0.00246270, 0.00279974,-0.00092639,-0.0011814, 0.00112570,buy
2018-03-08,0,0,0,0,0,0,0,0,0,0,0,0,0,0,0,1,0,0,0,0,0,0,0,0,0,0,0,0,0,0,0,0, 0.00246270, 0.00279974,-0.00092639,-0.0011814, 0.00112570,buy
2018-03-09,0,0,0,0,0,0,1,1,0,0,0,0,1,0,0,0,0,0,0,0,1,0,0,0,0,0,0,0,0,0,0,0, 0.00828354,-0.00553150, 0.00693034, 0.0052805, 0.00740199,buy
2018-03-10,0,1,0,0,0,0,1,1,1,0,0,0,1,0,0,0,0,0,0,0,1,0,0,0,0,0,0,0,0,0,0,0, 0.00142944,-0.00159677, 0.00078157, 0.0006679, 0.00151203,buy
2018-03-11,1,1,0,0,0,0,1,2,1,0,0,0,1,0,0,0,0,1,0,0,1,0,0,0,0,0,0,0,1,0,0,0,-0.00427125,-0.00160453,-0.00562977, 0.0010786,-0.00097548,sell
2018-03-12,1,2,0,0,0,0,1,3,1,0,0,0,1,0,0,0,0,1,0,0,1,0,0,1,1,0,0,0,1,0,0,0,-0.00249537,-0.00075682, 0.00366627, 0.0051071, 0.00075686,buy
2018-03-13,1,1,0,0,0,0,1,2,0,0,0,0,0,0,0,0,0,1,0,0,1,0,0,1,1,0,0,0,1,0,0,0, 0.00040469, 0.00094994,-0.00565225, 0.0017457, 0.00160358,buy
2018-03-14,1,1,0,0,1,0,0,2,0,0,1,0,0,0,0,0,0,1,0,0,0,0,0,1,1,0,0,0,1,0,0,0,-0.00111249, 0.00151830, 0.00613454, 0.0007400, 0.00153841,buy
2018-03-15,1,1,0,0,2,0,0,2,0,0,1,0,0,0,0,0,0,1,0,0,0,0,1,1,1,0,0,0,1,0,0,0,-0.00217412, 0.00216997, 0.00000952, 0.0007914, 0.00176031,buy
2018-03-16,0,0,0,0,2,0,0,1,0,0,1,0,0,0,0,0,0,0,0,0,0,0,1,1,0,0,0,0,0,0,0,0,-0.00136249,-0.00332866,-0.00315238,-0.0040611,-0.00316891,sell
2018-03-17,0,0,0,0,3,0,0,1,0,0,1,0,0,0,0,1,0,0,0,0,0,0,1,1,0,0,1,0,0,0,0,0, 0.00060836, 0.00526328, 0.00189627, 0.0025930, 0.00589208,buy
2018-03-18,0,0,0,0,3,0,0,1,0,0,1,0,0,0,0,1,0,0,0,0,0,0,1,1,0,0,1,0,0,0,0,0, 0.00060836, 0.00526328, 0.00189627, 0.0025930, 0.00589208,buy
2018-03-19,0,0,0,0,3,0,0,1,0,0,1,0,0,0,0,1,0,0,1,0,0,0,1,0,0,0,1,0,0,0,0,0, 0.00318487, 0.00456862, 0.00408847, 0.0065404, 0.00260985,buy
2018-03-20,0,0,0,0,2,0,0,1,0,0,1,0,0,0,0,1,0,0,1,0,0,0,0,0,0,0,1,0,0,0,0,0, 0.00033437, 0.00358263, 0.00152563, 0.0042174, 0.00113174,buy
2018-03-21,0,0,0,0,0,0,0,1,0,0,0,0,0,0,0,1,0,0,1,0,0,0,0,0,0,0,0,0,0,0,0,0,-0.00501060,-0.00100301,-0.00298449,-0.0048997,-0.00533981,sell
2018-03-22,0,0,0,0,0,0,0,2,0,0,0,0,0,0,0,1,0,0,1,0,0,0,0,0,0,0,0,1,0,0,0,0,-0.00548351,-0.00448962,-0.00498515,-0.0032501,-0.00385504,sell
2018-03-23,0,0,1,0,0,0,0,2,0,0,0,0,0,0,0,0,0,0,1,0,0,0,0,0,1,0,0,1,0,0,0,0,-0.00773921,-0.00806997,-0.01003277,-0.0090592,-0.00579571,sell
2018-03-24,0,0,1,0,1,0,0,2,0,0,1,0,0,0,0,0,0,0,1,0,0,0,0,0,1,0,0,1,0,0,0,0,-0.00310908,-0.00474469,-0.00850401,-0.0002595,-0.00202256,sell
2018-03-25,0,0,1,0,1,0,0,2,0,0,1,0,0,0,0,0,0,0,1,0,0,0,0,0,1,0,0,1,0,0,0,0,-0.00310908,-0.00474469,-0.00850401,-0.0002595,-0.00202256,sell
2018-03-26,0,1,1,0,1,0,0,1,0,0,1,0,0,0,0,0,0,1,1,0,0,0,0,0,1,0,0,0,0,0,0,0, 0.00010423,-0.00304867, 0.00041188,-0.0004485, 0.00054398,sell
2018-03-27,0,1,0,0,1,0,0,2,0,0,1,0,0,0,0,0,0,1,1,0,0,1,0,0,0,0,0,0,0,0,1,0, 0.00425172, 0.00349300, 0.00090543, 0.0038898, 0.00249736,buy
2018-03-28,1,1,0,0,1,0,0,2,0,0,1,0,0,0,0,0,0,1,1,0,0,1,0,0,0,0,0,0,0,0,1,1, 0.00481767, 0.00569622,-0.00127696, 0.0039947, 0.00227206,buy
2018-03-29,1,1,0,0,1,1,0,2,0,0,1,0,0,0,0,0,0,1,1,0,0,1,0,0,0,0,1,0,0,0,1,1, 0.00448118, 0.00592593,-0.00284663, 0.0042313,-0.00019164,buy
2018-03-30,1,1,0,0,1,1,0,1,0,0,1,0,0,0,0,0,0,1,0,0,0,1,0,0,0,0,1,0,0,0,1,1, 0.00425725, 0.00531059,-0.00302662, 0.0018553,-0.00080452,buy
2018-03-31,1,0,0,0,1,1,0,1,0,0,1,0,0,1,0,0,0,0,0,0,0,1,0,0,0,0,1,0,0,0,0,1, 0.00341167, 0.00242200, 0.00264023, 0.0007539, 0.00134900,buy
2018-04-01,1,0,0,0,0,1,0,0,0,0,0,0,0,1,0,0,0,0,0,0,0,0,0,0,0,0,1,0,0,0,0,1, 0.00146131, 0.00358965,-0.00090415, 0.0017903, 0.00451238,buy
2018-04-02,0,0,0,0,1,0,0,2,0,1,0,0,1,1,0,0,0,0,0,1,0,0,0,0,0,0,0,0,0,0,0,0, 0.00161849,-0.00376335,-0.00150560,-0.0042565,-0.00475844,sell
2018-04-03,0,0,0,0,1,0,0,2,0,1,0,0,1,0,0,0,0,0,0,1,0,0,0,0,0,0,0,0,0,0,0,0,-0.00120952,-0.00453021, 0.00057686,-0.0083532,-0.00729121,sell
2018-04-04,0,0,0,0,1,0,0,2,0,1,0,0,1,0,0,0,0,0,0,1,0,0,0,0,0,0,0,0,0,0,0,0,-0.00120952,-0.00453021, 0.00057686,-0.0083532,-0.00729121,sell
2018-04-05,1,1,0,0,2,0,0,2,1,1,0,0,1,0,0,1,0,0,0,1,0,0,0,0,0,0,0,0,1,0,0,0, 0.00163300,-0.00182579, 0.00263161, 0.0000138, 0.00157508,buy
2018-04-06,1,1,0,0,2,0,0,1,1,0,0,0,1,0,0,1,0,0,0,1,0,0,0,0,0,0,0,0,1,0,0,0,-0.00092532,-0.00115152, 0.00116684, 0.0011204, 0.00134271,buy
2018-04-07,1,1,0,0,2,0,0,1,1,0,0,0,1,0,0,1,0,0,0,1,0,0,0,0,0,0,0,0,1,0,0,0,-0.00092532,-0.00115152, 0.00116684, 0.0011204, 0.00134271,buy
2018-04-08,2,1,0,0,0,0,0,1,1,0,0,0,1,0,0,0,0,0,0,0,0,0,0,0,0,1,0,0,1,0,0,0,-0.00515261,-0.00492087,-0.00744638,-0.0027470,-0.00780998,sell
2018-04-09,2,1,1,0,0,0,0,1,1,0,0,0,0,0,0,0,0,1,0,0,1,0,0,0,0,1,0,0,1,0,0,0,-0.00296830, 0.00061528,-0.00189064, 0.0018303,-0.00129901,sell
2018-04-10,1,1,1,0,0,0,0,1,1,0,0,0,0,0,0,0,0,1,0,0,1,0,0,0,0,1,0,0,0,0,0,0,-0.00110530,-0.00073745, 0.00150909, 0.0025251, 0.00131019,buy
2018-04-11,1,1,1,0,0,0,1,1,1,0,0,0,0,0,0,0,0,1,0,0,1,0,0,0,0,1,1,0,0,0,0,0,-0.00258644,-0.00162216,-0.00084292, 0.0028793, 0.00214092,sell
2018-04-12,1,2,1,0,0,0,1,1,1,0,0,0,0,0,0,0,0,1,0,0,1,0,0,0,0,1,1,0,0,0,0,1, 0.00260171,-0.00074642, 0.00083704, 0.0040670, 0.00408947,buy
2018-04-13,1,2,1,0,0,0,1,1,1,0,0,0,0,0,0,0,0,1,0,0,1,0,0,0,0,1,1,0,0,0,0,1, 0.00260171,-0.00074642, 0.00083704, 0.0040670, 0.00408947,buy
2018-04-14,1,2,0,0,0,1,1,0,1,0,0,0,0,0,0,1,0,0,0,0,0,0,0,0,0,1,1,0,0,0,0,1, 0.00550127, 0.00285318, 0.00691875, 0.0037883, 0.00099641,buy
2018-04-15,1,2,0,1,0,1,0,1,1,0,0,0,0,0,0,1,1,0,0,0,0,0,0,0,1,0,0,1,0,0,0,1,-0.00261181,-0.00243281, 0.00333722,-0.0030296,-0.00059958,sell
2018-04-16,1,2,0,1,0,1,0,1,1,0,0,0,0,0,0,1,1,0,0,0,0,0,1,0,1,0,0,1,0,0,0,1,-0.00161576,-0.00188844, 0.00563787,-0.0019117, 0.00370380,sell
2018-04-17,1,1,0,1,0,1,0,1,1,0,0,0,0,0,0,1,1,0,0,0,0,0,1,0,1,0,0,1,0,0,0,0,-0.00043276,-0.00198383, 0.00718641,-0.0003428, 0.00600769,buy
2018-04-18,1,2,0,1,0,2,0,1,1,0,0,0,0,0,0,1,1,0,0,1,0,0,1,0,1,0,0,1,1,0,0,0, 0.00100650, 0.00162903, 0.00350040, 0.0002147, 0.00109523,buy
2018-04-19,1,2,0,0,0,1,0,1,1,0,0,0,0,0,0,0,1,0,0,1,0,0,1,0,0,0,0,1,1,0,0,0, 0.00261978, 0.00334441, 0.00270344, 0.0036475, 0.00031788,buy
2018-04-20,0,2,0,0,0,1,0,0,1,0,0,0,0,0,0,0,0,0,0,1,0,0,1,0,0,0,0,0,1,0,0,0, 0.00058133, 0.00249093,-0.00114312, 0.0045655,-0.00009387,buy
2018-04-21,0,2,0,0,0,1,0,0,1,0,0,0,0,0,0,0,0,0,0,1,0,0,0,0,0,0,0,0,1,0,0,0,-0.00439748,-0.00251196,-0.00365863,-0.0020410,-0.00614504,sell
2018-04-22,1,1,0,0,1,1,0,0,1,0,0,0,0,0,0,0,0,0,0,1,0,0,0,1,0,0,0,0,0,0,1,0, 0.00044287, 0.00201335,-0.00008905, 0.0013811, 0.00411731,buy
2018-04-23,1,1,0,0,1,0,0,1,1,0,0,0,1,0,0,0,0,0,0,0,0,0,0,1,0,0,0,0,0,0,1,0, 0.00255633, 0.00163759, 0.00167741, 0.0023808, 0.00276024,buy
2018-04-24,1,0,0,0,1,0,0,1,0,0,0,0,1,0,0,0,0,0,0,0,0,0,0,1,0,0,0,0,0,0,1,0, 0.00343459, 0.00243854, 0.00109650, 0.0006820, 0.00106783,buy
2018-04-25,1,0,0,0,1,0,0,1,0,0,0,0,1,0,0,0,0,0,0,0,0,0,0,1,0,0,0,0,0,0,1,0, 0.00343459, 0.00243854, 0.00109650, 0.0006820, 0.00106783,buy
2018-04-26,1,0,1,0,0,0,0,1,0,0,0,0,1,0,0,0,0,0,0,0,0,0,0,1,0,0,0,0,0,0,0,1,-0.00248641,-0.00125170,-0.00120637,-0.0052972,-0.00351943,sell
2018-04-27,1,0,1,0,0,0,0,1,0,0,0,0,1,0,0,0,0,0,0,0,0,1,0,0,0,0,0,0,0,0,0,1,-0.00088692, 0.00025423,-0.00224650,-0.0005223,-0.00132090,sell
2018-04-28,1,1,1,0,0,0,0,1,0,0,0,0,1,0,0,0,0,0,0,0,0,1,0,0,0,0,0,1,0,0,0,1, 0.00065459, 0.00215458,-0.00165415, 0.0019155, 0.00224641,buy
2018-04-29,1,2,1,0,0,0,0,0,0,0,0,0,0,0,0,0,0,0,0,0,0,1,0,0,0,1,0,1,0,0,0,1,-0.00104620, 0.00535819, 0.00418390, 0.0033776, 0.00506825,buy
2018-04-30,1,2,2,0,0,0,0,0,0,0,0,0,0,0,0,0,0,0,0,0,0,1,0,0,0,1,0,1,1,0,0,1, 0.00241376, 0.00505772, 0.00254834, 0.0025589, 0.00585999,buy
2018-05-01,1,2,1,0,1,0,0,0,0,0,1,0,0,0,0,0,0,0,0,0,0,1,0,0,0,1,0,1,1,0,0,0, 0.00026470, 0.00166741, 0.00124889, 0.0008848, 0.00168654,buy
2018-05-02,0,1,1,0,1,0,0,0,0,0,1,0,0,0,0,0,0,0,0,0,0,0,0,0,0,1,0,0,1,0,0,0,-0.00440854,-0.00269948,-0.00158640,-0.0042198,-0.00594256,sell
2018-05-03,0,1,2,0,1,0,0,0,1,0,1,0,0,0,0,0,0,0,0,0,0,0,0,0,0,1,0,0,1,0,0,0,-0.00734259,-0.00685636,-0.00583545,-0.0049456,-0.00762767,sell
2018-05-04,0,1,1,0,2,1,1,0,1,0,1,0,0,0,0,0,0,0,0,1,0,0,0,0,0,1,0,0,0,1,1,0,-0.00129512,-0.00383332, 0.00118583,-0.0011140,-0.00050491,sell
2018-05-05,0,0,1,0,1,1,1,1,1,0,0,1,0,0,0,0,0,0,0,1,0,0,0,0,0,0,0,0,0,1,1,0, 0.00210394,-0.00048099, 0.00041639, 0.0026920,-0.00418962,sell
2018-05-06,0,0,1,0,1,1,1,2,1,0,0,1,0,0,0,0,0,0,0,1,0,0,0,0,0,0,1,0,0,1,1,0,-0.00652363,-0.00401262,-0.00695888,-0.0016844,-0.00478573,sell
2018-05-07,0,0,0,1,1,1,1,2,0,0,0,1,0,0,0,0,0,1,0,1,0,0,0,0,0,0,1,0,0,1,1,0,-0.00571802,-0.00542094,-0.00457436,-0.0019672,-0.00281779,sell
2018-05-08,0,1,1,1,1,1,1,2,0,0,0,1,0,0,0,0,0,1,0,1,0,0,0,1,1,0,1,0,0,1,1,0,-0.00264187,-0.00402717, 0.00119345, 0.0014068,-0.00095613,sell
2018-05-09,1,1,1,1,1,0,0,1,0,0,0,0,0,0,0,0,0,1,0,0,1,0,0,1,1,0,1,0,0,1,0,0, 0.00323547,-0.00100848,-0.00123572, 0.0034832, 0.00249398,buy
2018-05-10,1,1,2,1,1,0,0,1,0,1,0,0,0,0,0,0,0,1,0,0,1,0,0,1,1,0,0,1,0,1,0,0, 0.00246620, 0.00035973, 0.00334721,-0.0018303,-0.00116545,buy
2018-05-11,1,1,2,0,1,0,0,1,0,1,0,0,0,0,0,0,0,0,0,0,1,0,0,1,1,0,0,1,0,1,0,0, 0.00298047, 0.00124735, 0.00353283,-0.0021168,-0.00133877,buy
2018-05-12,1,2,1,0,1,1,0,1,0,1,1,0,0,0,1,0,0,0,0,0,1,1,0,1,0,0,0,1,0,1,0,0, 0.00162474, 0.00217614, 0.00355725,-0.0000978,-0.00191460,buy
2018-05-13,1,1,1,0,1,1,0,1,0,1,1,0,0,0,1,0,0,0,0,0,1,1,0,0,0,0,0,1,0,1,0,0,-0.00002277, 0.00149444, 0.00136256,-0.0006447, 0.00071078,buy
2018-05-14,1,1,0,0,1,1,0,1,0,1,1,0,0,0,1,0,0,0,0,0,1,1,0,0,0,0,0,0,0,1,0,0, 0.00276019,-0.00021096, 0.00355934, 0.0016246, 0.00250850,buy
2018-05-15,1,1,0,0,1,1,0,0,0,0,1,0,0,0,0,0,1,0,0,0,0,1,0,0,0,0,0,0,0,1,0,0,-0.00011957, 0.00535495,-0.00441215, 0.0026492,-0.00261438,sell
2018-05-16,1,1,0,0,1,0,0,0,0,0,0,0,0,0,0,0,1,0,0,0,0,1,0,0,0,0,0,0,0,1,0,0, 0.00030351, 0.00697538,-0.00185142, 0.0023689,-0.00546495,sell
2018-05-17,2,0,0,0,1,0,0,0,0,0,0,0,1,0,0,0,1,0,0,0,0,0,0,0,0,0,0,0,0,1,0,0, 0.00340541, 0.00134825,-0.00074155,-0.0001140,-0.00354747,sell
2018-05-18,1,0,1,0,1,0,1,0,0,0,0,0,1,0,0,0,0,0,0,0,0,0,0,0,0,1,0,0,0,1,1,0,-0.00231622, 0.00108137,-0.00004408, 0.0035879, 0.00000869,buy
2018-05-19,1,1,1,0,2,0,1,0,0,0,0,0,1,0,0,0,0,0,0,0,0,0,1,0,1,1,0,0,0,1,1,0,-0.00175337, 0.00221306, 0.00161203, 0.0014789, 0.00472366,buy
2018-05-20,1,1,1,0,2,0,1,0,0,0,0,0,0,0,0,0,0,0,1,0,0,0,1,0,1,1,0,0,0,1,1,0,-0.00633623,-0.00135646, 0.00056629,-0.0014467,-0.00212866,sell
2018-05-21,1,1,1,1,2,0,1,0,0,0,0,0,0,0,0,0,0,0,1,0,0,0,1,0,1,1,0,0,0,1,1,1, 0.00105502, 0.00461473, 0.00487874, 0.0014613, 0.00274998,buy
2018-05-22,1,1,1,2,1,0,1,0,1,0,1,0,0,0,0,0,0,0,1,0,0,0,1,0,1,1,0,0,0,0,0,1, 0.00294575,-0.00221751,-0.00326702, 0.0038348,-0.00260371,sell
2018-05-23,1,1,2,2,1,0,1,0,1,0,1,0,0,0,0,0,1,0,1,0,0,0,1,1,0,1,0,0,0,0,0,1,-0.00662107,-0.00856035,-0.00852044,-0.0053737,-0.00805327,sell
2018-05-24,2,1,1,3,0,1,1,0,1,0,1,1,0,0,0,1,1,0,1,0,0,0,0,1,0,0,0,0,1,0,0,1,-0.00414609,-0.00738606,-0.00655210,-0.0047858,-0.00767011,sell
2018-05-25,2,3,1,1,0,1,0,0,0,0,0,1,1,0,0,1,1,0,1,0,1,0,0,1,0,0,0,0,1,0,0,0, 0.00385343,-0.00476121,-0.00297715,-0.0057319,-0.00362030,sell
2018-05-26,2,2,1,1,0,1,0,0,0,0,0,1,1,0,0,1,0,0,1,0,1,0,0,1,0,0,0,0,1,0,0,0, 0.00237954, 0.00367979, 0.00218692, 0.0001428, 0.00053759,buy
2018-05-27,1,2,1,1,0,1,0,0,0,0,0,0,1,0,0,1,0,0,1,0,1,1,0,0,0,0,0,0,1,0,0,0,-0.00112080,-0.00539190,-0.00526906,-0.0040253,-0.00308507,sell
2018-05-28,0,1,1,0,0,1,0,0,0,0,0,0,0,0,0,1,0,0,0,0,1,1,0,0,0,0,0,0,0,0,0,0, 0.00304787,-0.00250798,-0.00517959, 0.0019115,-0.00508444,sell
2018-05-29,0,1,1,0,1,1,0,0,0,0,0,0,0,0,1,1,0,0,0,0,1,1,0,0,0,0,0,0,0,0,0,0, 0.00404632,-0.00402156, 0.00293079, 0.0062542,-0.00310479,buy
2018-05-30,0,0,2,0,1,0,0,0,0,0,0,0,0,0,1,0,1,0,0,0,0,1,0,0,0,0,0,0,0,0,0,0, 0.00174683, 0.00423136, 0.00295188, 0.0064387, 0.00012775,buy
2018-05-31,3,1,2,0,1,0,0,0,0,1,0,1,0,0,1,0,1,0,0,0,0,1,0,0,1,0,1,0,0,0,0,0, 0.00050474,-0.00092314,-0.00536133,-0.0006640, 0.00006779,sell
2018-06-01,3,1,2,0,0,0,0,0,0,1,0,1,1,0,0,0,1,0,0,0,0,0,0,0,1,0,1,0,0,0,0,0, 0.00212386, 0.00018087,-0.00285875,-0.0036220, 0.00061244,buy
2018-06-02,3,1,1,0,0,0,0,0,0,1,0,1,1,0,0,0,0,0,0,0,0,0,0,0,1,0,1,0,0,0,0,0, 0.00044835, 0.00043509,-0.00492376,-0.0056456, 0.00027708,sell
2018-06-03,2,0,2,0,0,0,0,0,0,0,0,0,1,0,0,0,0,1,0,0,0,0,0,0,1,0,1,0,0,0,0,0,-0.00472858,-0.00443160,-0.00315573,-0.0066204,-0.00481738,sell
2018-06-04,1,0,1,1,0,1,0,0,0,0,0,0,0,1,0,0,0,1,0,0,0,0,1,0,0,0,1,1,0,0,0,0, 0.00114983, 0.00351537,-0.00096706, 0.0023055,-0.00350921,buy
2018-06-05,0,0,2,1,0,2,0,2,1,0,1,0,0,1,1,0,0,1,0,1,0,0,1,0,0,0,0,1,0,0,0,0,-0.00090171, 0.00018667, 0.00135127,-0.0007022,-0.00468138,sell
2018-06-06,0,0,2,1,0,2,0,2,1,0,1,0,0,1,1,0,0,1,0,1,0,0,1,0,0,0,0,1,0,0,0,0,-0.00090171, 0.00018667, 0.00135127,-0.0007022,-0.00468138,sell
2018-06-07,0,0,2,1,0,2,0,2,0,0,1,1,0,1,1,0,0,1,0,1,0,0,1,0,0,0,0,1,0,0,0,0,-0.00111614,-0.00111788,-0.00014947,-0.0007767,-0.00233634,sell
2018-06-08,0,1,1,0,0,1,0,1,0,1,0,1,0,0,0,0,0,0,0,1,0,0,1,0,0,0,0,0,0,0,0,0,-0.00156272,-0.00002712,-0.00158133,-0.0023075,-0.00354702,sell
2018-06-09,0,1,2,0,1,1,0,1,0,1,0,1,0,0,0,1,0,0,0,1,1,0,1,0,0,0,0,0,0,0,0,0, 0.00071925,-0.00575734,-0.00383663,-0.0049716,-0.00488741,sell
2018-06-10,0,1,1,0,1,0,0,0,0,1,0,0,0,0,0,1,0,0,0,0,1,0,0,0,0,0,0,0,0,0,0,0, 0.00367435,-0.00302618,-0.00637390,-0.0044913,-0.00666941,sell
2018-06-11,0,2,1,0,1,0,0,0,1,0,0,0,0,0,0,1,0,0,1,0,1,0,0,0,0,0,0,0,0,0,0,0, 0.00447121, 0.00438991, 0.00373701, 0.0008956, 0.00567654,buy
2018-06-12,0,2,2,1,1,0,1,0,1,0,0,0,0,0,1,1,1,0,1,0,1,0,0,0,0,0,0,0,0,0,0,1, 0.00083033, 0.00408921, 0.00151286, 0.0006158, 0.00519821,buy
2018-06-13,0,3,2,1,1,0,1,1,1,0,0,0,0,0,1,1,1,0,1,0,1,0,0,0,0,0,1,0,0,0,1,1,-0.00078417, 0.00046863, 0.00101605, 0.0006836, 0.00025443,buy
2018-06-14,0,2,1,0,0,0,1,1,0,0,0,0,0,0,1,0,0,0,1,0,0,0,0,0,0,0,1,0,0,0,1,1, 0.00404845, 0.00230063, 0.00289581, 0.0002483, 0.00282254,buy
2018-06-15,0,2,1,1,0,0,0,1,0,0,0,0,1,0,0,0,0,0,1,0,0,0,0,0,0,0,1,0,0,0,1,1, 0.00312208, 0.00457329, 0.00416610, 0.0009847, 0.00404933,buy
2018-06-16,0,2,1,1,0,0,0,1,0,1,0,0,1,0,0,0,0,0,1,0,0,0,0,0,0,0,1,0,0,0,1,0,-0.00087237,-0.00077514, 0.00157348,-0.0014267,-0.00068966,sell
2018-06-17,0,0,2,1,0,0,0,0,0,1,0,0,1,0,0,0,0,0,0,0,0,0,0,0,0,0,0,0,1,0,0,0, 0.00136759,-0.00783021,-0.00613169,-0.0057461,-0.00156196,sell
2018-06-18,1,1,2,1,0,0,0,0,1,1,0,0,0,0,0,0,0,1,0,0,0,0,0,1,0,0,0,0,1,0,0,0,-0.00515912,-0.00518903,-0.00212382,-0.0055739,-0.00419952,sell
2018-06-19,1,1,1,2,0,0,0,0,1,0,0,0,0,0,0,0,0,1,0,0,0,0,0,1,0,1,0,0,1,0,0,0,-0.00474489,-0.00527828,-0.00533538,-0.0023353,-0.00441939,sell
2018-06-20,2,1,1,2,0,0,0,0,1,0,1,0,0,0,0,0,0,1,0,0,0,0,0,1,0,1,0,0,1,0,0,0,-0.00490317,-0.00402076,-0.00462986,-0.0028391,-0.00420835,sell
2018-06-21,1,1,1,2,0,0,1,0,0,0,1,0,0,0,0,0,0,1,0,0,0,0,1,1,0,1,0,0,1,0,0,0,-0.00576115,-0.00258010,-0.00524035,-0.0050876,-0.00472368,sell
2018-06-22,1,1,0,2,0,0,1,0,0,0,1,1,0,0,0,0,0,1,0,0,0,0,1,0,0,1,0,0,0,0,0,0,-0.00332603, 0.00055921,-0.00189391,-0.0036242,-0.00049671,sell
2018-06-23,0,1,0,2,0,0,1,0,0,0,0,1,0,0,0,0,0,0,0,0,0,0,1,0,0,1,0,0,0,0,0,1,-0.00049731, 0.00328827,-0.00378818, 0.0002596, 0.00203888,buy
2018-06-24,0,1,0,1,0,0,1,1,0,0,0,1,0,0,0,0,0,0,0,0,0,0,1,0,1,0,0,0,0,0,0,1,-0.00391601, 0.00062222,-0.00494343,-0.0029872,-0.00257997,sell
2018-06-25,0,1,0,1,0,0,1,1,0,0,0,0,0,0,0,0,0,0,0,0,0,1,1,0,1,0,0,0,0,0,0,1,-0.00322970, 0.00027284,-0.00438320,-0.0042362,-0.00583054,sell
2018-06-26,0,1,2,1,0,0,0,1,0,0,0,0,0,0,0,0,1,0,0,0,0,1,0,0,1,0,1,0,0,0,0,1, 0.00046076,-0.00354997, 0.00009744,-0.0008532, 0.00062557,sell
2018-06-27,0,0,2,1,0,0,0,1,0,0,0,0,0,0,0,0,1,0,0,0,0,1,0,0,1,0,1,0,0,0,0,0,-0.00073825,-0.00233842,-0.00103451,-0.0039606,-0.00131271,sell
2018-06-28,0,1,3,1,0,0,0,0,0,0,1,0,0,0,0,0,1,0,1,0,0,1,0,0,0,0,1,0,0,0,0,0, 0.00114080,-0.00150221,-0.00215100, 0.0001820,-0.00058783,sell
2018-06-29,0,1,3,1,0,0,0,1,0,0,1,0,0,0,1,0,0,0,1,0,0,1,0,0,0,0,1,1,0,0,0,0,-0.00164527,-0.00302747,-0.00160715,-0.0003434,-0.00429381,sell
2018-06-30,0,2,2,0,0,0,0,1,0,0,1,0,0,0,1,0,0,0,1,0,0,0,0,0,0,0,0,1,1,0,0,0, 0.00212440, 0.00063032,-0.00062634, 0.0041171, 0.00232629,buy
2018-07-01,0,2,3,0,0,0,0,1,0,0,1,0,1,0,1,0,0,0,1,0,0,0,0,0,0,0,0,1,1,0,0,0, 0.00394656, 0.00043293,-0.00030026, 0.0013598, 0.00175487,buy
2018-07-02,0,1,3,0,0,0,0,0,0,0,0,0,1,0,0,0,0,0,1,0,0,0,0,0,0,0,0,1,1,0,0,0, 0.00036641,-0.00192193,-0.00432603,-0.0020110, 0.00401886,sell
2018-07-03,1,1,2,0,0,0,0,0,0,0,0,0,1,0,0,0,0,1,0,0,0,0,0,0,0,0,0,1,1,0,0,0,-0.00389947,-0.00403867,-0.00220064,-0.0038442,-0.00178671,sell
2018-07-04,2,1,1,1,0,0,0,0,0,1,0,0,1,0,0,0,1,1,0,0,0,0,0,0,0,0,0,0,0,0,0,1, 0.00007029, 0.00163349, 0.00095203, 0.0030792, 0.00215729,buy
2018-07-05,2,1,0,1,0,0,0,0,0,1,0,0,0,0,0,0,1,1,0,0,0,0,0,0,0,0,0,0,0,0,0,1, 0.00022749,-0.00210392,-0.00010224, 0.0016407, 0.00146821,buy
2018-07-06,3,1,0,1,0,0,0,0,0,1,0,0,0,0,0,0,1,1,0,1,0,0,0,0,0,0,0,0,0,0,0,1,-0.00249713,-0.00158053, 0.00145247, 0.0034311, 0.00215171,buy
2018-07-07,3,1,0,0,0,0,0,1,1,0,0,0,0,0,0,0,1,1,0,1,0,0,0,0,0,0,0,0,0,0,0,1, 0.00091915, 0.00017423, 0.00229470, 0.0029562, 0.00350297,buy
2018-07-08,1,0,0,0,0,0,0,1,1,0,0,0,0,0,0,0,0,0,0,1,0,0,0,0,0,0,0,0,0,0,0,0,-0.00444625,-0.00365404,-0.00843273, 0.0002478,-0.00029241,sell
2018-07-09,1,0,0,0,0,0,0,1,1,0,0,0,0,0,0,0,0,0,0,1,0,0,0,0,0,0,0,0,0,0,0,0,-0.00444625,-0.00365404,-0.00843273, 0.0002478,-0.00029241,sell
2018-07-10,2,0,1,1,0,0,0,1,1,0,1,0,0,0,0,0,0,0,0,1,1,0,0,0,0,0,0,0,0,0,1,0, 0.00262013, 0.00269565, 0.00434961, 0.0061859, 0.00303073,buy
2018-07-11,1,0,1,1,0,0,0,1,1,0,1,0,0,0,0,0,0,0,0,0,1,0,0,0,0,0,0,0,0,0,1,0, 0.00089524, 0.00037107, 0.00396125, 0.0078747, 0.00101318,buy
2018-07-12,2,1,1,1,0,0,0,0,0,0,1,0,0,0,0,0,0,0,0,0,1,0,0,0,0,0,0,1,1,0,1,0, 0.00008215,-0.00244721, 0.00042648, 0.0042230, 0.00214561,buy
2018-07-13,2,2,1,1,0,0,0,0,0,0,1,0,1,0,0,0,0,0,0,0,1,0,0,0,0,0,0,1,1,0,1,0, 0.00059497,-0.00187278,-0.00025973,-0.0014598,-0.00033016,sell
2018-07-14,1,2,4,1,0,0,0,0,0,0,1,1,1,0,0,0,0,0,0,0,1,0,0,1,0,1,0,1,1,0,0,0, 0.00025679, 0.00154897,-0.00419226,-0.0038444,-0.00244015,sell
2018-07-15,1,2,3,0,0,1,0,0,0,0,0,1,1,0,0,0,0,0,0,0,0,0,0,1,0,1,0,1,1,1,0,0, 0.00174832,-0.00114566,-0.00230917,-0.0022283, 0.00158098,sell
2018-07-16,0,2,3,0,0,1,0,0,0,0,0,1,1,0,0,0,0,0,0,0,0,0,0,1,0,1,0,1,0,1,0,0, 0.00109317,-0.00181037,-0.00391254,-0.0042764,-0.00460499,sell
2018-07-17,0,1,3,0,0,1,0,0,0,0,0,1,1,0,0,0,0,0,0,0,0,0,0,1,0,1,0,0,0,1,0,0,-0.00233095, 0.00048461,-0.00222243,-0.0029561,-0.00265501,sell
2018-07-18,1,1,1,0,0,1,0,0,0,0,0,1,1,0,0,0,1,0,0,0,0,0,0,0,0,0,0,0,0,1,0,0, 0.00193078,-0.00044692,-0.00179035,-0.0027390, 0.00002032,sell
2018-07-19,1,0,1,0,0,1,0,0,0,0,0,1,0,0,0,0,1,0,0,0,0,0,0,0,0,0,0,0,0,1,0,0, 0.00126239, 0.00105831,-0.00038331,-0.0003478,-0.00005271,buy
2018-07-20,1,0,0,0,0,1,1,0,0,0,0,0,0,0,0,0,1,0,0,0,0,0,0,0,1,0,0,0,0,1,0,0, 0.00040384, 0.00547425,-0.00131060,-0.0006941,-0.00422449,sell
2018-07-21,1,0,0,0,0,1,1,0,0,0,0,0,0,0,0,0,1,0,0,0,0,0,0,0,1,0,0,0,0,1,0,0, 0.00040384, 0.00547425,-0.00131060,-0.0006941,-0.00422449,sell
2018-07-22,1,1,0,0,0,1,1,0,0,0,0,0,0,0,0,0,1,0,0,1,0,0,0,0,1,0,0,0,0,1,0,0, 0.00183819, 0.00509895, 0.00194807,-0.0006962,-0.00175827,buy
2018-07-23,1,1,0,1,0,1,1,1,0,0,0,0,0,0,0,0,1,0,0,1,0,0,1,0,1,0,1,0,0,1,0,0, 0.00211207, 0.00016104, 0.00075240, 0.0007512,-0.00084670,buy
2018-07-24,1,2,1,1,0,1,1,1,0,0,0,0,0,0,0,0,1,0,0,1,0,1,1,0,1,0,1,0,0,1,1,0,-0.00354108,-0.00438558,-0.00270186, 0.0013621,-0.00156015,sell
2018-07-25,1,2,1,2,0,1,0,1,0,0,0,0,0,0,0,0,1,0,1,1,0,1,1,0,0,0,1,0,0,1,1,0,-0.00395605,-0.00104520,-0.00293305,-0.0033062,-0.00038197,sell
2018-07-26,2,3,1,2,0,1,0,1,0,0,0,0,0,0,0,0,1,0,1,1,0,1,1,0,0,1,1,1,0,1,1,0,-0.00196609, 0.00086510,-0.00119609, 0.0013493, 0.00135070,buy
2018-07-27,2,2,1,1,0,1,0,1,0,0,0,0,0,0,0,0,1,0,1,0,0,1,1,0,0,1,0,1,0,1,1,0, 0.00229566, 0.00154427,-0.00394365, 0.0020063, 0.00379555,buy
2018-07-28,2,2,1,1,0,1,0,1,0,0,0,0,0,0,0,0,1,0,1,0,0,1,0,1,0,1,0,1,0,1,0,1, 0.00002384, 0.00178610, 0.00160607, 0.0043076, 0.00473437,buy
2018-07-29,2,2,0,0,1,1,0,1,0,0,0,0,0,0,0,1,1,0,0,0,0,0,0,1,0,1,0,1,0,1,0,1, 0.00008086, 0.00438251, 0.00546026, 0.0022850, 0.00516989,buy
2018-07-30,1,1,0,0,1,1,0,1,0,0,0,0,0,0,0,1,1,0,0,0,0,0,0,1,0,0,0,0,0,1,0,1, 0.00238385, 0.00505913, 0.00393578, 0.0034352, 0.00556376,buy
2018-07-31,1,1,0,0,1,1,0,1,0,0,0,0,0,0,0,1,1,0,0,0,0,0,0,1,0,0,0,0,0,1,0,1, 0.00238385, 0.00505913, 0.00393578, 0.0034352, 0.00556376,buy
2018-08-01,1,1,0,0,1,1,0,1,0,0,0,0,0,0,0,1,1,0,0,0,0,0,0,1,0,0,0,0,0,1,0,1, 0.00238385, 0.00505913, 0.00393578, 0.0034352, 0.00556376,buy
2018-08-02,1,0,1,0,0,1,0,0,0,0,0,1,0,0,0,0,1,0,0,0,0,0,0,0,0,0,0,0,0,1,0,0, 0.00126239, 0.00105831,-0.00038331,-0.0003478,-0.00005271,buy
2018-08-03,1,1,1,0,0,1,0,0,0,0,0,1,1,0,0,0,1,0,0,0,0,0,0,0,0,0,0,0,0,1,0,0, 0.00193078,-0.00044692,-0.00179035,-0.0027390, 0.00002032,sell
2018-08-04,1,1,1,0,0,2,0,1,0,0,0,1,1,0,0,0,1,1,0,0,0,0,0,0,1,0,0,0,0,1,0,0, 0.00113512, 0.00251205,-0.00075988,-0.0020989,-0.00289856,sell
2018-08-05,0,1,1,0,0,2,0,1,0,0,0,1,1,0,0,0,0,1,0,0,0,0,0,0,1,0,0,0,0,1,0,0,-0.00369779,-0.00254580,-0.00025537,-0.0007687,-0.00206129,sell
2018-08-06,1,1,2,0,0,2,0,1,0,0,0,1,1,0,0,0,0,1,0,1,0,0,0,0,1,1,0,0,0,1,0,0,-0.00008675, 0.00340011, 0.00141693, 0.0027076,-0.00184427,buy
2018-08-07,1,1,4,0,0,3,0,1,0,0,1,1,1,1,0,1,0,1,0,1,0,0,0,0,1,1,0,0,0,1,1,0, 0.00019912,-0.00218977,-0.00215735,-0.0003997,-0.00063524,sell
2018-08-08,1,2,3,0,0,3,0,3,1,0,1,0,1,1,0,1,0,1,0,1,0,1,0,0,1,1,0,0,1,1,1,0, 0.00195219,-0.00269708,-0.00293427,-0.0021010, 0.00073278,sell
2018-08-09,1,2,3,0,0,2,0,3,1,0,1,0,1,1,0,1,0,1,0,1,0,1,0,0,0,1,0,0,1,1,1,0,-0.00007714,-0.00069312,-0.00358044,-0.0014209,-0.00076192,sell
2018-08-10,0,1,4,0,0,1,0,2,1,0,1,0,0,1,0,0,0,0,0,1,1,1,0,0,0,0,0,0,1,1,1,0,-0.00070478,-0.00329131,-0.00373152,-0.0031418,-0.00127050,sell
2018-08-11,0,1,3,0,0,1,0,2,1,0,1,0,0,0,0,0,0,0,0,0,1,1,0,0,0,0,0,0,1,1,1,0, 0.00266451,-0.00129088,-0.00160798,-0.0015752, 0.00334150,buy
2018-08-12,0,1,2,0,0,1,0,1,1,0,1,0,0,0,0,0,0,0,0,0,1,1,0,0,0,0,0,0,0,1,0,0,-0.00446047,-0.00661260,-0.00493008,-0.0049436,-0.00477772,sell
2018-08-13,1,0,1,0,0,1,0,1,1,0,0,0,0,0,0,0,0,0,0,0,1,0,0,1,0,0,0,0,0,1,0,0, 0.00152565,-0.00233044,-0.00281698,-0.0014304,-0.00158965,sell
2018-08-14,1,0,1,0,0,1,0,0,0,0,0,0,0,0,0,0,0,0,0,0,1,0,0,1,0,0,0,0,0,1,0,0,-0.00250700,-0.00065896,-0.00763933,-0.0053924,-0.00181944,sell
2018-08-15,1,0,0,0,0,1,0,0,0,0,0,0,0,0,0,0,0,0,0,0,0,0,0,1,0,0,0,0,0,1,0,0,-0.00597036,-0.00162736,-0.00816556,-0.0082972,-0.00323428,sell
2018-08-16,1,0,0,0,0,1,1,0,0,0,0,0,0,0,0,1,0,0,0,0,0,0,0,1,0,0,0,0,0,1,0,0,-0.00141736, 0.00076351,-0.00228588,-0.0077348,-0.00084766,sell
2018-08-17,1,0,0,0,0,1,1,0,0,0,0,0,0,0,0,1,0,0,0,0,0,0,0,1,0,0,0,0,0,1,0,0,-0.00141736, 0.00076351,-0.00228588,-0.0077348,-0.00084766,sell
2018-08-18,1,0,0,0,0,1,1,0,0,0,0,0,0,0,0,1,0,0,0,0,0,0,0,1,0,0,0,0,0,1,0,0,-0.00141736, 0.00076351,-0.00228588,-0.0077348,-0.00084766,sell
2018-08-19,0,0,0,0,0,1,1,0,0,0,0,0,0,0,0,1,0,0,0,0,0,0,0,0,0,0,0,0,0,1,0,0,-0.00223956,-0.00114687,-0.00353623,-0.0087487,-0.00024953,sell
2018-08-20,0,0,2,0,0,1,1,0,0,0,0,0,0,0,0,1,0,0,1,0,0,0,0,0,0,0,1,0,0,1,0,0, 0.00299063, 0.00433757, 0.00460347, 0.0039264, 0.00387683,buy
2018-08-21,0,0,2,0,1,1,0,0,0,0,0,0,0,0,0,0,0,0,1,0,0,0,0,0,1,0,1,0,0,1,0,0, 0.00530558, 0.00361447, 0.00502173, 0.0058927, 0.00169499,buy
2018-08-22,0,0,2,0,1,1,0,0,0,0,0,0,0,0,0,0,0,0,1,0,0,0,0,0,1,0,1,0,0,1,0,0, 0.00530558, 0.00361447, 0.00502173, 0.0058927, 0.00169499,buy
2018-08-23,2,0,2,0,1,1,0,0,0,0,0,0,0,0,0,0,0,0,1,0,0,1,1,0,1,0,1,0,0,1,0,0, 0.00144611, 0.00364274, 0.00123501, 0.0005384, 0.00117840,buy
2018-08-24,2,0,2,0,1,1,0,1,0,0,1,0,0,0,0,0,0,0,0,0,0,1,1,0,1,0,1,1,0,1,0,0, 0.00244659, 0.00550663, 0.00123225,-0.0036332, 0.00201351,buy
2018-08-25,2,1,2,0,1,1,0,2,1,0,1,0,0,0,0,0,0,0,0,0,1,1,1,0,1,0,1,1,0,1,0,0, 0.00542879, 0.00157394,-0.00156628,-0.0032957,-0.00014730,buy
2018-08-26,2,1,1,0,1,1,0,2,1,0,1,0,0,0,0,0,0,0,0,0,1,1,1,0,1,0,0,1,0,1,0,0, 0.00254371, 0.00002933,-0.00175090,-0.0007488, 0.00105558,buy
2018-08-27,2,2,1,0,0,1,0,2,1,0,1,0,1,0,0,0,0,0,0,0,1,1,1,0,0,0,0,1,0,1,0,0, 0.00074458,-0.00037797,-0.00287662,-0.0025901, 0.00542915,buy
2018-08-28,0,2,2,0,0,1,0,2,1,0,1,1,1,0,0,0,0,0,0,0,1,0,0,0,0,0,0,1,0,1,0,0,-0.00077180,-0.00102154, 0.00005468,-0.0014485, 0.00276863,sell
2018-08-29,0,2,1,0,0,1,0,2,1,0,0,1,1,0,0,0,0,0,0,0,1,0,0,0,0,0,0,1,0,1,0,0,-0.00063857,-0.00065230, 0.00083551,-0.0008100, 0.00388436,buy
2018-08-30,0,1,1,0,0,1,0,1,1,0,0,1,1,0,0,0,0,0,0,0,0,0,0,0,0,0,0,0,0,1,0,0,-0.00494439,-0.00494178,-0.00332596,-0.0058088,-0.00599301,sell
2018-08-31,0,0,1,0,0,1,1,0,0,0,0,1,0,0,0,1,0,0,0,0,0,0,0,0,0,0,0,0,0,1,0,0, 0.00022561, 0.00157894, 0.00008856, 0.0019730, 0.00602292,buy
2018-09-01,0,0,0,0,0,1,2,0,0,0,0,0,0,0,0,1,0,0,0,0,0,0,0,0,0,0,0,0,0,1,0,1,-0.00043097,-0.00101417,-0.00427289,-0.0042980,-0.00135486,sell
2018-09-02,1,0,0,0,0,1,2,0,0,0,0,0,0,0,0,1,1,0,0,0,0,0,0,0,0,0,0,0,0,1,0,1, 0.00057565, 0.00067695, 0.00515845,-0.0006469, 0.00087745,buy
2018-09-03,1,0,0,0,0,1,2,0,0,0,0,0,0,0,0,1,1,0,0,0,0,0,0,0,0,0,0,0,0,1,0,1, 0.00057565, 0.00067695, 0.00515845,-0.0006469, 0.00087745,buy
2018-09-04,1,1,1,0,0,1,2,0,0,1,0,0,0,0,0,1,1,0,1,0,0,0,0,0,0,0,0,0,0,1,0,1, 0.00389371, 0.00305114, 0.00206572, 0.0010233, 0.00424294,buy
2018-09-05,1,1,1,1,0,1,2,1,0,1,0,0,0,0,0,1,1,0,1,1,0,0,0,0,0,1,0,0,0,1,0,1, 0.00540505, 0.00203406, 0.00307315, 0.0031983, 0.00257450,buy
2018-09-06,2,2,1,1,0,1,1,1,0,1,0,0,1,0,1,0,0,0,1,1,0,0,0,0,0,1,1,0,0,1,0,1, 0.00120724,-0.00031329,-0.00266339, 0.0012004,-0.00258697,sell
2018-09-07,2,4,0,1,0,1,1,1,0,0,0,1,1,0,1,0,0,0,1,1,0,0,1,0,0,1,1,0,0,1,0,1, 0.00398011, 0.00186999,-0.00029830, 0.0025038,-0.00221795,buy
2018-09-08,2,4,0,1,0,1,1,1,0,0,0,1,1,0,1,0,0,0,1,1,0,0,1,0,0,1,1,0,0,1,0,1, 0.00398011, 0.00186999,-0.00029830, 0.0025038,-0.00221795,buy
2018-09-09,1,4,0,2,0,1,1,1,0,0,0,1,0,0,0,0,0,1,1,1,1,0,1,0,0,1,1,0,0,1,1,0, 0.00484737, 0.00283568,-0.00150026, 0.0023068,-0.00033708,buy
2018-09-10,1,2,0,1,0,1,2,1,0,0,0,0,0,0,0,0,0,1,0,0,1,0,1,0,0,1,1,0,1,1,1,0,-0.00109716,-0.00177873,-0.00176349,-0.0016562,-0.00568191,sell
2018-09-11,1,2,0,1,0,0,2,1,0,0,0,0,0,0,0,0,0,1,0,0,1,0,1,0,0,1,1,0,1,0,1,0,-0.00054009,-0.00074503,-0.00080794, 0.0050728,-0.00419277,sell
2018-09-12,1,1,0,1,0,0,2,1,0,0,0,0,0,0,0,0,0,1,0,0,1,0,0,0,0,1,1,0,1,0,1,0,-0.00182796,-0.00235836,-0.00176440,-0.0000488,-0.00192686,sell
2018-09-13,1,1,0,2,0,0,2,0,0,1,1,0,0,0,0,0,0,1,0,0,1,0,0,0,0,0,0,0,1,0,1,0, 0.00102314,-0.00011158,-0.00231176, 0.0022921, 0.00231036,buy
2018-09-14,0,2,0,2,0,0,1,0,0,1,1,0,0,0,1,0,0,0,0,0,0,0,0,0,0,0,0,0,1,0,1,0, 0.00650951,-0.00184165,-0.00038804, 0.0034253, 0.00164891,buy
2018-09-15,1,2,0,2,0,1,2,0,1,1,1,1,0,0,1,1,0,0,0,0,0,0,0,0,0,0,0,0,1,0,1,0, 0.00517052, 0.00016321, 0.00020870, 0.0040601, 0.00333213,buy
2018-09-16,1,1,0,0,0,1,2,0,1,0,0,1,0,0,1,1,0,0,0,0,0,0,0,0,0,0,0,0,1,0,0,0, 0.00417976, 0.00302790,-0.00071896, 0.0038256, 0.00203990,buy
2018-09-17,1,0,0,0,0,1,1,0,1,0,0,1,0,0,0,1,0,0,0,0,0,0,0,0,0,0,0,0,0,0,0,0, 0.00368904,-0.00398720, 0.00469847, 0.0035976, 0.00407616,buy
2018-09-18,0,0,0,0,0,1,0,0,0,0,0,0,0,1,0,1,0,0,0,0,0,0,0,0,0,0,0,0,0,0,0,0, 0.00118356, 0.00387793, 0.00050565, 0.0026938, 0.00019473,buy
2018-09-19,0,0,0,0,0,0,0,0,0,0,0,0,0,1,0,0,0,0,0,0,0,0,0,0,0,0,0,0,0,0,0,0, 0.00377324, 0.00314857, 0.00242156, 0.0027487, 0.00326992,buy
2018-09-20,0,0,0,0,0,0,0,0,0,0,0,0,0,1,0,0,0,0,0,0,0,0,0,0,0,0,0,0,0,0,0,0, 0.00377324, 0.00314857, 0.00242156, 0.0027487, 0.00326992,buy
2018-09-21,0,0,0,0,0,0,0,1,0,0,0,0,0,1,0,0,1,0,0,0,0,0,0,0,0,0,0,0,0,0,0,0, 0.00378327, 0.00277411, 0.00315059, 0.0020019, 0.00202663,buy
2018-09-22,1,0,2,0,0,0,0,3,0,1,0,0,1,1,1,0,1,0,0,0,0,0,1,1,0,0,0,0,0,0,0,0,-0.00120806, 0.00005997,-0.00357115,-0.0017851,-0.00336448,sell
2018-09-23,1,0,2,0,0,0,0,4,0,1,0,0,1,1,1,0,1,0,0,0,0,1,1,1,0,0,0,0,0,0,0,0, 0.00020455, 0.00039401,-0.00091665,-0.0012200,-0.00207573,sell
2018-09-24,2,0,2,0,0,1,0,4,1,1,0,0,1,0,1,0,1,0,1,0,0,1,1,1,0,0,0,0,0,0,0,0,-0.00038117, 0.00154076, 0.00144837, 0.0013866, 0.00190664,buy
2018-09-25,2,0,1,0,0,1,0,2,1,1,0,0,0,0,0,0,0,0,1,0,0,1,1,1,0,0,0,0,0,0,0,0,-0.00020307, 0.00136187, 0.00096208, 0.0021659, 0.00106129,buy
2018-09-26,1,0,1,0,1,1,0,2,1,0,0,0,0,0,0,1,0,0,1,0,0,1,1,1,0,0,0,0,0,0,0,0, 0.00167460, 0.00157994,-0.00066361, 0.0028297, 0.00087204,buy
2018-09-27,1,0,0,0,1,1,0,2,0,0,0,0,0,0,0,1,0,1,1,0,0,1,0,1,0,0,0,0,0,0,0,0, 0.00116538, 0.00078937,-0.00148232, 0.0009168,-0.00039924,buy
2018-09-28,1,0,0,0,1,1,0,2,0,0,0,0,0,0,0,1,0,1,1,0,0,1,0,1,0,0,0,0,0,0,0,0, 0.00116538, 0.00078937,-0.00148232, 0.0009168,-0.00039924,buy
2018-09-29,1,0,1,0,0,1,0,0,0,0,1,0,0,0,0,0,0,1,1,0,0,0,0,0,0,0,0,0,0,0,0,0,-0.00198783,-0.00236068, 0.00222190, 0.0031193,-0.00251652,sell
2018-09-30,1,0,1,0,0,1,0,0,0,0,1,0,0,0,0,0,0,1,1,0,0,0,0,0,0,0,0,0,0,0,0,0,-0.00198783,-0.00236068, 0.00222190, 0.0031193,-0.00251652,sell
2018-10-01,1,0,1,0,1,1,0,1,0,0,1,1,0,0,0,0,0,1,1,0,0,0,0,0,0,0,0,0,0,1,0,0, 0.00272172, 0.00090953, 0.00152222, 0.0024716, 0.00198903,buy
2018-10-02,0,0,0,0,1,1,0,1,0,0,0,1,0,0,0,0,0,1,0,0,0,0,0,0,0,0,0,0,0,1,0,0, 0.00242332, 0.00026038, 0.00286562,-0.0001062, 0.00440613,buy
2018-10-03,0,0,0,0,1,0,0,1,0,0,0,1,0,0,0,0,0,0,0,0,0,0,0,0,0,0,0,0,0,1,0,0, 0.00321920,-0.00265767, 0.00254472,-0.0015816,-0.00090552,sell
2018-10-04,0,0,0,0,2,0,0,1,1,0,0,1,0,0,0,0,0,0,0,0,0,0,0,0,0,0,0,0,0,1,0,0,-0.00089026,-0.00715856,-0.00175056,-0.0018464,-0.00496856,sell
2018-10-05,0,0,1,0,2,0,0,0,1,0,0,0,0,0,0,0,0,0,0,1,0,0,0,0,0,0,0,0,0,1,0,0, 0.00034401,-0.00145434,-0.00251373,-0.0049135,-0.00504805,sell
2018-10-06,0,0,1,0,2,0,0,0,1,0,0,0,0,0,0,0,0,0,0,1,0,0,0,0,0,0,0,0,0,1,0,0, 0.00034401,-0.00145434,-0.00251373,-0.0049135,-0.00504805,sell
2018-10-07,0,0,1,0,0,0,0,1,0,0,0,0,0,0,0,0,0,0,0,1,0,0,0,0,0,1,0,0,0,0,0,0,-0.00342601,-0.00512720, 0.00160251, 0.0037183,-0.00492914,sell
2018-10-08,0,1,1,0,0,0,0,1,0,0,1,0,0,0,0,0,0,0,0,1,0,0,0,0,0,1,0,0,0,0,0,0,-0.00347449,-0.00354691, 0.00120148, 0.0016456,-0.00285333,sell
2018-10-09,0,1,1,1,0,0,0,1,0,0,1,0,0,0,1,0,0,0,0,1,0,0,0,0,0,1,0,0,0,0,0,0,-0.00310235,-0.00387322,-0.00153788, 0.0016661,-0.00209982,sell
2018-10-10,0,1,0,1,0,0,0,2,0,0,1,0,0,0,1,0,0,0,0,0,1,0,0,0,0,1,0,0,0,0,0,0,-0.00343857,-0.00128737, 0.00116379, 0.0032218,-0.00232889,sell
2018-10-11,0,0,0,1,0,0,2,2,0,0,0,0,1,0,1,0,0,0,0,0,1,0,0,0,0,1,0,0,0,0,0,1, 0.00154048, 0.00223658,-0.00158738, 0.0047399, 0.00282197,buy
2018-10-12,0,0,0,1,0,0,2,2,0,0,0,0,1,0,1,0,0,0,0,0,1,0,0,0,0,1,0,0,0,0,0,1, 0.00154048, 0.00223658,-0.00158738, 0.0047399, 0.00282197,buy
2018-10-13,0,0,0,0,0,0,2,2,0,0,0,0,1,0,0,0,0,0,0,0,1,0,0,0,0,1,0,0,0,0,0,1, 0.00465513, 0.00487417, 0.00422158, 0.0048365, 0.00568794,buy
2018-10-14,0,0,0,0,0,0,2,1,0,0,0,0,0,0,0,1,1,0,0,0,1,0,0,0,0,0,0,0,0,0,0,1,-0.00175430,-0.00119739,-0.00018019,-0.0012734,-0.00423521,sell
2018-10-15,0,0,0,0,0,0,2,0,0,0,0,0,0,0,0,1,1,0,0,0,0,0,0,0,0,0,0,0,0,0,0,1, 0.00232277,-0.00229314,-0.00089628, 0.0003289,-0.00455295,sell
2018-10-16,0,0,0,0,1,0,2,0,0,0,0,0,0,0,0,1,1,1,0,0,0,0,0,0,0,0,0,0,0,0,0,1,-0.00326908,-0.00202655, 0.00032961, 0.0025138,-0.00289008,sell
2018-10-17,0,0,0,0,1,0,2,1,0,1,0,0,0,0,0,0,1,1,0,0,0,0,0,0,0,0,0,0,0,0,0,1,-0.00352841,-0.00225638, 0.00245075, 0.0025192,-0.00099517,sell
2018-10-18,1,0,0,0,1,0,1,1,0,1,1,0,0,0,0,0,1,1,0,0,0,0,0,0,0,0,0,0,0,0,0,0,-0.00048583,-0.00033348,-0.00224781, 0.0010718,-0.00397307,sell
2018-10-19,1,0,0,0,1,0,0,1,0,1,1,0,0,0,0,0,0,1,0,0,0,0,0,0,0,0,0,0,0,0,0,0,-0.00108875,-0.00235584,-0.00191007,-0.0029383,-0.00521849,sell
2018-10-20,1,1,0,0,1,0,0,1,0,1,1,0,0,0,0,0,0,1,0,1,0,0,0,0,0,0,0,0,0,0,0,0,-0.00191618,-0.00040963,-0.00219896,-0.0000106,-0.00334947,sell
2018-10-21,0,1,0,0,1,1,2,1,0,1,0,1,1,0,0,0,0,1,0,1,0,0,0,0,0,0,0,0,1,0,0,0,-0.00243644,-0.00156232,-0.00214735,-0.0015499,-0.00153493,sell
2018-10-22,0,1,0,1,0,1,2,0,0,0,0,1,1,0,0,0,0,0,0,1,0,0,1,0,0,0,0,0,1,0,0,0, 0.00142399, 0.00264944,-0.00244475, 0.0013410, 0.00181699,buy
2018-10-23,0,1,0,1,0,1,2,0,0,0,0,1,1,0,0,0,0,0,0,1,0,0,1,0,0,0,0,0,1,0,0,0, 0.00142399, 0.00264944,-0.00244475, 0.0013410, 0.00181699,buy
2018-10-24,0,1,0,1,0,1,2,0,0,0,0,1,1,0,0,0,0,0,0,1,0,0,1,0,0,0,0,0,1,0,0,0, 0.00142399, 0.00264944,-0.00244475, 0.0013410, 0.00181699,buy
2018-10-25,0,0,0,1,0,0,2,0,0,0,0,0,0,0,0,0,0,0,0,0,0,1,1,0,0,0,0,0,1,1,0,0, 0.00238601, 0.00218201, 0.00212470,-0.0052740, 0.00098897,buy
2018-10-26,0,0,0,0,0,0,2,0,0,0,0,0,0,0,0,0,0,0,0,0,0,1,0,0,0,0,0,0,1,1,0,0, 0.00347255, 0.00008628, 0.00298411,-0.0046706, 0.00140053,buy
2018-10-27,0,0,0,1,0,0,2,0,1,0,0,0,0,0,0,0,0,0,0,0,0,1,0,0,0,0,0,0,1,1,1,0, 0.00189403,-0.00224488, 0.00044134,-0.0047437, 0.00174596,buy
2018-10-28,0,0,0,1,0,0,1,0,1,0,0,0,0,0,0,0,0,0,0,0,0,1,0,0,0,0,0,0,0,0,1,0,-0.00255916, 0.00119279,-0.00515295, 0.0010234, 0.00049360,sell
2018-10-29,0,0,1,1,0,1,1,0,1,0,0,0,0,0,1,0,1,0,0,0,0,1,0,0,0,0,0,0,0,0,1,0, 0.00401275, 0.00325756, 0.00255359, 0.0031735, 0.00357554,buy
2018-10-30,0,1,1,1,1,1,1,0,1,0,0,0,0,0,1,1,1,0,0,0,0,1,0,0,0,0,1,0,0,0,1,0, 0.00345059,-0.00029271, 0.00322377, 0.0021972, 0.00142525,buy
2018-10-31,0,1,1,1,2,1,0,0,1,0,0,0,0,0,1,1,1,0,0,0,0,0,0,0,1,0,1,0,0,0,1,0, 0.00278853,-0.00179183, 0.00289771, 0.0019626, 0.00109884,buy
2018-11-01,0,1,1,1,2,2,0,0,0,0,0,1,0,0,1,1,1,0,0,0,0,0,0,0,1,0,1,0,0,0,1,0, 0.00148022, 0.00071108,-0.00057234, 0.0006009,-0.00197704,buy
2018-11-02,0,1,1,1,2,2,0,0,0,0,0,1,1,0,1,0,1,0,0,0,0,0,0,0,1,0,1,0,0,0,1,0, 0.00163204, 0.00284227, 0.00069517, 0.0024581,-0.00165005,buy
2018-11-03,0,1,0,1,2,2,0,0,0,0,0,1,1,0,0,0,1,0,0,0,0,0,0,0,1,0,1,0,0,0,1,0, 0.00326631, 0.00347076, 0.00007099, 0.0025230,-0.00009877,buy
2018-11-04,1,1,0,1,2,1,0,0,0,0,0,1,1,0,0,0,0,0,0,1,0,0,0,0,1,0,1,0,0,0,1,0, 0.00002158,-0.00398243, 0.00079855,-0.0063144,-0.00541189,sell
2018-11-05,1,1,0,0,2,1,0,0,0,0,0,1,1,0,0,0,0,0,0,1,0,0,0,0,1,0,1,0,0,0,0,0,-0.00106491,-0.00127039, 0.00035871, 0.0004693,-0.00160251,sell
2018-11-06,1,1,0,0,2,0,0,0,0,0,0,0,1,0,0,0,0,0,0,1,0,0,0,0,1,0,1,0,0,0,0,0,-0.00084837,-0.00140635, 0.00105837,-0.0019059,-0.00183849,sell
2018-11-07,2,1,0,0,0,0,0,0,0,0,0,0,0,0,0,0,0,0,0,1,0,0,0,0,0,1,1,0,0,0,0,0, 0.00280354, 0.00249429, 0.00480980, 0.0049590, 0.00384666,buy
2018-11-08,2,0,0,0,0,1,0,0,0,0,0,0,0,0,0,1,0,0,0,1,0,0,0,0,0,1,0,0,0,0,0,0, 0.00186180,-0.00302857, 0.00252891, 0.0039866,-0.00086295,buy
2018-11-09,1,0,0,0,0,1,1,0,0,0,0,0,0,0,0,1,0,0,0,0,1,0,0,0,0,1,0,0,0,0,0,0, 0.00357129, 0.00293087, 0.00303430, 0.0083924, 0.00240279,buy
2018-11-10,1,0,0,0,0,1,2,0,0,0,0,0,0,0,0,1,0,0,0,0,1,0,0,1,0,1,0,0,0,0,0,0, 0.00290444, 0.00257806, 0.00035920, 0.0027731,-0.00066451,buy
2018-11-11,1,0,0,0,0,2,2,1,0,0,1,0,0,0,0,1,0,0,0,0,1,1,0,1,0,1,0,0,0,0,0,0, 0.00178512, 0.00093696, 0.00041672, 0.0011327, 0.00113257,buy
2018-11-12,1,0,0,0,0,2,2,1,0,0,1,0,0,0,0,1,0,0,0,0,1,1,0,1,0,1,0,0,0,0,0,0, 0.00178512, 0.00093696, 0.00041672, 0.0011327, 0.00113257,buy
2018-11-13,0,1,0,0,0,2,2,1,0,0,1,0,0,0,1,1,0,0,0,0,1,1,0,1,0,0,0,0,0,0,0,0, 0.00096273, 0.00134101,-0.00114146, 0.0006323, 0.00171828,buy
2018-11-14,0,1,0,0,0,1,1,1,0,0,1,0,0,0,1,0,0,0,0,0,0,1,0,1,0,0,0,0,0,0,0,0,-0.00112314,-0.00125901, 0.00024504, 0.0008309,-0.00141610,sell
2018-11-15,0,1,0,0,1,1,1,1,0,0,1,0,0,0,1,0,0,0,0,0,0,1,0,1,0,0,0,0,0,1,0,0,-0.00418030,-0.00290549,-0.00329707,-0.0032946,-0.00397349,sell
2018-11-16,0,1,0,0,1,0,1,1,0,0,1,0,0,0,1,0,0,0,0,0,0,0,0,1,0,0,0,0,0,1,0,0,-0.00015816,-0.00305582, 0.00113896,-0.0021429,-0.00431761,sell
2018-11-17,0,1,0,0,1,0,1,2,0,0,1,0,0,0,1,0,0,0,0,0,0,0,0,1,0,0,0,0,0,1,0,1,-0.00080073,-0.00040160,-0.00029915,-0.0030774,-0.00240291,sell
2018-11-18,0,1,0,0,1,0,1,2,0,0,1,0,0,0,1,0,0,0,0,0,0,0,0,1,0,0,0,0,0,1,0,1,-0.00080073,-0.00040160,-0.00029915,-0.0030774,-0.00240291,sell
2018-11-19,0,1,1,0,1,0,0,2,0,0,1,0,0,0,1,0,0,0,0,0,0,0,1,0,0,0,0,0,0,1,0,1,-0.00111627, 0.00025160,-0.00349829,-0.0014074, 0.00073440,sell
2018-11-20,0,1,1,0,0,1,0,2,0,0,1,0,0,0,1,1,0,0,0,0,0,0,1,0,0,0,0,0,0,0,0,1,-0.00150851, 0.00140899,-0.00188445,-0.0006784, 0.00242503,sell
2018-11-21,0,0,1,0,0,2,0,2,0,0,1,0,0,0,0,1,1,0,0,0,0,0,1,0,0,0,0,0,0,0,0,1,-0.00102561, 0.00119680,-0.00076974,-0.0009052, 0.00097789,buy
2018-11-22,0,0,1,0,0,2,0,1,0,0,0,0,0,0,0,1,1,0,0,0,0,0,1,0,0,0,0,0,0,0,0,1,-0.00092263,-0.00033982,-0.00202197,-0.0005299,-0.00160405,sell
2018-11-23,0,0,1,0,0,2,0,1,0,0,0,0,0,0,0,1,1,1,0,0,0,0,1,0,0,0,0,0,0,0,0,1,-0.00005132,-0.00109224,-0.00161038,-0.0000081,-0.00246557,sell
2018-11-24,0,0,0,0,1,3,0,1,0,0,0,0,1,0,0,1,1,1,0,0,1,0,0,0,0,0,0,0,0,0,0,1, 0.00010928,-0.00393273,-0.00281794,-0.0026412,-0.00245426,sell
2018-11-25,0,1,0,0,1,1,0,2,0,1,0,0,1,0,0,0,0,1,0,0,1,0,0,0,0,0,1,0,0,0,0,1,-0.00745090,-0.00920131,-0.00945821,-0.0100284,-0.00875180,sell
2018-11-26,0,1,0,1,1,2,0,2,1,1,0,1,1,1,0,0,0,1,0,0,1,0,0,0,0,0,1,0,0,0,1,1, 0.00471257, 0.00181257, 0.00359047, 0.0028258, 0.00320609,buy
2018-11-27,0,1,0,1,2,2,0,3,1,1,0,1,1,1,0,0,0,1,1,0,1,1,0,0,0,0,1,0,0,0,1,1,-0.00010938, 0.00190414, 0.00310931, 0.0034322, 0.00355145,buy
2018-11-28,0,1,0,1,1,2,0,2,1,0,0,1,0,1,0,0,0,1,1,0,1,1,0,0,0,0,1,0,0,0,1,1, 0.00101821, 0.00150089, 0.00280125, 0.0028615, 0.00368018,buy
2018-11-29,0,1,0,1,1,1,0,2,1,0,0,1,0,0,0,0,0,0,1,0,0,1,0,0,0,0,1,0,0,0,1,1,-0.00094803, 0.00239829, 0.00479799,-0.0004643, 0.00647677,buy
2018-11-30,0,1,1,1,2,0,1,2,0,0,0,0,0,0,1,1,1,0,1,0,0,1,0,0,0,0,1,0,0,0,1,1, 0.00107739,-0.00012563, 0.00285415, 0.0027850,-0.00055843,buy
2018-12-01,0,1,1,1,2,0,1,2,0,0,0,0,0,0,1,1,1,0,1,0,0,1,0,0,0,0,1,0,0,0,1,1, 0.00107739,-0.00012563, 0.00285415, 0.0027850,-0.00055843,buy
2018-12-02,0,1,1,1,2,0,1,2,0,0,0,0,0,0,1,1,1,0,1,0,0,1,0,0,0,0,1,0,0,0,1,1, 0.00107739,-0.00012563, 0.00285415, 0.0027850,-0.00055843,buy
2018-12-03,0,1,1,1,1,0,1,3,0,0,0,0,0,0,1,1,1,0,1,1,0,0,0,0,0,0,1,0,0,0,1,1,-0.00098756,-0.00115264, 0.00113719,-0.0013832,-0.00194622,sell
2018-12-04,0,2,1,1,0,0,0,3,0,0,0,0,0,0,1,0,0,0,1,1,0,0,1,0,0,0,1,0,0,0,1,1,-0.00307715,-0.00212580, 0.00067756,-0.0042885,-0.00258814,sell
2018-12-05,0,1,1,0,0,0,0,3,0,0,0,0,0,0,1,0,0,0,1,1,0,0,1,0,0,0,0,0,0,0,0,1,-0.00018096, 0.00131076, 0.00122328,-0.0019231, 0.00240450,buy
2018-12-06,0,1,1,0,0,0,0,3,0,0,0,0,0,0,1,0,0,0,1,1,0,0,1,0,0,0,0,0,0,0,0,1,-0.00018096, 0.00131076, 0.00122328,-0.0019231, 0.00240450,buy
2018-12-07,0,1,1,0,0,0,0,3,0,0,0,0,0,0,1,0,0,0,1,1,0,0,1,0,0,0,0,0,0,0,0,1,-0.00018096, 0.00131076, 0.00122328,-0.0019231, 0.00240450,buy
2018-12-08,0,1,1,0,0,1,0,2,0,0,0,0,0,0,1,0,0,0,1,0,0,0,1,1,0,0,0,0,0,0,0,1,-0.00212021, 0.00289573, 0.00092544,-0.0032691, 0.00328050,buy
2018-12-09,0,0,1,0,0,2,0,1,0,0,0,0,0,0,1,0,0,0,0,0,0,0,0,1,0,0,0,0,0,1,0,1, 0.00456100, 0.00699463, 0.00436352,-0.0011569, 0.00640436,buy
2018-12-10,0,0,1,0,2,2,0,1,0,0,0,0,0,0,1,0,0,0,0,0,1,0,0,1,1,0,0,0,0,1,0,1, 0.00253185, 0.00253651, 0.00279242, 0.0024981, 0.00261580,buy
2018-12-11,0,0,1,0,2,2,0,1,0,0,0,0,0,0,1,0,0,0,0,0,1,0,0,1,1,0,0,0,0,1,0,1, 0.00253185, 0.00253651, 0.00279242, 0.0024981, 0.00261580,buy
2018-12-12,0,0,1,0,2,2,0,1,0,0,0,0,0,0,1,0,0,0,0,0,1,0,0,1,1,0,0,0,0,1,0,1, 0.00253185, 0.00253651, 0.00279242, 0.0024981, 0.00261580,buy
2018-12-13,0,0,1,0,2,2,1,1,0,0,0,0,0,0,1,0,0,0,0,0,1,0,0,1,1,0,0,0,1,1,0,1, 0.00171650, 0.00396995, 0.00359033, 0.0016416, 0.00183980,buy
2018-12-14,0,0,0,0,2,2,1,1,0,0,0,0,0,0,0,0,0,0,0,0,1,0,0,1,1,0,0,0,1,1,0,1, 0.00091731, 0.00190799, 0.00055936,-0.0010125, 0.00010634,buy
2018-12-15,0,0,0,0,1,2,1,0,0,0,0,0,0,0,0,0,0,0,0,0,0,0,0,1,1,0,0,0,1,1,0,0,-0.00472774,-0.00104272,-0.00142509,-0.0003470,-0.00372650,sell
2018-12-16,0,0,0,0,1,2,1,0,0,0,0,1,0,0,0,0,0,0,0,0,0,0,0,0,1,0,0,0,1,1,0,0,-0.00228323,-0.00131149,-0.00159094,-0.0009842,-0.00041487,sell
2018-12-17,0,0,0,0,1,2,1,0,0,0,0,1,0,0,0,0,0,0,0,0,0,0,0,0,1,0,0,0,1,1,0,0,-0.00228323,-0.00131149,-0.00159094,-0.0009842,-0.00041487,sell
2018-12-18,1,0,0,0,1,2,1,0,0,0,0,1,0,0,0,0,0,0,0,0,0,0,1,0,1,0,0,0,1,1,0,0,-0.00433490,-0.00083057,-0.00636534,-0.0025068,-0.00551085,sell
2018-12-19,2,0,0,0,0,2,2,0,1,0,0,1,0,0,0,0,1,0,0,0,0,0,1,0,0,0,1,0,1,1,0,0,-0.00443660,-0.00516147,-0.00217978,-0.0017361,-0.00303535,sell
2018-12-20,2,0,0,0,1,1,1,0,1,0,0,0,1,0,0,0,1,0,0,0,0,0,1,0,0,0,1,0,0,1,0,0,-0.00333916,-0.00240025,-0.00002027, 0.0050516,-0.00310846,sell
2018-12-21,2,0,0,0,1,1,1,0,1,0,0,0,1,0,0,0,1,0,0,0,0,0,1,0,0,0,1,0,0,1,0,0,-0.00333916,-0.00240025,-0.00002027, 0.0050516,-0.00310846,sell
2018-12-22,2,0,0,0,1,1,1,0,1,0,0,0,1,0,0,0,1,0,0,0,0,0,1,0,0,0,1,0,0,1,0,0,-0.00333916,-0.00240025,-0.00002027, 0.0050516,-0.00310846,sell
2018-12-23,1,1,0,0,1,1,1,1,1,0,1,0,1,0,1,0,1,0,0,0,0,0,0,0,0,0,1,0,0,1,0,0,-0.00747719,-0.00799119,-0.00525075,-0.0041031,-0.00745775,sell
2018-12-24,1,1,0,0,0,1,1,1,0,0,1,0,0,0,1,0,1,0,0,0,0,0,0,0,0,0,1,0,0,1,0,0,-0.00209292,-0.00250801,-0.00332693,-0.0028556,-0.00460491,sell
2018-12-25,0,1,0,0,0,1,0,1,0,0,1,0,0,0,1,0,0,0,0,0,0,0,0,0,0,0,0,0,0,1,0,0, 0.00040595,-0.00293730,-0.00314629,-0.0029759,-0.00220018,sell
2018-12-26,0,1,0,0,0,1,1,1,0,0,1,0,0,0,1,0,0,0,0,0,0,0,0,0,0,0,0,1,0,1,0,0, 0.00203170, 0.00011106, 0.00097249,-0.0023241, 0.00102451,buy
2018-12-27,0,0,0,0,1,1,1,0,0,0,0,0,0,0,0,1,0,0,0,0,0,0,0,0,0,0,0,1,0,1,0,0,-0.00344229, 0.00229774,-0.00052398,-0.0027531, 0.00207127,buy
2018-12-28,0,0,0,0,2,1,1,0,0,0,0,1,0,0,0,1,0,0,0,0,0,0,0,0,0,0,0,1,0,1,0,0,-0.00360724,-0.00078522,-0.00315028,-0.0038232, 0.00196928,sell
2018-12-29,0,0,0,0,2,1,1,0,0,0,0,1,0,0,0,1,0,0,0,0,0,0,0,0,0,0,0,1,0,1,0,0,-0.00360724,-0.00078522,-0.00315028,-0.0038232, 0.00196928,sell
2018-12-30,0,0,0,0,2,1,1,0,0,0,0,1,0,0,0,1,0,0,0,0,0,0,0,0,0,0,0,1,0,1,0,0,-0.00360724,-0.00078522,-0.00315028,-0.0038232, 0.00196928,sell
2018-12-31,0,0,0,0,3,1,1,0,0,0,0,1,0,0,0,1,0,1,0,0,0,1,0,0,0,0,0,1,0,1,0,0,-0.00354071,-0.00290672,-0.00370059,-0.0038180,-0.00162958,sell
2019-01-01,0,0,0,0,2,1,0,0,0,0,0,0,0,0,0,1,0,1,0,0,0,1,0,0,0,0,0,0,0,1,0,0,-0.00287715,-0.00073370,-0.00296086,-0.0027352,-0.00303286,sell
2019-01-02,1,0,0,0,2,2,1,0,0,0,0,0,0,0,1,1,0,1,0,1,0,1,0,0,0,0,0,0,1,1,0,0,-0.00121382,-0.00257837, 0.00216578,-0.0008314,-0.00144792,sell
2019-01-03,1,0,0,0,2,2,1,0,0,0,0,0,0,0,1,1,0,1,0,1,0,1,0,0,0,0,0,0,1,1,0,0,-0.00121382,-0.00257837, 0.00216578,-0.0008314,-0.00144792,sell
2019-01-04,1,0,1,0,2,3,1,0,0,0,0,0,0,0,1,1,1,1,0,1,0,1,0,0,0,0,0,0,1,1,1,0,-0.00041620, 0.00050047, 0.00064746,-0.0017545, 0.00129729,buy
2019-01-05,1,0,1,0,2,3,1,0,0,0,0,0,0,0,1,0,1,1,0,1,0,0,0,1,0,0,0,0,1,1,1,0, 0.00382436, 0.00134318, 0.00208139, 0.0018684,-0.00031115,buy
2019-01-06,0,0,1,0,1,3,1,1,0,1,0,0,0,0,0,0,1,0,0,1,0,0,0,1,0,0,0,0,1,1,1,0,-0.00557990, 0.00021789,-0.00047738,-0.0011804,-0.00253028,sell
2019-01-07,0,0,1,0,1,2,0,1,0,1,0,0,0,0,0,0,1,0,0,0,0,0,0,1,0,0,0,0,0,1,1,0,-0.00163240, 0.00594206,-0.00121853, 0.0034392,-0.00074854,sell
2019-01-08,0,0,1,0,1,2,0,1,0,1,0,0,0,0,0,0,1,0,0,0,0,0,0,1,0,0,0,0,0,1,1,0,-0.00163240, 0.00594206,-0.00121853, 0.0034392,-0.00074854,sell
2019-01-09,0,0,0,0,1,1,0,1,0,1,0,0,0,0,0,0,0,0,0,0,1,0,0,1,0,0,0,0,0,1,0,0,-0.00267982, 0.00177767,-0.00449350, 0.0022465,-0.00358013,sell
2019-01-10,0,0,0,0,1,1,0,1,0,1,0,0,0,0,0,0,0,0,0,0,1,0,0,1,0,0,0,0,0,1,0,0,-0.00267982, 0.00177767,-0.00449350, 0.0022465,-0.00358013,sell
2019-01-11,0,0,0,0,1,2,0,0,0,0,0,0,0,0,0,0,0,0,0,0,1,0,0,1,0,0,0,1,0,1,0,0,-0.00275305, 0.00013619,-0.00721039,-0.0010765,-0.00493579,sell
2019-01-12,0,0,0,0,1,2,0,0,0,0,0,0,1,0,0,0,0,0,0,0,1,0,0,1,0,0,0,1,0,1,0,0,-0.00224215,-0.00109690,-0.00618260,-0.0022604,-0.00344007,sell
2019-01-13,1,0,0,0,1,2,1,0,1,0,1,0,1,0,0,0,0,0,0,0,1,0,0,0,0,1,0,1,0,1,0,0,-0.00496253,-0.00188835,-0.00093047,-0.0015553,-0.00236115,sell
2019-01-14,1,0,0,0,1,2,1,0,1,0,1,0,1,0,0,0,0,0,0,0,0,0,0,0,0,1,0,1,0,1,0,0,-0.00516680, 0.00023689,-0.00033491,-0.0001766, 0.00386308,sell
2019-01-15,1,0,0,0,1,2,1,0,1,0,1,0,0,0,0,0,0,0,0,0,0,0,0,0,0,1,0,1,0,1,0,0,-0.00311744, 0.00148287,-0.00137434, 0.0021167, 0.00176306,buy
2019-01-16,1,0,0,0,1,1,0,0,1,0,0,0,0,0,0,0,0,0,0,0,0,0,0,0,0,1,0,0,0,1,0,0,-0.00365960,-0.00390054,-0.00475979,-0.0016476, 0.00427068,sell
2019-01-17,1,0,0,0,0,2,0,1,0,0,0,1,0,0,0,0,0,0,0,1,0,0,1,0,0,1,0,0,0,1,0,0,-0.00508857,-0.00422896,-0.00413941,-0.0047188,-0.00552180,sell
2019-01-18,1,1,0,0,2,3,0,1,0,0,0,1,0,0,0,0,1,1,0,1,0,0,1,0,0,1,0,0,1,1,1,0, 0.00141948,-0.00223778, 0.00088876, 0.0009774,-0.00502401,buy
2019-01-19,1,1,0,0,2,3,0,2,0,0,0,1,0,0,0,0,1,1,0,1,0,0,1,0,0,1,1,0,1,1,1,0, 0.00046835,-0.00318384, 0.00027874, 0.0002089,-0.00529756,sell
2019-01-20,1,1,0,0,2,3,0,2,0,0,0,1,0,0,0,0,1,1,0,1,0,0,1,0,1,1,1,0,1,1,1,0,-0.00064191,-0.00256883,-0.00049073,-0.0013290,-0.00484024,sell
2019-01-21,1,1,0,0,2,3,0,2,0,0,0,0,0,0,0,0,1,1,0,1,0,0,1,0,1,1,1,0,1,1,1,0, 0.00098233,-0.00221339,-0.00099205, 0.0028637,-0.00139089,sell
2019-01-22,1,1,0,0,2,3,0,2,0,0,1,0,0,0,1,0,1,1,0,0,0,0,0,0,1,1,1,0,1,1,1,0,-0.00184709,-0.00219455,-0.00061338, 0.0001073, 0.00147825,sell
2019-01-23,1,0,0,0,0,4,0,2,1,0,1,0,0,0,1,0,0,1,0,0,0,0,0,0,1,1,1,0,0,1,0,0,-0.00554916, 0.00228254, 0.00069253,-0.0000161, 0.00519114,buy
2019-01-24,0,0,0,0,0,3,0,1,1,0,1,0,0,0,1,0,0,0,0,0,0,0,0,0,1,0,0,0,0,1,0,0,-0.00395687, 0.00390919,-0.00033917,-0.0014072, 0.00204381,buy
2019-01-25,0,0,0,0,1,3,0,0,1,0,1,0,0,0,0,0,0,0,0,0,0,0,0,0,0,0,0,1,0,1,0,0,-0.00301087, 0.00323200, 0.00014439, 0.0038035, 0.00323867,buy
2019-01-26,0,0,0,0,1,3,0,0,1,0,0,0,0,0,0,1,0,0,0,0,0,0,0,0,0,0,0,1,0,1,0,0,-0.00259736, 0.00245489, 0.00122879, 0.0018877, 0.00438852,buy
2019-01-27,0,0,0,0,1,2,0,0,0,0,0,0,0,1,0,1,0,0,0,0,0,0,0,0,0,0,0,1,0,1,0,0, 0.00130824, 0.00265036,-0.00070871, 0.0005049,-0.00085770,buy
2019-01-28,0,0,0,0,1,2,0,0,0,0,0,0,0,1,0,1,0,0,0,0,0,0,0,0,0,0,0,1,0,1,0,0, 0.00130824, 0.00265036,-0.00070871, 0.0005049,-0.00085770,buy
2019-01-29,0,0,0,0,1,2,0,0,0,0,0,0,0,1,0,1,0,0,0,0,0,0,0,0,0,0,0,1,0,1,0,0, 0.00130824, 0.00265036,-0.00070871, 0.0005049,-0.00085770,buy
2019-01-30,0,0,0,0,0,2,0,0,0,0,0,0,0,1,0,1,0,0,0,0,0,0,0,0,0,0,0,0,0,1,0,0, 0.00308483, 0.00406034, 0.00230704, 0.0036972, 0.00150270,buy
2019-01-31,0,0,0,0,2,2,0,0,0,0,1,0,1,1,0,1,0,0,0,0,0,0,0,0,0,0,0,0,0,1,0,0, 0.00067898, 0.00104228,-0.00042684, 0.0008860,-0.00093567,buy
2019-02-01,1,0,0,0,2,2,0,0,0,0,1,0,1,1,0,1,0,0,0,0,0,0,0,0,0,0,0,0,0,1,1,0, 0.00049855, 0.00125918,-0.00193290, 0.0010007,-0.00173854,buy
2019-02-02,1,0,0,0,4,1,2,0,1,0,1,0,1,0,0,0,0,0,0,1,0,1,0,0,0,0,0,0,0,1,1,1,-0.00265602,-0.00462457, 0.00132982, 0.0006536,-0.00406570,sell
2019-02-03,1,0,0,0,4,1,2,0,1,0,1,0,1,0,0,0,0,0,0,1,0,1,0,0,0,0,0,0,0,1,1,1,-0.00265602,-0.00462457, 0.00132982, 0.0006536,-0.00406570,sell
2019-02-04,1,0,0,0,3,1,2,0,1,0,0,1,0,0,0,0,0,0,0,1,0,1,0,0,0,0,0,0,0,1,1,1, 0.00001323,-0.00269987, 0.00175448, 0.0018324,-0.00396601,sell
2019-02-05,0,0,0,0,3,1,3,0,1,0,0,1,0,0,0,0,0,1,0,1,0,1,0,0,0,0,0,0,0,1,0,1,-0.00259866,-0.00406402,-0.00177003,-0.0019265,-0.00557559,sell
2019-02-06,0,0,0,0,3,1,3,0,0,1,0,1,0,0,0,0,0,1,0,1,0,1,0,0,0,0,0,0,0,1,0,1,-0.00243127,-0.00438614,-0.00157585,-0.0031260,-0.00531412,sell
2019-02-07,0,0,0,0,1,1,3,0,0,1,0,1,0,0,0,0,0,1,0,0,0,0,0,0,0,0,0,0,0,1,0,1,-0.00176400,-0.00305296,-0.00124959,-0.0026689,-0.00117770,sell
2019-02-08,0,0,0,0,1,1,4,0,0,1,0,0,0,0,1,0,0,1,0,0,1,0,0,0,0,0,0,0,0,1,0,1,-0.00195626,-0.00570701,-0.00195081,-0.0021320,-0.00410855,sell
2019-02-09,0,0,0,0,1,2,3,0,0,1,0,0,1,0,1,0,0,1,0,0,1,0,0,0,0,0,0,0,0,1,0,0, 0.00348511,-0.00156161, 0.00164038, 0.0016505, 0.00350921,buy
2019-02-10,0,0,0,0,1,2,2,0,0,0,0,0,1,0,1,0,0,1,0,0,1,0,0,0,0,0,0,0,0,1,0,0,-0.00166309, 0.00226299, 0.00271435, 0.0016941, 0.00146158,buy
2019-02-11,0,0,0,0,1,2,1,0,0,0,0,0,1,0,1,0,0,0,0,0,1,0,0,0,0,0,0,0,0,1,0,0,-0.00105773,-0.00195141,-0.00061846, 0.0016863, 0.00143145,sell
2019-02-12,0,0,0,0,1,2,0,0,0,0,0,0,1,0,0,0,1,0,0,0,1,0,0,0,0,0,0,0,0,1,0,0, 0.00173920, 0.00585772, 0.00421938, 0.0060831, 0.00268853,buy
2019-02-13,0,0,0,0,1,2,0,0,0,0,0,1,0,0,0,0,1,0,0,0,1,0,0,0,0,0,0,0,0,1,0,0, 0.00120578, 0.00100677, 0.00023833, 0.0011850, 0.00018660,buy
2019-02-14,0,0,0,0,0,2,0,0,0,0,0,1,0,0,0,0,1,0,0,0,0,0,0,0,0,0,0,0,0,1,0,0, 0.00091059,-0.00040204,-0.00202168,-0.0003125,-0.00194543,sell
2019-02-15,0,0,0,0,0,2,1,0,0,0,0,1,0,0,0,0,1,0,0,0,0,0,0,0,0,0,1,0,0,1,0,0,-0.00003849,-0.00033938,-0.00197948,-0.0006412,-0.00134181,sell
2019-02-16,0,0,0,0,0,1,2,0,0,0,0,0,0,0,0,0,0,0,0,0,0,0,1,0,0,0,1,0,1,1,0,0, 0.00788408, 0.00554561, 0.00241022, 0.0059434, 0.00197942,buy
2019-02-17,0,0,0,0,0,1,2,0,0,0,0,0,0,0,1,0,0,0,0,0,0,0,1,0,0,0,1,0,1,0,0,0, 0.00990961, 0.00786218, 0.00371158, 0.0046525, 0.00610299,buy
2019-02-18,0,0,0,0,0,2,3,0,0,0,1,0,1,0,1,0,0,0,0,0,0,1,1,0,0,0,1,0,1,0,0,0,-0.00079111, 0.00014413,-0.00032415,-0.0004129,-0.00053483,sell
2019-02-19,0,0,0,0,0,2,4,0,0,0,1,0,1,0,1,1,0,0,0,0,0,1,1,0,0,0,1,0,1,0,0,0, 0.00130620, 0.00152495, 0.00100800, 0.0028161, 0.00066525,buy
2019-02-20,0,0,0,0,1,2,3,0,0,1,1,0,1,0,0,1,0,0,0,0,0,1,1,0,1,0,0,0,1,0,0,0, 0.00184246, 0.00131882,-0.00045230,-0.0037318, 0.00020321,buy
2019-02-21,0,0,0,0,1,2,2,1,1,1,0,0,1,0,0,1,0,0,0,0,0,1,0,0,1,0,0,1,0,0,0,0, 0.00006596,-0.00010278,-0.00069116,-0.0019532,-0.00351783,sell
2019-02-22,0,0,0,0,1,2,3,1,1,1,0,1,0,0,0,1,0,0,1,0,0,1,0,0,1,0,0,1,0,0,0,0, 0.00097219, 0.00167902, 0.00155466, 0.0006556, 0.00212066,buy
2019-02-23,0,0,0,0,1,2,3,1,1,1,0,1,0,0,0,1,0,0,1,0,0,1,0,0,1,0,0,1,0,0,0,0, 0.00097219, 0.00167902, 0.00155466, 0.0006556, 0.00212066,buy
2019-02-24,0,0,0,0,0,2,3,1,1,1,0,1,0,0,0,1,0,0,1,0,1,0,0,0,0,0,0,1,0,0,0,0, 0.00042733,-0.00158384, 0.00277109, 0.0018279, 0.00291108,buy
2019-02-25,0,0,0,0,0,3,3,0,0,1,0,1,0,0,0,1,0,0,1,0,1,0,0,0,0,0,0,0,0,0,0,1, 0.00157008,-0.00111067, 0.00263581,-0.0019036, 0.00169017,buy
2019-02-26,0,0,0,0,0,2,2,0,0,0,0,0,0,0,0,1,0,0,1,0,1,0,0,0,0,0,0,0,0,0,0,1, 0.00519802,-0.00092811, 0.00122610,-0.0047458,-0.00052467,buy
2019-02-27,0,0,0,0,0,2,2,1,0,0,0,0,0,0,0,1,0,0,1,0,1,0,0,0,0,0,0,0,0,0,1,1, 0.00487128, 0.00243730, 0.00493929,-0.0001040, 0.00321701,buy
2019-02-28,0,0,0,0,1,3,2,1,0,0,0,0,0,0,1,1,0,0,1,0,1,0,0,0,0,0,1,0,0,0,1,1, 0.00078730, 0.00403151, 0.00563087, 0.0039356, 0.00495515,buy
2019-03-01,0,0,0,0,1,2,2,1,0,0,0,0,0,0,1,1,0,0,1,0,0,0,0,0,0,0,1,0,0,0,1,1, 0.00406079, 0.00346361, 0.00411717, 0.0024614, 0.00408247,buy
2019-03-02,0,0,0,0,1,2,2,1,0,0,0,0,0,0,1,1,0,0,1,0,0,0,0,0,0,0,1,0,0,0,1,1, 0.00406079, 0.00346361, 0.00411717, 0.0024614, 0.00408247,buy
2019-03-03,0,0,0,0,1,3,1,1,0,0,0,0,0,0,1,0,0,0,1,0,0,0,1,0,0,0,1,0,0,0,1,1, 0.00446865, 0.00299642, 0.00310381, 0.0039137, 0.00226612,buy
2019-03-04,0,0,0,0,1,2,1,0,0,0,0,0,0,0,1,0,0,0,1,0,0,0,1,1,0,0,1,0,0,0,0,0, 0.00349186, 0.00015406, 0.00061325, 0.0035227,-0.00123524,buy
2019-03-05,0,0,0,0,1,2,1,0,0,1,0,0,0,0,1,0,0,0,1,1,0,0,1,1,0,0,0,0,0,0,0,0,-0.00216014,-0.00097548,-0.00018087,-0.0028261, 0.00015225,sell
2019-03-06,0,0,0,0,1,3,1,0,0,1,0,0,0,0,1,0,0,0,1,1,0,0,1,1,1,0,0,0,0,0,0,0,-0.00049264,-0.00096245, 0.00248539,-0.0004926, 0.00016654,buy
2019-03-07,0,0,0,0,1,3,1,0,0,1,0,0,0,0,1,0,0,0,0,1,0,1,1,1,1,0,0,0,0,0,0,0, 0.00050221,-0.00174682, 0.00141702, 0.0005029, 0.00007914,buy
2019-03-08,0,0,0,0,1,2,1,0,0,1,0,0,0,0,1,0,0,0,0,1,0,1,0,1,1,0,0,0,0,0,0,0,-0.00141904,-0.00128309, 0.00002595,-0.0013856,-0.00184829,sell
2019-03-09,0,0,0,0,1,2,1,0,0,1,0,0,0,0,1,0,0,0,0,1,0,1,0,1,1,0,0,0,0,0,0,0,-0.00141904,-0.00128309, 0.00002595,-0.0013856,-0.00184829,sell
2019-03-10,0,0,0,0,1,1,1,0,0,0,0,0,0,0,1,1,0,0,0,0,0,1,0,1,0,0,0,0,0,0,0,0, 0.00230014,-0.00049279, 0.00219241,-0.0017564, 0.00103337,buy
2019-03-11,0,0,0,0,0,1,2,1,0,0,0,0,0,0,0,1,0,1,0,0,1,1,0,1,0,0,0,0,0,0,0,0,-0.00104722,-0.00061952,-0.00133690,-0.0033797,-0.00083005,sell
2019-03-12,0,0,0,0,0,1,1,1,0,0,0,0,0,0,0,1,0,1,0,0,1,0,0,0,0,0,0,0,0,0,0,0,-0.00068535,-0.00180584,-0.00256092,-0.0032459,-0.00290131,sell
2019-03-13,0,0,0,0,1,0,1,1,0,0,0,0,0,0,0,0,0,1,0,0,1,0,0,0,0,0,1,0,0,0,0,0, 0.00267299, 0.00149291, 0.00272221, 0.0026010, 0.00272221,buy
2019-03-14,0,0,0,0,1,0,2,2,1,0,0,1,0,1,0,0,0,1,0,0,1,0,0,0,0,0,1,0,0,0,0,0,-0.00025201,-0.00484119, 0.00008198,-0.0037491, 0.00087378,sell
2019-03-15,0,0,0,0,2,0,2,2,1,0,0,1,0,1,0,0,0,1,0,0,1,0,0,0,0,0,1,0,1,0,0,0, 0.00106551,-0.00454634,-0.00176787,-0.0038527,-0.00106030,sell
2019-03-16,0,0,0,0,2,0,2,2,1,1,0,1,0,1,0,0,1,1,0,0,0,0,0,0,0,0,1,0,1,0,0,0, 0.00410056,-0.00322950,-0.00134149,-0.0027403,-0.00019034,sell
2019-03-17,0,0,0,0,2,0,2,2,1,1,0,1,0,0,0,0,1,0,0,0,0,0,0,0,0,1,1,0,1,0,0,0, 0.00586497, 0.00182418, 0.00152181, 0.0013065, 0.00310210,buy
2019-03-18,0,0,0,0,3,0,3,1,0,1,0,1,1,0,0,1,1,0,0,0,0,0,0,0,0,1,0,0,1,0,0,1, 0.00000095, 0.00038297, 0.00112804,-0.0017259,-0.00291016,buy
2019-03-19,0,0,0,0,5,0,3,1,0,1,0,0,1,0,0,1,1,0,0,0,0,0,1,0,1,1,0,1,1,0,0,1,-0.00054242,-0.00375091,-0.00267174,-0.0026004,-0.00251520,sell
2019-03-20,0,0,0,0,3,0,2,1,0,0,0,0,1,0,0,0,0,0,0,0,0,0,1,0,1,1,0,1,0,0,0,1, 0.00210343,-0.00394475,-0.00099046,-0.0019977,-0.00206242,sell
2019-03-21,0,0,0,0,3,0,2,1,0,0,1,0,1,0,0,0,0,0,0,0,0,0,1,0,1,1,0,1,0,0,0,1, 0.00333208,-0.00252182,-0.00314819,-0.0040247,-0.00234796,sell
2019-03-22,0,0,0,0,3,1,2,1,0,0,1,0,1,0,1,0,0,0,0,0,0,0,1,0,1,1,0,1,0,0,0,1, 0.00396782,-0.00496559,-0.00456146,-0.0042814,-0.00342676,sell
2019-03-23,0,0,0,0,2,1,2,1,0,0,1,0,1,0,1,0,0,0,0,0,0,0,1,0,1,1,0,0,0,0,0,1, 0.00580100,-0.00251875,-0.00348053,-0.0021694,-0.00064416,sell
2019-03-24,0,0,0,0,1,1,0,1,0,0,1,0,0,0,1,0,0,0,0,0,0,0,0,0,0,1,0,0,0,0,0,1,-0.00438519, 0.00002894,-0.00176436,-0.0033592,-0.00548022,sell
2019-03-25,0,0,0,0,0,1,1,1,0,0,1,0,0,0,1,0,0,0,0,0,0,0,0,0,0,1,0,0,0,0,1,0,-0.00369706, 0.00262264,-0.00114786,-0.0009935, 0.00113033,buy
2019-03-26,0,0,0,0,0,1,1,0,0,0,1,0,0,0,1,0,0,0,0,0,0,0,0,0,0,0,0,0,0,0,1,0,-0.00425726, 0.00131568, 0.00025070, 0.0012183, 0.00062321,buy
2019-03-27,0,0,0,0,0,1,1,0,0,0,1,0,0,0,1,0,0,0,0,0,0,0,0,0,0,0,0,0,0,0,1,0,-0.00425726, 0.00131568, 0.00025070, 0.0012183, 0.00062321,buy
2019-03-28,0,0,0,0,0,1,1,0,0,0,1,0,0,0,1,0,0,0,0,0,0,0,0,0,0,0,0,0,0,0,1,0,-0.00425726, 0.00131568, 0.00025070, 0.0012183, 0.00062321,buy
2019-03-29,0,0,0,0,0,2,1,0,0,0,1,0,0,0,1,0,0,0,0,0,0,0,0,0,0,0,0,0,1,0,1,0,-0.00272331, 0.00262169, 0.00162160, 0.0014711, 0.00064174,buy
2019-03-30,0,0,0,0,0,2,0,0,0,0,1,0,0,0,1,0,0,0,0,0,0,0,0,0,0,0,0,0,1,0,0,0, 0.00357815, 0.00299786, 0.00319541, 0.0040512, 0.00348730,buy
2019-03-31,0,0,0,0,0,3,0,0,0,0,1,0,0,0,1,0,0,0,0,0,0,0,0,0,0,0,0,1,1,0,0,0, 0.00344276, 0.00359036, 0.00281200, 0.0042187, 0.00283606,buy
2019-04-01,0,0,0,0,0,3,0,0,0,0,1,0,0,0,1,0,0,0,0,0,0,0,0,0,0,0,0,1,1,0,0,0, 0.00344276, 0.00359036, 0.00281200, 0.0042187, 0.00283606,buy
2019-04-02,0,0,0,0,0,2,0,0,0,0,1,0,0,0,1,0,0,0,0,0,0,0,0,0,0,0,0,1,0,0,0,0,-0.00023989, 0.00199102, 0.00002281, 0.0046167, 0.00070391,buy
2019-04-03,0,0,0,0,0,2,0,0,0,0,1,0,0,0,1,0,0,0,0,0,0,0,0,0,0,0,0,1,0,0,0,0,-0.00023989, 0.00199102, 0.00002281, 0.0046167, 0.00070391,buy
2019-04-04,0,0,0,0,0,2,1,0,0,0,1,0,1,0,1,0,0,0,0,0,0,0,0,0,0,0,0,1,0,0,0,0,-0.00242680,-0.00068132,-0.00076584, 0.0005423, 0.00105746,sell
2019-04-05,0,0,0,0,1,1,1,0,0,0,1,0,1,0,1,0,0,0,0,1,0,0,0,0,0,0,0,0,0,0,0,0,-0.00341844,-0.00152997,-0.00190666,-0.0030654,-0.00094782,sell
2019-04-06,0,0,0,0,1,0,1,0,0,0,1,0,1,0,0,0,0,0,0,1,0,0,0,0,0,0,0,0,0,0,0,0, 0.00101638,-0.00018947, 0.00007388,-0.0031626,-0.00035141,sell
2019-04-07,0,0,0,0,1,0,1,0,0,0,0,0,1,0,0,0,0,0,0,1,0,0,0,0,0,0,0,0,0,0,0,0,-0.00207483,-0.00508883, 0.00143443,-0.0027459,-0.00547384,sell
2019-04-08,0,0,0,0,1,2,2,1,0,0,0,1,1,0,0,0,0,0,1,1,0,1,0,0,0,0,1,0,0,0,1,0,-0.00095851, 0.00305177,-0.00495101, 0.0000349,-0.00156818,sell
2019-04-09,0,0,0,0,1,2,2,1,0,0,0,1,1,0,0,0,0,0,1,1,0,1,0,0,0,0,1,0,0,0,1,0,-0.00095851, 0.00305177,-0.00495101, 0.0000349,-0.00156818,sell
2019-04-10,0,0,0,0,0,2,2,2,1,0,0,1,0,0,0,0,0,0,1,0,0,1,0,0,0,0,1,0,1,0,1,0,-0.00119623,-0.00090300,-0.00095414,-0.0015053,-0.00141343,sell
2019-04-11,0,0,0,0,0,2,2,3,1,0,0,1,0,0,0,0,0,0,1,0,1,1,0,0,0,0,1,0,1,0,1,0, 0.00084770, 0.00125585, 0.00092475, 0.0006063, 0.00019761,buy
2019-04-12,1,0,0,0,0,1,2,3,1,0,0,1,0,0,0,0,0,1,1,0,1,1,0,0,0,0,0,0,1,0,0,0, 0.00000872, 0.00166095, 0.00091102,-0.0015610,-0.00059725,buy
2019-04-13,1,0,0,0,1,1,2,2,1,0,0,0,0,0,0,0,0,1,1,0,1,0,0,0,0,0,0,1,1,1,0,0,-0.00094434,-0.00283404,-0.00141811,-0.0025049,-0.00261222,sell
2019-04-14,1,0,0,0,1,1,2,3,1,0,0,0,0,0,0,0,0,1,1,0,1,0,0,0,1,0,0,1,1,1,0,0,-0.00077601,-0.00024291,-0.00246655,-0.0020130,-0.00127806,sell
2019-04-15,1,0,0,0,1,1,1,2,0,0,0,0,0,0,0,0,0,1,1,0,1,0,0,0,1,0,0,1,0,1,0,0,-0.00200660,-0.00400977,-0.00318160,-0.0024273,-0.00321702,sell
2019-04-16,1,0,0,0,1,1,1,1,0,0,0,0,0,0,0,0,0,1,1,0,0,0,0,0,1,0,0,1,0,1,0,0,-0.00437582,-0.00629370,-0.00482556,-0.0042709,-0.00430805,sell
2019-04-17,0,0,0,0,2,1,0,1,0,0,0,0,0,0,1,0,0,0,1,0,0,0,0,0,1,0,0,0,0,1,0,0,-0.00066892, 0.00199637, 0.00201406, 0.0018251,-0.00605891,buy
2019-04-18,0,0,0,0,2,1,0,0,0,0,0,0,0,0,1,0,0,0,1,0,0,0,0,0,0,0,0,0,0,1,0,0,-0.00479383,-0.00219604,-0.00046555,-0.0001908,-0.00605891,sell
2019-04-19,0,0,0,0,2,1,0,0,0,0,0,0,0,0,1,0,0,0,1,0,0,0,0,0,0,0,0,0,0,1,0,0,-0.00479383,-0.00219604,-0.00046555,-0.0001908,-0.00605891,sell
2019-04-20,0,0,0,0,2,1,0,0,0,0,0,0,0,0,1,0,0,0,1,0,0,0,1,0,0,0,0,0,0,1,0,0,-0.00442711,-0.00220473, 0.00049190,-0.0006078,-0.00360569,sell
2019-04-21,0,0,0,0,2,2,0,0,0,0,0,0,0,0,0,0,0,0,1,1,0,0,1,0,0,0,0,0,0,1,1,0,-0.00185704,-0.00459182,-0.00044073,-0.0009242,-0.00253783,sell
2019-04-22,0,0,0,0,2,1,0,0,0,0,0,0,0,0,0,0,1,0,0,1,0,0,1,0,0,0,0,0,0,1,1,0,-0.00235354,-0.00245479,-0.00154910,-0.0012043,-0.00208985,sell
2019-04-23,0,0,0,0,2,1,0,0,0,0,0,0,0,0,0,0,1,0,0,1,0,0,1,0,0,0,0,0,0,1,1,0,-0.00235354,-0.00245479,-0.00154910,-0.0012043,-0.00208985,sell
2019-04-24,0,0,0,0,2,1,0,0,0,0,0,0,0,0,0,0,1,0,0,1,0,0,1,0,0,0,0,0,0,1,1,0,-0.00235354,-0.00245479,-0.00154910,-0.0012043,-0.00208985,sell
2019-04-25,0,0,0,0,1,1,0,0,0,0,0,0,0,0,0,0,1,0,0,1,0,0,1,0,0,0,0,0,0,1,0,0,-0.00091630,-0.00253086,-0.00434009,-0.0020663,-0.00330221,sell
2019-04-26,0,0,0,0,1,0,0,0,0,0,0,0,0,0,0,0,1,0,0,0,0,0,0,0,0,0,0,0,0,1,0,0, 0.00110244, 0.00550127,-0.00310695, 0.0015271,-0.00723920,buy
2019-04-27,0,1,0,0,1,0,0,0,0,0,0,0,0,0,0,0,0,1,0,0,0,0,0,0,0,0,0,0,0,1,0,0,-0.00129945, 0.00369219, 0.00321719,-0.0046237,-0.00707010,buy
2019-04-28,0,1,0,0,2,0,0,0,0,0,1,0,0,0,0,0,0,1,0,0,0,0,0,0,0,0,0,0,0,1,0,1, 0.00095941, 0.00165747,-0.00278649, 0.0013295,-0.00204834,buy
2019-04-29,0,1,0,0,2,0,1,0,0,1,1,0,0,0,0,0,0,1,0,0,0,0,0,0,0,0,0,0,0,1,0,1,-0.00053142, 0.00138926,-0.00083009, 0.0026991,-0.00353795,sell
2019-04-30,0,1,0,0,2,0,1,1,0,1,1,0,1,0,0,0,0,1,0,0,0,0,0,0,0,0,0,0,0,1,0,1, 0.00001032,-0.00065527,-0.00038158, 0.0019620,-0.00223063,sell
2019-05-01,0,1,0,0,2,0,1,2,0,1,1,1,1,0,0,0,0,1,0,0,0,0,0,1,0,0,0,0,0,0,0,1,-0.00216457,-0.00145892,-0.00056833,-0.0005028,-0.00251815,sell
2019-05-02,1,0,0,0,1,0,1,2,1,1,0,1,1,0,0,0,0,0,0,0,0,0,0,1,0,0,0,0,0,0,0,1,-0.00287426, 0.00017062,-0.00173379,-0.0004703,-0.00052937,sell
2019-05-03,1,0,0,0,2,0,1,1,1,1,0,1,0,0,0,0,0,0,0,0,0,0,0,1,0,0,1,0,0,0,0,1,-0.00369246,-0.00500710,-0.00449648,-0.0032496,-0.00341963,sell
2019-05-04,1,0,0,0,2,0,0,1,1,0,0,1,0,0,0,0,0,0,0,0,0,0,0,1,0,0,1,0,0,0,0,1,-0.00317532,-0.00440860,-0.00307137,-0.0036471,-0.00361713,sell
2019-05-05,0,0,0,0,2,0,0,1,0,0,0,0,0,0,0,0,0,0,0,0,0,0,0,1,0,0,1,0,1,0,0,0, 0.00497924, 0.00534372, 0.00125029, 0.0046355, 0.00460426,buy
2019-05-06,0,0,0,0,2,0,0,1,0,0,0,0,0,0,0,0,0,0,0,0,0,0,0,1,0,0,1,0,1,0,0,0, 0.00497924, 0.00534372, 0.00125029, 0.0046355, 0.00460426,buy
2019-05-07,0,0,0,0,2,1,1,1,0,0,1,0,0,0,1,0,0,0,0,1,0,0,0,1,0,0,1,0,1,0,0,0, 0.00091754, 0.00091047,-0.00140022, 0.0035478, 0.00272458,buy
2019-05-08,1,0,0,0,1,1,1,2,0,0,1,0,0,0,1,0,0,0,0,1,0,0,0,1,1,0,0,1,1,0,0,0,-0.00112945,-0.00101971,-0.00080811,-0.0004770,-0.00193017,sell
2019-05-09,2,0,0,0,1,1,1,2,0,0,1,0,0,0,1,0,0,0,0,1,0,1,0,1,1,0,0,1,1,0,0,0,-0.00141205, 0.00489908,-0.00013413, 0.0003138,-0.00148321,buy
2019-05-10,2,1,0,0,0,0,1,1,1,0,0,0,0,0,0,0,0,0,0,1,0,1,0,0,1,0,0,1,0,0,0,0,-0.00431803,-0.00096251, 0.00002116,-0.0012969,-0.00008158,sell
2019-05-11,2,1,1,0,0,0,2,1,1,0,0,0,0,0,0,0,0,1,0,1,0,1,0,0,1,1,0,1,0,0,0,0,-0.00459529,-0.00132335, 0.00421442,-0.0047674,-0.00293232,sell
2019-05-12,2,0,1,0,0,1,1,0,0,1,0,0,0,0,0,0,0,1,0,0,1,1,0,0,0,1,0,0,0,0,0,0,-0.00000928, 0.00422828,-0.00156681, 0.0012754,-0.00250434,sell
2019-05-13,2,0,1,0,0,1,1,0,0,1,0,0,0,0,0,0,0,1,0,0,1,1,0,0,0,1,0,0,0,0,0,0,-0.00000928, 0.00422828,-0.00156681, 0.0012754,-0.00250434,sell
2019-05-14,1,0,1,0,0,1,1,0,0,1,0,0,0,0,0,0,0,1,0,0,1,0,0,0,0,1,0,0,0,0,0,0,-0.00249537, 0.00095612, 0.00074379, 0.0008458,-0.00375511,sell
2019-05-15,1,0,1,0,1,1,2,0,0,1,1,0,0,0,0,0,1,1,0,0,1,0,0,0,0,1,0,0,0,0,0,0, 0.00042667, 0.00393636,-0.00119001,-0.0000647,-0.00342009,sell
2019-05-16,2,0,0,0,1,1,2,0,0,0,1,0,1,0,0,0,1,0,0,0,1,0,0,0,0,1,1,0,0,0,1,0, 0.00370084, 0.00278805,-0.00006769, 0.0016927, 0.00167792,buy
2019-05-17,2,0,1,0,1,1,2,0,1,0,1,1,1,0,0,0,1,0,0,0,0,0,0,0,0,1,1,0,0,0,1,0,-0.00051351, 0.00076633,-0.00259160, 0.0011416, 0.00081767,buy
2019-05-18,1,0,1,0,0,1,1,0,1,0,0,1,0,0,0,0,0,0,0,0,0,0,0,0,0,1,1,0,0,0,1,0, 0.00178383,-0.00106945,-0.00176128,-0.0013951, 0.00147754,sell
2019-05-19,1,1,0,0,0,1,0,0,0,0,0,1,0,1,0,0,0,0,0,0,0,0,0,0,1,0,1,0,0,0,1,0,-0.00191280, 0.00078163, 0.00023840,-0.0002614,-0.00117265,sell
2019-05-20,0,1,0,0,0,0,0,0,0,0,0,0,0,1,0,0,0,0,0,0,0,0,0,0,1,0,0,0,0,0,1,0,-0.00026116, 0.00186631,-0.00038361, 0.0030915,-0.00035860,buy
2019-05-21,0,1,0,0,0,0,0,0,0,0,0,0,0,1,0,0,0,0,0,0,0,0,0,0,1,0,0,0,0,0,0,0, 0.00220303, 0.00172044, 0.00257220, 0.0030948, 0.00217675,buy
2019-05-22,0,2,0,0,2,0,0,0,0,1,0,0,1,1,1,0,0,0,0,0,0,0,0,0,1,0,0,0,0,0,0,0,-0.00523036,-0.00151635,-0.00113901,-0.0027483,-0.00680158,sell
2019-05-23,0,1,0,0,3,0,0,0,0,1,0,0,1,1,1,0,0,0,0,0,0,0,1,0,0,0,0,0,0,0,0,0,-0.00227287,-0.00389224,-0.00085143,-0.0017345,-0.00328897,sell
2019-05-24,0,3,0,0,3,1,0,0,0,1,0,1,1,0,1,0,1,0,0,0,0,1,1,0,0,0,0,0,0,0,0,0,-0.00344858, 0.00274392, 0.00067584, 0.0010287, 0.00038335,buy
2019-05-25,0,2,0,0,2,1,0,0,0,0,0,1,0,0,0,0,1,0,1,0,0,1,1,0,0,0,0,0,0,0,0,0,-0.00203958,-0.00686018, 0.00419356, 0.0003470, 0.00082279,buy
2019-05-26,0,1,0,0,2,1,0,0,0,0,0,0,0,0,0,0,1,0,1,0,0,1,1,0,0,0,0,0,0,0,0,0,-0.00275499,-0.00357238, 0.00006137,-0.0020492, 0.00266513,sell
2019-05-27,0,2,0,0,3,0,0,0,0,0,0,0,0,0,0,1,0,0,1,0,1,1,1,0,0,0,0,0,0,0,0,0,-0.00143169,-0.00284983,-0.00403555,-0.0046806,-0.00039522,sell
2019-05-28,0,2,0,0,3,0,0,0,0,0,0,0,0,0,0,1,0,0,1,0,1,1,1,0,0,0,0,0,0,0,0,0,-0.00143169,-0.00284983,-0.00403555,-0.0046806,-0.00039522,sell
2019-05-29,0,1,1,0,2,1,1,1,0,0,1,0,1,0,1,1,0,0,1,0,1,0,0,0,0,0,1,0,0,0,0,0,-0.00100178, 0.00151759,-0.00265755,-0.0000861,-0.00389384,sell
2019-05-30,1,1,2,1,2,2,1,1,1,0,1,0,1,0,1,1,0,0,1,0,1,0,0,1,1,0,1,0,1,0,0,0,-0.00059217, 0.00178943,-0.00116639,-0.0011386, 0.00094535,buy
2019-05-31,1,1,3,1,2,2,1,1,1,0,1,1,1,0,1,1,0,0,1,0,1,0,0,1,1,0,1,0,1,0,0,0,-0.00256393,-0.00145723,-0.00259074,-0.0027297, 0.00211852,sell
2019-06-01,2,0,2,1,1,1,1,0,1,0,0,1,0,0,0,0,0,0,1,0,0,0,0,1,1,0,1,1,1,0,0,0,-0.00396966, 0.00017028,-0.00229580,-0.0014069,-0.00242588,sell
2019-06-02,2,0,2,0,1,1,1,0,0,0,0,1,0,0,0,0,1,0,1,0,0,0,0,1,1,0,0,1,1,0,0,0,-0.00153325, 0.00004866, 0.00100335,-0.0028519,-0.00030660,sell
2019-06-03,1,0,0,0,1,1,1,0,0,0,0,0,0,0,0,0,1,0,1,0,0,0,0,1,0,0,0,1,0,0,0,0,-0.00303274,-0.00230089, 0.00100005, 0.0019061,-0.00010094,sell
2019-06-04,1,0,0,0,1,1,1,0,0,0,0,0,0,0,0,0,1,0,1,0,0,0,0,1,0,0,0,1,0,0,0,0,-0.00303274,-0.00230089, 0.00100005, 0.0019061,-0.00010094,sell
2019-06-05,0,0,0,0,1,1,0,0,0,0,0,0,0,0,0,0,0,0,1,0,0,0,0,1,0,0,0,0,0,0,0,0,-0.01108738,-0.00797505,-0.00560176,-0.0044382,-0.00806068,sell
2019-06-06,0,0,0,0,2,2,1,0,0,0,0,0,0,0,1,0,0,0,1,0,0,0,0,1,0,1,0,0,0,0,0,1,-0.00395954,-0.00410145,-0.00468930,-0.0051113,-0.00293554,sell
2019-06-07,0,0,0,0,2,2,1,1,0,0,0,0,0,0,1,0,0,0,1,1,0,0,0,1,0,1,0,0,0,0,0,1,-0.00496024,-0.00495639,-0.00524754,-0.0057066,-0.00411601,sell
2019-06-08,0,0,1,1,1,1,1,1,0,0,0,0,0,0,1,0,0,1,0,1,0,1,0,0,0,1,0,0,0,0,0,1,-0.00133241, 0.00027649, 0.00548085,-0.0032095, 0.00214933,buy
2019-06-09,0,0,1,1,1,2,0,1,0,0,0,0,0,0,0,0,0,1,0,1,0,1,1,0,0,1,0,0,0,0,0,1,-0.00094659, 0.00076221, 0.00123211, 0.0029458, 0.00300072,buy
2019-06-10,0,1,1,1,1,2,0,1,0,0,0,0,0,0,0,0,0,1,0,1,0,1,1,0,0,1,0,0,1,0,0,1,-0.00022973, 0.00134633,-0.00196256, 0.0031352, 0.00225347,buy
2019-06-11,0,1,2,1,2,2,0,1,0,0,0,0,0,0,0,0,0,1,0,1,1,1,1,0,0,1,0,0,1,0,1,1,-0.00044213,-0.00054568,-0.00429621,-0.0003021, 0.00032708,sell
2019-06-12,0,1,2,1,1,2,0,0,0,0,0,0,0,0,0,0,0,1,0,0,1,1,1,0,0,1,0,0,1,0,1,0,-0.00082385,-0.00271346,-0.00407628, 0.0002601,-0.00119766,sell
2019-06-13,0,2,1,0,1,2,0,0,0,0,0,0,0,0,0,0,0,0,0,0,1,0,1,0,0,1,0,1,1,0,1,0,-0.00044866, 0.00122903,-0.00167725, 0.0005660,-0.00129700,buy
2019-06-14,0,2,1,0,1,0,0,0,0,0,0,0,0,0,0,0,0,0,0,0,1,0,0,0,0,0,0,1,1,0,1,0,-0.00036113,-0.00236163, 0.00072296,-0.0013595,-0.00216884,sell
2019-06-15,1,1,2,1,1,0,0,0,1,1,1,0,1,0,0,0,0,0,0,0,1,0,0,0,0,0,0,1,0,0,1,0, 0.00274272,-0.00191614, 0.00378625, 0.0017946,-0.00051436,buy
2019-06-16,1,1,1,1,0,0,0,0,1,1,1,0,1,0,0,0,0,0,0,0,0,0,0,0,0,0,0,1,0,0,0,0, 0.00182128, 0.00220714, 0.00154185,-0.0010785,-0.00070474,buy
2019-06-17,1,0,1,2,0,0,0,0,1,1,1,1,1,0,0,0,0,0,0,0,0,0,0,0,0,0,0,0,0,0,0,0,-0.00198506,-0.00289983,-0.00146767,-0.0044005,-0.00009422,sell
2019-06-18,1,0,0,2,0,0,0,0,0,1,1,1,1,0,0,0,0,0,0,0,0,0,0,0,0,0,0,0,0,0,0,0,-0.00394327,-0.00393755,-0.00372687,-0.0016494,-0.00256077,sell
2019-06-19,0,0,0,1,0,0,0,0,0,1,0,1,0,0,0,0,0,0,0,0,0,0,0,0,0,0,0,0,0,0,0,0,-0.00454312,-0.00194856,-0.00311524,-0.0038527,-0.00050030,sell
2019-06-20,0,0,0,1,0,0,0,0,0,1,0,1,0,0,0,0,0,0,0,0,0,0,0,0,0,0,0,0,0,0,0,0,-0.00454312,-0.00194856,-0.00311524,-0.0038527,-0.00050030,sell
2019-06-21,0,0,0,1,0,0,0,0,0,1,0,1,0,0,0,0,0,0,0,0,0,0,0,0,0,0,0,0,0,0,0,0,-0.00454312,-0.00194856,-0.00311524,-0.0038527,-0.00050030,sell
2019-06-22,0,0,1,1,0,0,0,1,0,1,0,0,0,0,0,0,0,0,0,0,0,0,0,0,1,0,1,0,1,0,0,0,-0.00375883, 0.00048180,-0.00120379,-0.0039788,-0.00406955,sell
2019-06-23,0,0,1,1,0,0,0,1,0,0,0,0,0,0,0,0,0,0,0,0,0,0,0,0,1,0,1,0,1,0,0,0,-0.00345167, 0.00232484,-0.00130521,-0.0045891,-0.00533050,sell
2019-06-24,0,0,1,1,0,2,0,1,0,0,0,0,0,0,0,0,0,0,0,0,0,0,0,0,1,0,1,0,1,0,1,1,-0.00261573,-0.00290867,-0.00316593,-0.0029378,-0.00098467,sell
2019-06-25,0,0,2,1,0,2,1,1,0,0,0,0,0,0,0,0,0,0,0,0,0,0,1,0,1,0,1,1,1,0,1,1,-0.00008290,-0.00690001,-0.00168058,-0.0049469, 0.00097975,sell
2019-06-26,0,0,1,0,0,2,2,1,0,0,0,0,0,0,0,0,0,0,0,0,0,0,1,1,0,0,1,1,0,0,1,1, 0.00432330,-0.00345732, 0.00223682,-0.0027599, 0.00237928,buy
2019-06-27,0,1,1,0,0,2,2,0,1,0,0,0,0,0,0,0,0,0,0,0,0,0,1,1,0,0,0,1,0,0,1,1, 0.00233905,-0.00068054, 0.00293009,-0.0030067, 0.00238899,buy
2019-06-28,0,1,1,0,0,1,2,0,1,0,0,0,0,0,0,0,0,0,0,0,0,0,1,1,0,0,0,1,0,0,0,1,-0.00046155,-0.00114277,-0.00063730,-0.0039092, 0.00104002,sell
2019-06-29,0,2,0,0,0,1,2,0,1,0,1,0,0,0,0,0,0,0,0,0,0,0,1,1,0,0,0,0,0,0,0,1,-0.00196133,-0.00335260,-0.00182143,-0.0036699,-0.00204738,sell
2019-06-30,0,2,0,0,0,0,1,0,1,0,1,0,0,0,0,0,0,0,0,0,0,0,0,1,0,0,0,0,0,0,0,0,-0.00247750,-0.00337870,-0.00411702,-0.0007768,-0.00238382,sell
2019-07-01,0,2,0,0,0,0,1,0,1,0,1,0,0,0,0,0,0,0,0,0,0,0,0,1,0,0,0,0,0,0,0,0,-0.00247750,-0.00337870,-0.00411702,-0.0007768,-0.00238382,sell
2019-07-02,0,2,0,0,1,0,1,0,1,0,1,0,0,0,0,0,0,0,0,0,0,0,0,1,0,1,0,0,0,0,0,0,-0.00463556,-0.00274610,-0.00321598,-0.0018861,-0.00800280,sell
2019-07-03,0,2,0,0,1,0,1,0,1,0,1,0,0,0,0,0,0,0,0,0,0,0,0,1,0,1,0,0,0,0,0,0,-0.00463556,-0.00274610,-0.00321598,-0.0018861,-0.00800280,sell
2019-07-04,0,1,0,0,1,0,0,1,0,0,1,0,0,0,1,0,0,0,0,0,0,0,0,0,0,1,0,0,0,0,0,0,-0.00513388, 0.00069052, 0.00133056,-0.0030159,-0.00469281,sell
2019-07-05,0,1,0,0,2,0,0,1,0,1,1,0,0,0,1,1,0,0,0,0,0,0,0,0,0,1,0,0,0,0,0,0, 0.00405443, 0.00186745, 0.00376948, 0.0054825, 0.00306208,buy
2019-07-06,0,1,1,0,2,0,0,1,0,1,1,0,0,0,1,1,0,1,0,0,0,0,0,0,0,1,0,0,0,0,0,0, 0.00402732, 0.00169637, 0.00385016, 0.0059888, 0.00301199,buy
2019-07-07,0,1,1,1,2,0,1,1,0,1,1,0,0,0,1,1,0,1,0,0,0,1,0,0,0,1,0,0,0,0,1,0, 0.00239113, 0.00113278, 0.00094763, 0.0031595, 0.00156388,buy
2019-07-08,0,1,1,1,2,0,1,1,0,1,1,0,0,0,1,1,0,1,0,0,0,1,0,0,0,1,0,0,0,0,1,0, 0.00239113, 0.00113278, 0.00094763, 0.0031595, 0.00156388,buy
2019-07-09,1,1,1,1,0,0,1,1,0,1,1,0,0,0,1,0,0,1,0,1,0,1,0,0,0,0,0,0,0,0,1,0, 0.00191373, 0.00035821, 0.00068520, 0.0003989, 0.00053016,buy
2019-07-10,1,1,1,1,0,0,1,1,0,1,1,0,0,0,1,0,0,1,0,1,0,1,0,0,0,0,0,0,0,0,1,0, 0.00191373, 0.00035821, 0.00068520, 0.0003989, 0.00053016,buy
2019-07-11,1,1,0,1,0,0,0,0,0,1,1,0,0,0,0,0,0,0,0,1,0,1,0,0,0,0,0,0,0,0,0,0,-0.00299662,-0.00187691, 0.00222003,-0.0007505,-0.00133553,sell
2019-07-12,1,1,0,1,0,0,1,0,0,0,1,0,0,0,0,0,0,0,0,1,1,0,0,0,0,0,0,0,0,0,0,1,-0.00687277,-0.00305570,-0.00681329,-0.0064072,-0.00507173,sell
2019-07-13,1,1,0,1,0,0,1,0,0,0,1,0,0,0,0,0,0,0,0,1,1,0,0,0,0,0,0,0,0,0,0,1,-0.00687277,-0.00305570,-0.00681329,-0.0064072,-0.00507173,sell
2019-07-14,0,2,1,1,0,0,1,0,1,0,1,0,0,0,0,0,0,0,0,0,1,0,0,0,1,0,0,0,0,0,0,1, 0.00158910,-0.00042987, 0.00128156, 0.0022171,-0.00191586,buy
2019-07-15,0,2,1,2,0,0,1,0,1,0,1,0,0,0,0,0,0,0,0,0,1,0,0,0,1,0,0,0,1,0,0,1, 0.00205195,-0.00011211, 0.00111443, 0.0016564,-0.00106951,buy
2019-07-16,0,2,1,2,0,0,1,0,1,0,1,0,0,0,0,0,0,0,0,0,1,0,0,0,1,0,0,0,1,0,0,1, 0.00205195,-0.00011211, 0.00111443, 0.0016564,-0.00106951,buy
2019-07-17,1,1,1,1,0,0,0,0,1,0,0,0,0,0,0,0,0,0,0,0,0,0,0,0,1,0,1,0,1,0,0,0,-0.00373598,-0.00305295,-0.00273422,-0.0016498,-0.00273757,sell
2019-07-18,1,1,0,1,0,0,0,0,1,0,0,0,0,0,0,0,0,0,0,0,0,0,0,0,0,0,1,0,1,0,0,0,-0.00234532,-0.00136083,-0.00320597, 0.0002008,-0.00232237,sell
2019-07-19,1,1,0,1,0,0,0,0,1,0,0,0,0,0,0,0,0,0,0,0,0,0,0,0,0,0,1,1,0,0,0,0,-0.00318630,-0.00389539, 0.00036515, 0.0008074, 0.00191509,sell
2019-07-20,1,1,0,1,0,0,0,0,1,0,0,0,0,1,0,0,0,0,0,0,0,0,0,0,0,0,1,1,0,0,0,0, 0.00025825, 0.00204424, 0.00057790, 0.0022341, 0.00309510,buy
2019-07-21,0,2,0,1,0,0,0,0,1,0,0,0,0,1,0,0,0,1,0,0,0,0,0,0,0,0,0,1,0,0,0,0,-0.00087827, 0.00398100, 0.00617483, 0.0051172, 0.00101942,buy
2019-07-22,0,2,0,1,0,0,0,0,1,0,0,0,0,1,0,0,0,1,0,0,0,0,0,0,0,0,0,1,0,0,0,0,-0.00087827, 0.00398100, 0.00617483, 0.0051172, 0.00101942,buy
2019-07-23,0,1,0,0,0,0,0,0,0,0,0,0,0,0,0,1,0,1,0,0,0,0,0,0,0,0,0,0,0,0,0,0, 0.00020904,-0.00062123,-0.00344405,-0.0029650,-0.00216292,sell
2019-07-24,0,2,0,0,0,0,0,0,0,0,0,0,0,0,0,1,0,1,0,1,0,0,0,0,0,0,0,0,0,0,0,0, 0.00169693, 0.00295603,-0.00049066, 0.0039258, 0.00295881,buy
2019-07-25,0,2,0,0,0,0,0,0,0,0,0,0,0,0,0,1,0,1,0,1,0,0,0,0,0,0,0,0,0,0,0,0, 0.00169693, 0.00295603,-0.00049066, 0.0039258, 0.00295881,buy
2019-07-26,0,2,0,0,0,0,0,0,0,0,0,0,0,0,0,1,0,0,0,1,0,0,0,0,1,0,0,0,0,0,0,0, 0.00326172, 0.00290843, 0.00144134, 0.0028923, 0.00159929,buy
2019-07-27,0,2,0,0,0,0,0,1,0,0,0,0,0,0,0,0,0,0,0,1,0,0,1,0,1,0,0,0,0,0,0,0, 0.00344414, 0.00306898, 0.00319717, 0.0031154,-0.00140991,buy
2019-07-28,0,2,0,0,0,0,0,1,0,0,0,0,0,0,0,0,0,0,0,1,0,0,1,0,1,0,0,0,0,0,0,0, 0.00344414, 0.00306898, 0.00319717, 0.0031154,-0.00140991,buy
2019-07-29,0,2,0,0,0,0,0,1,0,0,0,0,0,0,0,0,0,0,0,0,0,0,1,0,1,0,1,0,0,0,0,0, 0.00175461, 0.00014837,-0.00016056,-0.0019527,-0.00535293,sell
2019-07-30,0,1,0,0,0,0,0,1,0,0,0,0,0,0,0,0,0,0,0,0,0,0,1,0,0,0,1,0,0,0,0,0, 0.00391051, 0.00111135,-0.00011665, 0.0000091,-0.00498467,buy
2019-07-31,0,1,0,0,0,0,0,2,0,0,0,0,0,0,0,0,0,0,0,0,0,0,1,0,0,0,1,0,0,0,1,0,-0.00316762,-0.00583960,-0.00492313,-0.0057864,-0.00854793,sell
2019-08-01,0,1,0,0,0,0,0,2,0,0,0,0,0,0,0,0,0,0,0,0,0,0,1,0,0,0,1,0,0,0,1,0,-0.00316762,-0.00583960,-0.00492313,-0.0057864,-0.00854793,sell
2019-08-02,0,0,0,0,0,0,0,1,0,0,0,0,0,0,0,0,0,0,0,0,0,0,0,0,0,0,0,0,0,0,1,0, 0.00056565,-0.00633433,-0.00052700,-0.0063109,-0.00762242,sell
2019-08-03,0,0,0,0,0,0,0,1,0,0,0,0,0,0,0,0,0,0,0,0,0,0,0,0,0,0,0,0,0,0,1,0, 0.00056565,-0.00633433,-0.00052700,-0.0063109,-0.00762242,sell
2019-08-04,0,0,0,0,0,0,0,1,0,0,0,0,0,0,0,0,0,0,0,0,0,0,0,0,0,0,0,0,0,0,1,0, 0.00056565,-0.00633433,-0.00052700,-0.0063109,-0.00762242,sell
2019-08-05,1,0,0,0,0,0,0,0,0,0,0,0,0,0,0,0,0,1,0,0,0,0,0,0,0,0,0,0,0,0,0,0,-0.00366929, 0.00943408, 0.00298572, 0.0011019, 0.00415058,buy
2019-08-06,1,0,1,0,0,0,0,0,0,0,0,0,0,0,0,0,0,1,0,0,0,1,0,0,0,0,0,0,0,0,0,0,-0.00628746, 0.00623103,-0.00378457, 0.0025045,-0.00247727,sell
2019-08-07,2,0,2,0,0,0,0,0,0,0,0,0,0,0,0,0,0,1,0,0,0,1,0,0,1,0,0,0,1,1,0,0,-0.00259107,-0.00067688,-0.00400291,-0.0000635,-0.00277713,sell
2019-08-08,2,0,2,0,0,0,0,0,0,0,0,0,0,0,0,0,0,1,0,0,0,1,0,0,1,0,0,0,1,1,0,0,-0.00259107,-0.00067688,-0.00400291,-0.0000635,-0.00277713,sell
2019-08-09,2,1,3,0,0,0,0,0,1,0,0,0,0,0,0,0,0,1,0,1,0,1,0,0,1,0,0,0,1,1,0,0,-0.00364441,-0.00265283,-0.00620764,-0.0041484,-0.00470397,sell
2019-08-10,1,1,3,0,0,0,0,0,1,0,0,0,0,0,0,0,0,0,0,1,0,0,0,0,1,0,1,0,1,1,0,0,-0.00324789,-0.00413331,-0.00489500,-0.0032895,-0.00289306,sell
2019-08-11,0,1,2,0,0,0,0,0,1,0,0,0,0,0,0,0,0,0,0,1,0,0,0,0,0,0,1,0,0,1,0,0,-0.00097623, 0.00068766,-0.00068216, 0.0046491,-0.00184981,sell
2019-08-12,0,2,4,0,0,0,0,0,1,0,1,0,0,0,0,0,0,0,0,1,1,0,0,0,0,0,1,1,0,1,0,0, 0.00665899,-0.00243493, 0.00144569, 0.0032673, 0.00171181,buy
2019-08-13,0,2,4,0,0,0,0,2,1,0,1,0,0,0,0,0,0,0,0,1,1,0,0,1,0,0,1,1,0,1,0,1, 0.00948451,-0.00080038, 0.00576193, 0.0033746, 0.00514432,buy
2019-08-14,0,1,2,0,0,0,0,2,0,0,1,0,0,0,0,0,0,0,0,0,1,0,0,1,0,0,0,1,0,1,0,1, 0.00385827, 0.00065134,-0.00239018, 0.0002245, 0.00046292,buy
2019-08-15,0,1,2,0,0,0,0,3,0,0,1,0,0,0,1,0,0,0,0,0,1,0,0,1,0,0,0,1,0,1,0,1, 0.00482111,-0.00031729, 0.00214018, 0.0032088, 0.00017065,buy
2019-08-16,0,0,1,0,0,0,0,3,0,0,0,0,0,0,1,0,0,0,0,0,1,0,0,1,0,0,0,0,0,1,0,1, 0.00518080, 0.00378241, 0.00189827, 0.0023828, 0.00132793,buy
2019-08-17,0,0,0,0,0,0,0,3,0,0,0,0,0,0,1,0,0,0,0,0,0,0,0,1,0,0,0,0,0,1,0,1, 0.00412545, 0.00521471, 0.00252504, 0.0007109, 0.00331272,buy
2019-08-18,0,0,0,0,0,0,0,1,0,0,0,0,0,0,0,0,0,0,0,0,0,0,0,1,0,0,0,0,0,1,0,0,-0.00618014, 0.00171531,-0.00559013,-0.0078959,-0.00683597,sell
2019-08-19,0,1,0,0,0,0,0,0,0,0,0,0,0,0,0,0,0,0,0,0,0,0,0,0,0,0,0,0,1,1,0,0, 0.00330343, 0.00183718, 0.00239127, 0.0022595, 0.00045443,buy
2019-08-20,1,2,1,0,0,0,0,0,1,0,0,0,1,0,0,0,0,0,0,0,0,1,0,0,0,0,0,0,1,1,0,0,-0.00016427, 0.00086131,-0.00166984,-0.0017378,-0.00356121,sell
2019-08-21,1,2,1,0,0,0,0,0,1,0,0,0,1,0,0,0,0,0,0,0,0,1,0,0,0,1,0,0,1,1,0,0,-0.00038538,-0.00169744,-0.00161739,-0.0008425,-0.00208384,sell
2019-08-22,1,2,2,0,0,0,0,0,1,0,1,0,1,0,0,0,0,0,0,0,0,1,0,0,0,1,0,0,1,0,0,0,-0.00536825,-0.00283595,-0.00342973,-0.0070860,-0.00647568,sell
2019-08-23,0,1,2,0,0,0,0,0,0,0,1,1,0,0,0,0,0,0,0,0,0,1,0,0,0,1,0,0,0,0,0,0,-0.00970084,-0.01067384,-0.00465289,-0.0098819,-0.00918099,sell
2019-08-24,0,2,2,0,0,0,0,0,0,0,1,1,0,0,0,0,0,0,0,0,0,1,0,0,0,1,0,1,0,0,0,0,-0.00384891,-0.00453875, 0.00265924,-0.0040599,-0.00399063,sell
2019-08-25,1,1,1,0,0,0,0,1,0,0,0,1,0,0,0,0,1,0,0,0,0,0,0,0,0,1,0,1,0,0,1,0, 0.00939448, 0.00232634, 0.00525188, 0.0087512, 0.00792151,buy
2019-08-26,1,1,0,0,0,0,0,1,0,0,0,0,0,0,0,0,1,0,0,0,0,0,0,0,0,1,0,1,0,0,1,0, 0.00378399, 0.00293549,-0.00502928, 0.0034522, 0.00493985,buy
2019-08-27,1,3,0,0,0,0,0,1,0,0,0,0,1,0,0,0,1,0,1,0,1,0,0,0,0,1,0,1,0,0,1,0, 0.00109506, 0.00279433,-0.00074319, 0.0024577, 0.00489295,buy
2019-08-28,2,2,0,0,0,0,0,0,0,0,0,0,1,0,0,0,0,0,1,0,1,0,1,0,0,1,0,0,0,0,1,0, 0.00092841,-0.00023542,-0.00076462,-0.0021357,-0.00054703,sell
2019-08-29,1,2,0,0,0,0,0,0,0,0,0,0,1,0,0,0,0,0,1,0,1,0,1,0,0,0,0,0,0,0,0,0, 0.00160420, 0.00292332,-0.00186896, 0.0004151, 0.00286685,buy
2019-08-30,1,1,0,0,0,0,0,0,0,0,0,0,0,0,0,0,0,0,1,0,1,0,1,0,0,0,0,0,0,0,0,0, 0.00060910, 0.00097271, 0.00189937, 0.0013643, 0.00039029,buy
2019-08-31,3,2,0,0,0,0,0,0,0,0,0,1,0,0,1,0,0,0,1,0,1,0,1,0,0,0,0,0,1,0,0,0, 0.00062612, 0.00533912, 0.00257111, 0.0054980, 0.00547670,buy
2019-09-01,3,1,0,0,0,0,0,1,0,0,0,1,0,0,1,0,0,0,1,0,0,0,1,0,1,0,0,0,1,0,0,0,-0.00609270,-0.00196175,-0.00387691,-0.0011333, 0.00456494,sell
2019-09-02,2,1,0,1,0,0,0,1,0,1,0,1,0,1,1,0,0,0,1,0,0,0,0,0,1,0,1,0,1,0,0,0, 0.00020383, 0.00194778, 0.00624568,-0.0020621, 0.00140690,buy
2019-09-03,1,0,0,1,0,0,0,1,0,1,0,0,0,1,0,0,0,0,1,0,0,0,0,0,1,0,1,0,1,0,0,0,-0.00150179, 0.00015459, 0.00235038,-0.0008630, 0.00438740,buy
2019-09-04,2,0,0,1,0,0,0,1,0,1,0,0,1,1,0,0,0,0,1,0,0,1,0,0,1,0,1,0,0,0,0,0, 0.00329790, 0.00037283, 0.00483866, 0.0029610, 0.00492840,buy
2019-09-05,3,0,0,1,0,0,0,1,1,1,0,0,1,1,0,0,0,0,1,0,0,1,0,0,0,0,1,1,0,0,0,0, 0.00259327,-0.00103428, 0.00463844, 0.0031944, 0.00329570,buy
2019-09-06,3,1,0,2,0,0,0,2,1,0,1,0,1,1,0,0,0,1,1,0,0,1,0,0,0,0,1,1,0,0,1,0, 0.00155695,-0.00194847, 0.00054457, 0.0006818, 0.00061964,buy
2019-09-07,2,1,0,1,0,0,0,2,1,0,1,0,0,0,0,0,0,1,1,0,0,1,0,0,0,0,0,1,0,0,1,0, 0.00405906, 0.00371342, 0.00156585, 0.0040098, 0.00320018,buy
2019-09-08,3,2,0,2,0,0,0,1,0,0,1,1,0,0,1,0,0,1,1,1,0,1,0,0,0,0,0,1,0,0,1,0, 0.00117464, 0.00212296, 0.00191430, 0.0022452, 0.00094923,buy
2019-09-09,1,2,0,1,0,0,0,1,0,0,0,1,0,0,1,1,0,1,0,1,0,0,0,0,0,0,0,0,0,0,1,0, 0.00493285, 0.00430230, 0.00309164, 0.0042972, 0.00394546,buy
2019-09-10,2,1,0,1,0,0,0,1,0,0,0,1,0,0,1,1,0,1,0,1,0,0,0,0,0,0,0,0,0,0,0,1, 0.00415218, 0.00192522, 0.00169150, 0.0020715, 0.00213915,buy
2019-09-11,3,0,0,1,0,0,0,0,0,0,0,0,0,0,0,1,1,0,0,1,1,0,0,0,0,0,0,0,0,0,0,1,-0.00791583,-0.00065264,-0.00390449, 0.0047621,-0.00524696,sell
2019-09-12,3,1,0,1,0,0,0,0,0,0,0,0,0,0,0,1,1,0,0,1,1,0,1,0,0,0,0,0,0,0,0,1,-0.00778318,-0.00519901,-0.00471990, 0.0064229,-0.00314017,sell
2019-09-13,3,1,0,0,0,0,0,0,0,0,0,0,0,0,0,1,1,0,0,0,1,0,1,0,0,0,0,0,0,0,0,1,-0.00347005, 0.00568064,-0.00078586, 0.0030623,-0.00178386,sell
2019-09-14,2,1,0,0,0,0,0,0,0,0,0,0,0,0,0,1,0,0,0,0,1,0,1,0,0,0,0,0,0,0,0,1,-0.00315409, 0.00480279,-0.00453844,-0.0049761,-0.00034790,sell
2019-09-15,1,1,0,0,0,0,0,0,0,0,0,0,0,0,0,1,0,0,0,0,1,0,1,0,0,0,0,0,0,0,0,0, 0.00310026, 0.00640331,-0.00039331,-0.0004538, 0.00279562,buy
2019-09-16,0,1,1,0,0,0,0,0,0,0,0,0,0,0,1,1,0,0,0,0,0,0,1,0,0,0,0,0,0,0,0,0, 0.00300957, 0.00488363, 0.00158551, 0.0030407, 0.00076067,buy
2019-09-17,0,0,2,0,0,0,0,0,0,0,0,0,0,0,1,1,0,0,0,0,0,0,0,0,0,0,0,0,0,0,1,0, 0.00243900,-0.00014498,-0.00344631,-0.0035757, 0.00256892,sell
2019-09-18,1,0,2,0,0,0,0,0,0,0,0,0,0,0,1,0,0,0,0,0,0,0,0,1,0,0,0,0,0,0,1,0, 0.00482429, 0.00431933, 0.00350339,-0.0007743, 0.00162369,buy
2019-09-19,1,0,2,0,0,0,0,0,0,0,0,0,0,0,1,0,0,0,0,0,0,0,0,1,0,0,0,0,0,0,1,0, 0.00482429, 0.00431933, 0.00350339,-0.0007743, 0.00162369,buy
2019-09-20,1,1,1,0,0,0,0,0,0,0,0,0,0,0,0,0,1,0,0,0,0,0,0,1,0,0,0,0,0,0,1,0, 0.00046126, 0.00338566,-0.00557517,-0.0013093, 0.00068500,buy
2019-09-21,1,1,1,0,0,0,0,1,0,0,0,0,1,0,0,0,1,0,0,0,0,0,0,1,0,0,0,0,0,0,1,0, 0.00209604, 0.00306145,-0.00154676, 0.0021104, 0.00207630,buy
2019-09-22,1,1,0,0,0,0,0,1,0,0,0,0,1,0,0,0,1,0,0,0,0,0,0,1,0,0,0,0,0,0,0,0, 0.00197754,-0.00103777, 0.00069255,-0.0044348,-0.00316682,sell
2019-09-23,0,2,1,0,0,0,1,1,1,0,1,0,1,0,0,0,1,0,0,0,0,0,0,0,0,0,0,0,0,0,0,1, 0.00362911,-0.00087058,-0.00162760, 0.0056310, 0.00501948,buy
2019-09-24,0,1,1,0,0,0,1,1,1,0,1,0,0,0,0,0,0,0,0,0,0,0,0,0,0,0,0,0,1,0,0,1,-0.00508545,-0.00382048,-0.00296530, 0.0008207,-0.00514940,sell
2019-09-25,0,1,1,0,0,0,1,2,1,0,1,1,0,0,0,0,0,0,0,0,0,0,0,0,0,0,0,0,1,0,0,1,-0.00776800,-0.00377114,-0.00638651,-0.0032436,-0.00745888,sell
2019-09-26,0,1,1,0,0,0,1,2,1,0,0,1,0,0,0,0,0,0,0,0,0,0,0,0,0,0,1,0,1,0,0,1,-0.00100538, 0.00446142,-0.00226661, 0.0015069,-0.00428695,sell
2019-09-27,0,0,2,0,0,0,1,2,0,0,0,1,0,0,0,0,0,0,0,0,0,0,1,0,1,0,1,0,1,0,0,0,-0.00331691,-0.00063109,-0.00556743,-0.0035950,-0.00609539,sell
2019-09-28,0,0,2,0,0,0,1,1,0,0,0,1,0,0,0,0,0,0,0,0,0,0,1,0,1,0,1,0,0,0,0,0,-0.00009477, 0.00203882,-0.00220863, 0.0011948,-0.00390282,sell
2019-09-29,0,0,2,0,0,0,1,1,0,0,0,0,0,0,0,0,0,0,0,0,0,0,1,0,1,0,1,1,0,0,0,0,-0.00400727,-0.00696268,-0.00830293,-0.0073455,-0.00250206,sell
2019-09-30,0,0,2,0,1,0,1,1,0,1,0,0,0,0,0,0,1,0,0,0,0,0,1,0,1,0,0,1,0,0,0,0, 0.00288810, 0.00055083,-0.00658247, 0.0065827,-0.00326423,sell
2019-10-01,0,0,2,0,1,0,0,1,0,1,0,0,0,0,0,0,1,0,0,0,0,0,1,0,0,0,0,1,0,0,0,0,-0.00384537,-0.00642507,-0.00445833, 0.0049328, 0.00656360,sell
2019-10-02,0,0,1,0,1,0,0,1,0,1,0,0,0,0,0,0,1,0,0,0,0,0,0,0,0,0,0,1,0,0,0,0, 0.00335854,-0.00463062,-0.00102583, 0.0045445, 0.00326519,buy
2019-10-03,0,2,0,0,1,0,0,0,0,1,1,0,0,0,0,0,0,0,0,0,0,0,0,1,0,0,0,0,0,0,0,0,-0.00307844,-0.00420901,-0.00556948,-0.0051357,-0.00565210,sell
2019-10-04,0,2,1,0,1,1,0,0,1,1,1,0,0,0,0,0,0,0,0,0,0,0,0,1,0,0,0,0,0,0,0,1,-0.00591404,-0.00474333,-0.00370431,-0.0046067,-0.00566497,sell
2019-10-05,0,2,1,1,1,1,0,1,1,1,1,0,0,0,1,0,0,0,0,0,0,1,0,1,0,0,0,0,0,0,0,1,-0.00336816,-0.00445700,-0.00330326,-0.0035115,-0.00364433,sell
2019-10-06,0,1,1,1,0,1,0,1,1,0,0,0,0,0,1,0,0,0,0,0,0,1,0,1,0,0,0,0,0,0,0,1,-0.00171118,-0.00264295,-0.00057491,-0.0004468,-0.00082120,sell
2019-10-07,0,1,1,1,0,1,0,1,1,0,0,0,0,0,1,0,0,0,0,0,0,1,0,1,0,0,0,0,0,0,0,1,-0.00171118,-0.00264295,-0.00057491,-0.0004468,-0.00082120,sell
2019-10-08,0,1,1,1,0,0,0,1,0,0,0,0,0,0,1,0,0,0,0,1,0,1,0,0,0,0,1,0,0,0,0,0,-0.00446617,-0.00392290,-0.00073835,-0.0008610,-0.00186574,sell
2019-10-09,0,1,1,0,0,0,0,1,0,0,0,0,0,0,0,0,0,0,0,1,0,1,0,0,0,0,1,0,0,0,0,0,-0.00244106,-0.00272626,-0.00299854, 0.0009210,-0.00046393,sell
2019-10-10,0,1,1,0,1,1,0,0,0,0,0,0,0,0,0,0,0,0,0,1,0,0,0,0,1,1,1,0,0,0,0,0, 0.00518467, 0.00387787, 0.00528697, 0.0060907, 0.00268045,buy
2019-10-11,0,1,1,1,1,1,1,0,0,0,0,0,0,0,0,0,0,1,0,1,0,0,0,0,1,1,1,0,0,0,1,0, 0.00312481, 0.00429073, 0.00477014, 0.0042361, 0.00557137,buy
2019-10-12,0,0,1,1,1,1,2,1,0,0,0,0,1,0,0,0,0,1,0,1,1,0,0,0,1,1,0,0,0,0,1,0,-0.00036001, 0.00350422, 0.00448589, 0.0046545, 0.00047258,buy
2019-10-13,0,0,0,1,1,1,2,1,0,0,0,0,1,0,0,0,0,1,0,0,1,0,0,0,1,1,0,0,0,0,1,0,-0.00053062, 0.00081035, 0.00182285, 0.0010961,-0.00036901,buy
2019-10-14,1,0,0,1,1,1,2,1,0,0,1,0,1,0,0,0,0,1,0,0,1,0,0,0,1,1,0,0,0,0,1,0,-0.00081167, 0.00326861, 0.00169192,-0.0003859,-0.00039658,buy
2019-10-15,1,0,0,0,1,0,2,1,0,0,1,0,1,0,0,0,0,1,0,0,1,0,0,0,0,1,0,0,0,0,0,0, 0.00315247, 0.00278776, 0.00026495,-0.0051233, 0.00179119,buy
2019-10-16,1,0,0,0,1,0,2,1,0,0,1,0,1,0,0,0,0,1,0,0,1,0,0,0,0,1,0,0,0,0,0,0, 0.00315247, 0.00278776, 0.00026495,-0.0051233, 0.00179119,buy
2019-10-17,1,0,1,0,0,0,0,0,0,0,1,0,0,0,0,0,0,0,0,0,0,0,0,1,0,0,0,0,0,0,0,0, 0.00105831,-0.00005080,-0.00018384,-0.0036020,-0.00232388,sell
2019-10-18,0,0,1,0,1,0,2,0,1,0,0,1,0,0,0,0,0,0,0,0,0,0,0,1,0,0,0,0,1,0,0,0,-0.00189995, 0.00238736,-0.00188187, 0.0012379,-0.00395055,sell
2019-10-19,0,0,1,0,1,0,2,0,1,0,0,1,0,0,0,0,0,0,0,0,0,0,0,1,0,0,0,0,1,0,0,0,-0.00189995, 0.00238736,-0.00188187, 0.0012379,-0.00395055,sell
2019-10-20,1,0,1,0,1,0,2,0,1,0,0,1,0,0,0,0,0,0,0,0,0,0,0,1,0,0,1,0,1,0,0,0,-0.00432393,-0.00413099,-0.00144519,-0.0032466,-0.00879668,sell
2019-10-21,1,0,0,0,1,0,2,0,1,0,0,1,0,0,0,0,0,0,0,0,0,0,0,0,0,0,1,0,1,0,0,0, 0.00035388,-0.00073411,-0.00076636, 0.0005054,-0.00210070,sell
2019-10-22,1,0,0,1,1,0,2,0,1,0,0,1,0,0,0,0,1,0,0,0,0,0,0,0,0,0,1,0,1,0,0,0, 0.00007714,-0.00173196,-0.00123250,-0.0014731,-0.00761947,sell
2019-10-23,1,1,0,1,1,0,1,0,1,0,0,0,0,0,0,0,1,0,0,1,0,0,0,0,0,0,1,1,0,0,0,0,-0.00274637,-0.00321951,-0.00381301,-0.0021138, 0.00133275,sell
2019-10-24,0,1,0,1,1,0,1,0,0,0,0,0,0,0,0,0,1,0,0,1,0,0,0,0,1,0,0,1,0,0,0,0,-0.00051852, 0.00045071, 0.00028778,-0.0048342, 0.00154219,buy
2019-10-25,0,1,0,1,1,0,1,0,0,0,0,0,0,0,0,0,1,0,0,1,0,0,0,0,1,0,0,1,0,0,0,0,-0.00051852, 0.00045071, 0.00028778,-0.0048342, 0.00154219,buy
2019-10-26,0,1,0,3,1,0,1,0,0,0,0,0,0,0,0,0,1,0,0,1,0,0,1,0,1,0,0,1,0,0,0,1, 0.00065284, 0.00092841,-0.00594395,-0.0014374, 0.00162349,buy
2019-10-27,0,0,0,2,1,0,1,0,0,0,0,0,0,0,0,0,0,0,0,0,0,0,1,0,1,0,0,1,0,0,0,1, 0.00025671,-0.00053604,-0.00109235,-0.0014404, 0.00102817,sell
2019-10-28,0,0,0,2,1,0,0,0,0,0,0,0,0,0,0,0,0,0,0,0,0,0,1,0,1,0,0,0,0,0,0,1,-0.00009889,-0.00227319,-0.00263905,-0.0021926, 0.00002185,sell
2019-10-29,0,0,0,2,0,1,0,0,0,0,0,0,0,0,0,1,0,1,0,0,0,0,1,0,0,0,0,0,0,0,0,1,-0.00150373,-0.00155319,-0.00386905,-0.0011070, 0.00225995,sell
2019-10-30,0,0,0,1,0,1,0,0,0,0,0,0,0,0,0,1,0,1,0,0,0,0,1,0,0,0,0,0,0,0,0,0, 0.00198891, 0.00128909, 0.00254945, 0.0009974,-0.00199891,buy
2019-10-31,0,0,0,0,0,2,0,0,0,0,0,0,0,0,0,1,0,1,0,0,0,0,0,0,0,0,0,0,1,0,0,0,-0.00146191,-0.00254031,-0.00441578,-0.0017533,-0.00108948,sell
2019-11-01,0,0,0,0,0,2,0,0,0,0,0,0,0,0,0,1,0,1,0,0,0,0,0,0,0,0,0,0,1,0,0,0,-0.00146191,-0.00254031,-0.00441578,-0.0017533,-0.00108948,sell
2019-11-02,0,0,0,0,0,2,0,0,0,0,0,0,0,0,0,0,0,1,0,0,0,0,0,0,0,0,0,0,1,0,0,0, 0.00077721,-0.00448017,-0.00428527, 0.0016771,-0.00052218,sell
2019-11-03,0,0,1,0,0,2,0,0,0,0,0,0,0,0,0,0,0,1,0,0,0,0,0,0,0,0,0,0,1,0,1,0,-0.00408895,-0.00676275,-0.00995760,-0.0017620, 0.00340322,sell
2019-11-04,0,0,1,0,0,1,0,0,0,0,0,0,0,0,0,0,0,0,0,0,0,0,0,0,0,1,0,0,0,0,1,0,-0.00652912,-0.00104540,-0.00444988,-0.0006048,-0.00108900,sell
2019-11-05,0,0,1,0,1,2,0,0,1,0,0,0,0,0,0,0,0,0,0,0,0,0,0,0,0,1,0,1,0,0,1,0,-0.00177645, 0.00063810,-0.00867980, 0.0002072, 0.00128626,buy
2019-11-06,1,0,1,0,1,2,1,0,1,0,0,0,0,0,0,0,0,0,0,1,0,1,0,0,0,1,0,1,0,0,1,0,-0.00389639, 0.00155268,-0.00347389, 0.0009402, 0.00217160,buy
2019-11-07,1,0,0,0,2,2,1,0,1,1,0,0,0,0,0,0,0,0,0,1,0,1,0,0,0,1,0,1,0,0,0,0,-0.00322074, 0.00190144, 0.00296216, 0.0020453, 0.00243230,buy
2019-11-08,1,0,0,1,2,2,2,0,1,1,0,1,0,0,0,0,1,0,0,1,0,1,0,0,0,1,0,1,0,0,0,0, 0.00299914, 0.00267901, 0.00574365, 0.0034255, 0.00374954,buy
2019-11-09,1,0,0,1,1,1,2,0,0,1,0,1,0,0,0,0,1,0,0,1,0,1,0,0,0,1,0,0,0,0,0,0, 0.00547091, 0.00014462, 0.00653683, 0.0022726, 0.00252163,buy
2019-11-10,1,0,0,2,0,1,2,0,0,0,0,1,0,1,0,0,1,0,0,1,0,1,0,1,0,1,0,0,0,0,0,0, 0.00237126,-0.00135488,-0.00109444,-0.0012507,-0.00316245,sell
2019-11-11,0,0,0,2,0,1,2,0,0,0,0,1,0,1,0,0,1,0,0,0,1,0,0,1,0,1,0,0,0,0,0,0, 0.00344100, 0.00073039,-0.00004414,-0.0012690, 0.00156469,buy
2019-11-12,1,0,0,2,0,0,2,0,0,0,1,0,1,1,0,0,1,0,0,0,1,0,0,1,0,0,0,0,0,0,0,0, 0.00261571, 0.00132079, 0.00064556, 0.0020084,-0.00019752,buy
2019-11-13,1,0,0,1,2,0,2,1,0,0,1,0,1,0,0,1,0,0,0,0,1,0,0,1,0,0,1,0,1,0,0,0, 0.00327710,-0.00007173, 0.00150356,-0.0039575,-0.00123667,buy
2019-11-14,1,0,0,0,2,0,2,1,0,0,1,0,1,0,0,1,0,0,0,0,1,0,0,0,0,0,1,0,1,0,0,0, 0.00027942, 0.00106511,-0.00058236,-0.0033012,-0.00411471,sell
2019-11-15,1,1,1,0,2,0,2,1,0,0,1,0,1,0,0,1,0,0,0,0,1,0,0,0,0,0,1,0,1,0,1,1, 0.00256607, 0.00245199, 0.00207847, 0.0002164,-0.00376446,buy
2019-11-16,0,1,1,0,1,1,0,1,1,0,0,0,0,0,0,0,0,0,0,0,0,0,0,0,0,0,1,0,1,0,1,1, 0.00086678, 0.00046266,-0.00245530,-0.0002324, 0.00043298,buy
2019-11-17,0,1,1,0,2,1,0,0,1,0,0,0,0,0,0,0,0,1,0,0,0,0,0,0,0,0,0,1,0,0,1,1,-0.00055762, 0.00291990, 0.00102985, 0.0006185, 0.00397667,buy
2019-11-18,0,1,1,0,2,1,0,0,1,0,0,0,0,0,0,0,0,1,0,0,0,0,0,0,0,0,0,1,0,0,1,1,-0.00055762, 0.00291990, 0.00102985, 0.0006185, 0.00397667,buy
2019-11-19,0,0,0,0,2,1,0,0,1,0,0,0,0,0,0,0,0,1,0,0,0,0,0,0,0,0,0,1,0,0,0,0,-0.00054971,-0.00024201, 0.00332295,-0.0011266, 0.00091814,buy
2019-11-20,0,0,0,0,2,1,0,0,1,0,0,0,0,0,0,0,0,1,0,0,0,0,0,0,0,0,0,1,0,0,0,0,-0.00054971,-0.00024201, 0.00332295,-0.0011266, 0.00091814,buy
2019-11-21,0,0,0,0,1,2,0,0,1,0,0,0,0,0,0,1,0,1,0,0,0,0,0,0,0,0,0,0,0,0,0,0, 0.00139729,-0.00267408, 0.00670386, 0.0018318, 0.00172739,buy
2019-11-22,0,0,0,0,1,3,0,0,1,0,0,0,0,0,0,1,0,1,0,0,0,1,0,0,1,0,0,0,0,0,0,0,-0.00082657, 0.00118882, 0.00522134,-0.0017741, 0.00192957,buy
2019-11-23,0,0,0,0,1,3,0,0,1,0,0,0,0,0,0,1,0,0,1,0,0,1,0,0,1,0,0,0,0,0,0,0, 0.00815354, 0.00553838, 0.00835265, 0.0095759, 0.00659154,buy
2019-11-24,0,0,1,0,1,3,0,0,1,0,0,0,0,0,0,1,0,0,1,0,0,1,1,0,1,0,0,0,0,0,0,0, 0.00813481, 0.00552813, 0.01201292, 0.0120432, 0.00843016,buy
2019-11-25,0,1,1,0,1,3,0,0,1,0,0,0,0,0,0,1,0,0,1,0,0,1,1,0,1,0,0,0,0,0,0,1, 0.00293909, 0.00399577, 0.00122063, 0.0065763, 0.00620665,buy
2019-11-26,1,1,1,1,1,4,0,0,1,0,1,0,0,0,0,1,1,0,1,0,1,1,1,0,1,0,0,0,0,0,0,1, 0.00223059, 0.00172855,-0.00417448, 0.0011992,-0.00400783,buy
2019-11-27,2,1,1,1,1,4,0,0,1,0,1,0,0,0,0,1,1,0,1,0,1,1,1,0,0,0,0,0,0,0,1,1, 0.00134969, 0.00061781,-0.00171750,-0.0000416,-0.00160769,buy
2019-11-28,2,1,0,1,1,3,1,0,1,0,1,0,1,0,0,1,1,0,1,0,1,0,0,0,0,0,0,0,0,0,1,1, 0.00309362, 0.00295735, 0.00220129, 0.0027592, 0.00238024,buy
2019-11-29,2,0,0,1,1,1,1,0,0,0,1,0,1,0,0,0,1,0,1,0,1,0,0,0,0,0,0,0,0,0,1,0, 0.00193678, 0.00366245, 0.00212645,-0.0004824, 0.00073908,buy
2019-11-30,2,0,0,0,1,1,2,0,0,0,1,0,1,0,0,0,0,0,1,0,1,0,0,0,0,1,0,0,0,0,1,0, 0.00237283, 0.00235908, 0.00005749,-0.0010351, 0.00210200,buy
2019-12-01,0,0,0,0,1,0,3,0,0,0,0,1,1,0,0,0,0,0,1,0,0,0,0,0,0,1,0,0,0,0,0,0,-0.00703267,-0.00739918,-0.00774341,-0.0061465,-0.00747552,sell
2019-12-02,0,0,0,0,2,0,3,0,0,0,0,1,1,0,0,0,0,0,1,0,0,0,0,0,0,1,0,0,0,1,0,0,-0.00435261,-0.00467877,-0.00489303,-0.0045553,-0.00381859,sell
2019-12-03,0,0,0,0,2,0,2,0,0,0,0,1,0,0,0,0,0,0,1,0,0,0,0,0,0,1,0,0,0,1,0,0,-0.00313616,-0.00401015,-0.00455680,-0.0043304,-0.00310620,sell
2019-12-04,0,0,1,0,2,0,2,0,0,0,0,1,0,0,0,0,0,0,1,0,0,0,0,1,0,1,0,0,0,1,0,0,-0.00595553,-0.00482278,-0.00327772,-0.0053457,-0.00491415,sell
2019-12-05,1,0,1,0,1,0,1,0,0,0,0,0,0,0,0,0,0,0,0,0,0,0,0,1,0,1,0,0,0,1,0,1,-0.00149750, 0.00013055,-0.00143797,-0.0039044,-0.00232350,sell
2019-12-06,1,0,1,0,1,0,1,1,0,0,0,0,0,0,0,0,0,0,0,1,0,0,0,1,0,1,0,0,0,1,0,1,-0.00166725,-0.00030788,-0.00127176,-0.0029156,-0.00210869,sell
2019-12-07,1,0,1,0,1,1,2,1,0,0,0,0,0,0,0,1,0,0,0,1,0,0,0,1,0,1,1,0,0,1,0,1,-0.00210505,-0.00366658,-0.00493621,-0.0041425,-0.00388368,sell
2019-12-08,1,1,1,0,1,1,1,1,0,0,0,0,0,0,0,1,0,0,0,1,0,0,1,1,0,0,1,0,0,1,0,1,-0.00250685, 0.00120597,-0.00213158,-0.0034038,-0.00323921,sell
2019-12-09,0,1,0,0,3,1,1,1,1,0,0,0,0,0,0,1,0,0,0,1,0,1,1,0,0,0,1,0,1,1,0,0,-0.00213677,-0.00161096,-0.00126247,-0.0011119, 0.00043475,sell
2019-12-10,0,1,1,0,3,2,1,1,1,0,0,0,1,0,1,1,0,0,0,1,0,1,1,0,0,0,1,0,1,1,0,0, 0.00098496, 0.00111701, 0.00146717, 0.0010067, 0.00161079,buy
2019-12-11,0,1,1,0,3,2,0,0,1,0,0,0,1,0,1,1,0,0,0,0,0,1,1,0,0,0,0,0,1,1,0,0, 0.00287313, 0.00247453, 0.00018332, 0.0014163,-0.00038087,buy
2019-12-12,0,1,1,0,4,3,0,0,1,0,0,1,1,0,1,1,0,0,0,0,1,1,1,0,0,0,0,1,1,1,0,0, 0.00257894, 0.00192418,-0.00129177, 0.0020445,-0.00194866,buy
2019-12-13,0,0,0,0,3,3,0,0,0,0,0,1,1,0,0,1,0,0,0,0,1,1,0,0,0,0,0,1,1,1,0,0, 0.00130667, 0.00151861,-0.00193486, 0.0000190,-0.00577829,buy
2019-12-14,0,0,0,0,2,2,0,0,0,0,0,1,0,0,0,1,0,0,0,0,1,0,0,0,0,0,0,1,0,1,0,0,-0.00630654,-0.00229851,-0.00602192,-0.0063800,-0.00264474,sell
2019-12-15,0,0,0,0,2,2,0,0,0,0,0,1,0,0,0,1,0,0,0,0,1,0,0,0,0,0,0,1,0,1,0,0,-0.00630654,-0.00229851,-0.00602192,-0.0063800,-0.00264474,sell
2019-12-16,0,0,1,0,2,1,0,0,0,0,0,0,0,0,0,1,1,0,0,0,1,0,0,0,0,0,0,0,0,1,0,0,-0.00100056, 0.00042150,-0.00357352, 0.0024904,-0.00004411,buy
2019-12-17,0,1,1,0,1,1,0,0,0,0,0,0,0,0,0,1,1,0,0,0,0,0,0,1,0,0,0,0,0,1,0,0,-0.00000671, 0.00228245, 0.00006868, 0.0028273, 0.00056698,buy
2019-12-18,0,1,1,0,1,1,0,1,0,0,1,0,0,0,0,1,1,0,0,0,0,0,0,1,0,0,0,0,0,1,0,0,-0.00216017, 0.00214855, 0.00005231, 0.0013420,-0.00083043,buy
2019-12-19,0,1,1,0,1,2,0,1,0,0,1,0,0,0,0,1,1,0,0,0,0,0,0,1,0,0,1,0,0,1,0,0,-0.00267633,-0.00176828,-0.00002156,-0.0021070,-0.00183152,sell
2019-12-20,0,2,0,0,1,2,0,2,0,0,1,0,0,0,1,1,0,0,0,0,0,0,0,1,0,0,1,0,0,1,1,0,-0.00381921,-0.00593671,-0.00450740,-0.0028231,-0.00505492,sell
2019-12-21,0,2,0,0,1,2,0,2,0,0,1,0,1,0,1,1,0,0,0,0,0,0,0,1,0,0,1,0,0,0,1,0,-0.00111596,-0.00219563,-0.00211212,-0.0030870,-0.00351440,sell
2019-12-22,0,1,0,0,4,2,0,1,0,1,0,1,1,0,1,1,0,0,0,0,0,0,0,0,1,0,1,0,0,0,1,0, 0.00017499, 0.00116603,-0.00145322,-0.0003070,-0.00213140,sell
2019-12-23,1,0,0,0,4,0,0,1,0,1,0,1,1,0,0,0,0,0,0,0,0,0,1,0,1,0,0,0,0,0,1,0,-0.00658727,-0.00195523,-0.00138508, 0.0003928,-0.00165233,sell
2019-12-24,1,0,0,0,4,0,0,1,0,1,0,1,1,0,0,0,0,0,0,0,0,0,1,0,1,0,0,0,0,0,1,0,-0.00658727,-0.00195523,-0.00138508, 0.0003928,-0.00165233,sell
2019-12-25,1,0,0,0,3,0,0,0,0,1,0,1,0,0,0,0,0,1,0,0,0,0,1,0,1,0,0,0,0,0,0,0,-0.00163768, 0.00280261, 0.00095120, 0.0014282, 0.00271937,buy
2019-12-26,1,1,0,0,2,0,0,0,0,1,0,0,0,0,0,0,1,1,0,0,0,0,1,0,1,0,0,0,0,0,0,0,-0.00269495, 0.00120748, 0.00102703, 0.0021485, 0.00109007,buy
2019-12-27,0,1,0,0,1,0,0,0,0,1,0,0,0,0,0,0,1,1,0,0,0,0,0,0,0,0,0,0,0,0,0,0, 0.00199958, 0.00212084, 0.00179789,-0.0000439, 0.00284940,buy
2019-12-28,0,1,0,0,0,0,0,1,0,0,0,0,0,0,0,0,1,1,0,0,0,0,0,0,0,0,0,0,0,0,0,1,-0.00279157,-0.00380235, 0.00063004,-0.0028110, 0.00292370,sell
2019-12-29,1,0,0,0,0,0,0,1,0,0,0,0,0,0,1,0,0,1,0,0,0,0,0,0,0,0,0,0,0,0,0,1,-0.00158876, 0.00423337,-0.00475370,-0.0036461, 0.00818093,sell
2019-12-30,1,0,0,0,0,0,0,1,0,0,0,0,0,0,1,0,0,1,0,0,0,0,0,0,0,0,0,0,0,0,0,1,-0.00158876, 0.00423337,-0.00475370,-0.0036461, 0.00818093,sell
2019-12-31,1,0,0,0,1,0,0,1,0,0,0,0,0,0,1,0,0,0,0,0,0,0,0,0,0,0,1,0,0,0,0,1,-0.00176405,-0.00414067,-0.00433440,-0.0014392,-0.00608834,sell
2020-01-01,2,0,0,0,1,0,0,0,1,0,0,0,0,0,1,0,0,0,0,0,0,0,0,1,0,0,1,0,0,0,0,0,-0.00169388,-0.00676744,-0.00363072,-0.0043828,-0.00412680,sell
2020-01-02,1,0,0,0,1,0,0,0,1,0,0,0,0,0,0,0,0,0,0,0,0,0,0,1,0,0,1,0,0,0,0,0,-0.00122971,-0.00522127,-0.00235792,-0.0037135,-0.00320282,sell
2020-01-03,1,0,0,0,1,0,0,0,1,0,0,0,0,0,0,0,0,0,0,0,0,0,0,1,0,0,1,0,0,0,0,0,-0.00122971,-0.00522127,-0.00235792,-0.0037135,-0.00320282,sell
2020-01-04,2,0,0,0,1,0,0,0,1,0,0,0,0,0,0,0,1,0,0,0,0,0,0,1,0,0,1,0,0,0,0,0,-0.00435241,-0.00434366,-0.00416591,-0.0040327,-0.00570875,sell
2020-01-05,2,0,0,0,1,1,1,0,0,0,0,0,0,0,0,0,1,0,1,1,0,0,0,1,0,0,0,0,1,0,0,0,-0.00294303,-0.00343267, 0.00092612, 0.0039790, 0.00111672,buy
2020-01-06,1,0,0,0,2,2,1,0,0,0,0,0,0,0,0,0,1,0,1,1,0,0,0,0,1,0,0,1,1,0,0,0, 0.00030586, 0.00205018, 0.00209287, 0.0025191, 0.00355069,buy
2020-01-07,1,0,0,0,2,2,2,0,0,0,1,0,0,1,0,0,1,0,1,1,0,0,0,0,1,0,0,1,1,0,0,0, 0.00586497, 0.00619268, 0.00538596, 0.0018530, 0.00623236,buy
2020-01-08,0,0,0,0,2,3,2,0,0,1,1,0,0,1,0,0,0,0,1,1,0,0,0,0,1,0,0,1,1,0,0,0, 0.00493775, 0.00705164, 0.00670150,-0.0053363, 0.00894238,buy
2020-01-09,0,0,0,0,2,3,2,0,0,1,1,0,0,1,0,0,0,0,1,1,0,0,0,0,1,0,0,1,1,0,0,0, 0.00493775, 0.00705164, 0.00670150,-0.0053363, 0.00894238,buy
2020-01-10,0,0,0,0,0,3,0,0,0,1,0,0,0,1,0,0,0,0,1,0,0,0,0,0,1,0,0,0,0,0,0,0,-0.00164404, 0.00363062, 0.00043432,-0.0014654, 0.00483327,buy
2020-01-11,0,0,0,0,0,2,0,0,0,1,0,1,1,1,0,0,0,0,1,0,1,1,0,0,0,0,0,0,0,0,0,0, 0.00096649, 0.00095751, 0.00145680, 0.0009498, 0.00054282,buy
2020-01-12,0,0,0,0,0,2,0,0,0,1,0,1,1,1,0,0,0,0,1,0,1,1,0,0,0,0,0,0,0,0,0,0, 0.00096649, 0.00095751, 0.00145680, 0.0009498, 0.00054282,buy
2020-01-13,0,0,0,0,0,1,0,0,0,0,0,1,1,1,0,0,0,0,1,0,1,1,0,0,0,0,0,0,0,0,0,0, 0.00131707, 0.00185479, 0.00146104, 0.0033845, 0.00188055,buy
2020-01-14,0,0,0,0,0,1,1,0,0,0,0,0,0,0,0,0,0,0,1,0,1,1,0,0,0,0,0,0,0,0,1,0, 0.00193387, 0.00088742, 0.00287355,-0.0002772,-0.00290074,buy
2020-01-15,0,0,0,0,0,1,1,0,0,0,0,0,0,0,0,0,0,0,1,0,1,1,0,0,0,0,0,0,0,0,1,0, 0.00193387, 0.00088742, 0.00287355,-0.0002772,-0.00290074,buy
2020-01-16,0,0,0,0,0,2,1,0,0,0,1,0,0,0,0,0,0,0,1,0,0,0,0,0,0,0,0,0,0,0,1,0,-0.00279089,-0.00264444,-0.00458821, 0.0022767, 0.00197894,sell
2020-01-17,0,0,0,0,0,1,1,1,0,0,1,0,0,0,1,0,0,0,0,0,0,0,0,0,0,0,0,0,0,0,1,0,-0.00440073,-0.00246496,-0.00111416,-0.0013061,-0.00503050,sell
2020-01-18,0,0,0,0,0,2,0,1,0,0,1,0,0,0,1,0,0,0,0,0,0,0,0,0,0,0,0,1,0,0,0,0, 0.00063606, 0.00085729, 0.00077505, 0.0019854, 0.00207760,buy
2020-01-19,0,0,0,0,0,2,0,1,0,0,0,0,0,0,1,0,0,0,0,0,0,0,0,0,0,0,0,1,1,0,0,0, 0.00635088, 0.00177314, 0.00014233, 0.0050698, 0.00362124,buy
2020-01-20,0,0,0,0,1,3,0,0,0,0,0,0,0,0,0,1,0,0,0,1,0,0,0,0,0,0,0,1,1,0,0,0,-0.00091779,-0.00185214,-0.00001409,-0.0016608, 0.00035275,sell
2020-01-21,0,0,0,0,1,3,1,1,0,0,0,0,0,0,0,1,0,0,0,1,0,0,1,0,1,0,0,1,1,0,0,0, 0.00052380, 0.00344044, 0.00192654, 0.0011324, 0.00124323,buy
2020-01-22,0,0,0,0,2,3,1,1,1,0,0,0,0,0,0,1,0,0,0,1,0,0,1,0,1,0,0,1,1,0,0,0, 0.00127107, 0.00298551, 0.00217242, 0.0008576, 0.00047687,buy
2020-01-23,0,0,0,0,2,1,3,3,1,1,0,0,0,0,0,1,1,0,0,1,0,0,1,0,1,1,0,0,0,0,0,1,-0.00271758, 0.00329260, 0.00052771,-0.0016029, 0.00416722,buy
2020-01-24,0,0,0,0,2,1,3,3,1,1,0,0,0,0,0,1,1,0,0,1,0,0,1,0,1,1,0,0,0,0,0,1,-0.00271758, 0.00329260, 0.00052771,-0.0016029, 0.00416722,buy
2020-01-25,0,0,0,0,3,0,3,3,1,1,1,0,0,0,0,1,1,0,0,0,0,0,1,0,1,1,0,0,0,0,0,1,-0.00167675, 0.00450140, 0.00028101, 0.0011042, 0.00203843,buy
2020-01-26,0,0,0,0,2,1,2,2,0,1,1,0,0,0,0,1,1,0,0,0,0,0,0,0,0,1,1,0,0,0,1,1, 0.00404189, 0.00195549, 0.00364154, 0.0053532, 0.00169887,buy
2020-01-27,0,0,0,0,2,1,2,1,0,1,1,0,0,0,0,1,0,0,0,0,0,0,0,0,0,1,1,0,0,0,1,1, 0.00720576, 0.00821467, 0.00716893, 0.0074297, 0.00689628,buy
2020-01-28,0,0,0,0,0,1,0,1,0,0,0,0,0,0,0,0,0,0,0,0,0,0,0,0,0,1,1,0,0,0,1,0,-0.00504485, 0.00106959,-0.00190508,-0.0032068,-0.00056623,sell
2020-01-29,0,0,0,0,1,1,0,1,0,0,0,1,0,0,0,0,0,0,0,0,0,0,0,0,0,1,1,0,0,0,1,0,-0.00214839, 0.00119066, 0.00032140, 0.0022553, 0.00308889,buy
2020-01-30,0,0,0,0,2,1,0,1,0,0,0,1,1,0,0,0,0,0,0,0,0,0,0,0,0,1,0,0,0,0,1,0,-0.00430317,-0.00239446,-0.00388634, 0.0023919,-0.00386109,sell
2020-01-31,0,0,0,0,2,0,1,0,0,0,0,1,1,0,0,0,0,0,0,0,0,0,0,0,0,0,0,1,0,0,0,0,-0.00157471,-0.00237113,-0.00049646,-0.0003488, 0.00191988,sell
2020-02-01,0,0,0,0,2,1,1,0,1,0,0,0,1,0,0,0,0,1,0,0,0,0,0,0,0,0,0,1,0,0,0,0, 0.00007853,-0.00120675, 0.00031059,-0.0012388,-0.00196796,sell
2020-02-02,0,0,0,0,1,1,2,0,1,0,0,0,0,0,0,0,0,1,0,0,0,0,0,0,0,0,0,1,1,0,0,0,-0.00121296,-0.00038727,-0.00112241, 0.0003482,-0.00333808,sell
2020-02-03,0,0,0,0,1,1,2,1,1,0,0,0,0,0,0,0,0,1,0,0,0,0,0,1,0,0,0,1,1,0,0,0,-0.00112793, 0.00331614,-0.00378263,-0.0009924,-0.00411463,sell
2020-02-04,0,0,0,0,2,1,3,1,1,0,0,0,0,0,1,0,0,1,0,1,0,0,0,1,0,0,0,1,1,0,0,0, 0.00331721, 0.00582896, 0.00252710, 0.0014238, 0.00055279,buy
2020-02-05,0,0,0,0,2,0,2,1,0,0,0,0,0,0,1,0,0,1,0,1,0,0,0,1,0,0,0,0,1,0,0,0, 0.00104906, 0.00086614, 0.00097987,-0.0029117,-0.00219219,buy
2020-02-06,0,0,0,0,2,0,1,1,0,0,0,0,0,0,1,0,0,1,0,1,0,0,0,1,0,0,0,0,0,0,0,0, 0.00108851, 0.00096836, 0.00236499,-0.0002823, 0.00694390,buy
2020-02-07,0,0,0,0,1,0,0,1,0,0,0,0,0,0,0,0,0,0,0,1,0,0,0,1,0,0,0,0,0,0,0,0,-0.00262192,-0.00423219,-0.00288962,-0.0042659,-0.00203269,sell
2020-02-08,0,0,0,0,2,2,0,1,0,0,0,1,0,0,0,0,0,0,0,1,0,0,0,1,0,0,0,0,0,0,1,1,-0.00336151, 0.00221947, 0.00162525, 0.0035489, 0.00308469,buy
2020-02-09,0,0,0,0,1,2,0,0,0,0,0,1,0,0,0,0,0,0,0,0,0,0,0,0,0,0,0,0,0,0,1,1, 0.00101912, 0.00559163, 0.00120308,-0.0010631, 0.00236618,buy
2020-02-10,0,0,0,0,1,3,0,0,0,0,0,1,1,0,0,0,0,0,0,0,0,0,0,0,0,0,0,0,0,0,1,1, 0.00173708, 0.00399729, 0.00171682, 0.0010126, 0.00249055,buy
2020-02-11,0,0,0,0,2,3,0,0,0,0,0,1,1,0,0,0,0,0,0,0,1,0,0,0,0,0,0,0,0,0,1,1, 0.00199142, 0.00105695, 0.00146116, 0.0008988, 0.00053804,buy
2020-02-12,0,0,0,0,2,3,0,0,0,0,0,1,1,0,0,0,0,0,0,0,1,0,0,0,0,0,0,0,0,0,1,1, 0.00199142, 0.00105695, 0.00146116, 0.0008988, 0.00053804,buy
2020-02-13,0,0,0,0,2,1,0,0,0,0,0,0,1,0,0,0,0,0,0,0,1,1,0,0,0,0,0,0,0,0,0,0, 0.00233256, 0.00148794, 0.00092097, 0.0010186,-0.00003560,buy
2020-02-14,0,0,0,0,2,1,0,0,0,0,0,0,1,0,0,0,0,0,0,0,1,1,0,0,0,0,0,0,0,0,0,0, 0.00233256, 0.00148794, 0.00092097, 0.0010186,-0.00003560,buy
2020-02-15,0,0,0,0,2,1,0,0,0,0,0,0,1,0,0,0,0,0,0,0,1,1,0,0,0,0,0,0,0,0,0,0, 0.00233256, 0.00148794, 0.00092097, 0.0010186,-0.00003560,buy
2020-02-16,0,0,0,0,1,1,0,0,0,0,0,0,1,0,0,0,0,0,0,0,0,1,0,0,0,0,0,0,0,0,0,0,-0.00263884,-0.00146631,-0.00173517,-0.0029617,-0.00355110,sell
2020-02-17,0,0,0,0,2,2,0,0,0,0,0,0,1,0,0,1,0,0,0,0,0,1,0,0,0,0,0,0,0,1,0,0,-0.00129484,-0.00049288,-0.00133835, 0.0026317, 0.00041796,sell
2020-02-18,0,0,0,0,2,2,1,0,0,0,0,0,1,0,0,1,0,0,1,0,0,1,0,0,0,0,0,0,0,1,0,0,-0.00324801,-0.00315255,-0.00604425,-0.0019470, 0.00075237,sell
2020-02-19,0,0,0,0,1,3,1,0,0,0,0,0,1,0,0,1,0,1,1,0,0,0,0,0,0,0,0,0,0,1,0,0,-0.00450335,-0.00087658, 0.00419609, 0.0003454, 0.00558975,buy
2020-02-20,0,0,0,0,1,3,2,0,0,0,0,0,1,0,0,1,0,1,1,0,0,0,1,0,0,0,0,0,0,1,0,0,-0.00392341, 0.00394836, 0.00472959, 0.0040696, 0.00634801,buy
2020-02-21,0,0,0,0,1,4,2,1,0,0,0,1,1,0,0,0,0,1,1,0,0,0,1,0,1,0,1,0,0,1,0,0,-0.00386799,-0.00107234, 0.00539068,-0.0010437,-0.00147476,sell
2020-02-22,0,0,0,0,1,4,2,1,0,0,0,1,1,0,0,0,0,1,1,0,0,0,1,0,1,0,1,0,0,1,0,0,-0.00386799,-0.00107234, 0.00539068,-0.0010437,-0.00147476,sell
2020-02-23,0,0,0,0,1,3,2,1,0,0,0,1,0,0,0,0,0,1,1,0,0,0,1,0,1,0,1,0,0,1,0,0,-0.00453348,-0.00026434, 0.00439505,-0.0040068,-0.00370467,sell
2020-02-24,0,0,0,0,2,3,2,1,0,0,0,1,0,0,0,0,0,1,1,0,0,0,1,0,1,0,1,0,0,1,0,1,-0.00509184,-0.00036780, 0.00525273,-0.0048242,-0.00579826,sell
2020-02-25,0,0,0,0,2,3,2,1,0,1,0,1,0,1,0,1,0,0,1,0,0,0,0,0,1,0,1,0,0,1,0,1,-0.00460854,-0.00147429, 0.00133905,-0.0034880, 0.00031841,sell
2020-02-26,0,0,0,0,1,4,2,0,1,1,0,0,0,1,0,1,0,0,1,0,1,0,0,0,0,0,0,0,0,1,0,1, 0.00136099, 0.00003536, 0.00569777, 0.0002794, 0.00166900,buy
2020-02-27,0,0,0,0,1,4,3,1,1,1,0,0,0,1,1,1,0,0,1,0,1,0,0,0,0,0,0,1,0,1,0,1,-0.00823756,-0.00459038, 0.00028114,-0.0018518,-0.00058768,sell
2020-02-28,0,0,0,0,1,3,2,1,1,0,0,0,0,0,1,0,0,0,1,0,1,0,0,0,0,0,0,1,0,1,0,1,-0.01184959,-0.01128997,-0.00222730,-0.0070030,-0.00489224,sell
2020-02-29,0,0,0,0,1,3,2,1,1,0,0,0,0,0,1,0,0,0,1,0,1,0,0,0,0,0,0,1,0,1,0,1,-0.01184959,-0.01128997,-0.00222730,-0.0070030,-0.00489224,sell
2020-03-01,0,0,0,0,0,4,2,2,1,0,0,0,0,0,1,0,0,0,1,0,1,1,0,0,0,0,0,1,1,1,0,0,-0.00599510,-0.00622478,-0.00407390, 0.0025581, 0.00182664,sell
2020-03-02,0,0,0,0,0,2,2,1,0,0,0,0,0,0,1,0,0,0,1,0,0,1,0,0,0,0,0,0,1,1,0,0, 0.00568764, 0.00478338, 0.00071659, 0.0038775, 0.00304739,buy
2020-03-03,0,0,0,0,1,2,1,1,0,0,0,0,1,0,0,1,0,0,0,0,0,1,0,0,0,0,0,0,1,1,0,0,-0.00066532,-0.00421816,-0.00289873, 0.0010493,-0.00145295,sell
2020-03-04,0,0,0,0,1,2,1,1,0,0,0,0,1,0,0,1,0,0,0,0,0,1,0,0,0,0,0,0,1,1,0,0,-0.00066532,-0.00421816,-0.00289873, 0.0010493,-0.00145295,sell
2020-03-05,0,0,0,0,1,3,1,1,0,1,0,0,1,0,0,1,0,0,0,0,0,1,0,0,0,0,0,0,1,1,0,0, 0.00281858,-0.00354815,-0.00057721,-0.0008662,-0.00082902,sell
2020-03-06,0,0,0,0,1,3,1,0,0,1,0,0,1,0,0,1,0,0,0,1,0,0,0,0,0,0,1,0,0,1,1,0, 0.00371811,-0.00161016,-0.00314369,-0.0034703, 0.00058016,sell
2020-03-07,0,0,0,0,1,4,0,0,0,1,0,0,1,0,0,0,0,0,0,1,0,0,1,0,0,0,1,0,0,1,1,0,-0.00006304,-0.00426909,-0.00317149,-0.0042084, 0.00014689,sell
2020-03-08,0,0,0,0,1,4,0,0,0,1,0,0,1,0,0,0,0,0,0,1,0,0,1,0,0,0,1,0,0,1,1,0,-0.00006304,-0.00426909,-0.00317149,-0.0042084, 0.00014689,sell
2020-03-09,0,0,0,0,1,4,1,0,0,1,0,0,1,0,0,0,0,1,0,1,0,0,1,0,0,0,1,0,0,1,1,0, 0.00090418,-0.00327673,-0.00281282,-0.0040782, 0.00068299,sell
2020-03-10,0,0,0,0,1,3,1,1,0,0,0,0,1,0,0,0,1,1,0,1,0,0,1,0,0,0,1,0,0,1,1,0,-0.00471714,-0.00004048,-0.00082609, 0.0000809,-0.00243756,sell
2020-03-11,0,0,0,0,1,2,1,1,0,0,0,0,1,0,0,0,1,1,0,0,0,0,1,0,0,0,0,0,0,1,0,0,-0.00647456, 0.00349033,-0.00094897,-0.0027514,-0.00386228,sell
2020-03-12,0,0,0,0,1,1,2,1,0,0,0,0,1,0,0,0,1,1,0,0,1,0,0,0,0,0,0,0,0,1,0,0, 0.00009964,-0.00037808,-0.00518805,-0.0049636,-0.00082747,sell
2020-03-13,0,0,0,0,1,1,2,1,0,0,0,0,1,0,0,0,1,1,0,0,1,0,0,0,0,0,0,0,0,1,0,0, 0.00009964,-0.00037808,-0.00518805,-0.0049636,-0.00082747,sell
2020-03-14,0,0,0,0,1,1,1,1,0,0,0,0,1,0,0,0,1,0,0,0,1,0,0,0,0,0,0,0,0,1,0,0, 0.00261228, 0.00004722,-0.00327056, 0.0040239, 0.00143064,buy
2020-03-15,0,0,0,0,1,1,1,1,0,0,0,0,1,0,0,0,1,0,0,0,1,0,0,0,0,0,0,0,0,1,0,0, 0.00261228, 0.00004722,-0.00327056, 0.0040239, 0.00143064,buy
2020-03-16,0,0,0,0,1,1,2,1,0,0,0,0,1,0,0,0,1,0,0,0,1,0,0,1,0,0,0,0,0,1,0,0, 0.01038097, 0.00912193, 0.00135234, 0.0069289, 0.00827323,buy
2020-03-17,0,0,0,0,1,1,2,1,0,0,0,0,1,0,0,0,1,0,0,0,0,1,0,1,0,0,0,0,0,1,0,0, 0.01004307, 0.00876278, 0.00310575, 0.0077030, 0.00558767,buy
2020-03-18,0,0,0,0,1,1,2,0,0,0,0,0,1,0,0,0,0,0,0,0,0,1,0,1,0,0,0,0,0,1,0,0, 0.01022808, 0.00827751, 0.00177367, 0.0073435, 0.00660863,buy
2020-03-19,0,0,0,0,1,1,2,0,0,0,0,0,1,0,0,0,0,0,0,0,0,1,0,1,0,0,0,0,0,1,0,0, 0.01022808, 0.00827751, 0.00177367, 0.0073435, 0.00660863,buy
2020-03-20,0,0,0,0,0,1,3,0,0,0,0,0,0,0,1,0,0,0,0,0,0,1,0,1,0,0,0,0,0,1,0,0,-0.00112511,-0.00117318,-0.00292943,-0.0013333,-0.00431785,sell
2020-03-21,0,0,0,0,0,1,4,0,0,0,0,0,0,0,1,0,0,0,0,0,0,1,0,1,0,0,1,0,0,1,0,0, 0.00050295, 0.00105270,-0.00236599, 0.0004927,-0.00397818,sell
2020-03-22,0,0,0,0,1,1,4,0,0,0,0,0,0,0,1,0,0,0,0,0,0,1,1,1,0,0,1,0,0,1,0,0, 0.00017776, 0.00050152,-0.00188359,-0.0026804,-0.00440248,sell
2020-03-23,0,0,0,0,1,1,2,0,0,0,0,0,0,0,1,0,0,0,0,0,0,0,1,0,0,0,1,0,0,1,0,0, 0.00411453, 0.00353463, 0.00021104, 0.0037867,-0.00500345,buy
2020-03-24,0,0,0,0,1,2,2,0,1,0,0,0,0,0,1,0,0,0,0,0,0,0,1,0,0,0,1,0,0,1,0,0, 0.00622089, 0.00088305,-0.00667977,-0.0004756, 0.00029425,buy
2020-03-25,1,0,0,0,1,3,1,0,1,0,0,1,0,0,0,0,0,0,0,0,0,0,1,0,1,0,1,0,0,1,0,0,-0.00165722, 0.00180047,-0.00301372,-0.0079789,-0.00165722,sell
2020-03-26,1,0,0,0,1,3,0,0,1,0,0,1,0,0,0,0,0,0,0,0,0,0,1,0,1,0,0,0,0,1,0,0,-0.00722869,-0.00058193,-0.00764269,-0.0087789,-0.00738886,sell
2020-03-27,2,0,0,0,1,3,0,0,1,0,0,1,0,0,0,0,0,0,0,0,0,0,1,0,1,0,0,1,0,1,0,0,-0.00844325, 0.00226315,-0.00739228,-0.0085326,-0.00820030,sell
2020-03-28,2,0,0,0,0,3,0,0,1,0,0,1,0,0,0,0,0,0,0,0,0,0,0,0,1,0,0,1,0,1,0,0,-0.00701323,-0.00001301,-0.00879011,-0.0057333,-0.00850543,sell
2020-03-29,2,0,0,0,0,3,0,0,0,1,0,1,0,0,0,0,0,0,0,0,0,0,0,0,1,0,0,1,0,1,0,0, 0.00074045, 0.00226568, 0.00085376, 0.0009832,-0.00160676,buy
2020-03-30,2,0,0,0,0,3,0,0,0,1,0,0,1,0,0,0,0,0,0,0,0,0,0,0,1,0,0,1,0,1,0,0, 0.00767449, 0.00477364, 0.00694526, 0.0062447, 0.00287286,buy
2020-03-31,1,0,0,0,0,3,0,0,0,1,0,0,1,0,0,0,0,0,0,0,0,0,0,0,0,0,0,1,0,1,0,0, 0.00785286, 0.00958317, 0.00799429, 0.0080480, 0.00708986,buy
2020-04-01,0,0,0,0,0,3,0,0,0,1,0,0,1,0,0,0,0,0,0,0,0,0,0,0,0,0,0,0,0,1,0,0, 0.00699686, 0.00814465, 0.00820400, 0.0075469,-0.00029844,buy
2020-04-02,1,0,0,0,0,3,0,0,0,1,1,0,1,0,0,0,0,0,0,0,0,0,0,0,0,0,0,0,1,1,0,0, 0.00597392, 0.00451446, 0.00788942, 0.0075196, 0.00362981,buy
2020-04-03,1,0,0,0,0,3,0,0,0,1,1,0,0,0,1,0,0,0,0,0,0,0,0,0,0,0,0,0,1,1,0,0, 0.00612961, 0.00351010, 0.00558283, 0.0056482, 0.00600947,buy
2020-04-04,1,0,0,0,0,3,0,0,0,1,1,0,0,0,1,0,0,0,0,0,0,0,0,0,0,0,0,0,1,1,0,0, 0.00612961, 0.00351010, 0.00558283, 0.0056482, 0.00600947,buy
2020-04-05,1,0,0,0,0,2,0,0,0,0,1,0,0,0,1,0,0,0,0,0,0,0,0,0,0,0,0,0,1,1,0,0, 0.00337811, 0.00198444, 0.00229036, 0.0021369, 0.00213835,buy
2020-04-06,1,0,0,0,1,2,2,0,1,0,0,1,0,0,1,0,0,0,0,1,0,0,0,0,0,0,0,0,1,1,0,0, 0.00402959, 0.00054830, 0.00034144, 0.0029154, 0.00332782,buy
2020-04-07,2,0,0,0,2,1,2,0,1,0,0,1,0,0,0,0,0,0,0,1,0,0,0,0,0,1,0,0,1,1,1,0, 0.00446692, 0.00103269, 0.00017322, 0.0001732,-0.00299200,buy
2020-04-08,1,0,0,0,2,1,2,0,1,0,0,1,0,0,0,0,0,0,0,1,0,0,0,0,0,1,0,0,0,1,1,0, 0.00139125,-0.00322656, 0.00117848,-0.0000595,-0.00226794,sell
2020-04-09,1,0,0,0,2,2,2,0,1,0,0,1,0,0,0,0,0,0,0,1,0,0,0,1,0,1,0,0,0,1,1,1, 0.00210525,-0.00261558,-0.00119621,-0.0010517,-0.00369466,sell
2020-04-10,1,0,0,0,2,2,1,0,0,0,0,0,1,0,0,0,0,0,0,1,0,0,0,1,0,1,0,0,0,1,1,1,-0.00022949,-0.00415619,-0.00269618,-0.0037224,-0.00267785,sell
2020-04-11,1,0,0,0,2,2,1,0,0,0,0,0,1,0,0,0,0,0,0,1,0,0,0,1,0,1,0,0,0,1,1,1,-0.00022949,-0.00415619,-0.00269618,-0.0037224,-0.00267785,sell
2020-04-12,1,0,0,0,1,2,1,1,0,0,0,0,1,0,0,0,0,0,0,0,1,0,0,1,0,1,0,0,0,1,1,1,-0.00227034,-0.00122328, 0.00503545, 0.0044191,-0.00176097,sell
2020-04-13,1,1,0,0,1,2,1,2,0,0,0,0,1,0,1,0,0,1,0,0,1,0,0,1,0,1,0,1,0,1,0,1,-0.00499646,-0.00220211,-0.00149094,-0.0004261,-0.00283894,sell
2020-04-14,1,2,0,0,1,2,0,2,0,0,0,0,0,0,1,0,0,1,0,0,1,0,0,1,1,1,0,1,0,1,0,1,-0.00284407,-0.00221708,-0.00152183, 0.0027456,-0.00149484,sell
2020-04-15,1,2,0,0,1,2,1,2,0,0,0,0,0,0,1,0,1,1,0,0,1,0,0,1,1,1,0,1,0,1,0,1,-0.00322964, 0.00136509, 0.00299681, 0.0038229, 0.00338521,buy
2020-04-16,1,2,0,0,1,2,2,2,0,0,0,0,0,0,1,1,1,1,0,0,1,0,0,1,1,1,0,1,0,1,0,1,-0.00350986, 0.00158120, 0.00421200, 0.0045580, 0.00302868,buy
2020-04-17,1,2,0,0,0,1,3,1,0,1,0,0,0,0,0,1,1,1,0,0,0,0,0,0,1,1,0,1,0,1,0,1, 0.00209488, 0.00583459, 0.00659240, 0.0053883, 0.00099191,buy
2020-04-18,1,2,0,0,0,1,3,0,0,1,0,0,0,0,0,1,1,0,0,0,0,0,0,0,1,1,0,1,0,1,0,1, 0.00491524, 0.00349184, 0.00045789, 0.0000235,-0.00511097,buy
2020-04-19,1,1,0,0,0,0,2,1,0,1,0,0,0,0,0,1,0,0,0,0,0,1,0,0,1,1,0,0,0,0,0,1,-0.00304792,-0.00604546,-0.00047220,-0.0014507,-0.00378456,sell
2020-04-20,1,1,0,0,0,0,2,1,0,1,0,0,0,0,0,1,0,0,0,0,0,1,0,0,1,1,0,0,0,0,0,1,-0.00304792,-0.00604546,-0.00047220,-0.0014507,-0.00378456,sell
2020-04-21,1,0,0,0,1,0,0,1,0,0,1,0,0,0,0,0,0,0,0,0,0,1,0,0,0,1,0,0,0,0,0,1,-0.00632000,-0.00013054,-0.00314341,-0.0027817,-0.00618748,sell
2020-04-22,1,1,0,0,1,1,0,1,0,0,1,0,0,0,0,0,0,0,0,1,0,1,0,0,0,1,0,0,1,0,0,0,-0.00339209,-0.00370879,-0.00260863,-0.0042683,-0.00550916,sell
2020-04-23,1,1,0,0,1,1,0,1,0,0,1,0,0,0,0,0,0,0,0,1,0,1,0,0,0,1,0,0,1,0,0,0,-0.00339209,-0.00370879,-0.00260863,-0.0042683,-0.00550916,sell
2020-04-24,1,1,0,0,0,1,0,1,0,0,0,1,0,0,0,0,0,0,0,1,0,0,1,0,0,1,0,0,1,0,0,0, 0.00600008, 0.00159913, 0.00000267,-0.0006930,-0.00243156,buy
2020-04-25,1,1,0,0,0,1,0,2,1,0,0,1,0,0,0,0,0,0,0,1,0,0,1,0,0,1,0,0,1,0,0,0,-0.00139756,-0.00333451,-0.00361935,-0.0017034,-0.00285070,sell
2020-04-26,1,1,0,0,0,2,0,2,1,0,0,1,0,0,0,0,1,0,0,1,0,0,1,0,0,1,0,0,1,0,0,0, 0.00506616,-0.00200823,-0.00042109, 0.0006296,-0.00031598,sell
2020-04-27,1,1,0,0,0,1,0,2,1,0,0,0,1,0,0,0,1,0,0,0,0,0,1,0,0,1,0,0,1,0,0,0, 0.00081718,-0.00426225,-0.00161224, 0.0021311,-0.00380753,sell
2020-04-28,1,1,0,0,0,2,0,2,0,0,0,0,1,0,0,1,1,0,0,0,0,0,1,0,0,1,1,0,1,0,0,0,-0.00453205,-0.00586243,-0.00573153,-0.0041448,-0.00589684,sell
2020-04-29,0,1,0,0,0,2,0,2,0,0,1,0,1,0,0,1,0,0,0,0,0,0,0,0,0,0,1,0,1,0,0,0, 0.00058797, 0.00154205, 0.00155343,-0.0009488,-0.00045254,buy
2020-04-30,0,1,0,0,0,2,0,1,0,0,1,0,0,0,1,1,0,0,0,0,0,0,0,0,0,0,1,0,1,0,0,0,-0.00065639, 0.00262204, 0.00004052, 0.0003489,-0.00080365,buy
2020-05-01,0,0,0,0,0,1,0,1,0,0,1,0,0,0,1,0,0,0,0,0,0,0,0,0,0,0,1,0,0,0,0,0, 0.00030616, 0.00503138,-0.00064307, 0.0004183,-0.00075364,buy
2020-05-02,0,0,0,0,0,0,0,1,0,0,0,0,0,0,1,0,0,0,0,0,0,0,0,0,0,0,1,0,0,0,0,0,-0.00369964,-0.00196257,-0.00485070,-0.0038499,-0.00450780,sell
2020-05-03,0,0,0,0,0,1,0,1,0,0,0,0,0,1,0,0,0,0,0,0,0,0,0,0,0,0,1,0,0,0,1,0, 0.00250215, 0.00429059, 0.00158091, 0.0030787, 0.00402123,buy
2020-05-04,0,0,0,0,0,1,0,1,0,0,0,0,0,1,0,0,0,0,0,0,0,0,0,0,0,0,1,0,0,0,1,0, 0.00250215, 0.00429059, 0.00158091, 0.0030787, 0.00402123,buy
2020-05-05,0,0,0,0,2,1,0,1,0,0,0,0,0,1,0,0,1,0,0,0,0,0,0,1,0,0,1,0,0,0,1,0, 0.00045975, 0.00031696, 0.00183970, 0.0029682, 0.00339978,buy
2020-05-06,0,0,0,0,3,1,1,1,0,0,1,0,0,1,0,1,1,0,0,0,0,0,0,1,0,0,1,0,0,0,1,0,-0.00051255, 0.00110498, 0.00185522, 0.0013815, 0.00379914,buy
2020-05-07,0,0,0,0,3,1,1,1,0,0,1,0,0,0,0,1,1,0,0,0,0,0,0,1,0,0,1,0,0,0,1,0, 0.00096266, 0.00174600,-0.00292245, 0.0019808, 0.00019477,buy
2020-05-08,1,0,0,0,2,1,2,1,0,0,1,1,0,0,0,1,0,0,0,1,0,0,0,1,0,0,1,0,0,0,1,0, 0.00166916, 0.00369699, 0.00130180, 0.0037630, 0.00150611,buy
2020-05-09,2,0,0,0,2,1,1,2,1,1,0,1,0,0,0,0,0,0,0,1,0,0,0,1,0,0,1,0,0,1,1,0, 0.00443177, 0.00094913, 0.00248517, 0.0030203, 0.00327483,buy
2020-05-10,2,0,0,0,2,1,1,2,1,1,0,1,0,0,0,0,0,0,0,1,0,0,0,1,0,0,1,0,0,1,1,1,-0.00347653,-0.00298085,-0.00398477, 0.0013745, 0.00119900,sell
2020-05-11,2,0,0,0,2,1,1,2,1,1,0,0,1,0,0,0,0,0,0,1,0,0,0,1,0,0,1,0,0,1,1,1,-0.00221843,-0.00083210,-0.00102257, 0.0024615, 0.00152625,sell
2020-05-12,1,0,0,0,2,1,1,2,0,1,0,0,1,0,0,0,0,0,0,1,0,0,0,1,0,0,1,0,0,1,1,1, 0.00166871,-0.00187861,-0.00061874,-0.0004157, 0.00017237,sell
2020-05-13,2,0,0,0,2,1,0,1,0,0,0,0,1,0,0,0,0,0,0,0,1,0,0,1,0,0,1,0,0,1,1,1, 0.00108723,-0.00212356, 0.00027027, 0.0023092,-0.00043178,buy
2020-05-14,1,0,0,0,2,1,0,1,0,0,0,0,0,0,1,0,0,0,0,0,1,0,0,0,0,0,1,0,0,1,1,1,-0.00328360,-0.00357664, 0.00191589, 0.0029679,-0.00012587,sell
2020-05-15,2,1,0,0,1,1,0,1,0,0,0,1,0,0,1,0,0,1,0,0,1,0,0,0,0,0,1,0,0,0,1,1,-0.00177336,-0.00226585,-0.00272848, 0.0006336, 0.00184095,sell
2020-05-16,2,2,0,0,1,1,0,1,1,0,0,1,0,0,1,0,0,1,0,0,1,0,0,0,0,0,1,0,0,0,1,1,-0.00075461, 0.00042692,-0.00208004, 0.0034317, 0.00121524,buy
2020-05-17,2,2,0,0,0,1,0,1,1,0,0,1,0,0,0,0,0,1,0,0,1,0,0,0,0,0,1,0,0,0,1,1,-0.00031915, 0.00101434,-0.00124941, 0.0045680, 0.00011398,buy
2020-05-18,1,1,0,0,0,1,0,1,1,0,0,0,0,0,0,0,0,1,0,0,0,0,0,0,0,0,1,0,0,0,1,1, 0.00279839, 0.00366195, 0.00152707, 0.0029973, 0.00052237,buy
2020-05-19,1,2,0,0,0,1,0,1,1,0,0,0,1,0,0,0,0,1,0,0,0,0,0,0,0,0,1,0,0,0,1,0, 0.00178661, 0.00312876, 0.00197537, 0.0056436, 0.00141370,buy
2020-05-20,1,1,0,0,0,1,0,1,0,0,0,0,1,0,0,0,0,0,0,0,0,1,0,0,0,0,1,0,0,0,1,0, 0.00592734, 0.00075333,-0.00211143, 0.0021596, 0.00455691,buy
2020-05-21,1,1,0,0,0,0,0,2,0,0,1,0,1,0,0,1,0,0,0,0,0,1,0,0,0,0,1,0,0,0,0,0,-0.00255700,-0.00110916, 0.00172030,-0.0014118,-0.00120139,sell
2020-05-22,1,0,0,0,0,1,0,2,0,0,1,0,0,0,1,1,0,0,0,0,0,1,0,0,0,0,1,0,0,0,0,0,-0.00179619,-0.00035132,-0.00006427,-0.0021486, 0.00061206,sell
2020-05-23,1,0,1,0,0,1,0,2,0,0,1,1,0,0,1,1,0,0,0,0,0,1,0,0,0,0,1,0,0,0,0,0,-0.00296272,-0.00209485,-0.00038736,-0.0048810, 0.00134235,sell
2020-05-24,1,0,1,0,0,1,0,1,0,0,0,1,0,0,1,0,1,0,0,0,0,1,0,0,0,0,1,0,0,0,0,0,-0.00425148,-0.00040286,-0.00254206, 0.0001911,-0.00325223,sell
2020-05-25,0,1,2,0,0,1,0,1,1,0,0,1,0,0,1,0,1,0,0,0,0,0,0,0,0,0,1,0,1,0,0,0, 0.00008360,-0.00089014, 0.00010038, 0.0002166, 0.00187665,buy
2020-05-26,0,1,2,0,0,0,0,0,1,0,0,1,0,0,0,0,1,0,0,0,0,0,0,0,0,0,0,0,1,0,0,0,-0.00164489,-0.00274127,-0.00200927,-0.0016449,-0.00052680,sell
2020-05-27,0,1,1,0,1,0,0,0,1,0,0,0,0,0,0,0,1,0,0,0,0,0,1,0,0,0,0,0,1,0,0,0, 0.00050177, 0.00065546,-0.00380623, 0.0006793, 0.00008577,buy
2020-05-28,0,2,2,0,1,0,0,0,1,0,0,0,1,0,0,0,1,0,0,0,1,0,1,0,0,0,0,0,1,0,0,0,-0.00065609,-0.00064119,-0.00318649, 0.0012648,-0.00049416,sell
2020-05-29,0,2,1,0,1,0,0,0,0,0,0,0,1,0,0,0,0,0,0,0,1,0,1,0,0,0,0,0,1,0,0,0,-0.00050754,-0.00156529,-0.00251776, 0.0031118, 0.00032426,sell
2020-05-30,0,3,1,0,1,0,0,0,0,0,0,0,1,0,0,0,0,1,0,0,1,0,1,0,0,0,0,0,1,0,0,0,-0.00170878,-0.00197101,-0.00333472, 0.0014336,-0.00008022,sell
2020-05-31,0,3,1,0,1,0,0,1,0,0,0,0,1,0,0,0,0,1,1,0,1,0,1,0,0,0,0,0,1,0,0,0,-0.00282455,-0.00015977,-0.00294262, 0.0043087, 0.00066981,sell
2020-06-01,0,3,0,0,0,0,0,2,0,0,0,0,0,0,0,0,0,1,1,0,1,0,0,0,0,1,0,0,1,0,0,0, 0.00074870, 0.00470741, 0.00189268, 0.0032564, 0.00140323,buy
2020-06-02,0,2,0,0,0,0,0,2,0,0,0,0,0,0,0,0,0,1,1,0,0,0,0,0,0,1,0,0,1,1,0,0, 0.00408382, 0.00365882, 0.00142454, 0.0050270, 0.00441550,buy
2020-06-03,0,2,0,0,0,0,1,2,0,0,0,0,0,0,1,0,0,1,1,0,0,0,0,0,1,1,0,0,0,1,0,0,-0.00006102,-0.00066311, 0.00255768,-0.0016755, 0.00446958,buy
2020-06-04,0,2,0,0,0,0,1,2,0,0,0,0,0,0,1,0,0,0,1,0,0,1,0,0,1,1,0,0,0,1,0,0, 0.00200640, 0.00009484, 0.00519446,-0.0010925, 0.00560704,buy
2020-06-05,0,2,0,0,0,0,1,1,0,0,0,0,0,0,1,0,0,0,1,0,0,1,0,0,1,0,0,0,0,1,0,0, 0.00308809, 0.00197525, 0.00403518,-0.0016598, 0.00297917,buy
2020-06-06,0,3,0,0,1,0,1,1,0,0,0,0,0,0,1,1,0,0,1,0,0,1,0,0,1,0,0,1,0,0,0,0,-0.00495049,-0.00505846,-0.00413762,-0.0072923,-0.00482977,sell
2020-06-07,0,3,0,0,1,0,1,1,0,0,0,0,0,0,1,1,0,0,1,0,0,1,0,0,1,0,0,1,0,0,0,0,-0.00495049,-0.00505846,-0.00413762,-0.0072923,-0.00482977,sell
2020-06-08,0,3,0,0,2,0,1,1,0,0,0,0,0,0,1,1,0,0,1,0,0,1,0,0,1,0,0,1,0,0,1,0,-0.00756485,-0.00854409,-0.00613205,-0.0072098,-0.00548735,sell
2020-06-09,0,2,0,0,2,0,0,2,0,0,0,0,0,0,0,1,0,0,1,1,0,0,0,0,1,0,0,1,0,0,1,0,-0.00446076,-0.00640611,-0.00204060,-0.0042563,-0.00404355,sell
2020-06-10,0,2,0,0,1,0,0,2,0,0,0,0,0,0,0,0,0,0,1,1,0,0,0,0,1,0,0,1,0,0,1,0,-0.00364652,-0.00638154,-0.00161687,-0.0042778,-0.00372426,sell
2020-06-11,0,2,0,0,1,0,0,2,0,0,0,0,0,0,0,0,0,0,1,1,0,0,0,0,1,0,0,1,0,0,1,0,-0.00364652,-0.00638154,-0.00161687,-0.0042778,-0.00372426,sell
2020-06-12,0,1,0,0,1,1,0,2,0,0,0,0,0,0,0,0,0,0,1,1,0,0,1,0,0,0,0,1,0,0,1,0, 0.00307365,-0.00276323, 0.00496734, 0.0029047, 0.00008136,buy
2020-06-13,0,1,1,0,1,1,0,2,0,0,0,0,0,0,0,0,0,0,1,1,1,0,1,0,0,0,0,1,0,0,1,0, 0.00442849,-0.00301884, 0.00606751, 0.0026347, 0.00099900,buy
2020-06-14,0,1,2,0,1,1,0,0,0,0,0,0,0,0,0,0,0,1,0,0,1,0,1,0,0,0,0,1,0,0,1,0,-0.00127402,-0.00155154, 0.00072065,-0.0031983,-0.00265811,sell
2020-06-15,0,0,2,0,2,1,0,0,0,0,0,0,0,0,0,0,0,1,0,0,1,0,1,0,0,0,0,0,0,0,1,1,-0.00201074,-0.00405447,-0.00104389,-0.0029142,-0.00173334,sell
2020-06-16,0,0,2,0,1,1,0,0,0,0,0,0,0,0,0,0,0,1,0,0,1,0,1,0,0,0,0,0,0,0,0,1,-0.00088149,-0.00254300,-0.00159971,-0.0016104,-0.00091242,sell
2020-06-17,0,0,2,0,1,1,0,0,0,0,0,0,0,0,0,0,0,1,0,0,1,0,1,0,0,0,0,0,0,0,0,1,-0.00088149,-0.00254300,-0.00159971,-0.0016104,-0.00091242,sell
2020-06-18,0,0,1,0,1,0,0,0,0,0,0,0,0,0,0,0,0,1,0,0,0,0,0,0,0,0,0,0,0,0,0,1,-0.00045350,-0.00518401,-0.00181411,-0.0038340, 0.00150168,sell
2020-06-19,0,0,1,0,1,0,0,0,0,0,0,0,0,0,0,0,0,0,0,0,0,1,0,0,0,0,0,0,0,0,0,1,-0.00614965, 0.00073490,-0.00215382, 0.0017149,-0.00264778,sell
2020-06-20,0,0,1,0,1,0,0,0,0,0,0,0,0,0,0,0,0,0,0,0,0,1,0,0,0,0,0,0,0,0,0,1,-0.00614965, 0.00073490,-0.00215382, 0.0017149,-0.00264778,sell
2020-06-21,0,0,1,0,1,0,0,0,0,0,0,0,0,0,0,0,0,0,0,0,0,1,0,0,0,0,0,0,0,0,0,1,-0.00614965, 0.00073490,-0.00215382, 0.0017149,-0.00264778,sell
2020-06-22,0,0,1,0,0,0,0,0,0,0,0,0,0,0,0,0,0,0,0,0,0,1,0,0,0,0,0,0,0,0,0,0,-0.00383559, 0.00134833,-0.00623736, 0.0001774,-0.00241670,sell
2020-06-23,0,0,1,0,0,0,0,0,0,0,0,0,0,0,0,0,0,0,0,0,0,1,0,0,0,0,0,0,0,0,0,0,-0.00383559, 0.00134833,-0.00623736, 0.0001774,-0.00241670,sell
2020-06-24,0,0,0,0,1,0,0,0,0,0,0,0,0,0,0,0,0,0,0,0,0,0,0,0,0,0,0,0,0,1,0,0,-0.00174569,-0.00184580,-0.00243020,-0.0071517,-0.00707010,sell
2020-06-25,0,0,0,0,1,0,0,0,0,0,0,0,0,0,0,0,0,0,0,0,0,0,0,0,0,0,0,0,0,1,0,0,-0.00174569,-0.00184580,-0.00243020,-0.0071517,-0.00707010,sell
2020-06-26,0,0,0,0,1,0,0,0,0,0,0,0,0,0,0,0,0,0,0,0,0,0,0,0,0,0,0,0,0,1,0,0,-0.00174569,-0.00184580,-0.00243020,-0.0071517,-0.00707010,sell
2020-06-27,0,0,0,0,1,0,1,0,0,0,0,0,0,0,1,0,1,0,0,0,0,0,0,0,0,0,0,0,0,1,0,0,-0.00102962, 0.00217994,-0.00076259, 0.0043904,-0.00202331,buy
2020-06-28,0,0,0,0,1,0,1,0,0,0,0,0,0,0,1,0,1,0,0,0,0,0,0,0,0,0,0,0,0,1,0,0,-0.00102962, 0.00217994,-0.00076259, 0.0043904,-0.00202331,buy
2020-06-29,0,0,0,0,0,0,2,0,0,0,0,0,0,1,1,0,1,0,0,0,0,0,1,0,0,0,0,0,0,0,0,0,-0.00228561, 0.00190399,-0.00255998, 0.0027966,-0.00065900,sell
2020-06-30,0,0,0,0,0,0,2,0,0,0,0,0,0,1,1,0,1,0,0,0,0,0,1,0,0,0,0,0,0,0,0,0,-0.00228561, 0.00190399,-0.00255998, 0.0027966,-0.00065900,sell
2020-07-01,0,0,0,0,0,0,2,0,0,0,0,0,0,1,1,0,1,0,0,0,0,0,1,1,0,0,0,0,0,0,0,0,-0.00264193, 0.00200463,-0.00299026,-0.0004799,-0.00039959,sell
2020-07-02,0,0,0,0,0,0,2,0,0,0,0,0,0,1,1,0,0,0,0,0,0,0,1,1,0,0,0,0,0,0,0,0,-0.00147661, 0.00096457,-0.00457906, 0.0013850, 0.00119838,buy
2020-07-03,0,1,0,0,1,0,2,0,0,0,0,0,0,0,1,1,0,0,0,0,0,0,1,1,1,0,0,0,0,0,0,0, 0.00492823, 0.00040003, 0.00422752, 0.0009472,-0.00117872,buy
2020-07-04,0,2,0,0,1,0,1,0,0,0,0,0,0,0,1,1,0,0,0,0,0,0,0,1,1,0,0,1,0,0,0,0, 0.00049099,-0.00251833,-0.00131888,-0.0000073, 0.00134490,sell
2020-07-05,0,2,0,0,1,0,0,0,0,0,0,0,0,0,0,1,0,0,0,0,0,0,0,1,1,0,0,1,0,0,0,0, 0.00165395, 0.00490411, 0.00075735, 0.0039496, 0.00373670,buy
2020-07-06,0,2,0,0,1,0,0,1,0,1,0,0,0,0,0,1,0,0,0,0,0,0,0,1,1,0,0,1,0,0,0,0, 0.00120643,-0.00065438, 0.00221476, 0.0036585, 0.00266797,buy
2020-07-07,0,2,0,0,2,0,0,1,0,1,0,0,0,0,0,1,0,0,0,0,0,0,0,1,1,0,0,1,0,0,1,0,-0.00152113,-0.00516404,-0.00220841, 0.0039853,-0.00040063,sell
2020-07-08,0,2,0,0,2,0,0,1,0,1,0,0,0,0,0,1,0,0,0,0,0,0,0,1,1,0,0,1,0,0,1,0,-0.00152113,-0.00516404,-0.00220841, 0.0039853,-0.00040063,sell
2020-07-09,0,2,0,0,1,0,0,1,0,1,0,0,0,0,0,0,0,0,0,0,0,0,0,1,1,0,0,1,0,0,1,0,-0.00085128,-0.00738411,-0.00380326, 0.0029353,-0.00013585,sell
2020-07-10,1,2,0,0,1,0,1,1,0,1,0,0,0,0,0,0,0,0,0,1,0,0,0,0,1,1,0,1,0,0,1,0,-0.00393074,-0.00545144,-0.00430297,-0.0015516,-0.00322038,sell
2020-07-11,1,2,0,0,1,0,1,1,0,1,0,0,0,0,0,0,0,0,0,1,0,0,0,0,1,1,0,1,0,0,1,0,-0.00393074,-0.00545144,-0.00430297,-0.0015516,-0.00322038,sell
2020-07-12,1,1,0,1,1,0,1,0,0,0,0,0,0,0,0,0,0,1,0,1,0,0,0,0,0,1,0,1,0,0,1,0,-0.00439967,-0.00040141, 0.00314039,-0.0002705, 0.00200098,buy
2020-07-13,1,1,0,2,1,0,1,0,0,0,0,0,0,0,0,0,0,1,0,1,1,0,0,0,0,1,0,1,0,0,1,0,-0.00574758,-0.00113230,-0.00607854,-0.0018670,-0.00048446,sell
2020-07-14,1,0,0,2,1,0,1,0,0,0,0,0,0,0,0,0,0,1,0,1,1,0,0,0,0,1,0,0,0,0,1,0,-0.00178769,-0.00109945, 0.00068088, 0.0027061, 0.00041799,sell
2020-07-15,0,1,0,2,1,0,1,0,0,0,0,0,0,0,0,0,0,1,0,0,1,0,0,0,0,1,0,0,1,0,1,0,-0.00078850,-0.00230359, 0.00002962, 0.0001466,-0.00125993,sell
2020-07-16,0,1,0,2,0,0,0,0,0,0,0,0,0,0,0,0,0,1,0,0,1,0,0,0,0,0,0,0,1,0,0,0,-0.00298539,-0.00033283,-0.00016302,-0.0039164, 0.00046819,sell
2020-07-17,0,1,0,1,0,0,0,0,0,0,0,0,0,0,0,0,0,0,0,0,1,0,0,0,0,0,0,0,1,0,0,0, 0.00366585, 0.00422552, 0.00540175, 0.0062921, 0.00264473,buy
2020-07-18,0,1,0,0,0,0,0,0,0,0,0,0,0,0,0,0,0,0,0,0,0,0,0,0,0,0,0,0,1,0,0,0, 0.00506997, 0.00351073, 0.00116034, 0.0058146, 0.00301411,buy
2020-07-19,0,1,0,1,0,0,0,0,0,0,0,0,0,0,0,0,0,0,0,0,0,1,0,0,0,0,0,0,1,0,0,0,-0.00085509, 0.00427187,-0.00419186,-0.0004798,-0.00432119,sell
2020-07-20,0,1,0,1,0,1,1,0,0,0,0,0,0,0,1,0,0,0,0,0,0,1,0,0,0,0,0,0,1,1,0,0, 0.00549552, 0.00416389, 0.00018522, 0.0001989, 0.00163252,buy
2020-07-21,0,1,0,1,0,1,1,0,0,0,0,0,0,0,1,0,0,0,0,0,0,1,0,0,0,0,0,0,1,1,0,0, 0.00549552, 0.00416389, 0.00018522, 0.0001989, 0.00163252,buy
2020-07-22,0,0,0,1,0,1,1,0,0,0,0,0,0,0,1,0,0,0,0,0,0,1,0,0,0,0,0,0,0,1,0,0, 0.00144573, 0.00083605, 0.00083609,-0.0005895,-0.00165204,buy
2020-07-23,0,0,0,0,0,1,1,0,0,0,0,0,0,0,1,0,0,0,0,0,0,0,0,0,0,0,0,0,0,1,0,0,-0.00591506,-0.00829440,-0.00621439,-0.0071462,-0.00628496,sell
2020-07-24,0,0,0,0,0,1,1,0,0,0,0,0,0,0,1,0,0,0,0,0,0,0,0,0,0,0,0,0,0,1,0,0,-0.00591506,-0.00829440,-0.00621439,-0.0071462,-0.00628496,sell
2020-07-25,0,0,1,0,0,1,0,2,0,1,0,0,0,0,0,0,0,0,0,0,0,0,0,0,1,0,1,0,0,1,0,0, 0.00786725, 0.00093778, 0.00035653, 0.0040997, 0.00393009,buy
2020-07-26,0,1,1,0,0,1,0,2,0,1,0,0,0,0,0,0,0,0,0,1,0,0,0,0,1,0,1,0,0,1,0,0, 0.00458276,-0.00258510,-0.00267049,-0.0011963, 0.00087420,sell
2020-07-27,0,1,1,0,0,1,0,2,0,1,0,0,0,0,0,0,0,0,0,1,0,0,0,0,1,0,1,0,0,1,0,0, 0.00458276,-0.00258510,-0.00267049,-0.0011963, 0.00087420,sell
2020-07-28,0,1,2,0,0,1,0,2,0,1,0,0,0,0,0,0,0,0,0,1,0,0,0,0,1,0,1,1,0,1,0,0, 0.00307796, 0.00016500,-0.00024884,-0.0027171, 0.00008788,buy
2020-07-29,1,1,2,1,0,1,0,2,1,1,1,0,0,0,0,0,0,0,0,1,0,0,0,0,1,0,1,1,0,1,0,0, 0.00474213, 0.00245236,-0.00010401,-0.0004984, 0.00094959,buy
2020-07-30,1,1,1,1,1,1,0,1,1,0,1,0,0,0,0,0,0,0,0,1,0,0,0,0,0,0,1,1,0,1,0,1, 0.00227421, 0.00156837,-0.00069958,-0.0039904,-0.00044738,sell
2020-07-31,1,0,1,2,2,2,0,1,1,0,1,1,0,0,0,1,0,0,0,0,0,0,1,0,0,0,0,1,0,1,1,1, 0.00079928, 0.00093116, 0.00808044, 0.0035935, 0.00618536,buy
2020-08-01,0,0,1,1,2,2,0,1,0,0,0,1,0,0,0,1,1,0,0,0,0,0,1,0,0,0,0,1,0,1,1,1, 0.00135563,-0.00338612, 0.00749487, 0.0000784, 0.00394192,buy
2020-08-02,0,0,2,2,2,2,0,1,0,0,0,1,1,0,0,1,1,0,0,0,0,0,1,0,0,0,0,1,1,1,1,1, 0.00264146,-0.00275547, 0.00545684,-0.0008139, 0.00265558,buy
2020-08-03,0,0,1,1,2,2,0,1,0,0,0,0,1,0,0,1,1,0,0,0,0,0,1,0,0,0,0,0,1,1,1,1,-0.00397220,-0.00404036, 0.00064641,-0.0031265, 0.00145679,sell
2020-08-04,0,0,1,1,2,2,0,1,0,0,0,0,1,0,0,1,1,0,0,0,0,0,1,0,0,0,0,0,1,1,1,1,-0.00397220,-0.00404036, 0.00064641,-0.0031265, 0.00145679,sell
2020-08-05,0,0,1,0,1,2,0,0,0,0,0,0,0,0,0,0,0,0,0,0,0,0,0,0,0,0,0,0,1,1,1,1,-0.00397791,-0.00153163,-0.00364048,-0.0020941,-0.00223274,sell
2020-08-06,0,1,1,0,1,1,0,0,0,0,1,0,0,0,0,0,0,0,0,0,0,0,0,0,0,0,0,0,1,1,0,1,-0.00179258,-0.00014274,-0.00254970,-0.0022184,-0.00321507,sell
2020-08-07,0,1,0,0,1,1,0,0,0,0,1,0,0,0,0,0,0,0,0,0,0,0,0,0,0,0,0,0,0,1,0,1, 0.00132635,-0.00105747,-0.00024436,-0.0009195,-0.00366699,sell
2020-08-08,0,1,0,0,1,1,0,0,0,0,1,0,0,0,0,0,0,0,0,0,0,0,0,0,0,0,0,0,0,1,0,1, 0.00132635,-0.00105747,-0.00024436,-0.0009195,-0.00366699,sell
2020-08-09,0,0,1,0,0,1,0,1,0,0,0,0,0,0,1,0,0,1,0,0,0,0,0,0,0,0,0,0,0,1,0,0, 0.00231120, 0.00661573, 0.00242282, 0.0032448, 0.00398670,buy
2020-08-10,0,0,2,0,0,1,0,1,0,0,0,0,0,0,1,0,0,1,0,1,0,0,0,0,0,0,0,0,0,1,0,0, 0.00372838, 0.00057937,-0.00552685, 0.0039847, 0.00506024,buy
2020-08-11,0,0,2,0,0,1,0,1,0,0,0,0,0,0,1,0,0,1,0,1,0,0,0,0,0,0,0,0,0,1,0,0, 0.00372838, 0.00057937,-0.00552685, 0.0039847, 0.00506024,buy
2020-08-12,0,0,2,0,0,1,0,0,0,0,0,0,0,0,0,0,0,1,0,1,0,0,0,0,0,0,0,0,0,1,0,0, 0.00324530, 0.00145363,-0.00635742, 0.0045094, 0.00344680,buy
2020-08-13,1,0,4,0,0,1,0,0,1,0,0,0,0,0,0,0,0,1,1,1,1,0,0,0,0,0,0,0,0,1,0,0,-0.00148181,-0.00265844,-0.00513956,-0.0013497,-0.00189211,sell
2020-08-14,1,0,4,0,0,1,0,0,1,0,1,0,0,0,0,0,0,0,1,1,1,0,0,0,0,0,0,0,0,1,0,0,-0.00587219,-0.00490045,-0.00557148,-0.0024942,-0.00500740,sell
2020-08-15,1,0,4,0,0,2,0,0,1,0,1,1,0,1,0,1,0,0,1,0,1,0,0,0,0,0,0,0,0,1,0,0,-0.00497200,-0.00402424,-0.00494471,-0.0032155,-0.00546841,sell
2020-08-16,2,0,3,0,0,2,1,0,0,1,1,1,0,1,0,1,0,0,1,0,1,0,0,0,0,0,0,0,0,1,1,0, 0.00213089, 0.00512346, 0.00215736, 0.0047386, 0.00103739,buy
2020-08-17,2,0,4,0,0,2,1,0,0,1,0,1,1,1,0,1,0,0,1,0,1,1,0,0,0,0,0,0,0,1,1,0, 0.00313032, 0.00563427,-0.00099968,-0.0010337,-0.00402787,sell
2020-08-18,2,0,2,0,0,2,1,0,0,1,0,0,1,1,0,1,0,0,1,0,0,1,0,0,0,0,0,0,0,1,1,0, 0.00330625, 0.00570387, 0.00184684, 0.0038460,-0.00052506,buy
2020-08-19,1,0,2,0,0,1,1,0,0,0,0,0,1,1,0,0,0,0,1,0,0,1,0,0,0,0,0,0,0,1,1,0, 0.00065940, 0.00042845,-0.00216968,-0.0005044,-0.00061018,sell
2020-08-20,0,1,1,0,0,1,1,0,1,0,0,0,0,0,0,0,0,0,0,0,0,1,0,0,0,0,0,0,0,1,1,0,-0.00561942,-0.00219968,-0.00676311,-0.0059815,-0.00295973,sell
2020-08-21,0,1,1,0,1,1,0,0,1,0,0,0,0,0,0,0,1,0,0,0,0,1,0,0,0,0,0,0,0,1,0,0, 0.00172550, 0.00665465,-0.00061846, 0.0030979, 0.00056635,buy
2020-08-22,0,1,0,0,1,1,0,0,1,0,0,0,0,0,0,0,1,0,0,0,0,0,0,0,0,0,0,0,0,1,0,0, 0.00285029, 0.00598433,-0.00247780, 0.0023655,-0.00117090,buy
2020-08-23,0,2,0,0,1,1,0,0,0,0,0,1,0,0,0,0,1,1,0,0,0,0,0,0,0,0,0,0,0,1,0,0,-0.00210502,-0.00205253,-0.00440256,-0.0036475,-0.00282866,sell
2020-08-24,1,4,0,1,0,1,0,0,0,1,0,1,1,0,1,0,0,1,0,0,0,0,0,0,1,0,0,0,0,1,0,0, 0.00290887,-0.00109895, 0.00046078,-0.0018632,-0.00375550,sell
2020-08-25,1,4,0,1,0,1,0,0,0,1,0,1,1,0,1,0,0,1,0,0,0,0,0,0,1,0,0,0,0,1,0,0, 0.00290887,-0.00109895, 0.00046078,-0.0018632,-0.00375550,sell
2020-08-26,2,3,0,1,0,1,0,0,0,1,0,0,1,0,1,0,0,1,0,0,0,0,0,0,1,0,1,0,0,1,0,0,-0.00453854,-0.00468258,-0.00459299,-0.0048027,-0.00268900,sell
2020-08-27,1,3,0,1,0,1,0,0,0,1,0,0,1,0,0,0,0,1,0,0,0,0,0,0,1,0,1,0,0,1,0,0, 0.00182937,-0.00251463,-0.00236377, 0.0022369, 0.00179199,buy
2020-08-28,2,1,0,1,1,1,0,0,1,0,0,0,0,0,0,0,0,0,0,0,1,0,0,1,0,0,1,1,0,1,0,0,-0.00222995,-0.00454852,-0.00245762, 0.0007615,-0.00108239,sell
2020-08-29,2,1,0,2,1,1,0,0,1,0,1,0,0,0,0,0,0,0,0,0,1,0,0,1,0,0,1,1,0,1,0,0, 0.00257338, 0.00356273, 0.00200620, 0.0008841, 0.00170267,buy
2020-08-30,1,1,0,2,1,1,0,0,1,0,1,0,0,0,0,0,0,0,0,0,1,0,0,1,0,0,0,1,0,1,0,0, 0.00736608, 0.00592772, 0.00659409, 0.0046714, 0.00681322,buy
2020-08-31,2,2,0,3,1,2,0,0,0,0,1,1,0,0,0,0,1,0,0,0,1,1,1,1,0,0,0,1,1,1,0,0, 0.00314098, 0.00254893, 0.00521609, 0.0025754, 0.00469335,buy
2020-09-01,2,3,0,2,1,2,1,0,0,0,0,1,0,0,1,1,1,0,0,0,1,1,1,1,0,0,0,1,1,1,0,0, 0.00205510, 0.00494406, 0.00610503, 0.0046778, 0.00251844,buy
2020-09-02,3,3,0,1,1,2,1,1,0,0,0,1,1,0,1,1,1,0,1,0,0,1,1,1,0,1,0,0,1,1,0,0, 0.00139784, 0.00055914,-0.00034585, 0.0046168,-0.00427771,buy
2020-09-03,2,3,1,1,1,2,1,1,0,1,0,0,1,0,1,1,1,0,1,0,0,1,1,1,0,1,0,0,1,1,0,0,-0.00002267,-0.00179939,-0.00037221,-0.0027608,-0.00112649,sell
2020-09-04,2,3,1,1,1,2,1,1,0,1,0,0,1,0,1,1,1,0,1,0,0,1,1,1,0,1,0,0,1,1,0,0,-0.00002267,-0.00179939,-0.00037221,-0.0027608,-0.00112649,sell
2020-09-05,0,1,1,0,0,1,1,1,0,1,0,0,0,0,0,1,0,0,1,0,0,0,0,0,0,1,0,0,0,1,0,0, 0.01011837, 0.01016190, 0.00626427, 0.0005857,-0.00254692,buy
2020-09-06,0,1,0,0,0,1,1,1,0,0,0,0,0,0,0,1,0,0,1,0,0,0,0,0,0,1,0,0,0,1,0,0, 0.00719661, 0.00710095, 0.00782351, 0.0078538, 0.00030052,buy
2020-09-07,1,1,0,0,0,1,1,0,0,0,0,0,0,0,0,1,0,1,1,0,0,0,0,0,0,0,0,0,0,1,0,0,-0.00240757,-0.00062711, 0.00191738,-0.0001400, 0.00057043,buy
2020-09-08,1,1,0,0,0,1,1,0,0,0,0,0,0,0,0,1,0,1,0,0,0,0,0,0,0,0,1,0,0,1,0,0, 0.00196308, 0.00413155, 0.00330152, 0.0008038, 0.00209088,buy
2020-09-09,1,1,0,1,0,1,0,0,0,0,0,0,0,0,0,0,0,1,0,1,0,0,0,0,0,0,1,0,0,1,0,0, 0.00291386, 0.00107230,-0.00047181, 0.0042835,-0.00189316,buy
2020-09-10,1,1,0,1,0,1,0,0,0,0,0,0,0,0,0,0,0,1,0,1,0,0,0,0,0,0,1,0,0,1,0,0, 0.00291386, 0.00107230,-0.00047181, 0.0042835,-0.00189316,buy
2020-09-11,1,1,1,1,0,1,0,0,0,0,0,0,0,0,1,0,0,1,0,1,0,0,0,0,0,0,1,0,0,1,0,0, 0.00316210,-0.00123427,-0.00133029, 0.0048853, 0.00148669,buy
2020-09-12,1,1,1,1,0,1,0,0,0,0,0,0,0,0,1,0,0,0,0,1,1,0,0,0,0,0,1,0,0,1,0,0,-0.00573877,-0.00609007,-0.00257368,-0.0037137,-0.00553288,sell
2020-09-13,1,0,1,1,0,1,1,1,0,0,0,0,0,0,1,0,1,0,0,1,1,0,0,0,0,0,0,0,0,1,1,0,-0.00436534, 0.00180896,-0.00619133,-0.0030247, 0.00587453,sell
2020-09-14,1,0,0,0,0,1,1,1,0,0,0,0,0,0,0,0,1,0,0,0,1,0,0,0,0,0,0,0,0,1,1,0, 0.00092173, 0.00228025, 0.00326135,-0.0016647, 0.00083830,buy
2020-09-15,2,1,0,0,0,1,1,1,0,0,0,0,0,0,0,0,1,0,0,0,1,1,1,0,0,0,0,0,0,1,1,0,-0.00518884,-0.00361444,-0.00610775,-0.0038159,-0.00061521,sell
2020-09-16,2,1,0,0,0,0,1,2,1,0,0,0,0,0,0,0,1,0,0,0,1,1,1,0,0,0,0,0,0,0,1,0, 0.00428600, 0.00466852,-0.00344517, 0.0026524, 0.00423477,buy
2020-09-17,2,1,1,0,0,0,1,2,1,0,1,0,0,0,0,0,1,0,0,0,1,1,1,0,0,0,0,0,0,0,1,0, 0.00823417, 0.00440075, 0.00459087, 0.0050450, 0.00484561,buy
2020-09-18,1,1,2,0,0,0,0,1,1,0,1,0,0,0,0,0,0,0,1,0,0,1,1,0,0,0,0,0,0,0,0,0,-0.00546616,-0.00320880, 0.00016847,-0.0000730, 0.00057612,sell
2020-09-19,1,1,2,0,0,0,0,1,0,0,1,1,0,0,0,0,0,0,1,0,0,1,1,0,0,0,0,0,0,0,0,1,-0.00574227,-0.00266924, 0.00559945,-0.0034049, 0.00175154,sell
2020-09-20,0,0,3,0,0,0,0,1,0,0,1,1,0,0,0,0,0,0,1,0,0,0,0,0,1,0,0,0,0,0,0,1, 0.00137397, 0.00295266, 0.00481898, 0.0028260, 0.00284364,buy
2020-09-21,0,0,3,0,0,0,0,2,0,0,0,1,1,0,0,0,0,0,1,0,0,0,0,0,1,0,1,0,0,0,0,1, 0.00687714, 0.00959721, 0.00820401, 0.0089083, 0.00916678,buy
2020-09-22,0,0,2,0,0,0,0,2,0,0,0,1,1,0,0,0,0,0,0,0,0,0,0,0,1,0,1,0,0,0,0,1, 0.00220451, 0.00671787, 0.00505319, 0.0062387, 0.00477473,buy
2020-09-23,0,0,2,1,0,0,0,1,0,1,0,0,1,0,0,0,0,0,0,0,0,0,0,0,1,0,1,0,0,0,0,1,-0.00244803,-0.00321876, 0.00044902,-0.0014925,-0.00071714,sell
2020-09-24,0,0,2,1,0,1,0,1,0,1,0,0,1,0,0,0,0,0,0,0,0,0,0,1,0,0,1,1,0,0,0,1, 0.00046340,-0.00065220, 0.00160792, 0.0017241, 0.00531945,buy
2020-09-25,0,0,2,1,0,1,0,1,0,1,0,0,1,0,0,0,0,0,0,0,0,0,0,1,0,0,1,1,0,0,0,1, 0.00046340,-0.00065220, 0.00160792, 0.0017241, 0.00531945,buy
2020-09-26,0,0,1,0,0,1,0,0,0,0,0,0,0,0,0,0,0,0,0,0,0,0,0,1,0,0,0,1,0,0,0,0, 0.00213626,-0.00429987, 0.00009745, 0.0069379, 0.00744337,buy
2020-09-27,1,0,2,0,0,1,0,0,0,0,0,0,0,0,0,0,0,0,0,0,0,0,0,1,0,1,0,1,1,0,0,0, 0.00083588, 0.00031311,-0.00721416, 0.0001198, 0.00034698,buy
2020-09-28,1,0,2,0,0,1,0,0,0,0,0,0,0,0,0,0,0,0,0,0,0,0,0,1,0,1,0,1,1,0,0,0, 0.00083588, 0.00031311,-0.00721416, 0.0001198, 0.00034698,buy
2020-09-29,1,1,1,0,0,1,0,0,0,0,1,0,0,0,0,0,0,0,0,0,0,0,0,1,0,1,0,0,1,0,0,0,-0.00170506,-0.00642879,-0.00343815,-0.0029146,-0.00139484,sell
2020-09-30,1,1,2,0,0,1,0,0,0,0,1,0,0,0,0,0,0,0,0,0,0,0,1,1,0,1,0,0,1,0,0,0,-0.00115472,-0.00266152,-0.00152163,-0.0022299,-0.00213155,sell
2020-10-01,0,1,1,0,0,1,0,0,0,0,1,0,0,0,0,0,0,0,0,0,0,0,1,1,0,0,0,0,0,0,0,0, 0.00107259,-0.00263790,-0.00477458,-0.0005266, 0.00070520,sell
2020-10-02,0,1,1,0,0,0,0,0,0,0,1,0,0,0,0,0,0,0,0,0,0,0,1,0,0,0,0,0,0,0,0,0, 0.00259326, 0.00018193,-0.00016489,-0.0020616,-0.00198550,sell
2020-10-03,0,2,1,0,0,0,0,0,0,0,1,0,0,0,0,0,0,0,0,0,0,0,1,0,1,0,0,0,0,0,0,0, 0.00225066,-0.00407981,-0.00206432,-0.0030360,-0.00358236,sell
2020-10-04,0,1,1,0,0,0,0,0,0,0,0,0,0,0,0,0,0,0,0,0,0,0,1,0,1,0,0,0,0,0,0,0, 0.00117588, 0.00094429, 0.00159631,-0.0050542,-0.00575422,buy
2020-10-05,0,1,0,1,0,0,0,0,0,0,0,0,0,0,1,0,0,0,0,0,0,0,0,0,1,0,0,0,0,0,0,0, 0.00180747,-0.00271725, 0.00655785,-0.0000178,-0.00019673,buy
2020-10-06,0,1,0,1,0,0,0,0,0,0,0,0,0,0,1,0,0,0,0,0,0,0,0,0,1,0,0,0,0,0,0,0, 0.00180747,-0.00271725, 0.00655785,-0.0000178,-0.00019673,buy
2020-10-07,0,2,0,1,0,0,0,0,0,0,0,0,0,0,1,0,0,0,0,0,0,0,0,0,1,0,0,1,0,0,0,0, 0.00322596,-0.00156769, 0.00713834,-0.0033002, 0.00175844,buy
2020-10-08,0,2,0,1,0,0,0,0,0,0,0,0,0,0,1,0,0,0,0,0,0,0,0,0,0,1,0,1,0,0,0,0, 0.00515112, 0.00279853, 0.00047791, 0.0008195,-0.00185719,buy
2020-10-09,1,2,1,1,0,0,0,1,0,0,0,0,0,0,1,0,0,1,0,1,0,0,0,0,0,1,0,1,0,0,1,0,-0.00597740,-0.00149414,-0.00342301, 0.0036957, 0.00015902,sell
2020-10-10,1,3,1,1,0,0,1,1,0,0,0,0,0,0,1,1,0,1,0,1,0,0,0,0,0,1,0,1,1,0,1,0,-0.00108020,-0.00165722, 0.00048798, 0.0000957,-0.00178695,sell
2020-10-11,1,1,1,1,0,0,1,1,0,0,0,0,0,0,1,1,0,1,0,1,0,0,0,0,0,0,0,0,1,0,1,0,-0.00218984, 0.00029776, 0.00512313,-0.0004482, 0.00486020,buy
2020-10-12,1,1,1,2,0,0,1,1,0,0,0,0,0,0,1,1,0,1,1,1,0,0,0,0,0,0,0,0,1,0,1,0,-0.00361545,-0.00028029, 0.00087352,-0.0003047,-0.00075837,sell
2020-10-13,0,1,1,1,0,0,1,2,0,0,0,0,0,0,0,1,0,1,1,1,1,0,0,0,0,0,0,0,1,0,0,0,-0.00565385,-0.00295667,-0.00487553,-0.0059548,-0.00330758,sell
2020-10-14,0,0,0,1,0,0,1,1,0,0,0,0,0,0,0,1,0,0,1,0,1,0,0,0,0,0,0,0,0,0,0,0, 0.00300142,-0.00338940, 0.00963399, 0.0011761,-0.00016612,buy
2020-10-15,0,0,0,1,0,0,0,1,0,0,0,0,0,0,0,0,0,0,1,0,1,0,0,0,0,0,0,0,0,0,0,0, 0.00429666,-0.00599049, 0.00758220, 0.0027646, 0.00451868,buy
2020-10-16,0,0,0,1,0,0,0,2,0,0,0,0,0,0,1,0,0,0,0,0,1,1,0,0,0,0,0,0,0,0,0,0, 0.00394388,-0.00361372, 0.00436742, 0.0030315, 0.00048179,buy
2020-10-17,1,0,1,2,0,0,0,2,0,0,0,0,0,0,1,0,0,0,0,0,1,1,0,0,1,1,1,0,0,0,0,0,-0.00413121,-0.00413092,-0.00461875,-0.0032151,-0.00532634,sell
2020-10-18,1,0,1,2,0,0,0,1,0,0,0,0,0,0,1,0,0,0,0,0,0,1,0,0,1,1,1,0,0,0,0,0,-0.00279576,-0.00089364,-0.00490642,-0.0047342,-0.00605384,sell
2020-10-19,1,0,1,2,0,0,0,1,0,0,0,0,0,0,1,0,0,0,0,0,0,1,0,0,1,1,1,0,0,0,0,0,-0.00279576,-0.00089364,-0.00490642,-0.0047342,-0.00605384,sell
2020-10-20,2,0,1,2,0,1,1,1,0,0,0,0,0,0,1,1,0,0,0,0,0,1,0,1,1,1,1,1,0,0,0,0, 0.00260731, 0.00952691, 0.00210368, 0.0091414,-0.00534917,buy
2020-10-21,2,1,0,1,0,1,1,0,0,0,0,0,0,0,1,1,0,0,0,0,0,0,0,1,1,0,0,1,0,0,1,0,-0.00227509,-0.00199249,-0.00189232,-0.0003003,-0.00324767,sell
2020-10-22,2,1,0,1,0,1,1,0,0,0,0,0,0,0,1,1,0,0,0,0,0,0,0,1,0,0,0,1,1,0,1,0,-0.00542234, 0.00230194,-0.00040041, 0.0015143,-0.00328150,sell
2020-10-23,2,2,0,0,0,0,1,0,0,0,1,0,0,0,0,0,0,0,0,0,0,0,0,1,0,0,0,1,1,0,1,0,-0.00233746, 0.00023813, 0.00091624, 0.0025840,-0.00096071,buy
2020-10-24,1,3,0,0,0,0,1,0,0,0,1,0,0,1,0,0,0,0,0,1,0,0,0,1,0,0,0,0,1,0,1,0,-0.00322996,-0.00440456,-0.00464886,-0.0040022,-0.00003600,sell
2020-10-25,1,2,0,0,0,0,2,0,0,0,1,0,0,1,0,0,1,0,0,1,0,0,0,1,0,0,0,0,1,0,0,0, 0.00369652,-0.00492285, 0.00374639, 0.0036090, 0.00422593,buy
2020-10-26,1,2,0,0,0,0,2,0,0,0,1,0,0,1,0,0,1,0,0,1,0,0,0,1,0,0,0,0,1,0,0,0, 0.00369652,-0.00492285, 0.00374639, 0.0036090, 0.00422593,buy
2020-10-27,0,1,0,0,1,0,1,0,0,0,0,0,0,0,0,1,1,0,0,1,0,0,0,0,0,0,0,0,0,0,0,0, 0.00217607,-0.00101228,-0.00161332,-0.0000105, 0.00327315,buy
2020-10-28,0,1,0,0,2,0,0,0,0,0,0,0,0,0,0,1,0,0,0,1,0,0,0,0,0,0,0,0,0,0,0,1, 0.00097814, 0.00427141, 0.00249307, 0.0072954, 0.00612446,buy
2020-10-29,0,0,0,1,1,0,0,1,0,0,0,0,1,0,0,0,0,0,0,0,0,0,1,0,0,0,0,0,0,0,0,1,-0.00204861,-0.00167288,-0.00401901, 0.0010814, 0.00340573,sell
2020-10-30,0,0,0,1,1,0,0,1,0,0,0,0,1,0,0,0,0,0,0,0,0,0,1,0,0,0,0,0,0,0,0,1,-0.00204861,-0.00167288,-0.00401901, 0.0010814, 0.00340573,sell
2020-10-31,0,0,0,1,1,0,0,1,0,0,0,0,1,0,0,0,0,0,0,0,0,0,1,0,0,0,0,0,0,0,0,1,-0.00204861,-0.00167288,-0.00401901, 0.0010814, 0.00340573,sell
2020-11-01,0,0,0,1,1,0,0,1,0,0,0,0,1,0,0,0,0,0,0,0,0,0,1,0,0,0,0,0,0,0,0,1,-0.00204861,-0.00167288,-0.00401901, 0.0010814, 0.00340573,sell
2020-11-02,0,0,1,1,1,0,0,1,0,0,0,0,1,0,0,0,0,0,0,0,0,0,1,0,0,0,0,0,0,0,1,1,-0.00390621,-0.00153186,-0.00321535,-0.0002583, 0.00666797,sell
2020-11-03,0,0,1,0,0,0,0,1,0,0,0,0,1,0,0,0,0,0,0,0,0,0,0,0,0,0,0,0,0,0,1,0,-0.00377662,-0.00786606,-0.00195714,-0.0054580,-0.00720938,sell
2020-11-04,0,0,1,0,0,0,0,1,0,0,0,0,1,0,0,0,0,0,0,0,0,0,0,0,0,0,0,0,0,0,1,0,-0.00377662,-0.00786606,-0.00195714,-0.0054580,-0.00720938,sell
2020-11-05,0,0,2,0,0,0,0,1,0,0,0,0,1,0,0,0,0,0,1,0,0,0,0,0,0,0,0,0,0,0,1,0,-0.00626264,-0.00523577,-0.00670452,-0.0000807,-0.00546056,sell
2020-11-06,0,0,1,0,0,0,0,1,0,0,0,0,1,0,0,0,0,0,1,0,0,0,0,0,0,0,0,0,0,0,0,0,-0.00924708,-0.00956758,-0.00843754,-0.0047479,-0.01024429,sell
2020-11-07,0,0,1,0,0,0,0,1,0,0,0,0,1,0,0,0,0,0,1,0,0,0,0,0,0,0,0,0,0,0,0,0,-0.00924708,-0.00956758,-0.00843754,-0.0047479,-0.01024429,sell
2020-11-08,1,0,1,1,0,0,0,1,0,0,0,0,1,0,0,0,0,0,1,1,0,0,0,0,0,1,0,0,0,0,0,0,-0.00039899,-0.00125010,-0.00140421, 0.0014577,-0.00301777,sell
2020-11-09,1,0,1,1,0,0,0,1,0,0,0,0,1,0,0,0,0,0,1,1,0,0,0,0,0,1,0,0,0,0,0,0,-0.00039899,-0.00125010,-0.00140421, 0.0014577,-0.00301777,sell
2020-11-10,1,0,1,1,0,0,0,0,0,0,0,0,0,0,0,0,0,0,0,1,0,0,0,0,0,1,1,0,0,0,0,0, 0.00430749, 0.00250619, 0.00380616, 0.0067304, 0.00250619,buy
2020-11-11,1,0,1,1,1,0,0,0,0,0,0,0,0,0,0,0,0,0,0,1,0,0,0,0,0,1,1,0,0,1,0,0, 0.00031569, 0.00124380, 0.00216075, 0.0048125, 0.00218016,buy
2020-11-12,1,1,1,0,1,0,2,0,0,0,1,0,0,0,0,0,0,1,0,1,1,0,0,0,0,0,1,0,0,1,0,0, 0.00297981, 0.00259920, 0.00268753, 0.0030558, 0.00072820,buy
2020-11-13,0,1,1,0,1,0,2,0,0,0,1,0,0,0,0,0,0,1,0,0,1,0,0,0,0,0,1,0,0,1,0,0, 0.00138203, 0.00225926, 0.00189535, 0.0025927,-0.00074544,buy
2020-11-14,0,1,0,0,1,1,2,2,0,0,1,0,0,0,0,0,0,1,0,0,1,0,0,0,1,0,0,1,0,1,0,1, 0.00341005, 0.00388465, 0.00122754, 0.0002042, 0.00502468,buy
2020-11-15,0,1,0,1,1,1,2,2,0,0,1,0,0,0,1,0,0,1,0,0,1,0,0,0,1,0,0,1,0,1,0,1, 0.00086698, 0.00757399,-0.00238945,-0.0022864, 0.00816237,buy
2020-11-16,0,0,0,1,1,1,3,2,0,0,0,0,0,0,1,0,1,1,0,0,1,0,0,0,1,0,0,1,0,1,0,1, 0.00038520, 0.00137037, 0.00051253, 0.0039428, 0.00164659,buy
2020-11-17,0,0,0,1,1,1,3,3,0,0,0,0,0,0,1,0,1,1,0,0,0,1,0,0,1,0,0,1,1,1,0,1, 0.00410659, 0.00441404,-0.00304643, 0.0025995, 0.00270144,buy
2020-11-18,0,0,0,1,1,1,2,2,0,0,0,0,0,0,1,0,1,0,0,0,0,1,0,0,1,0,0,0,1,1,0,1, 0.00434262, 0.00104284,-0.00184992, 0.0024837,-0.00076120,buy
2020-11-19,0,0,0,0,1,1,2,1,0,0,0,0,0,0,0,0,1,0,0,0,0,1,0,0,0,0,0,0,1,1,0,1,-0.00181022, 0.00273997, 0.00112727,-0.0037905, 0.00110547,buy
2020-11-20,0,1,0,0,1,0,2,1,0,0,0,0,0,0,0,0,1,0,1,0,0,1,0,0,0,0,0,0,1,1,0,0, 0.00581494, 0.00284584, 0.00128298,-0.0026693, 0.00163130,buy
2020-11-21,0,1,1,0,1,0,1,1,0,1,0,0,0,0,0,0,0,0,1,0,0,1,0,0,0,0,0,0,1,1,0,0, 0.00053525,-0.00096250, 0.00006723,-0.0037029, 0.00293635,sell
2020-11-22,1,2,1,0,1,0,0,0,0,1,1,0,0,0,0,0,0,0,1,0,0,0,0,0,0,0,1,0,0,1,0,0,-0.00277881,-0.00199028, 0.00034698,-0.0010884,-0.00383932,sell
2020-11-23,1,2,1,0,1,0,0,0,0,1,1,0,0,0,0,0,0,0,1,0,0,0,0,0,0,0,1,0,0,1,0,0,-0.00277881,-0.00199028, 0.00034698,-0.0010884,-0.00383932,sell
2020-11-24,1,2,1,0,1,0,0,0,0,1,1,0,0,0,0,0,0,0,1,0,0,0,0,0,0,0,1,0,0,1,0,0,-0.00277881,-0.00199028, 0.00034698,-0.0010884,-0.00383932,sell
2020-11-25,1,1,0,0,1,0,0,0,0,0,1,0,0,0,0,0,0,0,0,0,0,0,0,0,0,0,1,0,0,1,0,0,-0.00034000,-0.00377464, 0.00407652,-0.0008345,-0.00145468,sell
2020-11-26,0,0,0,1,1,0,1,0,0,0,0,1,0,0,0,0,0,0,0,0,0,0,0,0,0,0,0,0,0,1,1,0, 0.00139072,-0.00464272,-0.00027121,-0.0011400,-0.00104330,sell
2020-11-27,0,0,1,1,1,0,2,0,1,0,0,1,0,0,0,0,0,0,0,0,0,0,1,0,0,0,0,0,0,1,1,0,-0.00511405,-0.00761322,-0.00734946,-0.0072012,-0.00829782,sell
2020-11-28,0,0,1,1,1,1,2,0,1,0,0,1,0,0,0,0,0,0,0,0,1,0,1,0,0,0,0,0,0,1,1,0, 0.00020453,-0.00333796,-0.00181291,-0.0000856, 0.00225897,sell
2020-11-29,0,0,1,1,1,1,2,0,1,0,0,0,1,0,0,0,0,0,0,0,1,0,1,0,0,0,0,0,0,1,1,0,-0.00091315,-0.00420994,-0.00228652,-0.0001558, 0.00032900,sell
2020-11-30,0,0,1,0,0,2,3,0,1,0,0,0,1,0,0,0,0,1,0,0,1,0,1,0,0,0,0,0,0,0,0,1,-0.00145389,-0.00254438,-0.00014060,-0.0000740,-0.00139068,sell
2020-12-01,0,0,1,0,0,2,2,0,0,0,0,0,1,0,0,0,0,1,0,0,1,0,1,0,0,0,0,0,0,0,0,1,-0.00325787,-0.00172922,-0.00307231,-0.0014033,-0.00161897,sell
2020-12-02,0,1,0,0,0,2,2,0,0,1,0,0,1,0,0,0,0,1,0,0,1,0,0,0,0,0,0,0,0,0,0,1, 0.00540357,-0.00057890, 0.00176041, 0.0013465, 0.00708124,buy
2020-12-03,0,1,0,0,0,2,1,0,0,1,0,0,0,0,0,0,0,1,0,0,0,1,0,0,0,0,0,0,0,0,0,1,-0.00210513,-0.00230031,-0.00171203, 0.0020766, 0.00191302,sell
2020-12-04,1,1,1,0,0,2,1,1,0,1,0,0,0,0,0,0,0,1,0,0,0,1,0,1,0,1,1,0,0,0,0,1, 0.00069729, 0.00598531,-0.00168096,-0.0011662,-0.00108700,buy
2020-12-05,1,1,2,0,0,3,0,1,0,1,0,1,0,0,1,0,0,1,0,0,0,1,0,1,0,1,1,0,0,0,0,0,-0.00279499,-0.00005428,-0.00722043,-0.0021882,-0.00191360,sell
2020-12-06,1,0,2,0,0,2,0,1,0,0,0,1,0,0,1,0,0,0,0,0,0,1,0,1,0,1,1,0,0,0,0,0,-0.00729727,-0.00649907,-0.00670096,-0.0027450,-0.00666914,sell
2020-12-07,1,0,2,0,0,2,0,2,0,0,0,1,0,0,1,0,0,0,0,1,0,1,0,1,0,1,1,0,0,0,0,0,-0.00693608,-0.00625422,-0.00492225,-0.0017982,-0.00411172,sell
2020-12-08,1,0,1,0,0,2,1,2,1,0,0,1,0,0,0,0,0,0,1,1,0,0,0,1,0,1,0,1,0,0,0,0, 0.00477017, 0.00524321, 0.00524928,-0.0000853, 0.00536675,buy
2020-12-09,1,0,0,0,0,2,1,2,1,0,0,0,1,0,0,0,0,0,1,1,0,0,0,1,0,0,0,1,0,0,0,0,-0.00055887,-0.00134618, 0.00248977,-0.0003970,-0.00039593,sell
2020-12-10,1,0,0,0,0,2,1,2,1,0,0,0,1,0,0,0,1,0,1,1,0,0,0,0,0,0,0,1,0,0,0,0, 0.00045814,-0.00063508, 0.00091015,-0.0011304,-0.00226793,sell
2020-12-11,1,1,0,0,0,2,1,2,1,0,0,0,1,0,0,0,1,0,1,1,0,0,1,0,0,0,0,1,0,0,0,0, 0.00328328, 0.00252588, 0.00374075, 0.0029186, 0.00455831,buy
2020-12-12,1,1,0,0,0,1,2,2,0,0,1,0,1,0,0,0,1,0,1,0,0,0,1,0,1,0,0,1,0,0,0,0,-0.00467355, 0.00138299,-0.00810784,-0.0040710,-0.00248482,sell
2020-12-13,2,1,0,0,1,0,2,2,0,1,1,0,0,0,0,0,1,0,1,0,1,0,1,0,1,0,0,0,1,0,0,0,-0.00471013, 0.00369645,-0.00322363,-0.0073066,-0.00414526,sell
2020-12-14,2,2,0,0,1,0,2,1,0,1,1,0,0,0,1,0,0,0,1,0,1,0,1,0,1,0,0,0,1,0,0,0, 0.00667015, 0.00265957, 0.00627217, 0.0038026, 0.00126506,buy
2020-12-15,1,2,0,0,2,0,2,0,0,1,0,1,0,0,1,0,0,0,0,0,1,0,1,0,1,0,0,0,1,0,0,0,-0.00107342, 0.00197297, 0.00119709, 0.0019517,-0.00023765,buy
2020-12-16,1,1,0,0,2,0,2,0,0,1,0,1,0,1,1,0,0,0,0,0,1,0,0,0,1,0,0,0,1,0,0,0, 0.00898323, 0.00419766, 0.00735181, 0.0084849, 0.00645810,buy
2020-12-17,0,1,0,0,2,0,1,0,0,0,0,1,0,1,1,0,0,0,0,0,1,0,0,0,0,0,0,0,1,0,0,0,-0.00035848,-0.00127480,-0.00363489,-0.0052811, 0.00045637,sell
2020-12-18,0,0,0,0,1,0,0,0,0,0,0,1,0,1,0,0,0,0,0,0,0,0,0,0,0,0,0,0,0,0,0,0, 0.00377324, 0.00314857, 0.00231253, 0.0027487, 0.00292593,buy
2020-12-19,0,0,1,0,4,0,0,0,1,0,0,0,1,1,0,0,0,1,0,0,0,1,0,0,0,0,0,0,0,0,1,0, 0.00040203,-0.00133103,-0.00066509, 0.0002800, 0.00068253,buy
2020-12-20,0,1,1,0,4,0,0,0,1,0,0,0,1,1,0,0,0,1,0,0,0,1,0,0,0,1,0,0,0,0,1,0, 0.00104448,-0.00029664, 0.00139336, 0.0030831, 0.00105960,buy
2020-12-21,0,1,1,0,4,1,0,0,1,0,0,0,1,1,0,0,0,1,0,0,0,1,0,0,0,1,0,1,0,0,1,0, 0.00260602, 0.00339932, 0.00656853, 0.0050654,-0.00057118,buy
2020-12-22,0,1,1,0,4,1,0,0,1,0,0,0,1,1,0,0,0,1,0,0,0,1,0,0,0,1,0,1,0,0,1,0, 0.00260602, 0.00339932, 0.00656853, 0.0050654,-0.00057118,buy
2020-12-23,0,1,0,0,2,1,0,0,0,0,0,0,0,1,0,0,0,1,0,0,0,1,0,0,0,1,0,1,0,0,0,0, 0.00090284, 0.00202770, 0.00622882, 0.0067727,-0.00182285,buy
2020-12-24,1,1,0,0,2,1,0,0,0,0,0,0,0,0,1,0,0,1,0,0,0,1,0,0,0,1,0,1,0,0,0,0, 0.00894337, 0.01010654, 0.01187813, 0.0039572,-0.00389101,buy
2020-12-25,1,0,0,0,0,0,0,0,0,0,0,0,0,0,1,0,0,0,0,0,0,0,0,0,0,0,0,0,0,0,0,0,-0.00093642,-0.00286054,-0.00154892,-0.0006209, 0.00035710,sell
2020-12-26,2,0,0,0,0,1,0,0,0,0,0,0,0,0,1,0,0,0,0,0,0,0,1,0,0,0,0,0,1,0,0,0,-0.00297353,-0.00209069,-0.00618215,-0.0001092,-0.00158759,sell
2020-12-27,1,0,0,0,0,2,0,0,0,0,0,0,0,0,0,0,0,0,0,0,0,0,1,0,1,0,0,0,1,0,0,0,-0.00756766,-0.00636598,-0.00719385,-0.0061090,-0.00531315,sell
2020-12-28,1,0,0,0,0,2,0,1,0,0,0,0,0,0,0,0,0,0,0,0,0,0,1,0,1,0,1,0,1,0,0,0,-0.00650901,-0.00436471,-0.00545447,-0.0081984,-0.00629072,sell
2020-12-29,1,0,0,0,0,2,0,1,0,0,0,0,0,0,0,0,0,0,0,0,0,0,1,0,1,0,1,0,1,0,0,0,-0.00650901,-0.00436471,-0.00545447,-0.0081984,-0.00629072,sell
2020-12-30,1,0,0,0,0,2,0,2,0,0,0,0,0,0,0,0,0,0,0,0,0,0,1,0,1,0,1,0,1,0,0,1,-0.00777391,-0.00416574,-0.00651292,-0.0076450,-0.00182879,sell
2020-12-31,0,1,0,0,0,1,1,2,0,0,1,0,0,0,0,0,0,0,0,0,0,0,0,0,1,0,1,0,0,0,1,1,-0.00220484,-0.00331298,-0.00520000,-0.0003377,-0.00540200,sell
2021-01-01,1,1,0,0,0,0,1,2,0,0,1,0,0,0,0,0,1,0,0,0,0,0,0,0,0,0,1,0,0,0,1,1,-0.00633408,-0.00085774,-0.00435928,-0.0010491,-0.00677928,sell
2021-01-02,1,1,0,0,2,0,1,1,0,0,1,0,0,0,0,1,1,0,0,0,0,0,0,0,0,0,0,1,0,0,1,1,-0.00206768, 0.00497133,-0.00147340,-0.0026764, 0.00127137,sell
2021-01-03,1,1,0,0,2,0,0,0,0,0,0,1,0,0,0,1,1,0,0,0,0,0,0,0,0,0,0,1,0,0,1,0, 0.00526246,-0.00146105,-0.00153381,-0.0006446, 0.00227723,buy
2021-01-04,0,0,0,0,2,0,0,0,0,0,0,1,0,0,0,1,0,0,0,0,0,0,0,0,0,0,0,1,0,0,0,0, 0.00202515,-0.00805534,-0.00509165,-0.0058434, 0.00469382,sell
2021-01-05,0,0,0,0,2,0,0,0,0,0,0,1,0,0,0,1,0,0,0,0,0,0,0,0,0,0,0,1,0,0,0,0, 0.00202515,-0.00805534,-0.00509165,-0.0058434, 0.00469382,sell
2021-01-06,0,0,0,0,1,0,1,0,0,0,0,1,0,0,0,1,0,0,0,1,0,0,0,0,0,0,0,0,0,0,0,0,-0.00315485,-0.00968211,-0.00955833,-0.0037603,-0.00143595,sell
2021-01-07,1,0,0,0,1,0,1,1,0,1,0,0,0,0,0,1,0,0,0,1,0,0,0,0,0,1,0,0,0,0,0,0,-0.00173130,-0.00884518,-0.00099439, 0.0004054,-0.00244270,sell
2021-01-08,1,0,0,0,1,0,1,1,0,1,0,0,1,0,0,1,0,0,0,1,0,0,0,0,0,1,0,0,0,0,0,0, 0.00488463,-0.00376598, 0.00254816, 0.0042661,-0.00236419,buy
2021-01-09,2,0,0,0,2,1,1,1,0,1,1,0,1,0,0,1,0,0,0,1,0,0,0,1,0,1,0,0,1,0,0,0, 0.00318099,-0.00065991, 0.00431311, 0.0051933, 0.00301299,buy
2021-01-10,2,0,0,0,2,1,1,1,1,1,1,0,1,0,0,1,0,0,0,1,0,0,0,1,0,1,0,0,1,0,0,0, 0.00237995, 0.00224082, 0.00405532, 0.0043926, 0.00426495,buy
2021-01-11,2,1,0,0,3,1,0,1,1,0,1,0,1,0,1,1,1,0,0,0,0,0,0,1,1,1,0,0,1,0,0,0, 0.00135038, 0.00672638, 0.00142574, 0.0057046, 0.00293339,buy
2021-01-12,3,1,0,0,3,1,0,1,1,0,1,0,0,0,1,1,1,0,0,0,1,0,0,1,1,1,0,0,1,0,1,0, 0.00185897, 0.00239097, 0.00264017, 0.0059823, 0.00296519,buy
2021-01-13,2,1,0,0,2,0,0,1,1,0,0,0,0,0,1,1,1,0,0,0,1,0,0,1,1,0,0,0,0,0,1,0, 0.00342706, 0.00308007, 0.00270489, 0.0023119, 0.00261166,buy
2021-01-14,1,0,0,0,1,0,0,0,0,0,0,0,0,0,0,0,0,0,0,0,1,0,0,0,1,0,0,0,0,0,1,0, 0.00244922, 0.00065401, 0.00061974, 0.0012971, 0.00256633,buy
2021-01-15,1,0,0,0,1,0,0,0,0,0,0,0,0,0,0,0,0,0,0,0,1,0,0,0,1,0,0,0,0,0,1,0, 0.00244922, 0.00065401, 0.00061974, 0.0012971, 0.00256633,buy
2021-01-16,0,0,0,0,0,0,0,0,0,0,0,0,0,0,0,0,0,0,0,0,1,0,0,0,0,0,0,0,0,0,0,0, 0.00805701,-0.00319433, 0.00738051, 0.0038312, 0.00604680,buy
2021-01-19,0,0,0,0,1,0,0,0,0,0,1,0,0,0,0,0,0,0,0,0,0,0,0,0,0,0,0,0,0,0,0,0, 0.00402731, 0.00521198, 0.00711109,-0.0044942, 0.00081306,buy
2021-01-20,0,0,0,0,1,0,0,0,0,0,1,0,0,0,0,0,0,0,0,0,0,0,0,0,0,0,0,0,0,0,0,0, 0.00402731, 0.00521198, 0.00711109,-0.0044942, 0.00081306,buy
2021-01-21,0,0,1,0,1,1,0,0,0,0,1,0,0,0,0,0,1,0,0,1,0,1,0,0,0,0,0,0,0,0,0,0, 0.00394280, 0.00146550, 0.00233112, 0.0040922, 0.00645895,buy
2021-01-22,0,0,1,0,1,1,1,0,0,0,1,0,0,0,0,0,1,0,0,1,0,1,0,0,0,0,1,0,0,0,0,0, 0.00684672, 0.00298023, 0.00459891, 0.0072746, 0.00873317,buy
2021-01-23,0,0,1,0,0,1,1,0,0,0,0,0,0,0,0,0,1,0,0,1,0,1,0,0,0,0,1,0,0,0,0,0, 0.00503373, 0.00148192, 0.00394412, 0.0051748, 0.00702832,buy
2021-01-24,1,1,1,0,1,1,1,1,0,0,0,1,0,0,0,0,1,0,0,1,0,1,1,1,0,0,1,0,0,0,0,1,-0.00265544, 0.00416527,-0.00265395,-0.0034969,-0.00357921,sell
2021-01-25,1,1,0,0,1,1,1,1,0,0,0,1,0,0,0,0,0,0,0,1,0,1,1,1,0,0,1,0,0,0,0,1, 0.00363039, 0.00354163,-0.00063495, 0.0028956,-0.00191673,buy
2021-01-26,1,1,0,0,1,0,0,1,0,0,0,1,0,0,0,0,0,1,0,0,0,1,1,1,0,0,0,0,0,0,0,1,-0.00194319,-0.00193812,-0.00050501,-0.0050110,-0.00304503,sell
2021-01-27,1,1,0,0,2,0,0,1,0,0,0,1,0,0,0,1,0,1,0,0,0,0,1,1,0,0,0,1,0,0,0,1,-0.00225394,-0.00164888,-0.00017811,-0.0058569, 0.00081784,sell
2021-01-28,0,0,0,0,2,0,0,2,0,0,0,1,0,0,0,1,0,1,1,0,0,0,1,0,0,0,0,1,0,0,0,0,-0.00375844,-0.00594557,-0.00128768,-0.0048345, 0.00001027,sell
2021-01-29,0,0,0,0,2,0,0,1,0,0,0,1,0,0,0,1,0,1,1,0,0,0,0,0,0,0,0,1,0,0,0,0,-0.00031788,-0.00595922,-0.00161392,-0.0054886, 0.00112927,sell
2021-01-30,0,0,0,0,2,0,0,1,0,0,0,1,0,0,0,1,0,1,1,0,0,0,0,0,0,0,0,1,0,0,0,0,-0.00031788,-0.00595922,-0.00161392,-0.0054886, 0.00112927,sell
2021-01-31,0,0,0,0,2,0,0,1,0,0,0,1,0,0,0,1,0,1,1,0,0,0,0,0,0,0,0,0,0,0,0,0,-0.00448210,-0.00582816,-0.00066836,-0.0025335, 0.00010388,sell
2021-02-01,0,0,0,0,1,0,0,1,0,0,0,1,0,0,0,0,0,0,1,0,0,0,0,0,0,0,0,0,0,0,0,0,-0.00412373, 0.00271619, 0.00196147, 0.0034634,-0.00433692,buy
2021-02-02,0,0,0,0,1,0,0,1,0,0,0,1,0,0,0,0,0,0,1,0,0,0,0,0,0,0,0,0,0,0,0,0,-0.00412373, 0.00271619, 0.00196147, 0.0034634,-0.00433692,buy
2021-02-03,0,0,0,0,1,1,0,1,0,0,0,1,0,0,0,0,0,0,1,0,0,0,0,0,0,0,1,0,0,0,0,0,-0.00014731, 0.00353998, 0.00349259, 0.0059284,-0.00091131,buy
2021-02-04,0,1,0,0,1,1,0,1,0,0,0,1,0,0,0,0,0,0,1,0,0,0,0,0,0,0,1,0,1,0,0,1, 0.00969149, 0.01177073, 0.00996267, 0.0058587, 0.00849622,buy
2021-02-05,0,1,0,0,1,1,0,2,0,0,0,1,0,0,0,0,0,0,1,0,0,0,0,0,0,0,1,0,1,0,1,1, 0.00355844, 0.00606703, 0.00905417, 0.0013428, 0.00755516,buy
2021-02-06,0,1,2,0,1,1,0,1,0,0,0,0,0,0,0,0,1,0,0,1,0,0,0,1,0,0,1,0,1,0,1,1,-0.00709174,-0.00188493,-0.00381476, 0.0036279,-0.00289487,sell
2021-02-07,0,1,2,0,2,0,0,1,0,0,1,0,0,1,0,0,1,0,0,1,0,0,0,1,0,0,0,0,1,0,1,1,-0.00013006,-0.00050826, 0.00731601, 0.0017129, 0.00449071,buy
2021-02-08,0,0,2,0,2,0,0,1,0,0,1,0,0,1,0,0,1,0,0,1,0,0,0,1,0,0,0,0,1,0,1,0, 0.00029974, 0.00070198, 0.00354832, 0.0006887, 0.00239108,buy
2021-02-09,0,0,2,0,2,0,0,1,0,1,1,0,0,1,0,0,1,0,0,1,0,0,0,1,1,0,0,0,0,0,0,0, 0.00364188, 0.00077853, 0.00351883, 0.0054734, 0.00390334,buy
2021-02-10,0,0,2,0,2,0,0,1,0,1,1,0,0,0,0,0,1,0,0,1,0,0,0,1,1,0,0,0,0,0,0,0, 0.00560188, 0.00086019, 0.00523395, 0.0092884, 0.00453990,buy
2021-02-11,0,0,0,0,0,0,0,1,0,1,0,0,0,0,0,0,0,0,0,0,0,0,0,0,1,0,0,0,0,0,0,0,-0.00566734,-0.00291895,-0.00752148,-0.0042136,-0.00281533,sell
2021-02-12,0,0,0,0,1,0,0,0,0,0,0,0,0,0,0,1,0,0,0,0,1,0,0,0,1,0,0,0,0,0,0,0, 0.00087719,-0.00228336,-0.00452332,-0.0042580,-0.00277936,sell
2021-02-13,0,0,0,0,1,0,0,0,1,0,0,0,0,0,0,1,0,0,0,0,1,0,0,0,1,0,0,0,0,0,0,0,-0.00331473,-0.00349045,-0.00442571,-0.0039562,-0.00359264,sell
2021-02-14,0,0,1,0,1,0,0,0,1,0,0,0,0,0,0,1,0,0,0,0,1,0,0,0,0,0,0,0,0,0,0,1,-0.00677431,-0.00520279,-0.00427372,-0.0040093,-0.00401346,sell
2021-02-15,0,0,1,0,2,0,0,0,1,0,0,0,0,0,0,0,0,0,0,0,1,0,0,0,0,0,1,0,0,0,0,1,-0.00206776,-0.00179016, 0.00376098,-0.0014369, 0.00408972,buy
2021-02-16,0,0,1,0,2,0,0,0,1,0,0,0,0,0,0,0,0,0,0,0,1,0,0,0,0,0,1,0,0,0,0,1,-0.00206776,-0.00179016, 0.00376098,-0.0014369, 0.00408972,buy
2021-02-17,0,0,1,0,1,0,0,1,1,0,0,0,0,0,0,0,0,0,0,0,0,0,0,0,0,1,1,0,0,0,0,1,-0.00411496, 0.00294835,-0.00317782,-0.0044110,-0.00094229,sell
2021-02-18,0,0,0,0,1,0,0,1,0,0,0,0,0,0,0,0,0,0,0,0,0,0,0,0,0,1,1,0,0,0,0,0,-0.00748477, 0.00397480,-0.00207894,-0.0010775,-0.00468491,sell
2021-02-19,0,0,0,0,1,0,0,1,0,0,0,0,0,0,0,0,0,0,0,0,0,0,0,0,0,1,1,0,0,0,0,0,-0.00748477, 0.00397480,-0.00207894,-0.0010775,-0.00468491,sell
2021-02-20,0,0,0,0,1,0,0,1,0,0,0,0,0,0,0,0,0,0,0,0,0,0,0,0,0,1,0,1,0,0,0,0, 0.00167580, 0.00092418, 0.00086900, 0.0008596, 0.00208217,buy
2021-02-21,0,0,0,0,1,0,0,1,0,0,0,0,0,0,0,0,0,0,0,0,0,0,0,0,0,1,0,1,0,0,0,0, 0.00167580, 0.00092418, 0.00086900, 0.0008596, 0.00208217,buy
2021-02-22,0,0,0,0,1,0,0,1,0,0,0,0,0,0,0,0,0,0,0,0,0,0,0,0,0,1,0,1,0,0,0,0, 0.00167580, 0.00092418, 0.00086900, 0.0008596, 0.00208217,buy
2021-02-23,0,0,0,0,1,0,1,0,0,0,0,0,0,0,0,0,0,0,0,0,0,0,1,0,0,0,0,1,0,0,0,0, 0.00379752,-0.00015187, 0.00023890, 0.0045415, 0.00680302,buy
2021-02-24,0,0,0,0,1,0,1,0,0,0,0,0,0,0,0,0,0,0,0,0,0,1,1,0,0,0,0,0,0,0,0,0,-0.00391743, 0.00118395,-0.00396942,-0.0010000,-0.00244128,sell
2021-02-25,0,0,0,0,1,0,1,0,0,0,0,0,0,0,0,0,0,0,0,0,0,1,1,0,0,0,0,0,0,0,0,0,-0.00391743, 0.00118395,-0.00396942,-0.0010000,-0.00244128,sell
2021-02-26,0,0,0,0,1,0,1,0,0,0,0,0,0,0,0,0,0,0,0,0,0,1,1,0,0,0,0,0,0,0,0,0,-0.00391743, 0.00118395,-0.00396942,-0.0010000,-0.00244128,sell
2021-02-27,0,0,0,0,1,1,1,0,0,0,0,0,0,0,0,0,0,0,0,0,1,1,1,0,0,0,0,0,0,0,0,0, 0.00188718,-0.00216469, 0.00238138, 0.0016420, 0.00293382,buy
2021-02-28,0,0,1,0,1,1,0,0,0,0,0,0,0,0,0,0,1,0,0,0,1,1,0,0,0,0,0,0,0,0,0,0,-0.00356545,-0.00518280,-0.00400865,-0.0013270,-0.00506977,sell
2021-03-01,0,0,1,0,0,1,0,0,0,0,0,0,0,0,0,0,1,0,0,0,1,0,0,0,0,0,0,0,0,0,0,0,-0.00117478,-0.00361662, 0.00390140, 0.0029319,-0.00185826,sell
2021-03-02,0,0,1,0,1,1,1,0,1,0,0,0,0,0,0,0,1,0,0,0,1,0,0,0,0,0,0,0,1,0,1,0, 0.00281442,-0.00003134, 0.00029577,-0.0012720,-0.00133260,sell
2021-03-03,0,0,1,1,1,1,1,0,1,0,0,0,0,0,0,0,1,0,0,0,1,0,0,1,0,0,0,0,1,0,1,0, 0.00408876,-0.00199818,-0.00228297,-0.0014687,-0.00102552,sell
2021-03-04,0,0,1,1,1,1,1,0,1,0,0,0,0,0,0,0,1,0,0,0,0,0,0,1,0,0,0,1,1,0,1,0, 0.00078614, 0.00505833,-0.00271642,-0.0041080,-0.00120491,sell
2021-03-05,0,0,0,1,1,1,1,0,1,0,0,0,0,0,0,0,0,0,0,0,0,0,0,1,0,0,0,1,1,0,1,0, 0.00408712, 0.00136283, 0.00441486,-0.0044040, 0.00525190,buy
2021-03-06,0,0,0,1,3,1,0,0,1,0,1,0,0,0,0,0,0,1,0,0,0,0,0,1,0,0,0,1,1,0,0,0,-0.00098346,-0.00180742,-0.00245954, 0.0001217,-0.00410105,sell
2021-03-07,0,0,0,1,2,1,0,0,1,0,1,0,0,0,0,0,0,1,0,0,0,0,0,0,0,0,0,1,0,0,0,1,-0.00062669, 0.00123799, 0.00063085,-0.0015051,-0.00013419,buy
2021-03-08,0,0,0,1,2,1,0,0,0,0,1,0,0,0,0,0,0,1,0,1,0,0,0,0,0,0,0,1,0,0,0,1, 0.00083463,-0.00055564,-0.00575019, 0.0007351, 0.00561243,buy
2021-03-09,0,0,0,1,2,0,0,0,0,0,1,0,0,0,0,0,0,1,0,1,0,0,0,0,0,0,0,0,0,0,0,1, 0.00495179, 0.00333068,-0.00140184, 0.0035463, 0.00496849,buy
2021-03-10,0,0,0,0,1,0,0,0,0,0,0,0,0,0,0,0,0,1,0,1,0,0,0,0,0,0,0,0,0,0,0,0,-0.00369538, 0.00066010,-0.00149374, 0.0011840, 0.00591169,buy
2021-03-11,0,0,0,0,3,1,0,0,0,0,0,1,0,0,0,0,0,1,0,1,0,0,1,0,1,0,0,0,0,0,0,0,-0.00120358, 0.00106673,-0.00112266, 0.0017810, 0.00053296,buy
2021-03-12,0,0,0,0,2,1,0,0,0,0,0,1,0,0,0,0,0,0,0,1,0,0,1,0,1,0,1,0,0,0,0,0,-0.00051684,-0.00667969,-0.00318491,-0.0068334,-0.00729992,sell
2021-03-13,0,0,0,0,2,2,0,0,0,0,0,1,0,0,0,0,0,0,0,1,0,1,1,0,1,0,1,0,0,0,0,0,-0.00316931,-0.00800031,-0.00536768,-0.0049983,-0.00065786,sell
2021-03-14,0,0,0,0,2,3,1,0,0,0,0,1,0,0,0,0,0,0,0,0,1,1,1,0,1,0,1,0,0,0,1,0, 0.00184861,-0.00036645, 0.00126789, 0.0006225, 0.00263360,buy
2021-03-15,0,0,0,0,0,4,1,0,0,0,0,0,0,0,0,0,0,0,0,0,1,1,1,0,0,0,1,0,1,0,1,0, 0.00634951, 0.00728901, 0.00763777, 0.0017917, 0.00484212,buy
2021-03-16,0,0,0,0,0,3,1,0,0,0,0,0,0,0,0,0,0,0,0,0,1,1,0,0,0,0,0,0,1,0,1,0,-0.00057229, 0.00070976, 0.00140523, 0.0018332,-0.00066016,buy
2021-03-17,0,0,0,0,0,3,2,0,0,0,0,0,0,0,0,0,0,0,0,0,1,1,0,0,0,0,0,1,1,0,1,0,-0.00083119,-0.00183973,-0.00207352, 0.0019591, 0.00482452,sell
2021-03-18,0,0,0,0,0,1,2,0,0,0,0,0,0,0,0,0,0,0,0,0,1,0,0,0,0,0,0,1,1,1,0,0,-0.00565446,-0.00279375, 0.00012373,-0.0033552,-0.00260962,sell
2021-03-19,0,0,0,0,0,1,1,0,0,0,0,0,0,0,0,0,0,0,0,0,0,0,0,0,0,0,0,1,1,1,0,0, 0.00056284, 0.00240339, 0.00282100, 0.0043490, 0.00311598,buy
2021-03-20,0,0,0,0,0,0,2,0,0,0,0,0,0,0,1,0,0,0,0,0,0,0,0,0,0,0,0,1,0,1,0,0,-0.00513659, 0.00037309,-0.00367437, 0.0022737,-0.00517074,sell
2021-03-21,0,0,0,1,0,0,1,1,0,1,0,0,0,0,1,0,1,0,0,0,0,0,0,0,0,0,0,0,0,1,0,0, 0.00243999,-0.00678509,-0.00563842,-0.0060045,-0.00461311,sell
2021-03-22,0,0,0,1,1,1,1,1,0,1,0,1,1,0,1,0,1,0,0,0,0,0,0,0,0,0,0,0,0,1,0,0,-0.00283178,-0.00277699,-0.00450246,-0.0057375,-0.00138467,sell
2021-03-23,0,0,0,1,1,1,1,1,0,1,0,1,1,0,1,0,1,0,0,0,0,0,0,0,0,0,0,0,0,1,0,0,-0.00283178,-0.00277699,-0.00450246,-0.0057375,-0.00138467,sell
2021-03-24,0,0,0,1,1,1,0,1,0,1,0,1,1,0,0,0,1,0,0,0,0,0,0,0,0,0,0,0,0,1,0,0,-0.00405582,-0.00248237,-0.00444906,-0.0058326,-0.00270514,sell
2021-03-25,0,0,0,0,0,3,0,1,0,1,0,1,0,0,0,0,0,1,0,0,0,0,0,0,1,0,0,0,0,1,0,0, 0.00113417,-0.00158805,-0.00225104, 0.0020487, 0.00061820,buy
2021-03-26,0,0,0,0,0,2,0,1,0,1,0,0,0,0,0,0,0,1,0,0,0,0,0,0,1,0,0,0,0,1,0,0, 0.00207734, 0.00170134, 0.00441054, 0.0067123, 0.00762716,buy
2021-03-27,0,0,2,0,2,2,0,0,0,0,0,0,0,0,0,0,0,1,0,0,0,0,1,1,1,0,0,0,0,1,1,1,-0.00268504,-0.00449981,-0.00367498,-0.0048921,-0.00248040,sell
2021-03-28,0,0,2,0,2,2,1,0,0,0,1,0,0,0,0,0,0,1,0,0,0,0,1,1,1,0,0,0,1,1,1,1,-0.00778491,-0.00725374, 0.00139604,-0.0091619,-0.00115288,sell
2021-03-29,0,0,2,0,3,2,2,0,1,0,1,0,0,0,0,0,0,1,0,0,0,1,1,1,1,0,0,0,1,1,1,1,-0.00141416,-0.00120547, 0.00218912,-0.0022153, 0.00073290,buy
2021-03-30,0,0,2,0,3,2,2,0,1,0,1,0,0,0,1,0,0,1,0,0,0,1,1,1,0,0,0,0,1,1,1,1,-0.00555261,-0.00265839, 0.00214951,-0.0048918, 0.00082660,sell
2021-03-31,0,0,0,0,2,2,2,0,1,0,1,0,1,0,1,0,0,0,0,0,0,1,1,0,0,0,0,0,1,1,0,0,-0.00265251,-0.00017690,-0.00258337,-0.0022646,-0.00022500,sell
2021-04-01,0,0,0,0,1,2,3,0,1,0,0,1,1,0,1,0,0,0,0,0,0,1,0,0,0,0,0,0,1,1,0,0, 0.00503304, 0.00310422,-0.00104874, 0.0045561, 0.00428300,buy
2021-04-02,0,0,0,0,0,1,2,0,0,0,0,1,1,0,0,0,0,0,0,0,0,1,0,0,0,0,0,0,0,1,0,0, 0.00963383, 0.01002273, 0.00437468, 0.0092807, 0.01077370,buy
2021-04-03,0,0,0,0,0,1,3,0,0,0,0,1,1,0,0,0,0,0,0,0,0,1,0,0,0,1,0,0,0,1,0,0, 0.00296824, 0.00437733,-0.00014820, 0.0028691, 0.00115561,buy
2021-04-04,0,0,0,0,0,0,1,0,0,0,0,0,0,0,0,0,0,0,0,0,0,0,0,0,0,1,0,0,0,0,0,0,-0.00719772,-0.00555837,-0.00378205,-0.0007423,-0.00414435,sell
2021-04-05,0,0,0,0,0,0,1,0,0,0,0,0,0,0,0,0,0,0,0,0,0,0,0,0,0,1,0,0,0,0,0,0,-0.00719772,-0.00555837,-0.00378205,-0.0007423,-0.00414435,sell
2021-04-06,0,0,0,0,1,0,1,0,0,0,0,0,0,0,0,0,0,0,0,0,0,0,0,0,0,1,1,0,0,0,0,0,-0.00573451, 0.00328754, 0.00181739, 0.0013854,-0.00468850,buy
2021-04-07,0,1,1,0,1,0,1,0,0,0,0,0,0,0,0,0,1,0,0,0,0,0,0,0,0,1,1,0,0,0,0,1,-0.00151969, 0.00142414,-0.00319154, 0.0004229,-0.00230971,sell
2021-04-08,0,1,1,0,2,1,3,0,1,0,0,0,0,0,1,0,1,0,1,0,0,0,0,0,1,1,1,0,0,0,0,1,-0.00207306, 0.00033964,-0.00073132,-0.0023522,-0.00238013,sell
2021-04-09,0,2,1,0,3,1,4,0,1,0,0,0,1,0,1,0,1,0,1,1,0,0,0,1,1,1,1,0,0,0,0,1,-0.00454773,-0.00347461,-0.00363200,-0.0071990,-0.00151408,sell
2021-04-10,0,2,0,0,2,1,3,1,1,0,0,0,1,0,1,0,0,0,1,1,0,0,0,1,1,0,0,1,0,0,0,1,-0.00404751,-0.00735460,-0.00197374,-0.0033333,-0.00472619,sell
2021-04-11,0,1,0,0,1,0,3,1,0,0,0,0,1,0,0,0,0,0,1,1,0,0,0,1,1,0,0,1,0,0,0,0, 0.00034810, 0.00043719, 0.00043162, 0.0018944, 0.00223845,buy
2021-04-12,0,1,0,0,1,0,2,1,0,0,0,0,0,0,0,0,0,0,1,1,0,0,0,1,1,0,0,1,0,0,0,0,-0.00157118,-0.00176851,-0.00205144, 0.0004476, 0.00204903,sell
2021-04-13,0,1,0,0,1,0,2,1,0,0,0,0,0,0,0,0,0,1,1,1,0,0,0,1,0,0,0,1,0,0,0,0, 0.00475080, 0.00314788, 0.00421299, 0.0052077, 0.00453855,buy
2021-04-14,0,1,0,0,1,0,2,1,0,0,1,0,0,0,0,0,1,1,1,0,1,0,0,0,0,0,0,0,0,0,0,0, 0.00026171, 0.00127316, 0.00453813, 0.0069439, 0.00161019,buy
2021-04-15,0,1,0,0,1,0,2,1,0,0,1,0,0,0,0,0,1,1,1,0,1,0,0,0,0,0,0,0,0,0,0,0, 0.00026171, 0.00127316, 0.00453813, 0.0069439, 0.00161019,buy
2021-04-16,0,1,0,0,1,0,4,2,1,1,1,1,0,0,0,0,1,1,1,0,1,0,0,0,0,0,0,0,0,0,0,0, 0.00479128, 0.00688274,-0.00253489,-0.0017275,-0.00377514,sell
2021-04-17,0,0,0,0,0,0,4,2,1,1,0,1,0,1,0,0,0,1,1,0,1,0,0,0,0,0,0,0,0,0,0,0, 0.00232764,-0.00608566,-0.00144182,-0.0045077, 0.00078136,sell
2021-04-18,1,0,0,0,0,1,4,2,1,1,0,1,0,1,0,0,0,1,1,0,1,0,0,0,0,0,1,0,0,0,0,1,-0.00003342,-0.00474458, 0.00041300,-0.0031288, 0.00134340,sell
2021-04-19,1,0,0,0,0,1,2,0,0,1,0,0,0,1,0,0,0,0,1,0,0,0,0,0,0,0,1,0,0,0,0,1,-0.00701427, 0.00080366,-0.00129876,-0.0020170, 0.00068587,sell
2021-04-20,1,0,0,0,0,1,0,0,0,0,0,0,0,1,0,0,0,0,0,0,0,0,0,0,0,0,1,0,0,0,0,1, 0.00146131, 0.00358965,-0.00090415, 0.0017903, 0.00451238,buy
2021-04-21,2,0,0,0,0,2,0,0,0,0,1,0,0,0,0,0,1,0,0,0,0,0,0,0,0,0,1,0,0,0,1,1,-0.00094312, 0.00091377,-0.00039976,-0.0006791,-0.00316288,sell
2021-04-22,1,0,0,0,0,2,0,0,0,0,1,0,0,0,0,0,1,0,0,0,0,0,0,0,0,0,1,0,0,0,1,0, 0.00172119, 0.00685963, 0.00393051, 0.0054349, 0.00365920,buy
2021-04-23,1,0,0,0,0,1,0,1,0,0,1,0,0,0,1,1,1,0,0,0,0,0,0,0,0,0,0,0,1,0,1,0,-0.00357575, 0.00766370, 0.00014061, 0.0039490,-0.00042621,buy
2021-04-24,1,0,0,0,0,0,0,2,0,0,0,0,1,0,1,1,0,0,0,0,0,0,0,1,0,0,0,0,1,0,1,0, 0.00067917,-0.00106143, 0.00034573,-0.0029058, 0.00014352,sell
2021-04-25,1,0,0,0,0,1,0,2,0,0,0,0,1,0,1,1,0,0,0,1,0,0,0,1,0,0,0,0,1,0,0,0, 0.00116068,-0.00375554,-0.00012180,-0.0024459,-0.00030388,sell
2021-04-26,1,0,0,0,0,2,0,2,0,1,0,0,1,0,0,1,0,0,0,1,0,0,0,1,0,0,0,0,1,0,0,0, 0.00017081,-0.00354644,-0.00141110,-0.0017160,-0.00070939,sell
2021-04-27,1,0,0,0,0,3,0,0,0,1,0,0,0,0,0,1,0,0,0,1,0,0,0,1,0,1,0,0,0,0,0,0,-0.00210580,-0.00336293,-0.00186836,-0.0005933,-0.00448349,sell
2021-04-28,1,0,0,0,0,3,0,0,0,1,0,0,0,0,0,1,0,0,0,1,0,0,1,1,0,1,0,0,0,0,0,0, 0.00371446, 0.00238898, 0.00281971,-0.0007027, 0.00008207,buy
2021-04-29,1,0,0,0,0,3,1,0,0,1,1,0,0,0,0,0,0,0,0,1,0,0,1,1,0,1,0,0,0,0,0,0, 0.00301484, 0.00088619, 0.00314594,-0.0029133, 0.00267988,buy
2021-04-30,0,0,0,0,0,1,1,0,0,0,1,0,0,0,0,0,0,0,0,0,0,0,1,0,0,1,0,0,0,0,0,0, 0.00512932, 0.00708290, 0.00604490, 0.0041134, 0.00263635,buy
2021-05-01,1,0,0,0,0,1,2,1,0,0,1,1,0,0,0,0,0,0,0,0,0,1,1,0,0,1,1,0,0,0,0,0,-0.00195424,-0.00279960, 0.00401132,-0.0004551,-0.00555997,sell
2021-05-02,1,0,0,0,0,1,1,2,1,0,0,1,0,0,0,0,0,0,0,0,0,1,1,0,0,1,1,0,0,0,0,0,-0.00456649,-0.00877656,-0.00380362,-0.0034494,-0.00257804,sell
2021-05-03,1,0,0,0,0,1,1,2,1,0,0,1,0,0,0,0,0,0,0,0,0,1,1,0,0,1,1,0,0,0,0,0,-0.00456649,-0.00877656,-0.00380362,-0.0034494,-0.00257804,sell
2021-05-04,1,0,0,0,0,0,1,2,1,0,0,0,0,0,0,0,0,0,0,0,0,1,0,0,0,0,1,1,0,0,0,0,-0.00591561,-0.00166421,-0.00369100,-0.0024988, 0.00187300,sell
2021-05-05,1,0,0,0,0,0,0,1,0,0,0,0,0,0,0,0,0,0,0,0,0,1,0,0,0,0,0,1,0,0,0,0,-0.00372784,-0.00260108,-0.00340866,-0.0037428, 0.00458721,sell
2021-05-06,1,0,0,0,0,0,0,1,0,0,0,0,0,0,0,0,0,0,0,0,0,0,0,0,1,0,0,1,0,0,0,0, 0.00050621,-0.00357898,-0.00327008, 0.0011803, 0.00513177,sell
2021-05-07,1,0,0,0,0,0,0,2,0,0,0,0,0,0,0,0,1,0,0,0,0,0,0,0,1,0,0,1,0,0,0,0,-0.00304198,-0.00391267,-0.00311752, 0.0002588,-0.00328628,sell
2021-05-08,1,0,0,0,1,0,0,2,0,1,0,0,0,0,0,0,1,0,0,0,0,0,0,0,1,0,0,1,0,0,0,0,-0.00297965,-0.00417994,-0.00327656,-0.0006289,-0.00439314,sell
2021-05-09,0,0,0,0,2,0,0,2,0,1,0,0,0,0,1,0,1,0,0,0,0,0,0,0,1,0,0,0,0,0,0,0,-0.00364545,-0.00018494, 0.00046888,-0.0013812, 0.00063481,sell
2021-05-10,0,1,0,0,2,0,0,2,0,1,0,1,0,0,1,0,1,0,0,0,0,0,0,0,1,0,0,0,0,0,0,0,-0.00736586,-0.00499244,-0.00359811,-0.0000334,-0.00037552,sell
2021-05-11,1,1,0,0,2,0,1,0,0,1,0,1,1,0,1,0,0,0,0,1,0,0,0,0,0,0,0,0,0,0,0,0, 0.00317916, 0.00231208, 0.00619926, 0.0020479, 0.00103402,buy
2021-05-12,1,1,0,0,2,0,1,0,0,1,0,1,1,0,1,0,0,0,0,1,0,0,0,0,0,0,0,0,0,0,0,0, 0.00317916, 0.00231208, 0.00619926, 0.0020479, 0.00103402,buy
2021-05-13,1,1,0,0,1,0,1,0,0,1,0,1,1,0,0,0,0,0,0,1,0,0,0,0,0,0,0,0,0,0,0,0,-0.00075132,-0.00353451, 0.00339214,-0.0069227,-0.00757274,sell
2021-05-14,1,0,0,0,0,0,1,1,0,0,0,0,1,0,0,0,0,0,0,1,0,0,0,0,0,0,0,0,0,0,0,1,-0.00218440,-0.00437753,-0.00015916,-0.0062157,-0.00674869,sell
2021-05-15,1,0,0,0,0,0,1,1,0,0,0,0,0,0,0,0,0,0,0,1,1,0,0,0,0,0,0,0,0,0,0,1, 0.00370801,-0.00067200, 0.00197083, 0.0042310, 0.00306798,buy
2021-05-16,1,0,0,0,1,0,0,1,0,0,0,0,0,0,0,0,0,0,0,0,1,0,0,0,0,0,0,0,0,0,1,1, 0.00272545,-0.00607458, 0.00499495, 0.0040433, 0.00174483,buy
2021-05-17,1,1,0,0,1,0,0,1,0,0,0,0,0,0,0,0,0,0,0,0,1,0,0,0,0,0,0,1,0,0,1,1, 0.00291765,-0.00113399, 0.00695321, 0.0038667,-0.00614687,buy
2021-05-18,2,1,0,0,1,0,0,1,0,0,0,0,0,0,0,0,0,0,0,0,1,0,0,0,0,0,0,1,1,0,1,1,-0.00056128, 0.00024418, 0.00474809, 0.0054641,-0.00146184,buy
2021-05-19,2,1,0,0,1,1,0,1,0,0,0,0,0,0,0,0,0,1,1,0,1,0,0,0,0,0,0,1,1,0,1,0,-0.00494265,-0.00521202, 0.00036455,-0.0053104, 0.00077552,sell
2021-05-20,1,1,0,0,1,1,0,2,0,0,1,0,0,0,0,0,0,1,1,0,0,0,0,0,0,0,0,1,1,0,1,0,-0.00364115,-0.00040918,-0.00258558, 0.0018182, 0.00293544,sell
2021-05-21,1,0,0,0,1,1,0,2,0,0,1,0,0,0,0,0,0,1,1,0,0,0,0,0,0,1,0,0,1,0,0,0, 0.00522351, 0.00640631, 0.00288626, 0.0048096, 0.00433491,buy
2021-05-22,0,0,0,0,1,1,0,2,0,0,1,0,0,0,0,0,0,1,1,0,0,0,0,0,0,1,0,0,0,0,0,0,-0.00087499, 0.00173114, 0.00116275, 0.0020059, 0.00129850,buy
2021-05-23,0,0,0,0,1,1,0,2,0,0,1,0,0,0,0,0,0,1,1,0,0,0,0,0,0,1,0,0,0,0,0,0,-0.00087499, 0.00173114, 0.00116275, 0.0020059, 0.00129850,buy
2021-05-24,0,0,0,0,1,1,0,1,0,0,1,0,0,0,0,0,0,0,1,0,0,0,0,0,0,1,0,0,0,0,0,0,-0.00743507, 0.00198606, 0.00224858,-0.0044616,-0.00550622,sell
2021-05-25,0,0,0,0,1,1,0,1,0,0,1,0,0,0,0,0,0,0,1,0,0,0,0,0,0,1,0,0,0,0,0,0,-0.00743507, 0.00198606, 0.00224858,-0.0044616,-0.00550622,sell
2021-05-26,0,0,0,0,1,1,0,2,0,0,1,0,0,0,0,0,0,0,1,0,0,0,0,0,0,1,1,0,0,0,0,0, 0.00369350, 0.00524424, 0.00173094, 0.0045408, 0.00213782,buy
2021-05-27,0,0,0,0,1,1,0,2,0,0,1,0,0,0,0,1,0,0,1,0,0,0,0,0,0,1,1,0,0,0,0,0,-0.00064699, 0.00437737, 0.00361912, 0.0025157, 0.00017544,buy
2021-05-28,0,0,1,0,0,1,0,2,0,0,1,1,0,0,0,1,0,0,1,0,0,0,0,0,0,0,1,0,0,0,0,0, 0.00144096, 0.00344401, 0.00054661, 0.0036692, 0.00067803,buy
2021-05-29,0,0,2,0,0,2,0,2,0,0,1,1,0,0,0,1,0,0,1,0,0,0,0,0,0,0,1,1,0,0,1,0,-0.00103564, 0.00330972, 0.00366407, 0.0024364,-0.00338284,buy
2021-05-30,0,2,2,0,1,2,0,1,0,1,1,1,0,0,0,1,0,0,1,0,1,0,0,0,0,0,0,1,1,0,1,0, 0.00015038, 0.00231291, 0.00146260,-0.0012451,-0.00225710,buy
2021-05-31,0,2,2,0,2,2,0,1,0,1,1,1,0,0,0,0,0,0,1,0,1,0,1,0,0,0,0,1,1,0,1,0, 0.00209369, 0.00317953, 0.00100419, 0.0000523,-0.00202277,buy
2021-06-01,1,2,2,0,2,1,0,2,0,1,1,1,0,0,0,0,0,0,0,0,1,1,1,1,0,0,0,1,1,0,1,0, 0.00302576, 0.00135801, 0.00107515, 0.0016865,-0.00157604,buy
2021-06-02,2,2,0,0,2,1,0,2,0,1,1,0,0,0,0,0,0,0,0,0,1,1,1,1,1,0,0,0,1,0,1,0,-0.00234915, 0.00163561, 0.00280161, 0.0017675,-0.00010412,buy
2021-06-03,2,1,0,0,2,0,0,2,0,1,1,0,0,0,0,0,0,0,0,0,1,1,1,1,1,0,0,0,0,0,0,0,-0.00045652, 0.00009751, 0.00084956, 0.0037672,-0.00367781,buy
2021-06-04,2,0,0,0,2,0,0,2,0,1,1,0,0,0,0,0,0,0,0,0,0,1,1,1,1,0,0,0,0,0,0,0,-0.00024334, 0.00094478,-0.00413071, 0.0019647,-0.00403630,sell
2021-06-05,2,0,0,0,1,0,0,2,0,0,1,0,0,0,0,0,0,0,0,0,0,1,1,1,1,0,0,0,0,0,0,0, 0.00005144, 0.00043732,-0.00465173, 0.0016624,-0.00543090,sell
2021-06-06,0,0,0,0,0,0,0,2,0,0,1,0,0,0,0,0,0,0,0,0,0,0,0,1,0,0,0,0,0,0,0,0,-0.00081292,-0.00123106,-0.00280160,-0.0039385,-0.00269429,sell
2021-06-07,0,0,0,0,0,0,0,2,0,0,1,0,0,0,0,0,0,0,0,0,0,0,0,1,0,0,0,0,0,0,0,0,-0.00081292,-0.00123106,-0.00280160,-0.0039385,-0.00269429,sell
2021-06-08,0,0,0,0,0,0,0,1,0,0,1,0,0,0,0,0,0,0,0,0,0,0,0,0,0,0,0,0,0,0,0,0, 0.00175068, 0.00321137, 0.00431582,-0.0031380,-0.00446530,buy
2021-06-09,0,0,0,0,0,0,0,1,0,0,1,0,0,1,0,0,0,0,0,0,0,0,0,0,0,0,0,0,0,0,0,0, 0.00351164, 0.00171884, 0.00279673, 0.0008187, 0.00129920,buy
2021-06-10,0,0,0,0,0,0,0,0,0,0,0,0,0,1,0,0,0,0,0,0,0,0,0,0,0,0,0,0,0,0,0,0, 0.00377324, 0.00314857, 0.00242156, 0.0027487, 0.00326992,buy
2021-06-11,0,0,1,0,0,0,1,1,0,0,0,0,0,1,0,0,0,0,0,1,0,0,0,0,0,0,0,0,1,0,1,0, 0.00291141,-0.00180483,-0.00013263,-0.0021176,-0.00106964,sell
2021-06-12,0,0,1,0,0,0,1,1,0,0,0,0,0,1,0,0,0,0,0,1,0,0,0,0,0,0,0,0,1,0,1,0, 0.00291141,-0.00180483,-0.00013263,-0.0021176,-0.00106964,sell
2021-06-13,0,0,1,0,0,0,1,1,0,0,0,0,0,0,0,0,0,0,0,1,0,0,0,0,0,0,0,0,1,0,1,0, 0.00220777,-0.00433239, 0.00163190,-0.0018875, 0.00124195,buy
2021-06-14,0,1,1,0,0,1,2,2,0,1,0,0,0,0,0,0,1,0,0,1,0,0,0,0,1,0,0,0,1,0,1,1,-0.00161244,-0.00424167,-0.00576506, 0.0003372,-0.00606648,sell
2021-06-15,0,1,1,0,1,1,1,2,0,1,0,0,0,0,0,1,1,0,0,1,1,0,0,0,1,0,0,0,0,0,0,1,-0.00402714,-0.00556848,-0.00218883,-0.0033883,-0.00325683,sell
2021-06-16,0,1,1,0,1,1,1,2,0,1,0,0,0,0,0,1,1,0,0,1,1,0,0,0,1,0,0,0,0,0,0,1,-0.00402714,-0.00556848,-0.00218883,-0.0033883,-0.00325683,sell
2021-06-17,0,2,1,0,1,2,1,1,0,1,0,0,0,0,0,1,1,0,0,0,1,1,1,0,1,0,0,0,0,0,0,1,-0.00629756,-0.00701198,-0.00046454,-0.0005881,-0.00132691,sell
2021-06-18,0,2,1,0,1,2,1,1,0,1,0,0,0,0,0,1,1,0,0,0,1,1,1,0,1,0,0,0,0,0,0,1,-0.00629756,-0.00701198,-0.00046454,-0.0005881,-0.00132691,sell
2021-06-19,1,1,1,0,0,1,1,1,0,0,0,0,0,0,0,0,1,0,0,0,1,1,1,0,0,0,1,0,0,0,0,1,-0.00129098, 0.00158178,-0.00257760, 0.0016034,-0.00460532,sell
2021-06-20,1,1,0,0,0,1,0,0,0,0,0,0,0,0,0,0,0,0,0,0,0,1,1,0,0,0,1,0,0,0,0,0,-0.00173751,-0.00101933,-0.00218941,-0.0043827,-0.00298193,sell
2021-06-21,2,1,0,0,0,1,0,0,0,0,0,0,0,0,0,0,0,1,0,0,0,1,1,0,0,0,1,0,0,0,0,0,-0.00144516, 0.00080481,-0.00266235, 0.0015538,-0.00477496,sell
2021-06-22,2,0,0,1,0,0,0,0,0,0,0,0,0,0,0,0,0,1,0,0,0,0,0,0,0,0,1,1,0,0,0,0,-0.00842511,-0.00343766,-0.00859509,-0.0000605,-0.00578555,sell
2021-06-23,2,0,0,1,0,0,0,0,0,0,0,0,0,0,0,0,0,1,0,0,0,0,0,0,0,0,1,1,0,0,0,0,-0.00842511,-0.00343766,-0.00859509,-0.0000605,-0.00578555,sell
2021-06-24,1,0,0,1,0,0,0,0,0,0,0,0,0,0,0,0,0,1,0,0,0,0,0,0,0,0,0,1,0,0,0,0,-0.00254874,-0.00541546, 0.00243699, 0.0048532, 0.01003677,buy
2021-06-25,1,0,0,1,0,0,0,0,0,0,0,0,0,0,0,0,0,1,0,0,0,0,0,0,0,0,0,1,0,0,0,0,-0.00254874,-0.00541546, 0.00243699, 0.0048532, 0.01003677,buy
2021-06-27,0,0,1,0,0,1,0,0,0,0,0,0,0,0,0,1,0,0,0,0,0,0,0,0,1,0,0,0,0,0,0,0, 0.00763678, 0.00659072, 0.00754715, 0.0066384, 0.00507385,buy
2021-06-28,0,0,1,0,0,1,0,0,0,0,0,0,0,0,0,1,0,0,0,0,0,0,0,0,1,0,0,0,0,0,0,0, 0.00763678, 0.00659072, 0.00754715, 0.0066384, 0.00507385,buy
2021-06-29,0,0,1,0,0,1,0,0,0,0,0,0,0,0,0,1,0,0,0,0,0,0,0,0,1,0,0,0,0,0,0,0, 0.00763678, 0.00659072, 0.00754715, 0.0066384, 0.00507385,buy
2021-06-30,0,0,1,0,0,1,0,0,0,0,0,0,0,0,0,1,0,0,0,0,0,0,0,0,1,0,0,0,0,0,0,0, 0.00763678, 0.00659072, 0.00754715, 0.0066384, 0.00507385,buy
2021-07-01,0,0,0,0,0,1,0,0,0,0,0,0,0,0,0,1,0,0,0,0,0,0,0,0,0,0,0,0,0,0,0,0, 0.00428040, 0.00595978, 0.00344803, 0.0009183, 0.00470337,buy
2021-07-02,0,1,1,0,1,2,0,0,0,0,0,0,0,0,0,1,0,0,1,0,0,1,0,0,0,0,1,0,0,0,0,1, 0.00103338,-0.00133612,-0.00091978, 0.0002400, 0.00180786,buy
2021-07-03,0,1,1,0,1,2,1,0,0,0,0,0,0,0,0,1,0,0,1,0,0,1,1,0,0,0,1,0,0,0,0,1, 0.00181956,-0.00204322, 0.00464864, 0.0002836, 0.00631991,buy
2021-07-04,0,1,1,0,1,1,1,1,0,0,1,0,0,0,0,0,0,0,1,0,0,1,1,0,0,0,1,0,0,0,0,1,-0.00469319,-0.00255122,-0.00302568,-0.0012134,-0.00105203,sell
2021-07-05,0,1,1,1,1,1,1,2,0,0,1,0,0,0,0,0,1,0,1,0,0,1,1,0,0,0,1,0,1,0,0,1,-0.00415736,-0.00264917,-0.00352224,-0.0041049,-0.00183352,sell
2021-07-06,0,1,1,1,1,1,1,2,0,0,1,1,0,0,0,0,1,1,1,0,0,0,1,0,0,0,0,0,1,0,0,1,-0.00116123,-0.00044541,-0.00078175, 0.0023919,-0.00105404,sell
2021-07-07,0,2,1,1,1,1,1,3,0,0,1,1,1,0,0,0,1,1,1,0,0,0,1,0,0,0,0,0,1,0,1,1,-0.00142022,-0.00117676,-0.00209100,-0.0016504,-0.00327165,sell
2021-07-08,0,2,1,1,1,0,0,3,0,0,1,1,1,0,0,0,1,1,1,0,0,0,0,0,0,0,0,0,1,0,1,0, 0.00608700, 0.00428490, 0.00156528, 0.0023146, 0.00148881,buy
2021-07-09,0,2,1,0,1,1,0,2,0,0,0,1,1,0,1,0,1,1,1,0,0,0,0,0,0,0,0,0,0,0,1,0, 0.00024634, 0.00147164,-0.00047457, 0.0017803, 0.00149029,buy
2021-07-10,0,2,1,0,1,1,0,2,0,0,0,1,1,0,1,0,1,1,1,0,0,0,0,0,0,1,0,0,0,0,1,0, 0.00008647,-0.00149069,-0.00205887,-0.0011906, 0.00142097,sell
2021-07-11,1,0,0,0,2,1,0,0,1,0,0,0,0,0,1,0,0,0,1,0,0,0,0,0,0,1,0,0,0,1,0,0,-0.00293949,-0.00373470,-0.00254427,-0.0046041, 0.00020746,sell
2021-07-12,1,0,0,0,2,1,0,0,1,0,0,0,0,0,1,0,0,0,1,0,0,0,0,0,0,1,0,0,0,1,0,0,-0.00293949,-0.00373470,-0.00254427,-0.0046041, 0.00020746,sell
2021-07-13,2,0,0,0,2,1,0,0,1,1,0,0,0,0,0,0,0,0,1,1,0,0,0,0,0,1,0,0,0,1,0,0, 0.00042244,-0.00217143,-0.00186035,-0.0019446, 0.00004218,sell
2021-07-14,2,0,1,0,2,2,0,0,1,1,0,0,0,0,0,1,0,0,1,1,0,0,0,0,0,1,1,0,0,1,0,0,-0.00264166, 0.00454399,-0.00424880,-0.0002984,-0.00401686,sell
2021-07-15,1,0,1,1,1,2,0,0,0,1,0,0,0,0,0,1,0,0,0,1,1,0,0,0,0,1,1,0,0,1,0,0, 0.00558570, 0.00508406,-0.00185672,-0.0022737, 0.00110598,buy
2021-07-16,1,0,2,1,1,2,0,0,0,1,0,0,0,0,0,1,0,0,0,1,1,0,0,0,0,1,1,1,0,1,0,0,-0.00113343,-0.00222437,-0.00752629,-0.0062266,-0.00669798,sell
2021-07-17,1,0,3,1,1,2,0,0,0,1,0,0,1,0,0,1,0,0,0,1,1,0,0,0,0,1,1,1,0,1,0,0, 0.00127164,-0.00149396, 0.00131217, 0.0011970, 0.00115225,buy
2021-07-18,0,0,2,1,1,1,0,0,0,0,0,0,1,0,0,1,0,0,0,0,1,0,0,0,0,0,0,1,0,1,0,0, 0.00323760, 0.00299960, 0.00303366, 0.0015749, 0.00349817,buy
2021-07-19,0,0,2,1,1,1,1,0,0,0,0,0,1,0,1,1,0,0,0,0,1,0,0,0,0,0,0,1,0,1,0,0, 0.00424101, 0.00266709, 0.00338649,-0.0017534, 0.00355587,buy
2021-07-20,0,1,0,0,2,1,1,0,1,0,0,0,0,0,1,1,0,0,0,0,0,0,0,0,0,0,0,0,0,1,0,1, 0.00765823, 0.00545514, 0.00545979, 0.0055484, 0.00439253,buy
2021-07-21,0,1,1,1,2,1,2,0,1,0,0,0,0,0,1,1,0,1,0,0,0,0,0,1,1,0,0,0,0,1,0,1,-0.00101487,-0.00004938, 0.00092926,-0.0024544,-0.00278029,sell
2021-07-22,0,1,1,1,2,0,1,0,1,0,0,0,0,0,0,0,0,1,0,0,0,0,0,1,1,0,0,0,0,1,0,1, 0.00125659,-0.00314926, 0.00540299, 0.0013185, 0.00248359,buy
2021-07-23,1,0,1,1,2,0,1,0,0,0,1,0,0,0,0,0,0,1,0,0,0,0,0,1,1,0,0,0,0,1,0,1, 0.00278636,-0.00093753, 0.00171953,-0.0044112, 0.00009927,buy
2021-07-24,1,0,1,2,2,0,1,0,0,0,1,1,0,0,0,0,0,1,0,0,0,0,0,1,1,0,0,0,0,1,0,1, 0.00251275,-0.00026282,-0.00201905, 0.0024231, 0.00353399,buy
2021-07-25,1,0,1,1,3,0,1,0,0,1,1,1,0,0,0,0,0,1,0,0,0,0,0,1,0,0,0,0,0,1,0,1,-0.00089984, 0.00069776, 0.00118938, 0.0054351, 0.00484596,buy
2021-07-26,0,0,0,1,3,0,1,0,0,1,0,1,0,0,0,0,0,0,0,0,0,0,0,1,0,0,0,0,0,1,0,1,-0.00108145,-0.00052334, 0.00198300,-0.0002716, 0.00120753,buy
2021-07-27,0,0,1,0,2,0,1,0,1,1,0,0,0,0,0,0,0,0,0,0,0,0,0,1,0,0,0,0,0,1,0,0,-0.00203607,-0.00165803, 0.00246677,-0.0024183,-0.00459047,sell
2021-07-28,0,2,1,0,1,0,1,0,1,1,0,0,0,0,0,0,0,0,0,1,0,0,0,1,0,0,0,1,0,0,0,0,-0.00454610,-0.00402786,-0.00511052,-0.0041417,-0.00509699,sell
2021-07-29,0,2,1,0,0,0,2,0,0,0,0,0,0,0,0,0,1,0,0,1,0,0,0,1,0,0,0,1,1,0,0,0, 0.00207197, 0.00595756, 0.00321549, 0.0029945, 0.00049314,buy
2021-07-30,0,3,1,0,0,0,1,0,0,0,1,0,0,1,0,0,1,0,0,1,0,0,0,0,0,0,0,1,1,0,0,0, 0.00079204,-0.00319023, 0.00248758, 0.0077495, 0.00027815,buy
2021-07-31,0,3,1,1,0,0,1,0,0,0,1,0,0,1,0,0,1,0,0,1,0,1,0,0,0,0,0,1,1,0,0,0, 0.00202304,-0.00104002, 0.00212666, 0.0077362, 0.00268697,buy
2021-08-01,1,3,1,2,0,0,0,0,0,0,1,0,1,1,0,0,0,0,0,1,0,1,0,0,0,0,0,1,1,0,1,0,-0.00086674,-0.00435246,-0.00186275,-0.0021099, 0.00005464,sell
2021-08-02,1,0,0,2,1,0,0,0,0,0,0,0,1,1,0,1,0,0,0,0,0,1,0,0,0,0,0,0,0,0,1,0,-0.00034291, 0.00126170,-0.00363915, 0.0042860,-0.00146899,sell
2021-08-03,1,0,0,1,1,0,0,1,0,0,0,0,0,1,1,1,0,0,0,0,0,1,0,0,0,0,0,0,0,0,1,0, 0.00349765, 0.00345219,-0.00341539, 0.0032636, 0.00105512,buy
2021-08-04,1,0,0,1,1,0,0,2,0,0,0,0,0,0,1,1,0,0,0,0,0,1,1,0,0,0,0,0,0,0,1,0,-0.00375192,-0.00033056, 0.00145796,-0.0014100,-0.00216583,sell
2021-08-05,0,0,0,0,1,0,0,2,0,0,0,0,0,0,1,1,0,0,0,0,0,0,1,0,0,0,0,0,0,0,0,0, 0.00638802, 0.00718397, 0.00469688, 0.0066346, 0.00353482,buy
2021-08-06,0,0,0,0,1,0,0,1,0,0,0,0,0,0,0,1,0,0,0,0,0,0,1,0,0,0,0,0,0,0,0,0, 0.00414369, 0.00729921, 0.00047659, 0.0054051, 0.00105769,buy
2021-08-07,0,0,1,0,1,1,0,1,0,0,1,0,0,0,0,1,1,0,0,0,0,0,1,0,0,0,0,0,0,0,0,0, 0.00088418, 0.00127456, 0.00122784,-0.0001095, 0.00087957,buy
2021-08-08,0,0,2,1,0,1,0,1,0,0,1,1,0,0,0,0,1,0,0,0,0,0,1,0,0,0,1,0,0,0,0,0,-0.00250962, 0.00119603,-0.00336144, 0.0004585,-0.00103871,sell
2021-08-09,0,1,2,1,0,1,0,1,0,0,1,1,0,0,0,0,1,0,0,0,0,0,1,0,0,0,1,0,1,0,0,0,-0.00148733, 0.00053950,-0.00148425,-0.0007244,-0.00259015,sell
2021-08-10,1,1,1,2,0,1,0,0,1,0,0,1,0,0,0,0,1,0,0,0,0,0,0,0,0,0,1,1,1,0,0,0,-0.00160048,-0.00335459,-0.00130645,-0.0005147, 0.00169264,sell
2021-08-11,1,1,0,2,0,0,0,0,1,0,0,0,0,0,0,0,0,0,0,0,0,0,0,0,0,0,1,1,1,0,0,0,-0.00382793,-0.00546124,-0.00013436, 0.0003333, 0.00108588,sell
2021-08-12,1,1,1,1,0,0,0,0,1,0,0,0,0,0,0,0,0,0,0,0,0,0,0,0,1,0,0,1,1,0,0,0,-0.00385213,-0.00750194,-0.00181186,-0.0026854,-0.00224406,sell
2021-08-13,1,1,2,0,0,0,0,0,0,0,0,0,0,0,0,0,0,0,0,1,0,0,0,0,1,0,0,1,1,0,0,0,-0.00254667,-0.00510816,-0.00388580,-0.0035274,-0.00445761,sell
2021-08-14,0,1,2,0,0,0,0,0,0,0,0,0,0,0,0,0,0,0,0,1,0,0,0,0,1,0,0,0,0,0,1,0,-0.00163504,-0.00174294, 0.00048142,-0.0018260, 0.00019675,sell
2021-08-15,0,1,4,0,0,0,0,0,0,0,0,0,1,0,0,0,0,0,0,1,1,0,0,0,1,0,0,0,0,0,1,0,-0.00473106,-0.00501711,-0.00502579,-0.0068069, 0.00127913,sell
2021-08-16,0,2,3,0,0,0,0,0,0,0,0,1,1,0,0,0,0,0,0,1,1,0,0,0,0,0,0,0,0,0,1,0, 0.00264492,-0.00097713,-0.00291632,-0.0041704,-0.00581651,sell
2021-08-17,0,2,3,0,0,0,0,0,0,1,0,1,1,0,0,0,0,0,0,1,1,0,0,0,0,0,0,0,0,0,1,0,-0.00215225,-0.00300575,-0.00327444,-0.0047433,-0.00420389,sell
2021-08-18,0,1,2,1,1,0,0,0,0,1,0,1,1,0,0,0,1,1,0,0,1,0,0,0,0,0,0,0,0,0,0,0,-0.00143982,-0.00404507,-0.00048466,-0.0046135,-0.00443364,sell
2021-08-19,1,0,1,1,1,0,0,0,0,1,0,0,0,0,1,0,1,1,0,0,1,0,0,0,0,0,0,0,0,0,0,0,-0.00086234,-0.00322994,-0.00234174,-0.0048310,-0.00254808,sell
2021-08-20,1,0,0,1,1,1,0,0,0,1,0,0,0,0,1,0,1,1,0,0,0,0,0,1,0,0,0,0,0,0,0,0, 0.00112559, 0.00349214, 0.00210722, 0.0016818, 0.00531975,buy
2021-08-21,2,0,0,1,1,1,0,0,0,1,0,0,0,0,1,0,1,1,0,0,0,0,0,1,0,0,0,0,1,0,0,0,-0.00045861,-0.00759784,-0.00624538,-0.0070373,-0.00301194,sell
2021-08-22,1,0,0,0,0,1,0,0,0,0,0,0,0,0,0,0,0,0,0,0,0,0,0,1,0,0,0,0,1,0,0,0,-0.00504673,-0.00427099,-0.00415533,-0.0037831,-0.00810404,sell
2021-08-23,1,0,0,1,0,1,0,0,0,0,1,0,0,0,0,0,0,0,0,0,0,0,0,1,0,0,0,0,1,0,0,0,-0.00120232,-0.00372953,-0.00557015,-0.0021178, 0.00035328,sell
2021-08-24,1,2,0,1,0,1,0,0,0,0,1,0,1,0,0,0,0,0,0,0,0,0,0,1,1,0,0,0,1,0,0,0,-0.00154220,-0.00225047,-0.00360057,-0.0008276,-0.00236186,sell
2021-08-25,2,2,0,1,0,1,0,0,0,0,1,1,1,0,0,0,0,0,0,0,0,0,0,1,1,0,0,0,1,0,0,0,-0.00172366, 0.00111980, 0.00016421, 0.0006602, 0.00021706,buy
2021-08-26,1,2,1,1,0,1,0,0,1,0,1,1,1,0,0,0,0,0,0,0,0,0,0,1,1,0,0,0,0,0,0,0,-0.00143597,-0.00534052,-0.00420548,-0.0034166,-0.00526060,sell
2021-08-27,1,2,2,0,0,1,0,0,1,0,0,1,1,0,0,0,0,0,0,0,0,0,0,1,1,0,0,0,0,0,1,0, 0.00070435,-0.00017022,-0.00454629, 0.0037734,-0.00051817,sell
2021-08-28,0,1,2,0,0,1,0,0,1,0,0,0,0,0,1,0,0,0,0,0,0,0,0,1,0,0,0,0,0,0,1,0, 0.00127051,-0.00258507, 0.00122817,-0.0012997,-0.00485369,sell
2021-08-29,0,1,2,0,0,0,0,0,0,0,0,0,0,0,1,0,0,0,0,0,0,1,0,0,0,0,0,0,0,0,1,0, 0.00294228, 0.00247652, 0.00451595, 0.0043088,-0.00028043,buy
2021-08-30,0,2,2,0,0,0,0,0,0,0,0,0,0,0,1,0,0,0,0,0,1,1,0,0,0,0,0,0,0,0,1,0, 0.00096143,-0.00415210, 0.00424124, 0.0033512,-0.00440562,buy
2021-08-31,0,2,1,0,0,0,0,0,0,0,0,0,0,0,1,0,0,0,0,0,1,1,0,0,0,0,0,0,0,0,0,1, 0.00326161,-0.00047818, 0.00770543, 0.0070396,-0.00010244,buy
2021-09-01,0,1,1,0,1,0,0,0,0,0,0,0,0,0,0,0,0,0,0,0,1,1,0,0,0,1,0,0,0,0,0,1,-0.00093592, 0.00017627,-0.00139941,-0.0020476,-0.00477097,sell
2021-09-02,0,1,2,0,1,0,0,0,0,0,0,0,0,0,0,0,0,0,0,0,1,1,0,0,0,1,1,0,0,0,0,1,-0.00355049,-0.00503040,-0.00114652,-0.0025491,-0.00571181,sell
2021-09-03,1,1,1,0,1,0,0,0,0,0,0,0,1,0,0,0,0,0,0,0,1,0,0,0,0,1,1,0,0,0,0,1,-0.00120570, 0.00143211,-0.00177635, 0.0011096, 0.00052416,buy
2021-09-04,1,0,1,0,1,0,0,1,0,0,0,0,1,0,0,0,0,0,0,0,0,0,0,0,0,1,1,1,0,0,0,1,-0.00487824, 0.00056036,-0.00388195, 0.0005416, 0.00040507,sell
2021-09-05,3,1,1,0,1,0,0,1,1,0,0,0,1,0,0,0,0,0,0,0,0,0,1,0,1,1,1,1,0,0,0,1,-0.00374613,-0.00021585,-0.00203298,-0.0015381, 0.00510307,sell
2021-09-06,3,1,0,0,1,0,0,1,1,0,0,0,1,0,0,0,0,0,0,0,0,0,1,0,1,1,0,1,0,0,0,1,-0.00060151, 0.00111378,-0.00079384,-0.0005037, 0.00380979,buy
2021-09-07,2,1,0,0,1,0,0,1,1,0,0,0,0,0,0,0,0,0,0,0,0,0,1,0,1,1,0,1,0,0,0,0, 0.00027163, 0.00127083,-0.00041939,-0.0031342,-0.00045040,sell
2021-09-08,2,1,1,0,1,0,0,0,1,0,0,0,0,0,1,0,0,0,0,0,0,0,1,0,1,1,0,0,0,0,0,0,-0.00496101,-0.00506478,-0.00021554,-0.0011372,-0.00531854,sell
2021-09-09,1,0,1,0,1,0,0,0,0,0,0,0,0,0,1,0,0,0,0,0,0,0,1,0,0,1,0,0,0,0,0,0,-0.00454699,-0.00425179,-0.00018138, 0.0009792, 0.00080665,sell
2021-09-10,0,0,1,0,0,0,0,0,0,0,0,0,0,0,1,0,0,0,0,0,0,0,0,0,0,0,0,0,0,0,0,0,-0.00061647,-0.00401729,-0.00164569,-0.0001949,-0.00070528,sell
2021-09-11,0,0,1,0,0,0,0,0,0,0,0,0,0,0,1,0,0,0,0,0,0,0,0,0,0,0,0,0,0,0,0,0,-0.00061647,-0.00401729,-0.00164569,-0.0001949,-0.00070528,sell
2021-09-12,0,0,1,1,0,0,0,0,0,0,0,0,0,0,1,0,0,0,0,1,0,0,0,0,0,0,0,0,0,0,0,0,-0.00104910,-0.00595371,-0.00004431,-0.0005353,-0.00048499,sell
2021-09-13,0,1,0,1,0,0,0,0,0,0,0,0,0,0,0,0,0,0,0,1,0,1,0,0,0,0,0,0,0,0,0,0,-0.00492668, 0.00176815, 0.00036520,-0.0031084, 0.00014181,sell
2021-09-14,0,1,1,1,0,0,0,0,0,0,0,0,0,0,0,0,0,1,0,1,0,1,0,0,0,0,0,0,0,0,0,0, 0.00029240, 0.00626711, 0.00274869, 0.0066733, 0.00287307,buy
2021-09-15,1,2,2,1,0,0,0,1,0,0,1,0,0,0,0,0,0,1,0,1,1,1,0,0,0,0,1,0,1,0,0,0, 0.00282649, 0.00094097, 0.00500996, 0.0012921, 0.00196231,buy
2021-09-16,1,2,2,1,0,0,0,1,0,0,1,0,0,0,0,0,0,1,0,1,1,1,0,0,0,0,1,0,1,0,0,0, 0.00282649, 0.00094097, 0.00500996, 0.0012921, 0.00196231,buy
2021-09-17,1,2,2,0,0,0,0,1,0,0,1,0,0,0,0,0,0,1,0,0,1,1,0,0,0,0,1,0,1,0,0,0, 0.00400556, 0.00718651, 0.00561150, 0.0048600, 0.00205492,buy
2021-09-18,2,1,2,0,0,1,0,1,1,0,1,0,0,0,0,0,0,1,0,0,1,0,0,0,0,0,1,0,1,1,0,0,-0.00106572,-0.00017549,-0.00347061, 0.0000788,-0.00030146,sell
2021-09-19,2,0,1,0,0,1,0,1,1,0,1,1,0,0,0,0,0,0,0,0,1,0,0,0,0,0,0,0,0,1,0,0, 0.00052577,-0.00329401,-0.00437180,-0.0008527,-0.00331697,sell
2021-09-20,1,1,1,0,1,1,0,1,1,0,1,1,0,0,0,0,0,0,0,0,0,0,1,1,0,0,0,0,0,1,0,0,-0.00277400,-0.00545342,-0.00545083,-0.0049626,-0.00812345,sell
2021-09-21,1,1,1,1,1,1,0,1,1,0,1,1,0,0,0,0,0,0,0,0,0,0,1,1,0,0,0,0,0,1,1,0, 0.00145625,-0.00228525, 0.00130106, 0.0023450, 0.00548987,buy
2021-09-22,1,1,0,1,1,1,0,1,1,0,0,1,0,0,0,0,0,0,0,0,0,0,1,1,0,0,0,0,0,1,1,0,-0.00662669,-0.00488680,-0.00414636, 0.0016691,-0.00112652,sell
2021-09-23,1,1,0,1,1,1,0,1,1,0,0,1,0,0,0,0,0,0,0,0,0,0,1,1,0,0,0,0,0,1,1,0,-0.00662669,-0.00488680,-0.00414636, 0.0016691,-0.00112652,sell
2021-09-24,1,1,0,1,1,1,0,1,1,0,0,1,0,0,0,0,0,0,0,0,0,0,1,1,0,0,0,0,0,1,1,0,-0.00662669,-0.00488680,-0.00414636, 0.0016691,-0.00112652,sell
2021-09-25,1,0,0,1,1,1,0,1,1,0,0,1,0,0,0,0,0,0,0,0,0,0,0,1,0,0,0,0,0,1,1,0, 0.00166473,-0.00518977,-0.00360651,-0.0031370,-0.00442042,sell
2021-09-26,0,0,0,0,1,1,0,1,0,0,0,1,0,0,0,0,0,0,0,0,0,0,0,1,0,0,0,0,0,1,0,0, 0.00296277,-0.00354986, 0.00032004, 0.0005501,-0.00016891,buy
2021-09-27,2,0,0,0,1,1,0,1,0,0,0,1,0,0,0,0,0,0,0,0,0,1,0,1,0,0,1,0,0,1,0,0,-0.00295969, 0.00239989,-0.00062974,-0.0040596,-0.00033080,sell
2021-09-28,2,1,0,0,1,1,0,1,0,0,0,1,0,0,0,0,0,1,0,0,0,1,0,1,0,0,1,0,0,1,0,0,-0.00293487, 0.00236512,-0.00145756,-0.0004361,-0.00078412,sell
2021-09-29,2,1,0,0,1,1,0,2,0,0,0,1,0,0,0,0,0,1,0,0,0,1,0,1,1,0,1,0,0,1,0,0, 0.00159520, 0.00095472,-0.00204748, 0.0040343, 0.00149573,buy
2021-09-30,3,1,0,0,1,1,1,2,1,0,0,1,0,0,0,1,0,1,0,0,0,1,0,0,1,0,1,1,0,1,0,0,-0.00203055,-0.00046165, 0.00017174,-0.0036557,-0.00316233,sell
2021-10-01,3,1,0,0,1,1,1,2,1,0,0,1,0,0,0,1,0,1,0,0,0,1,0,0,1,0,1,1,0,1,0,0,-0.00203055,-0.00046165, 0.00017174,-0.0036557,-0.00316233,sell
2021-10-02,1,1,0,0,1,2,1,2,1,0,0,1,0,0,0,1,0,1,1,0,0,0,0,0,1,1,0,1,0,1,0,0, 0.00142657, 0.00135620, 0.00081507,-0.0038105, 0.00235265,buy
2021-10-03,1,0,1,0,1,2,1,1,1,0,1,1,0,0,0,1,0,0,1,0,0,0,0,0,0,1,0,1,0,1,0,0, 0.00299706, 0.00446810, 0.00180478, 0.0081185, 0.00670977,buy
2021-10-04,1,0,1,0,0,2,1,1,1,0,1,1,0,0,0,0,0,0,1,0,0,0,0,0,0,1,0,1,0,1,0,0,-0.00212299, 0.00063226,-0.00371950, 0.0075781,-0.00090262,sell
2021-10-05,1,0,2,0,0,2,0,0,1,0,1,0,0,0,0,0,0,0,1,0,0,0,1,0,0,1,0,0,0,1,0,0,-0.00593959,-0.00868294,-0.00353466, 0.0025050,-0.00782405,sell
2021-10-06,1,0,2,0,0,2,0,0,1,0,1,0,0,0,0,0,0,0,1,0,0,0,1,0,0,1,0,0,0,1,0,0,-0.00593959,-0.00868294,-0.00353466, 0.0025050,-0.00782405,sell
2021-10-07,0,0,2,0,0,2,0,0,0,0,1,0,0,0,0,0,0,0,1,0,0,0,1,0,0,1,0,0,0,1,0,0,-0.00156049,-0.00709168,-0.00118907,-0.0011457,-0.00704042,sell
2021-10-08,0,0,1,0,0,3,0,0,0,1,0,0,0,1,0,1,0,0,1,0,0,0,1,0,0,1,0,0,0,1,0,0,-0.00254798, 0.00039160,-0.00046531,-0.0013308,-0.00022526,sell
2021-10-09,0,0,0,0,0,3,0,0,0,1,0,0,0,1,0,1,0,0,1,0,0,0,0,0,0,1,0,0,0,1,0,0,-0.00329120, 0.00035293,-0.00129687,-0.0018851,-0.00060220,sell
2021-10-10,0,0,1,0,0,3,0,0,0,1,0,0,0,1,1,1,0,0,1,0,0,0,0,0,0,1,0,0,0,1,0,0,-0.00267856, 0.00039160, 0.00021061,-0.0011477, 0.00033967,sell
2021-10-11,0,0,1,0,0,2,1,0,0,1,0,0,0,0,1,0,0,0,1,0,0,0,0,0,0,1,0,0,1,1,0,0, 0.00203234, 0.00068096, 0.00260188, 0.0010456, 0.00155362,buy
2021-10-12,0,0,2,0,1,1,1,0,0,0,0,0,0,0,1,0,1,0,1,1,0,0,0,0,0,0,0,0,1,1,0,0,-0.00475390,-0.00505530,-0.00208406,-0.0052498,-0.00546661,sell
2021-10-13,1,0,2,0,1,1,1,0,0,0,0,0,0,0,1,0,1,1,1,1,0,0,0,0,0,0,0,0,1,1,0,0, 0.00056108,-0.00250959,-0.00148023,-0.0017870, 0.00302553,sell
2021-10-14,1,0,2,0,1,2,1,0,0,0,0,0,0,0,1,0,1,1,1,1,0,0,0,0,0,0,0,1,1,1,0,0, 0.00506995, 0.00583420, 0.00497736, 0.0045877, 0.00814491,buy
2021-10-15,1,0,1,0,1,2,2,1,0,0,0,0,0,0,0,1,1,1,0,1,1,0,0,0,0,0,0,1,1,1,0,0, 0.00062867,-0.00201426, 0.00024220, 0.0012801,-0.00209410,sell
2021-10-16,1,0,1,0,0,2,1,1,0,0,0,0,0,0,0,1,0,1,0,1,1,0,0,0,0,0,0,1,0,1,0,0, 0.00353512,-0.00090706,-0.00240648, 0.0021749,-0.00165773,sell
2021-10-17,1,0,0,0,0,2,1,1,0,0,0,0,0,0,0,1,0,1,0,0,1,0,0,0,0,0,0,1,0,1,0,0,-0.00309382,-0.00567426,-0.00491336,-0.0032648,-0.00426051,sell
2021-10-18,0,0,1,0,0,1,1,1,0,0,0,0,0,0,0,1,0,0,0,0,1,0,0,0,0,0,0,0,0,1,1,0,-0.00208400,-0.00466975,-0.00620609,-0.0032106,-0.00513932,sell
2021-10-19,0,0,1,0,1,1,0,1,0,0,0,0,0,0,0,0,0,0,0,0,1,0,0,0,0,0,0,0,0,1,1,1, 0.00155168, 0.00004137, 0.00236966, 0.0024189, 0.00060775,buy
2021-10-20,0,0,1,0,1,1,0,0,0,0,0,0,0,0,0,0,0,0,0,0,0,0,0,0,0,0,0,0,0,1,1,1,-0.00166713, 0.00173586,-0.00456219,-0.0035494,-0.00335370,sell
2021-10-21,0,0,1,0,1,1,0,0,0,0,0,0,0,0,0,0,0,0,0,0,0,0,0,0,0,0,0,0,0,1,1,1,-0.00166713, 0.00173586,-0.00456219,-0.0035494,-0.00335370,sell
2021-10-22,0,0,1,0,1,1,0,0,0,0,0,0,0,0,1,0,0,0,0,0,0,0,0,0,0,0,0,0,0,1,0,1,-0.00453677,-0.00541075,-0.00274101,-0.0029534,-0.00435096,sell
2021-10-23,0,0,1,0,1,1,0,0,0,0,0,0,0,0,1,0,0,0,0,0,0,0,0,0,0,0,0,0,0,1,0,1,-0.00453677,-0.00541075,-0.00274101,-0.0029534,-0.00435096,sell
2021-10-24,0,0,1,0,1,1,0,0,0,0,0,0,0,0,1,0,0,0,0,0,0,0,0,0,0,0,0,0,0,1,0,1,-0.00453677,-0.00541075,-0.00274101,-0.0029534,-0.00435096,sell
2021-10-25,0,0,1,0,1,1,0,1,0,0,0,0,0,0,1,0,0,0,0,0,0,0,0,0,0,0,1,0,0,1,0,1,-0.00225690,-0.00524448,-0.00383728,-0.0016169,-0.00386090,sell
2021-10-26,0,0,1,0,1,2,1,1,0,0,0,0,0,0,1,0,0,0,0,0,0,0,0,0,1,0,1,0,1,1,0,1,-0.00018447, 0.00381693, 0.00065911, 0.0014805, 0.00239812,buy
2021-10-27,0,1,0,0,1,2,1,1,0,0,0,0,0,0,0,0,0,0,0,1,0,0,0,0,1,0,1,0,1,1,0,1, 0.00194027,-0.00010160,-0.00391533,-0.0039153,-0.00533141,sell
2021-10-28,0,1,0,0,2,2,1,2,0,0,0,0,0,0,0,0,1,0,0,1,0,1,0,0,1,0,1,1,1,1,0,0, 0.00270512,-0.00334307,-0.00318956, 0.0001734,-0.00372219,sell
2021-10-29,0,1,1,0,2,2,1,2,0,0,1,0,0,0,0,0,1,0,0,1,0,1,0,0,1,0,1,1,1,1,0,0, 0.00381745,-0.00290104,-0.00363956, 0.0009374,-0.00335847,sell
2021-10-30,1,1,1,0,2,2,1,1,1,0,1,0,0,0,0,0,1,0,0,1,0,1,0,0,1,0,0,1,1,1,0,0, 0.00506944, 0.00186701, 0.00443320, 0.0026897, 0.00291554,buy
2021-10-31,1,0,1,0,2,1,0,1,1,0,1,0,0,0,0,0,1,0,0,0,0,1,0,0,0,0,0,1,0,1,0,0, 0.00405879, 0.00559567, 0.00438565, 0.0052154, 0.00480226,buy
2021-11-01,1,1,1,0,2,1,0,2,1,0,1,1,0,0,0,0,1,0,0,0,0,1,0,0,0,0,0,1,0,1,1,0, 0.00402719, 0.00397839, 0.00455648, 0.0057810, 0.00596704,buy
2021-11-02,1,1,0,0,1,1,0,1,1,0,0,1,0,0,0,0,1,0,0,0,0,0,0,0,0,0,0,0,0,1,1,0, 0.00199248,-0.00112852, 0.00130962,-0.0014785,-0.00189010,sell
2021-11-03,0,1,0,1,0,1,1,1,0,0,0,1,0,0,0,1,0,0,0,0,0,0,1,0,0,0,0,0,0,1,1,0,-0.00181250, 0.00512767,-0.00326024,-0.0038821,-0.00426481,sell
2021-11-04,0,1,0,1,0,1,1,0,0,0,0,0,0,0,0,1,0,0,0,0,0,0,1,0,0,0,0,0,0,1,1,0, 0.00156881, 0.00373126,-0.00418595, 0.0010007,-0.00331642,buy
2021-11-05,0,1,0,1,0,1,1,0,0,0,0,0,0,0,0,1,0,0,0,0,0,0,1,0,0,0,0,0,0,1,1,0, 0.00156881, 0.00373126,-0.00418595, 0.0010007,-0.00331642,buy
2021-11-06,0,0,0,1,0,1,1,0,0,0,0,0,0,0,0,1,0,0,0,0,0,0,1,0,0,0,0,0,0,1,0,0, 0.00156881, 0.00415959,-0.00107208, 0.0045719, 0.00111072,buy
2021-11-07,0,0,0,0,0,1,1,0,0,0,0,0,0,0,0,1,0,0,0,0,0,0,0,0,0,0,0,0,0,1,0,0,-0.00223956,-0.00114687,-0.00353623,-0.0087487,-0.00024953,sell
2021-11-08,0,1,0,0,0,1,1,0,0,1,1,0,0,0,0,1,0,0,0,0,0,0,0,0,0,0,0,0,0,1,0,0, 0.00545389, 0.00425467, 0.00481221, 0.0033912, 0.00058043,buy
2021-11-09,0,1,0,0,0,1,1,1,0,1,1,0,1,0,0,1,0,0,0,0,0,0,0,0,0,0,0,0,0,1,0,0, 0.00200422,-0.00352312, 0.00348593, 0.0045352,-0.00563357,buy
2021-11-10,1,1,0,0,0,1,0,1,0,1,1,0,1,0,0,0,0,0,0,1,0,0,0,0,0,0,0,0,0,1,0,0,-0.00205328,-0.00251102, 0.00388805, 0.0036914,-0.00041700,sell
2021-11-11,1,0,0,0,1,1,0,1,0,1,0,0,1,0,0,0,0,0,0,1,0,0,0,0,0,0,0,0,1,1,0,0, 0.00187508,-0.00406892, 0.00134611, 0.0014669,-0.00427186,buy
2021-11-12,1,0,0,1,1,2,0,0,0,1,0,0,0,0,1,0,0,0,0,1,0,0,0,0,1,0,0,0,1,1,0,0, 0.00210605, 0.00206344, 0.00159619,-0.0049440,-0.00567788,buy
2021-11-13,1,0,0,1,1,2,1,1,0,0,0,0,0,0,1,0,0,1,0,1,0,0,0,0,1,1,0,0,1,1,0,0,-0.00133955,-0.00066816, 0.00160503, 0.0024119, 0.00247814,buy
2021-11-14,1,0,0,1,1,2,2,1,0,0,0,0,0,0,1,0,0,1,0,1,1,0,0,0,1,1,0,0,1,1,0,0,-0.00226499,-0.00273472, 0.00204880, 0.0007656, 0.00089971,buy
2021-11-15,0,0,0,0,1,2,2,1,0,0,0,0,0,0,0,0,0,1,0,0,1,0,0,0,1,1,0,0,1,1,0,0,-0.00000470,-0.00480848,-0.00330688, 0.0025522, 0.00424373,sell
2021-11-16,1,0,0,0,1,2,2,1,0,0,0,0,0,0,0,0,0,1,0,0,1,0,0,0,1,1,0,0,1,1,1,0,-0.00178321,-0.00006416,-0.00245603, 0.0027879,-0.00076720,sell
2021-11-17,2,0,0,0,0,2,2,1,0,0,1,0,0,0,0,0,0,1,0,0,1,0,0,0,1,1,0,0,0,1,1,0,-0.00049884, 0.00297411, 0.00371268, 0.0011792, 0.00176714,buy
2021-11-18,2,0,0,0,0,1,2,1,0,0,1,0,0,0,0,0,0,1,0,0,1,0,0,0,0,1,0,0,0,1,1,0, 0.00034460, 0.00198015, 0.00309844,-0.0003147, 0.00186579,buy
2021-11-19,2,0,0,0,0,1,1,1,1,0,1,0,0,0,0,0,0,0,0,0,0,0,0,0,0,1,0,0,0,1,1,0,-0.00502352,-0.00254846,-0.00747862,-0.0017269,-0.00528227,sell
2021-11-20,1,0,0,0,0,1,2,1,1,0,0,1,0,0,0,0,0,0,0,0,0,0,0,0,0,1,0,0,0,1,1,0, 0.00355672, 0.00471159, 0.00198637, 0.0036317, 0.00436244,buy
2021-11-21,1,0,0,0,0,1,2,1,1,0,0,1,0,0,0,0,0,0,0,0,0,0,0,0,0,1,0,0,0,1,1,0, 0.00355672, 0.00471159, 0.00198637, 0.0036317, 0.00436244,buy
2021-11-22,0,0,0,0,0,1,2,1,1,0,0,1,0,0,0,0,0,0,0,0,0,0,0,0,0,1,0,0,0,1,0,0,-0.00194462, 0.00246067,-0.00283122, 0.0013767, 0.00225441,buy
2021-11-23,0,0,0,0,0,2,1,0,0,0,0,0,0,0,0,1,0,0,0,0,0,0,0,0,0,1,0,0,0,1,0,0,-0.00165859,-0.00118491,-0.00049943, 0.0049148, 0.00859225,sell
2021-11-24,0,0,0,0,0,2,1,0,0,0,0,0,0,0,0,1,0,0,0,0,0,0,0,1,0,1,0,0,0,1,0,0,-0.00134097,-0.00234549,-0.00379022,-0.0020156, 0.00000734,sell
2021-11-25,0,0,0,0,0,2,1,0,0,0,0,0,0,1,0,1,0,0,0,0,0,0,0,1,0,1,0,0,0,1,0,0, 0.00197192, 0.00319149, 0.00112335, 0.0028512, 0.00020857,buy
2021-11-26,0,0,0,0,0,2,1,0,0,0,0,0,0,1,0,1,1,0,0,0,0,0,0,1,0,1,0,0,0,1,0,0,-0.00510001,-0.00063503,-0.00018427,-0.0009592,-0.00069310,sell
2021-11-27,0,0,0,0,0,2,2,0,0,0,0,0,0,1,0,1,1,0,0,0,0,0,0,1,0,1,1,0,0,1,0,0,-0.00257664, 0.00113243, 0.00367075, 0.0049933, 0.00040449,buy
2021-11-28,0,0,0,0,0,1,3,0,0,0,0,0,0,1,0,1,1,0,0,0,0,1,0,1,0,1,1,0,0,0,0,0,-0.00291581, 0.00310614,-0.00091659,-0.0009727,-0.00081968,sell
2021-11-29,0,0,0,0,0,1,4,0,0,0,0,1,1,1,0,0,1,0,0,0,0,1,0,1,0,1,1,0,0,0,0,0,-0.00434473,-0.00055160,-0.00459835,-0.0049876,-0.00609786,sell
2021-11-30,0,0,1,0,0,2,4,0,0,0,0,1,1,1,1,0,1,0,0,0,1,1,0,1,0,1,1,0,0,0,0,0,-0.00141914, 0.00375215,-0.00123856,-0.0023101,-0.00145229,sell
2021-12-01,0,0,2,0,0,2,4,0,0,0,0,1,1,1,1,0,0,0,0,0,1,1,1,1,0,1,1,0,0,0,0,0,-0.00248204,-0.00289865,-0.00741095,-0.0039442,-0.00312493,sell
2021-12-02,0,0,2,0,0,2,3,0,0,0,0,1,0,1,1,0,0,0,0,0,1,1,1,1,0,1,1,0,0,0,0,0,-0.00070011,-0.00310570,-0.00558700,-0.0033667,-0.00377219,sell
2021-12-03,0,0,2,0,0,1,3,0,0,0,0,0,0,0,1,0,0,0,0,0,1,1,1,0,0,1,1,0,0,0,0,0, 0.00132568,-0.00732829,-0.00052781, 0.0014740,-0.00141371,sell
2021-12-04,0,0,1,0,0,1,2,0,0,0,0,0,0,0,0,0,0,0,0,0,1,0,1,0,0,1,1,0,0,0,0,0,-0.00115320,-0.00473677, 0.00325093, 0.0008146,-0.00096124,buy
2021-12-05,0,0,1,0,0,0,1,0,0,0,0,0,0,0,0,0,0,0,0,0,0,0,1,0,0,1,0,0,0,0,0,0,-0.00643121,-0.00257897,-0.00247093, 0.0000288,-0.00204934,sell
2021-12-06,0,0,0,0,0,0,1,1,0,0,1,0,0,0,0,0,0,0,0,0,0,0,0,0,0,1,0,1,0,0,0,0, 0.00222832, 0.00224058, 0.00714930, 0.0026283,-0.00099163,buy
2021-12-07,0,0,0,0,0,0,1,1,0,0,1,0,0,0,0,0,0,0,0,0,0,0,0,0,0,1,0,1,0,0,0,0, 0.00222832, 0.00224058, 0.00714930, 0.0026283,-0.00099163,buy
2021-12-08,0,0,0,0,1,0,0,1,0,0,1,0,0,0,0,1,0,0,0,0,0,0,0,0,0,0,0,1,0,0,0,0, 0.00100567, 0.00410125, 0.00147207, 0.0038764, 0.00058326,buy
2021-12-09,0,0,0,0,3,1,0,0,0,0,0,1,1,0,0,1,0,0,0,0,0,0,0,0,1,0,0,1,0,0,0,0,-0.00203137,-0.00325732,-0.00402439,-0.0064567, 0.00096219,sell
2021-12-10,0,1,0,0,3,1,1,1,1,0,0,1,1,0,1,1,0,0,0,1,0,0,0,0,1,0,0,1,0,0,0,0, 0.00914152,-0.00025766, 0.00519578, 0.0000415, 0.00310555,buy
2021-12-11,0,1,0,0,4,1,1,1,1,1,0,1,1,0,1,1,0,0,0,1,0,0,0,0,1,0,0,1,0,0,0,0, 0.00651101, 0.00573309, 0.00539746,-0.0002734, 0.00298249,buy
2021-12-12,0,1,0,0,4,0,1,1,1,1,0,1,0,0,1,1,0,0,0,1,0,0,0,0,1,0,0,1,0,0,0,0, 0.00766686, 0.00477175,-0.00177286, 0.0031511, 0.00542290,buy
2021-12-13,0,0,0,0,2,0,1,1,1,1,0,0,0,0,0,0,0,0,0,1,0,0,0,0,1,0,0,1,0,0,0,0, 0.00335686, 0.00348122, 0.00488093,-0.0004769, 0.00142809,buy
2021-12-14,0,0,0,0,2,1,0,1,0,1,0,0,0,0,0,0,0,0,0,1,0,1,0,0,1,0,0,1,0,0,0,0,-0.00827369,-0.00299459,-0.00819440, 0.0000931,-0.00066496,sell
2021-12-15,0,0,0,0,3,1,0,0,0,1,0,0,0,0,0,0,0,0,0,0,1,1,0,0,1,0,0,1,0,0,0,0,-0.00571958, 0.00089479,-0.00755595, 0.0026585,-0.00010019,sell
2021-12-16,0,1,0,0,4,1,0,0,0,1,0,0,0,0,0,0,0,0,0,0,1,1,1,0,1,0,0,1,0,1,0,0,-0.00023382, 0.00430436,-0.00052873, 0.0079373,-0.00083485,buy
2021-12-17,0,1,0,0,3,1,1,0,0,0,0,0,0,0,0,0,0,1,0,0,1,1,1,0,1,0,0,1,0,1,0,0,-0.00407766, 0.00176006,-0.00475824,-0.0015255,-0.00005018,sell
2021-12-18,0,1,0,0,3,1,1,0,0,0,0,0,0,0,0,0,0,1,0,0,1,1,1,0,1,0,0,1,0,1,0,0,-0.00407766, 0.00176006,-0.00475824,-0.0015255,-0.00005018,sell
2021-12-19,1,1,0,0,4,1,1,0,0,0,0,0,1,0,1,0,0,1,0,0,1,1,1,0,1,0,0,1,0,1,0,0,-0.00245499, 0.00416836,-0.00542906,-0.0049440,-0.00585412,sell
2021-12-20,1,0,0,0,3,0,1,0,0,0,0,0,1,0,1,0,0,1,0,0,0,0,0,0,1,0,0,1,0,1,0,0,-0.00484208, 0.00275531,-0.00465655,-0.0003295,-0.00826953,sell
2021-12-21,1,0,0,0,1,1,1,0,1,0,0,0,1,0,1,0,0,1,0,0,0,0,0,0,0,0,0,1,0,0,0,0,-0.00272675,-0.00252934, 0.00007662,-0.0042087,-0.00275872,sell
2021-12-22,1,0,0,0,0,1,1,0,1,0,0,0,0,0,1,0,0,1,0,0,0,0,0,0,0,0,0,1,0,0,0,0,-0.00173010,-0.00314734, 0.00206028,-0.0073391, 0.00455943,sell
2021-12-23,0,0,0,0,0,1,0,0,1,0,0,0,0,0,0,0,0,0,0,0,0,0,0,0,0,0,0,1,0,0,0,0, 0.00002947, 0.00051231, 0.00035992, 0.0036292, 0.00924043,buy
2021-12-24,0,0,0,0,0,0,0,0,0,0,0,0,0,0,0,0,0,0,0,0,0,0,0,0,0,0,0,1,0,0,0,0,-0.00120262,-0.00206448, 0.00099270, 0.0005229, 0.00815350,buy
2021-12-25,0,0,0,0,0,1,1,0,0,0,1,0,0,0,0,0,0,0,0,0,0,0,0,0,0,1,0,1,0,0,0,0, 0.00009768, 0.00093887, 0.00554076, 0.0026166,-0.00048064,buy
2021-12-26,0,0,0,0,1,1,1,0,0,0,1,0,0,0,0,0,1,0,0,0,0,0,0,0,0,1,0,1,0,0,0,0,-0.00132469, 0.00125358, 0.00266178,-0.0007570,-0.00258573,buy
2021-12-27,0,0,0,0,1,1,1,0,0,0,1,0,0,0,0,0,1,0,0,0,0,0,0,0,0,1,0,1,0,0,0,0,-0.00132469, 0.00125358, 0.00266178,-0.0007570,-0.00258573,buy
2021-12-28,0,0,0,0,2,1,1,0,0,0,1,0,0,0,0,1,1,0,0,0,0,0,0,0,0,1,0,1,0,0,0,1,-0.00109394, 0.00397021, 0.00231177,-0.0018401,-0.00375686,buy
2021-12-29,0,0,0,0,2,2,0,0,0,1,0,1,0,0,0,1,1,0,0,0,0,0,0,0,0,1,0,1,0,0,0,1, 0.00017927,-0.00111243, 0.00008688,-0.0043812,-0.00329247,sell
2021-12-30,1,0,0,0,2,1,0,0,0,1,0,1,0,0,0,1,1,0,0,0,0,0,1,0,0,0,0,1,0,0,0,1,-0.00769066,-0.00162030,-0.00277455,-0.0035089,-0.00242225,sell
2021-12-31,1,0,0,0,2,1,0,0,0,1,0,1,0,0,0,0,0,0,0,0,0,1,1,0,0,0,0,0,0,0,0,1,-0.00683029, 0.00065760,-0.00273095, 0.0018527,-0.00499826,sell
2022-01-01,1,0,0,0,3,1,0,0,1,1,0,0,0,0,0,0,0,0,0,0,0,1,1,0,0,0,0,0,0,0,0,1,-0.00310061,-0.00101173,-0.00200687,-0.0008404, 0.00074281,sell
2022-01-02,1,0,0,0,3,1,1,0,1,1,0,0,0,0,0,0,0,0,1,0,0,1,1,0,0,0,1,0,0,0,0,0,-0.00610458,-0.00263449,-0.00260546,-0.0027597,-0.00164982,sell
2022-01-03,1,0,0,0,3,1,1,0,1,1,0,0,0,0,0,0,0,0,1,0,0,1,1,0,0,0,1,0,0,0,0,0,-0.00610458,-0.00263449,-0.00260546,-0.0027597,-0.00164982,sell
2022-01-04,0,0,0,0,3,1,1,0,1,0,0,0,0,0,0,0,0,1,1,0,0,1,0,0,0,0,1,0,0,0,0,0,-0.00305613,-0.00192600,-0.00125210, 0.0013023,-0.00347188,sell
2022-01-05,0,0,0,0,1,2,1,0,0,0,1,0,0,0,0,0,0,1,1,0,0,0,0,0,0,0,1,0,0,0,0,0, 0.00142579, 0.00172977, 0.00256283, 0.0070383, 0.00636112,buy
2022-01-06,0,0,0,0,1,2,1,0,0,0,1,0,0,0,0,0,0,1,1,0,0,0,0,0,0,0,1,0,0,0,0,0, 0.00142579, 0.00172977, 0.00256283, 0.0070383, 0.00636112,buy
2022-01-07,0,0,0,0,2,2,1,0,0,0,1,0,0,0,0,0,0,1,1,0,0,0,0,0,0,1,1,0,0,1,0,0, 0.00132379, 0.00509599, 0.00226259, 0.0063012, 0.00332406,buy
2022-01-08,0,0,0,0,2,3,1,0,0,0,1,0,0,0,0,0,0,1,1,0,0,0,0,0,1,1,1,0,0,1,0,0, 0.00018939, 0.00261543, 0.00566855, 0.0004813, 0.00106803,buy
2022-01-09,0,0,0,0,2,3,1,0,0,0,1,0,0,0,0,0,0,1,1,1,0,0,0,0,1,1,0,0,0,1,0,0,-0.00129371, 0.00152857, 0.00263012,-0.0043668,-0.00137657,buy
2022-01-10,0,0,0,0,2,1,1,1,0,0,0,0,0,0,1,0,0,0,1,1,0,0,0,0,1,1,0,0,0,1,0,0,-0.00564080,-0.00056270,-0.00015173,-0.0019955,-0.00490690,sell
2022-01-11,0,0,0,0,1,1,1,1,0,0,0,0,0,0,1,0,0,0,1,1,0,0,0,0,1,0,0,0,0,0,0,0,-0.00369942, 0.00064218,-0.00200165,-0.0001289,-0.00378753,sell
2022-01-12,0,0,0,0,1,1,1,1,0,0,0,0,0,0,1,0,0,0,1,1,0,0,0,0,1,0,0,0,0,0,0,0,-0.00369942, 0.00064218,-0.00200165,-0.0001289,-0.00378753,sell
2022-01-13,0,0,0,0,1,1,1,1,0,0,0,0,0,0,1,0,0,0,1,1,0,0,0,0,1,0,0,0,0,0,0,0,-0.00369942, 0.00064218,-0.00200165,-0.0001289,-0.00378753,sell
2022-01-14,0,0,0,0,2,0,0,1,0,0,0,0,0,0,1,0,0,0,1,0,1,0,0,0,0,0,0,0,1,0,0,0,-0.00760219,-0.00240774, 0.00238709,-0.0023108,-0.00250983,sell
2022-01-15,0,0,0,0,2,1,0,1,0,1,0,0,0,0,1,0,0,0,1,0,1,0,0,0,0,0,0,0,1,0,0,0,-0.00711344,-0.00170470, 0.00020319,-0.0032382,-0.00205263,sell
2022-01-16,0,0,0,0,2,1,0,1,0,1,0,0,0,0,1,0,0,0,1,0,1,0,0,0,0,0,0,0,1,0,0,0,-0.00711344,-0.00170470, 0.00020319,-0.0032382,-0.00205263,sell
2022-01-17,0,0,0,0,1,1,0,1,0,1,0,0,0,0,1,0,0,0,0,0,1,0,0,0,0,0,0,0,1,0,0,0, 0.00175787,-0.00166254, 0.00476968, 0.0043165, 0.00519442,buy
2022-01-18,0,0,0,0,1,1,0,1,0,1,0,0,0,0,1,0,0,0,0,0,1,0,0,0,0,0,0,0,1,0,0,0, 0.00175787,-0.00166254, 0.00476968, 0.0043165, 0.00519442,buy
2022-01-19,0,0,0,0,1,1,0,0,0,0,1,0,0,0,0,0,0,0,0,0,0,0,0,0,0,0,0,0,1,0,0,0, 0.00437720, 0.00476153, 0.00320691,-0.0035704,-0.00160877,buy
2022-01-20,1,0,0,0,3,1,0,0,1,0,1,0,0,0,0,0,1,0,0,0,0,0,0,0,0,0,0,0,1,0,1,0, 0.00082549,-0.00857601,-0.00081428,-0.0007479,-0.00101574,sell
2022-01-21,1,0,0,0,3,1,0,0,1,0,1,0,0,0,0,0,1,0,0,0,0,0,0,0,0,0,0,0,1,0,1,0, 0.00082549,-0.00857601,-0.00081428,-0.0007479,-0.00101574,sell
2022-01-22,1,0,0,0,2,1,0,0,1,0,1,0,0,1,0,0,1,0,0,0,0,0,0,0,0,0,0,0,0,0,1,0, 0.00340318, 0.00340269, 0.00304072, 0.0022136, 0.00520296,buy
2022-01-23,1,0,0,0,2,0,0,0,1,0,0,0,0,1,0,0,0,1,0,0,0,0,0,0,0,0,0,0,0,0,1,0, 0.00328971, 0.00253613, 0.00135725, 0.0032614, 0.00355627,buy
2022-01-24,1,0,0,0,2,1,0,0,0,1,0,0,0,1,0,0,0,1,0,1,0,0,0,0,0,0,0,0,0,0,1,0,-0.00211438, 0.00163283, 0.00211863, 0.0032463, 0.00358302,buy
2022-01-25,1,0,0,0,3,1,0,0,0,1,0,0,0,0,0,0,0,1,0,1,0,0,0,1,0,0,0,0,0,0,1,0, 0.00183679, 0.00066340, 0.00318691,-0.0002884, 0.00278776,buy
2022-01-26,1,0,0,0,3,1,0,0,0,1,0,0,0,0,0,0,0,1,0,1,0,0,0,1,0,0,0,0,0,0,1,0, 0.00183679, 0.00066340, 0.00318691,-0.0002884, 0.00278776,buy
2022-01-27,1,0,0,0,2,1,0,0,0,0,0,1,0,0,0,0,0,1,0,1,0,0,0,1,0,0,0,0,0,0,1,0, 0.00288588,-0.00622622, 0.00075702,-0.0005762, 0.00048175,buy
2022-01-28,1,0,0,0,2,1,0,1,0,0,0,1,0,0,0,0,0,1,0,1,0,0,1,1,0,0,0,0,0,0,1,1,-0.00236915,-0.00070980, 0.00279365,-0.0039632,-0.00033963,sell
2022-01-29,1,0,0,0,2,0,0,1,0,0,0,1,0,0,0,0,0,0,0,0,0,0,1,1,0,0,0,0,0,1,1,1,-0.00266550,-0.00150427, 0.00073659,-0.0048182, 0.00007266,sell
2022-01-30,1,0,0,0,2,0,0,1,0,0,0,1,0,0,0,0,0,0,0,0,0,0,1,1,0,0,0,0,0,1,1,1,-0.00266550,-0.00150427, 0.00073659,-0.0048182, 0.00007266,sell
2022-01-31,1,0,0,0,2,0,0,1,0,0,0,1,0,0,0,0,0,0,0,0,0,0,1,1,0,0,0,0,0,1,1,1,-0.00266550,-0.00150427, 0.00073659,-0.0048182, 0.00007266,sell
2022-02-01,1,0,0,0,2,0,0,1,0,0,0,1,0,0,0,0,0,0,0,0,0,0,1,1,0,0,0,0,0,1,1,1,-0.00266550,-0.00150427, 0.00073659,-0.0048182, 0.00007266,sell
2022-02-02,1,0,0,0,2,1,0,0,1,0,0,0,0,0,0,0,0,0,0,0,0,1,0,1,0,0,0,0,0,1,1,1, 0.00258294, 0.00071031, 0.00303571,-0.0048379, 0.00065858,buy
2022-02-03,1,0,0,0,0,1,0,0,1,0,0,0,0,0,0,0,0,0,0,0,0,1,0,0,0,0,0,0,0,0,1,1,-0.00032456, 0.00243178,-0.00084050, 0.0022203, 0.00005388,buy
2022-02-04,1,0,0,0,0,1,0,0,1,0,0,0,0,0,0,0,0,0,0,0,0,1,0,0,0,0,0,0,0,0,1,1,-0.00032456, 0.00243178,-0.00084050, 0.0022203, 0.00005388,buy
2022-02-05,1,0,0,0,0,1,0,0,1,0,0,0,0,0,0,0,0,0,0,0,0,1,0,0,0,0,0,0,0,0,1,1,-0.00032456, 0.00243178,-0.00084050, 0.0022203, 0.00005388,buy
2022-02-06,1,0,0,0,0,1,0,0,1,0,0,0,0,0,0,0,0,0,0,0,0,1,0,0,0,0,0,0,0,0,1,1,-0.00032456, 0.00243178,-0.00084050, 0.0022203, 0.00005388,buy
2022-02-07,1,0,0,0,0,1,0,0,1,0,0,1,0,0,0,0,0,0,0,0,0,1,0,0,0,0,0,0,0,0,1,1, 0.00360755, 0.00049354, 0.00076213, 0.0072063,-0.00381468,buy
2022-02-08,1,0,0,0,1,1,0,0,1,0,0,1,0,0,0,0,0,0,0,1,0,0,0,0,0,1,0,0,0,0,1,1, 0.00271806,-0.00233373,-0.00214393,-0.0037248,-0.00351619,sell
2022-02-09,0,0,0,0,1,1,0,0,1,0,0,1,0,0,0,0,0,0,0,1,0,0,0,0,0,1,0,0,0,0,0,1,-0.00392687,-0.00355417,-0.00094117,-0.0010562,-0.00562985,sell
2022-02-10,0,0,0,0,1,1,0,0,1,0,0,1,0,0,0,0,0,0,0,1,0,0,0,0,0,1,0,0,0,0,0,0, 0.00482064,-0.00190423, 0.00525574, 0.0013064,-0.00237812,buy
2022-02-11,0,0,0,0,1,0,0,0,0,0,0,1,0,0,0,0,0,0,0,1,0,0,0,0,0,1,0,0,0,0,0,0, 0.00013632,-0.00566794, 0.00291119,-0.0003834,-0.00346708,sell
2022-02-12,0,0,0,0,2,0,0,0,0,0,0,1,0,0,0,0,0,0,0,1,0,0,0,0,0,1,0,0,1,0,0,0, 0.00246831,-0.00000029, 0.00408575, 0.0016222, 0.00011556,buy
2022-02-13,0,0,0,0,1,0,0,0,0,0,0,1,0,0,0,0,0,0,0,0,0,0,0,0,0,1,0,0,1,0,0,0,-0.00573960,-0.00536980,-0.00548708,-0.0020908,-0.00364402,sell
2022-02-14,0,0,0,0,2,0,0,0,0,0,0,1,0,0,0,0,0,0,0,0,1,0,0,0,0,1,0,0,1,0,0,0, 0.00318739, 0.00363298,-0.00315416, 0.0066298, 0.00254374,buy
2022-02-15,0,0,0,0,2,0,0,0,0,0,0,0,0,0,0,0,0,0,0,0,1,0,0,0,0,1,0,0,1,0,0,0,-0.00645875,-0.00194859, 0.00283134,-0.0008676,-0.00422874,sell
2022-02-16,0,0,0,0,2,0,0,0,0,0,0,0,0,0,0,0,0,0,0,0,1,0,0,0,0,1,0,0,1,0,0,0,-0.00645875,-0.00194859, 0.00283134,-0.0008676,-0.00422874,sell
2022-02-17,0,0,0,0,2,0,0,0,0,0,0,0,0,0,0,0,0,0,0,0,1,0,0,0,0,1,0,0,1,0,0,1, 0.00214269,-0.00144794, 0.00255902,-0.0031772, 0.00160795,buy
2022-02-18,0,0,0,0,2,0,0,0,0,0,0,0,0,0,0,0,0,0,0,0,1,0,0,0,0,1,0,0,1,0,0,1, 0.00214269,-0.00144794, 0.00255902,-0.0031772, 0.00160795,buy
2022-02-19,0,0,0,0,1,1,0,0,0,0,1,0,0,0,0,0,0,0,0,0,0,0,0,0,0,1,0,0,1,0,0,1, 0.00078096, 0.00068670, 0.00430825,-0.0033935,-0.00151694,buy
2022-02-20,0,0,0,0,1,1,0,0,0,0,1,0,0,0,0,0,0,0,0,0,0,0,0,0,0,1,0,0,1,0,0,1, 0.00078096, 0.00068670, 0.00430825,-0.0033935,-0.00151694,buy
2022-02-21,0,0,0,0,1,1,1,0,0,0,1,0,0,0,0,0,0,0,0,0,0,0,0,0,0,1,1,0,1,0,0,1, 0.00171682, 0.00095713, 0.00282315,-0.0004790, 0.00242617,buy
2022-02-22,0,0,0,0,0,2,1,0,0,0,1,0,0,0,0,0,0,0,0,0,0,0,0,0,0,1,1,0,0,1,0,1,-0.00228262,-0.00059674,-0.00312277, 0.0027044, 0.00371245,sell
2022-02-23,0,0,0,0,0,2,1,1,0,0,1,0,0,0,1,0,0,0,0,0,0,0,0,0,0,1,1,0,0,1,0,1,-0.00414111, 0.00195116,-0.00510526,-0.0045751,-0.00450532,sell
2022-02-24,0,0,0,0,1,3,1,1,1,0,0,0,0,0,1,0,0,0,1,0,0,0,0,1,0,1,1,0,0,1,0,1, 0.00311124,-0.00520908,-0.00320987,-0.0045670,-0.00388033,sell
2022-02-25,0,0,0,0,1,3,1,1,1,0,0,0,0,0,1,0,0,0,1,0,0,0,0,1,0,1,1,0,0,1,0,1, 0.00311124,-0.00520908,-0.00320987,-0.0045670,-0.00388033,sell
2022-02-26,0,0,0,0,1,3,1,1,1,0,0,0,0,0,1,0,0,0,1,0,0,0,0,1,0,1,1,0,0,1,0,1, 0.00311124,-0.00520908,-0.00320987,-0.0045670,-0.00388033,sell
2022-02-27,0,0,0,0,1,3,1,0,1,0,0,0,0,0,0,0,0,0,1,0,0,0,0,1,0,1,1,0,0,1,0,1, 0.00323856,-0.00253608,-0.00396377,-0.0022969,-0.00073212,sell
2022-02-28,0,0,0,0,1,3,1,0,1,0,0,0,0,0,0,0,0,0,1,0,0,0,1,1,0,1,0,0,0,1,0,1, 0.00405109, 0.00334638, 0.00624065, 0.0054112, 0.00637379,buy
2022-03-01,0,0,0,0,0,4,1,0,0,0,0,0,1,0,0,0,0,0,1,0,1,0,1,1,0,1,0,1,0,1,0,1, 0.00446868, 0.00242611, 0.00639875, 0.0075255, 0.00750875,buy
2022-03-02,0,0,0,0,0,4,1,0,0,0,0,0,1,0,0,0,0,1,1,0,1,0,1,1,0,1,0,1,0,1,0,1, 0.00351750, 0.00010329, 0.00632995, 0.0073503, 0.00735274,buy
2022-03-03,0,0,0,0,1,5,1,0,0,0,1,0,1,0,0,0,0,1,1,0,1,0,1,1,1,1,0,1,0,1,0,1, 0.00171665,-0.00185531, 0.00633487, 0.0067300, 0.00531174,buy
2022-03-04,0,0,0,0,1,5,1,0,0,0,1,0,1,0,0,0,0,1,1,0,1,0,1,1,1,1,0,1,0,1,0,1, 0.00171665,-0.00185531, 0.00633487, 0.0067300, 0.00531174,buy
2022-03-05,0,0,0,0,1,4,0,0,0,0,1,0,0,0,0,0,0,1,1,0,1,0,0,0,1,1,0,1,0,1,0,1, 0.00107348,-0.00197478, 0.00484676, 0.0038170, 0.00397375,buy
2022-03-06,0,0,0,0,1,3,0,0,0,0,1,0,0,0,0,0,0,1,1,0,0,0,0,0,1,1,0,1,0,1,0,0,-0.00171556, 0.00316960,-0.00302748,-0.0025568, 0.00717546,sell
2022-03-07,0,0,0,0,2,3,0,0,0,0,0,1,0,0,0,0,1,1,1,0,0,0,0,0,1,1,0,0,0,1,0,0,-0.00309367,-0.00619527,-0.00779330, 0.0017300,-0.00545012,sell
2022-03-08,0,0,0,0,3,3,0,0,0,0,0,1,0,0,0,0,1,1,1,0,0,1,0,0,1,1,0,0,0,1,0,0,-0.00078322,-0.00178485,-0.00593503, 0.0044504, 0.00062469,sell
2022-03-09,0,0,0,0,3,3,0,0,0,0,0,1,0,0,0,0,1,0,1,0,0,1,0,0,1,1,0,0,0,1,0,0,-0.00138827, 0.00087234, 0.00327989, 0.0031265, 0.00304044,buy
2022-03-10,0,0,0,0,3,2,0,0,0,0,0,1,0,0,0,0,1,0,1,0,0,1,0,0,0,1,0,0,0,1,0,0,-0.00007763,-0.00093768,-0.00034598,-0.0009260, 0.00323748,sell
2022-03-11,0,0,0,0,3,2,0,0,0,1,0,0,0,0,0,0,1,0,1,1,0,1,0,0,0,1,0,0,0,1,0,0, 0.00642460, 0.00419581, 0.00603873, 0.0023580, 0.00595762,buy
2022-03-12,0,0,0,0,3,2,0,0,0,1,0,0,0,0,0,1,0,0,0,1,0,1,0,0,0,1,1,0,0,1,0,0, 0.00342187, 0.00404173,-0.00308234,-0.0025294,-0.00192943,sell
2022-03-13,0,0,0,0,2,2,0,0,0,1,0,0,0,0,0,1,0,0,0,1,0,0,0,0,0,1,1,0,0,1,0,0, 0.00509453, 0.00271127,-0.00644421,-0.0048988,-0.00189873,sell
2022-03-14,0,0,0,0,2,2,0,0,0,1,0,0,0,0,0,1,0,0,0,1,0,0,0,0,0,1,1,0,0,1,0,0, 0.00509453, 0.00271127,-0.00644421,-0.0048988,-0.00189873,sell
2022-03-15,0,0,0,0,2,3,0,0,0,1,0,0,0,0,0,1,0,0,0,1,0,0,1,0,0,1,1,0,0,1,0,0, 0.00668097, 0.00386170,-0.00245767,-0.0002135, 0.00106283,buy
2022-03-16,0,0,0,0,1,4,2,0,0,0,0,1,0,0,1,1,0,0,0,0,1,0,1,0,0,1,1,0,0,1,0,0,-0.00013793,-0.00088731,-0.00912667,-0.0055413,-0.00801640,sell
2022-03-17,0,0,0,0,1,4,2,1,0,0,0,1,0,0,1,1,0,0,0,0,1,0,1,0,0,1,1,0,0,1,1,0,-0.00285635,-0.00138757,-0.00368454,-0.0060194,-0.00519001,sell
2022-03-18,0,0,0,0,0,3,2,1,0,0,0,1,0,0,1,0,0,0,0,0,1,0,1,0,0,0,0,0,0,1,1,0, 0.00387022, 0.00551634, 0.00456943, 0.0056495, 0.00584972,buy
2022-03-19,0,0,0,0,0,3,1,1,1,0,0,1,0,0,0,0,0,0,0,0,1,0,1,0,0,0,0,0,0,1,1,0,-0.00288064, 0.00296209,-0.00285184, 0.0033802, 0.00145102,buy
2022-03-20,0,0,0,0,0,2,1,1,1,0,0,0,0,0,0,0,1,0,0,0,1,0,0,0,0,0,0,0,0,1,1,0, 0.00773887, 0.00444744, 0.00349151, 0.0029114, 0.00331957,buy
2022-03-21,0,0,0,0,1,2,0,1,1,0,0,0,1,0,0,0,1,0,0,0,0,0,0,0,0,0,0,0,0,1,1,0,-0.00147048,-0.00368984,-0.00252332, 0.0036179,-0.00227612,sell
2022-03-22,0,0,0,0,1,2,0,0,1,0,1,0,1,0,0,0,1,0,0,0,0,0,0,0,0,0,0,0,0,1,0,0, 0.00054154,-0.00347474,-0.00234621, 0.0015628,-0.00403258,sell
2022-03-23,0,0,0,0,1,2,0,0,0,0,1,0,1,0,0,0,1,0,0,0,0,0,0,0,0,0,0,0,0,1,0,0,-0.00091231,-0.00178085,-0.00430165, 0.0039659,-0.00256469,sell
2022-03-24,0,0,0,0,1,1,0,0,0,0,1,0,0,0,0,0,0,0,0,0,0,0,0,0,1,0,0,0,0,1,0,0, 0.00449035,-0.00066402, 0.00052619,-0.0030420,-0.00237547,sell
2022-03-25,0,0,0,0,1,3,2,0,0,0,0,1,0,0,1,0,0,0,0,0,0,1,0,1,1,0,0,0,0,1,0,0,-0.00817232,-0.00560464,-0.00825293,-0.0048299,-0.00586679,sell
2022-03-26,0,0,0,0,1,4,2,0,0,1,0,1,0,0,1,0,0,0,0,0,0,1,0,1,1,0,0,0,1,1,0,0,-0.00116022,-0.00092849,-0.00233010,-0.0004126, 0.00112273,sell
2022-03-27,0,0,0,0,1,4,2,0,0,1,0,1,0,0,1,0,0,0,0,0,0,1,0,1,1,0,0,0,1,1,0,0,-0.00116022,-0.00092849,-0.00233010,-0.0004126, 0.00112273,sell
2022-03-28,0,0,0,0,2,3,1,0,0,1,0,0,0,0,0,0,0,0,0,0,0,1,0,1,1,0,1,0,1,1,0,0, 0.00321947, 0.00545617, 0.00497094,-0.0012815, 0.00122205,buy
2022-03-29,0,0,0,0,2,4,1,0,0,1,0,0,1,0,0,0,0,0,0,0,0,1,0,1,1,0,1,0,1,1,0,0, 0.00829843, 0.00433908, 0.00413590,-0.0011702, 0.00291198,buy
2022-03-30,0,0,0,0,1,3,1,0,0,0,0,0,1,0,0,1,0,0,0,0,0,0,0,1,0,0,1,0,1,1,0,0,-0.00229587,-0.00094950,-0.00154375, 0.0000733, 0.00233102,sell
2022-03-31,0,0,0,0,2,3,2,0,0,0,0,0,1,0,0,1,1,0,0,0,0,0,1,1,0,0,1,0,0,1,0,0,-0.00285786,-0.00346077,-0.00430664,-0.0036872,-0.00646960,sell
2022-04-01,0,0,0,0,3,2,2,0,0,0,0,0,0,1,1,1,1,0,0,0,0,0,1,1,0,0,1,0,0,1,0,0,-0.00333318, 0.00104068, 0.00345896, 0.0053266,-0.00006170,buy
2022-04-02,0,0,0,0,3,2,2,0,0,0,0,0,0,1,1,1,1,0,0,0,0,0,1,1,0,0,0,1,0,1,0,0,-0.00306473, 0.00271795, 0.00178260, 0.0042921, 0.00250933,buy
2022-04-03,0,0,0,0,3,2,0,0,0,0,0,0,0,1,1,1,0,0,0,0,0,0,1,0,0,0,0,1,0,1,0,0,-0.00195007,-0.00110566,-0.00250715,-0.0013672,-0.00322677,sell
2022-04-04,0,0,0,0,2,1,0,0,0,0,0,0,0,1,0,0,0,0,0,0,0,0,1,0,0,0,0,1,0,1,0,0,-0.00052695, 0.00010397,-0.00147883, 0.0006125,-0.00066779,buy
2022-04-05,0,0,0,0,1,1,0,0,0,0,0,0,0,0,0,0,0,0,0,0,0,0,0,0,0,0,0,1,0,1,0,0,-0.00337465, 0.00225895,-0.00250194, 0.0019782,-0.00150236,sell
2022-04-06,0,0,0,0,2,1,1,0,1,0,0,0,1,0,0,0,0,0,0,0,0,0,0,0,0,0,0,1,0,1,0,0,-0.00446665, 0.00128425, 0.00376524,-0.0007419, 0.00197431,buy
2022-04-07,0,0,0,0,2,1,2,0,1,1,1,0,1,0,0,0,0,0,0,0,0,0,0,0,0,0,0,0,0,1,0,0, 0.00078274,-0.00012217, 0.00283814, 0.0017288, 0.00069731,buy
2022-04-08,0,0,0,0,2,1,2,0,1,1,1,0,1,0,0,0,0,0,0,0,0,0,0,0,0,0,0,0,0,1,0,0, 0.00078274,-0.00012217, 0.00283814, 0.0017288, 0.00069731,buy
2022-04-09,0,0,0,0,1,1,1,1,0,1,1,1,0,0,0,0,0,0,0,0,0,0,0,0,0,0,0,0,0,1,0,0, 0.00552844,-0.00229402, 0.00322669, 0.0042877,-0.00179777,buy
2022-04-10,0,0,0,0,0,1,2,1,0,1,0,1,0,0,0,0,0,0,0,0,0,1,0,0,0,0,0,0,0,1,0,0,-0.00326075,-0.00522172,-0.00277805,-0.0033759, 0.00295367,sell
2022-04-11,0,0,0,0,2,1,1,1,0,0,0,1,0,0,0,0,0,1,0,1,0,1,0,0,0,0,0,0,0,1,0,0,-0.00836400,-0.00685545,-0.00672206,-0.0046565,-0.00530908,sell
2022-04-12,0,0,0,0,2,1,1,0,0,0,0,0,0,0,0,0,0,1,0,1,0,1,0,0,0,0,0,0,0,1,0,0, 0.00156275, 0.00401268, 0.00345091,-0.0019751, 0.00104302,buy
2022-04-13,0,0,0,0,2,1,1,0,0,0,0,0,0,0,0,0,0,1,0,1,0,1,0,0,0,0,0,0,0,1,0,0, 0.00156275, 0.00401268, 0.00345091,-0.0019751, 0.00104302,buy
2022-04-14,0,0,0,0,2,3,1,0,1,0,1,0,0,0,0,0,0,1,0,1,0,1,0,0,0,0,0,0,0,1,0,0, 0.00059752,-0.00154672, 0.00129298, 0.0012754, 0.00020255,buy
2022-04-15,0,0,0,0,2,3,2,0,1,0,1,0,0,0,0,1,0,1,0,1,0,1,0,0,0,0,0,0,0,1,0,0,-0.00519753,-0.00744976,-0.00597404,-0.0006611,-0.00074410,sell
2022-04-16,0,0,0,0,2,4,2,1,1,0,1,0,0,0,0,1,0,1,0,1,1,0,0,0,0,0,0,1,0,1,1,0,-0.01040621,-0.00544970,-0.00785098,-0.0018519, 0.00087128,sell
2022-04-17,0,0,0,0,1,3,2,1,1,0,0,0,0,0,1,1,0,1,0,0,1,0,0,0,0,0,0,1,0,1,1,0,-0.01134441,-0.01156956,-0.01028101,-0.0067866,-0.00219586,sell
2022-04-18,0,0,0,0,0,2,2,1,0,0,0,0,0,0,1,1,0,0,0,0,1,0,0,0,0,0,0,1,0,1,1,0,-0.00643474,-0.00601989,-0.00703311,-0.0080094,-0.00514302,sell
2022-04-19,0,0,0,0,0,2,2,2,0,0,0,0,0,0,1,1,1,0,0,0,1,0,0,0,0,0,0,1,0,1,1,0,-0.00631667,-0.00595741,-0.00625779,-0.0011440,-0.00008771,sell
2022-04-20,0,0,0,0,1,1,2,2,0,0,0,0,0,0,0,1,1,0,0,0,1,0,0,0,0,0,0,0,0,1,1,1, 0.00590247, 0.00428981, 0.00637171,-0.0007456, 0.00731006,buy
2022-04-21,0,0,0,0,1,1,1,1,0,0,0,0,0,0,0,1,1,0,0,0,0,0,0,0,0,0,0,0,0,1,0,1, 0.00228339, 0.00308660, 0.00240211, 0.0010509, 0.00514219,buy
2022-04-22,0,0,0,0,1,1,0,1,0,0,0,0,0,0,0,0,1,0,0,0,0,0,0,0,0,0,0,0,0,1,0,1, 0.00259219, 0.00458453,-0.00179476, 0.0035020,-0.00501007,buy
2022-04-23,0,0,0,0,1,1,1,1,0,0,1,0,1,0,0,0,0,0,0,0,0,0,0,0,0,0,0,0,0,1,0,1,-0.00183353,-0.00148956,-0.00537970,-0.0013844,-0.00473899,sell
2022-04-24,0,0,0,0,1,1,1,1,0,0,1,0,1,0,0,0,0,0,0,0,0,0,0,0,0,0,0,0,0,1,0,1,-0.00183353,-0.00148956,-0.00537970,-0.0013844,-0.00473899,sell
2022-04-25,0,0,0,0,2,1,2,1,1,0,1,0,1,0,0,0,0,0,0,0,0,0,0,0,0,0,0,0,1,1,0,1,-0.00321864,-0.00307407,-0.00342903,-0.0038600,-0.00519520,sell
2022-04-26,1,0,0,0,1,1,2,1,1,0,1,1,1,0,0,0,0,0,0,0,0,0,0,0,0,0,1,0,1,1,0,0,-0.00191791,-0.00298526,-0.00288666, 0.0010383,-0.00498544,sell
2022-04-27,1,0,0,0,1,2,1,0,1,0,0,1,0,0,0,0,0,0,0,1,0,0,0,0,0,0,1,0,1,1,0,0, 0.00012758, 0.00058357,-0.00113827, 0.0009049,-0.00237943,buy
2022-04-28,1,0,0,0,1,2,2,0,1,0,0,1,0,0,0,0,0,0,1,1,0,0,0,0,1,0,1,0,1,1,0,0,-0.00168232,-0.00023520,-0.00179382, 0.0000800,-0.00199111,sell
2022-04-29,1,0,0,0,1,1,3,0,1,0,0,1,0,0,0,0,0,0,1,1,0,0,0,0,1,0,1,1,1,0,0,0,-0.00614803,-0.00525926,-0.00027581,-0.0054537,-0.00470511,sell
2022-04-30,1,0,0,0,0,2,2,0,0,0,0,1,0,0,0,0,0,0,1,1,0,0,0,0,1,0,0,1,0,0,1,0,-0.00655193,-0.01081828,-0.00917339,-0.0067654,-0.00439608,sell
2022-05-01,0,0,0,0,0,3,2,0,0,0,0,0,0,0,0,0,0,1,1,1,0,0,0,0,1,0,0,1,0,0,1,0,-0.00017644,-0.00057964, 0.00197683,-0.0020272, 0.00217873,buy
2022-05-02,0,0,0,0,0,3,2,0,0,0,0,0,0,0,0,0,0,1,1,1,0,0,0,0,1,0,0,1,0,0,1,0,-0.00017644,-0.00057964, 0.00197683,-0.0020272, 0.00217873,buy
2022-05-03,0,0,0,0,0,2,3,0,0,0,0,0,0,0,0,1,0,1,1,0,0,0,1,0,1,0,0,1,0,0,1,0, 0.00119286, 0.00243509, 0.00412287, 0.0011929,-0.00017728,buy
2022-05-04,0,0,0,0,0,2,2,0,0,0,0,0,0,0,0,1,0,1,1,0,0,0,1,0,0,0,0,0,0,0,1,0, 0.00303155, 0.00616581, 0.00614326, 0.0012294,-0.00033213,buy
2022-05-05,0,0,0,0,0,1,2,0,0,0,0,0,0,0,0,1,0,1,1,0,0,0,1,0,0,0,0,0,0,0,0,0, 0.00234733, 0.00475683, 0.00601073, 0.0033189, 0.00235063,buy
2022-05-06,0,0,0,0,0,1,2,0,0,0,0,0,0,0,0,1,0,1,1,0,0,0,1,0,0,0,0,0,0,0,0,0, 0.00234733, 0.00475683, 0.00601073, 0.0033189, 0.00235063,buy
2022-05-07,0,0,0,0,0,0,2,0,0,0,0,0,0,0,0,1,0,0,1,0,0,0,1,0,0,0,0,0,0,0,0,0, 0.00380175, 0.00052830, 0.00754259, 0.0048816, 0.00881693,buy
2022-05-08,0,0,0,0,0,0,2,0,0,0,0,0,0,0,0,1,0,0,1,0,0,0,0,0,0,0,0,0,0,0,0,0,-0.00337050,-0.00614270,-0.00740868,-0.0053896,-0.00463743,sell
2022-05-09,0,0,0,0,0,1,1,0,0,0,0,0,0,0,0,0,0,0,1,0,0,0,0,0,0,0,0,0,1,0,0,0,-0.00680588,-0.00045536,-0.00275534, 0.0030417,-0.01030111,sell
2022-05-10,0,0,0,0,0,2,1,0,0,0,0,0,0,0,0,0,0,0,1,0,0,0,0,0,0,0,0,0,1,0,0,1,-0.00422353,-0.00406828,-0.00307688,-0.0055051,-0.00295962,sell
2022-05-11,0,0,0,0,0,2,1,0,0,0,0,0,0,0,0,0,0,0,1,0,0,0,0,0,0,0,0,0,1,0,0,1,-0.00422353,-0.00406828,-0.00307688,-0.0055051,-0.00295962,sell
2022-05-12,0,0,0,0,0,2,1,0,0,0,0,0,0,0,0,0,0,0,1,0,0,0,0,0,0,0,0,0,1,0,0,1,-0.00422353,-0.00406828,-0.00307688,-0.0055051,-0.00295962,sell
2022-05-13,0,0,0,0,0,1,2,1,0,0,0,0,0,0,0,0,0,0,1,1,0,1,0,0,0,0,0,0,0,0,0,1,-0.00241241, 0.00160567,-0.00069413, 0.0012308,-0.00327283,sell
2022-05-14,0,0,0,0,1,1,2,1,0,0,0,0,0,0,0,0,0,0,1,1,0,1,0,0,0,0,0,0,0,0,1,1,-0.00132261, 0.00455282, 0.00330960,-0.0019674, 0.00293601,buy
2022-05-15,0,0,0,0,1,0,2,1,0,0,0,0,0,0,0,0,0,0,1,1,0,1,0,0,0,0,0,0,0,0,1,0,-0.00018555, 0.00145659, 0.00013549, 0.0015981, 0.00222173,buy
2022-05-16,0,0,0,0,1,1,2,2,0,0,0,0,0,0,0,1,0,0,1,1,0,1,0,1,0,0,0,0,0,0,1,0, 0.00405442, 0.00409512, 0.00132310, 0.0038753, 0.00327518,buy
2022-05-17,1,0,0,0,1,1,2,2,1,0,0,0,0,0,0,1,0,0,0,1,1,1,0,1,0,0,0,0,0,0,1,0, 0.00373008, 0.00181935, 0.00299375,-0.0000382, 0.00360487,buy
2022-05-18,1,0,0,0,0,1,1,1,1,0,0,0,0,0,0,1,0,0,0,0,1,0,0,1,0,0,0,0,0,0,0,0, 0.00582639,-0.00185313,-0.00256310, 0.0071445, 0.00260734,buy
2022-05-19,1,0,0,0,0,1,1,1,1,0,0,0,0,0,0,1,0,0,0,0,1,0,0,1,0,0,0,0,0,0,0,0, 0.00582639,-0.00185313,-0.00256310, 0.0071445, 0.00260734,buy
2022-05-20,1,0,0,0,0,0,2,1,1,0,0,0,0,1,0,0,0,1,0,0,1,0,0,1,0,0,0,0,0,0,0,0, 0.00039867,-0.00424487,-0.00451864,-0.0068308,-0.00061047,sell
2022-05-21,1,0,0,0,0,0,2,2,1,0,0,0,0,1,0,0,1,1,0,0,1,0,0,1,0,0,0,0,0,0,0,0, 0.00589621, 0.00729685, 0.00312763,-0.0007825, 0.00600761,buy
2022-05-22,1,0,0,0,1,0,4,2,1,1,0,1,0,1,0,0,1,1,0,0,0,0,0,1,0,0,1,0,1,0,0,0, 0.00386031, 0.00192472, 0.00135650, 0.0008271, 0.00202283,buy
2022-05-23,1,0,0,0,1,0,3,1,0,1,0,1,0,1,0,0,1,1,0,0,0,0,0,0,0,0,1,0,1,0,0,0, 0.00369918, 0.00137721, 0.00193312, 0.0005683, 0.00187983,buy
2022-05-24,1,0,0,0,1,0,3,1,0,1,0,1,0,0,0,0,1,1,0,0,0,0,0,0,0,0,1,0,1,0,0,0, 0.00002687, 0.00175424,-0.00064363, 0.0016327, 0.00062799,buy
2022-05-25,1,0,0,0,2,0,3,2,0,1,0,1,0,0,0,1,1,1,0,0,0,0,0,0,0,0,1,1,1,0,0,0,-0.00409679, 0.00319388, 0.00323042, 0.0000390, 0.00152928,buy
2022-05-26,1,0,0,0,2,0,2,1,0,0,0,1,0,0,0,1,0,1,0,0,0,0,0,0,0,0,1,1,1,0,0,0, 0.00036348,-0.00358704, 0.00110100,-0.0007648, 0.00402582,buy
2022-05-27,1,0,0,0,1,0,1,1,0,0,0,1,0,0,0,1,0,0,0,0,0,0,0,0,0,0,0,1,0,0,0,1,-0.00624812,-0.00273578,-0.00199454,-0.0066254, 0.00676358,sell
2022-05-28,1,0,0,0,1,0,2,2,0,0,1,1,1,0,0,1,0,0,0,0,0,0,0,0,0,0,0,1,0,0,0,1, 0.00212825,-0.00057630, 0.00292814, 0.0046854, 0.00114607,buy
2022-05-29,1,0,0,0,1,0,2,1,0,0,1,1,1,0,0,0,0,0,0,0,0,0,0,0,1,0,0,0,0,0,0,1,-0.00493010,-0.00586470,-0.00671885,-0.0074153,-0.00841904,sell
2022-05-30,1,0,0,0,2,0,2,1,0,0,1,1,1,0,0,0,0,0,0,0,0,0,0,0,1,1,0,0,0,0,0,1,-0.00218010,-0.00449311,-0.00329875,-0.0021276,-0.00111189,sell
2022-05-31,1,0,0,0,2,0,2,1,0,0,1,1,1,0,0,0,0,0,0,0,0,0,0,0,1,1,0,0,0,0,0,1,-0.00218010,-0.00449311,-0.00329875,-0.0021276,-0.00111189,sell
2022-06-01,0,1,0,0,2,0,2,1,0,0,1,0,1,0,0,0,0,0,0,0,1,0,0,0,1,1,0,0,0,0,0,1, 0.00249987,-0.00099524,-0.00083696, 0.0007223, 0.00431004,buy
2022-06-02,0,1,0,0,2,0,1,1,0,0,1,0,1,0,0,0,0,0,0,0,1,0,0,0,1,1,0,0,0,0,0,0, 0.00106083, 0.00574679, 0.00324316,-0.0010406,-0.00155729,buy
2022-06-03,0,1,0,0,1,0,1,1,0,0,1,0,1,0,0,0,0,0,0,0,1,0,0,0,0,1,0,0,0,0,0,0, 0.00005214, 0.00412021, 0.00331346, 0.0024812, 0.00185511,buy
2022-06-04,0,1,0,0,1,1,1,1,0,0,1,0,1,0,0,0,0,0,0,0,1,0,0,0,0,1,1,0,0,0,0,0, 0.00299111, 0.00394352, 0.00262666, 0.0007571, 0.00128199,buy
2022-06-05,1,1,0,0,2,1,1,1,0,0,1,1,1,0,0,0,0,0,0,0,1,0,1,0,0,1,1,0,0,0,0,0, 0.00405330,-0.00101569,-0.00858417,-0.0089456,-0.00482816,sell
2022-06-06,1,0,0,0,2,2,1,1,0,1,1,1,1,0,0,0,0,0,0,0,0,0,1,0,0,1,1,0,0,0,0,0, 0.00118419,-0.00263385,-0.00093326,-0.0022401,-0.00652118,sell
2022-06-07,1,0,0,0,2,2,1,1,0,1,1,1,1,0,0,0,0,0,0,0,0,0,1,0,0,1,1,0,0,0,0,0, 0.00118419,-0.00263385,-0.00093326,-0.0022401,-0.00652118,sell
2022-06-08,1,0,0,0,2,2,1,1,0,1,1,1,1,0,0,0,0,0,0,0,0,0,1,0,0,1,1,0,0,0,0,0, 0.00118419,-0.00263385,-0.00093326,-0.0022401,-0.00652118,sell
2022-06-09,1,0,0,0,1,1,1,0,0,1,1,1,0,0,0,0,0,0,0,0,0,0,1,0,0,0,0,0,0,0,0,0,-0.00355885,-0.00174217,-0.00114206, 0.0041418,-0.00068534,sell
2022-06-10,1,0,0,0,0,1,0,0,0,1,0,1,0,0,0,0,0,0,0,0,0,0,0,0,0,0,0,0,0,0,1,0,-0.00584866,-0.00228597,-0.00484598,-0.0030717, 0.00072748,sell
2022-06-11,1,0,0,0,0,1,0,0,0,1,0,1,0,0,0,0,0,0,0,0,0,0,0,0,0,0,0,0,0,0,1,0,-0.00584866,-0.00228597,-0.00484598,-0.0030717, 0.00072748,sell
2022-06-12,1,0,0,0,0,1,0,0,0,1,0,1,0,0,0,0,0,0,0,0,0,0,0,0,0,0,0,0,0,0,1,0,-0.00584866,-0.00228597,-0.00484598,-0.0030717, 0.00072748,sell
2022-06-13,1,0,0,0,0,2,0,0,0,1,0,1,0,0,0,0,0,0,0,0,0,0,0,0,1,0,0,0,0,0,1,0,-0.00557305,-0.00422953,-0.00604814,-0.0047237, 0.00008528,sell
2022-06-14,1,0,0,0,0,2,0,1,0,1,0,0,0,0,0,0,0,0,0,1,0,1,0,0,1,0,0,0,0,0,0,0,-0.00183017,-0.00196116,-0.00093054, 0.0035962,-0.00198409,sell
2022-06-15,1,0,0,0,0,2,0,1,0,1,0,0,0,0,0,0,0,0,0,1,0,1,0,0,1,0,0,0,0,0,0,0,-0.00183017,-0.00196116,-0.00093054, 0.0035962,-0.00198409,sell
2022-06-16,1,0,0,0,0,2,0,1,0,1,0,0,0,0,0,0,0,0,0,1,0,1,0,0,1,0,0,0,0,0,0,0,-0.00183017,-0.00196116,-0.00093054, 0.0035962,-0.00198409,sell
2022-06-17,1,0,1,0,0,2,1,3,0,1,0,0,0,0,0,0,1,0,0,1,1,1,0,0,1,0,1,0,1,0,0,0,-0.00316490,-0.00664864,-0.00334812,-0.0044044,-0.00667105,sell
2022-06-18,1,0,1,0,0,1,2,3,1,1,0,0,0,0,0,0,1,0,0,1,1,1,0,0,0,0,1,0,1,0,0,0,-0.00089769,-0.00372618, 0.00274747,-0.0027713,-0.00525003,sell
2022-06-19,1,0,1,0,0,1,2,2,1,1,0,0,0,0,0,0,1,0,0,0,1,0,0,0,0,0,1,1,1,0,0,0, 0.00143619,-0.00429072, 0.00348976,-0.0006152,-0.00448145,sell
2022-06-20,1,0,1,0,0,1,2,2,1,1,0,0,0,0,0,0,1,0,0,0,1,0,0,0,0,0,1,1,1,0,0,0, 0.00143619,-0.00429072, 0.00348976,-0.0006152,-0.00448145,sell
2022-06-21,1,0,1,0,1,1,1,1,1,0,0,0,0,0,0,0,1,0,0,0,1,0,1,0,0,0,0,1,0,1,0,0, 0.00815060, 0.00538135, 0.00214831, 0.0078825, 0.00785977,buy
2022-06-22,1,0,0,0,1,1,1,0,1,0,0,0,0,0,0,0,0,0,0,0,0,0,1,0,0,0,0,1,0,1,0,0,-0.00397562, 0.00463264,-0.00203777,-0.0004414, 0.00555407,sell
2022-06-23,1,1,0,0,1,1,0,0,0,0,0,1,0,0,0,0,0,0,0,0,0,0,1,0,0,0,0,1,0,1,0,0,-0.00570830,-0.00302700,-0.00429041,-0.0035461,-0.00148860,sell
2022-06-24,0,1,0,0,1,1,0,0,0,0,0,1,0,0,0,0,0,0,0,0,0,0,1,0,0,0,0,0,0,1,0,0, 0.00249650, 0.00092512, 0.00293277, 0.0013243,-0.00169833,buy
2022-06-25,1,1,0,0,1,1,0,0,0,0,0,1,0,0,0,0,0,0,0,0,0,0,1,1,0,0,0,0,0,1,0,0,-0.00231223, 0.00183021,-0.00232297,-0.0005586,-0.00093012,sell
2022-06-26,1,1,0,0,1,1,0,2,0,0,0,1,0,0,0,0,0,1,0,0,0,0,1,1,0,0,0,0,0,1,0,1, 0.00038459, 0.00143567, 0.00025775,-0.0013375, 0.00136626,buy
2022-06-27,1,0,0,0,2,0,1,2,0,0,0,0,0,0,1,0,0,1,0,0,0,0,0,1,1,0,0,0,0,1,0,1, 0.00226372, 0.00423418, 0.00116265, 0.0007880, 0.00115680,buy
2022-06-28,1,0,0,0,2,0,1,2,0,0,0,0,0,0,1,0,0,1,0,0,0,0,0,1,1,0,0,0,0,1,0,1, 0.00226372, 0.00423418, 0.00116265, 0.0007880, 0.00115680,buy
2022-06-29,1,1,0,0,2,0,1,2,0,0,0,0,0,0,1,0,0,1,0,0,0,1,0,1,1,0,0,0,0,1,0,1,-0.00298829, 0.00370171, 0.00031336,-0.0016308,-0.00144134,sell
2022-06-30,1,1,0,0,1,0,1,2,0,0,0,0,0,0,0,0,0,1,0,0,0,1,0,1,1,0,0,0,0,1,0,1, 0.00136876, 0.00442253, 0.00077116, 0.0033999, 0.00147547,buy
2022-07-01,1,1,0,0,1,0,0,2,0,0,1,0,1,0,0,0,0,1,0,0,0,1,0,0,0,0,0,0,0,1,0,0,-0.00270512,-0.00236625,-0.00266029,-0.0016689,-0.00205792,sell
2022-07-02,1,2,0,0,1,1,0,1,0,0,1,0,1,0,0,0,0,0,0,0,0,1,0,0,0,1,0,1,0,1,0,0,-0.00070108,-0.00060846,-0.00062854,-0.0004577, 0.00491210,sell
2022-07-03,1,2,1,0,1,1,1,1,0,1,1,1,1,0,0,0,0,0,0,0,0,1,0,0,0,1,0,1,0,1,0,0, 0.00286173,-0.00019742,-0.00057728,-0.0085605,-0.00451016,sell
2022-07-04,0,1,1,0,1,1,1,0,0,1,0,1,0,0,0,0,0,0,0,0,0,0,0,0,0,1,0,1,0,1,0,0,-0.00054259, 0.00586402, 0.00367611,-0.0005481,-0.00144270,buy
2022-07-05,0,1,1,0,1,2,1,0,0,1,0,1,0,0,1,0,0,0,0,0,0,0,0,0,0,1,0,1,0,1,0,0, 0.00106324, 0.00627822, 0.00532699, 0.0020242, 0.00049161,buy
2022-07-06,0,0,0,0,2,2,1,0,0,1,0,0,0,0,1,0,0,0,0,0,0,0,0,0,0,1,0,0,0,1,1,0,-0.00842878,-0.00803702,-0.00480312,-0.0089861,-0.00746589,sell
2022-07-07,1,0,0,0,2,2,0,0,0,0,0,0,0,0,1,0,1,0,0,0,0,0,0,0,0,1,0,0,0,1,1,0,-0.00960809,-0.00700122,-0.00307249,-0.0078664,-0.01067428,sell
2022-07-08,1,1,0,0,1,1,1,1,1,0,0,0,1,0,0,0,1,0,0,0,0,0,1,0,0,1,0,0,0,0,1,0, 0.00195036,-0.00286068,-0.00466349, 0.0073905, 0.00019451,sell
2022-07-09,1,1,0,0,1,1,1,1,1,0,0,0,1,0,0,0,1,0,0,0,0,0,1,0,0,1,0,0,0,0,1,0, 0.00195036,-0.00286068,-0.00466349, 0.0073905, 0.00019451,sell
2022-07-10,0,1,0,0,0,1,1,1,1,0,0,0,1,0,0,0,0,0,0,0,0,0,1,0,0,1,0,0,0,0,0,0, 0.00130738,-0.00236059, 0.00220203,-0.0010866, 0.00292623,buy
2022-07-11,1,0,0,0,0,0,1,0,0,0,0,0,0,0,0,0,0,0,0,0,0,0,1,0,0,0,0,0,1,0,0,0, 0.00069545, 0.00510265, 0.00109489, 0.0016667,-0.00022839,buy
2022-07-12,1,1,0,0,0,0,1,1,0,0,0,0,0,0,0,0,0,0,0,0,0,0,1,1,0,0,1,0,1,0,0,0,-0.00771910,-0.00638923,-0.00389963,-0.0061662,-0.00481261,sell
2022-07-13,1,1,0,0,0,0,1,1,0,0,0,0,0,0,1,0,0,0,0,0,0,0,0,1,0,0,1,0,1,0,0,0, 0.00091993,-0.00352365,-0.00194490,-0.0013103,-0.00119674,sell
2022-07-14,1,2,2,0,0,0,1,1,0,0,0,0,0,0,1,0,1,0,0,0,0,1,0,1,0,0,1,1,1,0,0,0,-0.00018141, 0.00257079, 0.00193749, 0.0021287,-0.00051907,buy
2022-07-15,1,2,3,0,0,0,0,1,0,0,0,0,1,1,0,0,1,0,0,1,0,1,0,1,0,0,1,1,0,0,0,0,-0.00275490,-0.00309440,-0.00064708, 0.0094827, 0.00548128,sell
2022-07-16,2,2,3,0,0,0,0,0,0,0,1,0,1,1,0,0,1,0,0,1,0,1,0,1,0,0,0,1,0,0,0,0, 0.00304885,-0.00235027,-0.00037080, 0.0026224, 0.00203233,buy
2022-07-17,2,0,3,1,0,0,0,0,0,0,1,1,1,1,0,0,0,0,0,1,0,1,0,0,0,0,0,1,0,0,0,0,-0.00161329, 0.00133688,-0.00036294, 0.0003082, 0.00051318,buy
2022-07-18,2,0,1,2,0,0,0,0,0,0,1,1,0,1,0,0,0,0,0,1,1,1,0,0,0,0,0,0,0,0,0,0,-0.00303820,-0.00317791,-0.00147444,-0.0065949,-0.00401472,sell
2022-07-19,1,0,0,2,1,1,0,0,0,0,0,1,0,0,0,1,0,0,0,1,1,0,0,0,0,0,0,0,0,0,1,0, 0.00005110,-0.00424391,-0.00041224,-0.0035247,-0.00378754,sell
2022-07-20,1,0,0,1,1,1,0,0,0,0,0,0,0,0,0,1,0,0,0,1,1,0,0,0,0,0,0,0,0,0,1,0, 0.00645241, 0.00763380, 0.00223257, 0.0038162,-0.00089805,buy
2022-07-21,1,0,1,1,1,1,0,0,0,0,0,0,0,0,0,1,1,0,0,0,1,0,0,0,0,0,0,0,0,0,1,1,-0.00091777, 0.00057166, 0.00062972, 0.0031001,-0.00163184,buy
2022-07-22,2,0,1,1,1,1,0,0,1,0,0,0,0,0,0,1,1,0,0,0,1,0,0,0,0,0,0,0,0,0,1,1, 0.00005052, 0.00083674, 0.00217207, 0.0066641, 0.00107571,buy
2022-07-23,2,2,1,0,1,0,0,1,1,0,1,0,0,0,0,1,1,0,0,0,0,0,0,0,1,0,0,0,1,0,0,1, 0.00031916, 0.00278037, 0.00102476,-0.0011967,-0.00073073,buy
2022-07-24,2,2,0,0,0,0,0,1,1,0,1,0,0,0,0,0,0,0,0,0,0,0,0,0,1,0,0,0,1,0,0,1,-0.00727311,-0.00727002,-0.00950160,-0.0046493,-0.00515067,sell
2022-07-25,0,2,0,0,0,0,0,2,0,1,1,0,0,0,0,0,0,0,0,0,0,0,0,0,1,0,0,0,1,0,0,0,-0.00114959,-0.00529068,-0.00747506,-0.0084860,-0.00580029,sell
2022-07-26,0,1,1,0,0,0,0,2,0,1,0,0,0,0,0,0,0,0,0,0,0,0,0,1,1,0,0,0,1,0,0,0,-0.00389863,-0.00402725,-0.00701308,-0.0063486,-0.00273996,sell
2022-07-27,0,0,1,0,0,0,0,2,0,1,0,0,0,0,1,0,0,0,0,0,0,0,0,1,0,0,0,0,0,0,0,0,-0.00077015,-0.00431066,-0.00110243,-0.0031832,-0.00321039,sell
2022-07-28,0,0,1,0,0,0,0,2,0,1,0,0,0,0,1,0,0,0,0,0,0,0,0,1,0,0,0,0,0,0,0,0,-0.00077015,-0.00431066,-0.00110243,-0.0031832,-0.00321039,sell
2022-07-29,1,0,1,0,0,0,0,1,0,0,0,0,0,0,1,0,0,1,0,0,0,0,0,1,0,0,0,0,0,0,0,0, 0.00002642, 0.00416003, 0.00085947,-0.0041495, 0.00604975,buy
2022-07-30,1,1,1,1,0,0,1,0,1,0,0,0,1,0,0,0,0,1,0,0,0,0,0,1,0,1,0,0,0,0,0,0,-0.00196541,-0.00340187,-0.00519789, 0.0036891,-0.00316655,sell
2022-07-31,1,2,1,1,0,0,2,0,1,0,1,0,1,0,0,0,0,1,0,1,0,0,0,0,0,1,0,0,0,0,1,0,-0.00277337,-0.00020958,-0.00029642,-0.0016823,-0.00155611,sell
2022-08-01,1,3,2,1,0,0,2,0,1,0,1,1,1,0,0,0,0,1,0,1,0,0,0,0,0,1,0,0,0,0,1,1,-0.00139879, 0.00102961, 0.00112392, 0.0003995,-0.00014863,buy
2022-08-02,1,2,2,0,0,0,2,0,0,0,1,1,0,0,0,0,0,1,0,1,0,0,0,0,0,1,0,0,0,0,1,1, 0.00301140, 0.00285236, 0.00430454,-0.0014913,-0.00105521,buy
2022-08-03,1,2,1,0,0,0,2,0,0,0,0,1,0,0,0,0,0,1,0,1,0,0,0,0,0,1,0,0,0,0,1,1, 0.00156554, 0.00013296, 0.00543200,-0.0021287,-0.00738158,buy
2022-08-04,0,2,1,0,0,0,2,0,0,0,0,0,0,0,0,0,0,0,0,1,0,0,0,0,0,1,0,0,1,0,1,1, 0.00028208,-0.00374074, 0.00262307, 0.0014129, 0.00356330,buy
2022-08-05,0,0,1,1,0,0,1,0,0,0,0,0,0,0,0,0,1,0,0,0,0,0,0,0,0,1,0,0,1,0,0,0, 0.00011685,-0.00571065,-0.00676551,-0.0060977,-0.00273847,sell
2022-08-06,1,0,1,1,0,0,1,0,0,0,0,0,0,0,0,0,1,0,0,0,0,0,0,0,0,1,1,0,1,0,0,0, 0.00145668,-0.00431660,-0.00110397,-0.0029492,-0.00174872,sell
2022-08-07,1,0,1,2,0,0,0,0,0,0,0,0,0,0,0,0,1,0,0,0,0,0,0,0,0,0,1,1,1,0,0,0,-0.00326789,-0.00531231,-0.00022443,-0.0004462, 0.00109735,sell
2022-08-08,1,0,1,1,0,0,0,0,1,0,0,0,0,0,0,0,0,0,0,0,0,0,0,0,0,0,1,1,0,0,0,0,-0.00318630,-0.00218387, 0.00033614, 0.0008074, 0.00210043,sell
2022-08-09,1,0,1,1,0,0,0,1,1,0,0,0,0,0,0,0,0,0,0,0,0,0,1,0,0,0,1,1,0,0,0,0,-0.00312316,-0.00188793,-0.00160575,-0.0008566,-0.00147171,sell
2022-08-10,0,1,1,1,0,0,0,1,1,0,0,1,0,0,0,0,0,0,0,0,0,0,1,0,0,0,0,1,0,0,0,0,-0.00769993,-0.00667720,-0.00629513,-0.0066244,-0.00646143,sell
2022-08-11,0,1,0,0,0,0,0,1,0,0,0,1,0,0,0,0,0,0,0,0,0,0,1,0,0,0,0,0,0,0,0,0, 0.00302626, 0.00227920, 0.00299345, 0.0004312, 0.00113445,buy
2022-08-12,0,1,1,1,0,0,0,1,0,0,0,1,0,0,0,0,0,0,0,0,0,1,1,0,0,0,0,0,0,0,0,1,-0.00465027, 0.00320905,-0.00339030,-0.0018093,-0.00141934,sell
2022-08-13,0,1,1,1,0,0,0,1,0,0,0,1,0,0,0,0,0,0,0,0,0,1,1,0,0,0,0,0,0,0,0,1,-0.00465027, 0.00320905,-0.00339030,-0.0018093,-0.00141934,sell
2022-08-14,0,1,1,1,0,0,0,0,0,0,0,0,0,0,0,0,0,1,0,0,0,1,0,0,0,0,0,0,0,0,0,1, 0.00027334, 0.00284288, 0.00315779, 0.0056706, 0.00380038,buy
2022-08-15,1,1,1,1,0,0,0,0,0,0,0,0,0,0,1,0,0,1,0,1,0,1,0,0,0,0,0,0,0,0,0,0, 0.00205066, 0.00011918, 0.00404443, 0.0009621, 0.00260718,buy
2022-08-16,2,1,1,1,0,0,0,0,0,0,0,0,0,0,1,0,0,1,0,1,0,1,0,0,1,0,0,0,0,0,0,0,-0.00385765, 0.00346045, 0.00166380,-0.0012082, 0.00223710,buy
2022-08-17,2,1,3,0,0,0,0,0,0,0,0,0,1,0,1,0,0,1,0,1,1,0,0,0,1,0,0,0,0,0,0,0,-0.00317872,-0.00505529,-0.00335989,-0.0003736,-0.00351408,sell
2022-08-18,2,2,3,0,0,1,0,0,0,0,0,0,1,0,1,1,0,1,0,1,1,0,0,0,1,0,1,0,0,0,0,0,-0.00412101,-0.00520999,-0.00464141,-0.0036591,-0.00541829,sell
2022-08-19,1,1,3,1,0,1,0,0,0,0,1,0,1,0,0,1,0,0,0,1,1,0,0,0,1,0,1,0,0,0,0,0,-0.00390478,-0.00563119,-0.00408409,-0.0054697,-0.00528384,sell
2022-08-20,0,1,2,1,0,1,0,0,0,0,1,0,1,0,0,1,0,0,0,0,1,0,0,0,0,0,1,0,0,0,0,0,-0.00396235,-0.00547703,-0.00431967,-0.0041454,-0.00558242,sell
2022-08-21,1,1,1,2,0,1,0,0,0,0,1,1,0,0,0,1,0,0,0,0,1,0,0,1,0,0,1,0,0,0,0,0,-0.00410549,-0.00471863,-0.00487910,-0.0030301,-0.00613277,sell
2022-08-22,1,0,0,2,0,1,0,1,0,0,1,1,0,0,0,1,0,0,1,0,0,0,0,1,0,0,0,0,0,0,0,0,-0.00198580, 0.00023826, 0.00270214, 0.0027943,-0.00192173,buy
2022-08-23,1,0,1,1,0,0,0,1,0,0,0,1,0,0,0,0,1,0,1,0,0,0,0,1,0,0,0,0,0,0,0,0, 0.00247221,-0.00159569, 0.00146300, 0.0029291, 0.00256303,buy
2022-08-24,1,0,1,1,0,0,0,1,0,0,0,1,0,0,0,0,1,0,1,0,0,0,0,1,0,0,0,0,0,0,0,0, 0.00247221,-0.00159569, 0.00146300, 0.0029291, 0.00256303,buy
2022-08-25,0,0,1,0,0,0,0,2,0,0,0,0,0,0,0,0,1,0,1,0,0,0,0,0,0,0,0,0,0,0,1,0,-0.00528901,-0.00604528,-0.00453856,-0.0061289,-0.00684957,sell
2022-08-26,0,0,1,0,0,0,0,2,0,0,0,0,0,0,0,0,1,0,1,0,0,0,0,0,0,0,0,0,0,0,1,0,-0.00528901,-0.00604528,-0.00453856,-0.0061289,-0.00684957,sell
2022-08-27,0,0,0,1,0,0,0,2,0,0,0,0,0,0,0,0,0,0,1,0,0,0,0,0,0,0,0,0,1,0,1,0,-0.00424983,-0.00524273,-0.00335405,-0.0084820,-0.00289893,sell
2022-08-28,0,2,1,1,0,0,0,2,0,0,0,0,0,0,1,0,0,1,1,0,0,0,0,0,1,0,0,0,1,0,1,0, 0.00301242, 0.00026451,-0.00085814,-0.0001667, 0.00093264,buy
2022-08-29,1,2,1,1,0,0,0,1,0,1,0,0,0,0,1,0,0,1,1,0,0,0,0,0,1,0,0,0,1,0,0,0,-0.00078193, 0.00188249, 0.00211933, 0.0000893,-0.00109172,buy
2022-08-30,1,3,2,1,0,0,0,1,0,1,0,0,1,0,1,0,0,1,1,0,0,0,0,0,1,0,1,0,1,0,0,0,-0.00343326,-0.00015938,-0.00375269,-0.0023636,-0.00347832,sell
2022-08-31,1,3,3,1,0,0,0,1,1,1,0,0,1,0,1,0,0,1,1,0,0,0,0,0,1,0,1,1,0,0,0,0,-0.00115720,-0.00220105,-0.00197627,-0.0016629,-0.00364624,sell
2022-09-01,1,3,3,2,0,0,0,1,1,1,0,0,1,0,1,0,0,1,1,0,1,0,0,0,0,0,1,1,0,0,0,1,-0.00125574,-0.00223295, 0.00022963, 0.0031842,-0.00488276,sell
2022-09-02,1,2,2,2,0,0,0,0,1,1,0,0,1,0,0,0,0,0,0,0,1,0,0,0,0,0,1,1,0,0,0,1, 0.00315083,-0.00067882, 0.00423455, 0.0015553, 0.00023957,buy
2022-09-03,1,2,1,2,0,0,0,0,1,1,0,0,1,0,0,0,0,0,0,0,1,0,0,0,0,0,0,1,0,0,0,1, 0.00400982,-0.00042389, 0.00227704, 0.0007297,-0.00699394,buy
2022-09-04,1,2,0,2,0,0,0,0,1,1,0,0,1,0,0,0,0,0,0,0,1,0,0,0,0,0,0,0,0,0,0,1, 0.00088034,-0.00612640, 0.00152238,-0.0013874,-0.00265969,sell
2022-09-05,1,1,0,1,0,0,0,0,1,1,0,0,0,0,0,0,0,0,0,0,1,0,0,0,0,0,0,0,0,0,0,0,-0.00438647,-0.00350005,-0.00007178,-0.0035001, 0.00071852,sell
2022-09-06,1,0,0,1,0,0,0,0,1,1,0,0,0,0,0,0,0,0,0,0,0,0,0,0,0,0,0,0,0,0,0,0,-0.00523880,-0.00051874,-0.00123852,-0.0014002, 0.00087379,sell
2022-09-07,1,0,0,0,0,0,0,0,0,1,0,0,0,0,0,0,0,0,0,0,0,0,0,0,0,0,0,0,0,0,0,0, 0.00053955,-0.00347030,-0.00364526,-0.0025652,-0.00457983,sell
2022-09-08,1,1,1,0,0,0,0,0,0,1,0,0,0,0,0,0,1,0,0,0,0,0,0,0,1,0,0,0,0,0,0,0, 0.00018958,-0.00398556,-0.00282764,-0.0036807,-0.00216471,sell
2022-09-09,2,1,1,0,0,0,0,0,0,1,0,0,0,0,0,0,1,0,0,0,0,0,1,0,1,0,0,0,0,0,0,0, 0.00627026, 0.00516222, 0.00228811, 0.0016991, 0.00049085,buy
2022-09-10,1,1,2,0,1,0,0,0,0,0,0,0,0,0,0,1,1,0,0,0,0,1,1,0,1,0,0,0,0,0,0,0, 0.00089783, 0.00429732,-0.00203983, 0.0026083,-0.00127180,buy
2022-09-11,1,1,2,0,1,0,0,0,0,0,0,0,0,0,0,1,1,0,0,0,0,1,1,0,1,0,0,0,0,0,0,0, 0.00089783, 0.00429732,-0.00203983, 0.0026083,-0.00127180,buy
2022-09-12,1,2,1,0,1,0,0,0,0,0,0,0,0,0,0,1,1,0,0,0,0,1,1,0,0,0,0,1,0,0,0,0,-0.00304110,-0.00287683,-0.00399064,-0.0039264,-0.00240846,sell
2022-09-13,1,2,1,0,1,0,0,0,0,0,0,0,0,0,0,1,1,0,0,0,0,1,1,0,0,0,0,1,0,0,0,0,-0.00304110,-0.00287683,-0.00399064,-0.0039264,-0.00240846,sell
2022-09-14,0,2,1,1,0,0,0,1,0,0,0,0,0,0,0,0,1,0,0,1,0,1,0,0,0,1,0,1,0,0,0,0,-0.00219038, 0.00074907,-0.00288593, 0.0006057,-0.00214354,sell
2022-09-15,0,2,1,2,0,0,0,1,1,0,0,0,0,0,0,0,1,0,0,1,0,0,0,1,0,1,0,1,0,0,0,0,-0.00267210,-0.00121968,-0.00348816,-0.0008785,-0.00458469,sell
2022-09-16,0,1,1,2,0,0,0,1,1,0,0,0,1,0,0,0,0,0,0,1,0,0,0,1,0,1,0,0,0,0,0,0,-0.00153767,-0.00130463,-0.00581264,-0.0008453,-0.00279268,sell
2022-09-17,1,2,1,2,0,0,0,1,1,0,0,0,1,0,1,0,0,0,0,1,1,0,0,1,0,1,0,0,0,0,0,0,-0.00021616,-0.00179932,-0.00327650, 0.0045452,-0.00300007,sell
2022-09-18,2,2,1,2,0,0,0,1,1,0,0,0,1,0,1,0,0,0,0,1,1,0,0,1,0,1,0,0,0,0,1,0,-0.00032205,-0.00177926,-0.00204706, 0.0069119,-0.00309196,sell
2022-09-19,2,2,2,1,0,0,0,1,1,0,0,0,1,0,1,0,0,0,0,0,1,0,0,1,0,1,0,0,1,0,1,0, 0.00296531, 0.00119509,-0.00054613, 0.0043217,-0.00442358,buy
2022-09-20,2,2,1,1,0,0,0,0,1,0,0,0,1,0,1,0,0,0,0,0,1,0,0,0,0,0,0,0,1,0,1,0, 0.00331239,-0.00201008, 0.00065750, 0.0025827,-0.00055453,buy
2022-09-21,2,2,1,1,0,0,0,0,1,0,0,0,1,0,1,0,0,0,0,0,1,0,0,0,0,0,0,0,1,0,1,0, 0.00331239,-0.00201008, 0.00065750, 0.0025827,-0.00055453,buy
2022-09-22,0,1,2,1,0,0,0,0,0,0,0,0,0,1,1,0,0,0,0,0,0,0,0,0,0,0,1,0,1,0,0,1,-0.00139080, 0.00138264, 0.00252870, 0.0029292, 0.00184912,buy
2022-09-23,0,0,1,1,0,0,0,0,0,0,0,0,0,1,0,0,0,0,0,0,0,0,0,0,0,0,1,0,0,0,0,1,-0.00083506, 0.00364280, 0.00140397,-0.0006956, 0.00426072,buy
2022-09-24,1,1,1,1,0,0,0,0,0,0,0,0,0,1,0,0,0,0,0,0,0,0,1,0,0,0,1,1,0,0,0,1, 0.00085615, 0.00009528,-0.00095259,-0.0004145, 0.00161999,buy
2022-09-25,2,2,1,2,0,0,0,0,0,0,0,1,0,0,0,1,0,1,0,0,0,1,1,0,0,0,1,1,0,0,0,1,-0.00397465,-0.00402136,-0.00733039,-0.0027335,-0.00317260,sell
2022-09-26,2,2,0,1,0,0,0,0,0,0,0,1,0,0,0,1,0,1,0,0,0,1,1,0,0,0,0,1,0,0,0,0,-0.00440818,-0.00551208,-0.00547060,-0.0025403,-0.00447804,sell
2022-09-27,2,2,0,1,0,0,0,0,0,0,0,1,0,0,0,1,0,1,0,0,0,1,1,0,0,0,0,1,0,0,0,0,-0.00440818,-0.00551208,-0.00547060,-0.0025403,-0.00447804,sell
2022-09-28,1,2,0,2,0,0,0,0,0,0,1,1,0,0,0,0,0,1,0,0,0,1,1,0,0,0,0,0,0,0,0,0,-0.00129274,-0.00024791,-0.00151834,-0.0022809,-0.00194923,sell
2022-09-29,1,2,1,1,0,0,0,0,0,0,1,1,0,0,0,0,1,0,0,0,0,1,0,1,0,0,0,0,0,0,0,0,-0.00186878,-0.00204587,-0.00488543,-0.0030502,-0.00197007,sell
2022-09-30,1,3,1,2,0,0,0,0,0,0,1,1,0,0,0,0,1,0,0,0,0,0,0,1,1,0,0,0,1,0,1,0, 0.00347379,-0.00179362, 0.00003862, 0.0029686, 0.00209703,buy
2022-10-01,1,3,1,2,0,0,0,0,0,0,1,1,0,0,0,0,1,0,0,0,0,0,0,1,1,0,0,0,1,0,1,0, 0.00347379,-0.00179362, 0.00003862, 0.0029686, 0.00209703,buy
2022-10-02,1,3,1,2,0,0,0,0,0,0,1,1,0,0,0,0,1,0,0,0,0,0,0,1,1,0,0,0,1,0,1,0, 0.00347379,-0.00179362, 0.00003862, 0.0029686, 0.00209703,buy
2022-10-03,1,3,1,2,0,0,0,0,0,0,1,1,0,0,0,0,1,0,0,0,0,0,0,1,1,0,0,0,1,0,1,0, 0.00347379,-0.00179362, 0.00003862, 0.0029686, 0.00209703,buy
2022-10-04,1,2,1,1,0,0,0,0,0,0,1,1,0,0,0,0,1,0,0,0,0,0,0,0,0,0,0,0,1,0,0,1,-0.00083221, 0.00554174, 0.00004901, 0.0003265, 0.00123915,buy
2022-10-05,1,1,1,1,0,0,0,0,0,0,1,1,0,0,0,0,1,0,0,0,0,0,0,0,0,0,0,0,0,0,0,1,-0.00438893, 0.00223569,-0.00076445,-0.0018549, 0.00234867,buy
2022-10-06,1,1,0,1,0,0,0,0,0,0,1,1,0,0,0,0,0,0,0,0,0,0,0,0,0,0,0,0,0,0,0,1,-0.00482531, 0.00353516, 0.00047537,-0.0067810,-0.00611144,sell
2022-10-07,1,1,0,0,0,0,0,0,0,0,0,1,0,0,0,0,0,0,0,0,0,0,0,0,0,0,0,0,0,0,0,1, 0.00130698, 0.00560325,-0.00287124,-0.0004761, 0.00248479,buy
2022-10-08,1,0,0,0,0,0,0,0,0,0,0,1,0,0,0,0,0,0,0,0,0,0,0,0,0,0,0,0,0,0,0,0, 0.00359959, 0.00355726, 0.00290213, 0.0007699, 0.00338138,buy
2022-10-09,1,0,1,0,0,0,0,0,0,0,0,1,0,0,0,0,0,0,0,0,0,0,1,0,0,0,0,0,0,0,0,0,-0.00159026,-0.00049350, 0.00022268,-0.0022283,-0.00482213,sell
2022-10-10,1,0,1,1,0,0,0,0,1,0,0,0,0,0,0,0,0,0,0,0,0,1,1,0,0,0,0,0,0,0,0,0, 0.00018142, 0.00610353, 0.00149354, 0.0049684, 0.00178296,buy
2022-10-11,1,1,1,1,0,0,0,0,1,0,0,0,0,0,1,0,0,0,0,0,0,1,1,0,0,0,0,0,0,0,0,0, 0.00251388,-0.00095443, 0.00605658, 0.0049148, 0.00303545,buy
2022-10-12,2,2,2,1,0,0,0,0,1,0,0,0,1,0,1,0,0,0,0,0,0,1,1,0,0,0,0,0,1,0,1,0,-0.00265505,-0.00243359,-0.00151262, 0.0005630,-0.00110887,sell
2022-10-13,2,2,2,1,0,0,0,0,1,0,0,0,1,0,1,0,0,0,0,0,0,1,1,0,0,0,0,0,1,0,1,0,-0.00265505,-0.00243359,-0.00151262, 0.0005630,-0.00110887,sell
2022-10-14,3,2,2,0,0,0,0,0,0,0,0,0,1,0,1,0,0,0,0,1,0,1,0,1,0,0,0,0,1,0,1,0,-0.00064998,-0.00056998,-0.00105118, 0.0009381,-0.00201585,sell
2022-10-15,3,2,2,0,0,0,0,0,0,0,0,0,1,0,0,0,1,0,1,1,0,0,0,1,0,0,0,0,1,1,1,0, 0.00264891,-0.00397267, 0.00133524,-0.0024018,-0.00148030,sell
2022-10-16,3,1,2,0,0,0,0,0,0,0,0,0,0,0,0,0,1,0,1,1,0,0,0,1,0,0,1,0,0,1,0,1,-0.00255385, 0.00031208, 0.00026025, 0.0027393,-0.00177437,sell
2022-10-17,4,1,2,0,0,0,0,1,0,0,0,0,0,0,0,0,1,0,1,1,1,0,0,1,0,1,1,0,0,1,0,1,-0.00154276, 0.00020737,-0.00152231,-0.0015012,-0.00316315,sell
2022-10-18,4,1,2,0,0,0,0,2,0,0,0,0,0,0,0,0,1,0,1,1,1,0,0,1,0,1,1,1,0,1,0,1, 0.00052441,-0.00033840, 0.00012638,-0.0042129,-0.00211382,sell
2022-10-19,4,0,1,0,0,0,0,2,0,0,0,0,0,0,0,0,0,0,1,0,1,0,0,1,0,1,1,1,0,1,0,1,-0.00010811,-0.00033305, 0.00243643, 0.0018822,-0.00241452,buy
2022-10-20,2,0,0,0,0,0,0,2,0,0,0,0,0,0,0,0,0,0,1,0,1,0,0,0,0,1,0,1,0,1,0,0,-0.00109179, 0.00121347,-0.00223988, 0.0003626,-0.00538313,sell
2022-10-21,1,0,1,0,0,0,0,2,0,0,0,0,1,0,1,0,0,0,0,0,1,0,0,0,0,0,0,1,0,1,0,0,-0.00521520,-0.00272454,-0.00141691,-0.0036670,-0.00126518,sell
2022-10-22,1,0,3,0,0,0,0,0,0,0,0,0,1,0,1,0,0,1,0,0,0,0,0,0,1,0,0,0,0,1,0,0,-0.00353295,-0.00446534,-0.00269531,-0.0009276,-0.00405163,sell
2022-10-23,1,0,3,0,0,0,0,0,0,0,0,0,1,0,1,0,0,1,0,0,0,0,0,0,1,0,0,0,0,1,0,0,-0.00353295,-0.00446534,-0.00269531,-0.0009276,-0.00405163,sell
2022-10-24,1,0,3,0,0,0,0,0,0,0,1,0,1,0,0,0,0,1,0,0,0,0,0,0,1,0,0,0,0,1,0,0, 0.00215254, 0.00260251, 0.00295365, 0.0019453,-0.00410311,buy
2022-10-25,2,0,3,0,0,0,0,0,0,1,1,0,0,0,0,0,1,1,0,0,0,0,0,0,1,0,0,0,0,1,0,0, 0.00299667, 0.00733878,-0.00160038, 0.0003515,-0.00348358,buy
2022-10-26,2,0,1,0,0,0,0,1,0,1,1,1,0,0,0,0,1,0,0,0,0,0,0,0,0,0,0,0,0,1,0,0,-0.00047857, 0.00173808,-0.00055047,-0.0017153, 0.00080337,buy
2022-10-27,2,0,0,0,0,0,0,1,0,1,0,1,0,0,0,0,1,0,0,0,0,0,0,0,0,0,0,0,0,1,0,0,-0.00033526, 0.00077412, 0.00029757,-0.0009860, 0.00106183,buy
2022-10-28,1,1,1,0,0,0,0,1,1,1,0,1,0,0,0,0,0,0,0,0,0,0,0,0,0,0,1,0,0,1,0,0, 0.00259214,-0.00550594,-0.00122737,-0.0031431,-0.00214759,sell
2022-10-29,0,2,1,0,0,0,0,0,1,0,0,0,0,0,0,0,0,0,0,1,0,0,0,0,0,0,1,0,0,1,0,0, 0.00115769, 0.00202376, 0.00024420, 0.0031264, 0.00121295,buy
2022-10-30,0,3,1,0,0,0,0,0,1,0,0,0,0,0,0,0,0,0,0,1,0,0,0,0,0,1,1,0,0,1,0,0, 0.00068567, 0.00088964, 0.00057874,-0.0003832, 0.00325267,buy
2022-10-31,0,3,0,0,0,0,0,0,0,0,0,0,0,0,0,0,0,0,0,1,0,0,0,0,0,1,1,0,0,0,0,0, 0.00559665, 0.00153903, 0.00473099, 0.0033650, 0.00098828,buy
2022-11-01,0,3,0,0,0,0,0,0,0,0,0,0,0,0,0,0,0,0,1,1,0,0,0,0,0,1,0,0,0,0,0,0, 0.00512449, 0.00204237, 0.00516196, 0.0047739,-0.00030714,buy
2022-11-02,0,5,0,0,0,0,0,0,0,0,1,0,0,0,0,0,0,0,1,1,0,0,0,0,1,1,0,0,0,0,0,0,-0.00566623,-0.00679134,-0.00942272,-0.0012981,-0.00775201,sell
2022-11-03,0,4,0,0,0,0,0,0,0,1,1,0,0,0,0,0,0,0,1,0,0,0,0,0,1,0,0,0,0,0,0,0,-0.00110030,-0.00430474,-0.00980590,-0.0106487,-0.00865280,sell
2022-11-04,0,5,0,1,0,0,0,0,0,1,1,0,0,0,0,0,0,1,1,0,0,0,0,0,1,0,0,0,0,0,1,0,-0.00611633,-0.00388562,-0.00834115,-0.0069499,-0.01077677,sell
2022-11-05,0,3,0,1,0,0,0,1,0,1,0,0,0,1,0,0,0,1,0,0,0,0,0,0,1,0,0,0,1,0,1,0,-0.00600009,-0.00556159,-0.00314230,-0.0037415,-0.00584407,sell
2022-11-06,0,3,0,1,0,0,0,1,1,1,0,0,0,1,0,0,0,1,0,0,0,0,0,0,0,0,0,0,1,0,1,0,-0.00699842,-0.00269249,-0.00168651, 0.0001980,-0.00327981,sell
2022-11-07,0,2,0,3,0,0,0,1,1,0,0,0,0,1,1,0,0,1,0,0,0,0,1,0,0,0,0,0,1,0,1,0,-0.00729026,-0.00822175,-0.00456744,-0.0027719,-0.00482995,sell
2022-11-08,1,2,0,2,0,0,0,1,1,0,0,0,0,1,1,0,0,1,0,0,0,0,1,0,0,0,1,0,1,0,0,0,-0.00485100,-0.00433503,-0.00329166,-0.0005988,-0.00207678,sell
2022-11-09,1,0,0,2,0,0,0,2,0,0,0,0,1,1,1,0,0,0,0,0,0,1,1,0,0,0,1,0,0,0,0,0, 0.00115122,-0.00042767,-0.00451649,-0.0039178,-0.00411152,sell
2022-11-10,1,0,1,2,0,0,0,2,0,0,0,0,1,1,1,0,0,0,0,0,0,1,1,0,0,1,1,0,0,0,0,0, 0.00084262,-0.00003116,-0.00353395,-0.0034735,-0.00413945,sell
2022-11-11,2,0,1,1,0,0,1,2,0,0,1,0,1,1,0,0,0,0,0,0,0,1,1,0,0,1,1,1,0,0,0,0, 0.00075087,-0.00165865,-0.00432384,-0.0047183,-0.00358064,sell
2022-11-12,2,0,2,0,0,0,1,1,0,1,1,0,0,1,0,0,0,0,0,0,0,1,0,0,0,1,1,1,0,0,0,0, 0.00212451, 0.00610634, 0.00499121, 0.0056120, 0.00587849,buy
2022-11-13,3,0,2,0,0,0,2,2,0,1,1,1,0,0,0,0,0,0,0,1,0,1,0,0,1,1,0,1,0,0,0,1,-0.00532853,-0.00121800,-0.00105374,-0.0052698,-0.00407819,sell
2022-11-14,3,0,2,0,0,0,2,1,0,1,1,1,0,0,0,0,0,0,1,1,0,0,0,0,1,0,0,1,0,0,0,1,-0.00809063,-0.00022761,-0.00793287, 0.0008209,-0.00389231,sell
2022-11-15,3,0,1,0,0,0,2,2,1,0,0,1,0,0,0,1,1,0,1,1,0,0,0,0,1,0,0,1,0,0,0,1, 0.00362710, 0.00011238, 0.00494929, 0.0084812, 0.00280231,buy
2022-11-16,3,0,1,0,0,0,2,2,1,0,0,1,0,0,0,1,1,0,1,1,1,0,0,0,1,0,0,0,0,0,0,1, 0.00289233,-0.00229324, 0.00336917, 0.0011239,-0.00193067,buy
2022-11-17,2,0,1,0,0,0,1,2,1,0,0,0,0,0,0,1,1,0,1,1,1,0,0,0,0,0,0,0,0,0,0,1,-0.00420125,-0.00493231, 0.00091580,-0.0023299, 0.00114668,sell
2022-11-18,0,0,0,0,0,0,1,1,0,0,0,0,0,0,0,1,1,0,0,0,1,0,0,0,0,0,0,0,0,0,0,0, 0.00186656,-0.00214521, 0.00135829,-0.0017252,-0.00216910,sell
2022-11-19,1,0,0,0,0,0,1,0,0,0,0,0,0,0,0,1,0,1,0,0,1,0,0,0,0,0,0,0,0,0,0,0,-0.00063300,-0.00280054,-0.00494741,-0.0032219,-0.00319405,sell
2022-11-20,1,0,0,0,0,0,1,1,0,0,0,0,0,0,0,1,0,1,0,0,1,0,0,1,0,0,0,0,0,0,0,0, 0.00162939,-0.00174602,-0.00062124,-0.0012356, 0.00067375,buy
2022-11-21,1,0,0,0,0,0,0,1,0,0,0,0,0,0,0,1,0,1,0,0,0,0,0,1,0,0,0,0,0,0,0,0, 0.00329111,-0.00412731,-0.00114275,-0.0032387,-0.00312162,sell
2022-11-22,1,0,0,0,0,0,0,1,0,0,0,0,0,0,0,1,0,1,0,0,0,0,0,1,0,0,0,0,0,0,0,0, 0.00329111,-0.00412731,-0.00114275,-0.0032387,-0.00312162,sell
2022-11-23,1,0,0,0,0,2,0,1,0,0,0,1,0,0,0,1,0,1,0,0,0,0,0,1,0,0,0,1,0,0,0,0, 0.00440856, 0.00183241, 0.00257564, 0.0009824, 0.00276921,buy
2022-11-24,0,0,0,0,0,2,0,1,0,0,0,1,0,0,0,1,0,0,0,0,0,0,0,1,0,0,0,1,0,0,0,0, 0.00518587,-0.00296946,-0.00358279, 0.0031140, 0.00832497,sell
2022-11-25,0,0,0,0,0,2,0,1,0,0,0,1,0,0,0,1,0,0,0,0,0,0,0,1,0,0,0,1,0,0,0,0, 0.00518587,-0.00296946,-0.00358279, 0.0031140, 0.00832497,sell
2022-11-26,0,0,1,0,0,2,0,0,0,0,0,1,0,0,1,1,0,0,0,0,0,0,0,0,0,0,0,1,0,0,0,0, 0.00848081,-0.00207573,-0.00120788,-0.0022807, 0.00805982,sell
2022-11-27,0,0,2,0,0,1,0,0,0,0,0,0,0,0,1,1,0,0,0,0,0,0,0,0,0,0,0,1,0,0,1,0, 0.00394803,-0.00367123,-0.00119612,-0.0037633, 0.00455762,sell
2022-11-28,0,0,2,1,0,0,1,0,0,1,0,0,1,0,1,1,0,0,0,0,0,0,0,0,0,0,0,0,0,0,1,0,-0.00147523,-0.00193274,-0.00506263,-0.0048982,-0.00223650,sell
2022-11-29,0,0,2,1,0,0,1,0,0,1,0,0,1,0,1,0,0,0,0,0,0,0,0,0,0,0,0,0,0,0,1,0,-0.00430949,-0.00248450,-0.00304096,-0.0028497,-0.00211386,sell
2022-11-30,0,0,1,2,0,0,2,1,0,1,1,0,1,0,0,0,0,0,0,0,0,0,0,0,0,1,0,0,1,0,1,0, 0.00103651,-0.00072299,-0.00722324,-0.0038772,-0.00401161,sell
2022-12-01,0,0,0,1,0,0,2,1,0,0,1,0,1,0,0,0,0,0,0,0,0,0,0,0,0,1,0,0,1,0,0,0,-0.00622125,-0.00527329,-0.00700698,-0.0070472,-0.00626430,sell
2022-12-02,0,0,0,1,0,1,1,2,0,0,1,0,0,0,0,0,0,0,0,0,1,0,0,0,0,1,1,0,1,0,0,0, 0.00305026, 0.00286616, 0.00198246, 0.0061445, 0.00205949,buy
2022-12-03,0,0,0,0,1,1,1,2,0,0,1,1,0,0,0,0,0,0,0,0,1,0,0,0,0,0,1,0,1,0,0,0, 0.00484511, 0.00635524, 0.00780683, 0.0077139, 0.00710890,buy
2022-12-04,0,0,0,0,1,1,0,2,1,0,0,1,0,0,0,0,0,0,0,0,1,0,0,0,0,0,1,0,0,0,0,0,-0.00260263,-0.00465898,-0.00028196,-0.0029073,-0.00314842,sell
2022-12-05,0,0,0,0,1,1,0,2,1,0,0,1,0,0,0,0,0,0,0,0,1,0,0,0,0,0,1,0,0,0,0,0,-0.00260263,-0.00465898,-0.00028196,-0.0029073,-0.00314842,sell
2022-12-06,0,1,1,1,2,1,0,1,1,0,0,1,0,0,1,0,0,0,1,0,1,0,1,0,0,0,0,1,0,0,0,0, 0.00168442,-0.00145297, 0.00019147,-0.0058124, 0.00373801,buy
2022-12-07,0,1,1,1,1,0,0,2,1,0,0,0,0,0,1,0,0,0,1,0,0,0,1,0,1,0,0,1,0,0,0,0,-0.00568703,-0.00505390,-0.00662311,-0.0048267,-0.00183445,sell
2022-12-08,0,1,1,1,1,0,0,1,0,0,0,0,0,0,1,0,0,0,1,0,0,0,1,0,1,0,0,1,0,0,0,0,-0.00444719,-0.00651789,-0.00596209,-0.0091970,-0.00155911,sell
2022-12-09,0,1,1,1,1,1,1,1,0,0,0,0,1,0,0,0,1,0,1,0,0,0,1,0,1,0,0,1,0,0,1,0,-0.00596455,-0.00536028,-0.00317018,-0.0027970,-0.00376693,sell
2022-12-10,0,1,0,0,0,1,2,1,0,0,0,0,1,0,0,0,1,0,0,0,0,1,0,0,1,0,0,0,0,0,1,0,-0.00080626,-0.00072359,-0.00479743,-0.0090371,-0.00204475,sell
2022-12-11,0,1,0,0,0,1,2,1,0,0,0,0,1,0,0,0,1,0,0,0,0,1,0,0,1,0,0,0,0,0,1,0,-0.00080626,-0.00072359,-0.00479743,-0.0090371,-0.00204475,sell
2022-12-12,0,1,0,0,0,1,2,1,0,0,0,0,1,0,0,0,1,0,0,1,0,1,0,0,0,0,0,0,0,0,1,0,-0.00461229,-0.00697604,-0.01110720,-0.0065966, 0.00846974,sell
2022-12-13,0,0,0,0,0,1,2,1,0,0,0,0,0,0,0,0,1,0,0,1,0,1,0,0,0,0,0,0,1,0,0,0, 0.00237756,-0.00278727,-0.00232043, 0.0030086, 0.00182614,buy
2022-12-14,0,0,1,0,0,1,2,1,0,1,0,0,0,0,0,0,0,0,0,1,0,1,0,0,0,0,0,0,1,0,0,1,-0.00157340,-0.00185023, 0.00150788,-0.0002071,-0.00559996,sell
2022-12-15,0,0,1,0,0,1,1,1,0,1,0,0,0,0,0,0,0,0,0,1,0,0,0,0,0,0,0,0,1,0,0,1,-0.00209639,-0.00109285,-0.00185796,-0.0005436,-0.00377854,sell
2022-12-16,1,0,1,0,0,1,1,1,0,1,0,0,0,0,1,0,0,0,0,1,0,0,0,0,0,0,0,0,1,0,0,1, 0.00071281,-0.00046269,-0.00135817, 0.0005967,-0.00094479,buy
2022-12-17,1,0,1,0,1,0,1,0,0,1,0,0,0,0,1,0,0,0,0,0,1,0,0,0,0,0,0,0,0,0,0,1, 0.00263255, 0.00007456,-0.00265302, 0.0027130, 0.00253418,buy
2022-12-18,1,0,1,0,1,0,1,0,0,0,0,0,0,0,1,0,0,0,0,0,1,0,0,0,0,1,0,0,0,0,0,1,-0.00518123,-0.00335079,-0.00094117,-0.0046619,-0.00548864,sell
2022-12-19,1,0,1,0,1,0,1,1,0,0,0,0,0,0,1,0,0,1,0,0,1,0,0,0,0,1,0,0,0,0,0,1,-0.00608653, 0.00375115,-0.00063824,-0.0062628,-0.00374908,sell
2022-12-20,1,1,1,0,1,0,0,1,0,0,0,0,0,0,0,0,0,1,0,0,1,0,1,0,0,1,0,0,0,0,1,0,-0.00621032,-0.00388447,-0.00090039, 0.0007302, 0.00115548,sell
2022-12-21,1,1,1,0,2,0,0,1,0,0,0,0,1,0,0,0,0,1,0,0,1,0,1,0,0,1,0,0,0,0,1,0,-0.00593652,-0.00357210,-0.00936369,-0.0090393,-0.00228492,sell
2022-12-22,1,1,0,0,1,0,1,1,0,0,1,0,1,0,0,0,0,1,0,0,0,0,1,0,0,0,0,0,0,0,1,0,-0.00519667,-0.00167242,-0.00546366,-0.0036768,-0.00649750,sell
2022-12-23,1,1,0,0,1,0,1,1,0,0,1,0,1,0,0,0,0,1,0,0,0,0,1,0,0,0,0,0,0,0,1,0,-0.00519667,-0.00167242,-0.00546366,-0.0036768,-0.00649750,sell
2022-12-24,0,1,0,0,1,0,1,1,0,0,1,0,1,0,0,0,0,1,0,0,0,0,1,0,0,0,0,0,0,0,0,0, 0.00717215, 0.00670394, 0.00620608, 0.0050882, 0.00348748,buy
2022-12-25,0,1,0,0,1,0,1,0,0,1,1,0,1,0,0,0,0,0,0,0,0,0,0,0,0,0,0,0,0,0,0,0,-0.00310339,-0.00520185,-0.00590403,-0.0082223,-0.00570746,sell
2022-12-26,0,1,0,0,2,1,2,0,0,1,1,0,1,0,0,0,0,0,0,0,0,1,0,0,0,0,1,0,1,0,0,0, 0.00684142, 0.00235759, 0.00423524, 0.0001535, 0.00146852,buy
2022-12-27,0,1,0,0,2,1,2,0,0,1,1,0,1,0,0,1,0,0,0,0,0,1,0,0,0,0,1,0,1,0,0,0, 0.00074366,-0.00237113,-0.00155430,-0.0051583,-0.00071790,sell
2022-12-28,0,2,0,0,1,1,2,0,0,1,1,0,0,0,0,1,0,0,0,0,0,1,0,0,0,1,1,0,1,0,0,0, 0.00553147, 0.00519852, 0.00175355,-0.0034898, 0.00005361,buy
2022-12-29,0,2,1,0,1,1,2,0,0,1,1,0,0,0,0,1,0,0,1,0,0,1,0,0,0,1,1,0,1,0,0,0, 0.00609012, 0.00423762, 0.00294117,-0.0009179, 0.00131281,buy
2022-12-30,0,2,1,0,1,1,1,0,0,1,1,0,1,0,0,1,0,0,1,0,0,1,0,0,0,1,0,1,0,0,0,0, 0.00585633, 0.00305244,-0.00028340, 0.0008166,-0.00116109,buy
2022-12-31,0,2,1,0,1,2,1,0,0,1,1,0,1,0,0,0,0,0,1,0,0,1,0,0,0,1,0,1,0,0,0,1, 0.00232391, 0.00462219, 0.00238173,-0.0005227, 0.00259779,buy
