Date,a120,a135,a150,a180,a30,a45,a60,a90,CHYE,JUYE,NNYE,PLYE,SAYE,SUYE,VSYE,DiffPred1,DiffPred2,DiffPred3,DiffPred4,DiffPred5,EffPred
2010-01-01,1.11,2.55,0.24,0.06,0.08,7.98,0,0.17,3.47,3.03,0.53,2.31,1.79,0.36,1.4,-0.01028854, 0.00996008,-0.01169400,-0.04405212, 0.030348,sell
2010-01-02,0.33,2.83,0.22,0,0,6.67,0,0,1.46,3.83,0.33,2.72,1.38,0.52,0.44,-0.06342807,-0.03631208,-0.05694983,-0.07688945,-0.032635,sell
2010-01-03,0.11,3,0.2,0,0,5.44,0,0,0.45,3.83,0.2,3,1.16,1.07,0.11,-0.00751490,-0.00562119,-0.00587865,-0.02083553,-0.047991,sell
2010-01-04,0,2.67,0.18,0,0,5.43,0,0,0.17,4.3,0.18,2.67,0.96,3.66,0,-0.02216997,-0.03365785,-0.03261940,-0.04518049,-0.047572,sell
2010-01-05,0,2.18,0.15,0,0,4.99,0,0,0.06,4.14,0.17,2.18,0.79,2.79,0,-0.00891155,-0.01237187,-0.01237187,-0.03129813,-0.045228,sell
2010-01-06,0.04,1.77,0.13,0,0,4.64,0,0,0.21,3.78,0.18,1.74,0.65,1.29,0.07, 0.03402239, 0.02901033, 0.02421788, 0.00870268, 0.014487,buy
2010-01-07,0.12,1.49,0.11,0,0.01,2.54,0,0.02,0.67,1.36,0.27,1.38,0.54,1.3,0.23,-0.00691442,-0.03282343,-0.01398568,-0.03737053,-0.062523,sell
2010-01-08,0.31,1.39,0.1,0,0.05,2.7,0,0.06,1.94,0.39,0.53,1.1,0.48,1.61,0.62,-0.03426406,-0.03744524,-0.04038802,-0.04169572,-0.058089,sell
2010-01-09,0.73,1.7,0,0,0.13,3.37,0,0.13,3.08,0.09,1.22,0.87,0.46,1.99,1.61,-0.04076731,-0.02625074,-0.02746877,-0.04575753,-0.044479,sell
2010-01-10,1.44,3.16,0,0,0.34,2.06,0,0.29,2.14,0,3.46,0.76,0.55,2.47,3.96,-0.01915608,-0.03082342,-0.00172521,-0.05084107,-0.001042,sell
2010-01-11,2.51,6.43,0,0,0.89,1.02,0,0.52,1.71,0,5.92,0.7,0.72,3,8.46, 0.01334088,-0.05682582,-0.04118793,-0.05965480,-0.001810,buy
2010-01-12,3,5.1,0,0,2.36,0.58,0,0.81,2.78,0.01,3.44,0.72,0.96,2.92,7.74, 0.00806100,-0.06867740,-0.06002421,-0.04521681,-0.012970,sell
2010-01-13,2.4,1.91,0,0,5.45,0.38,0,1.1,5.65,0.06,1.2,0.77,1.22,2.36,4.04, 0.02006120,-0.03689553,-0.04002456,-0.02764198,-0.039051,sell
2010-01-14,1.92,0.76,0,0,5.42,0.27,0,1.3,5.46,0.14,0.42,0.81,1.39,1.9,2.48, 0.00794081,-0.02032803,-0.02308909,-0.01344916,-0.025027,sell
2010-01-15,1.85,0.27,0,0,2.64,0.15,0,1.34,2.46,0.33,0.1,0.79,1.34,1.55,1.98, 0.01184547,-0.03705644,-0.03591297,-0.03705644,-0.068506,sell
2010-01-16,2.2,0.1,0,0,1.73,0.14,0.02,1.33,1.06,0.81,0,0.77,1.33,1.25,2.2, 0.00519771, 0.01764633, 0.03060858, 0.01963108, 0.033597,buy
2010-01-17,2.99,0,0,0,2.3,0.16,0.02,1.2,0.53,1.91,0,0.64,1.22,1.01,2.97, 0.03234096, 0.07610392, 0.04726184, 0.04918551, 0.046702,buy
2010-01-18,3.06,0,0.03,0,4.08,0.21,0,0.97,0.33,3.8,0,0.66,1.06,0.81,3, 0.02560034, 0.00834572,-0.02490930, 0.02309518,-0.042900,buy
2010-01-19,2.22,0,0.11,0,4.47,0.3,0,0.7,0.3,4,0,0.85,0.96,0.66,2.07, 0.04768823, 0.02731946, 0.01582546, 0.04195835,-0.062931,buy
2010-01-20,1.97,0,0.34,0,5.22,0.46,0,0.46,0.46,3.87,0,1.61,1.26,0.53,1.51, 0.07490368, 0.01085659, 0.01372308, 0.03845001,-0.073362,buy
2010-01-21,3.02,0,1.16,0,6.29,0.77,0,0.28,0.77,2.93,0,3.52,2.67,0.43,1.79, 0.00178511,-0.02078989,-0.03831459,-0.02925921,-0.080606,sell
2010-01-22,3.92,0,3.29,0,4.88,1.38,0,0.15,1.38,1.41,0,3.54,3.75,0.37,3.61, 0.03355001,-0.00191224,-0.07836955, 0.00912287,-0.004048,buy
2010-01-23,3.01,0,3.33,0,3.84,2.65,0,0,2.65,0.62,0,3.2,2.87,0.3,3.47, 0.03564749,-0.00619794,-0.05801747,-0.00361688,-0.008092,buy
2010-01-24,3.36,0,3.44,0,3.56,2.95,0,0,2.95,0.31,0,3.23,3.36,0.25,3.44, 0.02742292, 0.01346881,-0.02562099, 0.01104938, 0.009504,buy
2010-01-25,2.31,0,3.19,0,1.79,1.62,0,0,1.62,0.15,0,1.61,2.31,0.21,3.19, 0.04820258, 0.04217746, 0.04627081, 0.04627081, 0.043646,buy
2010-01-26,0.86,0,1.1,0,0.67,0.8,0,0,0.76,0.04,0,0.64,0.86,0.18,1.1, 0.07683001, 0.07375503, 0.06097581, 0.08131005, 0.034142,buy
2010-01-27,0.34,0,0.38,0,0.29,0.42,0,0,0.34,0.08,0,0.26,0.34,0.15,0.38, 0.02863973, 0.02863973, 0.02907661, 0.02992939, 0.001509,buy
2010-01-28,0.13,0,0.15,0,0.16,0.32,0.02,0,0.15,0.17,0,0.13,0.15,0.13,0.15, 0.01411805, 0.01411805, 0.02117907, 0.00203812, 0.000101,buy
2010-01-29,0,0.14,0.02,0,0.04,0.4,0.03,0,0,0.37,0.06,0.05,0.06,0,0.13, 0.01019509, 0.01019509, 0.02180790, 0.00853517,-0.006729,buy
2010-01-30,0,0.46,0.03,0,0.07,0.93,0.04,0,0,0.83,0.18,0.13,0.14,0,0.38,-0.02132690,-0.02132690,-0.01863973,-0.00949705,-0.028088,sell
2010-01-31,0,1.53,0.07,0,0.2,2.2,0.05,0,0,1.92,0.54,0.35,0.35,0,1.26,-0.02999629, 0.00286012,-0.02997334,-0.02494230,-0.008702,sell
2010-02-01,0,3.92,0.1,0,0.58,3.84,0.07,0,0,2.98,1.71,0.96,1.02,0,3, 0.00037012, 0.05142515, 0.00417986, 0.00765114, 0.030445,sell
2010-02-02,0,4.99,0.16,0,1.83,4.57,0.1,0,0.04,1.95,4.76,2.78,3.13,0,2, 0.08701401, 0.08687154, 0.07642264, 0.07552280, 0.093326,buy
2010-02-03,0,3.47,0.25,0,3.14,3.78,0.13,0,0.13,0.86,5.37,3.17,3.07,0,0.57, 0.01578825, 0.01043291, 0.02035066, 0.01239441, 0.024296,buy
2010-02-04,0,1.22,0.38,0,1.95,1.54,0.18,0,0.38,0.47,2.37,1.45,1.26,0,0.19,-0.00070199, 0.02901320, 0.02901320, 0.02579637, 0.093440,buy
2010-02-05,0,0.74,0.6,0,1.6,0.82,0.24,0,1.14,0.4,0.97,1.02,0.98,0,0.06,-0.03863435, 0.03388216, 0.04225643, 0.02487666, 0.040192,buy
2010-02-06,0,1.24,0.96,0,3.35,0.92,0.33,0,3.45,0.49,0.85,1.39,1.57,0,0.06, 0.01578442, 0.01754844, 0.04313379, 0.03426844, 0.017548,buy
2010-02-07,0,2.92,1.5,0,4.84,1.92,0.43,0,5.86,0.82,1.8,2.58,3.35,0,0.09, 0.02971950, 0.06493827, 0.07132457, 0.03824796, 0.032390,buy
2010-02-08,0,2.97,2.44,0.03,4.17,3,0.57,0,4.11,1.41,2.97,3.93,3.54,0,0.21, 0.06250616, 0.06300863, 0.06222709, 0.05507229, 0.046062,buy
2010-02-09,0.05,1.15,4.17,0.13,2.33,1.87,0.76,0,1.43,2.42,1.84,3.22,1.98,0,0.65,-0.05787537,-0.05228385,-0.05702355,-0.01282970,-0.055808,sell
2010-02-10,0.18,0.45,6.73,0.49,1.07,0.81,1.01,0,0.58,3.02,0.74,2.73,1.66,0,2.48, 0.04352803, 0.05300044, 0.02056608, 0.04915203, 0.028628,buy
2010-02-11,0.69,0.17,7.78,1.89,0.86,0.42,1.35,0,0.39,2.34,0.38,3.28,2.28,0,4.91, 0.01278579, 0.01849311,-0.01504759, 0.00449713, 0.006168,sell
2010-02-12,2.6,0,5.8,2.92,1.82,0.44,1.87,0,0.59,1.76,0.42,4.58,4.73,0,4.03, 0.01369034, 0.01765887, 0.02683779, 0.00318789, 0.012061,buy
2010-02-13,2.92,0,5.13,1.2,4.23,0.99,2.75,0,1.38,2.11,0.99,6.22,6.54,0,1.54,-0.02420765,-0.04832971,-0.03293492,-0.01131828,-0.011318,sell
2010-02-14,0.85,0,5.34,0.38,5.03,2.97,4.64,0,2.95,3.9,2.97,5.88,6.4,0,0.5, 0.04616005, 0.06667150, 0.09558501, 0.08827386, 0.066030,buy
2010-02-15,0.22,0,3.41,0.23,3.17,2.67,5.95,0,2.74,3.9,2.67,4.89,4.92,0,0.36, 0.02995039, 0.07347001, 0.07386372, 0.02237769, 0.039238,buy
2010-02-16,0,0,1.79,0.71,1.09,0.85,4.16,0,1.19,3.67,0.85,2.59,3.32,0,0.84, 0.01354374, 0.03806384,-0.00024936, 0.04084288, 0.010780,buy
2010-02-17,0,0,1.15,2.2,0.4,0.3,2.77,0,0.51,3.36,0.3,1.29,2.51,0,2.33,-0.01306860,-0.00158090,-0.00034741, 0.02840364,-0.007892,sell
2010-02-18,0,0.02,0.77,2.95,0.13,0.1,2.08,0,0.22,1.32,0.1,0.83,2.04,0,3.08,-0.05377889,-0.08071825,-0.07051434,-0.02885610,-0.036416,sell
2010-02-19,0,0.07,0.88,1.25,0.17,0.27,1.67,0,0.1,0.54,0.29,0.61,2.03,0,1.38, 0.03635807, 0.00106079, 0.00953032, 0.01043924,-0.073381,buy
2010-02-20,0,0.3,1.43,0.4,0.32,0.72,1.59,0,0.02,0.24,0.83,0.73,2.65,0,0.53, 0.04064831, 0.03624883, 0.05227359, 0.04275960, 0.034557,buy
2010-02-21,0,1.31,2.99,0.13,0.93,1.97,1.82,0,0.02,0.13,2.48,1.28,5.12,0,0.25, 0.03989295, 0.05721484, 0.04212426, 0.07220721, 0.072141,buy
2010-02-22,0,2.89,3.24,0,3.04,4.28,2.61,0,0.03,0.07,5.94,3.13,6.84,0,0.12, 0.00549334, 0.02424171, 0.02768272, 0.00784303, 0.039482,buy
2010-02-23,0,1.46,1.47,0,2.51,5.04,3.98,0,0.04,0.14,4.61,6.14,3.56,0,0.11, 0.03702748, 0.04270117, 0.04277032,-0.03809308,-0.032049,buy
2010-02-24,0,0.33,0.69,0.02,0.65,2.35,3.62,0,0.1,0.28,1.89,4.01,1.58,0,0.13,-0.00616172, 0.04944045, 0.04944045, 0.07249897, 0.050079,buy
2010-02-25,0,0,0.38,0.13,0.22,0.68,3.41,0,0.28,0.55,2.2,1.45,0.88,0,0.23, 0.03806827, 0.02742113, 0.02676130, 0.04309901, 0.003852,buy
2010-02-26,0,0,0.18,0.73,0.09,0.21,4.01,0,0.97,1.09,3.12,0.59,0.62,0,0.82, 0.05157778,-0.01174076,-0.01057852,-0.00780472,-0.009328,sell
2010-02-27,0,0,0.2,2.95,0,0,2.26,0,3.05,2.14,1.52,0.26,0.6,0,2.95,-0.01291335,-0.01291335,-0.00443072,-0.01619520, 0.019771,buy
2010-02-28,0,0,0.23,2.03,0,0.05,1.01,0,2.32,2.97,0.52,0,0.63,0,2.07,-0.00835405,-0.00835405, 0.03213744, 0.04639515,-0.031269,sell
2010-03-01,0,0.02,0.72,0.36,0.08,0.25,0.72,0,0.72,2.08,0.4,0.06,0.96,0,0.51, 0.02412688, 0.04060626, 0.06694315, 0.07018821, 0.028269,buy
2010-03-02,0,0.03,2.97,0,0.23,1.24,0.77,0,0.49,1.08,1.24,0.28,2.75,0,0.57, 0.00778495, 0.00778495, 0.00885275,-0.01001090, 0.009685,buy
2010-03-03,0,0.03,5.25,0,0.65,2.97,1.81,0,0.81,0.56,3,1.3,3.43,0,2.14,-0.09966683,-0.05239594,-0.06725528,-0.04839206,-0.071937,sell
2010-03-04,0,0.05,3.88,0.02,1.87,1.34,3.52,0,2.05,0.36,1.42,2.97,1.22,0,2.97,-0.05698649,-0.05919451,-0.03173941,-0.05234889,-0.056986,sell
2010-03-05,0,0.06,1.4,0.06,2.97,0.27,2.04,0,3.17,0.35,0.48,1.36,0.67,0,1.06,-0.02898697,-0.01845736,-0.01301935,-0.03811076,-0.033100,sell
2010-03-06,0,0.08,0.52,0.18,1.62,0,1.28,0.02,1.85,0.7,0.53,0.3,0.65,0,0.29,-0.01049991,-0.01281448,-0.00740554,-0.01281448,-0.005042,buy
2010-03-07,0,0.1,0.25,0.59,0.57,0,1.86,0.05,0.82,2.63,1.37,0.05,1.08,0,0, 0.01212300, 0.03397753, 0.00352923, 0.05173052, 0.049254,buy
2010-03-08,0,0.13,0.27,1.9,0.2,0,3.55,0.14,0.47,3.1,3.04,0.14,2.41,0.03,0,-0.02583057,-0.02815625,-0.00368205,-0.03259478,-0.004179,sell
2010-03-09,0,0.16,0.32,2.95,0,0,3.24,0.43,0.29,0.95,2.7,0.43,3.49,0.07,0.03, 0.05575264, 0.04364650, 0.05268332, 0.06284697, 0.070397,buy
2010-03-10,0,0.23,0.39,1.39,0,0,2.75,1.27,0.31,0.39,2.17,1.27,1.97,0.16,0.11, 0.06681052, 0.02551799, 0.02890629, 0.01866802,-0.016255,buy
2010-03-11,0,0.36,0.55,0.43,0,0,3.95,2.95,0.33,0.25,3.33,2.95,1.05,0.35,0.33,-0.03399743,-0.04042370,-0.04078794,-0.02415519,-0.033410,sell
2010-03-12,0,0.71,1.19,0.13,0,0,2.06,2.24,0.34,0.3,1.38,2.28,0.81,0.79,1.22,-0.01873489,-0.01938967,-0.01043978,-0.00158348,-0.001169,sell
2010-03-13,0,1.82,3.34,0,0.09,0.04,0.96,0.75,0.44,0.4,0.21,0.79,0.75,1.8,4.41, 0.07153406, 0.01435021, 0.07646342, 0.04238652, 0.042562,buy
2010-03-14,0,3.38,6.27,0,0.34,0.1,0.83,0.25,0.71,0.52,0,0.29,0.83,2.97,8.82, 0.02813564, 0.01081832, 0.03085235, 0.01626907, 0.032822,buy
2010-03-15,0,2.16,3.19,0.03,1.26,0.3,0.94,0,1.71,0.72,0,0.04,0.97,2.06,4.44,-0.02648797,-0.02895210,-0.02323149,-0.03797288,-0.025977,sell
2010-03-16,0,1.06,1.16,0.21,3.96,0.85,1.08,0.02,4.66,1.1,0.02,0.04,1.29,0.87,1.23, 0.02725768, 0.02665877, 0.05246370, 0.02596172, 0.032779,buy
2010-03-17,0,0.81,0.62,1.24,4.41,2.44,1.23,0.09,5.96,1.93,0.05,0.09,2.47,0.36,0.34, 0.03094783, 0.01738320, 0.02095381, 0.01449945, 0.025172,buy
2010-03-18,0,0.78,0.4,3.13,6.24,2.95,1.43,0.41,6.59,3.73,0.15,0.31,4.56,0.15,0, 0.01305299, 0.01095628,-0.02823721, 0.03912333,-0.024841,sell
2010-03-19,0,1.04,0.39,1.52,5.81,1.24,1.68,1.99,4.55,3.72,0.48,1.56,3.2,0,0.16, 0.09080936, 0.03590651, 0.04068777, 0.04624075, 0.090809,buy
2010-03-20,0,2.07,0.39,1.26,2.46,0.43,1.99,4.47,2.06,2.14,1.52,3.01,3.25,0,1.09, 0.10060636, 0.05489361, 0.05972081, 0.05972081, 0.062301,buy
2010-03-21,0.05,4.06,0.37,2.82,1.03,0.19,2.4,3.98,1.06,1.56,2.97,1.07,5.22,0,3.02, 0.03723802, 0.03690736, 0.04755037, 0.04052116, 0.043347,buy
2010-03-22,0.16,2.37,0.37,2.97,0.48,0.22,2.89,2.13,0.76,1.43,1.79,0.41,5.86,0,1.34, 0.05709673, 0.04418662, 0.05340649, 0.05685158, 0.057089,buy
2010-03-23,0.53,1.54,0.36,1.19,0.36,1.23,3,1.04,1.62,1.55,0.61,0.51,4.19,0,0.77,-0.01457786,-0.04391691,-0.03922671,-0.04052799,-0.023680,sell
2010-03-24,1.74,1.59,0.35,0.45,1.16,2.92,2.53,1.51,3.18,2.55,0.45,1.15,2.98,0,1.94, 0.04595469, 0.02805499, 0.02742595, 0.02742595, 0.027170,buy
2010-03-25,3,2,0.35,0.17,2.95,1.24,2.08,4.15,1.5,4.43,1.62,2.64,2.23,0,3.52, 0.02271922,-0.07279165,-0.07435241, 0.01687998, 0.075478,buy
2010-03-26,1.62,2.95,0.34,0,1.56,0.23,1.7,5.92,0.5,3.14,2.95,3.09,1.65,0,2.99,-0.10203654,-0.05969371,-0.01246953,-0.11355169,-0.035309,sell
2010-03-27,1.15,4.62,0.36,0,0.35,0,1.47,2.31,0.34,2,0.88,1.57,1.35,0,4.12,-0.00297645, 0.00043045,-0.00240170,-0.05904642,-0.005248,buy
2010-03-28,3.06,4.15,0.42,0,0,0.04,1.45,0.74,0.57,1.75,0.15,0.76,1.13,0,5.5, 0.00506954,-0.02636087,-0.02262441,-0.04075785, 0.007338,sell
2010-03-29,2.18,2.71,0.59,0,0,0.13,1.98,0.25,1.35,1.86,0,0.45,1.06,0,3.12,-0.02302957, 0.00160591, 0.00791157,-0.03265997,-0.045125,sell
2010-03-30,0.41,2.17,1.18,0,0,0.31,3.79,0.1,3.38,2.01,0,0.34,1.45,0,0.78, 0.07550548,-0.00166980, 0.01026155, 0.07612736, 0.021885,buy
2010-03-31,0.03,1.97,3.05,0,0,0.78,3.95,0.02,3.79,2.38,0.02,0.32,3.14,0,0.15, 0.08399793, 0.02922038, 0.02640527, 0.03403424, 0.025280,buy
2010-04-01,0.09,1.84,4.31,0,0.02,1.92,4.29,0.04,4.5,3.28,0.04,0.45,4.24,0,0, 0.05976689, 0.06064235, 0.06786375, 0.06064235, 0.054084,buy
2010-04-02,0.32,1.84,4.6,0,0.05,4.64,3.52,0.11,4.48,5.36,0.11,0.76,4.37,0,0, 0.01651082, 0.02946099, 0.01789617, 0.02674101, 0.022568,buy
2010-04-03,0.98,1.82,3.1,0,0.1,6.9,1.09,0.29,3.54,6.15,0.29,1.52,2.78,0,0, 0.00560467, 0.04675305, 0.00718778,-0.02607889,-0.005614,sell
2010-04-04,3.02,1.8,1.35,0,0.19,7.07,0.38,0.72,3.18,6.09,0.72,3.7,0.84,0,0,-0.02368943, 0.01635588,-0.03584263,-0.04424574,-0.009049,sell
2010-04-05,4.73,1.77,1,0,0.37,4.01,0.13,1.82,1.42,4.73,1.82,5.56,0.28,0,0.02,-0.07343837,-0.04353480,-0.07234308,-0.07722509,-0.030266,sell
2010-04-06,4.18,1.74,1.08,0,0.73,1.62,0.09,3,0.62,3.47,3,5.21,0.09,0,0.05,-0.07334826,-0.07595471,-0.06175424,-0.06665938,-0.076456,sell
2010-04-07,2.18,1.67,1.37,0,1.43,0.6,0,1.89,0.27,3.43,1.89,3.43,0,0,0.12,-0.05426213,-0.05224759,-0.04707681,-0.05536572,-0.054262,sell
2010-04-08,1.04,1.65,1.76,0,2.84,0.27,0,0.75,0.12,4.6,0.75,2.51,0.04,0,0.29,-0.01963991,-0.04203309,-0.01790994,-0.04387966,-0.063775,sell
2010-04-09,0.95,1.67,2.26,0,3,0,0,0.3,0,4.52,0.33,2.51,0.15,0,0.67,-0.01758731, 0.00014213,-0.00478224,-0.01670365,-0.020002,sell
2010-04-10,1.77,1.93,2.92,0,1.58,0,0,0.12,0,3.04,0.22,3.03,0.47,0,1.56,-0.02230785,-0.01212264,-0.02789063,-0.02230785,-0.021714,sell
2010-04-11,3.3,2.78,3,0,0.8,0,0.02,0,0,2.18,0.35,3,1.42,0,2.95,-0.01601369,-0.01128018,-0.00533338,-0.00874401,-0.023410,sell
2010-04-12,3.45,4.38,2.3,0,0.41,0,0.04,0,0,1.72,1.05,2.32,3.09,0,2.4,-0.02419667,-0.01767099,-0.02112697, 0.02007320,-0.024832,sell
2010-04-13,4.08,3.51,1.76,0,0.21,0,0.11,0.02,0.02,1.49,3.03,1.83,2.25,0,1.07,-0.03015165,-0.01787513,-0.02405129,-0.00425289,-0.030152,sell
2010-04-14,3.2,2.3,1.38,0,0.1,0,0.26,0.06,0.04,1.42,2.75,1.55,1.03,0,0.51, 0.00934707, 0.03806681,-0.01639824, 0.03319110, 0.010781,buy
2010-04-15,1.17,2.34,1.11,0,0,0,0.63,0.16,0.09,1.54,0.97,1.65,0.8,0,0.36, 0.03744867,-0.00177479,-0.01878641, 0.00534680, 0.010321,buy
2010-04-16,0.51,3.5,1.06,0,0,0,1.53,0.46,0.2,2.24,0.42,2.73,0.92,0,0.55,-0.03367974,-0.01317030,-0.07131321,-0.06063994,-0.049607,sell
2010-04-17,0.24,4.5,1.35,0,0,0,3.44,1.26,0.47,3.79,0.24,3.55,1.48,0,1.26, 0.00351613, 0.01948317, 0.02232973, 0.02232973, 0.022330,buy
2010-04-18,0.16,2.89,2.43,0,0,0,3.74,2.95,1.09,3.38,0.16,1.86,2.73,0,2.95, 0.01321475, 0.01559248,-0.03393633, 0.00103291, 0.001224,buy
2010-04-19,0.18,1.85,3.3,0,0,0.02,3.58,2.49,2.49,1.75,0.16,0.81,3.72,0,2.49, 0.07765465, 0.06817822, 0.04126467, 0.02909932, 0.066778,buy
2010-04-20,0.26,1.41,1.9,0,0.02,0.04,3.39,0.95,2.98,1.04,0.16,0.43,2.42,0.02,0.92,-0.01159129,-0.01095712,-0.04914295,-0.01866686,-0.010957,sell
2010-04-21,0.45,1.13,0.83,0,0.02,0.09,1.7,0.42,1.6,0.76,0.17,0.28,1.47,0.02,0.34,-0.01206654,-0.02164463,-0.02508938,-0.02164463,-0.022109,sell
2010-04-22,1.02,1.05,0.38,0,0.02,0.17,0.66,0.36,0.89,0.57,0.24,0.39,1.42,0.02,0.13, 0.03981753, 0.03594964, 0.02892927, 0.07704072, 0.014005,buy
2010-04-23,2.67,1.16,0.11,0,0.03,0.28,0.29,0.67,0.96,0.6,0.43,0.7,2.49,0.03,0, 0.00074839,-0.01678175,-0.01678175,-0.03209553,-0.000037,buy
2010-04-24,4.62,1.91,0.04,0,0.04,0.54,0.12,1.92,2.04,0.77,1.35,1.67,3.32,0.04,0, 0.06399055, 0.07478315, 0.08397453, 0.09183542, 0.086348,buy
2010-04-25,4.41,3.43,0.09,0,0.04,1.01,0,2.97,2.97,1.15,3,3.08,1.71,0.1,0, 0.02068899, 0.02159093, 0.04830220, 0.01212748, 0.056230,buy
2010-04-26,2.75,2.43,0.22,0,0.06,1.94,0,1.56,1.56,1.96,2.13,2.47,0.78,0.3,0,-0.01471043,-0.02587593,-0.02704837,-0.03956275,-0.024137,sell
2010-04-27,1.2,0.88,0.59,0,0.07,3.86,0,0.55,0.55,3.74,0.73,1.58,0.48,1.1,0, 0.02500593, 0.03118208, 0.00570399, 0.01680236, 0.035697,buy
2010-04-28,0.63,0.43,1.66,0,0.09,6.48,0,0.19,0.19,6.15,0.33,2.18,0.54,3.04,0, 0.03151747, 0.03174242, 0.02626576,-0.00687580,-0.009487,buy
2010-04-29,0.61,0.24,3.11,0,0.11,5.59,0,0,0,4.99,0.18,3.54,0.84,2.05,0,-0.03300901,-0.01099402,-0.01249617,-0.04515185,-0.018034,sell
2010-04-30,0.81,0.32,2.12,0,0.13,3.48,0,0,0,2.46,0.29,2.64,1.34,0.58,0, 0.02593997, 0.02006516, 0.02767450, 0.02118615, 0.023807,buy
2010-05-01,1.44,0.59,0.99,0,0.16,2.84,0,0,0,1.24,0.47,1.96,2.19,0.26,0, 0.08090930, 0.10019321, 0.08839845, 0.08839845, 0.082551,buy
2010-05-02,2.54,1.27,0.79,0,0.2,3.12,0.03,0,0.03,0.65,0.84,2.49,3.74,0.2,0, 0.09491239, 0.03876631, 0.04081090, 0.03850871, 0.027647,buy
2010-05-03,3.65,2.92,0.91,0,0.25,3.28,0.05,0,0.05,0.28,1.56,3,5.92,0.25,0, 0.01899136, 0.00472505, 0.01490048, 0.02500475, 0.040778,buy
2010-05-04,3.95,2.99,1.48,0,0.31,2.28,0.09,0,0.09,0,3.07,2.38,5.25,0.31,0, 0.00659533,-0.04583948, 0.01912663,-0.04008429, 0.014716,buy
2010-05-05,4.46,1.27,2.5,0,0.39,1.51,0.14,0,0.14,0,5.45,1.57,2.72,0.39,0,-0.06361488,-0.06257256,-0.06560240,-0.07643715,-0.060779,sell
2010-05-06,3.21,0.62,4.61,0,0.48,1,0.2,0,0.2,0,6.78,1.13,1.53,0.48,0,-0.06004990,-0.05923011,-0.07691721,-0.06913257,-0.076351,sell
2010-05-07,1.59,0.46,5.85,0,0.6,0.66,0.28,0,0.28,0,6.7,0.97,0.89,0.6,0,-0.03770779,-0.04552444,-0.07093167,-0.03104684,-0.048808,sell
2010-05-08,0.89,0.6,3.67,0,0.73,0.43,0.37,0,0.37,0,3.98,1.14,0.47,0.73,0,-0.00666761, 0.00292269,-0.02990000,-0.01722730, 0.002669,sell
2010-05-09,0.57,1.39,1.83,0,0.92,0.28,0.45,0,0.45,0,1.92,1.82,0.33,0.92,0, 0.01282461, 0.07066361, 0.06917320, 0.05946095, 0.052356,buy
2010-05-10,0.37,3.11,1.02,0,1.14,0.19,0.52,0.02,0.5,0.02,0.97,3.48,0.24,1.14,0.02, 0.01249386, 0.04281151, 0.01424005, 0.04871689, 0.035308,buy
2010-05-11,0.34,3.01,0.55,0,1.39,0.12,0.59,0.06,0.53,0.06,0.5,3.35,0.17,1.39,0.06,-0.00313409, 0.01978299,-0.00279637, 0.01074383, 0.004786,sell
2010-05-12,0.35,1.5,0.32,0,1.74,0,0.67,0.12,0.54,0.14,0.32,1.85,0,1.74,0.11,-0.02555541, 0.03596885, 0.05560680, 0.03144810, 0.026328,buy
2010-05-13,0.43,0.99,0.21,0,2.14,0,0.79,0.27,0.52,0.29,0.21,1.39,0.05,2.14,0.23,-0.00690972, 0.00757975, 0.01140646, 0.01080172, 0.008938,buy
2010-05-14,0.56,0.99,0.13,0,2.65,0,1.06,0.64,0.48,0.66,0.15,1.45,0.15,2.65,0.49, 0.01059837, 0.00997815,-0.01373017, 0.00729292, 0.010674,sell
2010-05-15,0.84,1.23,0,0,3,0,1.64,1.5,0.45,1.47,0.05,1.8,0.42,3,1.02, 0.00434859, 0.00434859,-0.01633932, 0.00326716,-0.000067,buy
2010-05-16,1.4,1.95,0,0,2.72,0,2.96,3.51,0.41,3.31,0.13,2.68,1.15,2.72,2.14, 0.01084799, 0.05440670, 0.05440670, 0.01952219, 0.046998,buy
2010-05-17,2.6,3.13,0,0,2.2,0,5.95,6.77,0.48,5.87,0.34,4.05,3.16,2.2,4.55,-0.05770527, 0.03155054, 0.02997600, 0.02557150, 0.008172,buy
2010-05-18,5.27,3.83,0,0,1.79,0,6.09,7.97,0.82,4.79,0.83,4.99,5.81,1.79,5.92,-0.07591824,-0.03859487,-0.03859487, 0.01898895,-0.010841,sell
2010-05-19,7.21,4.08,0,0.03,1.44,0,2.95,5.47,1.87,2.24,2.04,5.07,4.42,1.44,4.1, 0.01058172, 0.02356779, 0.03279409, 0.02347387, 0.024549,buy
2010-05-20,6.92,4.28,0.03,0.1,1.19,0,1.33,3.45,4.16,1.04,2.97,4.09,1.77,1.19,2.08, 0.04004558, 0.04004558, 0.05676139, 0.03516090, 0.061779,buy
2010-05-21,4.44,2.55,0.07,0.28,0.98,0,0.63,3.79,5.1,0.49,1.7,2.71,0.7,0.98,1.06, 0.06201603, 0.08057726, 0.08355663, 0.07685530, 0.087569,buy
2010-05-22,1.86,1.24,0.2,0.84,0.81,0.02,0.29,3.44,3.83,0.22,0.69,2.38,0.24,0.79,0.55, 0.10029353, 0.10220330, 0.10220330, 0.07796522, 0.107904,buy
2010-05-23,0.79,0.67,0.45,2.47,0.68,0.03,0.09,1.62,1.67,0.15,0.28,3.65,0.16,0.65,0.24,-0.03425996,-0.01055740,-0.02536915,-0.01829367,-0.024530,sell
2010-05-24,0.32,0.43,1.06,2.97,0.59,0.06,0,0.73,0.7,0.1,0.16,4.4,0.13,0.54,0.13,-0.00201306,-0.00157614, 0.01765525,-0.01863234, 0.017655,buy
2010-05-25,0.16,0.35,2.49,1.18,0.52,0.12,0,0.26,0.26,0.17,0.1,3.85,0.26,0.44,0, 0.02442798,-0.00765123, 0.01378327, 0.00836415, 0.031374,buy
2010-05-26,0.17,0.59,3.04,0.42,0.48,0.25,0,0.11,0.11,0.32,0.24,3.46,0.57,0.36,0.02, 0.03049802,-0.00279268, 0.04109082,-0.00973592, 0.029760,buy
2010-05-27,0.45,1.2,1.57,0.19,0.46,0.56,0,0,0,0.64,0.59,1.61,1.31,0.27,0.03, 0.07194028, 0.07506700, 0.06645985, 0.08185150, 0.075310,buy
2010-05-28,1.24,3.08,0.75,0.2,0.52,1.28,0,0,0.05,1.38,1.55,0.62,3.22,0.22,0.05,-0.02078920,-0.01254857,-0.02226081,-0.03269786,-0.021931,sell
2010-05-29,2.97,3.25,0.46,0.57,0.65,3.04,0,0,0.1,3.14,3.75,0.28,3.42,0.18,0.1, 0.01512070, 0.02965971, 0.01184760, 0.02010172, 0.044368,buy
2010-05-30,2.42,1.67,0.42,1.68,0.89,3.04,0,0,0.25,3.13,4.47,0.16,1.81,0.15,0.18, 0.04432346, 0.00089813, 0.04024328, 0.03144584, 0.001170,buy
2010-05-31,0.79,1.69,0.49,3.04,1.28,1.48,0,0,0.68,1.48,4.48,0.15,1.53,0.12,0.37, 0.01158085,-0.00920320, 0.00163127,-0.01074418,-0.010744,sell
2010-06-01,0.25,3.28,0.85,1.85,1.9,1.17,0,0,1.87,0.89,3.31,0.48,1.92,0.1,0.78,-0.05036598,-0.02559077,-0.06897409,-0.03865555,-0.043811,sell
2010-06-02,0,6.07,1.6,0.75,2.84,1.72,0,0,3.14,0.78,3.08,1.58,2.84,0,1.61,-0.00035330, 0.03442832,-0.05340710, 0.00402330,-0.025100,buy
2010-06-03,0,7.16,3.31,0.46,2.97,2.97,0,0,1.98,0.87,5.16,2.92,2.97,0,3.03, 0.00333144,-0.00064321,-0.00425710, 0.01835484, 0.062374,buy
2010-06-04,0.02,5.11,4.17,0.43,1.97,2.6,0,0,1.03,1.22,5.92,1.56,1.97,0,2.67, 0.00890685,-0.03769600,-0.03769600, 0.03778723, 0.013480,buy
2010-06-05,0.03,2.77,3.15,0.68,1.26,1.23,0,0,0.89,1.71,3.57,0.46,1.26,0,1.32, 0.01626553,-0.00314388,-0.01193745,-0.00777038,-0.004167,buy
2010-06-06,0.22,1.48,2.98,1.08,0.8,0.58,0.03,0,1.08,2.43,1.95,0.15,0.98,0,0.68, 0.05878734, 0.05236233, 0.01673105, 0.05591803, 0.055312,buy
2010-06-07,0.79,1.26,3.21,1.74,0.51,0.27,0.11,0.05,1.79,3.06,1.5,0.07,1.25,0,0.39,-0.00563962, 0.00442296,-0.03594704,-0.01119592, 0.015516,buy
2010-06-08,3.09,2.69,2.7,2.77,0.32,0.13,0.4,0.19,2.96,2.93,2.79,0.12,3.36,0,0.27,-0.03205490,-0.06258671,-0.02088927,-0.00397705,-0.020458,sell
2010-06-09,3.05,3.22,1.88,3,0.2,0,1.46,0.85,3.82,3.13,3.22,0.23,3.23,0,0.19,-0.02747761,-0.02952053,-0.02480983,-0.02511931,-0.019886,sell
2010-06-10,1.03,0.99,1.49,1.97,0.13,0,3.48,3.02,4.93,4.29,0.99,0.47,1.33,0,0.29,-0.04681455,-0.02896340,-0.01332473, 0.01262772,-0.012630,sell
2010-06-11,0.79,0.28,1.8,1.24,0,0,3.15,2.61,3.6,2.69,0.28,1.3,1.65,0,0.57, 0.03438506, 0.03727153, 0.03531551, 0.01977364, 0.043571,buy
2010-06-12,1.16,0,3.89,0.76,0,0,3.36,1.69,1.53,1.33,0,3.81,2.97,0,1.48, 0.06682558, 0.07111729, 0.08002396, 0.06262644, 0.080125,buy
2010-06-13,2.2,0,3.46,0.47,0,0,2.15,3.05,1.42,1.34,0,3.56,2.09,0,3.23, 0.01364424,-0.02039266, 0.01091192, 0.01494879,-0.022860,buy
2010-06-14,4.38,0,3.29,0.29,0.02,0,0.74,1.96,2.71,2.4,0.05,2.8,0.81,0,2.27,-0.02997038, 0.02135868, 0.00613897,-0.03007015, 0.015154,sell
2010-06-15,6,0,3.84,0.18,0.04,0,0.27,0.66,3.18,3.21,0.31,3.32,0.43,0,0.95, 0.00231113, 0.03677430, 0.02365269, 0.03381097, 0.034905,buy
2010-06-16,3.98,0,4.18,0.11,0.07,0,0.1,0.51,1.38,1.77,1.87,3.27,0.46,0,0.69, 0.02781077, 0.02943909,-0.01343440, 0.04545907, 0.027811,buy
2010-06-17,2.1,0,6.15,0,0.15,0,0,0.85,0.5,0.76,2.92,4.11,0.81,0,0.72,-0.03357719,-0.04031156,-0.04444122, 0.01021854,-0.033577,sell
2010-06-18,1.25,0,3.83,0,0.3,0,0,1.94,0.31,0.33,0.73,3.8,1.85,0,0.96, 0.05237338, 0.03387622, 0.02267819, 0.00360375, 0.052373,buy
2010-06-19,1,0,1.22,0.02,0.6,0,0,3.16,0.38,0.28,0.14,1.63,2.97,0,1.37, 0.01378472, 0.00561409, 0.00538329,-0.02042186, 0.005383,buy
2010-06-20,1.24,0,0.42,0.04,1.21,0.02,0,2.49,0.9,0.41,0.07,0.73,2.1,0,2.1, 0.04914784, 0.00192873, 0.00678627, 0.00883251, 0.006786,sell
2010-06-21,2.37,0,0.24,0.11,2.42,0.06,0,1.82,2.14,0.88,0.16,0.42,1,0,3.46, 0.05004547, 0.04120580, 0.04607101, 0.03913496, 0.044539,buy
2010-06-22,3.16,0,0.33,0.25,2.95,0.16,0,2.4,2.97,1.89,0.41,0.36,0.67,0,4.15, 0.03619062, 0.03310796, 0.03052959, 0.03159850, 0.035162,buy
2010-06-23,1.93,0.02,0.98,0.61,1.82,0.43,0,3.94,1.79,3.02,1.12,0.61,1.37,0,3.2,-0.01322263,-0.10023954,-0.09799724,-0.08652558,-0.088304,sell
2010-06-24,1.54,0.04,2.84,1.49,0.92,1.17,0,5.22,1.3,2.34,3.08,1.49,4.09,0.06,2.53, 0.00687493, 0.01466311, 0.02483915,-0.00435632,-0.012285,sell
2010-06-25,3.68,0.13,2.97,3.21,0.46,2.99,0,3.79,3.27,2.25,3.38,3.23,4.62,0.2,2.31,-0.07191669,-0.07567208,-0.06851711,-0.06794314,-0.067943,sell
2010-06-26,2.83,0.34,1.04,4.03,0.24,2.76,0.02,3.67,2.12,3.71,1.75,4.09,2.98,0.57,2.4,-0.02118407,-0.01147737,-0.02060998,-0.02060998,-0.036860,sell
2010-06-27,1.52,0.88,0.35,3.99,0.12,1.05,0.05,1.31,0.28,2.03,1.59,4.15,1.03,1.67,2.66,-0.05605201,-0.05325955,-0.05616430,-0.05328304,-0.056337,sell
2010-06-28,2.14,2.32,0.12,1.27,0,0.41,0.12,0.27,0,2.14,2.35,1.63,0.38,3,2.99,-0.06247817,-0.06342124,-0.02971387,-0.08693268,-0.048174,sell
2010-06-29,2.97,4.29,0,0.78,0,0.17,0.44,0,0.02,2.97,3.46,1.59,0.14,1.77,3.44,-0.06471406,-0.06269577, 0.01268403,-0.06481358, 0.005773,buy
2010-06-30,2.36,4.84,0,3.15,0,0.04,1.86,0,0.12,1.77,5.51,2.95,0,0.63,4.56, 0.00462337, 0.00729729, 0.00561165, 0.00462337,-0.016166,buy
2010-07-01,1.36,3.89,0,3.32,0,0.05,3.15,0,0.85,0.68,4.68,2.36,0,0.25,5.49, 0.01437830, 0.01368079, 0.01437830, 0.01561744, 0.007676,buy
2010-07-02,0.79,4.13,0,1.63,0,0.06,1.34,0,3.02,0.26,2.44,0.83,0,0.06,3.37, 0.03369335, 0.03369335,-0.00148597,-0.00051216, 0.034155,buy
2010-07-03,0.45,2.04,0,2.97,0,0.07,0.74,0,1.57,0.1,3.49,0.3,0,0.07,2.5, 0.00633015,-0.01591136,-0.01997972,-0.01872299,-0.018723,buy
2010-07-04,0.26,0.78,0,2.87,0.03,0.08,0.84,0,0.49,0,3.32,0.1,0.03,0.08,2.36, 0.01212224, 0.00320364, 0.00292247, 0.00322427, 0.003224,buy
2010-07-05,0.15,1.21,0,1.2,0.08,0.09,1.37,0,0.68,0,1.88,0,0.08,0.09,2.69,-0.02302506,-0.02277339,-0.06611711,-0.01604731,-0.018301,sell
2010-07-06,0.08,3.17,0.02,0.54,0.22,0.13,2.26,0,1.66,0,2.15,0,0.28,0.11,3.37, 0.00957607, 0.01161922,-0.03424363, 0.00268582, 0.011619,buy
2010-07-07,0,5.94,0.12,0.35,0.56,0.22,3.31,0,3.23,0.02,3.16,0,0.9,0.13,4.06, 0.06401186, 0.06394818,-0.01448064, 0.04271021, 0.034049,buy
2010-07-08,0.08,4.15,0.63,0.45,1.46,0.51,4.4,0,3.32,0.1,1.87,0.02,3.35,0.15,3.74,-0.02832519,-0.02825244,-0.05754211,-0.01315908,-0.028252,sell
2010-07-09,0.36,1.6,3.23,1.26,2.95,1.58,4.47,0,5.15,0.41,0.66,0.23,5.87,0.17,3.71, 0.04700907, 0.03073286, 0.05382995, 0.05099142, 0.058496,buy
2010-07-10,1.76,0.62,3.71,3,2.32,3.15,1.81,0,5.86,1.88,0.23,1.12,3.16,0.2,4.57, 0.04117879, 0.03141896, 0.00051917, 0.03028669, 0.003909,buy
2010-07-11,3.46,0.16,4.15,2.44,0.9,1.84,0.76,0,3.03,3.74,0,3.44,1.06,0.23,2.78, 0.09855789, 0.02702836, 0.03718842, 0.05522773, 0.000390,buy
2010-07-12,2.36,0,3.67,0.86,0.35,0.71,0.38,0,0.86,3.05,0.03,2.95,0.35,0.27,1.32, 0.04280533, 0.03202983, 0.00974794, 0.04280533, 0.046393,buy
2010-07-13,3.2,0,3.46,0.31,0.14,0.43,0.24,0,0.31,3.2,0.15,3.31,0.14,0.31,0.79, 0.04007496, 0.03454975, 0.00280455, 0.04007496, 0.039418,buy
2010-07-14,2.32,0,2.4,0.11,0,0.4,0.15,0,0.11,1.64,0.76,2.32,0.04,0.36,0.53, 0.04890053, 0.04917079, 0.02836413, 0.04935936, 0.056817,buy
2010-07-15,0.87,0,3.5,0,0,0.61,0.09,0,0,0.61,2.92,0.84,0.2,0.41,0.42, 0.00418504, 0.01545392,-0.01987495, 0.00351217, 0.023716,buy
2010-07-16,0.4,0.03,2.47,0,0,1.34,0.03,0,0.02,0.26,2.31,0.31,0.9,0.47,0.29,-0.01727575, 0.02002309, 0.01143167, 0.03336420,-0.017279,buy
2010-07-17,0.35,0.26,0.58,0,0.04,3.5,0.06,0,0.04,0.23,0.69,0.23,3.01,0.55,0.29,-0.00796409,-0.00990198,-0.01100404,-0.04141338,-0.005768,sell
2010-07-18,0.68,1.14,0.2,0,0.11,2.96,0.12,0,0.1,0.61,0.78,0.53,2.46,0.62,0.33,-0.01687039,-0.01098711,-0.02038491, 0.00648478, 0.006485,sell
2010-07-19,1.92,4.92,0.23,0,0.33,1.28,0.27,0,0.23,2.6,1.92,2.32,0.86,0.71,0.52, 0.07878528, 0.08051298, 0.07306483, 0.06453279,-0.007484,buy
2010-07-20,2.95,5.87,0.61,0,0.91,0.94,0.59,0,0.59,2.95,2.92,2.97,0.75,0.8,1.08,-0.05640514, 0.02319755,-0.05859964,-0.06253984,-0.064197,sell
2010-07-21,1.67,1.71,1.48,0,2.47,0.92,1.27,0,1.42,0.85,1.66,0.93,1.31,0.92,2.61, 0.03560240,-0.00140418, 0.05513124, 0.06056063, 0.038411,buy
2010-07-22,0.73,0.62,3.18,0,2.97,1.03,2.79,0,3.04,0.35,0.79,0.35,2.85,1.03,3.1,-0.09815527,-0.09550593,-0.07860315,-0.10142322,-0.108325,sell
2010-07-23,0.56,0.84,3.03,0.02,1.35,1.17,3,0,2.71,0.35,1.05,0.34,3.12,1.17,1.44,-0.04462535, 0.00085813,-0.00722973,-0.02300935,-0.014539,sell
2010-07-24,0.82,2.92,2.11,0.09,0.58,1.32,1.43,0,1.38,0.82,2.92,0.82,1.65,1.31,0.63, 0.03810462, 0.02174654, 0.02190175, 0.02303040, 0.023485,buy
2010-07-25,1.92,2.62,2.8,0.35,0.43,1.49,0.66,0.02,1.19,1.94,2.62,1.96,1.11,1.49,0.23,-0.02404855,-0.02438530,-0.01144369,-0.00668897,-0.016503,sell
2010-07-26,3,0.7,3.97,1.24,0.76,1.68,0.3,0.03,2.13,3.03,0.7,3.08,1.33,1.67,0.15,-0.03681680,-0.02564784,-0.03446676,-0.02517805,-0.027512,sell
2010-07-27,2.08,0.19,3.4,3.02,2.05,1.87,0.14,0.05,4.3,2.13,0.21,2.1,2.78,1.86,0.08, 0.06303121, 0.06005597, 0.05688251, 0.05803846, 0.053757,buy
2010-07-28,1.35,0,3.72,2.1,3.01,2.12,0,0.09,4.37,1.43,0.04,1.42,3.94,2.09,0.15, 0.00792359, 0.05301032, 0.02749730, 0.00817208, 0.021839,buy
2010-07-29,2.1,0,5.11,0.74,1.49,2.39,0,0.16,3.56,2.2,0.1,2.25,2.99,2.34,0.23, 0.03665125, 0.04127712, 0.04208644, 0.04559221, 0.050518,buy
2010-07-30,3.11,0,5.4,0.45,0.59,2.68,0,0.27,2.24,3.36,0.25,3.38,2.99,2.58,0.38, 0.04419923, 0.06002208, 0.03061346, 0.03755418, 0.034313,buy
2010-07-31,1.58,0,3.36,0.47,0.31,3.04,0,0.48,1.16,2.06,0.64,2.03,3.17,2.86,0.61, 0.04812395, 0.05706197, 0.04029236, 0.05516133, 0.049216,buy
2010-08-01,0.6,0,2.7,0.82,0.17,3.47,0,0.84,0.68,1.34,1.59,1.35,2.2,3.14,1, 0.02087111, 0.01880371, 0.02087111, 0.04895841, 0.017320,buy
2010-08-02,0.43,0,3.59,1.48,0.2,3.8,0,1.48,0.46,1.66,3.2,1.66,1.42,3.2,1.62, 0.01523996, 0.00554216, 0.01523996, 0.03739525, 0.015240,buy
2010-08-03,0.71,0,2.81,2.62,0.23,4.02,0,2.6,0.47,2.62,3.05,2.6,0.99,3,2.61,-0.05867618,-0.05965617,-0.02515311,-0.06448646,-0.058676,sell
2010-08-04,1.92,0.04,1.79,2.99,0.26,4.53,0,3,0.83,3.01,2.88,3.02,0.78,2.82,4.25,-0.05841630,-0.04337284,-0.07067515,-0.08139924,-0.060026,sell
2010-08-05,2.97,0.09,2.29,1.93,0.27,5.47,0,2,1.9,1.98,3.38,2.02,0.86,2.63,5.86,-0.06659216,-0.08639682,-0.06941834,-0.08297059,-0.073446,sell
2010-08-06,1.73,0.21,3.11,1.19,0.28,5.67,0,1.27,2.95,1.3,1.92,1.34,1.38,2.48,5.24,-0.04327692,-0.05297258,-0.03033181,-0.04810876,-0.047738,sell
2010-08-07,0.7,0.53,1.73,1,0.28,5.03,0,1.05,1.73,1.28,0.75,1.25,2.74,2.32,3.31, 0.04022794, 0.00857071, 0.01925955, 0.02406128, 0.036194,buy
2010-08-08,0.29,1.27,0.66,1.43,0.27,5.39,0,1.43,0.66,2.11,0.39,1.92,5.25,2.19,2.09,-0.00889154, 0.01074255, 0.00241155,-0.01008917,-0.004618,sell
2010-08-09,0.13,3.09,0.25,3.09,0.25,5.59,0,2.87,0.25,4.76,0.31,4.11,5.35,2.05,1.32,-0.01624970, 0.01259731, 0.01000623,-0.01139773,-0.016298,sell
2010-08-10,0,5.97,0.1,3.04,0.22,4.09,0,3.43,0.1,6.01,0.32,6.11,2.9,1.92,0.84,-0.03500763, 0.05193673, 0.06009957,-0.02832852,-0.028329,sell
2010-08-11,0,4.75,0,1.14,0.19,2.82,0,2.02,0.01,3.26,0.65,3.99,1.32,1.8,0.54, 0.00384125, 0.08229006, 0.04706938, 0.04706938,-0.044637,buy
2010-08-12,0,2.02,0,0.43,0.15,2.17,0,1.75,0.03,1.28,1.24,1.65,0.6,1.69,0.35,-0.09765250,-0.08069191,-0.08653270,-0.01683912,-0.057786,sell
2010-08-13,0,0.97,0,0.17,0.11,1.82,0,2.48,0.05,0.51,2.37,0.69,0.28,1.59,0.15,-0.04851066,-0.03851961,-0.03393338,-0.02820804,-0.026665,sell
2010-08-14,0,0.71,0,0,0,1.62,0,3.71,0.09,0.14,3.91,0.28,0.09,1.43,0.1,-0.01320570,-0.00895059, 0.02184766,-0.02259251,-0.021285,sell
2010-08-15,0,0.92,0,0.02,0,1.39,0,3.98,0.23,0,4.69,0,0,1.39,0, 0.00578275, 0.00616871, 0.02009177, 0.01770607,-0.018876,buy
2010-08-16,0,2.17,0,0.04,0,1.36,0,4.26,0.44,0,6.03,0,0,1.36,0, 0.03454597, 0.02966401, 0.04592844, 0.05375343, 0.040641,buy
2010-08-17,0,3.8,0,0.11,0,1.33,0,2.89,0.91,0,5.89,0,0,1.33,0, 0.03536851, 0.03009920, 0.02269928, 0.03502335, 0.045710,buy
2010-08-18,0,3.62,0,0.26,0,1.31,0,1.25,1.89,0,3.24,0,0,1.31,0, 0.05405953, 0.04144541, 0.01649924, 0.04223485, 0.049929,buy
2010-08-19,0,4.2,0.03,0.64,0.02,1.3,0,0.56,4.03,0.03,1.37,0,0.02,1.3,0,-0.00972813, 0.02750590,-0.03884879,-0.01150627,-0.032891,sell
2010-08-20,0.03,6.3,0.07,1.59,0.03,1.31,0,0.25,7.56,0.07,0.58,0.03,0.03,1.31,0, 0.03080704, 0.05692912, 0.00279328, 0.04213268, 0.013689,buy
2010-08-21,0.07,5.04,0.17,2.97,0.07,1.32,0,0,7.88,0.17,0.13,0.07,0.07,1.32,0, 0.06436828, 0.02376659, 0.00105510, 0.07484533, 0.025948,buy
2010-08-22,0.18,2.35,0.43,2.22,0.15,1.33,0,0,4.57,0.43,0,0.18,0.15,1.33,0, 0.05270083, 0.05484388, 0.04376811, 0.05468356, 0.030558,buy
2010-08-23,0.42,1.14,1.1,0.9,0.32,1.37,0,0,2.04,1.1,0,0.42,0.32,1.37,0,-0.08700909, 0.01316055, 0.01450399, 0.02576653, 0.028136,buy
2010-08-24,1.01,0.57,2.84,0.37,0.71,1.42,0,0,0.94,2.84,0,1.01,0.69,1.42,0.02, 0.01943496, 0.01887274, 0.00309026, 0.05675490, 0.014686,sell
2010-08-25,2.4,0.22,2.95,0.15,1.49,1.48,0,0,0.37,2.95,0,2.4,1.47,1.48,0.02,-0.00618902,-0.00226898,-0.02286277,-0.00723126,-0.002812,sell
2010-08-26,2.99,0.12,1.19,0,2.99,1.56,0,0,0.12,1.19,0.02,2.97,2.95,1.56,0.04, 0.07048606, 0.05122952, 0.05752811, 0.07018818, 0.069066,buy
2010-08-27,1.57,0,0.46,0,2.83,1.65,0,0,0,0.46,0.06,1.51,2.77,1.65,0.06, 0.00689846,-0.05584798,-0.01397258,-0.03048159,-0.016611,buy
2010-08-28,0.78,0,0.18,0,1.39,1.76,0,0,0,0.18,0.14,0.64,1.3,1.76,0.09,-0.01175270,-0.01160776,-0.00949935, 0.03805909, 0.042694,buy
2010-08-29,0.63,0,0,0,0.77,1.89,0,0,0,0,0.36,0.27,0.61,1.89,0.16,-0.00494948,-0.00514752, 0.00935125, 0.03084473, 0.063043,buy
2010-08-30,1,0,0,0,0.6,2.06,0,0,0,0,0.89,0.11,0.29,2.06,0.31, 0.01761961, 0.01487782, 0.05629851, 0.05299210, 0.053689,buy
2010-08-31,2.34,0,0,0,0.8,2.28,0,0,0.07,0,2.27,0,0.13,2.32,0.67,-0.00220217,-0.06324045,-0.03775577, 0.01729981, 0.004030,buy
2010-09-01,3.26,0,0,0,1.8,2.53,0,0,0.15,0,3.11,0,0,2.73,1.8, 0.00158316,-0.03628389,-0.02139023, 0.01014351, 0.012000,buy
2010-09-02,2.19,0,0,0,3.66,2.79,0,0,0.36,0,1.83,0,0,3.93,3.66, 0.01253199, 0.05597728, 0.05413425, 0.05677709, 0.011642,buy
2010-09-03,1.97,0,0.06,0,2.79,3,0,0,0.77,0.06,1.2,0,0,5.92,2.79,-0.02564425,-0.02862363,-0.02913025,-0.00984405,-0.037315,sell
2010-09-04,3.12,0,0.14,0,2.11,2.82,0.02,0,1.65,0.14,1.47,0.02,0.03,4.15,2.08, 0.02130591, 0.01082039, 0.01506350, 0.02693398, 0.000058,buy
2010-09-05,5.71,0,0.32,0,2.63,2.47,0.04,0,3.08,0.32,2.63,0.04,0.08,2.72,2.55,-0.05151891, 0.00498186, 0.01340306,-0.00700299, 0.011083,buy
2010-09-06,5.8,0,0.74,0,3.2,2.12,0.08,0,2.77,0.74,3,0.11,0.2,2.12,3,-0.04137078,-0.02864881,-0.01846251, 0.01593292, 0.015966,buy
2010-09-07,3.42,0,1.65,0,2.83,1.82,0.15,0,1.6,1.65,1.76,0.21,0.43,1.82,2.4,-0.02245198,-0.00523086, 0.01287067, 0.00084720, 0.012384,buy
2010-09-08,2.39,0,3.05,0,2.41,1.54,0.3,0,1.31,3.05,0.97,0.41,0.83,1.54,1.58,-0.01966558,-0.02332305, 0.00244344,-0.02427462, 0.003985,sell
2010-09-09,2.43,0,2.61,0,2.49,1.27,0.6,0,1.67,2.61,0.59,0.77,1.45,1.27,1.04,-0.01542604,-0.03240443, 0.01048235,-0.01705483, 0.015687,sell
2010-09-10,3.37,0,1.46,0,2.94,1.09,1.18,0,2.74,1.46,0.4,1.41,2.26,1.04,0.73, 0.00226854, 0.01557300,-0.00006351, 0.02213215, 0.002269,buy
2010-09-11,3.55,0,1.23,0,3.58,0.94,2.26,0,2.97,1.23,0.32,2.52,3.13,0.85,0.54, 0.00964070, 0.06271346,-0.03920978, 0.04932940, 0.010637,buy
2010-09-12,2.35,0,1.68,0,3.66,0.83,3.09,0,1.79,1.68,0.3,3.35,3.36,0.68,0.45, 0.06046924, 0.06786188,-0.00053318, 0.05588602, 0.066622,buy
2010-09-13,1.53,0,2.98,0,3.38,0.77,2.33,0,0.94,2.98,0.36,2.56,3.18,0.54,0.43,-0.06949166,-0.06303772,-0.05602042,-0.05208322,-0.068863,sell
2010-09-14,1.15,0,2.97,0,3.85,0.7,1.53,0,0.5,2.97,0.5,1.68,3.72,0.41,0.42,-0.04734913,-0.04734913,-0.02325858,-0.04630544,-0.047349,sell
2010-09-15,1.04,0,1.55,0,4.7,0.64,1.33,0,0.34,1.48,0.78,1.32,4.61,0.32,0.41,-0.08436686,-0.08436686,-0.06955112,-0.08278755,-0.084367,sell
2010-09-16,1.22,0,0.89,0.03,5.08,0.57,1.63,0,0.3,0.76,1.37,1.34,5.08,0.24,0.33,-0.09049361,-0.08948439,-0.08405847,-0.08804153,-0.089484,sell
2010-09-17,1.87,0,0.76,0.09,4.81,0.49,2.55,0,0.4,0.45,2.61,1.81,4.81,0.18,0.31,-0.07703858,-0.06939941,-0.07695617,-0.06393698,-0.077039,sell
2010-09-18,2.97,0,1.16,0.24,3.48,0.4,4.33,0,0.99,0.41,4.46,2.84,3.48,0.13,0.27, 0.06450587,-0.04076038, 0.03195349, 0.03233690, 0.030362,buy
2010-09-19,2.26,0,2.57,0.66,2.27,0.29,5.64,0,2.49,0.74,4.9,3,2.27,0.09,0.2, 0.00367605,-0.04838359,-0.02635865,-0.03526711,-0.040485,sell
2010-09-20,0.92,0.03,2.97,1.79,1.61,0.14,4.88,0.04,2.97,1.82,4.03,1.81,1.61,0,0.14, 0.05520484, 0.05520484, 0.05520484, 0.06691392, 0.055205,buy
2010-09-21,0.33,0.05,1.41,2.95,1.34,0,3.21,0.09,1.41,3,2.56,1.07,1.34,0,0, 0.03463444, 0.01305802, 0.03876007, 0.05587939, 0.057026,buy
2010-09-22,0.11,0.08,0.57,1.8,1.37,0,2.15,0.21,0.57,1.88,1.72,0.75,1.37,0,0, 0.09386523, 0.01586356, 0.00999275,-0.00616554,-0.009934,sell
2010-09-23,0,0.14,0.23,0.67,1.8,0,1.81,0.5,0.23,0.81,1.52,0.79,1.8,0,0, 0.05804243, 0.04779926, 0.06646998, 0.02501016, 0.053151,buy
2010-09-24,0,0.24,0.09,0.25,2.63,0,2.13,1.2,0.09,0.49,1.97,1.36,2.66,0,0,-0.04467432,-0.03474234,-0.02644810,-0.05473959,-0.009919,sell
2010-09-25,0,0.42,0,0.09,3.19,0,3.3,2.89,0,0.51,3.26,2.93,3.25,0,0,-0.04967876,-0.05450518,-0.05339204,-0.01695371,-0.049441,sell
2010-09-26,0,0.69,0,0,2.38,0,3.16,3.07,0,0.69,3.28,2.95,2.51,0,0,-0.05479977,-0.05187802,-0.05187802,-0.01576211,-0.051878,sell
2010-09-27,0,1.11,0,0,1.53,0,1.68,1.56,0,1.11,1.97,1.27,1.77,0,0.05,-0.04418564,-0.04883876,-0.08140255, 0.00545056,-0.047243,sell
2010-09-28,0,1.76,0.04,0.02,1.06,0,0.9,1.27,0.04,1.78,1.63,0.54,1.53,0,0.14,-0.12796874,-0.09721938,-0.10220140,-0.08265980,-0.104595,sell
2010-09-29,0,2.76,0.18,0.11,0.95,0,0.41,2.08,0.21,2.84,2.26,0.23,1.82,0.03,0.42, 0.00418446, 0.03089088, 0.00078462, 0.03513164, 0.011562,sell
2010-09-30,0,4.02,0.85,0.58,1.6,0.02,0.22,3.06,0.93,4.52,3.19,0.11,3.13,0.05,1.24,-0.01530527, 0.00758354,-0.03798580,-0.04279928,-0.047615,sell
2010-10-01,0,4.84,3,2.92,3.23,0.02,0.11,1.85,3.2,7.56,1.96,0.02,3.15,0.1,2.95, 0.00847035,-0.01638857, 0.00780051, 0.02655079, 0.016773,buy
2010-10-02,0,5.41,2.03,2.72,2.65,0.05,0,0.82,2.53,7.63,0.74,0.13,1.53,0.2,2.34, 0.03743906, 0.04197196, 0.05021487, 0.05096527, 0.046476,buy
2010-10-03,0,4.87,0.4,0.5,1.17,0.07,0,0.68,1.66,4.11,0.29,0.46,0.66,0.4,0.77,-0.02801926,-0.01881412,-0.02464533,-0.03526707,-0.044315,sell
2010-10-04,0,5.15,0,0.09,1.1,0.1,0,2.04,3,2.24,0.17,1.97,0.33,0.85,0.25, 0.01937756, 0.02250955, 0.01412996, 0.02414655, 0.024147,buy
2010-10-05,0,4.14,0,0,1.91,0.16,0,3.23,2.79,1.35,0.26,3.13,0.25,1.87,0,-0.08579550,-0.05967534,-0.08718889,-0.08268580,-0.084299,sell
2010-10-06,0,2.07,0,0,3.04,0.26,0,2.25,1.13,0.94,1.33,1.18,0.35,3,0, 0.00098645, 0.00098645,-0.02003611, 0.00793479,-0.034844,buy
2010-10-07,0,1.28,0,0,2.11,0.45,0,3.19,0.57,0.71,3,0.64,1.43,2.06,0,-0.02328125,-0.01507102,-0.03094150,-0.01811050,-0.024731,sell
2010-10-08,0,1.23,0,0,0.93,0.75,0,1.24,0.71,0.52,1.26,0.73,2.97,0.88,0, 0.01845604, 0.04219782, 0.05087461, 0.02890325, 0.009387,buy
2010-10-09,0,3.09,0,0,0.42,1.39,0,0.24,2.62,0.47,0.29,1.34,1.47,0.36,0,-0.02537337, 0.00201479, 0.02295001, 0.04071046, 0.029883,buy
2010-10-10,0,3.44,0,0,0.22,2.53,0,0,3,0.44,0.09,2.44,0.4,0.19,0,-0.03982575,-0.01840480,-0.04852219,-0.03568675,-0.040175,sell
2010-10-11,0,1.08,0,0,0.09,3.17,0,0,0.65,0.43,0.18,2.97,0.11,0.11,0, 0.02489786, 0.02281648, 0.04944115, 0.03021403, 0.129980,buy
2010-10-12,0,0.59,0,0,0.12,2.32,0,0,0.13,0.46,0.35,1.94,0.15,0.21,0, 0.05183833,-0.01822577, 0.05496358,-0.00031192, 0.081806,buy
2010-10-13,0.02,0.5,0.03,0,0.16,1.82,0,0,0,0.55,0.7,1.06,0.22,0.41,0, 0.03938016,-0.04500557, 0.04022462,-0.05341690, 0.042774,buy
2010-10-14,0.08,0.56,0.11,0,0.23,2.02,0,0.02,0.06,0.71,1.36,0.57,0.32,0.79,0,-0.06182766,-0.05989189,-0.06115010,-0.05806186,-0.061239,sell
2010-10-15,0.23,0.66,0.35,0,0.33,3.14,0.02,0.03,0.18,1.09,2.69,0.31,0.49,1.5,0,-0.06684928, 0.00180825,-0.03984611,-0.03304891,-0.038773,sell
2010-10-16,0.65,0.8,1.19,0,0.49,3.4,0.02,0.06,0.55,2.15,2.99,0.17,0.75,2.84,0,-0.03760116,-0.03873630,-0.04980922,-0.03504526,-0.049911,sell
2010-10-17,2.02,1.01,4.49,0,0.75,2.2,0.03,0.12,1.82,5.82,1.7,0.09,1.19,3,0,-0.01673619, 0.00383385,-0.01628125, 0.04281128,-0.004438,sell
2010-10-18,5.14,1.32,5.92,0,1.19,1.59,0.04,0.23,4.71,7.9,0.89,0,1.93,1.65,0.03, 0.05353159, 0.05729228, 0.00880412, 0.05032415, 0.042267,buy
2010-10-19,6.04,1.79,2.63,0,1.94,1.68,0.06,0.45,5.13,5.78,0.49,0,3.19,0.89,0.07, 0.01384119, 0.01227802, 0.03666267, 0.00016084, 0.029481,buy
2010-10-20,5.47,2.49,0.88,0,3,2.32,0.29,0.85,3.55,6.14,0.31,0.2,5.1,0.49,0.16,-0.01387272,-0.01681305,-0.00193839,-0.05649474,-0.040003,sell
2010-10-21,4.01,3,0.29,0,2.7,3.11,1.09,1.62,2.66,6.26,0.3,0.9,5.7,0.27,0.42,-0.02613131,-0.00663574,-0.00663574,-0.06393469,-0.052940,sell
2010-10-22,1.94,2.49,0.11,0,1.56,2.47,3.52,3,3.39,4.15,0.49,3.03,4.03,0.15,1.07,-0.01280227, 0.01473800, 0.06356047,-0.06883098, 0.001211,buy
2010-10-23,0.92,1.68,0,0,0.9,1.46,4.22,2.84,3,2.44,1.62,2.6,2.36,0.09,2.8,-0.06808205,-0.06574182,-0.02169453,-0.07092562,-0.068293,sell
2010-10-24,0.38,1.35,0,0,0.59,0.86,4.69,1.48,1.48,1.73,3.49,1.22,1.43,0,3.37,-0.03751175,-0.00060193,-0.04720279,-0.03316870, 0.000812,sell
2010-10-25,0.18,1.77,0,0,0.62,0.51,4.03,0.78,0.78,1.95,2.38,1.69,1.09,0.04,2.28,-0.01660361,-0.00196024, 0.01641865, 0.02779376, 0.010591,buy
2010-10-26,0.09,3.47,0,0,1.41,0.3,5.04,0.41,0.41,3.56,1.94,3.17,1.64,0.15,3.18, 0.00212396,-0.01329947,-0.02463351,-0.01137887,-0.004042,sell
2010-10-27,0,2.15,0,0,3.09,0.18,5.72,0.21,0.21,2.15,2.99,2.87,3.13,0.63,3.12, 0.03741347, 0.02001667, 0.03863291, 0.10745741, 0.043780,buy
2010-10-28,0,0.69,0,0,2.17,0.13,6.79,0.11,0.11,0.69,5.37,1.72,2,2.65,1.26, 0.03984361, 0.00990421, 0.04058080, 0.03451103, 0.042285,buy
2010-10-29,0,0.46,0,0,1.07,0.11,6.7,0,0,0.46,5.61,1.71,0.56,2.97,0.52,-0.03423686,-0.05779103, 0.01589211,-0.02177550,-0.000780,sell
2010-10-30,0,0.66,0,0,1.18,0.49,4.45,0,0,0.66,3.2,2.69,0.23,0.77,0.24, 0.00629081,-0.00237627, 0.00726580, 0.04857883,-0.009264,sell
2010-10-31,0,1.73,0,0,1.99,1.96,3.68,0,0,1.73,2.02,5.41,0.2,0.18,0.07, 0.04722109, 0.06962127, 0.06903071, 0.10863597, 0.041943,buy
2010-11-01,0.05,3,0,0,3.8,4.03,3.78,0,0,3.05,2.29,8.89,0.43,0,0.11,-0.01729233, 0.04345611, 0.07390361, 0.06492893, 0.060705,buy
2010-11-02,0.19,1.94,0,0,4.83,4.29,2.82,0.03,0.03,2.13,4.36,6.62,0.96,0,0.16,-0.06032882,-0.05104248,-0.04498022,-0.07404672,-0.044980,sell
2010-11-03,0.79,0.76,0,0,5.54,2.36,1.62,0.11,0.11,1.55,4,3.34,2.18,0,0.24,-0.02562157, 0.01624368,-0.03397179,-0.02818962,-0.045432,sell
2010-11-04,2.97,0.3,0,0,6.78,0.77,0.99,0.43,0.45,3.25,3.6,1.79,3.15,0,0.37,-0.05767574,-0.04177006,-0.05980463,-0.08247416,-0.044883,sell
2010-11-05,2.69,0.12,0,0,4.78,0.86,0.61,1.68,1.72,2.77,2.66,1.01,2.58,0,0.56,-0.04716081,-0.02311808,-0.04844851,-0.06409908,-0.059718,sell
2010-11-06,0.71,0,0,0,2.31,2.57,0.35,2.97,3.03,0.65,1.22,0.65,3.36,0,0.85,-0.03158614,-0.04180059,-0.03621346,-0.04131100,-0.034968,sell
2010-11-07,0.24,0,0,0,1.12,3.18,0.25,1.31,1.39,0.16,0.65,0.52,3.38,0,1.29,-0.06538704, 0.00146846,-0.02035306, 0.00062618, 0.027098,sell
2010-11-08,0.12,0,0,0,0.62,1.54,0.22,0.34,0.46,0,0.44,0.7,1.24,0,1.94,-0.05302095,-0.05306895,-0.07972533,-0.05521019,-0.079996,sell
2010-11-09,0.17,0,0.02,0,0.71,1.64,0.25,0.09,0.26,0.02,0.56,1.6,0.44,0,2.97,-0.09071786,-0.03385267,-0.09743738,-0.09509661,-0.018203,sell
2010-11-10,0.26,0,0.03,0,2.09,3.27,0.28,0,0.23,0.06,1.21,4.15,0.28,0,2.97,-0.01171244, 0.01798535,-0.00052649,-0.06902194, 0.017726,buy
2010-11-11,0.39,0,0.03,0,4.8,4.85,0.48,0,0.31,0.11,3.75,5.9,0.48,0,1.96, 0.03128786, 0.04077661, 0.04511368,-0.01174446, 0.062710,buy
2010-11-12,0.58,0,0.04,0,4.38,4.38,0.83,0,0.39,0.23,5.9,2.86,0.83,0,1.3,-0.01322612,-0.07293141,-0.01322612, 0.04978608,-0.021756,sell
2010-11-13,0.95,0,0.05,0,1.56,2.35,1.46,0.05,0.53,0.52,2.93,0.98,1.46,0,0.85,-0.02897663,-0.04463699,-0.04463699,-0.05748454,-0.039045,sell
2010-11-14,1.75,0,0.06,0,0.43,0.96,2.63,0.12,0.69,1.24,0.99,0.36,2.65,0.02,0.56, 0.00952477,-0.02042009, 0.03180086,-0.00292170, 0.023891,buy
2010-11-15,3.57,0,0.06,0,0.06,0.42,3.24,0.29,0.94,2.98,0.27,0.1,3.29,0.06,0.37,-0.00756392, 0.00804241,-0.01386397, 0.01131009,-0.013864,sell
2010-11-16,3.69,0,0.07,0,0.17,0.21,2.76,0.69,1.41,3.04,0.1,0,2.87,0.17,0.24,-0.00166560,-0.02530299,-0.03126221,-0.01643352,-0.031262,sell
2010-11-17,1.97,0,0.07,0,0.43,0.24,3.7,1.67,2.44,1.27,0,0,3.94,0.43,0.16, 0.04933225, 0.04925097, 0.02843953, 0.04574573, 0.048565,buy
2010-11-18,1.28,0,0.07,0,1.09,0.54,3.6,2.97,3.76,0.56,0,0,4.14,1.07,0.12, 0.06823718, 0.05172082, 0.06343572, 0.06818449, 0.053080,buy
2010-11-19,0.99,0,0.07,0,2.62,1.22,1.39,2.14,2.93,0.27,0,0,2.61,2.58,0.04,-0.06840073,-0.05903718,-0.06835132,-0.06978729,-0.058264,sell
2010-11-20,0.78,0,0,0,3.05,2.74,0.52,0.88,1.66,0,0,0.02,3.26,2.97,0.06,-0.00817423, 0.00491063,-0.03239148,-0.01044270,-0.027087,sell
2010-11-21,0.75,0,0,0,1.7,2.97,0.21,0.42,1.11,0.06,0.04,0.06,3.18,1.46,0.14,-0.04314003,-0.05570874,-0.04562796,-0.04808831,-0.048088,sell
2010-11-22,0.7,0,0,0,1.1,1.41,0,0.33,0.85,0.18,0.1,0.14,1.41,0.65,0.21,-0.10183798,-0.10949080,-0.10949080,-0.11199211,-0.110502,sell
2010-11-23,0.62,0,0,0,1.2,0.62,0.06,0.54,0.66,0.54,0.25,0.35,0.62,0.3,0.32,-0.04522514,-0.04606531,-0.04546844,-0.04282937,-0.045468,sell
2010-11-24,0.54,0,0,0,2.11,0.28,0.15,1.61,0.67,1.61,0.65,0.82,0.28,0.14,0.52,-0.08053908,-0.08159937,-0.08159937,-0.05262987,-0.070688,sell
2010-11-25,0.45,0,0,0,4.43,0.12,0.48,3.24,0.89,3.24,1.7,1.94,0.12,0,0.83,-0.00360743,-0.00807419,-0.00844529,-0.01131024,-0.024677,sell
2010-11-26,0.37,0,0,0,7.27,0,1.34,2.47,1.65,2.47,2.98,2.98,0,0,1.37, 0.03497336, 0.02325978, 0.03751551, 0.04938293, 0.015392,buy
2010-11-27,0.29,0,0,0,6.16,0,3.18,1.69,3.39,1.69,2.03,1.94,0,0,2.27, 0.06654186, 0.04096114, 0.05788038, 0.05681529, 0.044203,buy
2010-11-28,0.22,0,0,0,5.13,0,2.67,2.19,2.78,2.19,0.83,0.84,0,0,3.57, 0.06901732, 0.05584042, 0.07506220, 0.06721958, 0.062777,buy
2010-11-29,0.16,0,0,0,4.11,0,1.35,3,1.36,3,0.41,0.43,0,0,3.48, 0.11713761, 0.06143973, 0.08665196, 0.08090204, 0.008807,buy
2010-11-30,0.12,0,0,0,2.65,0,1.2,2.36,1.09,2.36,0.32,0.31,0,0,2.4, 0.06561979,-0.03184377,-0.04244759,-0.03130118,-0.085222,sell
2010-12-01,0,0,0,0,1.85,0,1.74,1.25,1.38,1.25,0.41,0.3,0.03,0,1.85,-0.03544007,-0.03561625,-0.03544007,-0.02104727,-0.035440,sell
2010-12-02,0,0,0,0,1.56,0.02,3,0.67,2.4,0.67,0.86,0.58,0.08,0.02,1.56,-0.00801264,-0.00872095,-0.01312915,-0.00813165,-0.010861,sell
2010-12-03,0,0,0,0,1.41,0.03,4,0.35,3,0.35,1.8,1.1,0.18,0.03,1.41,-0.02681492,-0.03453513,-0.05216779,-0.01878245,-0.038291,sell
2010-12-04,0,0,0,0,1.33,0.05,3.66,0.19,1.9,0.19,3.59,2.05,0.42,0.05,1.33,-0.01166712, 0.07243461, 0.03213065, 0.02346673, 0.075261,buy
2010-12-05,0,0,0,0,1.3,0.07,4.18,0.1,1,0.1,4.46,3.62,0.95,0.07,1.3, 0.03021701, 0.03934550, 0.00007669,-0.02171316, 0.096922,buy
2010-12-06,0,0.02,0,0,1.3,0.11,6.55,0,0.52,0.02,4.26,4.25,2.2,0.11,1.3, 0.01876944, 0.04753974, 0.02688653, 0.08636289, 0.036736,buy
2010-12-07,0,0.03,0,0,1.32,0.16,8.31,0,0.28,0.03,4.01,4,3,0.16,1.32, 0.00957489, 0.00350634, 0.00851510, 0.03655602, 0.007889,buy
2010-12-08,0,0.05,0,0,1.4,0.22,6.74,0,0.14,0.05,2.75,4.37,1.71,0.22,1.4, 0.00908466, 0.00211186,-0.00351358, 0.01091654,-0.003670,buy
2010-12-09,0,0.09,0,0,1.54,0.33,4.34,0,0.02,0.09,1.98,3.72,0.75,0.31,1.54,-0.01248935,-0.01729199,-0.01778127,-0.00329732,-0.030085,sell
2010-12-10,0,0.15,0,0,1.81,0.44,2.37,0.02,0.02,0.17,1.97,2.77,0.32,0.42,1.81,-0.06840154, 0.03971208, 0.00750278,-0.00860242, 0.048262,buy
2010-12-11,0,0.26,0,0,2.39,0.57,1.28,0.05,0,0.31,2.84,2.65,0.14,0.57,2.39,-0.04540647, 0.00641742,-0.00010752,-0.02788830, 0.002856,buy
2010-12-12,0,0.45,0,0,3.85,0.76,0.63,0.11,0,0.56,3.6,3.38,0,0.76,3.85, 0.02051670, 0.00049693,-0.00634380,-0.02612498, 0.073276,buy
2010-12-13,0,0.79,0,0,4.44,0.98,0.3,0.26,0.04,1.05,2.68,5.5,0,0.98,4.44,-0.02194188,-0.03998654,-0.04279556,-0.07651900,-0.002931,sell
2010-12-14,0,1.42,0,0,2.93,1.26,0.22,0.6,0.08,2.02,2.31,6.11,0,1.26,2.93,-0.08650398,-0.06001794,-0.03891645,-0.06231844,-0.016715,sell
2010-12-15,0,2.58,0,0,2.26,1.61,0.2,1.37,0.22,3.95,3.43,3.43,0,1.59,2.26,-0.10209135,-0.09992578,-0.05141152,-0.09037598,-0.051412,sell
2010-12-16,0,3,0,0,2.27,2,0.51,2.97,0.54,5.97,3.17,1.62,0.02,1.97,2.25,-0.03540407,-0.06195399,-0.03184477,-0.05571351,-0.028432,sell
2010-12-17,0,1.85,0,0,2.54,2.5,1.25,2.77,1.31,4.62,1.27,0.74,0.04,2.48,2.5,-0.01389730,-0.01747442,-0.02364183,-0.00934751,-0.016367,sell
2010-12-18,0,1,0,0,3.08,3.06,3.08,1.28,3.19,2.28,0.41,0.25,0.08,3.24,3,-0.04339718,-0.05292497,-0.04104614,-0.04339718,-0.030007,sell
2010-12-19,0,0.53,0,0,3.29,3.25,4.07,0.74,4.29,1.27,0.19,0.13,0.16,5.42,3.13, 0.00408250,-0.01784125,-0.00717693, 0.00649753, 0.002490,buy
2010-12-20,0,0.28,0,0,2.99,3,4.31,0.98,4.72,1.26,0.15,0.01,0.33,5.42,2.66, 0.01985328,-0.01730075, 0.01760842, 0.02181979, 0.018683,buy
2010-12-21,0,0.15,0,0,2.74,3.09,2.73,2.84,3.52,2.97,0.37,0.05,0.68,2.54,2.08,-0.02721185,-0.05167322,-0.02819747,-0.02130633,-0.021200,sell
2010-12-22,0,0,0,0,3.04,3.7,0.87,3.04,2.37,3,0.92,0.12,1.38,1.84,1.7, 0.03398249,-0.01695906, 0.04305309, 0.05823155, 0.054423,buy
2010-12-23,0,0,0,0,4.14,5.26,0.3,1.01,3.14,0.93,2.32,0.29,2.85,1.59,1.37, 0.02851034, 0.02327030, 0.05534163, 0.02699167, 0.025532,buy
2010-12-24,0,0,0,0,4.1,6.28,0,0.46,2.97,0.31,4.67,0.68,3.12,1.41,1.13, 0.04918220, 0.01506473, 0.03841958, 0.01046489, 0.009460,buy
2010-12-25,0,0,0,0,2.42,6.26,0.04,0.39,1.62,0.11,5.09,1.6,1.83,1.24,0.91,-0.04013817, 0.02682348, 0.01936358, 0.01251933,-0.011794,buy
2010-12-26,0,0,0,0,1.45,5.11,0.07,0.53,0.85,0,3.04,3.7,1.32,1.11,0.73,-0.04367861,-0.00984921, 0.03828306,-0.01773163,-0.018213,sell
2010-12-27,0,0,0,0,0.93,4.42,0.12,1.01,0.45,0,1.24,5.04,1.46,1,0.6,-0.03721673,-0.02222521, 0.00225562,-0.03678897,-0.033683,sell
2010-12-28,0.02,0,0,0,0.63,4.51,0.17,1.92,0.25,0.02,0.51,4.25,2.24,0.92,0.48,-0.02793809,-0.01450660,-0.01413590,-0.02211036,-0.031055,sell
2010-12-29,0.05,0,0,0,0.39,3.11,0.2,2.97,0.18,0.05,0.17,2.46,3.17,0.84,0.39, 0.02476672,-0.03462919, 0.01435606,-0.01358905,-0.034629,buy
2010-12-30,0.1,0,0,0,0.33,1.79,0.2,2.41,0.17,0.1,0,1.09,2.58,0.79,0.37, 0.00896134,-0.02041645,-0.01932688,-0.05731112,-0.019327,buy
2010-12-31,0.2,0,0,0,0.28,1.45,0.2,1.33,0.41,0.2,0,0.47,1.45,0.74,0.33, 0.02569214, 0.05074295, 0.04929108, 0.06143891, 0.049291,buy
2011-01-01,0.43,0,0,0,0.25,1.66,0.18,0.85,0.97,0.43,0,0.17,0.85,0.7,0.32,-0.03301026,-0.02071336,-0.02180525,-0.04212132,-0.018461,sell
2011-01-02,0.89,0,0,0,0.23,2.55,0.14,0.79,2.29,0.89,0,0,0.53,0.66,0.3, 0.08320026, 0.09939999, 0.06917212, 0.06852456, 0.081207,buy
2011-01-03,1.89,0,0,0,0.26,3.67,0.1,1.25,3.92,1.91,0.02,0,0.44,0.64,0.31, 0.00225379,-0.01052104,-0.01052104,-0.01689073,-0.019198,sell
2011-01-04,2.97,0,0,0,0.33,2.64,0.02,2.52,4.06,3.02,0.05,0,0.45,0.62,0.28,-0.02249881,-0.00547040,-0.02628522,-0.01052200, 0.008807,sell
2011-01-05,2.18,0,0,0,0.49,1.56,0.03,3.76,3.84,2.25,0.12,0,0.86,0.6,0.35, 0.08755371,-0.02601834,-0.06672733,-0.05196254,-0.009937,sell
2011-01-06,1.01,0,0,0,0.76,1.27,0.11,3.61,2.23,1.15,0.31,0,2.07,0.59,0.41,-0.03467675,-0.09432167,-0.03904290,-0.04370250,-0.055507,sell
2011-01-07,0.47,0,0,0,1.49,1.52,0.2,3.92,1.09,0.72,0.79,0,3.79,0.58,0.63, 0.00815068, 0.00948804, 0.00948804,-0.01809500, 0.008151,buy
2011-01-08,0.22,0,0,0,3.22,2.5,0.4,2.71,0.68,0.7,2.04,0.07,4,0.58,0.98, 0.01954630, 0.00820595, 0.02953683, 0.02216648, 0.000123,buy
2011-01-09,0.1,0,0,0,4.87,3.58,0.82,1.64,0.89,1.06,2.92,0.18,3.86,0.58,1.52, 0.04871207, 0.04195462, 0.04371393, 0.05061337, 0.041597,buy
2011-01-10,0,0,0,0,4.9,2.43,1.78,1.77,1.71,1.96,1.68,0.43,2.21,0.58,2.36, 0.02564457, 0.01680376, 0.00501240, 0.00295553, 0.029190,buy
2011-01-11,0,0,0,0,5.63,1.35,3.94,3.1,3.89,3.92,0.79,1.06,0.91,0.59,3, 0.04846603, 0.01675124, 0.01090676, 0.01090676, 0.043866,buy
2011-01-12,0,0,0,0,7.05,0.91,4.44,2.65,4.51,4.32,0.71,2.58,0.31,0.6,2.42, 0.04256432, 0.00568464,-0.00214394, 0.00935310, 0.021449,buy
2011-01-13,0,0,0,0,7.8,0.74,3.98,1.11,4.07,4.03,1.45,3,0.12,0.62,1.55, 0.06773852, 0.01182056, 0.00591371, 0.02219634, 0.039879,buy
2011-01-14,0,0,0,0,5.48,0.64,3.43,0.45,3.13,3.49,3.34,1.44,0,0.64,1.01,-0.09536371,-0.04158916,-0.09173666,-0.08479923,-0.092970,sell
2011-01-15,0,0,0,0,3.57,0.66,2.05,0.18,1.73,2.09,3.16,0.79,0,0.66,0.65,-0.07323946,-0.07774280,-0.05445432,-0.07580958,-0.044768,sell
2011-01-16,0,0,0,0,3.56,0.69,1.34,0,1.21,1.34,2.44,0.96,0,0.69,0.41,-0.04933052,-0.04602420,-0.03360604,-0.08700214,-0.054067,sell
2011-01-17,0,0,0,0,5.01,0.72,1.27,0,1.53,1.27,3.29,2.33,0,0.72,0.27,-0.05374264,-0.04740745, 0.05432654,-0.04682665, 0.059224,sell
2011-01-18,0,0,0,0,5.88,0.76,1.77,0,2.85,1.77,2.74,3.09,0,0.76,0.17, 0.01458961,-0.00581232, 0.00226999,-0.06097761, 0.036508,buy
2011-01-19,0,0,0,0,5.2,0.81,3.24,0,3.08,3.17,1.8,1.49,0.07,0.79,0.11,-0.10426186,-0.07718159,-0.11187046,-0.10653869,-0.097296,sell
2011-01-20,0,0,0,0,4.03,0.92,3.2,0,1.48,3.01,2.16,0.86,0.19,0.85,0,-0.02550489,-0.08427085,-0.07343293,-0.05743498,-0.025897,sell
2011-01-21,0,0,0,0,4.82,1.13,1.86,0,0.83,1.36,3.27,1.07,0.5,0.9,0,-0.02491693,-0.05334180,-0.05796928,-0.02193750,-0.042287,sell
2011-01-22,0,0,0,0,4.35,1.7,1.95,0.04,0.99,0.64,2.23,1.87,1.35,0.96,0,-0.01969026,-0.01109761, 0.00084128,-0.00418799, 0.012130,sell
2011-01-23,0,0,0,0,4.2,3.47,3.28,0.13,2.55,0.31,0.81,3.28,3.1,1.03,0, 0.01792486, 0.03785185, 0.05237965, 0.02957172, 0.015202,buy
2011-01-24,0,0,0,0,3.62,4.1,2.61,0.47,2.97,0.14,0.31,3.31,2.94,1.11,0.02,-0.03933993, 0.01689278, 0.03232682, 0.00722439,-0.000110,buy
2011-01-25,0,0,0,0,3.23,2.27,0.94,1.67,1.05,0,0.12,3.11,2.61,1.2,0.02, 0.02989118,-0.02009174, 0.07180712, 0.04436344, 0.037610,buy
2011-01-26,0,0,0,0,3.64,1.64,0.35,3,0.31,0,0,3.64,3.35,1.3,0.03, 0.02936377,-0.01231371, 0.06045075, 0.04704264, 0.043482,buy
2011-01-27,0,0,0,0,2.35,1.53,0.13,1.42,0.09,0,0,2.35,1.55,1.41,0.03, 0.01266263, 0.01619067, 0.02205054, 0.02503220, 0.027079,buy
2011-01-28,0,0,0,0,1,1.61,0,0.38,0,0.01,0.02,1,0.38,1.54,0.04,-0.00972207,-0.00911951,-0.00550019, 0.04557852, 0.040292,buy
2011-01-29,0,0,0,0,0.44,1.79,0.03,0.1,0.03,0.02,0.04,0.44,0.1,1.68,0.05,-0.00756886,-0.01137926,-0.00121208, 0.02290078, 0.051014,buy
2011-01-30,0.02,0,0,0,0.14,2.11,0.07,0,0.07,0.04,0.14,0.14,0.02,1.85,0.1, 0.03390411, 0.03370608, 0.04037399, 0.05204397, 0.058099,buy
2011-01-31,0.07,0,0,0,0.11,2.54,0.17,0.02,0.25,0.12,0.37,0,0.07,2.03,0.16, 0.01062331, 0.00594323, 0.01585412, 0.02092717, 0.027614,buy
2011-02-01,0.16,0,0,0,0.44,3.23,0.49,0.05,0.75,0.28,0.91,0,0.16,2.24,0.25, 0.00655713,-0.00703093, 0.01721154, 0.00557096,-0.001903,buy
2011-02-02,0.34,0,0,0,1.68,4.54,1.28,0.12,2.28,0.6,2.43,0,0.34,2.49,0.4,-0.00524370,-0.03559928, 0.00660223, 0.00287336,-0.003341,sell
2011-02-03,0.77,0,0,0,5.17,7.07,3.39,0.28,6,1.32,6.73,0,0.77,2.74,0.69, 0.04697263,-0.06014345, 0.06034485,-0.03452501,-0.018964,buy
2011-02-04,1.74,0,0,0,5.57,10.68,4.19,0.64,4.93,3.15,11.91,0.1,1.74,3,1.27, 0.08185467,-0.01436757, 0.08081851,-0.01672924, 0.056532,buy
2011-02-05,3.98,0,0,0,3.04,10.4,4.04,1.46,1.66,6.64,7.57,0.27,3.98,2.92,2.48, 0.05007290,-0.04446304, 0.03532958,-0.03831798,-0.029948,sell
2011-02-06,5.94,0,0,0,3.98,10.06,2.37,2.97,0.57,9.24,2.89,0.91,5.94,2.62,4.8, 0.03766597, 0.02043364, 0.03873604,-0.03183632, 0.011117,buy
2011-02-07,3.98,0,0,0,4.88,10.81,0.74,2.58,0.17,8.94,1.08,3.18,3.98,2.34,5.29,-0.04198749,-0.04527229,-0.01354988,-0.01214402, 0.015706,sell
2011-02-08,1.8,0,0,0,3.88,10.08,0.17,1.13,0,5.89,0.46,4.8,1.8,2.08,5.57,-0.01633267,-0.04127637,-0.03233433, 0.00773059, 0.001651,sell
2011-02-09,0.82,0,0,0,1.2,9.85,0,0.49,0,3.12,0.11,5.48,0.82,1.87,6.58, 0.00776699, 0.04605389,-0.02197941, 0.02306985, 0.007605,buy
2011-02-10,0.38,0,0,0,0.33,11.24,0,0.21,0,1.7,0.09,7.13,0.38,1.65,6.19, 0.07401830, 0.07960012, 0.08319090, 0.06961658, 0.083119,buy
2011-02-11,0.21,0,0,0,0,10.91,0,0.09,0,0.94,0.41,5.66,0.21,1.46,4.87, 0.10173176, 0.07992011, 0.10035344, 0.09525735, 0.092133,buy
2011-02-12,0.35,0,0,0,0,11.06,0,0,0.03,0.53,1.94,4.41,0.35,1.29,3.94, 0.09240631, 0.06992629, 0.10060340, 0.09110310, 0.093032,buy
2011-02-13,1.59,0,0,0,0,10.53,0,0,0.09,0.4,2.97,2.81,1.59,1.14,3.66, 0.09061718, 0.07101857, 0.09927334, 0.08976549, 0.098829,buy
2011-02-14,2.95,0,0,0,0,7.91,0.08,0.05,0.23,0.79,1.02,1.41,3,1,3.79, 0.04039746, 0.04039746, 0.04227549,-0.00328980, 0.076898,buy
2011-02-15,1.13,0.04,0,0,0,8.29,0.23,0.14,0.6,2.42,0.43,0.99,1.31,0.88,3.43,-0.00346760, 0.00322677,-0.00212186,-0.03906561, 0.081583,buy
2011-02-16,0.24,0.09,0,0,0,9.87,0.6,0.41,1.59,2.97,0.6,2.21,0.74,0.77,2.65, 0.07203515, 0.05196211, 0.07631610, 0.01043215, 0.101883,buy
2011-02-17,0,0.26,0,0,0,10.12,1.52,1.21,3.71,0.92,1.52,3.15,1.47,0.67,2.38, 0.07036834, 0.07031464, 0.08062006, 0.07504596, 0.086634,buy
2011-02-18,0,0.64,0,0,0,7.3,3.26,2.95,4.19,0.24,3.26,0.96,3.59,0.62,2.95, 0.06569291, 0.06569291, 0.06798995, 0.05745745, 0.064771,buy
2011-02-19,0,1.63,0,0,0.04,5.66,3.01,2.42,4.2,0.04,3.01,0.2,4.05,0.57,3.99, 0.04032284, 0.03441271, 0.00250955, 0.02378131, 0.040702,buy
2011-02-20,0,3.32,0,0,0.09,3.38,2.92,0.83,3.46,0.09,2.88,0.04,4.15,0.57,2.57, 0.07448211, 0.07523251, 0.06148426, 0.06378736, 0.074596,buy
2011-02-21,0,3.35,0,0,0.17,1.7,5.48,0.28,3.39,0.17,5.39,0.09,3.63,0.64,1.17,-0.01505288, 0.00615294,-0.01552152,-0.01552152, 0.016476,sell
2011-02-22,0,4.51,0,0,0.41,0.96,4.98,0.1,4.63,0.41,4.75,0.23,4.61,0.83,0.63, 0.06830639, 0.01930777, 0.03394653, 0.03394653, 0.032403,buy
2011-02-23,0,3.76,0,0,0.96,0.64,2.97,0,3.63,0.96,2.3,0.67,3.76,1.34,0.35, 0.09184062, 0.08926270, 0.08953075, 0.09112798, 0.088951,buy
2011-02-24,0,3.47,0,0,2.45,0.52,3.03,0,3.3,2.45,0.94,2.09,3.47,2.47,0.27, 0.05773610, 0.02289403, 0.09668152, 0.05773610, 0.085438,buy
2011-02-25,0,2.79,0,0,5.88,0.42,6.33,0,2.03,5.81,0.52,5.88,2.79,3.19,0.2,-0.01083048,-0.06052221,-0.01441065,-0.00512213,-0.012619,sell
2011-02-26,0,1.32,0,0,5.2,0.33,5.14,0,1.11,4.96,0.41,4.93,1.32,2.03,0.15, 0.02002249,-0.04206034,-0.02882867,-0.02274821,-0.030999,sell
2011-02-27,0,0.62,0.03,0,2.83,0.28,2.01,0,0.66,2.12,0.71,1.78,0.65,1.02,0.25,-0.04377412, 0.03728494, 0.04337073,-0.01781994, 0.045520,buy
2011-02-28,0,0.3,0.19,0,3.17,0.23,1.29,0,0.56,1.07,1.84,0.87,0.49,0.53,0.51,-0.08096742, 0.00640934, 0.01610493,-0.09319069, 0.005647,buy
2011-03-01,0,0.14,1.11,0,4.37,0.12,2.36,0,0.86,0.71,2.95,0.9,1.25,0.3,1.46,-0.03121225, 0.01266127, 0.03315033,-0.03167881, 0.006246,sell
2011-03-02,0,0,3.07,0,4.17,0.1,4.51,0,1.9,0.72,1.55,1.45,3.07,0.1,3.06,-0.09160710,-0.09565600,-0.09753054,-0.09241890,-0.101902,sell
2011-03-03,0,0,1.52,0,4.53,0.08,4.47,0,3,0.97,0.52,2.74,1.52,0.08,1.77, 0.00313407, 0.00395911,-0.00400053,-0.01758818,-0.006263,buy
2011-03-04,0,0,0.73,0,3.38,0,3.62,0,1.68,1.43,0.17,3.1,0.73,0,0.62, 0.00954152, 0.01140549, 0.00271076, 0.00963908,-0.005717,sell
2011-03-05,0,0,1.29,0,3.23,0,2.08,0,0.61,2.4,0,1.92,1.29,0,0.38, 0.02259262, 0.01648758, 0.00861936,-0.00213665, 0.021248,buy
2011-03-06,0,0,2.95,0,4.03,0,1.38,0.07,0.23,3.15,0.07,1.62,2.95,0,0.41,-0.05450691,-0.05406475,-0.03567266,-0.05622403,-0.054507,sell
2011-03-07,0,0,2.64,0,4.58,0,1.41,0.42,0,2.64,0.42,2.69,2.64,0,0.66,-0.02585992,-0.02541071,-0.04998828,-0.02668924,-0.024292,sell
2011-03-08,0,0,1.04,0,4.48,0,2.06,2.4,0.14,2.18,2.4,3.16,1.04,0,1.06,-0.09448095,-0.08848356,-0.08380820,-0.05074032,-0.085948,sell
2011-03-09,0,0,0.48,0,2.93,0.06,3.68,2.97,0.75,2.72,3.03,1.43,0.48,0,1.71,-0.06754088,-0.05001687,-0.04653833,-0.02787455,-0.046538,sell
2011-03-10,0.03,0,0.34,0,3.94,0.18,5.72,0.61,2.95,3.47,0.79,0.47,0.37,0,2.77,-0.05022985,-0.07366504,-0.08901024,-0.09127605,-0.052991,sell
2011-03-11,0.09,0,0.41,0,2.75,0.54,4.99,0.29,2.26,2.31,0.65,0.35,0.5,0,3,-0.02375059,-0.02464878,-0.04088600,-0.03292903,-0.031071,sell
2011-03-12,0.28,0,0.87,0,0.65,1.64,2.82,0.89,0.46,1.09,1.64,0.89,1.15,0,1.97, 0.00627770,-0.04326882, 0.00379440, 0.00591126,-0.009922,buy
2011-03-13,0.87,0,1.87,0,0.22,2.97,1.59,2.91,0.1,0.69,2.99,2.89,2.74,0,1.22,-0.01709733,-0.01709733,-0.01934329,-0.05345476,-0.066000,sell
2011-03-14,2.67,0,3,0,0,1.74,0.9,2.05,0,0.89,1.8,1.99,5.67,0,0.75,-0.05672984,-0.05672984,-0.05672984,-0.04668003,-0.056730,sell
2011-03-15,2.92,0,2.18,0.07,0,0.57,0.48,0.58,0,2.65,0.72,0.43,5.17,0,0.48,-0.02292112,-0.03722006,-0.03616316,-0.03616316,-0.055441,sell
2011-03-16,1.05,0,1.01,0.31,0.03,0.27,0.31,0.48,0.04,2.92,0.57,0.14,2.37,0,0.34, 0.02849032,-0.01116881, 0.02993575, 0.03600088,-0.013190,buy
2011-03-17,0.34,0,0.47,1.29,0.08,0.29,0.21,0.95,0.18,0.96,0.95,0.13,2.1,0,0.27,-0.06100164,-0.01287155,-0.04666484,-0.05994720,-0.053626,sell
2011-03-18,0.11,0,0.22,3,0.16,0.92,0.15,2.44,0.61,0.31,2.44,0.36,3.33,0,0.26, 0.03287632, 0.02364242, 0.01618140, 0.03916970, 0.049865,buy
2011-03-19,0,0,0.1,1.73,0.33,2.79,0.05,2.97,1.86,0.11,2.97,1.05,1.83,0,0.26,-0.03210536,-0.04347031,-0.03553806,-0.03553806,-0.035538,sell
2011-03-20,0,0,0,0.49,0.68,6.03,0.07,1.41,3.27,0.03,1.41,3,0.49,0,0.48, 0.03288878, 0.04138945, 0.02917086,-0.00481770, 0.049192,buy
2011-03-21,0,0,0,0.15,1.44,4.66,0.16,0.55,2.33,0.08,0.61,2.87,0.15,0,0.92, 0.03561613, 0.05118529, 0.05118529, 0.01174104, 0.053021,buy
2011-03-22,0,0.04,0,0,3.04,1.83,0.3,0.27,2.08,0.19,0.39,1.01,0.04,0,1.77, 0.00937948, 0.00538593,-0.00979191,-0.01697516,-0.009792,buy
2011-03-23,0,0.11,0,0,5.95,1.06,0.7,0.23,3.23,0.44,0.64,0.4,0.11,0,3.23, 0.13392631, 0.11535972, 0.12831621, 0.07134670, 0.090065,buy
2011-03-24,0,0.34,0,0,5.41,1.29,1.85,0.26,2.82,1.04,1.67,0.25,0.34,0,3.05, 0.12185215, 0.10770605, 0.12072765, 0.07982402, 0.103895,buy
2011-03-25,0.03,1.06,0,0,2.55,2.44,3.25,0.54,1.21,2.44,3.08,0.32,1.06,0,1.81, 0.08727819, 0.04336449, 0.05678661, 0.05678661, 0.069999,buy
2011-03-26,0.06,3,0,0,1.2,2.97,2.21,1.14,0.64,2.97,2.09,0.77,3,0,1.25, 0.09577533, 0.09772376, 0.14031936, 0.09772376, 0.068541,buy
2011-03-27,0.09,2.6,0,0,0.57,1.51,1.2,2.53,0.61,1.51,1.25,1.85,2.6,0,1.07, 0.06300879,-0.02445340,-0.02235757,-0.02235757,-0.021156,sell
2011-03-28,0.12,0.83,0,0,0.28,0.64,1.06,4.29,1.18,0.64,1.53,2.99,0.83,0,1.13, 0.04730621, 0.04732922, 0.04673106,-0.03366102, 0.047329,buy
2011-03-29,0.15,0.27,0,0,0.13,0.27,1.25,4.59,2.99,0.29,2.71,2.01,0.27,0.02,1.36, 0.02961573, 0.01684849, 0.01345242,-0.00056145, 0.016769,buy
2011-03-30,0.17,0.09,0,0.06,0.05,0.12,1.81,3.78,2.92,0.16,3.14,1,0.15,0.02,1.62, 0.06436827, 0.03019742, 0.02670834, 0.02070543, 0.027235,buy
2011-03-31,0.17,0,0,0.17,0.09,0.02,2.81,1.96,1.13,0.07,1.79,0.91,0.17,0.03,2.24,-0.00391714,-0.02774401,-0.00702959,-0.00708686,-0.032143,sell
2011-04-01,0.16,0,0,0.43,0.15,0.02,4.65,0.91,0.52,0.14,0.93,1.79,0.43,0.03,3, 0.00872744, 0.00659636,-0.01025225, 0.00710448,-0.005641,buy
2011-04-02,0.14,0,0,1.13,0.27,0.03,5.82,0.37,0.4,0.27,0.51,2.95,1.13,0.04,2.87, 0.00088799,-0.00713619,-0.01096546, 0.00012470,-0.008743,sell
2011-04-03,0.12,0,0.05,2.89,0.5,0.09,3.86,0.18,0.54,0.52,0.3,1.8,2.94,0.05,2.06, 0.02635028,-0.02063124, 0.00303053,-0.02084230,-0.017379,buy
2011-04-04,0.08,0,0.15,3,0.91,0.17,2.09,0.03,1.02,1,0.08,0.64,3.15,0.06,1.48,-0.04658118,-0.05050025,-0.06365730,-0.00314733, 0.002355,sell
2011-04-05,0,0,0.47,1.16,1.73,0.39,1.28,0.05,1.96,1.99,0,0.26,1.63,0.07,1.11, 0.06096435, 0.06682978, 0.05405002, 0.05472000, 0.060964,buy
2011-04-06,0,0,1.46,0.45,3.2,0.86,0.77,0.1,3.77,3.11,0,0.1,1.91,0.13,0.86, 0.06733587, 0.02828529, 0.03674436, 0.02714507, 0.020298,buy
2011-04-07,0,0,2.97,0.17,3.21,1.87,0.55,0.2,4.53,2.65,0,0.2,3.14,0.28,0.73, 0.02320149, 0.05033539, 0.02320149, 0.04628077, 0.010098,buy
2011-04-08,0,0,1.87,0,2.25,4.12,0.39,0.4,5.25,1.99,0,0.4,1.87,0.92,0.76, 0.02687647,-0.02176679,-0.02654975,-0.03642696,-0.021767,sell
2011-04-09,0,0,0.6,0,2.4,5.33,0.28,0.8,5.35,2.48,0,0.8,0.6,3.11,1.04, 0.00045314,-0.00399748,-0.00397920,-0.00711262,-0.003185,buy
2011-04-10,0,0,0.19,0.02,3.57,5.8,0.2,1.61,4.65,4.3,0,1.61,0.21,2.45,1.76, 0.03998988, 0.02310629, 0.04133590, 0.04282132, 0.073737,buy
2011-04-11,0.03,0,0,0.07,2.98,6.06,0.14,2.97,3.3,5.19,0.03,2.97,0.07,0.71,3.11, 0.05674440, 0.03927819, 0.07263006, 0.05922509, 0.045295,buy
2011-04-12,0.07,0,0,0.12,1.47,4.17,0.1,2.74,1.58,4.16,0.07,2.74,0.12,0.39,2.8,-0.04822298,-0.05579469,-0.02646920,-0.03939880,-0.039399,sell
2011-04-13,0.17,0,0,0.24,0.81,2,0,1.36,0.71,1.89,0.17,1.36,0.24,0.36,1.29,-0.02328052,-0.03462210,-0.00414275,-0.03375410,-0.031904,sell
2011-04-14,0.44,0,0,0.43,0.63,0.91,0,0.74,0.3,0.8,0.5,0.68,0.43,0.44,0.61,-0.11659365,-0.11659365,-0.11623519,-0.10905286,-0.125865,sell
2011-04-15,1.11,0,0,0.8,0.54,0.46,0,0.54,0.16,0.27,1.31,0.34,0.8,0.54,0.3,-0.08574083,-0.06423933,-0.08552196,-0.07839567,-0.087524,sell
2011-04-16,2.77,0,0,1.46,0.66,0.23,0,0.78,0.09,0.13,3.38,0.17,1.46,0.66,0.14,-0.02762340,-0.04657595,-0.01138414, 0.02619893,-0.039169,sell
2011-04-17,3,0,0,2.68,0.81,0,0,1.98,0,0,4.89,0.09,2.68,0.81,0, 0.06867752, 0.00267268, 0.03147156, 0.02112797, 0.021916,buy
2011-04-18,1.24,0,0,4.24,0.99,0,0.02,3,0.02,0,4.24,0,4.24,0.99,0, 0.06738302, 0.01818016, 0.06538076, 0.06750282, 0.067503,buy
2011-04-19,0.5,0,0,3.92,1.22,0.02,0.04,1.5,0.06,0.02,2,0,3.92,1.22,0, 0.00429999, 0.00268914, 0.00849516, 0.03944019, 0.043911,buy
2011-04-20,0.2,0,0,2.94,1.55,0.04,0.1,0.51,0.19,0.02,0.69,0.02,2.94,1.5,0,-0.01585911,-0.01585911,-0.01585911, 0.05648993, 0.036539,sell
2011-04-21,0,0,0,2.53,1.99,0.08,0.22,0.18,0.44,0.04,0.16,0.02,2.53,1.85,0,-0.00345187,-0.01189867,-0.00345187, 0.00133144, 0.016173,buy
2011-04-22,0.04,0,0,2.29,2.67,0.15,0.55,0.07,1.06,0.06,0,0.09,2.29,2.28,0.05,-0.02957513,-0.03912160,-0.02957513, 0.00368544,-0.026747,sell
2011-04-23,0.08,0,0,2.15,3.93,0.28,1.26,0.14,2.57,0.1,0,0.18,2.15,2.82,0.12,-0.04763736,-0.04622629,-0.08870814,-0.02538659,-0.042518,sell
2011-04-24,0.2,0,0,1.89,6,0.53,2.87,0.31,6.25,0.16,0,0.43,1.89,3,0.23,-0.10818240,-0.09512438,-0.08710198,-0.08321412,-0.093002,sell
2011-04-25,0.48,0,0,1.64,5.32,1.02,3.23,0.82,6.73,0.26,0,1.17,1.64,2.58,0.39,-0.08939472,-0.04268850,-0.03156537, 0.00615018,-0.047939,sell
2011-04-26,1.16,0.04,0,1.32,3.05,1.94,1.88,2.28,4.3,0.41,0.04,3.2,1.32,2.08,0.73,-0.04879382, 0.01165131,-0.03272526,-0.02963540,-0.007649,sell
2011-04-27,2.79,0.1,0.04,1.08,2.04,3.02,1.59,3.37,3.96,0.66,0.1,5.74,1.12,1.7,1.41,-0.05828754,-0.04441867,-0.05554675,-0.05899526,-0.059391,sell
2011-04-28,3.02,0.26,0.11,0.99,1.48,2.38,2.29,2.16,2.76,1.06,0.28,4.41,1.1,1.36,2.78, 0.00287618, 0.01097578, 0.00491797,-0.00115989, 0.008189,sell
2011-04-29,1.35,0.64,0.27,1.37,1.13,1.27,3.11,1.8,1.38,1.68,0.69,1.77,1.64,1.13,4.33, 0.00921309, 0.05216659, 0.01841164, 0.03894811, 0.072827,buy
2011-04-30,0.64,1.61,0.68,3.11,0.92,0.7,1.96,2.52,0.7,2.7,1.71,0.7,3.79,0.92,4.32,-0.03017269,-0.03819442,-0.03150423,-0.05640479,-0.028488,sell
2011-05-01,0.44,2.95,1.73,3.13,0.76,0.42,0.88,2.97,0.42,2.97,3.16,0.23,4.86,0.76,3.85, 0.03978940, 0.01125491, 0.05408466, 0.01208045, 0.040448,buy
2011-05-02,0.53,2.16,2.95,1.07,0.65,0.34,0.4,2.06,0.34,2.06,2.6,0.09,4.02,0.65,2.46, 0.01962464,-0.00841876, 0.01165854, 0.00739317, 0.007393,buy
2011-05-03,0.9,0.87,2.01,0.31,0.56,0.42,0.18,1.15,0.42,1.27,1.77,0,2.32,0.56,1.33, 0.03203069, 0.01362619, 0.02492922, 0.02092958, 0.032492,buy
2011-05-04,1.87,0.35,0.8,0.1,0.48,0.7,0,0.64,0.7,0.84,2.22,0,0.9,0.48,0.64, 0.00638094,-0.00669552, 0.00781202, 0.05258348, 0.037951,sell
2011-05-05,2.97,0.14,0.32,0,0.41,1.6,0,0.35,1.6,0.57,3.11,0,0.32,0.41,0.35,-0.00342922,-0.03034561,-0.01375052, 0.05785831, 0.015968,sell
2011-05-06,2.28,0,0.13,0,0.36,3.8,0,0.19,3.8,0.45,2.28,0,0.13,0.36,0.19, 0.05700826, 0.06393371, 0.04519610, 0.05207878, 0.044773,buy
2011-05-07,1.18,0,0,0,0.32,5.97,0,0.11,5.97,0.48,1.18,0,0,0.32,0.11, 0.04964256, 0.02488846, 0.02623534, 0.02310165, 0.026235,buy
2011-05-08,0.73,0.07,0,0,0.28,3.69,0,0,3.69,0.73,0.73,0.07,0,0.28,0, 0.03029804, 0.04933764, 0.02718570, 0.03705945, 0.027698,buy
2011-05-09,0.79,0.16,0,0,0.24,1.39,0,0,1.39,1.38,0.79,0.16,0,0.24,0, 0.05567566, 0.00636063, 0.04837743, 0.01947675, 0.008177,buy
2011-05-10,1.66,0.38,0,0,0.26,0.53,0.03,0,0.56,3.2,1.66,0.38,0,0.21,0,-0.01035630,-0.04978549,-0.04785733,-0.05910421,-0.043308,sell
2011-05-11,4.66,0.94,0.06,0,0.18,0.19,0.05,0,0.24,6.06,4.72,0.92,0.02,0.09,0, 0.06510469, 0.07358697, 0.00394789, 0.07965674, 0.079657,buy
2011-05-12,5.89,2.26,0.14,0,0.17,0,0.09,0,0.09,4.93,6.03,2.2,0.06,0,0,-0.03978337, 0.02641157,-0.00283130, 0.00838609, 0.014297,buy
2011-05-13,2.49,3.1,0.34,0,0.33,0,0.18,0,0.18,2.31,2.8,2.98,0.15,0,0,-0.02514808, 0.01292849,-0.01415061,-0.01812017,-0.050731,sell
2011-05-14,0.84,2.03,0.86,0,0.65,0,0.34,0,0.34,1.47,1.64,1.71,0.38,0,0,-0.10048567,-0.04570300,-0.08460159,-0.05684107,-0.064644,sell
2011-05-15,0.35,1.61,2.12,0,1.25,0,0.71,0,0.71,1.58,2.36,0.8,0.92,0,0, 0.00946211, 0.04476381, 0.03838461, 0.04158173, 0.050694,buy
2011-05-16,0.24,2.55,2.97,0,2.4,0,1.43,0,1.43,2.4,2.97,0.53,2.26,0,0,-0.07360895,-0.06902127,-0.07568916,-0.07914601,-0.073609,sell
2011-05-17,0.55,3.12,1.67,0,2.97,0,2.97,0,2.97,2.97,1.7,0.67,2.97,0,0,-0.09877624,-0.08590618,-0.09738225,-0.09787426,-0.097874,sell
2011-05-18,1.23,1.65,0.69,0,1.87,0,4.83,0,4.83,1.87,0.75,1.23,1.59,0,0,-0.03995267,-0.03929427,-0.04364984,-0.01678533,-0.039790,sell
2011-05-19,2.97,0.87,0.33,0,0.98,0,6.99,0,6.99,0.98,0.5,2.97,0.7,0,0,-0.00243579,-0.00973091,-0.00927497,-0.00242278,-0.049658,sell
2011-05-20,7.19,0.9,0.38,0,0.5,0,6.06,0,6.06,0.5,0.75,7.19,0.53,0,0,-0.06418553,-0.05547113,-0.06012201,-0.06054197,-0.054983,sell
2011-05-21,8.18,2.1,0.81,0,0.26,0,2.47,0.04,2.51,0.26,1.99,8.18,0.92,0,0,-0.03683246,-0.04044852,-0.04052578,-0.03084044,-0.040449,sell
2011-05-22,4.23,5.1,2.75,0,0.13,0,0.9,0.1,1,0.13,5.1,4.23,2.75,0,0, 0.03127685, 0.03127685, 0.04004565, 0.04282676, 0.025490,buy
2011-05-23,1.57,7.1,5.11,0,0,0,0.31,0.28,0.54,0,7.1,1.62,5.06,0,0.05,-0.00294069, 0.01805609, 0.01805609,-0.00309169, 0.044054,buy
2011-05-24,0.58,6.19,5.95,0,0,0,0,0.7,0.53,0,6.19,0.7,5.83,0,0.17, 0.04347979, 0.05415374, 0.02489506, 0.03754064, 0.055333,buy
2011-05-25,0.17,2.82,5.85,0,0,0,0,1.92,1.23,0,2.82,0.47,5.55,0,0.69, 0.04506580, 0.04393539,-0.00031086, 0.04362429, 0.035356,buy
2011-05-26,0.12,1.19,3.86,0,0,0,0,5.59,2.87,0,1.19,0.8,3.18,0,2.72,-0.00762823, 0.02670170, 0.00790402,-0.02637894, 0.013600,buy
2011-05-27,0.06,0.73,3.16,0,0,0,0,6.19,2.97,0,0.55,1.88,1.52,0,3.22,-0.04300252, 0.00589430, 0.00589430,-0.01761398,-0.023935,sell
2011-05-28,0.15,1.16,3.67,0,0,0,0,2.8,1.31,0,0.32,3.91,0.75,0,1.49,-0.00203607,-0.01957438, 0.00406525,-0.01699839,-0.000526,sell
2011-05-29,0.36,3.28,2.98,0,0,0,0,2.48,0.56,0,0.64,5.13,0.85,0,1.92, 0.00573660, 0.01341949,-0.00964007,-0.01357284, 0.005737,sell
2011-05-30,0.86,2.81,4.04,0,0.05,0.04,0,3.36,0.24,0.09,3,2.69,2.02,0,3.12,-0.01711516,-0.01940366, 0.02611869, 0.01770555,-0.017798,buy
2011-05-31,2.06,3.64,3.14,0,0.21,0.08,0,2.44,0.1,0.29,2.77,1.04,5.03,0,2.34, 0.00787761, 0.00810774,-0.02002978,-0.03248409,-0.031854,sell
2011-06-01,2.97,2.6,0.76,0,1.02,0.15,0,1.27,0,1.17,0.61,1.24,4.48,0,1.27, 0.00508244,-0.01983127, 0.01799142,-0.03502786, 0.013804,buy
2011-06-02,1.76,3.38,0.39,0,2.95,0.3,0,1.13,0.03,3.25,0.39,3.01,2.13,0,1.1,-0.00840053, 0.01493383,-0.04893349,-0.04489109,-0.012865,sell
2011-06-03,0.75,3.05,1.21,0,1.67,0.58,0,1.63,0.17,2.25,1.21,2.69,1.09,0,1.48,-0.03137544, 0.01386414,-0.05653649,-0.07049917,-0.052596,sell
2011-06-04,0.36,2.1,3.31,0,0.35,1.13,0,3.4,1.08,1.48,2.97,1.36,1.39,0,2.37,-0.02093550,-0.00992261, 0.05031473,-0.01004347, 0.016216,sell
2011-06-05,0.31,3.51,4.57,0,0.05,2.22,0,5.92,2.95,2.27,2.33,2.8,3.16,0,3.07,-0.06325625,-0.07096706,-0.07275056,-0.07676121,-0.076761,sell
2011-06-06,0.75,3.31,3.76,0,0.11,3,0,3.42,1.2,3.11,0.81,3.57,3.22,0,2.44,-0.04694538,-0.04801425,-0.03674194,-0.04801425,-0.048014,sell
2011-06-07,3.39,1.96,0.93,0,0.27,2.04,0,1.47,0.18,2.31,0.38,1.57,3.86,0,1.76,-0.04882679,-0.05372163,-0.06314782,-0.01645496,-0.049378,sell
2011-06-08,3.29,2.38,0.28,0,0.68,1.23,0,0.73,0,1.91,0.28,2.01,2.67,0.04,1.72,-0.00366136,-0.00005818,-0.03837848,-0.01747923,-0.005687,sell
2011-06-09,2.57,3.2,0.56,0.03,1.68,1.68,0,0.45,0.03,3.36,0.59,2.97,0.56,0.1,2.66,-0.00618161, 0.00160613,-0.10005968,-0.00618161,-0.012465,buy
2011-06-10,3.46,2.49,1.17,0.08,2.97,3.24,0,0.34,0.1,6.21,1.21,2.28,0.25,0.31,3.7,-0.02255992,-0.03739749,-0.02747805,-0.02565997,-0.026451,sell
2011-06-11,4.85,1.64,2.37,0.26,2.06,1.36,0,0.42,0.29,3.42,2.52,1.26,0.49,0.96,4.98, 0.01840962,-0.01865215,-0.02540893,-0.02949601,-0.010415,sell
2011-06-12,3.41,1.52,3.32,0.96,0.84,0.21,0,0.87,0.87,1.05,3.96,0.91,0.93,2.89,3.41, 0.02156205,-0.03024140, 0.02255363, 0.00932576, 0.025377,buy
2011-06-13,0.77,2.07,2.94,4.14,0.33,0,0,2.6,2.6,0.33,6.1,1.28,1.77,2.97,0.77, 0.05095402, 0.07533935, 0.05359574, 0.09381484, 0.094333,buy
2011-06-14,0.27,3.16,3.95,5.31,0.13,0,0,2.97,2.97,0.13,6.29,3.13,3.09,0.98,0.18,-0.00233417,-0.02761233,-0.04401321,-0.00658169, 0.068866,sell
2011-06-15,0.27,2.62,3.38,3.27,0,0,0.08,1.12,1.12,0.08,3.76,2.89,2.89,0.33,0,-0.06884059,-0.05987359,-0.01180078,-0.04097916,-0.031027,sell
2011-06-16,0.82,1.44,1.19,1.21,0.02,0,0.47,0.37,0.4,0.49,1.45,0.95,2.16,0.11,0.07,-0.04842478,-0.01971817,-0.02824343,-0.01971817, 0.043210,sell
2011-06-17,2.58,1.18,0.43,0.58,0.04,0,2.67,0.12,0.34,2.71,0.61,0.4,3.09,0,0.45,-0.00679055,-0.02631365,-0.02351692,-0.00119313,-0.022805,sell
2011-06-18,4.41,3.34,0.1,0.8,0.06,0,2.94,0,1.46,3,0.2,0.7,3.34,0,2.95,-0.04024534,-0.05305713,-0.05452374,-0.06235114,-0.034131,sell
2011-06-19,4.24,3.02,0,2.92,0.1,0.02,0.6,0.11,3,0.72,0,2.92,1.55,0,2.82,-0.04602316,-0.00660458,-0.05030374,-0.00885424,-0.066918,sell
2011-06-20,1.27,0.56,0,2.06,0.16,0.06,0.19,0.7,0.87,0.41,0,2.06,1.21,0,0.45,-0.06382232,-0.02691174,-0.03275876,-0.05324256,-0.033826,sell
2011-06-21,0.35,0.06,0.02,0.32,0.26,0.16,0.18,2.99,0.2,0.6,0,0.34,3.09,0,0.11,-0.04657306,-0.03322087,-0.01883834,-0.00825785,-0.046573,sell
2011-06-22,0.22,0.13,0.03,0,0.41,0.4,0.37,2.09,0.15,1.18,0,0.03,2.01,0,0.28,-0.05468918,-0.04993171,-0.04713427,-0.02321292,-0.054689,sell
2011-06-23,0.62,0.32,0.11,0.07,0.66,1.02,0.73,0.48,0.32,2.41,0,0.14,0.33,0,0.81,-0.08019241,-0.09823606,-0.08019241,-0.06289999,-0.096657,sell
2011-06-24,1.74,0.89,0.38,0.23,1.07,2.58,1.46,0.29,0.82,5.11,0.06,0.3,0,0,2.35, 0.05108151, 0.04743261, 0.03271435, 0.05108151, 0.051082,buy
2011-06-25,3.91,2.57,1.67,0.61,1.73,3,2.92,0.56,2.23,7.65,0.2,0.65,0,0,6.24, 0.01999152,-0.06646673,-0.00201933, 0.03544992, 0.014554,buy
2011-06-26,4.32,5.97,3.78,1.62,2.77,1.32,3,1.06,6.3,7.09,1.01,1.47,0,0,7.97,-0.01403520,-0.05685480,-0.02101521,-0.00834855,-0.032866,sell
2011-06-27,3.7,4.06,4.09,4.32,2.97,0.52,1.48,2.08,7.15,4.97,4.06,3.29,0.07,0,3.68, 0.00817877,-0.01450124,-0.01420278, 0.01765727, 0.057308,buy
2011-06-28,1.89,1.19,4.95,5.94,1.96,0.2,0.74,3.08,5.01,2.9,5.97,4.73,0.14,0,1.2,-0.01592183,-0.05072407,-0.06053728,-0.05201873,-0.042810,sell
2011-06-29,0.74,0.32,3.72,2.93,1.21,0,0.37,2.5,2.94,1.58,2.17,4.48,0.3,0,0.32, 0.00673011, 0.03123912, 0.03863476, 0.03319615, 0.028570,buy
2011-06-30,0.4,0.13,2.75,1.1,0.75,0,0.18,1.73,1.47,0.93,0.61,3.24,0.66,0,0.13,-0.00480046,-0.04416013, 0.01540872,-0.00305432,-0.004800,sell
2011-07-01,0.32,0,1.38,0.42,0.47,0,0.09,1.88,0.76,0.56,0.15,1.63,1.46,0,0, 0.02207662,-0.01420816, 0.00850820, 0.04481844,-0.002938,buy
2011-07-02,0.36,0,0.79,0.11,0.29,0,0,3.27,0.4,0.37,0,0.82,3.23,0,0,-0.05317886,-0.04338755,-0.03897348,-0.02750219,-0.053179,sell
2011-07-03,0.68,0.1,0.91,0,0.18,0,0,3.45,0.56,0.49,0.04,0.54,3.63,0,0.06,-0.07835971,-0.07835971,-0.06439295,-0.04625624,-0.078360,sell
2011-07-04,1.27,0.4,2.5,0.03,0.11,0,0.05,2.53,1.74,1.27,0.19,0.95,2.53,0,0.21,-0.03698666,-0.01347286,-0.06712546,-0.04053142,-0.022473,sell
2011-07-05,2.37,1.51,6.07,0.1,0,0,0.17,3.59,3.18,3.13,0.82,3.17,2.79,0,0.72, 0.05234581, 0.05898571, 0.04564102, 0.05234581, 0.054815,buy
2011-07-06,3.62,5.23,4.25,0.3,0,0,0.48,2.48,1.96,2.55,2.97,3.17,3.38,0,2.33,-0.04444068,-0.04444068,-0.03796113,-0.07144775,-0.039589,sell
2011-07-07,4.27,5.55,1.24,0.92,0,0,1.4,0.78,2.39,1.53,2.58,1.64,2.91,0,3.11, 0.01962541, 0.02792821,-0.00366424,-0.00446718, 0.040442,buy
2011-07-08,4.21,1.9,0.78,2.79,0,0,4.13,0.2,3.16,2.46,0.65,2.98,3.11,0,1.65, 0.03905693,-0.03236881, 0.00599628,-0.03867844,-0.047726,sell
2011-07-09,2.15,0.8,1.37,2.95,0.02,0,5.95,0.09,1.71,3,0.21,2.95,3.74,0.02,1.7, 0.05100444, 0.01970274, 0.03222128, 0.01393538, 0.014053,buy
2011-07-10,0.92,0.79,3.1,1.01,0.03,0,2.82,0.25,1.15,1.46,0.1,1.01,2,0.03,3.17, 0.06441559, 0.09436916, 0.09012661, 0.08055974, 0.095553,buy
2011-07-11,0.53,1.65,2.68,0.47,0.04,0,0.97,0.72,1.8,0.56,0.24,0.33,1.35,0.04,2.74, 0.03589965, 0.02459083, 0.03456715, 0.02459083, 0.023153,buy
2011-07-12,0.45,2.97,1.5,0.62,0.06,0,0.34,2.04,2.97,0.21,0.59,0.11,2.29,0.06,1.75, 0.03059857, 0.03059857, 0.03614602, 0.03059857,-0.001396,buy
2011-07-13,0.72,2.31,1.77,1.85,0.08,0,0,2.95,2.2,0,1.44,0.11,2.95,0.08,2.9, 0.00573622, 0.00974219,-0.00586832,-0.03747214,-0.035671,sell
2011-07-14,1.67,1.25,3.15,2.95,0.1,0.03,0,1.47,0.91,0.03,3.12,0.34,1.47,0.1,4.65,-0.06473174,-0.07665329,-0.00359060,-0.06432217,-0.011798,sell
2011-07-15,3.32,1.36,2.7,1.42,0.12,0.05,0,0.51,0.38,0.05,2.88,0.98,0.51,0.12,4.56, 0.00157286, 0.01161062, 0.00621769,-0.01691574, 0.012605,sell
2011-07-16,3.57,2.97,1.8,0.52,0.14,0.07,0,0.18,0.23,0.07,2.1,2.74,0.18,0.14,3.79, 0.02750418, 0.03041965, 0.03507761, 0.04167090, 0.033217,buy
2011-07-17,3.9,3.23,3.32,0.34,0.16,0.16,0,0,0.23,0.12,3.38,3,0.04,0.16,4.18, 0.04462570, 0.04462570, 0.04534786, 0.04190092, 0.031860,buy
2011-07-18,3.49,1.89,3.29,0.41,0.17,0.31,0,0,0.71,0.2,3.65,1.18,0.11,0.17,3.54, 0.00990690, 0.03000489, 0.01639614, 0.03925227,-0.001866,buy
2011-07-19,1.45,2.62,1.2,0.78,0.17,0.57,0,0,2.16,0.33,2.35,0.46,0.24,0.17,1.08, 0.05556016, 0.05985079, 0.01999249, 0.05274405, 0.030062,buy
2011-07-20,0.59,3.19,1.36,1.51,0.17,1.09,0,0,3,0.56,3.12,0.19,0.53,0.17,0.34, 0.06261153, 0.06254706,-0.00011219, 0.07133933, 0.055829,buy
2011-07-21,0.2,1.29,2.97,2.92,0.17,2.04,0,0,1.31,0.92,6.07,0,1.12,0.17,0,-0.05289798,-0.04152251,-0.03090777,-0.05302187,-0.055110,sell
2011-07-22,0.09,0.41,2.46,3,0.16,3.74,0,0,0.45,1.52,5.51,0,2.22,0.16,0,-0.08707150,-0.06250846,-0.03530075,-0.06436866,-0.064019,sell
2011-07-23,0,0.13,0.91,1.56,0.14,5.5,0,0,0.23,2.53,2.33,0.04,2.97,0.14,0, 0.05850981, 0.05850981, 0.05749810, 0.02454005, 0.058510,buy
2011-07-24,0,0.04,0.59,0.81,0.12,5.09,0,0,0.24,2.97,1.1,0.1,2.12,0.12,0, 0.07878556, 0.07905140, 0.06590243, 0.04375724, 0.078786,buy
2011-07-25,0,0.13,0.82,0.42,0.1,3.29,0,0,0.59,2.1,0.53,0.23,1.19,0.1,0.02,-0.00858311, 0.01353381,-0.00942771,-0.00162975,-0.009428,sell
2011-07-26,0,0.29,1.98,0.25,0,1.97,0,0.04,1.46,1.3,0.48,0.55,0.71,0.02,0.03, 0.02074408, 0.01150762, 0.02085794,-0.00110397, 0.032722,buy
2011-07-27,0,0.72,4.35,0.15,0,1.19,0,0.08,3.07,0.83,0.75,1.32,0.44,0.02,0.08,-0.06559800, 0.00834735, 0.00311638, 0.02910568, 0.015124,buy
2011-07-28,0.02,1.77,5.53,0.07,0,0.76,0,0.18,2.65,0.64,1.59,2.97,0.3,0.03,0.18,-0.02819693,-0.02429856,-0.01740646,-0.01927323,-0.016950,sell
2011-07-29,0.04,3.42,4.12,0.1,0,0.48,0,0.39,1.4,0.66,3.02,2.86,0.21,0.04,0.4, 0.02161626, 0.05204288, 0.04476583, 0.04629771, 0.031938,buy
2011-07-30,0.05,3.31,2.73,0.13,0,0.32,0.04,0.84,1.4,1,2.4,1.51,0.2,0.05,0.91, 0.06738200, 0.05214274, 0.03297107, 0.05569260, 0.053238,buy
2011-07-31,0.06,3.48,4.3,0.17,0,0.23,0.09,1.86,3.04,1.96,1.42,1.49,0.22,0.07,2.06,-0.00972484, 0.02792747, 0.02789391, 0.02856684, 0.015242,buy
2011-08-01,0.1,4.96,6.04,0.27,0,0.12,0.19,3.08,3.18,3.08,1.99,3.16,0.31,0.08,3.04,-0.01344730,-0.00355073,-0.00311783, 0.00616720,-0.010841,sell
2011-08-02,0.13,4.97,4,0.45,0,0.11,0.43,2.54,1.31,2.54,3.12,3.06,0.54,0.11,2.06,-0.02263903,-0.00904257, 0.00077846,-0.00524305,-0.009043,sell
2011-08-03,0.18,2.52,1.31,0.9,0,0.12,0.97,1.87,0.66,1.87,1.7,1.09,1.09,0.14,1.46, 0.02263729, 0.00868557,-0.01059687,-0.01451913, 0.009247,buy
2011-08-04,0.2,0.89,0.42,2.18,0,0.14,2.15,2.83,0.52,2.83,0.53,0.39,2.29,0.18,2.25, 0.01722288, 0.00369802, 0.01255083,-0.00777721,-0.007777,buy
2011-08-05,0.39,0.33,0.1,3.67,0,0.18,3.3,3.17,0.6,3.17,0.17,0.22,3.48,0.22,3.5,-0.03409582,-0.03241163,-0.05182824,-0.03241163,-0.036426,sell
2011-08-06,0.73,0,0,3.52,0,0.26,2.89,1.41,0.91,1.41,0,0.22,3.15,0.29,3.12, 0.07245082, 0.07004443, 0.05291351, 0.07557462, 0.068669,buy
2011-08-07,1.38,0.03,0,4.11,0,0.39,3.49,0.46,1.52,0.46,0,0.44,3.88,0.37,3.56, 0.05329641, 0.04977604, 0.01657224, 0.04879421, 0.082873,buy
2011-08-08,2.63,0.07,0,2.61,0,0.62,3.36,0.17,2.69,0.17,0.05,0.83,3.98,0.47,1.74, 0.07373298, 0.05726426, 0.04506699, 0.07582609, 0.095306,buy
2011-08-09,3.07,0.2,0,1.82,0,1.1,1.42,0,2.95,0.03,0.12,1.61,2.49,0.6,0.41, 0.06335350, 0.05557199, 0.06019558,-0.00516328, 0.040794,buy
2011-08-10,2.18,0.5,0,2.67,0,2.04,0.57,0,1.8,0.05,0.38,3.06,2.56,0.77,0.11,-0.01041861, 0.00577524,-0.00542789, 0.00600945,-0.015294,buy
2011-08-11,1.93,1.29,0.02,2.97,0,2.97,0.23,0,0.95,0.08,0.98,4.26,3.12,0.98,0.02,-0.01875562,-0.00089335,-0.00089335,-0.00089335, 0.001667,sell
2011-08-12,3.08,3.29,0.05,1.87,0,2.16,0.13,0,0.5,0.13,2.58,5.16,2.16,1.25,0.05, 0.01938736, 0.06117028, 0.05838963, 0.06887449, 0.049697,buy
2011-08-13,5.64,5.92,0.12,1.02,0,1.03,0.23,0,0.27,0.23,5.37,6.94,1.03,1.61,0.12,-0.00484953,-0.00819027, 0.01116726, 0.01376399,-0.001739,buy
2011-08-14,5.01,4.52,0.27,0.56,0,0.47,0.39,0,0.14,0.39,4.87,5.08,0.47,2.15,0.27, 0.01116507, 0.01406704, 0.01247061,-0.00870617,-0.001137,buy
2011-08-15,1.97,1.66,0.58,0.31,0,0.21,0.67,0.03,0,0.67,1.97,1.97,0.24,3.14,0.58,-0.08451888,-0.09816409,-0.08377493,-0.10577762,-0.103003,sell
2011-08-16,0.8,0.69,1.27,0.17,0,0.17,1.16,0.05,0,1.16,0.8,0.86,0.22,5.6,1.27,-0.02694319,-0.03124048,-0.03429159,-0.02857181,-0.029031,sell
2011-08-17,0.47,0.44,2.77,0.09,0,0.19,1.99,0.07,0,1.99,0.47,0.53,0.26,5.62,2.77, 0.00137742, 0.01786905,-0.00395352, 0.01959648, 0.013047,buy
2011-08-18,0.45,0.43,2.97,0,0,0.48,3,0.12,0,3,0.45,0.43,0.6,2.73,2.97, 0.05047530, 0.08559083, 0.09681031, 0.05261862, 0.068874,buy
2011-08-19,0.84,0.84,1.46,0.02,0,1.23,2.56,0.2,0.02,2.56,0.84,0.84,1.43,1.76,1.46,-0.03433966, 0.01209628, 0.04276954, 0.03057741, 0.044677,buy
2011-08-20,1.48,1.55,0.67,0.05,0,3.15,1.47,0.33,0.05,1.47,1.48,1.55,3.48,1.27,0.67, 0.08624895, 0.09313858, 0.08539219, 0.09216458, 0.067607,buy
2011-08-21,2.47,2.62,0.31,0.22,0,4.68,0.85,0.55,0.22,0.85,2.44,2.65,5.23,0.99,0.31, 0.04451097, 0.04529349, 0.03821135, 0.05155385, 0.062898,buy
2011-08-22,3.12,3,0.15,0.65,0,4.29,0.51,0.89,0.68,0.49,3,3.09,5.2,0.78,0.15, 0.03599875, 0.03570039, 0.03277511, 0.03244587, 0.050891,buy
2011-08-23,2.75,2.19,0,1.97,0,2.81,0.32,1.44,2.02,0.28,2.38,2.51,4.29,0.61,0, 0.03235704, 0.03114409, 0.02836622, 0.02227255, 0.028389,buy
2011-08-24,2.83,1.57,0.07,3.64,0,1.25,0.22,2.36,3.73,0.16,1.75,2.58,3.67,0.48,0.05, 0.01973698, 0.01993677, 0.00334177, 0.00334177, 0.003342,sell
2011-08-25,4.66,1.31,0.24,3.28,0,0.5,0.16,3,3.45,0.12,1.41,4.4,3.57,0.37,0.2, 0.01392790, 0.01785242, 0.01597476, 0.01531357, 0.002377,buy
2011-08-26,4.89,1.29,0.74,3.48,0,0.23,0.08,2.3,3.79,0.08,1.29,4.57,2.61,0.29,0.67, 0.00602378, 0.05448807, 0.01767799, 0.05551040, 0.010127,buy
2011-08-27,4.22,1.59,2.42,2.28,0,0.11,0.08,1.41,2.86,0.23,1.5,3.63,1.6,0.23,2.29, 0.01210108, 0.03891946, 0.02383906, 0.03776147, 0.004297,buy
2011-08-28,5.74,2.31,3.55,0.85,0,0,0.08,0.88,1.93,0.73,1.97,4.51,0.96,0.18,3.31, 0.00317190, 0.00567021, 0.01714658, 0.04087083, 0.006660,buy
2011-08-29,6.9,3.67,2.54,0.35,0.03,0,0,0.54,2.34,2.16,2.88,3.98,0.57,0.14,2.1,-0.05064088,-0.04604923,-0.01617805,-0.02597230,-0.037297,sell
2011-08-30,7.08,5.6,3.75,0.14,0.09,0,0,0.33,3.14,3.16,3.82,3.52,0.42,0.11,2.93,-0.03415493,-0.02862521,-0.03191434,-0.02611706,-0.024231,sell
2011-08-31,4.4,5.38,4.57,0,0.26,0,0,0.21,2.38,1.78,3.76,3.38,0.47,0.09,3.05,-0.00120276,-0.00120276, 0.00903989, 0.00485753, 0.030281,buy
2011-09-01,2.89,3.23,4.07,0,0.71,0,0,0.15,1.29,1.5,4.07,2.1,0.84,0,1.25, 0.00077427, 0.00717873, 0.01832903, 0.03019942, 0.002252,buy
2011-09-02,3.26,1.68,3.44,0,2,0,0,0.06,0.7,2.66,3.63,0.98,2,0,0.47, 0.01769714, 0.01073237, 0.01518843, 0.01897028, 0.026470,buy
2011-09-03,3.26,0.83,1.86,0,3.03,0,0,0.19,0.38,3,2.13,0.45,3.03,0,0.18, 0.00687948,-0.01332993,-0.00454219, 0.00477318, 0.014977,buy
2011-09-04,1.54,0.45,0.92,0,1.72,0,0,0.59,0.21,1.44,1.61,0.18,1.72,0,0.06, 0.05810800, 0.03696749, 0.04394259, 0.05050221, 0.079695,buy
2011-09-05,0.6,0.31,0.5,0,0.86,0.02,0,1.85,0.11,0.6,2.35,0,0.88,0,0.2, 0.03938898, 0.03241103, 0.08892753, 0.04319648, 0.039389,buy
2011-09-06,0.25,0.67,0.27,0.02,0.8,0.07,0,2.97,0.02,0.27,3.24,0,0.87,0,0.65, 0.06717381, 0.06717381, 0.09648154, 0.02606068, 0.033901,buy
2011-09-07,0.1,2.18,0.15,0.06,1.27,0.23,0,1.54,0.06,0.18,1.69,0,1.5,0,2.1,-0.00592585,-0.00999133, 0.00171555,-0.02368296,-0.002574,sell
2011-09-08,0.03,3.21,0,0.24,2.74,0.79,0,0.65,0.24,0.24,0.65,0.03,3.53,0,2.97, 0.01888602, 0.04002165,-0.03023855, 0.01450799,-0.018404,buy
2011-09-09,0.1,2.07,0,1.02,2.97,2.89,0,0.63,1.02,0.74,0.63,0.1,5.86,0,1.33,-0.04620840,-0.06911357,-0.07785237,-0.06642031,-0.063462,sell
2011-09-10,0.44,2.86,0.12,2.92,1.47,2.95,0,1.21,2.92,2.32,1.21,0.44,4.42,0,0.66, 0.01498785, 0.01219680,-0.04495233, 0.00149335,-0.044952,buy
2011-09-11,1.99,3.42,0.58,1.85,0.68,0.75,0,3,1.85,2.95,3,1.99,1.43,0,1.05,-0.01955265,-0.01927546, 0.00926043, 0.06662079, 0.006592,sell
2011-09-12,3.01,2.07,2.86,0.4,0.32,0.19,0,2.89,0.44,1.3,2.89,2.92,0.51,0,3.68,-0.01656298,-0.01357357, 0.06230546,-0.01210181,-0.024324,sell
2011-09-13,1.38,2.57,3.12,0,0.15,0,0,1.16,0.15,0.93,1.16,0.9,0.15,0,5.09, 0.03434417, 0.03425307, 0.02403165, 0.02403165, 0.037568,buy
2011-09-14,2.68,3.25,1.04,0,0,0,0,0.49,0.44,2.79,0.46,0.22,0,0,3.55, 0.03348441, 0.01494590, 0.02844842,-0.00999666, 0.041462,buy
2011-09-15,2.98,2.12,1.43,0,0,0,0,0.29,1.31,3.39,0.19,0.1,0,0,1.83,-0.00380922,-0.01681864,-0.00665452,-0.00224781, 0.054125,buy
2011-09-16,0.73,1.86,3.11,0,0.13,0,0,0.33,3.11,1.75,0.07,0.3,0.13,0,0.8, 0.00451760, 0.02570568, 0.01951156, 0.02443788, 0.025890,buy
2011-09-17,0.42,3.15,2.52,0,0.61,0,0,1.06,2.5,2.91,0.23,0.92,0.61,0,0.59, 0.08633843, 0.09227538, 0.05556959, 0.06322044, 0.099233,buy
2011-09-18,0.89,3.3,1.3,0,2.87,0,0,3.62,1.22,3.01,1.03,2.76,2.87,0,1.09, 0.04611857, 0.04333077, 0.01947229,-0.00915655, 0.002038,buy
2011-09-19,2.67,1.91,1.31,0.02,2.92,0,0,5.92,1.13,1.35,3.18,3.03,2.92,0,3.14, 0.00696614, 0.01063204, 0.01158832,-0.02502433,-0.007431,buy
2011-09-20,2.95,3.32,2.18,0.03,0.61,0,0,2.72,1.69,0.97,2.08,1.16,0.61,0,5.3,-0.01854023,-0.01876438,-0.02482439,-0.04123486, 0.007346,sell
2011-09-21,1.08,4.5,4.46,0.06,0.13,0,0,0.64,3.06,2.03,1.04,0.52,0.13,0,4.09,-0.01409149, 0.00355166,-0.00263721, 0.00912636, 0.007887,buy
2011-09-22,0.37,5,6.67,0.1,0,0,0,0.14,3.41,5.92,1.33,0.45,0,0.04,1.17, 0.00644162, 0.02112417,-0.00233989, 0.02112417, 0.017115,buy
2011-09-23,0.15,4.94,5.54,0.16,0,0,0,0.06,2.82,4.58,2.4,0.6,0,0.08,0.45,-0.06775040, 0.01739191, 0.01727915, 0.01739191, 0.017279,buy
2011-09-24,0.04,3.49,5.38,0.26,0,0,0,0.17,3.86,1.11,3,1.07,0.02,0.17,0.3,-0.03411540,-0.01309276,-0.02223142,-0.02436795,-0.030489,sell
2011-09-25,0.1,2.22,6.09,0.42,0,0,0.05,0.43,4.51,0.23,2.09,1.96,0.05,0.36,0.52, 0.01381363, 0.03142140, 0.01389853, 0.01626128, 0.008046,buy
2011-09-26,0.22,1.71,7.22,0.68,0,0,0.15,1.12,5.12,0.08,1.29,3.71,0.14,0.75,0.9,-0.02969049,-0.03011088,-0.02704469,-0.02265163,-0.031228,sell
2011-09-27,0.75,2.42,5.75,1.09,0,0,0.49,3.24,4.49,0.2,1.12,6.09,0.39,1.58,1.84,-0.02553689,-0.03939613,-0.01959684,-0.01957840,-0.031900,sell
2011-09-28,2.29,3.35,2.93,1.73,0,0,1.54,6.09,3.7,0.51,1.89,7.81,1.07,2.97,4.02,-0.00385685,-0.01342598,-0.01284811, 0.00032134,-0.032535,sell
2011-09-29,5.34,1.74,2.38,2.72,0,0,2.97,3.78,1.62,1.55,3.17,4.53,2.89,2.67,8.06, 0.02804597,-0.05428695, 0.00626202, 0.02529623,-0.055412,buy
2011-09-30,4.53,0.6,4.57,3,0,0,1.74,1.82,0.49,4.63,1.85,1.76,2.97,1.31,7.53,-0.02535387, 0.00009366, 0.00980784,-0.01508105, 0.009821,sell
2011-10-01,1.96,0.18,4.9,2.06,0,0,0.55,1.69,0.18,5.88,0.55,0.71,1.1,0.66,4.02,-0.07731645,-0.05073673,-0.05565050,-0.09131788,-0.055651,sell
2011-10-02,0.73,0.1,3.63,1.33,0,0,0.17,2.69,0.1,5.95,0.17,0.37,0.4,0.33,2.06, 0.00505660, 0.03217078, 0.01216219, 0.00505660, 0.032171,buy
2011-10-03,0.34,0.5,1.48,0.87,0,0,0.15,2.97,0.5,4.31,0.15,0.14,0.2,0.17,1.21, 0.08000008, 0.08036875, 0.08000008, 0.07527956, 0.079833,buy
2011-10-04,0.16,2.4,0.58,0.57,0,0,0.71,1.85,2.4,2.35,0.71,0.08,0.19,0.09,0.73, 0.07405349, 0.07981559, 0.02992135, 0.05727785, 0.085683,buy
2011-10-05,0.03,3.04,0.19,0.38,0,0,3,1,3.07,1.19,3,0,0.79,0,0.38, 0.01017824, 0.01064391, 0.02996164, 0.01554701, 0.031824,buy
2011-10-06,0.08,1,0,0.25,0,0.02,2.58,0.54,1.08,0.54,2.6,0,3,0,0.25, 0.01589513, 0.01808152,-0.02970489,-0.01732895,-0.060440,sell
2011-10-07,0.25,0.74,0,0.17,0,0.08,0.71,0.29,0.99,0.29,0.79,0,2.7,0,0.17,-0.01403746, 0.03806235, 0.04992264, 0.04813599, 0.098046,buy
2011-10-08,0.79,1.41,0,0.11,0,0.25,0.59,0.15,2.18,0.15,0.84,0.02,0.75,0,0.11, 0.08602274, 0.05940812, 0.05034368, 0.05940812, 0.092416,buy
2011-10-09,2.44,2.97,0,0,0,0.79,1.22,0,5.37,0,1.98,0.07,0.31,0,0, 0.01866599, 0.02778384, 0.02637182, 0.04051160, 0.009328,buy
2011-10-10,3.05,2.51,0,0,0,2.53,3.14,0,5.49,0,5.52,0.22,0.31,0,0,-0.00138820,-0.00206548, 0.02378795, 0.00219286, 0.006031,buy
2011-10-11,1.41,1.01,0,0.07,0,2.97,3.65,0.04,2.31,0.07,6.05,0.68,0.68,0,0.04, 0.01598487, 0.01284112, 0.01267119, 0.00389971, 0.014686,buy
2011-10-12,1.15,0.41,0,0.25,0,1.27,3.19,0.1,1.36,0.25,2.65,2.01,1.47,0,0.1,-0.00497987,-0.00597362,-0.00597362,-0.03421715,-0.032404,sell
2011-10-13,2.91,0.19,0,0.85,0,1.23,3.51,0.26,2.72,0.85,2.05,3.05,3.02,0,0.26, 0.05237595, 0.05146932, 0.00364680, 0.05227824, 0.032330,buy
2011-10-14,3.56,0.04,0,2.91,0,3.1,1.9,0.68,2.95,2.91,3.89,1.73,2.77,0,0.68, 0.04027305,-0.01751109,-0.02064562,-0.01751109, 0.032298,sell
2011-10-15,1.88,0.07,0,3.16,0,2.22,1.59,1.73,0.82,3.16,3.28,1.61,1.31,0,1.73, 0.02446023,-0.02805873, 0.02287953, 0.02924846,-0.024032,buy
2011-10-16,2.04,0.11,0,1.75,0,0.52,3.24,3.12,0.2,1.75,2.36,3.27,0.66,0,3.12,-0.05245911,-0.06455534,-0.03495991,-0.05991605,-0.012849,sell
2011-10-17,2.97,0.19,0,3.26,0,0.12,2.1,2.35,0,3.26,3.09,2.18,0.38,0,2.35, 0.02947924, 0.04239462, 0.04762331, 0.05587970, 0.049728,buy
2011-10-18,2.74,0.3,0,2.2,0.04,0,0.68,2.02,0,2.2,2.78,0.81,0.29,0,2.02,-0.03286927,-0.04079276,-0.03819894,-0.04067354,-0.042013,sell
2011-10-19,1.64,0.5,0,0.5,0.13,0.02,0.38,3.26,0.05,0.5,1.74,0.63,0.25,0,3.26, 0.03408687, 0.05788490, 0.04988999,-0.00444249, 0.049917,buy
2011-10-20,1.03,0.79,0,0.11,0.41,0.05,0.37,2.24,0.11,0.11,1.38,0.79,0.37,0,2.24, 0.03611367, 0.03023563, 0.04649482,-0.01171677, 0.037202,buy
2011-10-21,0.82,1.29,0,0,1.43,0.19,0.55,0.66,0.29,0,2.09,1.35,0.55,0,0.66, 0.00476629, 0.03352276, 0.04070463, 0.02277728, 0.033146,buy
2011-10-22,1.01,2.08,0,0,3.52,0.5,0.81,0.21,0.7,0,4.08,2.26,0.88,0,0.21, 0.02676671, 0.03591070, 0.04015509, 0.03048563, 0.010640,buy
2011-10-23,1.92,2.97,0,0,4.18,1.44,1.22,0,1.74,0,4.97,3.61,1.41,0,0,-0.01347281,-0.07218029,-0.03738684,-0.05992280,-0.105128,sell
2011-10-24,3.05,2.65,0,0.05,4.22,3.96,1.82,0,2.95,0.05,5.82,4.59,2.34,0,0,-0.02439330,-0.08022236,-0.06199092,-0.06857214,-0.078029,sell
2011-10-25,2.04,1.64,0,0.13,3.04,7.01,2.75,0,2.04,0.13,4.35,5.84,4.25,0,0, 0.08667909, 0.08858011, 0.08858011, 0.09074906, 0.095691,buy
2011-10-26,0.82,1.02,0,0.36,4.23,6.36,3.42,0,0.82,0.36,1.92,6.21,6.9,0,0, 0.05543987, 0.04480689, 0.05099806, 0.04861675, 0.048441,buy
2011-10-27,0.33,0.64,0,0.98,5.27,3.6,3.49,0,0.33,0.98,0.63,4.7,7.67,0,0, 0.03361997, 0.03923897,-0.00205803, 0.05990602, 0.041561,buy
2011-10-28,0.13,0.4,0,2.67,3.57,1.12,4.22,0,0.13,2.67,0.25,3.85,5.21,0,0, 0.00704229,-0.00750960,-0.01159349,-0.01593099,-0.014766,buy
2011-10-29,0,0.25,0,2.95,1.16,0.29,4.1,0,0,2.95,0.1,3.41,2.29,0,0, 0.03482774, 0.00268859, 0.03277883, 0.04123128, 0.023374,buy
2011-10-30,0,0.16,0,1.18,0.38,0,2.19,0.19,0.16,1.18,0,1.58,1.15,0,0.03, 0.06768156, 0.03872960, 0.03803351, 0.02701452, 0.010138,buy
2011-10-31,0,0.1,0,0.43,0,0,1.13,0.58,0.53,0.43,0,0.69,0.54,0,0.05,-0.00606227,-0.01591211,-0.00567152,-0.00462453,-0.020401,buy
2011-11-01,0,0,0.05,0.18,0,0,0.62,1.8,1.72,0.21,0,0.25,0.37,0,0.1, 0.09803696, 0.04776102, 0.08724291, 0.10144070, 0.023493,buy
2011-11-02,0,0,0.16,0.04,0.04,0,0.36,5.4,5.25,0.16,0,0.14,0.26,0,0.19, 0.09210337, 0.09460788, 0.07655553, 0.06633179, 0.074844,buy
2011-11-03,0,0,0.57,0.06,0.27,0,0.18,6.06,5.75,0.57,0.04,0.23,0.18,0,0.37, 0.08494782, 0.08581921, 0.05991184, 0.05967873, 0.059377,buy
2011-11-04,0,0,2,0.1,0.82,0.05,0.12,2.74,2.14,2,0.1,0.72,0.17,0,0.7, 0.10659593, 0.10325602,-0.00918628, 0.09732782, 0.106625,buy
2011-11-05,0,0,5.95,0.16,2.44,0.25,0.09,1.96,0.8,5.95,0.25,2.19,0.34,0,1.32, 0.05663587, 0.04039131, 0.03265433, 0.04233422, 0.031736,buy
2011-11-06,0,0,4.92,0.25,6.6,0.69,0,2.7,0.46,4.92,0.65,5.95,0.69,0,2.49, 0.04529724, 0.00955040, 0.01989876, 0.01757364, 0.010464,buy
2011-11-07,0,0,1.41,0.39,6.86,1.9,0,2.97,0.39,1.41,1.67,5.19,1.9,0,2.97,-0.01547802, 0.00169411, 0.01743907, 0.00495990,-0.063543,buy
2011-11-08,0.04,0,0.41,0.62,4.74,5.24,0,1.87,0.62,0.45,3,1.8,5.18,0,1.87, 0.06016803, 0.02397612, 0.06717284, 0.02339904, 0.050095,buy
2011-11-09,0.06,0,0,0.98,2.62,6.11,0.02,1,0.98,0.06,2.03,0.73,5.97,0,1.02, 0.05441504, 0.05458317, 0.03042588, 0.05264462, 0.046369,buy
2011-11-10,0.11,0,0,1.54,1.03,2.83,0.07,0.54,1.54,0.11,0.85,0.55,2.52,0,0.61,-0.04765980,-0.04628089,-0.02771636,-0.02649282,-0.015583,sell
2011-11-11,0.23,0,0,2.4,0.37,1.73,0.15,0.29,2.4,0.2,0.51,0.83,0.99,0,0.44, 0.04383138, 0.06415022,-0.04602714, 0.03466642, 0.044569,buy
2011-11-12,0.38,0,0,3,0.25,2.28,0.32,0.16,3,0.34,0.71,1.96,0.49,0,0.48,-0.10197625,-0.03003574,-0.08404621,-0.08112161,-0.105913,sell
2011-11-13,0.66,0.16,0,2.36,0.28,2.97,0.7,0,2.36,0.76,1.76,3.03,0.28,0,0.7,-0.07416943,-0.08228963,-0.08462679,-0.08527524,-0.001826,sell
2011-11-14,1.14,0.5,0,1.52,0.61,1.89,1.48,0,1.52,1.54,4.64,1.99,0.61,0,1.48, 0.08889790, 0.08235333, 0.04861458, 0.05204777, 0.126778,buy
2011-11-15,1.93,1.57,0,0.98,1.37,0.79,3.08,0,0.98,3.36,5.44,0.93,1.37,0,3.08,-0.02581999, 0.04768732,-0.04190174,-0.05161751, 0.012661,sell
2011-11-16,3.18,4.02,0,0.63,2.97,0.33,4.31,0,0.63,6.99,2.91,0.54,2.97,0,4.31, 0.00604124,-0.00243195,-0.02099629,-0.01575186,-0.008863,sell
2011-11-17,3.21,4.54,0,0.41,2.87,0.14,3.8,0.02,0.43,7.43,1.17,0.46,2.91,0,3.76, 0.03864871, 0.03103310, 0.02026929, 0.02825816, 0.023498,buy
2011-11-18,2.16,3.66,0,0.27,1.32,0.02,3.77,0.06,0.33,5.34,0.44,0.48,1.42,0.02,3.67,-0.04333409,-0.07170501,-0.04082579,-0.06285635,-0.040647,sell
2011-11-19,1.72,2,0.03,0.18,0.6,0.03,3.6,0.14,0.32,3.02,0.22,0.73,0.9,0.02,3.31,-0.01693456,-0.04391213,-0.01440949,-0.02156045,-0.022578,sell
2011-11-20,1.67,0.93,0.08,0.12,0.29,0.04,3.28,0.35,0.47,1.6,0.12,1.08,1.07,0.03,2.51,-0.00600002,-0.02697692,-0.01750879, 0.00295585,-0.030119,sell
2011-11-21,1.94,0.54,0.21,0,0.16,0.05,4.1,0.85,0.85,1.1,0,1.59,2.23,0.04,2.04, 0.03271340,-0.01429392, 0.01281736, 0.01281736, 0.004158,buy
2011-11-22,2.57,0.34,0.56,0,0.04,0.07,5.1,2.06,2.09,1.11,0,2.36,3.08,0.04,2.06,-0.02393252,-0.04546539,-0.03203715,-0.05241212,-0.080677,sell
2011-11-23,3.15,0.24,1.51,0,0.09,0.1,4.18,2.97,3.06,1.9,0,3.04,1.68,0.05,2.51,-0.03792905,-0.07757020, 0.02070874,-0.05347041,-0.059537,sell
2011-11-24,2.67,0.2,2.95,0,0.18,0.14,3.84,1.74,2.02,3.24,0,2.69,0.7,0.07,3, 0.05326866,-0.01510347, 0.05100881, 0.05144859, 0.024714,buy
2011-11-25,2.06,0.2,2.14,0,0.33,0.19,3.53,0.71,1.53,2.64,0.03,2.01,0.39,0.08,2.51,-0.01074609,-0.04251964,-0.02515979,-0.02825011,-0.027957,sell
2011-11-26,2.19,0.26,0.79,0,0.71,0.28,3.96,0.29,2.73,2.04,0.05,1.81,0.26,0.1,1.54, 0.01924782,-0.04891753,-0.04504544,-0.01419068,-0.012718,sell
2011-11-27,3.74,0.39,0.3,0,1.59,0.43,3.72,0.12,3.04,3.61,0.07,2.35,0.38,0.12,0.85,-0.02349586,-0.08013237,-0.05855535,-0.05855535,-0.058555,sell
2011-11-28,3.19,0.69,0.11,0,3.12,0.65,1.54,0,1.19,3.42,0.13,3.72,0.54,0.15,0.46,-0.00554436, 0.01757657,-0.01836798,-0.00554436,-0.007726,buy
2011-11-29,1.2,1.43,0,0,2.66,1.05,0.53,0,0.4,2.24,0.28,3.39,0.81,0.19,0.37,-0.00220906, 0.04636577,-0.00027517,-0.01092177, 0.000819,sell
2011-11-30,0.52,2.95,0,0,1.25,1.8,0.13,0.03,0.13,3.2,0.71,2.83,1.27,0.23,0.53, 0.04119519, 0.03720696, 0.04016665, 0.03452508,-0.039706,buy
2011-12-01,0.19,2.53,0,0,0.71,3.25,0,0.04,0,2.53,1.97,3.62,2.09,0.28,1.16,-0.03629395, 0.02589016, 0.03249928,-0.00716325,-0.010071,buy
2011-12-02,0.13,0.93,0,0,0.52,6.21,0,0.06,0,0.93,3.14,2.21,3.7,0.49,2.51,-0.01212084, 0.00390014, 0.05713864,-0.00856530,-0.003504,sell
2011-12-03,0.09,0.35,0,0,0.45,8.89,0,0.1,0,0.35,1.81,0.74,5.92,1.67,2.97, 0.00486802, 0.03473145,-0.00682200, 0.00689723,-0.010429,buy
2011-12-04,0,0.24,0,0,0.65,9.34,0,0.14,0,0.24,1.21,0.27,7.73,3.48,1.61,-0.01743761,-0.01956552,-0.02456527,-0.02929772,-0.028700,sell
2011-12-05,0,0.35,0,0,1.06,7.37,0,0.22,0.07,0.35,1.98,0.16,6.55,1.4,0.75, 0.01008025, 0.03532290,-0.00096402, 0.00073928,-0.005212,buy
2011-12-06,0,0.84,0,0,2.16,4.1,0,0.33,0.2,0.84,4.18,0.52,3.55,0.86,0.35, 0.08979638, 0.01052306,-0.01119586, 0.02577704, 0.026838,sell
2011-12-07,0,2.15,0,0,5.22,2.97,0,0.5,0.58,2.15,5.78,1.51,2.23,0.92,0.16,-0.01631850,-0.06272655,-0.01631850,-0.01362284,-0.015324,sell
2011-12-08,0,3.14,0.02,0,7.06,3.1,0,0.74,1.71,3.16,4.65,2.97,1.39,1.14,0,-0.06150322,-0.05520955,-0.06548932,-0.06794677,-0.061503,sell
2011-12-09,0,1.89,0.05,0,4.62,4.02,0,1.16,3.01,1.94,2.45,2.26,1.07,1.38,0,-0.02187536,-0.03463487,-0.01271988,-0.01708650,-0.033521,sell
2011-12-10,0,0.99,0.09,0,3.02,2.52,0,1.76,1.82,1.08,2.09,1.03,0.82,1.68,0, 0.01093582,-0.01655759, 0.00349236, 0.02005432, 0.011435,buy
2011-12-11,0,0.79,0.13,0,2.7,1.2,0,2.58,0.76,0.92,2.5,0.56,0.62,2.04,0, 0.00510356, 0.01449621,-0.00236009, 0.02124815,-0.028756,buy
2011-12-12,0,0.88,0.16,0,2.85,0.68,0,3.24,0.44,1.04,3,0.36,0.48,2.49,0,-0.00407222, 0.01388889,-0.00601926, 0.00950532,-0.022932,buy
2011-12-13,0,1.16,0.17,0,3.27,0.38,0.05,2.84,0.28,1.33,2.53,0.27,0.44,3,0.02,-0.00690859, 0.00000158,-0.01206530, 0.00533966,-0.016206,buy
2011-12-14,0,1.65,0.17,0,3.23,0.29,0.09,2.08,0.28,1.82,1.73,0.25,0.42,2.95,0.06, 0.00513207, 0.00856324,-0.00994014, 0.02972303,-0.007314,buy
2011-12-15,0,2.34,0.15,0,2.78,0.27,0.18,1.66,0.27,2.49,1.23,0.29,0.56,2.42,0.12,-0.00545953,-0.00504881,-0.01692233, 0.00409900,-0.035221,buy
2011-12-16,0,3,0.12,0,2.55,0.31,0.39,1.65,0.22,3.15,0.95,0.39,1.05,2.01,0.25,-0.05771986,-0.05523581,-0.05695278,-0.06443184,-0.066916,sell
2011-12-17,0.04,2.67,0,0,2.61,0.57,0.86,2.4,0.21,2.8,1,0.6,2.4,1.65,0.49,-0.06273368,-0.05691955,-0.06001075,-0.09014578,-0.053719,sell
2011-12-18,0.1,1.9,0,0,3.15,1.45,1.94,3.74,0.28,2.28,1.74,0.99,4.7,1.36,0.93,-0.00326870,-0.01748400,-0.01522456, 0.04491363,-0.008891,sell
2011-12-19,0.26,1.38,0,0,4.73,3.06,3.5,3.09,0.47,2.48,3.25,1.84,5.01,1.12,1.85,-0.01350171,-0.02418664,-0.04759839,-0.00761445,-0.014294,sell
2011-12-20,0.66,1.01,0,0,7.82,2.03,3.32,3.47,1.3,4.23,2.23,2.95,3.01,0.92,3.67, 0.06740329, 0.05563313, 0.05797070, 0.09198981, 0.062299,buy
2011-12-21,1.65,0.74,0,0,9.13,0.69,2.91,3.34,3.63,5.34,0.8,2.4,1.29,0.76,4.26, 0.03681906, 0.02148321, 0.00549490, 0.03782898, 0.006272,buy
2011-12-22,2.95,0.55,0,0,6.11,0.31,4.16,1.29,4.38,4.6,0.36,1.18,0.63,0.63,3.65,-0.05969630,-0.05227841,-0.04353421,-0.06124035,-0.061476,sell
2011-12-23,2.08,0.41,0,0,2.88,0.27,6.13,0.36,3.96,2.85,0.15,0.71,0.46,0.52,3.66,-0.00322872, 0.00065566, 0.00520132, 0.00520132, 0.026874,buy
2011-12-24,0.84,0.38,0,0,1.85,0.66,4.74,0.12,2.74,1.34,0.41,0.82,0.66,0.43,2.67, 0.01130005, 0.00796532, 0.00560325, 0.00723513, 0.007256,sell
2011-12-25,0.34,0.42,0,0,2.22,1.7,2.36,0,1.12,0.76,1.17,1.75,1.7,0.35,1.52,-0.00857122, 0.04366409, 0.05799867,-0.02657956, 0.062571,buy
2011-12-26,0.13,0.71,0,0,3.24,3,1.23,0,0.42,0.84,2.97,3.33,3,0.29,0.79,-0.00996034, 0.01571853, 0.07828594, 0.00851028,-0.009476,sell
2011-12-27,0,1.69,0,0,2.09,1.9,0.71,0,0.18,1.69,2.5,2.76,1.9,0.24,0.47,-0.03222948,-0.00103786, 0.02006577,-0.00125036,-0.014782,sell
2011-12-28,0,3.06,0,0,0.84,0.69,0.47,0,0,3.06,0.99,2.84,0.69,0.2,0.27, 0.08679226, 0.07210240, 0.05831590, 0.06287793, 0.014980,buy
2011-12-29,0,1.93,0,0,0.42,0.24,0.78,0,0,1.93,0.9,3.19,0.24,0.17,0.16, 0.02227754, 0.01713739,-0.01824458,-0.01824458, 0.005330,buy
2011-12-30,0,0.6,0,0,0.22,0,2.03,0,0,0.6,2.02,1.65,0,0.14,0.09, 0.02725224, 0.02787670, 0.01126407, 0.05766215, 0.016123,buy
2011-12-31,0,0.19,0,0,0.31,0,2.97,0,0,0.19,3.17,0.69,0,0.11,0, 0.04988867, 0.05392137, 0.05712749, 0.04562495, 0.025688,buy
2012-01-01,0,0,0,0,0.61,0,1.42,0,0,0,1.93,0.29,0,0.1,0, 0.03726764, 0.03710525, 0.04801321, 0.02652115, 0.024215,buy
2012-01-02,0,0,0,0,1.31,0.03,0.45,0,0.03,0,1.76,0.12,0,0,0, 0.01966861, 0.02077812, 0.00183726, 0.00159281, 0.016237,sell
2012-01-03,0,0,0,0,2.95,0.12,0.19,0,0.08,0,3.09,0.04,0.05,0,0,-0.03059796,-0.01626592,-0.01948382,-0.03753420,-0.016266,sell
2012-01-04,0.03,0,0,0,2.51,0.29,0.16,0,0.19,0.03,2.51,0.1,0.16,0,0,-0.01120354, 0.01378455, 0.01378455, 0.01996649, 0.018149,buy
2012-01-05,0.09,0,0,0,0.98,0.75,0.55,0,0.45,0.09,0.98,0.3,0.55,0,0,-0.00165312,-0.00165312,-0.00239568,-0.01040720,-0.003893,buy
2012-01-06,0.32,0,0,0,0.37,1.92,1.95,0,1.15,0.32,0.37,0.85,1.87,0,0, 0.08359261, 0.06028087, 0.06499831, 0.06736186, 0.052170,buy
2012-01-07,1.11,0,0,0,0.14,4.99,3.24,0,2.8,1.11,0.14,2.44,2.97,0,0.02, 0.02584521, 0.07201338, 0.04348307, 0.02584521, 0.028810,buy
2012-01-08,3,0,0,0,0,5.95,2.26,0,3.9,2.97,0,2.95,1.36,0,0.03, 0.10680038, 0.10781920, 0.05918411, 0.07077630, 0.115588,buy
2012-01-09,2.3,0,0,0,0,2.73,3.35,0,4.43,2.22,0,1.22,0.46,0,0.05, 0.07535981, 0.06554053, 0.05689378, 0.07535981, 0.045349,buy
2012-01-10,0.87,0,0,0,0,1.11,2.75,0,3.21,0.67,0,0.52,0.35,0,0.08,-0.05243721,-0.06608887,-0.07268943,-0.02145516,-0.028279,sell
2012-01-11,0.86,0,0,0,0,0.54,0.92,0,1.02,0.3,0,0.53,0.68,0,0.2,-0.01506326,-0.00846644, 0.02254355, 0.00934654,-0.021913,buy
2012-01-12,1.94,0,0,0,0.02,0.36,0.72,0,0.4,0.33,0.05,1.39,1.94,0,0.4,-0.04659607,-0.05126351,-0.04756231,-0.02219361,-0.045392,sell
2012-01-13,3,0,0,0,0.09,0.45,1.37,0,0.23,0.92,0.17,2.97,3,0,0.82, 0.05649302,-0.03257635,-0.04539639,-0.01720271,-0.008951,sell
2012-01-14,1.56,0,0,0,0.37,0.82,3.74,0.04,0.63,2.56,0.57,1.65,1.6,0,1.8, 0.01273090, 0.01493085, 0.02756958, 0.04905194, 0.027682,buy
2012-01-15,0.55,0,0,0,1.5,1.55,5.92,0.1,1.79,2.97,2.01,0.45,0.65,0,3.99, 0.00680416, 0.01166870,-0.02531465,-0.00953390, 0.010244,sell
2012-01-16,0.19,0,0,0,2.97,3.11,4.08,0.27,3.01,1.25,4.3,0.17,0.42,0,4.56,-0.04600300,-0.01600308,-0.03316361,-0.04657190,-0.016549,sell
2012-01-17,0,0,0,0,1.4,6,1.66,0.64,1.91,0.52,4.33,0.14,0.56,0,3.97, 0.02513629, 0.02700587, 0.03078183, 0.04741881, 0.044300,buy
2012-01-18,0,0,0,0,0.38,6.07,0.97,1.51,1.26,0.35,2.84,0.41,1.32,0,3.37,-0.03121857,-0.03480710,-0.03121857, 0.01401880,-0.012748,sell
2012-01-19,0,0,0,0,0.12,5.03,1.32,3.44,2.58,0.44,1,1.17,2.97,0,1.97,-0.04167180,-0.04112772,-0.04167180,-0.04160752,-0.026169,sell
2012-01-20,0,0,0,0,0.28,4.42,2.95,3.83,3.23,1.01,0.47,2.95,2.72,0,1.12,-0.07587250,-0.04590122,-0.04454315,-0.05474979,-0.082995,sell
2012-01-21,0,0.04,0,0,0.65,1.79,2.58,3.78,1.64,2.32,0.46,2.58,1.18,0,0.71,-0.05825773,-0.09567409,-0.08972452,-0.10775581,-0.094469,sell
2012-01-22,0,0.11,0,0,1.54,0.71,0.91,4.4,1.8,2.95,1.03,0.91,0.58,0,0.49, 0.08066359, 0.12435353, 0.12517679, 0.01484274, 0.125177,buy
2012-01-23,0,0.31,0,0,3.04,0.5,0.32,4.84,3,1.68,3.23,0.36,0.5,0,0.41, 0.03081518, 0.01362789, 0.00987626, 0.04617630,-0.003328,buy
2012-01-24,0,0.88,0,0,2.5,1.26,0.11,3.69,2.4,0.81,3.86,0.21,0.98,0,0.52, 0.00142036,-0.02237995,-0.02237995, 0.01684672,-0.040150,buy
2012-01-25,0,2.51,0,0,1.27,3.43,0,1.68,1.03,0.6,3.93,0.24,2.9,0,0.85,-0.01241905, 0.03586300,-0.01815448, 0.02711877, 0.032006,buy
2012-01-26,0,3,0,0,1.08,2.88,0.03,2.22,0.49,0.94,2.28,0.59,4.62,0,1.59,-0.02255815, 0.02107105,-0.00667667, 0.01901178, 0.020068,buy
2012-01-27,0,1.22,0,0,1.81,3.02,0.07,3.62,0.39,2.32,0.6,1.42,4.15,0.02,3.37,-0.05371786,-0.07818493,-0.07531636,-0.07955262,-0.087195,sell
2012-01-28,0,0.44,0,0.02,3.76,5.49,0.19,3.48,0.81,5.21,0.29,2.95,1.66,0.02,5.44, 0.00159916, 0.01878587, 0.03710895, 0.00539853, 0.037930,buy
2012-01-29,0,0.17,0,0.03,5.53,4.91,0.5,3.26,2.95,4.88,0.5,2.58,0.44,0.02,4.8, 0.09051318, 0.08833935, 0.10096029, 0.11527857, 0.100199,buy
2012-01-30,0,0.03,0,0.05,3.81,1.97,1.31,0.96,2.56,1.71,1.31,1.25,0,0.06,2.19, 0.01949775, 0.07012344, 0.00292064,-0.04194398, 0.008132,buy
2012-01-31,0,0.03,0,0.08,1.9,0.73,3.06,0.24,0.61,0.55,3.06,1.29,0,0.08,0.97, 0.00343039,-0.02281224,-0.01973725,-0.04074566,-0.022292,sell
2012-02-01,0,0.04,0,0.13,3.27,0.28,2.84,0,0.14,0.14,2.84,3.13,0,0.14,0.51,-0.01416206,-0.01175611,-0.00264044, 0.02996174,-0.031536,sell
2012-02-02,0,0.05,0,0.21,2.3,0.04,2.35,0,0,0.05,2.35,2.3,0,0.22,0.34, 0.00241712, 0.02938413, 0.01861239, 0.02473495, 0.000935,buy
2012-02-03,0,0.06,0.05,0.36,0.54,0.05,3.33,0,0,0.06,3.33,0.52,0.05,0.38,0.38, 0.05859065, 0.05374927, 0.05374927, 0.04340768, 0.028626,buy
2012-02-04,0,0.08,0.15,0.61,0.16,0.06,1.45,0,0,0.08,1.45,0.12,0.15,0.68,0.65, 0.01284640, 0.00566055,-0.02364351, 0.01284640,-0.036902,buy
2012-02-05,0,0.1,0.41,1.06,0.09,0.07,0.27,0,0,0.1,0.27,0,0.41,1.25,1.15,-0.08950978,-0.11251628,-0.10083098,-0.10424994,-0.104250,sell
2012-02-06,0,0.14,1.2,1.87,0.25,0.08,0,0,0.02,0.18,0,0,1.2,2.36,2.06, 0.08016174, 0.07176019, 0.08016174, 0.07244421, 0.073161,buy
2012-02-07,0,0.18,3,3,0.59,0.17,0,0,0.06,0.28,0,0.08,3,3.09,3.43, 0.09212863, 0.09752426, 0.09024808, 0.09465152, 0.091753,buy
2012-02-08,0,0.25,2.53,2.65,1.51,0.42,0,0,0.16,0.49,0,0.32,2.53,2.09,3.76, 0.06957671, 0.08048657, 0.07938371, 0.07684776, 0.077700,buy
2012-02-09,0,0.34,0.88,1.47,4.17,1.46,0,0,0.42,0.95,0,1.34,0.88,1.13,4.61,-0.03028906,-0.05745915,-0.00860995, 0.00841358,-0.007207,sell
2012-02-10,0,0.47,0.31,0.8,6.39,3.57,0,0,1.14,1.99,0,3.43,0.31,0.64,4.53, 0.02953838, 0.01551469, 0.08016977,-0.05134948, 0.015161,buy
2012-02-11,0.15,0.66,0.11,0.44,8.12,2.85,0,0.06,2.95,3.61,0,2.75,0.26,0.41,2.66, 0.06216764, 0.05915765, 0.07297381, 0.09534965, 0.075848,buy
2012-02-12,0.78,0.94,0,0.24,7.45,3.24,0,0.17,2.84,3.22,0,3.22,0.78,0.31,2.57, 0.06740323, 0.07361530, 0.06740323, 0.07503237, 0.083165,buy
2012-02-13,3.08,1.34,0,0.13,5.06,3.21,0.05,0.47,1.06,2.3,0.09,3.44,3.01,0.22,3.22, 0.05920564, 0.02146698, 0.02146698, 0.01524443, 0.019188,buy
2012-02-14,2.44,1.97,0,0,3.39,1.58,0.23,1.32,0.63,2.57,0.26,2.63,2.2,0.25,2.62,-0.02227774, 0.03169613,-0.03388858,-0.06589258,-0.044794,sell
2012-02-15,1.42,2.92,0,0,1.92,0.86,1.02,2.95,1.25,4.09,0.77,3.49,0.68,0.29,1.62,-0.06144274,-0.07513976,-0.08949864,-0.13585506,-0.013636,sell
2012-02-16,2.9,2.97,0,0,0.99,0.6,3.1,2.38,2.95,5.94,2.28,2.74,0.66,0.33,0.99, 0.03477413, 0.06642241, 0.04555145, 0.04102312, 0.051331,buy
2012-02-17,4.53,2.03,0,0,0.61,0.51,2.5,1.03,1.58,3.87,3.13,1.62,1.61,0.37,0.61,-0.04660889, 0.07615858, 0.04662576, 0.05182612, 0.045708,buy
2012-02-18,4.29,1.34,0,0,0.37,0.48,3.37,1.19,0.35,1.76,2.17,3.26,3.06,0.42,0.37,-0.04153611,-0.03454080,-0.02778144,-0.01654611,-0.037390,sell
2012-02-19,2.64,1.01,0,0,0.23,0.56,2.65,3.04,0.07,1.02,3.36,2.63,2.41,0.48,0.23,-0.02381398,-0.01707750,-0.02752691,-0.01799221,-0.000162,sell
2012-02-20,1.03,1.25,0,0,0.14,0.68,0.6,1.76,0.2,0.67,1.91,0.5,1.66,0.55,0.14,-0.04699479,-0.04912709,-0.02345095,-0.01153610,-0.040983,sell
2012-02-21,0.35,3.28,0,0,0.09,0.84,0.32,0.33,0.47,0.58,0.33,0.1,3.41,0.62,0.09,-0.01690389,-0.02777850,-0.03240623,-0.05057517,-0.031563,sell
2012-02-22,0.14,2.61,0,0,0,1.15,0.5,0,1.13,0.76,0,0.03,2.7,0.7,0,-0.03671660,-0.00395037, 0.01000671,-0.01844856, 0.024184,sell
2012-02-23,0,0.61,0,0,0,1.82,1.06,0,2.65,1.36,0,0.07,0.72,0.79,0,-0.02611425,-0.01876266,-0.01254846,-0.02043903, 0.000012,sell
2012-02-24,0,0.2,0,0,0,3.61,2.26,0.06,4.4,3.15,0.08,0.16,0.43,0.88,0, 0.02803195,-0.05839369,-0.05851510,-0.05851510,-0.080773,sell
2012-02-25,0,0.05,0,0,0,7.39,3.36,0.16,4.74,5.97,0.21,0.39,0.45,0.99,0, 0.04552017, 0.04140862, 0.03220380,-0.02323289,-0.044879,buy
2012-02-26,0,0.16,0,0,0,6.32,2.89,0.42,3.09,4.23,0.58,0.92,0.62,1.12,0, 0.05347821, 0.07536461, 0.05644210,-0.02238647, 0.046698,buy
2012-02-27,0,0.47,0.07,0,0,3.58,3.17,1.1,1.22,1.55,1.55,2.22,0.94,1.24,0,-0.03154442,-0.05097212, 0.00540284,-0.02358242,-0.035884,sell
2012-02-28,0,1.33,0.27,0,0,3.06,3.42,2.77,0.49,0.61,4.04,2.97,1.49,1.39,0.03, 0.01236335,-0.00283496,-0.00283496,-0.00882473,-0.015472,buy
2012-02-29,0.02,3.11,1.05,0.08,0,3.26,1.86,3.04,0.13,0.22,5.99,1.66,2.88,1.54,0.08, 0.02343872, 0.04481917, 0.02409405, 0.04518982, 0.025994,buy
2012-03-01,0.03,2.76,2.92,0.23,0,3.89,0.78,1.27,0,0.1,3.63,0.71,5.73,1.71,0.19, 0.01100625, 0.01814127,-0.01214418, 0.01870106, 0.058020,buy
2012-03-02,0.04,1.83,2.28,0.63,0.02,4.86,0.28,0.54,0,0,1.37,0.32,6.88,1.89,0.42, 0.00273873,-0.00235857,-0.01599784,-0.01568145,-0.009704,sell
2012-03-03,0.06,2.83,0.68,1.77,0.13,5.07,0.12,0.28,0.09,0,0.58,0.18,7.95,2.1,0.81,-0.06998002,-0.07677583,-0.08394972,-0.08851150,-0.087733,sell
2012-03-04,0.11,3.07,0.22,2.95,0.33,4.46,0,0.12,0.23,0.06,0.22,0.09,8.32,2.28,1.42,-0.06476100,-0.06808804,-0.09336750,-0.09268743,-0.072612,sell
2012-03-05,0.16,1.33,0,1.74,0.7,4.1,0.03,0.19,0.54,0.12,0.16,0.15,4.66,2.51,2.23, 0.02030123, 0.06044381, 0.02030123, 0.03233311, 0.023277,buy
2012-03-06,0.29,0.53,0,0.63,1.36,3.9,0.07,0.27,1.09,0.21,0.26,0.23,2.32,2.74,3.17,-0.00771035,-0.00766719,-0.00787743,-0.00221869,-0.009533,buy
2012-03-07,0.45,0.21,0,0.23,2.37,3.84,0.17,0.4,1.97,0.35,0.38,0.36,1.29,2.97,3.32,-0.01174687,-0.01712711,-0.01858093,-0.01703147,-0.022518,sell
2012-03-08,0.71,0,0,0.02,3.76,3.67,0.43,0.56,3.29,0.59,0.55,0.53,0.63,3,3.03,-0.03848902,-0.02445283,-0.02923561,-0.01389682,-0.050070,sell
2012-03-09,1.11,0,0.09,0.03,4.42,3.32,1.06,0.77,4.06,0.89,0.82,0.81,0.46,2.77,3.41,-0.03981391,-0.05031176,-0.05045567,-0.01974446,-0.053430,sell
2012-03-10,1.73,0,0.24,0.05,4.53,3.08,2.65,1,4.98,1.34,1.18,1.2,0.34,2.56,4.65,-0.02695190,-0.02087817,-0.04292031,-0.03956195,-0.043423,sell
2012-03-11,2.69,0,0.6,0.07,5.3,3.01,2.95,1.28,4.94,2.15,1.77,1.79,0.26,2.38,6.11,-0.07028796,-0.00834814,-0.04236265,-0.04959686,-0.065846,sell
2012-03-12,4.37,0,1.54,0.1,5.12,3.17,1.33,1.59,3.39,3.7,2.88,2.89,0.19,2.22,5.44,-0.03640562,-0.04150190,-0.04159632,-0.03805430,-0.012444,sell
2012-03-13,7.6,0,3.66,0.15,4.34,3.75,0.54,2.01,3.09,6.67,5.06,5.15,0.19,2.06,3.77,-0.02174486,-0.00080200,-0.03341898, 0.00873217, 0.066323,sell
2012-03-14,9.2,0,3.94,0.21,4.17,5.02,0.22,2.48,3.43,9.14,5.08,6.16,0.23,1.94,3.11,-0.02248270,-0.02567237,-0.02308852,-0.00332039, 0.028249,sell
2012-03-15,6.75,0,3.89,0.31,3.41,4.58,0.09,3.09,3.1,6.81,4.09,4.45,0.3,1.84,3.65,-0.01437260,-0.01425460,-0.02283864, 0.04564092, 0.059873,sell
2012-03-16,4.22,0,4.12,0.45,2.06,3.1,0,3.13,2.18,3.52,3.54,2.8,0.77,1.73,3.53, 0.08926425, 0.03200561, 0.03675670, 0.09093724, 0.083056,buy
2012-03-17,2.73,0,3.68,0.64,1.19,2.31,0,2.38,1.64,1.88,2.63,1.77,1.96,1.64,1.78,-0.01030315,-0.01434662,-0.01401788,-0.01030315,-0.010603,sell
2012-03-18,1.67,0,3.8,0.9,0.64,1.89,0,1.84,1.43,1.01,1.84,1.16,3.02,1.56,0.89,-0.00324977,-0.00822579,-0.00822579,-0.00677469, 0.001114,sell
2012-03-19,1.18,0,2.15,1.26,0.26,1.66,0,1.44,1.52,0.48,1.44,0.86,1.76,1.64,0.39,-0.01672441,-0.03246201,-0.02101321,-0.03364984,-0.007736,sell
2012-03-20,0.84,0,0.94,1.77,0.12,1.44,0,1.14,1.89,0.2,1.14,0.64,0.75,2.17,0.19,-0.03655608,-0.04188401,-0.03854459,-0.03272061, 0.039452,sell
2012-03-21,0.61,0,0.5,2.42,0.03,1.44,0,0.91,2.45,0.16,0.91,0.48,0.4,4.33,0.1,-0.01416374,-0.01761245,-0.01409200,-0.01761245,-0.036492,sell
2012-03-22,0.37,0,0.39,3,0.07,1.43,0,0.73,3.07,0.07,0.73,0.37,0.39,3.52,0, 0.03390688, 0.01659445,-0.00269943, 0.01983471,-0.022539,buy
2012-03-23,0.32,0.04,0.61,2.7,0.16,1.52,0,0.59,2.86,0.19,0.63,0.32,0.61,1.73,0, 0.05703439, 0.05203016, 0.05332824, 0.05285953, 0.063876,buy
2012-03-24,0.32,0.1,1.25,1.99,0.37,1.82,0,0.53,2.36,0.51,0.59,0.36,1.25,1.31,0, 0.01423344, 0.00769114, 0.01313442, 0.02803594, 0.032682,buy
2012-03-25,0.42,0.24,2.47,1.5,0.85,2.59,0,0.5,2.35,1.3,0.65,0.51,2.47,1.29,0,-0.00721146,-0.02653377,-0.02454683,-0.02300902,-0.030022,sell
2012-03-26,0.78,0.57,3,1.14,1.96,4.24,0,0.58,3.08,2.99,0.98,0.95,3,1.27,0, 0.05483449, 0.06575746, 0.05623422, 0.06125514, 0.010931,buy
2012-03-27,1.73,1.37,1.96,0.87,3.01,4.03,0,0.88,3.84,2.78,1.91,2.07,1.96,1.29,0, 0.02055274, 0.01632355, 0.02078402, 0.00762962, 0.034362,buy
2012-03-28,3.09,2.97,1.29,0.67,2.05,2.53,0,1.63,2.63,1.29,3.24,4.45,1.29,1.3,0.03, 0.03709259, 0.01684659, 0.00009087, 0.00316636, 0.003166,buy
2012-03-29,2.12,2.71,1.21,0.53,1.02,1.91,0,3.21,1.38,0.73,2.33,5.67,1.21,1.31,0.08,-0.00796809, 0.02752021,-0.00170597,-0.00285250, 0.000910,sell
2012-03-30,0.85,1.22,1.85,0.42,0.72,1.69,0,2.79,0.8,0.63,1.04,3.74,1.85,1.34,0.17,-0.04824333,-0.03058047,-0.03216910,-0.04892974,-0.041715,sell
2012-03-31,0.33,0.62,3.25,0.33,0.84,1.65,0,1.25,0.49,0.84,0.5,1.56,3.25,1.39,0.28,-0.02652812,-0.03422469,-0.03422469,-0.02545607,-0.020746,sell
2012-04-01,0.13,0.45,2.65,0.27,1.33,1.67,0,0.6,0.27,1.42,0.28,0.66,2.65,1.43,0.46,-0.00928713,-0.02341158,-0.02447624,-0.02655891,-0.016021,sell
2012-04-02,0,0.51,1.17,0.22,2.62,1.74,0,0.32,0.22,2.62,0.13,0.28,1.17,1.51,0.76,-0.05011571,-0.03700759,-0.00434326,-0.03360433, 0.012994,sell
2012-04-03,0,0.72,0.57,0.19,2.95,1.93,0,0.12,0.19,2.95,0.12,0,0.57,1.59,1.24,-0.04558684,-0.04515542, 0.00040064,-0.04397955, 0.005551,sell
2012-04-04,0,1.21,0.34,0.16,1.68,2.21,0,0.11,0.16,1.68,0.11,0,0.34,1.7,2.01,-0.06264321,-0.06247704,-0.04322267,-0.01435365, 0.017773,sell
2012-04-05,0,2.03,0.21,0.15,0.88,2.56,0,0.11,0.13,0.85,0.13,0,0.21,1.8,3.28,-0.10461896,-0.01668294,-0.08375264,-0.07604759,-0.074597,sell
2012-04-06,0,3.03,0.27,0.16,0.46,3.12,0,0.14,0.19,0.43,0.17,0,0.27,1.97,4.88,-0.08808742, 0.04673450,-0.05484336,-0.02871348,-0.005586,sell
2012-04-07,0,2.72,0.36,0.19,0.26,3.84,0,0.19,0.25,0.24,0.26,0,0.36,2.14,5.47,-0.02571107, 0.05609145, 0.00343228, 0.05914189, 0.050560,sell
2012-04-08,0,1.79,0.57,0.3,0.19,4.87,0,0.28,0.41,0.14,0.48,0.04,0.53,2.39,5.85, 0.01162484, 0.07925254, 0.08101762, 0.07261471, 0.057967,buy
2012-04-09,0,1.43,0.91,0.48,0.1,5.95,0,0.46,0.7,0.03,0.99,0.09,0.82,2.67,6.95,-0.00682510, 0.05805187, 0.05853247, 0.06057779, 0.050913,buy
2012-04-10,0,1.74,1.56,1.12,0.12,6.39,0,0.86,1.52,0.04,2.25,0.19,1.43,3.02,6.34, 0.00083280, 0.03895821, 0.06768477, 0.05765370, 0.060129,buy
2012-04-11,0,3.14,2.83,2.46,0.1,6.65,0,1.64,3.27,0.05,5.15,0.41,2.57,3.1,4.16,-0.01088205,-0.00414640,-0.01735020,-0.02678693,-0.014939,sell
2012-04-12,0,3.43,3.82,3.18,0.14,7.08,0,3.1,6,0.08,6.07,0.85,3.35,2.81,2.78, 0.01790035, 0.03802860,-0.01062110, 0.01412537, 0.017900,buy
2012-04-13,0,1.83,3.66,2.22,0.18,5.6,0,2.94,5.04,0.11,3.06,1.76,2.82,2.5,1.89, 0.05026592, 0.09352350, 0.04234574, 0.05131735, 0.045175,buy
2012-04-14,0.02,1.42,3.96,2.18,0.22,3.85,0,1.54,2.39,0.18,1.39,3.02,3.17,2.23,1.28, 0.05763461, 0.08117081, 0.07867672, 0.06372147, 0.006622,buy
2012-04-15,0.02,1.93,2.89,3.31,0.25,2.95,0,0.85,1.16,0.31,0.67,2.46,5.13,1.95,0.82,-0.02802704,-0.01448539,-0.01479653, 0.01319940,-0.099571,sell
2012-04-16,0.02,2.95,1.41,2.57,0.28,2.55,0,0.5,0.56,0.55,0.29,1.23,5.55,1.71,0.58,-0.07069227,-0.07069227,-0.07105200,-0.03082157,-0.093916,sell
2012-04-17,0.02,2.38,0.69,0.94,0.32,2.5,0,0.33,0.2,1.04,0.13,0.62,3.41,1.48,0.42,-0.00402345, 0.01034379, 0.01034379,-0.00310355, 0.032657,buy
2012-04-18,0.05,1.14,0.31,0.42,0.35,3.18,0,0.26,0.16,2.02,0.18,0.33,1.51,1.28,0.23,-0.08189801,-0.09686295,-0.09655011,-0.04203928,-0.071668,sell
2012-04-19,0.09,0.55,0.16,0.19,0.37,3.94,0,0.16,0.05,3.05,0.23,0.18,0.69,1.08,0.18, 0.02852125, 0.04408670, 0.02721313, 0.00235408, 0.039051,buy
2012-04-20,0.21,0.27,0,0.05,0.45,2.99,0,0.18,0.1,2.34,0.37,0.02,0.27,0.91,0.14,-0.01156066,-0.01562909,-0.01434441,-0.00177915,-0.013971,sell
2012-04-21,0.55,0.13,0.04,0.05,0.58,1.66,0,0.27,0.19,1.23,0.78,0.08,0.13,0.76,0.11,-0.06345029,-0.06738857,-0.06155807,-0.03690835,-0.021097,sell
2012-04-22,1.56,0,0.1,0.06,0.87,0.95,0,0.39,0.43,0.75,1.87,0.18,0,0.61,0.09,-0.00112091,-0.00345633,-0.00170430, 0.05085272,-0.001121,sell
2012-04-23,2.95,0,0.26,0.06,1.62,0.5,0.06,0.74,1.15,0.6,3.45,0.5,0,0.49,0,-0.04049171,-0.05746589,-0.05503106,-0.01925977,-0.030086,sell
2012-04-24,1.93,0,0.64,0.06,3.69,0.31,0.13,1.74,3.16,0.65,2.8,1.51,0,0.38,0,-0.01715006,-0.06503695,-0.05202550,-0.01830156,-0.059953,sell
2012-04-25,0.77,0,1.59,0.07,3.79,0.16,0.3,3.37,3.26,0.77,2.55,3.18,0,0.29,0,-0.02014229,-0.04241791, 0.01555650,-0.00178390, 0.003695,sell
2012-04-26,0.58,0,2.95,0.08,2.15,0.14,0.68,2.38,1.74,1.07,3.57,2.34,0.02,0.22,0,-0.00513444,-0.00192012,-0.00795212, 0.05816003,-0.021991,sell
2012-04-27,0.9,0,2.18,0.08,1.74,0.02,1.55,1.13,1.94,1.43,2.71,1.5,0.02,0,0, 0.01607324,-0.01834783, 0.01105737, 0.01780998, 0.026721,buy
2012-04-28,2.09,0,0.88,0.09,1.99,0.03,3,0.82,3.19,1.89,1.52,2.27,0.03,0,0,-0.01829482, 0.01946965,-0.01837022,-0.02120115,-0.039732,sell
2012-04-29,3.05,0,0.35,0.1,2.47,0.04,2.42,0.78,2.52,2.47,1.13,3.01,0.06,0,0.02,-0.02548566, 0.00776500,-0.04269716,-0.02341781,-0.022064,sell
2012-04-30,1.91,0,0.14,0.12,3.15,0.04,1.06,0.97,1.18,3.15,1.11,1.84,0.08,0,0.03,-0.03368936,-0.04576115,-0.07333895,-0.09624323,-0.094998,sell
2012-05-01,0.94,0.17,0,0.14,3.34,0.08,0.46,1.2,0.62,3.34,1.37,0.83,0.13,0,0.04,-0.04804764,-0.07306318,-0.08244667,-0.09624666,-0.088360,sell
2012-05-02,0.57,0.68,0,0.19,3.75,0.17,0.2,1.5,0.43,3.75,2.18,0.42,0.2,0,0.08,-0.00231372, 0.02016702, 0.01843844, 0.00668434,-0.076755,buy
2012-05-03,0.48,2.84,0,0.32,4.94,0.4,0.09,1.89,0.55,4.94,4.73,0.26,0.39,0,0.09,-0.04247098,-0.01063407,-0.04171330,-0.04981329,-0.050304,sell
2012-05-04,0.47,3,0,0.8,3.6,1.23,0,2.4,1.29,3.6,5.4,0.16,0.95,0,0.1,-0.03598495, 0.01120528,-0.03791430,-0.05097273,-0.045922,sell
2012-05-05,0.64,0.7,0,2.88,2.06,3.11,0,2.97,3.18,2.06,3.67,0.2,3.12,0,0.13,-0.01041054,-0.01580135,-0.01440675,-0.01482142,-0.020102,sell
2012-05-06,0.85,0.16,0,3.27,1.52,2.18,0,2.89,2.24,1.54,3.05,0.24,3.67,0.02,0.15, 0.02098027,-0.00652969, 0.01497729, 0.01939030, 0.014658,buy
2012-05-07,1.12,0,0,1.07,1.26,0.77,0,2.24,0.83,1.31,2.24,0.3,1.65,0.03,0.18, 0.02865214, 0.02811070, 0.00824085, 0.03530976, 0.031022,buy
2012-05-08,1.46,0,0.02,0.6,1.24,0.52,0,1.73,0.56,1.33,1.73,0.39,1.44,0.06,0.28, 0.01607209, 0.01607209, 0.01448663, 0.02842462, 0.019324,buy
2012-05-09,1.88,0.05,0.09,0.55,1.28,0.54,0,1.32,0.55,1.46,1.36,0.54,1.73,0.11,0.48,-0.00222428, 0.02021573, 0.01637052,-0.00287407, 0.032982,buy
2012-05-10,2.34,0.11,0.32,0.67,1.43,0.71,0,0.99,0.67,1.77,1.2,0.73,2.24,0.22,1.05,-0.03793473,-0.01320417,-0.01603176,-0.04591252,-0.017875,sell
2012-05-11,2.97,0.27,1.38,0.84,1.76,0.95,0.06,0.75,0.9,2.36,1.85,1.15,2.96,0.46,2.85,-0.00138501,-0.00855901,-0.02679393,-0.01824126,-0.023161,sell
2012-05-12,3.82,0.65,3.63,1.05,2.42,1.3,0.29,0.56,1.34,3.47,3.48,2,4.04,0.98,3.36,-0.02574546,-0.00399845,-0.02464669,-0.02274345,-0.032320,sell
2012-05-13,5.74,1.56,3.19,1.31,3.79,1.76,1.48,0.42,2.79,4.62,1.85,4.5,5.78,2.14,1.53, 0.01612520, 0.01374221,-0.00814785, 0.02378197, 0.025151,buy
2012-05-14,7.89,2.97,3.23,1.67,4.94,2.44,2.97,0.31,4.64,4.21,0.57,7.78,7.81,2.97,0.96, 0.02391672, 0.02595003, 0.00096237, 0.01750841, 0.024749,buy
2012-05-15,6.69,2.3,1.97,2.14,4.19,3.4,1.07,0.23,3.21,3.6,0.23,5.69,7.79,1.77,0.88, 0.02412666, 0.04968525, 0.01344960, 0.03201244, 0.024029,buy
2012-05-16,6.61,0.97,0.79,2.74,3.76,3.65,0.19,0.17,2.93,3.62,0.17,4.14,6.71,0.76,1.17, 0.01906777, 0.01909499,-0.00868182, 0.00263405, 0.032234,buy
2012-05-17,6.24,0.4,0.32,3,3.2,3.27,0,0.12,3,3.21,0.12,3.14,5.45,0.31,1.64,-0.03792593,-0.05099113,-0.03457939,-0.03792593,-0.038505,sell
2012-05-18,5.53,0.17,0.13,2.49,2.32,3.32,0,0.09,2.49,2.37,0.09,2.2,4.57,0.12,2.38,-0.00153819,-0.02094322, 0.04083964,-0.00135157, 0.001407,sell
2012-05-19,4.93,0.1,0.15,1.92,1.59,4.08,0,0,1.92,1.75,0,1.61,4,0,3.65, 0.07486705, 0.06999607, 0.06239037, 0.06657656, 0.079749,buy
2012-05-20,4.36,0.68,0.98,1.46,1.14,3.68,0,0,1.46,1.49,0,1.79,4.28,0,3.63, 0.06947543, 0.06131233, 0.04980201, 0.06131233, 0.061312,buy
2012-05-21,3.83,2.95,2.97,1.17,0.77,2.19,0,0,1.1,2.61,0.07,3.75,5.74,0,2.45, 0.01485832, 0.01003870,-0.01512365, 0.02726307,-0.017640,buy
2012-05-22,3.35,1.82,1.22,1,0.5,1.29,0,0,0.82,3.5,0.18,2.4,3.5,0,1.78, 0.03838145,-0.03549511,-0.01991486,-0.02022559,-0.028640,sell
2012-05-23,2.91,0.27,0.19,1.05,0.32,0.74,0,0,0.61,1.16,0.44,0.71,1.98,0.06,1.42,-0.01423500,-0.02851141,-0.03042481,-0.12278561,-0.026039,sell
2012-05-24,2.54,0.06,0.04,1.61,0.2,0.43,0,0.02,0.47,0.35,1.16,0.34,1.47,0.19,1.26,-0.08422223,-0.05439442,-0.08422223,-0.12038007,-0.084222,sell
2012-05-25,2.22,0.18,0.09,3.5,0.12,0.25,0,0.05,0.38,0.12,3.17,0.3,1.23,0.57,1.21, 0.00625176, 0.00725455, 0.01259284, 0.00337891, 0.013905,buy
2012-05-26,2,0.56,0.33,6.16,0,0.09,0,0.2,0.44,0,5.92,0.48,1.34,1.7,1.16,-0.03962700,-0.01387793,-0.02100717,-0.01620385,-0.040344,sell
2012-05-27,1.81,2.39,1.36,3.71,0.08,0,0,0.8,0.98,0,3.53,1.47,2.88,2.95,1.29, 0.00270162, 0.05808474, 0.01493560, 0.04572994, 0.016588,buy
2012-05-28,1.61,5.08,4.21,0.96,0.31,0,0,3.68,3.81,0,0.83,4.21,5.42,1.68,1.58,-0.07547388,-0.07547388,-0.07988274,-0.08564590,-0.076750,sell
2012-05-29,1.56,3.72,4.24,0.31,1.34,0,0,3.95,4.04,0,0.22,4.24,3.95,0.56,2.67,-0.08347003,-0.11626095,-0.08231767,-0.11359166,-0.066684,sell
2012-05-30,1.53,1.74,3.15,0.09,3.05,0,0,3.33,3.33,0,0.09,3.15,1.89,0.18,4.43,-0.05172770,-0.04093557,-0.04292312,-0.07670163,-0.052845,sell
2012-05-31,1.52,0.67,1.24,0,1.65,0,0,2.34,2.34,0,0,1.24,0.77,0,3.07, 0.05152484, 0.04745829, 0.02425714, 0.04739128, 0.047684,buy
2012-06-01,1.51,0.28,0.52,0,0.72,0,0,1.01,1.01,0,0,0.52,0.33,0,2.18,-0.00991473,-0.01519497, 0.01593827, 0.02073463,-0.002551,buy
2012-06-02,1.81,0.11,0.22,0,0.74,0,0,0.43,0.43,0,0,0.22,0.44,0.04,2.22, 0.01222233, 0.01128690, 0.04505193, 0.04681913, 0.003920,buy
2012-06-03,3.75,0,0.09,0,1.4,0,0,0.19,0.19,0,0,0.09,2.24,0.16,2.91,-0.00808371, 0.01138783, 0.02570337, 0.01099445, 0.027242,sell
2012-06-04,4.44,0,0,0,2.9,0.02,0,0,0,0.13,0,0,2.92,0.64,4.31, 0.01809589, 0.01178340, 0.06898094, 0.06824923, 0.037390,buy
2012-06-05,2.1,0,0,0,5.74,0.08,0,0,0,0.65,0,0,0.56,2.65,6.71, 0.08722610, 0.08388124, 0.10387322, 0.10787925, 0.018581,buy
2012-06-06,1.63,0,0,0,8.38,0.33,0,0.02,0.02,3,0,0,0.11,2.97,7.23, 0.10868081, 0.09241508, 0.05804493, 0.09818214, 0.060242,buy
2012-06-07,1.56,0,0.12,0,6.16,1.32,0,0.04,0.04,2.65,0.12,0,0.05,0.78,6.34, 0.13165754, 0.10838895, 0.06826466, 0.08501486, 0.097569,buy
2012-06-08,1.6,0,0.76,0,2.56,2.92,0,0.07,0.07,0.55,0.73,0.03,0.1,0.19,6.43,-0.02319738,-0.02793522,-0.01076810,-0.00316203,-0.011850,sell
2012-06-09,1.66,0.02,2.97,0.09,1.32,1.67,0,0.12,0.12,0.12,2.92,0.14,0.22,0,4.33,-0.03124104,-0.00893875,-0.00834292, 0.02465880,-0.035892,sell
2012-06-10,2.03,0.04,2.07,0.5,0.71,0.44,0,0.21,0.41,0,1.99,0.58,0.46,0,2.56, 0.03923356, 0.00106219, 0.00111674, 0.01913285, 0.008789,buy
2012-06-11,3.27,0.07,0.5,2.6,0.52,0.12,0,0.35,1.37,0,0.36,2.74,0.98,0,1.98,-0.04923215, 0.02130641,-0.04558467, 0.00216614,-0.045063,sell
2012-06-12,6.25,0.11,0.22,2.97,0.44,0.04,0,0.57,3.54,0.04,0,3.19,2.16,0,1.67,-0.02372212, 0.00733888,-0.01547477, 0.00813350,-0.050090,sell
2012-06-13,6.05,0.17,0.34,0.64,0.46,0.14,0,0.9,2.57,0.14,0,0.98,3.45,0,1.56, 0.01974880, 0.00524681, 0.01829983, 0.02604614, 0.032256,buy
2012-06-14,3.67,0.26,0.51,0.13,0.57,0.54,0,1.39,1.74,0.54,0,0.64,2.7,0,1.45, 0.00729514, 0.00430092,-0.00554902,-0.07894048, 0.009582,buy
2012-06-15,2.13,0.5,0.77,0,0.75,1.94,0.04,2.12,2.12,1.96,0.11,0.77,1.94,0,1.35, 0.10535686, 0.07090805,-0.03382742, 0.07790441, 0.060789,buy
2012-06-16,1.61,1.06,1.09,0.02,1.16,2.95,0.12,2.99,2.97,2.98,0.53,1.09,2.05,0,1.38,-0.01595224, 0.00404560,-0.03532922,-0.01595224,-0.016918,sell
2012-06-17,1.36,3,1.52,0.03,1.81,1.25,0.34,2.97,2.89,1.32,2.25,1.52,2.75,0,1.55, 0.00836047, 0.00268327, 0.00498665, 0.00401906, 0.039090,buy
2012-06-18,1.15,4.12,2.04,0.04,2.8,0.37,0.94,2.35,2.09,0.5,3.04,2.04,4.05,0,2.09,-0.05102030,-0.04556137,-0.03226692,-0.03988983,-0.033962,sell
2012-06-19,1.09,2.54,2.71,0.05,3.24,0.11,2.49,2.68,1.71,0.35,1.01,2.67,5.59,0,3.58,-0.07556362,-0.07628878,-0.09885233,-0.08113127,-0.057260,sell
2012-06-20,1.03,2.79,3.09,0.05,2.61,0,2.97,4.13,1.9,0.47,0.37,3,6.93,0,4,-0.09503527,-0.08862531,-0.09700148,-0.08325111,-0.063959,sell
2012-06-21,0.96,4.94,2.9,0.06,2.27,0,1.37,2.84,3.62,0.9,0.29,2.67,5.53,0,2.33,-0.11897657,-0.11364319,-0.11749582,-0.11897657,-0.088518,sell
2012-06-22,0.9,5.6,2.77,0.07,2.61,0,0.57,1.27,3.67,1.75,0.64,2.2,4.08,0,1.47,-0.04090409,-0.01731581,-0.05295550,-0.01265601,-0.033201,sell
2012-06-23,0.84,3.91,3.3,0.1,3.63,0,0.26,0.77,1.52,3.05,1.49,1.91,3.73,0.06,1.08,-0.03172586,-0.07861016,-0.02947949,-0.10164769,-0.034350,sell
2012-06-24,0.81,3.23,4.62,0.14,3.11,0.03,0.17,0.53,0.81,2.73,3.07,1.72,3.31,0.13,0.92,-0.00834210,-0.10296412,-0.01082249,-0.07197650,-0.010641,buy
2012-06-25,0.86,2.74,4.05,0.21,1.89,0.05,0.15,0.48,0.61,1.58,2.72,1.64,2.88,0.29,0.77,-0.01628694,-0.01634792, 0.01783974, 0.02862986, 0.015737,buy
2012-06-26,1.06,2.47,2.49,0.38,1.52,0.08,0.36,0.45,0.54,1.15,1.43,1.75,2.62,0.66,0.74,-0.03794855,-0.04699658,-0.04933867,-0.03066607,-0.020439,sell
2012-06-27,1.73,2.36,1.88,0.79,1.96,0.12,0.82,0.44,0.65,1.28,1.42,2.16,2.46,1.49,0.73,-0.04377173,-0.03196324,-0.08082766,-0.02278611,-0.009792,sell
2012-06-28,3.58,2.4,1.72,1.77,3.22,0.2,1.8,0.46,0.97,2.1,2.77,3.23,2.4,3.03,0.76,-0.00704757, 0.07382206, 0.06660718, 0.00099790, 0.073822,buy
2012-06-29,4.68,2.53,1.79,3,2.79,0.33,3,0.5,1.73,3.22,2.98,4.76,2.53,2.69,0.84,-0.06675944, 0.03863167, 0.03065563,-0.04958705,-0.072569,sell
2012-06-30,4.62,2.77,2.15,2.16,1.27,0.54,2.39,0.56,3.46,2.5,1.35,4.25,2.77,1.27,1, 0.03754752, 0.03023537, 0.03798077,-0.03019013, 0.017992,buy
2012-07-01,3.92,3,2.84,0.91,0.57,0.88,1.26,0.64,3.74,1.36,0.6,3.6,3,0.57,1.3,-0.06220246,-0.05025861,-0.07478103,-0.06856111,-0.069026,sell
2012-07-02,1.9,2.87,4.07,0.38,0.28,1.44,0.74,0.77,2.37,0.8,0.34,4.12,2.87,0.28,1.82,-0.04458171,-0.03579967,-0.01701245,-0.02452131,-0.027780,sell
2012-07-03,1.01,2.49,6.13,0.16,0.14,2.36,0.56,0.94,2.19,0.54,0.31,5.58,2.49,0.14,2.69,-0.02219560,-0.01822052,-0.02763519,-0.03246789,-0.010171,sell
2012-07-04,0.59,2.12,7.16,0,0,2.97,0.56,1.19,2.84,0.41,0.4,5.74,2.08,0,3.27,-0.03197107,-0.07729430,-0.01721037,-0.05200383,-0.064014,sell
2012-07-05,0.45,1.8,6.7,0,0,2.28,0.73,1.55,4.35,0.35,0.71,4,1.7,0,2.55,-0.07606464,-0.07617282,-0.05489418,-0.08502860,-0.079487,sell
2012-07-06,0.35,1.59,5.58,0,0,1.41,1.02,2.08,5.05,0.28,1.27,2.61,1.34,0,1.62,-0.01289477,-0.00977564, 0.01369242,-0.01292805, 0.005084,sell
2012-07-07,0.36,1.66,3.59,0,0,0.89,1.74,2.87,4.69,0.33,2.36,1.77,1.04,0,1.05, 0.00408617,-0.02596847, 0.04617665,-0.02611683,-0.025645,sell
2012-07-08,0.39,2.29,2.26,0,0,0.61,2.95,3,4.04,0.41,4.47,1.22,0.77,0,0.7,-0.06848721,-0.07015798,-0.06697336,-0.06955103,-0.070158,sell
2012-07-09,0.43,3.54,1.48,0,0,0.51,3,2.25,2.83,0.57,5.97,0.86,0.61,0,0.47,-0.00053219,-0.03520546,-0.03841659,-0.02809875,-0.037491,sell
2012-07-10,0.51,2.73,1.03,0,0,0.59,1.76,1.68,1.97,0.77,4.08,0.65,0.5,0,0.33, 0.02104595, 0.04546140,-0.03332504, 0.05014887, 0.051814,buy
2012-07-11,0.62,1.3,0.74,0,0,0.89,1.03,1.34,1.41,1.28,1.98,0.52,0.5,0,0.23, 0.00538506,-0.01537040,-0.02304123, 0.00203783, 0.030357,buy
2012-07-12,0.8,0.73,0.5,0,0,1.54,0.6,1.37,1.11,2.21,0.99,0.43,0.67,0.02,0.11, 0.05510379,-0.00131698, 0.02656234, 0.06572651, 0.056981,buy
2012-07-13,1.03,0.66,0.43,0,0,3.03,0.37,1.92,1.09,3.96,0.51,0.52,1.24,0.03,0.09, 0.02579413, 0.02082451,-0.04771943,-0.05550120, 0.017217,buy
2012-07-14,1.3,0.97,0.36,0,0,2.97,0.22,3.43,1.5,4.24,0.2,0.66,2.6,0.05,0, 0.01448575, 0.02477111,-0.05232977,-0.07728608, 0.027949,buy
2012-07-15,1.8,2.1,0.49,0,0,1.55,0.15,4.25,2.75,3.31,0.12,1.12,2.97,0.07,0, 0.04924080, 0.04339701, 0.04339701, 0.02653812, 0.043397,buy
2012-07-16,2.49,2.97,0.78,0,0,0.85,0.04,3.5,3.79,3.29,0,1.94,1.52,0.09,0, 0.10890461, 0.09203731, 0.07994222, 0.08668647, 0.091695,buy
2012-07-17,2.97,1.71,1.2,0,0,0.52,0.05,3.64,2.85,3.41,0,3.03,0.67,0.13,0, 0.02849828, 0.00675875, 0.00075472,-0.03254406, 0.029881,buy
2012-07-18,2.58,0.71,1.93,0,0,0.38,0.08,3.09,2.57,2.86,0,2.86,0.3,0.18,0, 0.08179832, 0.08536003, 0.01460155, 0.04998798, 0.086909,buy
2012-07-19,1.89,0.3,3.15,0,0,0.34,0.13,1.77,3.35,2.07,0.05,1.74,0.13,0.24,0, 0.07858446, 0.09382744,-0.01742725, 0.05680898, 0.102124,buy
2012-07-20,1.42,0.12,3.6,0,0,0.31,0.25,0.97,3.58,1.54,0.11,1.11,0,0.31,0.02, 0.00241048, 0.03644890, 0.01245278, 0.03245107, 0.039761,buy
2012-07-21,1.21,0,2.76,0,0,0.4,0.44,0.57,2.55,1.34,0.28,0.78,0,0.4,0.03,-0.01953280,-0.00327340,-0.00525885,-0.01191247, 0.009637,sell
2012-07-22,1.34,0,2.52,0,0,0.51,0.88,0.33,2.19,1.45,0.68,0.66,0,0.51,0.09,-0.00149811,-0.00799943, 0.00026950,-0.01581032, 0.041469,sell
2012-07-23,2.17,0,3.01,0,0,0.64,1.78,0.2,2.44,2.08,1.67,0.77,0.03,0.64,0.17,-0.02275554,-0.03596484,-0.02445935,-0.02445935,-0.006763,sell
2012-07-24,3.33,0,4.36,0,0,0.82,3.31,0.12,3.34,3.3,2.98,1.14,0.05,0.79,0.34,-0.00097313,-0.03477896, 0.01879879, 0.00030573,-0.001203,buy
2012-07-25,2.42,0,4.89,0,0,1.02,3.3,0,3.03,2.81,2.15,1.86,0.09,1.01,0.72, 0.02695798, 0.00812107, 0.06159284, 0.03678653, 0.032460,buy
2012-07-26,1.21,0,4.89,0,0,1.27,2.86,0,1.73,1.38,0.97,3.16,0.17,1.36,1.64, 0.02152591,-0.02910560, 0.01706388, 0.00789157, 0.017064,buy
2012-07-27,0.83,0,4.03,0,0,1.55,4.39,0,0.99,0.72,0.55,3.04,0.33,2.2,3.78, 0.03933259, 0.03025519, 0.05851469, 0.02751206, 0.060677,buy
2012-07-28,0.84,0,3.12,0,0,1.93,4.47,0,0.78,0.37,0.5,2.34,0.63,4.64,4.1, 0.04070141, 0.00979975, 0.02460436,-0.00314661, 0.024009,buy
2012-07-29,1.34,0,4,0,0,2.4,3.72,0,1.01,0.38,0.63,2.99,1.21,4.24,3.34,-0.00118012,-0.02233686, 0.00175218,-0.00080321,-0.011463,sell
2012-07-30,2.59,0,5.35,0,0,3.07,3.92,0,1.98,0.54,1.12,3.37,2.36,2.7,3.38,-0.01035209,-0.00818477,-0.01400270,-0.01650872,-0.009500,sell
2012-07-31,3.36,0,4.83,0,0,4.08,3.53,0,2.97,1.09,1.98,1.86,2.97,2.61,2.44,-0.02147548,-0.01230931,-0.02231693,-0.02207067,-0.022567,sell
2012-08-01,2.53,0,2.75,0,0,5.61,3.5,0,1.94,2.18,3.48,0.81,1.89,2.77,1.32, 0.04181980, 0.02723560, 0.02592248, 0.02592248,-0.020099,buy
2012-08-02,1.95,0,1.11,0,0,5.97,3.77,0,0.8,3,3.98,0.29,0.96,3,0.77, 0.06656882, 0.02396059, 0.02396059,-0.01148982,-0.081821,buy
2012-08-03,1.91,0,0.5,0,0,4.62,2.44,0,0.33,1.99,3.21,0.12,0.48,2.89,0.45, 0.01870070,-0.00924651,-0.00858566, 0.03890812, 0.023897,buy
2012-08-04,2.16,0.03,0.23,0,0,3.59,1.24,0,0.16,0.98,2.99,0,0.24,2.62,0.26, 0.00870984,-0.04491337,-0.02274319, 0.01825202, 0.016856,buy
2012-08-05,2.48,0.06,0.23,0,0,2.96,0.64,0,0.06,0.49,3.13,0,0.15,2.42,0.15, 0.01143414,-0.04960709,-0.01930746, 0.02133558, 0.021251,buy
2012-08-06,2.67,0.12,0.54,0,0,2.57,0.33,0,0.1,0.27,3.51,0,0.05,2.24,0.11,-0.00656074,-0.05202609,-0.02549805, 0.00464343,-0.000338,sell
2012-08-07,2.77,0.2,1.25,0,0,2.28,0.12,0,0.18,0.15,4.19,0,0.08,2.08,0.02,-0.00607709,-0.04000565,-0.01118668, 0.00059735, 0.002061,sell
2012-08-08,2.74,0.35,2.92,0,0,2.11,0,0,0.32,0.04,5.75,0,0.13,1.96,0.05,-0.02555487,-0.02765872,-0.03868371,-0.03387422,-0.030004,sell
2012-08-09,2.56,0.69,3.02,0,0,1.92,0,0,0.57,0.07,5.56,0.07,0.21,1.85,0.07,-0.01898224,-0.01867292,-0.06862323,-0.03752097,-0.027175,sell
2012-08-10,2.14,1.25,1.28,0.07,0,1.8,0.02,0,1.04,0.04,3.4,0.21,0.36,1.77,0.08,-0.02675283,-0.03638163,-0.01520380, 0.00062123,-0.007554,sell
2012-08-11,1.69,2.26,0.56,0.16,0,1.76,0.04,0,1.92,0.06,2.15,0.48,0.59,1.73,0.09,-0.06675979, 0.03537818, 0.02486629, 0.02506101, 0.024866,buy
2012-08-12,1.29,3.82,0.29,0.37,0,1.68,0.08,0,3.16,0.09,1.34,1.1,0.97,1.68,0.08,-0.06884738,-0.01825094,-0.04090008,-0.05172134,-0.041727,sell
2012-08-13,1.09,4.5,0.22,0.88,0,1.64,0.18,0,3.05,0.14,0.77,2.62,1.64,1.64,0.11, 0.02330703, 0.03074390, 0.03722510, 0.03482027,-0.001457,buy
2012-08-14,1.38,4.74,0.25,2.08,0,1.61,0.4,0,2.51,0.22,0.38,5.2,2.76,1.61,0.14,-0.06214103, 0.03750682, 0.03386274, 0.02957072, 0.014432,buy
2012-08-15,2.63,3.53,0.55,2.97,0.04,1.59,0.89,0,3.41,0.37,0.19,5.56,3.86,1.59,0.19,-0.03393084,-0.00204510, 0.01070487,-0.02390069,-0.004737,sell
2012-08-16,3.04,2.11,1.28,1.76,0.15,1.59,1.96,0,3.82,0.59,0.12,3.53,4.26,1.59,0.28, 0.06199782, 0.05450144, 0.04556868, 0.00983236, 0.012301,buy
2012-08-17,1.44,1.74,3.38,0.73,0.31,1.61,3,0,2.84,0.97,0.06,3.34,4.39,1.61,0.39,-0.03835704,-0.02314626,-0.04190644,-0.04190644,-0.033836,sell
2012-08-18,0.58,1.95,5.9,0.3,0.62,1.64,2.06,0.06,3.66,1.64,0.17,3.41,2.89,1.64,0.56,-0.00784953, 0.00966855, 0.02928667,-0.01006124,-0.013191,sell
2012-08-19,0.23,2.57,3.94,0.13,1.25,1.67,1.01,0.15,2.79,2.82,0.43,1.51,1.45,1.67,0.81, 0.01694752, 0.05455680, 0.03577666, 0.04850377, 0.038248,buy
2012-08-20,0.09,3.95,1.23,0,2.55,1.71,0.76,0.38,0.88,4.97,0.96,0.44,0.74,1.71,1.29, 0.01521553, 0.03270631, 0.03769324, 0.03467627, 0.015276,buy
2012-08-21,0,4.53,0.36,0,4.47,1.77,1.25,0.92,0.23,6.79,2.15,0.13,0.39,1.77,2.04, 0.05218974, 0.04538369, 0.05072676, 0.05072676, 0.052674,buy
2012-08-22,0,4.67,0,0,5.12,1.82,3.63,2.3,0,7.18,4.94,0,0.21,1.82,3.51,-0.09635782,-0.02198224,-0.10023803,-0.09412366,-0.103602,sell
2012-08-23,0,6.04,0,0,6.33,1.9,4.64,3,0,5.11,8.29,0,0,1.9,6.61,-0.08874241,-0.03021930,-0.08990122,-0.08867846,-0.089901,sell
2012-08-24,0.04,5.73,0,0.02,6.45,1.99,3.73,1.52,0.02,1.99,6.89,0.04,0,1.99,8.55,-0.06881345,-0.01513682,-0.08486124,-0.09900412,-0.061628,sell
2012-08-25,0.09,4.56,0,0.06,3.83,2.1,1.6,0.61,0.1,0.88,3.56,0.22,0,2.1,5.99, 0.03589109,-0.00289028, 0.00165405, 0.01723771,-0.010372,buy
2012-08-26,0.24,3.92,0,0.14,2.02,2.22,0.43,0.25,0.28,0.4,1.71,0.87,0,2.22,3.74,-0.00306462, 0.04761805,-0.01990827, 0.02048235, 0.029465,buy
2012-08-27,0.55,5.39,0,0.36,1.01,2.36,0.27,0.1,0.69,0.19,0.82,3.51,0.13,2.34,2.36, 0.07350254, 0.08966992, 0.08226761, 0.08386677, 0.059129,buy
2012-08-28,1.29,4.85,0,0.88,0.53,2.53,0.63,0,1.7,0.12,0.31,3.99,0.55,2.49,1.55, 0.04816783, 0.06622444, 0.06438863, 0.06622444, 0.048820,buy
2012-08-29,3,3.4,0,2.18,0.28,2.75,2.77,0.13,4.28,0,0.23,3.55,2.71,2.67,1.07,-0.06246083,-0.01631859,-0.01220485,-0.02348646,-0.019018,sell
2012-08-30,3.25,3.75,0,2.95,0.09,3.04,3.3,0.55,6.22,0,0.47,3.42,3.26,2.87,0.69,-0.07152941,-0.00866073,-0.00494036,-0.03013818,-0.007893,buy
2012-08-31,1.83,2.17,0,1.61,0,3.4,1.33,2.59,3.85,0.02,2.2,1.95,1.42,3,0.49,-0.00548037,-0.00892764, 0.01894161,-0.00545013, 0.009888,buy
2012-09-01,1.62,0.97,0,0.67,0,3.76,1.36,3.93,2.34,0.09,3.01,1.76,1.87,2.89,0.35,-0.01150692,-0.01771393, 0.00918942,-0.01145358,-0.005028,sell
2012-09-02,2.43,0.48,0,0.39,0,4.58,2.24,2.93,2.59,0.2,0.74,2.6,4,2.67,0.25,-0.02583800,-0.04012685,-0.02356480,-0.04823253,-0.030830,sell
2012-09-03,4.17,0.26,0,0.86,0,5.7,3,3.28,3.95,0.46,0.37,3.91,5.94,2.47,0.17, 0.00724900, 0.01571413, 0.01265645, 0.02286799, 0.027718,buy
2012-09-04,6.03,0.12,0,2.92,0,5.19,2.2,2.1,5.3,1.06,0.7,5.15,3.97,2.26,0.12, 0.05592010, 0.04600520, 0.08638953, 0.05113191, 0.047783,buy
2012-09-05,4.94,0.09,0,1.87,0,5.03,1.21,1.67,3.14,2.48,1.9,2.98,2.12,2.12,0.13, 0.05730109, 0.00577015, 0.06267116, 0.05895022, 0.060000,buy
2012-09-06,3.96,0,0,0.32,0,7.42,0.66,2.51,1,5.15,2.97,0.97,2.8,2.02,0.11, 0.07017256, 0.04750327,-0.03594587,-0.04674860, 0.047029,buy
2012-09-07,2.01,0,0.07,0,0,7.44,0.37,3.71,0.38,5.94,1.65,0.39,3.29,2.06,0.24, 0.07700088, 0.08099557, 0.03226479,-0.05025115, 0.056922,buy
2012-09-08,0.79,0,0.17,0,0,3.77,0.2,4.86,0.25,5.7,0.6,0.26,0.92,2.36,0.52, 0.02036049, 0.04157047,-0.03585686,-0.04387771, 0.031263,sell
2012-09-09,0.32,0,0.4,0,0,2.66,0.11,4.32,0.27,4.31,0.22,0.26,0.16,3.28,1.2, 0.03606371, 0.01723110, 0.01245130, 0.01299284, 0.053817,buy
2012-09-10,0,0,1.01,0,0,2.92,0,2.37,0.48,1.28,0,0.4,0,4.21,2.9, 0.00417601,-0.01386672,-0.01291173,-0.01386672,-0.002144,sell
2012-09-11,0,0,2.65,0,0,4.09,0,4.34,1.33,0.53,0,1.09,0,3.16,7.01,-0.05613974, 0.04893526, 0.08555854, 0.04893526, 0.044494,buy
2012-09-12,0,0,6.28,0,0.05,3.62,0,4.58,2.97,0.39,0,2.92,0.05,1.92,7.2,-0.04465356,-0.07695676,-0.05495749,-0.05495749,-0.061536,sell
2012-09-13,0,0,5.95,0,0.21,2.1,0,3.54,2.32,0.66,0,2.97,0.21,1.31,4.75,-0.08604939,-0.06670255,-0.03064229,-0.03064229,-0.033005,sell
2012-09-14,0,0,3.08,0,1.01,1.34,0.22,2.21,0.82,1.15,0.22,1.11,1.01,0.98,2.76, 0.01044589,-0.05354032,-0.01635098,-0.04909473,-0.012032,buy
2012-09-15,0,0,2.68,0,3.04,0.94,1.15,1.05,0.3,1.97,1.15,0.41,3.04,0.79,1.29,-0.01400527,-0.00620550,-0.02563342,-0.01307547,-0.012256,sell
2012-09-16,0,0,3.22,0,2.07,0.73,3.06,0.53,0.1,3.02,3.01,0.15,2.07,0.62,0.64,-0.03062138,-0.00635198,-0.02419308,-0.03026033,-0.030260,sell
2012-09-17,0,0,2.66,0,0.75,0.58,1.67,0.3,0.05,2.72,1.53,0.06,0.75,0.55,0.3, 0.03362789, 0.03345151,-0.00314578, 0.00684711, 0.076008,buy
2012-09-18,0,0,1.73,0,0.78,0.54,0.91,0.27,0.22,1.83,0.55,0.19,0.78,0.49,0.17,-0.00849062,-0.02654033,-0.00607187,-0.01083800, 0.015634,sell
2012-09-19,0,0,1.99,0,1.48,0.51,1.63,0.64,1.09,1.78,0.69,0.73,1.48,0.42,0.06, 0.00163493, 0.00245005, 0.00288164, 0.00481307, 0.029191,buy
2012-09-20,0,0,3.5,0,2.97,0.54,4.2,2.92,2.92,2.95,1.73,3.09,2.97,0.37,0.1, 0.00789400, 0.00789400,-0.01196711, 0.01853434, 0.015191,buy
2012-09-21,0,0.04,2.06,0,2.7,0.67,5.92,2.89,1.64,3.24,2.98,3.24,2.7,0.33,0.15, 0.02814517,-0.01525575, 0.00680016,-0.00406578,-0.017096,buy
2012-09-22,0,0.1,0.73,0,1.24,0.99,3.37,0.64,0.34,1.47,2.13,1.32,1.24,0.29,0.28, 0.02723177,-0.02720074,-0.02842986,-0.01989362,-0.027554,sell
2012-09-23,0.07,0.27,0.51,0,0.58,1.89,1.4,0.14,0.04,0.66,1.37,1.48,0.58,0.25,0.48, 0.11221301, 0.09197604, 0.10557825, 0.10175290, 0.104421,buy
2012-09-24,0.29,0.74,0.71,0,0.27,4.75,0.74,0.05,0.1,0.48,2.9,2.75,0.27,0.21,0.84,-0.03162317,-0.00762096,-0.03162317,-0.01896149,-0.031623,sell
2012-09-25,1.22,2.04,1.22,0,0.12,6.11,0.68,0.11,0.24,1.22,3.08,5.12,0.12,0.19,1.53, 0.03284081, 0.02228609, 0.04062044, 0.01371315, 0.013319,buy
2012-09-26,2.97,3.07,2.17,0,0,3.31,1.33,0.27,0.66,2.97,0.73,5.69,0,0.16,2.91, 0.02194031,-0.02399263,-0.00063641, 0.02458689, 0.021940,buy
2012-09-27,1.71,1.82,4.03,0,0.02,1.61,3.03,0.67,1.78,1.68,0.23,3.45,0.05,0.14,5.59,-0.01888638,-0.03934979,-0.01155707,-0.00975419,-0.017853,sell
2012-09-28,0.51,1.86,5.97,0,0.04,0.83,2.72,1.63,4.28,0.41,0.18,2.77,0.11,0.12,5.75,-0.03578918,-0.03736806,-0.03341481,-0.03338224,-0.082214,sell
2012-09-29,0.45,3.15,4.48,0,0.06,0.48,1.27,3.36,5.31,0.1,0.49,3.58,0.24,0.1,3.56,-0.02594583,-0.06871591,-0.02410553,-0.02367346,-0.059292,sell
2012-09-30,1.25,1.54,2.24,0,0.13,0.33,0.89,3.46,2.49,0,1.36,2.61,0.55,0.09,2.98, 0.03404840, 0.04288135, 0.04099104, 0.04347084, 0.022115,buy
2012-10-01,2.92,0.37,1.16,0,0.29,0.18,1.32,3.96,0.75,0,3.61,1.12,1.32,0,3.88, 0.01259742, 0.00337772, 0.01563254, 0.01713125, 0.017131,buy
2012-10-02,1.94,0.12,0.62,0,0.76,0.17,2.87,3.21,0.24,0.03,4.35,0.42,3.31,0,2.41,-0.00393743,-0.02997697,-0.00393743,-0.01233929,-0.022741,sell
2012-10-03,0.58,0.12,0.28,0.03,2.37,0.43,2.97,1.12,0.03,0.15,5.08,0.18,3.97,0,0.83, 0.06558933, 0.03987952, 0.04874958, 0.05567681, 0.052745,buy
2012-10-04,0.26,0.46,0.17,0.1,3.81,1.09,1.19,0.32,0.1,0.53,7.33,0.03,3.77,0,0.33, 0.08642072, 0.02271831, 0.08312453, 0.09376088, 0.102931,buy
2012-10-05,0.29,1.74,0.1,0.29,2.57,2.72,0.47,0.11,0.33,1.9,6.42,0.09,4.86,0,0.1, 0.09035978, 0.07812285, 0.08314480, 0.08393974, 0.099633,buy
2012-10-06,0.78,3,0,0.85,2.67,2.95,0.22,0,0.99,3.39,4.47,0.29,4.02,0,0, 0.04216948, 0.03851455, 0.03749719, 0.01919647, 0.042386,buy
2012-10-07,2.18,1.31,0,2.49,2.97,1.25,0.15,0.03,3.04,2.26,1.88,0.86,3.4,0,0, 0.06570529, 0.06905255, 0.04646617, 0.06663067, 0.054067,buy
2012-10-08,6.32,0.44,0,3,2.18,0.5,0.54,0.06,5.08,2.67,0.82,2.57,2.31,0,0.04,-0.00825956,-0.01342221,-0.00291652,-0.00435157, 0.000683,sell
2012-10-09,8.94,0.36,0,1.18,1.32,0.2,1.92,0.12,4.4,3.07,0.36,4.95,1.29,0,0.13,-0.04694663,-0.02548896,-0.01971851,-0.01971851,-0.004780,sell
2012-10-10,4.21,0.74,0,0.4,0.82,0,2.92,0.24,2.14,1.52,0,4.49,0.76,0,0.42,-0.08235685,-0.08235685,-0.08265900,-0.02700634,-0.021718,sell
2012-10-11,1.48,2.16,0,0.14,0.56,0.02,1.27,0.46,1.72,0.62,0,1.91,0.47,0,1.37, 0.03694905, 0.02122788, 0.01565295, 0.02347342, 0.021228,buy
2012-10-12,0.56,4.93,0.02,0,0.48,0.05,0.37,0.89,2.94,0.27,0,0.77,0.32,0,3, 0.05921790, 0.05899724, 0.01579436, 0.04499507, 0.043180,buy
2012-10-13,0.16,4.89,0.08,0,0.55,0.14,0.11,1.84,4.7,0.29,0,0.5,0.3,0,1.98, 0.05954186, 0.07548185, 0.00341949, 0.04017552, 0.035638,buy
2012-10-14,0.14,2.37,0.27,0,0.83,0.36,0,3.3,4.74,0.6,0,0.74,0.45,0,0.74, 0.09575217, 0.09575217, 0.10239655, 0.07367736, 0.097716,buy
2012-10-15,0.33,0.91,0.92,0,1.44,0.94,0,3.58,3.32,1.9,0.05,1.39,0.94,0,0.52, 0.12019396, 0.07944535, 0.03292681, 0.10277289, 0.084855,buy
2012-10-16,0.77,0.29,2.95,0,2.72,2.44,0,4.25,1.62,5.87,0.12,2.6,2.44,0,0.77, 0.01401363, 0.01450212, 0.01401363, 0.01401363,-0.006662,buy
2012-10-17,1.84,0.12,2.79,0,3.27,2.97,0,3.63,0.8,5.74,0.3,2.97,2.97,0,1.84, 0.00710008, 0.03670057,-0.00578192,-0.01673148,-0.015665,buy
2012-10-18,2.97,0,0.85,0,2.54,1.5,0,1.33,0.35,1.83,0.75,1.92,1.37,0,2.97, 0.00068693, 0.04192694,-0.02934388, 0.00710703, 0.040171,sell
2012-10-19,1.99,0.08,0.26,0,2.86,0.92,0,0.5,0.18,0.66,1.9,1.36,0.56,0,1.99,-0.10064378, 0.01721782,-0.05715520,-0.10023070, 0.017218,buy
2012-10-20,0.83,0.21,0.06,0,3.46,1.38,0,0.25,0.09,0.32,2.95,1.69,0.3,0,0.94,-0.04011881,-0.07447606,-0.07447606,-0.05724803,-0.080060,sell
2012-10-21,0.34,0.54,0.17,0.03,2.04,2.97,0.03,0.13,0,0.57,1.84,3.24,0.21,0,0.64, 0.06075867, 0.05974697, 0.06105417, 0.05845116, 0.090734,buy
2012-10-22,0.17,1.39,0.5,0.06,0.84,2.56,0.08,0.39,0.03,1.45,0.88,2.7,0.46,0,1.03, 0.03972591, 0.00190651, 0.01711078, 0.00007097, 0.059519,buy
2012-10-23,0.07,2.95,1.38,0.11,0.27,0.95,0.25,1.15,0.07,3.06,0.82,0.92,1.03,0,2.53, 0.01477153, 0.03356607, 0.03361481,-0.02874929, 0.018622,buy
2012-10-24,0.17,2.42,2.95,0.23,0.11,0.4,0.8,2.97,0.17,2.65,1.73,0.37,2.26,0,5.92, 0.00584128,-0.02730176, 0.01717029,-0.00583947, 0.006917,sell
2012-10-25,0.41,0.94,2.3,0.47,0.02,0.23,2.42,2.51,0.41,1.41,4.64,0.19,3.07,0,4.81,-0.00188200, 0.01530104, 0.01579986,-0.01686916,-0.002552,buy
2012-10-26,1.01,0.36,0.87,0.97,0.11,0.16,3.11,0.83,1.01,1.33,5.94,0.14,2.09,0,1.7,-0.00599795, 0.01113631,-0.02005248,-0.07579243, 0.005262,buy
2012-10-27,2.49,0.16,0.34,1.97,0.27,0.28,1.53,0.28,2.49,2.11,2.66,0.34,1.36,0.02,0.64, 0.03594539,-0.04197221,-0.01401383,-0.04667950,-0.010907,sell
2012-10-28,2.97,0.06,0.19,2.97,0.62,0.49,1.21,0.09,3.02,2.97,0.98,0.82,1.47,0.02,0.29, 0.06373718, 0.03130380, 0.04279537, 0.05922898, 0.033969,buy
2012-10-29,1.41,0.15,0.15,2.16,1.47,0.85,2.1,0.07,1.61,2.16,0.38,1.99,2.46,0.03,0.15, 0.08052281,-0.00885515,-0.03221452,-0.01084813, 0.003490,sell
2012-10-30,0.57,0.39,0.43,1.04,3.5,1.46,2.95,0.16,1.11,1.04,0.11,3,4.93,0.03,0.39, 0.06474340, 0.06567824, 0.01734988, 0.07254637, 0.049224,buy
2012-10-31,0.23,1,1.3,0.5,4.22,2.51,1.84,0.37,1.74,0.5,0,2,6.69,0.04,1,-0.04661582,-0.04499727,-0.03534136,-0.03444951,-0.034002,sell
2012-11-01,0.09,2.65,2.98,0.24,3.12,2.97,0.77,0.83,3.41,0.27,0,1.27,6,0.05,2.65, 0.04993553, 0.04563081, 0.04993553, 0.03425776, 0.030123,buy
2012-11-02,0,2.97,2.3,0.13,3.28,2.04,0.32,1.94,2.83,0.19,0.03,1.72,5.16,0.06,2.99,-0.01338582,-0.01338582,-0.01148590,-0.02952351, 0.063294,sell
2012-11-03,0,1.24,0.96,0.04,3.34,1.25,0.13,3.86,1.65,0.22,0.09,3.18,4.33,0.07,1.28, 0.01727677,-0.00485074, 0.08616864, 0.10517497, 0.025376,sell
2012-11-04,0,0.47,0.83,0.09,2.71,0.95,0,3.49,1.48,0.58,0.29,2.39,3.15,0.09,0.56, 0.06248283,-0.01017032, 0.08483192, 0.10222664, 0.051717,buy
2012-11-05,0.06,0.17,1.56,0.2,2.37,1.29,0,2.25,1.48,1.62,0.95,0.93,2.44,0.11,0.37,-0.00813408, 0.02209307,-0.04751619, 0.02134509,-0.012222,buy
2012-11-06,0.18,0,2.97,0.44,2.4,3.04,0,1.86,1.59,3.15,2.9,0.43,2.25,0.13,0.44, 0.02819052, 0.07919287, 0.01160086, 0.07316295, 0.012190,buy
2012-11-07,0.61,0,2.06,0.94,2.87,3.08,0,1.68,1.59,2.67,3.1,0.25,2.53,0.16,0.94, 0.03790468, 0.07387018, 0.02394084, 0.07878421, 0.020759,buy
2012-11-08,1.97,0,0.77,2.08,3.63,1,0,1.5,1.5,2.74,1.29,0.17,2.97,0.2,2.08,-0.02975698,-0.03085060,-0.02983475, 0.01020224,-0.019762,sell
2012-11-09,2.95,0.04,0.29,2.97,3.73,0.36,0,1.22,1.26,3.24,0.96,0.17,2.72,0.24,2.97, 0.03082197, 0.02249529, 0.02276694, 0.03820249, 0.022767,buy
2012-11-10,1.32,0.12,0.13,1.9,3.31,0.21,0,0.86,0.98,1.42,1.41,0.11,1.71,0.29,1.93,-0.02153428,-0.07214798,-0.05666805, 0.00572601,-0.044340,sell
2012-11-11,0.4,0.35,0.09,0.85,3.96,0.26,0,0.52,0.87,0.4,2.67,0.26,0.93,0.36,0.94,-0.06076315,-0.08221187,-0.07558439,-0.07847758,-0.075584,sell
2012-11-12,0.16,1.04,0.27,0.38,3.84,0.62,0,0.28,1.32,0.12,3.03,0.62,0.44,0.43,0.69, 0.00835162,-0.01355796,-0.01355796,-0.00565524,-0.098978,buy
2012-11-13,0.13,2.97,0.76,0.17,2.28,1.5,0,0.12,3.09,0,1.72,1.5,0.18,0.52,1.06, 0.03439411, 0.04026994, 0.02403564, 0.03792249, 0.010616,buy
2012-11-14,0.46,2.77,2.18,0,1.45,3,0,0,2.77,0,1.18,3,0,0.64,2.64,-0.02411091, 0.04263383, 0.05292374, 0.05514074, 0.070884,buy
2012-11-15,1.62,0.92,2.99,0,1.29,2.43,0.02,0,0.92,0,1.52,2.43,0.02,0.87,4.61, 0.03326163,-0.01506160, 0.05606238, 0.07375760, 0.081480,buy
2012-11-16,2.95,0.35,1.48,0,1.53,1.1,0.06,0,0.34,0.04,3.48,1.1,0.03,1.64,4.43, 0.00892608, 0.03951398, 0.03964109, 0.04818434, 0.019032,buy
2012-11-17,1.48,0.25,0.79,0,2.49,0.76,0.11,0,0.16,0.15,7.28,0.76,0.05,4.08,2.27,-0.04603515,-0.02252964,-0.01572100,-0.05132566,-0.031654,sell
2012-11-18,0.41,0.5,1.04,0,4.37,1.33,0.22,0,0.12,0.5,7.27,1.33,0.1,2.88,1.45,-0.01105963,-0.03905881,-0.01749062,-0.04559835,-0.026174,sell
2012-11-19,0.12,1.7,2.26,0,3.91,2.97,0.41,0,0.24,1.7,3.75,2.97,0.17,1.91,2.38,-0.02234596,-0.00225367,-0.00626333,-0.03298757,-0.022116,sell
2012-11-20,0,2.97,2.97,0,2.82,2.38,0.77,0.01,0.48,2.97,1.28,2.41,0.3,2.12,2.97,-0.03043101,-0.03917605,-0.02539768,-0.02881556,-0.021314,sell
2012-11-21,0.03,1.5,1.65,0,2.8,0.82,1.45,0.04,0.99,1.5,0.38,0.88,0.53,2.58,1.65,-0.03972359,-0.04070402, 0.00017553,-0.01298555, 0.023793,sell
2012-11-22,0.09,0.45,0.82,0,3.05,0.33,2.73,0.09,1.97,0.45,0,0.45,1.04,3,0.82, 0.04697175,-0.00877333,-0.00130057, 0.05393751, 0.053938,buy
2012-11-23,0.28,0.2,0.47,0,2.92,0.17,4.63,0.22,3.45,0.13,0.02,0.39,1.91,2.82,0.54,-0.03632450,-0.10797237,-0.04893524,-0.04317558,-0.042071,sell
2012-11-24,0.83,0.27,0.32,0,2.59,0.05,5.52,0.53,3.85,0,0.05,0.56,3.57,2.32,0.59,-0.05265613,-0.07319624,-0.05215403,-0.03936545,-0.053476,sell
2012-11-25,2.49,1.01,0.28,0,2.49,0.1,4.35,1.29,5.05,0.02,0.1,1.12,4.44,1.89,1.27,-0.01105273, 0.00317343, 0.00882121, 0.07077373,-0.000394,sell
2012-11-26,2.97,3,0.34,0,2.9,0.21,2.77,2.97,6.59,0.06,0.21,2.36,5.54,1.54,3.28, 0.02438170, 0.02201997, 0.03146510, 0.02704696, 0.041751,buy
2012-11-27,1.16,2.28,0.54,0,4.33,0.44,2.66,2.74,4.23,0.16,0.44,4.87,6.47,1.26,2.66, 0.03250724,-0.00506942,-0.06134532,-0.02496888,-0.001815,buy
2012-11-28,0.39,0.6,1,0.04,5.15,0.96,3.68,1.14,1.7,0.44,0.91,6.92,4.62,1.03,1.2, 0.04880181, 0.03086153,-0.01008369,-0.01008842, 0.027463,buy
2012-11-29,0.13,0.16,2.15,0.12,5.12,1.96,2.46,0.47,0.69,1.19,1.9,6.32,2.22,0.84,1.24, 0.08658134, 0.06604231, 0.05693061, 0.04466313, 0.071534,buy
2012-11-30,0,0,5.2,0.34,4.36,3.1,0.87,0.19,0.19,3.34,3,4.54,0.99,0.68,2.2, 0.02418019,-0.02413082, 0.00457309, 0.02994082, 0.020110,buy
2012-12-01,0,0,8.57,0.96,2.16,2.4,0.33,0,0,6.58,2.25,2.1,0.39,0.56,2.95, 0.08912343, 0.07274547, 0.01309706, 0.07470836, 0.084498,buy
2012-12-02,0,0,6.08,2.67,1.13,1.44,0,0,0,7.01,1.15,1.1,0.13,0.46,1.74, 0.01774496, 0.03804169, 0.02172936, 0.01418883, 0.015299,buy
2012-12-03,0,0,2.61,2.97,0.6,1.28,0,0,0,4.84,0.67,1.1,0,0.37,0.74,-0.06726829,-0.07345271,-0.07338576,-0.05094496,-0.042018,sell
2012-12-04,0,0,1.29,1.16,0.39,2.01,0,0,0,1.93,0.66,1.85,0,0.3,0.52,-0.01352331,-0.03122679, 0.00171067,-0.01044640,-0.027215,sell
2012-12-05,0,0,1.3,0.48,0.25,3.07,0,0,0,0.71,1.2,2.95,0,0.25,1.07, 0.03047493,-0.02538625, 0.00668592,-0.03114500, 0.098107,buy
2012-12-06,0,0,3.27,0.35,0.2,2.06,0,0,0.03,0.28,2.95,2.03,0,0.2,3.34,-0.09355116,-0.05546699,-0.00540269,-0.00309231,-0.063720,buy
2012-12-07,0,0,2.83,0.62,0.16,0.93,0,0,0.06,0,2.87,0.87,0,0.16,3.45,-0.06917292,-0.08743869,-0.07167173,-0.03858005,-0.095985,sell
2012-12-08,0,0,1.8,1.96,0.13,0.74,0,0,0.12,0,1.06,0.59,0.03,0.13,3.76, 0.06025939,-0.03905949,-0.03580647,-0.00944770,-0.035806,sell
2012-12-09,0,0,3.13,3,0.11,1.33,0,0,0.24,0,0.62,1.02,0.07,0.11,6.13,-0.02004255,-0.02384819,-0.02307303,-0.03800369,-0.035823,sell
2012-12-10,0,0,2.92,1.41,0.11,3.33,0,0.02,0.5,0,1.11,2.7,0.15,0.09,4.33,-0.02400888,-0.05113479, 0.03429071, 0.03428294, 0.049998,buy
2012-12-11,0,0,1.16,0.45,0.06,4.22,0,0.07,1,0,3.06,2.95,0.34,0,1.61,-0.06891174,-0.01630986, 0.03719403,-0.00831672,-0.000048,buy
2012-12-12,0,0.03,0.46,0.14,0.19,3.65,0.04,0.24,2.04,0.03,2.92,1.08,0.8,0,0.6,-0.01593795, 0.00390733, 0.05428670,-0.01580873,-0.003046,sell
2012-12-13,0,0.07,0.18,0,0.55,5.13,0.09,0.79,3.79,0.07,1.37,0.41,1.84,0,0.18, 0.02548079, 0.02548079, 0.02168819,-0.02184908, 0.023850,buy
2012-12-14,0,0.15,0,0.06,1.5,5.56,0.18,2.67,5.16,0.21,1.55,0.26,3.21,0,0,-0.02215766,-0.00678732,-0.00678732,-0.01036617,-0.011832,sell
2012-12-15,0,0.34,0,0.23,4.14,3.44,0.38,2.97,4.23,0.57,3.22,0.48,3,0,0, 0.04115155,-0.00350273, 0.00040130, 0.04871148, 0.001625,sell
2012-12-16,0,0.76,0,0.92,7.36,1.61,0.8,0.98,1.63,1.68,3.77,1.67,3.68,0,0,-0.03737897,-0.01018001,-0.03737897,-0.03781675,-0.039768,sell
2012-12-17,0,1.7,0,2.92,7.06,0.75,1.68,0.43,0.76,4.62,2.85,2.92,3.39,0,0,-0.04751772,-0.10936598,-0.09281049,-0.05777777,-0.102954,sell
2012-12-18,0,3,0,2.37,2.93,0.35,2.97,0.46,0.63,5.3,3.42,1.48,1.18,0,0.07,-0.05362420, 0.03207255,-0.03893994,-0.03902925,-0.015604,sell
2012-12-19,0,2.35,0,0.96,1.04,0.09,2.49,1.37,1.46,2.92,2.66,0.48,0.39,0,0.39, 0.05030870, 0.01166925,-0.01238501, 0.03773166,-0.001984,sell
2012-12-20,0,1.15,0,1.9,0.61,0,1.18,2.97,2.97,1.37,1.18,0.33,0.28,0,1.68, 0.02979147, 0.00291093,-0.00783892, 0.00033036,-0.037591,buy
2012-12-21,0,0.75,0,3.67,1.4,0,0.59,2.12,2.15,1.16,0.56,0.62,0.78,0,3.26,-0.02413292,-0.04147329,-0.05909510,-0.05971646,-0.059095,sell
2012-12-22,0,0.92,0,3.51,4.06,0,0.34,0.72,0.79,2.55,0.27,1.84,2.22,0,1.88,-0.00294147,-0.00303710, 0.00229942,-0.01662496, 0.003734,sell
2012-12-23,0,1.86,0,3.29,6.02,0,0.31,0.24,0.42,3.06,0.15,3,3,0,2.09,-0.03412147,-0.03384464,-0.02713432,-0.03199109,-0.015283,sell
2012-12-24,0,2.97,0.04,1.34,3.06,0.08,0.44,0,0.42,1.13,0.08,1.61,1.49,0,3.22,-0.05305339,-0.03557259,-0.02134900,-0.08555474,-0.009586,sell
2012-12-25,0,1.99,0.1,1.24,1.37,0.35,1.07,0,1.03,0.42,0.38,0.59,0.84,0,2.91,-0.09339396,-0.12247874,-0.04996537,-0.12090052,-0.024490,sell
2012-12-26,0,0.82,0.27,3.02,1.69,1.18,2.55,0,2.45,0.37,1.47,0.31,1.32,0,3.74,-0.00390731, 0.02701215,-0.00565262,-0.00509886,-0.008527,buy
2012-12-27,0,0.33,0.74,2.49,3.01,3.37,3.26,0,3.03,0.74,3.37,0.3,3.24,0,2.82,-0.02622379,-0.08039423,-0.00628038,-0.05967620,-0.065506,sell
2012-12-28,0,0.14,2.06,0.67,1.73,3.42,2.18,0,1.62,2.03,2.71,0.73,3,0,0.84,-0.05266190, 0.00139932,-0.00133996,-0.00276845,-0.041385,sell
2012-12-29,0.04,0,3.03,0.18,0.63,3.49,2.18,0,0.85,2.99,3.24,1.76,2.21,0,0.26,-0.00054418, 0.01282328, 0.02964763, 0.01478553, 0.020649,buy
2012-12-30,0.08,0,1.82,0,0.6,3.15,3.23,0.02,0.71,1.66,3.1,2.97,3.17,0,0.24, 0.05691236, 0.05194101, 0.06446169,-0.04289719, 0.002021,buy
2012-12-31,0.18,0,1.29,0,1.01,1.21,2.53,0.04,0.98,0.76,1.26,2.11,2.5,0,0.71,-0.01576538,-0.01339170,-0.01576538, 0.00153966,-0.015765,sell
2013-01-01,0.4,0,2.31,0,2.07,0.56,1.13,0.07,1.77,0.63,0.75,0.94,1.22,0,2.08, 0.06036486, 0.06793211, 0.06036486, 0.06012095, 0.062201,buy
2013-01-02,0.9,0,3.06,0,4.14,0.54,0.78,0.14,3.33,0.97,1.17,0.54,0.92,0,2.99, 0.06950611,-0.00069963, 0.00310718, 0.00957359, 0.009722,sell
2013-01-03,1.96,0,1.82,0,5.97,1.11,1.54,0.26,4,2.31,3.09,0.57,1.44,0,1.47, 0.01318379,-0.01126326,-0.02491289,-0.00588175,-0.005882,buy
2013-01-04,3.1,0,2.25,0,4.85,3.42,3.17,0.48,4.35,4.71,3.51,0.96,3.38,0,0.64,-0.07676383,-0.08998638,-0.06515627,-0.08019190,-0.074272,sell
2013-01-05,2.31,0,3.33,0,2.91,5.92,2.45,0.92,2.43,5.05,3.83,2.41,4.62,0,0.59,-0.06197154,-0.06169145,-0.04067100,-0.04216523,-0.040947,sell
2013-01-06,1.51,0.02,2.03,0,3.24,3.92,3.32,1.74,0.85,2.13,3.01,5.55,5.76,0,1.43, 0.04126928, 0.04773905, 0.05221236, 0.03903183, 0.032261,buy
2013-01-07,1.68,0.06,3.26,0,3.24,1.17,3.1,2.95,0.43,0.77,0.75,4.94,6.31,0,4.23,-0.05169209,-0.05314674,-0.05806281,-0.06120612,-0.055703,sell
2013-01-08,2.99,0.16,2.04,0,1.83,0.59,0.83,2.65,0.41,0.36,0.21,2.23,3.55,0,4.83, 0.00218296, 0.01379549, 0.00031964, 0.00031964,-0.020755,sell
2013-01-09,3.1,0.43,0.44,0,0.88,0.73,0.38,1.39,0.75,0.53,0.16,1,1.59,0.03,3.44, 0.00617047, 0.01258672, 0.01420110,-0.00930736, 0.026833,buy
2013-01-10,1.38,1.18,0.13,0,0.45,1.76,0.5,0.74,1.83,1.18,0.43,0.45,0.74,0.05,1.51, 0.08453393, 0.07229988, 0.03970829, 0.04105338, 0.055212,buy
2013-01-11,0.61,3.15,0.14,0,0.23,3.14,1.31,0.39,3.29,3.19,1.16,0.23,0.39,0.09,0.71, 0.02726920,-0.03846322, 0.02989699,-0.03432881, 0.026021,buy
2013-01-12,0.27,3.59,0.46,0,0.12,2.76,3.6,0.2,3.16,3.76,3.2,0.15,0.2,0.15,0.56, 0.06707153, 0.09035128, 0.02679406, 0.09461360, 0.116692,buy
2013-01-13,0.12,3.68,1.54,0,0,3.39,5.37,0.11,4.52,4.31,4.18,0.1,0.17,0.25,1.03,-0.04710160, 0.04766685,-0.04876829, 0.01032644, 0.051809,buy
2013-01-14,0,5.83,3.14,0,0,5.04,7.12,0,6.27,6.38,5.72,0.31,0.17,0.43,2.59,-0.06951172,-0.03264264,-0.07500108,-0.06248249,-0.048067,sell
2013-01-15,0,5.64,2.41,0,0,4.21,5.7,0,3.01,3.06,6.42,0.9,0.48,0.75,4.99,-0.03125932, 0.01446527,-0.03949430,-0.02797956, 0.035848,sell
2013-01-16,0,4.73,2.6,0,0,1.8,2.85,0.02,0.87,0.81,2.39,2.7,1.41,1.33,6.52,-0.00468708,-0.00953271,-0.03537236,-0.01484240, 0.000581,sell
2013-01-17,0,1.87,3.15,0,0,0.48,3.35,0.05,0.21,0.18,0.67,2.95,3,2.36,4.84,-0.03839139,-0.00241760,-0.00785049,-0.01768114,-0.022924,sell
2013-01-18,0,0.5,1.31,0,0,0.15,2.1,0.1,0,0,0.25,1.09,2.1,3,1.81, 0.03892426, 0.00827236, 0.01072860,-0.01526898,-0.002070,buy
2013-01-19,0,0.08,0.41,0,0,0.03,0.73,0.21,0,0,0.21,0.4,0.73,2.08,0.49,-0.07543549,-0.10634092,-0.07951841,-0.09852675,-0.112952,sell
2013-01-20,0.13,0,0.13,0,0.07,0.05,0.25,0.45,0.07,0.13,0.45,0.17,0.25,1.16,0.13,-0.05430862,-0.06857035,-0.06329964,-0.06707081,-0.066625,sell
2013-01-21,0.57,0,0,0,0.32,0.1,0.08,0.96,0.32,0.57,0.96,0.1,0.08,0.64,0,-0.01734559,-0.02556396,-0.03138399,-0.02066861,-0.080706,sell
2013-01-22,2.69,0.07,0,0,1.44,0.23,0,2.08,1.39,2.65,2.04,0.28,0.04,0.35,0.11, 0.05667031, 0.04890650, 0.06049808, 0.03976775, 0.087708,buy
2013-01-23,3.82,0.23,0,0,3.6,0.49,0.1,3.17,3.3,3.54,3.07,0.79,0.2,0.19,0.51,-0.09460978,-0.12388221,-0.10809239,-0.12388221,-0.090312,sell
2013-01-24,4.17,0.72,0,0,3.85,1.07,0.31,2.9,2.3,2.45,2.34,2.62,0.87,0.1,2.44,-0.12149092,-0.10715230,-0.12316987,-0.11552605,-0.107508,sell
2013-01-25,5.68,2.34,0,0,4.42,2.42,0.98,3.95,2.38,4.89,1.94,4.46,2.99,0,3.13,-0.03141235,-0.03240762,-0.03920972,-0.05022378,-0.054870,sell
2013-01-26,4.03,3.28,0,0,3.71,5.66,3,2.7,5.3,5.97,3.45,4.07,2.25,0,1.34, 0.02918391, 0.02901852, 0.02918391,-0.01645906, 0.003931,buy
2013-01-27,2.23,2.17,0,0,3.69,5.92,2.7,0.9,5.95,2.63,2.91,3.66,0.69,0,1.77, 0.05630154, 0.05753884, 0.05327620, 0.08512017, 0.021707,buy
2013-01-28,2.21,3.19,0,0,2.63,2.62,0.85,0.75,2.55,0.96,0.97,2.7,0.63,0,4.44,-0.03782813, 0.01563695, 0.01563695,-0.03928171,-0.023237,buy
2013-01-29,3.19,3.05,0,0,3.37,1.16,0.27,1.36,1,0.35,0.38,3.53,1.25,0,5.89,-0.02923427,-0.02610089,-0.02993162,-0.03144835,-0.015861,sell
2013-01-30,2.25,1.02,0,0,3.24,0.53,0,3.51,0.4,0.09,0.54,3.37,2.97,0,3.18,-0.06154520,-0.06807061,-0.01999711,-0.03347548,-0.014655,sell
2013-01-31,0.89,0.34,0,0,1.42,0.33,0,5.59,0.11,0,2.72,1.64,2.87,0,1.23, 0.00330832, 0.00477718, 0.00785268,-0.00451006,-0.022994,sell
2013-02-01,0.37,0.12,0,0,0.54,0.71,0,4.08,0,0,2.89,1.25,1.19,0,0.49, 0.03408102, 0.03408102, 0.03408102,-0.00201194, 0.013436,buy
2013-02-02,0.16,0,0,0,0.23,2.79,0,1.11,0,0,0.61,3.02,0.5,0,0.16, 0.02643401, 0.00598699, 0.03462805, 0.01937728, 0.126540,buy
2013-02-03,0.08,0,0,0,0.12,3,0,0.37,0.02,0.12,0.12,3.1,0.21,0,0, 0.02713965, 0.03903019, 0.05477346, 0.03904023, 0.146193,buy
2013-02-04,0.24,0,0,0,0.06,0.65,0,0.19,0.06,0.32,0.02,0.65,0.09,0,0, 0.02311578,-0.00904032,-0.00116514,-0.00334902,-0.022296,buy
2013-02-05,0.73,0,0,0,0.18,0.14,0,0.21,0.22,0.88,0.06,0.14,0,0,0, 0.06816704, 0.07662180, 0.06775452, 0.07662180, 0.039499,buy
2013-02-06,2.27,0,0,0,0.57,0,0,0.57,0.59,2.58,0.16,0.05,0.03,0,0.07, 0.04020379, 0.02434740, 0.03849971, 0.04020379, 0.107855,buy
2013-02-07,3.2,0,0,0,1.67,0,0,1.41,1.73,3.93,0.4,0.16,0.08,0,0.2,-0.06134834,-0.06629110,-0.06498884,-0.06498884,-0.012011,sell
2013-02-08,1.87,0,0,0,3.44,0,0.06,3.91,3.53,3.88,1.05,0.55,0.23,0,0.62, 0.05326427,-0.02714686,-0.02400800,-0.02473534,-0.029076,sell
2013-02-09,2.1,0,0,0,3.43,0.07,0.2,8.92,3.72,5.74,2.72,1.71,0.8,0,1.76,-0.02524169,-0.08342338,-0.04533381,-0.04533381,-0.037045,sell
2013-02-10,3.45,0,0,0,3.68,0.16,0.67,10.24,4.62,4.62,2.97,3.83,2.45,0,3.65,-0.01716537,-0.01400587,-0.01505897,-0.01431206,-0.014542,sell
2013-02-11,3.12,0,0,0,2.23,0.38,2.29,8.67,3.91,2.31,1.24,4.66,4.1,0,4.14,-0.01852863,-0.00536723, 0.01866359,-0.01079711,-0.002479,sell
2013-02-12,3.88,0,0,0,0.67,0.92,3.45,6.27,3.51,1.09,0.48,5.04,4.53,0,4.05,-0.05732040,-0.05085727, 0.03080395,-0.04491564,-0.057320,sell
2013-02-13,3.07,0,0,0,0.23,2.22,2.07,3.23,2.64,0.51,0.19,4.52,3.26,0,2.34,-0.02398637,-0.03326610, 0.00371466,-0.02579582,-0.050215,sell
2013-02-14,1.72,0,0,0,0,2.97,2.11,2.14,1.3,0.26,0,5.08,1.77,0,1.83, 0.01919151, 0.00034421, 0.02735174,-0.03094493,-0.027766,buy
2013-02-15,2.05,0,0,0,0,1.62,3.09,2.71,0.68,0.14,0.1,4.71,2.05,0,2.47, 0.00390252,-0.00058873, 0.01333077,-0.03286597, 0.005596,buy
2013-02-16,3.05,0,0,0,0,0.68,2.56,3.32,0.36,0,0.37,3.24,3,0,3, 0.00183824, 0.00183824, 0.02357162, 0.00183824, 0.034141,buy
2013-02-17,2.5,0,0,0,0,0.28,1.29,3.15,0.19,0,1.13,1.57,2.38,0,2.14, 0.00518539,-0.00012021, 0.00119592,-0.00858348,-0.001386,buy
2013-02-18,1.45,0,0,0,0,0.16,0.65,4.16,0.1,0,3.21,0.81,1.19,0,1.21, 0.02615802, 0.02615802, 0.03093972, 0.00734168, 0.013236,buy
2013-02-19,1.07,0,0,0,0,0.12,0.33,3.35,0,0.02,3.13,0.45,0.59,0,0.68, 0.05323374, 0.05472487, 0.07778668, 0.02151675, 0.047718,buy
2013-02-20,1.06,0,0,0,0,0.37,0.17,1.27,0,0.05,1.6,0.54,0.29,0,0.39, 0.10658995, 0.08545743, 0.08110168, 0.07948754, 0.078628,buy
2013-02-21,1.25,0,0,0,0,1.11,0.09,0.59,0,0.11,1.37,1.2,0.14,0,0.22, 0.10196420, 0.07910835, 0.08352166, 0.06988486, 0.084162,buy
2013-02-22,1.37,0,0,0,0,2.97,0,0.39,0.05,0.26,1.37,2.97,0,0,0.13, 0.02323366, 0.01781050, 0.04615306, 0.02921187, 0.136375,buy
2013-02-23,1.5,0,0,0,0,2.6,0,0.59,0.12,0.59,1.5,2.6,0,0,0, 0.08525744, 0.03993712, 0.08917503, 0.02958135, 0.134810,buy
2013-02-24,1.68,0,0,0,0,0.88,0.05,1.34,0.28,1.34,1.64,0.93,0.04,0,0, 0.09741973, 0.08346199, 0.09403727, 0.10337632, 0.096986,buy
2013-02-25,1.89,0,0,0,0,0.29,0.13,2.99,0.64,2.97,1.8,0.42,0.09,0,0.02, 0.09415207, 0.10888548, 0.09501736, 0.10524055, 0.105241,buy
2013-02-26,2.39,0,0,0,0,0.1,0.3,2.91,1.47,2.84,2.18,0.4,0.21,0,0.07, 0.08709635, 0.08706669, 0.02459586, 0.09027234, 0.142422,buy
2013-02-27,3.82,0,0,0,0,0,0.73,1.41,2.97,1.26,3.28,0.73,0.54,0,0.15, 0.07796308, 0.04179858, 0.04964154, 0.06855273, 0.082254,buy
2013-02-28,4.7,0.03,0,0,0,0,1.76,0.93,2.53,0.63,3.38,1.76,1.35,0,0.3, 0.06510489,-0.00166199,-0.03176003, 0.07143321, 0.043069,buy
2013-03-01,4.74,0.06,0,0,0,0,2.97,1.1,1.16,0.45,1.76,2.97,3.04,0.03,0.65, 0.01897380, 0.01897380, 0.01545806, 0.01430924, 0.021184,buy
2013-03-02,3.55,0.11,0,0,0,0,2.14,2.17,0.62,0.68,0.84,2.14,2.82,0.18,1.49, 0.00620199, 0.00423424, 0.01358482, 0.02046832, 0.019676,buy
2013-03-03,1.65,0.23,0,0,0,0,1.08,5.15,0.63,1.59,0.35,1.08,1.53,1.06,3.56,-0.02270483,-0.02833676,-0.02718459,-0.03614494,-0.027185,sell
2013-03-04,1.22,0.48,0,0,0,0,0.98,8.91,1.3,2.97,0.17,0.98,1.53,3,5.94,-0.04443741,-0.07551863,-0.06204752,-0.05276174,-0.056861,sell
2013-03-05,1.93,0.98,0,0,0,0,1.86,6.09,3.18,2,0.05,1.86,2.86,1.33,4.09,-0.03033384,-0.00494406, 0.01048534,-0.00494406,-0.033938,sell
2013-03-06,4.83,2.03,0,0,0,0,4.72,2.71,3.27,0.86,0.12,4.72,6.74,0.23,1.85,-0.04269090,-0.03914258, 0.03975801,-0.03758743,-0.042691,sell
2013-03-07,6.24,3,0,0,0,0,5.97,1.74,2.45,0.69,0.3,5.97,8.94,0.03,1.05,-0.00281454,-0.00703371, 0.03933157,-0.00509667,-0.001597,sell
2013-03-08,3.57,2.08,0,0,0,0,2.81,2.16,3.28,1.18,0.77,2.81,4.88,0.04,0.98, 0.00576946, 0.01345210, 0.02893005, 0.00223284, 0.001711,buy
2013-03-09,3.12,1.01,0,0,0,0,1.1,4.39,2.51,2.56,2,1.1,2.13,0.05,1.83, 0.03384647, 0.01008262, 0.00135996, 0.00515381, 0.019620,buy
2013-03-10,3.52,0.52,0,0,0,0,0.46,5.92,1.06,2.97,3.04,0.46,1,0.06,2.95,-0.03788281,-0.07185170,-0.07418048,-0.07172056,-0.011334,sell
2013-03-11,2.19,0.32,0,0,0,0,0.17,3.65,0.51,1.55,2.03,0.17,0.48,0.07,2.1, 0.07287902, 0.05990015, 0.05990015, 0.01301273, 0.059900,buy
2013-03-12,1.75,0.3,0,0,0,0,0.09,1.64,0.26,0.77,1.7,0.09,0.35,0.09,0.87, 0.05744082, 0.03922665, 0.06807485, 0.08094198, 0.056717,buy
2013-03-13,3.21,0.44,0,0,0,0,0,0.78,0.15,0.42,3.34,0,0.31,0.11,0.36,-0.01842368,-0.03156419,-0.04658201, 0.00767301,-0.016805,sell
2013-03-14,2.87,1.12,0,0,0,0,0,0.4,0.1,0.25,3.16,0,0.83,0.14,0.15,-0.01276130,-0.02924447,-0.04287188, 0.01044885,-0.022518,sell
2013-03-15,0.88,2.68,0,0,0,0,0,0.16,0,0.16,1.48,0,2.08,0.17,0, 0.02687571, 0.00420261,-0.01379755,-0.00149201, 0.025629,buy
2013-03-16,0.28,4.56,0,0,0,0,0,0.12,0,0.12,1.52,0,3.32,0.21,0, 0.00119955, 0.03266659,-0.02416128, 0.02487739,-0.007135,buy
2013-03-17,0.09,5.47,0,0,0,0,0.03,0.09,0,0.12,2.69,0,2.87,0.27,0, 0.04086398, 0.04038857, 0.02470443, 0.03540010, 0.036071,buy
2013-03-18,0.03,6.59,0,0,0,0,0.07,0,0,0.05,2.95,0.02,3.67,0.33,0, 0.02025154, 0.05064032, 0.00502535, 0.04112237, 0.025124,buy
2013-03-19,0.04,4.34,0.04,0,0.05,0,0.1,0,0.09,0.08,1.65,0.02,2.77,0.42,0, 0.02923581, 0.03579128,-0.01121831, 0.01855468, 0.018992,buy
2013-03-20,0.05,1.74,0.08,0,0.11,0,0.17,0.13,0.14,0.22,0.86,0.08,1.01,0.54,0, 0.05683079, 0.06154925, 0.02486157, 0.03462238, 0.041469,buy
2013-03-21,0.07,0.89,0.17,0,0.2,0,0.28,0.19,0.22,0.35,0.65,0.12,0.48,0.69,0, 0.00513651,-0.00305784,-0.01778470,-0.00853984,-0.057958,buy
2013-03-22,0.1,0.93,0.36,0,0.37,0,0.49,0.29,0.4,0.56,0.93,0.22,0.46,0.88,0,-0.01202360,-0.01202360,-0.05357463,-0.01202360,-0.025459,sell
2013-03-23,0.16,2.07,0.75,0,0.67,0,0.85,0.51,0.71,0.94,2.07,0.42,0.91,1.12,0,-0.00333735,-0.00680807, 0.00361755,-0.00817196,-0.014300,sell
2013-03-24,0.28,4.62,1.55,0,1.24,0,1.45,0.92,1.3,1.57,4.62,0.8,1.83,1.43,0, 0.02641461, 0.02890507, 0.03862931, 0.02890507, 0.026749,buy
2013-03-25,0.52,5.3,3,0,2.27,0,2.52,1.7,2.41,2.67,5.3,1.55,3.52,1.8,0,-0.02061996,-0.02078112, 0.03375800, 0.01508919, 0.020437,sell
2013-03-26,1.03,2.58,2.86,0,3.29,0,3.43,3.26,3.64,3.64,2.58,3.05,3.89,2.27,0, 0.02919937, 0.05304601, 0.05539862, 0.06301882, 0.062234,buy
2013-03-27,2.12,0.89,1.69,0,2.76,0,3.19,4.16,3.57,3.45,0.89,3.9,3.81,2.83,0,-0.07053153, 0.04554650,-0.00931183,-0.07791181,-0.077383,sell
2013-03-28,2.97,0.31,1.73,0,2.07,0,3.33,3.96,3.9,3.59,0.31,3.7,4.7,3.35,0,-0.09878295, 0.00324851,-0.04018416,-0.08700820,-0.104312,sell
2013-03-29,1.89,0,3.55,0,2.38,0,4.78,4.91,4.99,4.81,0.03,4.88,5.41,3.21,0,-0.00228648, 0.07693152, 0.05038242, 0.03695758, 0.015345,buy
2013-03-30,0.82,0,6.15,0,4.3,0,5.49,5.8,5.83,5.45,0.06,5.84,6.91,2.65,0, 0.00237386, 0.09385950, 0.06178480, 0.12429280, 0.071790,buy
2013-03-31,0.37,0,4.06,0,6.52,0,6.32,7.02,7,6.46,0.15,6.88,4.28,2.21,0,-0.04738448, 0.06604916, 0.00190415, 0.04542894, 0.039562,buy
2013-04-01,0.2,0,1.71,0,4.75,0,5.67,5.31,4.73,5.81,0.34,5.17,1.57,1.84,0, 0.02322842, 0.06702760, 0.00356900, 0.08869881, 0.057289,buy
2013-04-02,0.2,0,1.1,0,2.11,0,3.19,2.22,1.88,3.26,0.78,2.13,0.52,1.54,0.02,-0.02287335,-0.03818286,-0.02212170,-0.08306089,-0.006643,sell
2013-04-03,0.56,0,1.52,0,1.08,0,1.35,0.89,0.7,1.45,1.93,0.76,0.15,1.29,0.03,-0.03929926,-0.03493751, 0.00672417,-0.01566298,-0.001314,sell
2013-04-04,1.62,0,3.14,0,0.58,0,0.65,0.27,0.24,0.61,4.76,0.24,0,1.06,0.07,-0.02217621,-0.02217621,-0.06607185,-0.05378081,-0.039809,sell
2013-04-05,2.95,0,6,0,0.39,0,0.35,0.17,0.1,0.24,8.95,0.1,0,0.86,0.18,-0.02076792,-0.03069077,-0.01610773,-0.00319873,-0.033195,sell
2013-04-06,1.77,0.06,5.95,0,0.24,0,0.31,0.16,0,0.12,7.72,0,0.06,0.69,0.35,-0.03683164,-0.05811274,-0.07344070,-0.05460080,-0.065815,sell
2013-04-07,0.57,0.18,4.53,0,0.2,0.02,0.35,0.36,0.02,0,5.1,0,0.18,0.56,0.71,-0.03728868,-0.03679631,-0.06217405,-0.03658904,-0.042251,sell
2013-04-08,0.18,0.62,3.76,0,0.16,0.05,0.66,0.84,0.05,0,3.94,0,0.62,0.45,1.5,-0.01712495,-0.04636787,-0.03169678,-0.01620666,-0.013514,sell
2013-04-09,0,2.14,1.68,0,0.12,0.2,1.33,2.01,0.17,0.03,1.68,0,2.14,0.35,3.34,-0.02318724, 0.01744931,-0.00456450,-0.00070356,-0.036930,buy
2013-04-10,0,2.92,0.64,0,0.09,0.55,2.7,3,0.46,0.09,0.64,0,2.92,0.27,5.7,-0.08074024,-0.02350782,-0.04476836,-0.09246576,-0.104604,sell
2013-04-11,0,1.13,0.21,0,0,1.54,3.79,1.76,1.29,0.25,0.21,0,1.13,0.15,5.55, 0.02486938, 0.02223640,-0.03926843, 0.02486938, 0.012452,buy
2013-04-12,0,0.35,0.08,0,0,3.95,3.06,0.7,3.32,0.63,0.12,0,0.31,0.12,3.76,-0.06964291,-0.03782404,-0.06630273,-0.06630273,-0.066303,sell
2013-04-13,0,0.15,0,0,0,5.03,2.7,0.27,3.44,1.59,0.15,0,0,0.09,2.97,-0.06656309,-0.03049441,-0.06656309,-0.06656309,-0.066563,sell
2013-04-14,0,0.58,0,0,0,5.57,3.25,0.1,2.4,3.17,0.58,0,0,0,3.35,-0.03073563, 0.01360182,-0.03073563,-0.03338389,-0.020865,sell
2013-04-15,0,2.32,0,0,0,5.95,4.61,0,3.28,2.67,2.32,0,0,0,4.61,-0.04534380, 0.05359901,-0.04124257,-0.04040363,-0.009208,sell
2013-04-16,0,2.95,0.04,0,0,7.38,5.97,0,5.81,1.57,2.95,0,0.04,0,5.97,-0.06095173,-0.01798520,-0.05915410,-0.05113990,-0.055142,sell
2013-04-17,0,0.88,0.18,0,0,7.19,5.16,0,5.62,1.57,0.88,0,0.18,0,5.16,-0.06318190,-0.03489713,-0.06779462,-0.07709846,-0.079829,sell
2013-04-18,0,0.21,0.79,0.06,0.04,5.17,3.24,0.07,2.86,2.35,0.21,0.07,0.85,0,3.24,-0.06760588,-0.03618694,-0.06760588,-0.06760588,-0.067606,sell
2013-04-19,0,0,2.95,0.19,0.15,5.46,2.09,0.31,1.52,4.09,0,0.31,3.14,0,2.09,-0.09011530,-0.03182923,-0.06676225,-0.08104200,-0.080814,sell
2013-04-20,0.05,0,2.36,0.61,0.64,6.34,1.35,1.36,1.31,5.67,0,1.41,2.97,0,1.35, 0.07528567, 0.09487805, 0.03944015,-0.08008103, 0.070601,buy
2013-04-21,0.15,0,0.51,1.96,2.7,5.1,1.11,2.97,3.1,4.93,0,3.12,2.47,0,0.88, 0.05048283, 0.04028588, 0.06071969, 0.06780008, 0.050483,buy
2013-04-22,0.46,0,0.23,2.97,2.95,3.03,1.39,1.41,3.26,3.48,0.12,1.87,3.08,0,0.63,-0.09295683,-0.07967608,-0.07945323,-0.07667353,-0.103260,sell
2013-04-23,1.39,0,0.58,1.41,0.74,1.76,3.28,0.31,1.29,4.01,0.58,1.7,1.41,0,0.48, 0.00728077,-0.00158276,-0.01086286,-0.00204044,-0.002040,buy
2013-04-24,2.95,0,2.92,0.6,0.22,1.17,4.8,0,1.81,3.98,2.94,2.95,0.58,0,0.4, 0.00633248,-0.01526254, 0.00241506, 0.00256110,-0.013444,buy
2013-04-25,2.06,0,2.89,0.57,0.16,1,4.02,0,2.95,1.65,2.95,2.06,0.51,0,0.58, 0.00518729, 0.01866117, 0.02832024, 0.03307037, 0.009805,buy
2013-04-26,0.73,0,0.56,1.14,0.4,1.2,2.14,0,1.82,0.9,0.75,0.73,0.95,0,1.02, 0.07218316, 0.04388944, 0.03426706, 0.00297805, 0.008552,buy
2013-04-27,0.34,0,0.11,2.98,1,2.2,0.67,0,0.71,1.17,0.73,0.34,2.36,0,1.99, 0.04055253, 0.02515006, 0.01200686, 0.06399965, 0.077140,buy
2013-04-28,0.3,0,0,5.49,2.49,3.3,0.31,0,0.53,2.6,1.94,0.3,3.55,0,2.97, 0.06533721, 0.02260854, 0.08670064, 0.00944318, 0.025785,buy
2013-04-29,0.7,0,0,5.81,2.97,3.2,0.23,0,1.34,2.99,2.97,0.7,2.84,0,2.07,-0.04508331,-0.01517603,-0.03209066,-0.07349084,-0.034842,sell
2013-04-30,1.63,0,0,4.54,1.39,4.06,0.6,0,3.48,1.49,1.42,1.63,3.12,0,1.08,-0.10613399,-0.05432619,-0.09232601,-0.08093154,-0.096468,sell
2013-05-01,3.19,0,0,3.69,0.56,2.32,1.61,0,2.49,1.03,0.47,3.19,3.22,0,0.97, 0.09364768, 0.09751885, 0.02834420, 0.05138412,-0.001312,buy
2013-05-02,2.78,0.05,0,2,0.25,2.79,4.62,0,2.77,2.55,0.2,2.83,1.8,0,2.34, 0.10199546, 0.07028441, 0.05931800, 0.01725919, 0.021156,buy
2013-05-03,1.8,0.14,0,1.13,0.15,3.12,6.16,0,3.16,3.12,0.14,1.94,0.99,0,3.15,-0.05402891,-0.07604780,-0.06192151,-0.06740811,-0.060553,sell
2013-05-04,2.02,0.42,0,1.9,0.11,0.81,2.93,0,1.98,0.85,0.35,2.44,1.55,0,1.02,-0.00068577,-0.00867392, 0.00827661,-0.02632158, 0.004707,buy
2013-05-05,3.4,1.26,0,4.03,0.22,0.27,1.73,0,1.51,0.36,0.89,4.66,3.14,0,0.35,-0.01630181,-0.01812356,-0.01780923,-0.01606979,-0.028142,sell
2013-05-06,4.46,2.95,0,3.39,0.43,0.21,2.09,0,2.09,0.43,2.21,7.41,1.18,0,0.21,-0.12757410,-0.03958889,-0.05331445,-0.12105847,-0.100730,sell
2013-05-07,4.32,2.24,0,3.31,0.85,0.36,5.17,0,5.17,0.85,3.15,6.56,0.16,0.05,0.36, 0.05799670, 0.04843503, 0.05637287, 0.04843503,-0.007804,buy
2013-05-08,1.5,0.74,0,2.4,1.76,0.63,5.95,0,5.95,1.76,2.4,2.24,0,0.13,0.63, 0.00772018,-0.02584061,-0.04027395, 0.01356708,-0.019897,buy
2013-05-09,0.49,0.24,0,3.98,3.42,1.11,2.32,0,2.32,3.42,3.98,0.73,0,0.39,1.11, 0.04441907, 0.03713918, 0.03569381, 0.02795549, 0.037139,buy
2013-05-10,0.19,0,0,2.99,5.2,2.26,0.96,0,0.96,5.14,2.99,0.19,0,1.12,2.32,-0.02736711,-0.03838720,-0.03214882,-0.02747212,-0.027472,sell
2013-05-11,0.1,0.08,0.06,1.91,4.51,5.73,0.51,0,0.51,4.39,1.91,0.18,0.06,2.97,5.85,-0.07516920,-0.08501631,-0.08081722,-0.08985103,-0.078531,sell
2013-05-12,0,0.35,0.2,3,1.73,5.85,0.28,0,0.28,1.48,3,0.35,0.2,2.65,6.1,-0.05664570,-0.05491551,-0.02231195,-0.05784302,-0.053794,sell
2013-05-13,0,2.12,0.65,2.84,1.22,2.56,0.15,0,0.15,0.7,2.84,2.12,0.65,0.89,3.08,-0.02756466, 0.01157429,-0.00309207,-0.02756466,-0.009807,sell
2013-05-14,0,3.38,2.08,1.41,1.65,1.34,0,0,0,0.56,1.41,3.42,2.04,0.3,2.43,-0.09434660,-0.09121200,-0.05780944,-0.09822183,-0.056082,sell
2013-05-15,0,1.78,3.13,0.7,2.96,0.78,0,0,0,0.68,0.7,1.91,3,0.1,3.06,-0.02333803,-0.01427575,-0.02537258, 0.00137770,-0.014276,sell
2013-05-16,0,2.88,1.77,0.35,3.91,0.52,0,0.06,0.06,0.91,0.35,3.27,1.38,0,3.52,-0.04200840, 0.00428842, 0.00957442,-0.04559382,-0.045499,buy
2013-05-17,0,3,1.99,0.17,3.26,0.38,0,0.17,0.17,1.42,0.17,4.18,0.81,0,2.22,-0.03433079,-0.00332226,-0.02857063,-0.04933397,-0.036852,sell
2013-05-18,0,1.33,6.06,0.09,3.4,0.32,0,0.51,0.51,2.24,0.13,4.35,3,0,1.48,-0.01493484,-0.03034072,-0.04150118,-0.00584625,-0.043465,sell
2013-05-19,0,0.59,5.75,0,4.71,0.31,0,1.51,1.51,3,0.13,3.32,2.89,0,2.02, 0.02766152, 0.00673431, 0.03150264, 0.03525248, 0.029926,buy
2013-05-20,0,0.33,3.73,0,5.63,0.28,0,3.25,3.25,2.51,0.43,3.22,0.41,0,3.4, 0.09295082, 0.02977255,-0.00929823, 0.07961099, 0.071672,buy
2013-05-21,0,0.3,4.59,0,3.19,0.37,0,3.67,3.67,1.61,1.42,3.45,0.02,0,1.95,-0.04125737,-0.00604637, 0.04578487,-0.03554417, 0.000196,sell
2013-05-22,0,0.42,4.74,0,1.37,0.5,0,3.63,3.63,1.03,3.96,1.11,0.09,0,0.84,-0.01234427,-0.05197778, 0.00541342,-0.06055477,-0.036788,sell
2013-05-23,0,0.9,5.46,0,0.66,0.65,0,1.08,1.08,0.7,5.22,0.85,0.29,0,0.65,-0.01742861,-0.04833710,-0.05322250,-0.01588062,-0.066783,sell
2013-05-24,0,2.09,2.37,0,0.42,0.86,0,0.15,0.15,0.62,2.01,1.44,1.01,0,0.86, 0.00324202, 0.01709619, 0.00155777, 0.02642079, 0.009675,sell
2013-05-25,0,5.64,1.33,0,0.27,1.14,0,0,0,0.93,0.45,2.79,3.73,0,1.14,-0.06469222,-0.06591045,-0.12360899,-0.03828632,-0.061592,sell
2013-05-26,0,8.9,2.23,0,0.17,1.48,0,0,0,2.52,0,2.98,8.15,0,1.48,-0.00227874,-0.00157715,-0.00083905,-0.00087364,-0.009834,buy
2013-05-27,0,5.14,3.03,0,0.11,1.94,0,0,0,4.52,0,1.68,6.49,0,1.94, 0.03468372, 0.03190638, 0.00815120, 0.01333111, 0.013621,buy
2013-05-28,0,1.86,1.74,0,0,2.56,0,0,0,4.13,0,1,2.6,0,2.56, 0.00581396, 0.00593682, 0.00723843,-0.00834420, 0.003431,sell
2013-05-29,0,0.95,1.01,0,0.03,2.97,0,0.04,0.04,2.83,0.24,0.81,0.91,0,3,-0.03198526,-0.04062517,-0.03833612,-0.03819609,-0.031985,sell
2013-05-30,0,1.39,1.14,0,0.05,2.67,0,0.08,0.08,1.05,1.07,1.11,0.35,0,2.72,-0.11017330,-0.03886442,-0.10897767,-0.09023473,-0.073276,sell
2013-05-31,0.04,3.24,2.26,0,0.08,2.06,0,0.19,0.19,0.43,3.16,2.22,0.16,0,2.14,-0.00203154,-0.03207872,-0.02654735, 0.00591685,-0.034684,sell
2013-06-01,0.17,2.4,3.1,0,0.13,1.56,0,0.44,0.44,0.18,2.49,2.97,0.21,0,1.69,-0.04085618,-0.00204183, 0.01386114, 0.04555440,-0.036603,buy
2013-06-02,0.68,2.12,2.03,0,0.22,1.21,0,1.03,1.03,0,2.34,1.73,0.76,0,1.43, 0.02543666, 0.01758114,-0.02528680, 0.02499767, 0.026821,buy
2013-06-03,2.67,3.06,1.42,0,0.35,0.93,0,2.4,2.4,0,3.6,0.71,2.84,0,1.28,-0.01888913,-0.01937750,-0.01434091,-0.01937750, 0.009863,sell
2013-06-04,3.06,1.65,1.95,0.09,0.57,0.71,0,2.97,2.97,0,2.97,0.39,3.39,0,1.28,-0.00609621,-0.01223297,-0.00369133, 0.00616882, 0.034179,buy
2013-06-05,1.33,0.56,3.77,0.31,0.91,0.56,0,1.55,1.55,0,3.53,0.43,2.01,0,1.47,-0.04434066,-0.03406767,-0.04393776,-0.03406767,-0.021834,sell
2013-06-06,1.73,0.24,3.99,1,1.47,0.43,0,0.67,0.75,0,2.89,1,2.99,0,1.9,-0.03567344,-0.01812314,-0.01508371,-0.01301859,-0.014226,sell
2013-06-07,3.24,0.17,3.64,3.01,2.36,0.33,0,0.29,0.52,0,1.15,3.03,5.65,0,2.69,-0.00372806,-0.01011667,-0.00295499, 0.01465039, 0.008208,buy
2013-06-08,2.86,0.42,3.45,2.83,3,0.26,0,0.12,0.79,0,0.64,2.87,5.38,0,3.26, 0.02105556, 0.01255397, 0.01448784, 0.02855108, 0.051864,buy
2013-06-09,3.09,1.03,2.05,1.26,2.34,0.2,0,0,1.87,0,0.75,1.34,3.47,0,2.57,-0.02002200,-0.02259406,-0.01000250, 0.00199594, 0.033481,sell
2013-06-10,4.86,2.51,1.06,1.36,1.48,0.16,0,0,3.04,0,1.61,1.51,3.63,0.02,1.67, 0.01488555,-0.00741815, 0.00295438, 0.01472864, 0.041189,buy
2013-06-11,5,2.97,0.76,3.09,0.93,0.12,0,0,1.98,0,3.02,3.38,3.44,0.02,1.12,-0.00413814, 0.03377223, 0.01710940, 0.02532742,-0.008558,buy
2013-06-12,3.6,1.43,0.8,2.74,0.59,0.1,0,0.04,1.36,0.04,2.28,3.3,1.67,0.02,0.82,-0.02126382, 0.03273408,-0.02325545, 0.02633302,-0.078280,sell
2013-06-13,3.64,0.59,1.22,0.91,0.37,0,0,0.07,2.19,0.07,1.55,1.98,0.71,0.02,0.58, 0.01911856, 0.01637551, 0.01911856,-0.01506700, 0.030997,buy
2013-06-14,5.64,0.24,2.09,0.3,0.22,0,0,0.13,3.26,0.14,2.56,2.34,0.24,0,0.55,-0.04572664,-0.01601050,-0.01601050,-0.01829268,-0.016010,sell
2013-06-15,4.71,0.14,3.07,0.1,0.14,0,0,0.24,1.83,0.27,3.26,3.07,0.1,0,0.64,-0.00074090,-0.02544839,-0.04151913, 0.01006624,-0.004547,buy
2013-06-16,1.83,0.1,2.45,0,0.09,0,0,0.44,0.98,0.52,1.58,2.26,0,0,0.75, 0.06895019, 0.06717433, 0.06574966, 0.06299556, 0.075141,buy
2013-06-17,0.59,0.25,1.56,0,0,0,0,0.82,1,0.99,1.04,1.18,0,0,0.85, 0.07313310, 0.06153398, 0.09009678, 0.10508047, 0.096346,buy
2013-06-18,0.13,0.6,1.36,0,0,0,0,1.54,1.54,1.89,1.47,0.62,0,0,1.08, 0.05053868,-0.02144814,-0.03918512,-0.00847445,-0.022371,sell
2013-06-19,0,1.47,1.77,0,0,0,0,2.87,2.87,3,2.91,0.33,0,0,1.37, 0.05074411, 0.02422288, 0.00876309, 0.01516232,-0.001233,buy
2013-06-20,0,3,3.01,0,0,0,0,2.97,2.97,2.44,5.84,0.17,0,0,1.82,-0.05278724,-0.00045377,-0.02007925,-0.02907884,-0.029079,sell
2013-06-21,0.06,2.42,3.06,0,0,0,0,1.64,1.64,1.27,5.35,0.09,0.1,0,2.67,-0.00244226, 0.00926542, 0.01864589, 0.00676326, 0.005075,buy
2013-06-22,0.15,1.1,1.59,0,0.03,0,0,0.88,0.93,0.7,2.57,0,0.22,0,3.89,-0.04712440,-0.03637851,-0.00995841, 0.02412473,-0.036379,sell
2013-06-23,0.37,0.69,0.82,0,0.08,0,0,0.47,0.62,0.43,1.22,0,0.51,0,3.35,-0.02152649,-0.01078590,-0.02594803, 0.00877804,-0.012722,sell
2013-06-24,0.87,0.9,0.42,0,0.19,0,0,0.25,0.72,0.37,0.58,0,1.14,0,1.95, 0.00114149, 0.00413366,-0.05962369, 0.00209477,-0.021339,buy
2013-06-25,2.08,1.85,0.22,0,0.46,0,0,0.13,1.47,0.56,0.22,0,2.59,0,1.17,-0.03526670,-0.02503706,-0.01944561,-0.02257558,-0.026425,sell
2013-06-26,2.97,3.95,0.11,0.04,1.12,0,0,0.02,2.99,1.12,0.11,0.04,3.95,0,0.71,-0.09559941,-0.09608294,-0.11133870,-0.09412309,-0.103339,sell
2013-06-27,1.76,4,0,0.09,2.67,0,0,0.05,2.2,2.67,0,0.09,3.61,0,0.42,-0.00415022, 0.01696110,-0.00159453, 0.00997569,-0.004548,buy
2013-06-28,0.74,3.7,0,0.21,2.97,0,0,0.15,0.73,2.97,0,0.21,3.86,0,0.17,-0.04928438, 0.00327826,-0.07359674,-0.01719079,-0.074907,sell
2013-06-29,0.35,2.85,0,0.5,1.38,0,0,0.45,0.27,1.36,0.02,0.5,3.36,0.02,0.1,-0.03395747,-0.02992891,-0.05519018,-0.06171777,-0.063120,sell
2013-06-30,0.23,1.38,0,1.2,0.59,0,0,1.32,0.06,0.56,0.04,1.2,2.83,0.03,0,-0.07893409,-0.07060207,-0.07893409,-0.07557455,-0.065656,sell
2013-07-01,0.25,0.74,0.03,2.89,0.28,0,0,3,0.14,0.23,0.11,2.92,3.74,0.03,0.02,-0.03543738,-0.04312353,-0.07387376,-0.00589501,-0.000310,sell
2013-07-02,0.59,0.4,0.09,3,0.16,0,0,2.2,0.32,0.1,0.27,3.09,2.6,0.04,0.02,-0.06471451,-0.03208804,-0.03208804,-0.04074088,-0.023859,sell
2013-07-03,1.43,0.23,0.28,1.26,0.07,0,0,0.73,0.77,0,0.68,1.54,0.94,0.05,0.02,-0.05189194,-0.03892895,-0.05189194,-0.05189194,-0.060934,sell
2013-07-04,3.42,0.16,0.88,0.52,0.09,0,0,0.28,1.84,0,1.7,1.36,0.36,0.06,0.03, 0.01326964, 0.01867773, 0.00970858,-0.02191926, 0.019387,buy
2013-07-05,5.97,0.09,2.64,0.22,0.12,0,0,0.11,3.11,0,3.17,2.75,0,0.08,0.04,-0.04807721,-0.03013587,-0.03288772,-0.01984925,-0.032936,sell
2013-07-06,4.25,0.17,3.31,0.09,0.14,0,0,0.33,2.39,0,2.7,3.06,0,0.16,0.04,-0.02235094,-0.02987048,-0.03113507, 0.02928121,-0.011116,sell
2013-07-07,1.79,0.34,2.17,0,0.18,0.03,0,1.01,1.91,0.03,2.26,1.14,0,0.36,0.05, 0.01680867, 0.03386040,-0.01947782, 0.03948684, 0.013327,buy
2013-07-08,0.82,0.65,3.33,0,0.23,0.06,0,2.97,3.36,0.06,4.03,0.38,0,1.09,0.07, 0.01199510,-0.03177202, 0.01647139, 0.00390674,-0.015351,buy
2013-07-09,0.46,1.25,2.92,0,0.28,0.16,0,2.77,3.02,0.18,4.25,0.13,0,3.15,0.08,-0.02955349,-0.01922872,-0.00992209,-0.00042705,-0.025585,sell
2013-07-10,0.27,2.4,0.93,0,0.35,0.38,0,0.9,1.07,0.41,3.43,0,0,2.45,0.1,-0.11317013,-0.05372931,-0.05244136,-0.04223079,-0.063391,sell
2013-07-11,0.46,2.97,0.31,0,0.44,0.9,0,0.29,0.55,0.95,3.48,0,0,0.85,0.13, 0.04785598, 0.03114315, 0.00247355, 0.03125164, 0.038530,buy
2013-07-12,0.77,1.9,0.1,0,0.55,2.18,0,0.09,0.49,2.25,2.34,0,0.03,0.53,0.15, 0.02321662, 0.03874335, 0.01758764, 0.01966845, 0.040909,buy
2013-07-13,1.21,0.99,0,0.03,0.69,2.97,0,0,0.62,3.07,1.53,0.03,0.05,0.5,0.19, 0.01357321, 0.01731629, 0.01588002, 0.02279323, 0.022753,buy
2013-07-14,1.8,0.59,0,0.04,0.85,1.67,0,0,0.93,1.82,1.29,0.12,0.09,0.62,0.23, 0.06762091, 0.04712606, 0.06301711, 0.07769235, 0.099523,buy
2013-07-15,2.6,0.55,0,0.06,1.07,0.7,0,0,1.37,0.93,1.37,0.3,0.17,0.78,0.29,-0.01635970, 0.00383414,-0.01305488,-0.01455108, 0.003834,sell
2013-07-16,3.53,0.94,0,0.08,1.32,0.29,0,0,1.89,0.64,1.58,0.78,0.3,0.97,0.35,-0.05932189,-0.06640074,-0.03948268,-0.05101797,-0.051382,sell
2013-07-17,4.56,2.33,0,0.1,1.65,0.12,0,0,2.49,0.64,1.76,2.2,0.54,1.22,0.43,-0.00571576, 0.01723295,-0.01439983, 0.02524462, 0.060685,buy
2013-07-18,5.61,3.52,0,0.12,2.04,0,0,0,3.17,0.78,2.01,3.09,0.98,1.52,0.52, 0.04615915, 0.05574765, 0.04846175, 0.05300096, 0.047774,buy
2013-07-19,6.72,2.7,0,0.15,2.54,0,0,0,4.17,1.17,2.14,1.52,1.74,1.9,0.64,-0.01349326,-0.03398379,-0.01333873, 0.00845437, 0.009066,sell
2013-07-20,7.98,3.43,0,0.17,3.15,0,0,0,5.84,1.74,2.14,0.63,2.97,2.38,0.77,-0.01713241,-0.03469409,-0.01362880,-0.02106004,-0.011645,sell
2013-07-21,7.74,2.87,0,0.2,3.88,0,0,0.02,5.56,2.6,2.08,0.35,2.84,2.95,0.93,-0.00782472, 0.00602730,-0.00782472, 0.01164414, 0.004985,buy
2013-07-22,6.05,1.13,0,0.26,4.14,0,0.08,0.04,3.73,2.99,1.87,0.26,1.68,3,1.14,-0.00123250, 0.02856707, 0.00173991, 0.03169672, 0.021058,buy
2013-07-23,4.61,0.47,0,0.36,3.81,0,0.21,0.1,2.65,2.36,1.54,0.36,1.15,2.4,1.38, 0.00493373, 0.08794511, 0.01636866, 0.06297903, 0.019994,buy
2013-07-24,3.39,0.19,0,0.48,3.73,0,0.58,0.23,1.89,1.72,1.19,0.48,1.18,1.94,1.72, 0.00896989, 0.04739554, 0.04840626, 0.05059099, 0.027069,buy
2013-07-25,2.36,0,0,0.88,3.78,0,1.57,0.54,1.22,1.44,0.86,0.88,2.09,1.55,2.12, 0.05162803, 0.05211042, 0.08736166, 0.07505371, 0.004660,buy
2013-07-26,1.7,0,0,1.62,4.02,0,3.68,1.22,0.85,1.65,0.63,1.68,4.33,1.25,2.56, 0.07468776, 0.07702743, 0.08933203, 0.05048949, 0.076617,buy
2013-07-27,1.38,0,0.05,2.97,4.63,0,4.14,2.79,0.59,2.7,0.52,3.2,5.26,1,3.2,-0.07173176,-0.03817763,-0.04192678,-0.04057526,-0.040436,sell
2013-07-28,1.63,0,0.12,2.92,5.08,0,3.85,3,0.54,4.19,0.62,3.55,3.84,0.81,3.43,-0.01589513,-0.02268040,-0.02699919,-0.00963241,-0.018337,sell
2013-07-29,3.03,0,0.28,1.66,5.61,0,2.47,1.37,0.7,4.03,0.93,3.47,1.67,0.65,3.29, 0.00687218, 0.01113801,-0.00712788, 0.02690856,-0.037267,buy
2013-07-30,5.44,0,0.7,1.08,6.88,0,1.33,0.65,1.19,3.99,1.94,4.52,0.7,0.52,3.54, 0.00839980,-0.01042466,-0.02383674, 0.00788445,-0.070918,buy
2013-07-31,6.47,0,1.69,1.18,7.19,0,1.53,0.4,2.55,2.98,4.19,3.9,0.27,0.42,4.53, 0.03247423, 0.01271216,-0.01290745, 0.00299588,-0.108795,buy
2013-08-01,6.58,0,3.2,2.39,6.07,0,3.1,0.45,5.34,1.45,6.25,3.86,0.12,0.34,4.88, 0.00254479,-0.03538211,-0.00442550,-0.02921199,-0.077845,sell
2013-08-02,4.53,0,2.73,3.09,3.9,0,2.42,0.8,6.12,0.66,4.84,2.61,0,0.28,3.67, 0.07470529, 0.10285007, 0.06929253, 0.10184104, 0.018540,buy
2013-08-03,2.28,0.04,2.11,1.34,2.46,0.02,0.8,1.99,3.97,0.34,3.64,0.95,0.02,0.22,3.01,-0.01939459,-0.00810777, 0.00420356, 0.01172357,-0.020376,sell
2013-08-04,1.22,0.15,3.21,0.45,1.66,0.06,0.26,3,4.19,0.18,3.71,0.39,0.06,0.18,3.04,-0.01390845,-0.02050095,-0.00694149,-0.02050095,-0.040515,sell
2013-08-05,0.65,0.59,3.13,0.15,1.17,0.17,0.09,1.77,4.12,0.09,2.1,0.16,0.17,0.15,3.65,-0.03491183,-0.04324913,-0.04032156,-0.03950335,-0.055961,sell
2013-08-06,0.35,2.44,1.26,0,0.82,0.48,0,0.72,3.92,0,0.85,0,0.48,0.12,3.67,-0.00371413, 0.00069934,-0.02908961,-0.01882988,-0.003942,sell
2013-08-07,0.12,2.92,0.52,0,0.58,1.33,0,0.29,3.56,0,0.29,0,1.33,0.1,2.56, 0.00972356, 0.02054999,-0.02551867,-0.02013646, 0.023824,sell
2013-08-08,0,0.79,0.21,0,0.4,2.97,0,0.16,1,0,0.12,0,3.01,0,1.72,-0.03454647,-0.03259637,-0.04611251,-0.03281469,-0.024594,sell
2013-08-09,0,0.17,0.09,0,0.33,2.38,0,0.18,0.26,0,0.04,0,2.52,0,1.18,-0.03404440,-0.03752546,-0.03635538,-0.03660576,-0.032661,sell
2013-08-10,0,0,0.03,0,0.28,0.97,0,0.85,0,0,0.12,0.03,1.7,0,0.83, 0.07353660, 0.07568020, 0.07886159, 0.08935077, 0.061797,buy
2013-08-11,0,0.04,0.17,0,0.32,0.7,0,2.97,0,0.1,0.37,0.21,3.28,0,0.59,-0.07818496,-0.07818496,-0.03721144, 0.00287046,-0.078185,sell
2013-08-12,0,0.09,1,0,0.56,1.25,0,2.12,0.06,0.39,1.22,1.03,2.12,0,0.42,-0.00201279, 0.03990664, 0.03917506,-0.00474544, 0.041455,sell
2013-08-13,0,0.21,3.32,0,1.84,3.01,0,1.05,0.35,1.73,3.61,3.18,0.39,0,0.31, 0.02982431, 0.03563236, 0.01118830, 0.02172440, 0.038602,buy
2013-08-14,0,0.5,3.63,0,3.11,2.73,0,2.95,2.08,3.1,5.51,2.05,0,0,0.27, 0.03580208, 0.07417098, 0.02588302, 0.07372258, 0.017928,buy
2013-08-15,0,1.23,3.24,0,1.16,1.17,0,2.1,3,1.29,2.95,1.47,0,0,0.25, 0.05778817, 0.06016498, 0.04761518, 0.06382966, 0.062231,buy
2013-08-16,0,2.93,0.66,0,0.31,0.92,0,0.34,0.72,0.71,0.62,2.87,0,0,0.47,-0.01283604,-0.01536251,-0.04007566,-0.02453000,-0.041972,sell
2013-08-17,0,3.07,0.11,0,0.05,1.35,0,0,0.21,1,0.09,2.97,0.05,0,1.18, 0.05434236, 0.05100173, 0.04612244, 0.04724965,-0.031008,buy
2013-08-18,0,1.46,0,0,0.14,2.49,0,0,0.2,1.99,0,1.26,0.14,0,3.42,-0.01643138,-0.03306303,-0.03149961,-0.02152038,-0.020154,sell
2013-08-19,0,1.3,0,0,0.37,3.96,0,0.03,0.36,3.01,0,0.97,0.37,0,3.27,-0.05271268,-0.03100708,-0.05708873,-0.05277697,-0.031370,sell
2013-08-20,0,3.4,0,0,0.99,4.23,0,0.08,0.67,2.43,0,2.81,0.99,0.08,2.37,-0.03524364,-0.01525059,-0.04183450,-0.04065991,-0.065052,sell
2013-08-21,0,4.22,0,0,2.71,5.17,0,0.22,1.24,2.2,0.04,3.2,2.67,0.2,3.11,-0.07428731,-0.07690622,-0.07797507,-0.09472819,-0.080640,sell
2013-08-22,0,2.85,0.05,0,3.07,6.09,0,0.68,2.35,3.57,0.1,1.19,2.97,0.52,2.56,-0.00345201, 0.02919387,-0.00790835,-0.05509498, 0.008707,buy
2013-08-23,0,3.06,0.16,0,1.51,3.17,0.02,1.93,3.13,1.92,0.31,1.93,1.22,1.31,1.34, 0.02675807,-0.03454019, 0.02228970,-0.03800477, 0.023142,buy
2013-08-24,0,2.06,0.46,0,1.4,1.16,0.05,3.22,2.52,0.67,0.95,3,0.5,3,0.71,-0.03809146,-0.03537581,-0.04983900,-0.05263415,-0.042549,sell
2013-08-25,0.03,1.11,1.37,0,2.99,0.37,0.37,2.14,2.48,0.53,2.82,1.64,0.54,2.67,0.37,-0.02191493, 0.05147763, 0.05327532, 0.03771938,-0.045929,sell
2013-08-26,0.17,0.6,2.97,0,2.95,0.2,1.69,1.85,3.57,1.29,2.98,0.73,1.66,1.1,0.2,-0.04205988,-0.01087415,-0.01112041,-0.01924863,-0.034935,sell
2013-08-27,1.03,0.33,2.1,0.09,1.01,0.1,3.64,3.19,2.52,3,1.2,1.22,3.45,0.46,0.1,-0.03082807,-0.03798224,-0.05143668,-0.03604602,-0.021003,sell
2013-08-28,3.12,0.18,0.71,0.53,0.34,0,3.49,2.77,1.42,2.88,1.48,3.12,2.24,0.19,0,-0.01390842,-0.02215887,-0.01787039,-0.00404147,-0.002082,sell
2013-08-29,1.95,0.1,0.24,3.01,0.11,0,6.2,1.17,3.35,1.66,3.16,1.95,2.66,0,0, 0.07612243, 0.05515374, 0.05736133, 0.07881931, 0.062907,buy
2013-08-30,1.17,0,0,2.93,0,0.02,6.85,0.5,2.93,2.79,1.56,1.17,3,0.02,0, 0.06286035, 0.05193928, 0.03507515, 0.06117149, 0.054356,buy
2013-08-31,2.1,0,0,0.74,0,0.02,5.3,0.24,0.74,3.14,0.73,2.1,1.67,0.02,0,-0.00048638,-0.01293426, 0.02255254,-0.00140146, 0.007843,buy
2013-09-01,2.97,0,0,0.66,0,0.02,2.81,0.08,0.66,0.87,1.21,2.97,0.81,0.02,0, 0.02459676, 0.02806101, 0.02445817, 0.03345016, 0.024147,buy
2013-09-02,1.73,0,0.03,1.39,0,0.19,3.6,0.13,1.39,0.3,2.97,1.76,0.62,0.03,0, 0.04113205, 0.01459114, 0.00908339, 0.00908339,-0.006927,buy
2013-09-03,0.72,0.04,0.05,2.97,0,0.8,3.26,0.2,3.01,0.22,2.91,0.77,1.08,0.03,0.02,-0.02146563,-0.02023850,-0.05360293,-0.05070506,-0.038971,sell
2013-09-04,0.3,0.11,0.08,2.51,0.03,3.21,1.67,0.35,2.62,0.46,1.41,0.38,3.28,0.04,0.07,-0.05192731,-0.02695151,-0.06435070,-0.06296777,-0.064351,sell
2013-09-05,0.13,0.33,0.15,1.01,0.11,3.72,1.47,0.59,1.34,0.93,1.58,0.28,3.15,0.05,0.18, 0.00782373, 0.00579356,-0.03255962, 0.00530712, 0.019338,buy
2013-09-06,0,0.96,0.29,0.41,0.33,3.53,2.24,0.97,1.4,1.92,3.16,0.26,1.48,0.05,0.46, 0.06119478, 0.06303747, 0.06025007, 0.06119478, 0.063037,buy
2013-09-07,0,2.82,0.52,0.17,1.02,1.81,3.22,1.6,3.05,2.97,1.75,0.46,1.6,0.06,1.27,-0.01322063, 0.01904798,-0.01759179, 0.01445634, 0.002878,buy
2013-09-08,0,2.95,0.93,0,2.97,0.41,2.67,2.62,3.07,2.2,0.59,0.81,2.36,0.08,3.44, 0.03760417, 0.03287408, 0.01329492, 0.03340356, 0.025565,buy
2013-09-09,0,1.04,1.63,0,2.84,0.11,1.94,3.47,1.25,1.07,0.47,1.42,3.02,0.09,3.71, 0.01149021,-0.03207243,-0.02960817,-0.02112992,-0.023974,sell
2013-09-10,0,0.36,2.9,0,1,0.16,2.14,3.19,0.75,0.52,0.87,2.51,2.4,0.11,2.59,-0.03178186,-0.03368650,-0.03009758,-0.02142885,-0.018840,sell
2013-09-11,0,0.12,3.68,0,0.44,0.24,3.25,3.02,0.83,0.25,1.59,2.97,1.65,0.13,3.33, 0.01274510, 0.01378172, 0.04373206,-0.01241837,-0.026766,sell
2013-09-12,0,0,3.32,0,0.62,0.43,3.07,4,1.33,0.12,3.04,2.19,1.54,0.15,3.07,-0.06672736,-0.06672736,-0.00987033,-0.06835092,-0.056141,sell
2013-09-13,0,0,3.67,0,1.98,0.8,1.58,4.4,2.53,0.02,3.45,1.99,2.72,0.17,1.58,-0.04303672,-0.05690566,-0.05461925,-0.05959785,-0.059237,sell
2013-09-14,0,0,4.24,0,4.44,1.6,0.89,4.9,3.59,0.04,3.34,3.61,4.52,0.2,0.85,-0.04372038,-0.06342334,-0.06045027,-0.04597840,-0.057705,sell
2013-09-15,0.02,0,5.02,0,4.42,3.4,0.58,3.54,4.67,0.06,4.56,2.93,4.31,0.24,0.46,-0.00330814,-0.03432314,-0.03705311, 0.00590311,-0.024010,sell
2013-09-16,0.07,0,4.29,0,1.89,4.96,0.59,1.3,4.15,0.16,3.74,1.16,4.02,0.28,0.25, 0.00724203, 0.00916868, 0.02902261, 0.05135210, 0.008679,buy
2013-09-17,0.19,0,1.52,0,0.58,4.94,1.09,0.65,1.59,0.36,4.03,1.23,2.99,0.32,0.17, 0.03533868, 0.05525680, 0.05550657, 0.06784108, 0.057361,buy
2013-09-18,0.56,0,0.54,0,0.21,3.28,2.65,0.92,1.1,0.98,3.52,2.65,3.7,0.38,0.11, 0.01995933, 0.04559539, 0.05184362, 0.00428242, 0.024656,buy
2013-09-19,1.62,0,0.19,0,0.32,1.87,2.97,2.53,1.81,2.85,3.78,2.97,3.01,0.44,0.26,-0.01240342, 0.05719366, 0.00064093,-0.00671993, 0.042574,sell
2013-09-20,3,0,0.1,0,0.49,1.63,1.17,2.95,3.1,3.44,2.57,1.17,1.2,0.5,0.65,-0.03756868,-0.05609203,-0.06262095,-0.03826123,-0.024900,sell
2013-09-21,1.88,0,0,0,0.75,2.28,0.42,1.03,1.84,1.82,0.9,0.42,0.41,0.59,1.56,-0.01563390,-0.01457834,-0.01994682,-0.04739894,-0.017206,sell
2013-09-22,0.73,0.06,0,0,1.17,3.65,0.15,0.32,0.7,1.58,0.27,0.15,0.16,0.68,2.97,-0.10234391,-0.05644515,-0.09747511,-0.09383514,-0.065944,sell
2013-09-23,0.44,0.21,0,0,1.83,3.11,0,0.1,0.43,2.12,0.09,0,0,0.77,2.37,-0.05445162,-0.04054473,-0.05092131,-0.05445162,-0.035549,sell
2013-09-24,0.54,0.76,0,0,2.83,1.88,0,0,0.76,3.33,0,0,0,0.89,1.03,-0.04763440,-0.05943780,-0.02209652,-0.06201991,-0.025507,sell
2013-09-25,1.32,2.72,0,0,3.07,1.45,0,0,2.72,4.32,0,0,0,1.02,0.5, 0.00229977, 0.00970239,-0.00653118,-0.01303347,-0.001802,sell
2013-09-26,3,3.03,0,0,2.18,1.36,0,0.04,3,5.04,0.03,0.07,0,1.17,0.3, 0.02978791, 0.05197120, 0.03126673, 0.04347248, 0.042402,buy
2013-09-27,2.67,0.96,0.03,0,1.59,1.46,0,0.08,0.94,3.98,0.06,0.17,0.05,1.33,0.26,-0.03155841,-0.02402417,-0.03628388,-0.03155841,-0.008999,sell
2013-09-28,1.1,0.35,0.06,0,1.39,1.61,0,0.2,0.33,1.95,0.16,0.38,0.1,1.51,0.28,-0.06777786,-0.07439402,-0.04229753,-0.02108195,-0.003007,sell
2013-09-29,0.45,0.14,0.16,0,1.62,1.99,0,0.48,0.16,0.99,0.41,0.9,0.22,1.71,0.45,-0.06170075,-0.06170075,-0.05728950,-0.02158364,-0.015583,sell
2013-09-30,0.18,0.25,0.39,0,2.57,2.68,0,1.15,0.39,0.53,1.03,2.14,0.48,1.94,0.71,-0.01431742,-0.02642065,-0.01260421,-0.01431742,-0.014317,sell
2013-10-01,0,0.43,0.98,0,4.99,4.21,0,2.74,0.98,0.22,2.58,5.18,1.04,2.22,1.13,-0.00712073,-0.00486463, 0.00193639,-0.00291483,-0.006383,sell
2013-10-02,0,0.73,2.44,0,7.21,5.44,0.05,2.95,2.44,0.14,3.02,6.73,2.28,2.46,1.8,-0.00121890, 0.00455002,-0.01804979,-0.00322409,-0.016565,buy
2013-10-03,0.05,1.25,2.95,0,7.26,4.38,0.13,1.32,3,0.09,1.46,4.31,2.99,2.8,2.87, 0.01927891, 0.01730660,-0.03116402, 0.01480835, 0.011243,buy
2013-10-04,0.15,2.16,1.43,0,5.32,3.6,0.42,0.56,1.58,0,0.94,3.69,1.87,3.03,3.05, 0.02651966, 0.00647815,-0.00879470, 0.00903907, 0.010276,buy
2013-10-05,0.43,3,0.57,0,2.94,3.11,1.09,0.23,1,0,1.39,4.46,1.07,2.92,1.98, 0.04830530, 0.05588357, 0.06618023, 0.07050847, 0.079768,buy
2013-10-06,1.18,2.44,0.23,0,1.61,2.6,2.82,0.13,1.41,0.07,2.97,5.17,1.01,2.64,1.35,-0.07280247,-0.07694336,-0.03166642,-0.07714659,-0.008818,sell
2013-10-07,2.97,1.51,0.09,0,0.96,2.32,3.25,0.07,3.06,0.17,2.62,4.41,1.67,2.36,1, 0.03590361, 0.08369698,-0.02669880, 0.03407791, 0.065884,buy
2013-10-08,2.79,1.08,0,0,0.51,2.1,1.69,0.16,2.79,0.41,0.98,2.1,2.97,2.14,0.89, 0.02365104, 0.08614422,-0.00684261,-0.01257989, 0.005008,sell
2013-10-09,1.09,1.1,0,0,0.33,1.9,1.18,0.35,1.09,0.96,0.38,1.01,2.6,1.94,0.95, 0.00769763, 0.00772572, 0.00209388, 0.00209388,-0.000675,buy
2013-10-10,0.44,1.77,0,0,0.18,1.71,1.23,0.77,0.44,2.25,0.15,0.51,1.2,1.71,1.19, 0.01840344,-0.01147083,-0.00342604,-0.00788795, 0.000227,buy
2013-10-11,0.19,3.12,0,0,0.26,1.55,1.58,1.77,0.22,4.69,0.09,0.33,0.59,1.55,1.59,-0.02337837,-0.00620336,-0.01370488,-0.00864459,-0.001479,sell
2013-10-12,0.04,2.5,0,0,0.39,1.42,2.04,3.08,0.12,5.4,0.25,0.24,0.3,1.42,2.04, 0.07363725, 0.06428831, 0.06903974, 0.03019020, 0.079820,buy
2013-10-13,0.07,1.05,0,0,1.12,1.32,2.7,2.44,0.31,3.27,0.69,0.38,0.21,1.3,2.7, 0.00418629,-0.00448622,-0.03035912,-0.02228365, 0.040253,sell
2013-10-14,0.13,0.61,0,0,2.98,1.23,3,1.57,0.81,1.54,1.89,0.98,0.2,1.19,3, 0.00796819,-0.07577713, 0.00909149, 0.01343472, 0.030996,buy
2013-10-15,0.2,0.7,0,0,5.8,1.16,2.7,2.02,2.12,0.86,3,2.53,0.27,1.1,2.7, 0.01230727, 0.00661890, 0.03823876, 0.03615126, 0.002083,buy
2013-10-16,0.31,1.33,0,0,5.24,1.1,2.34,3.14,4.28,0.59,1.67,2.95,0.62,1.01,2.34, 0.03047410, 0.03885098, 0.03861175, 0.01335432, 0.039847,buy
2013-10-17,0.43,2.97,0,0,3.4,1.09,2.2,2.12,5.01,0.66,0.61,1.33,1.46,0.94,2.2, 0.03910264, 0.01925447, 0.03791614,-0.01069240, 0.010530,sell
2013-10-18,0.56,2.6,0,0,3.7,1.12,2.4,0.76,3.36,0.8,0.22,0.51,2.97,0.88,2.4, 0.01427272, 0.02070522, 0.05983436,-0.02136648, 0.002214,buy
2013-10-19,0.65,1.05,0,0,2.76,1.21,2.89,0.33,1.34,1.04,0,0.2,2.56,0.82,2.93, 0.05772983, 0.04880205, 0.08154030, 0.05504922, 0.086845,buy
2013-10-20,0.7,0.42,0.02,0,1.09,1.42,3.04,0.17,0.53,1.35,0.04,0.02,1.09,0.77,3.06,-0.00154204,-0.05946014,-0.00306438,-0.00136623,-0.001366,buy
2013-10-21,0.72,0.17,0.04,0.02,0.47,1.78,2.35,0.1,0.19,1.75,0.07,0.04,0.47,0.73,2.4,-0.01206209,-0.06275981,-0.00947881,-0.01051081,-0.011125,sell
2013-10-22,0.69,0,0.11,0.03,0.2,2.37,1.64,0.18,0.03,2.4,0.13,0.04,0.22,0.69,1.73,-0.00560637,-0.00745873,-0.00920841,-0.00920841,-0.006222,buy
2013-10-23,0.62,0,0.27,0.06,0.09,3.36,1.12,0.3,0.06,3.47,0.23,0.07,0.12,0.65,1.25, 0.02417198, 0.04737488, 0.04007054, 0.02261657, 0.029628,buy
2013-10-24,0.52,0,0.65,0.1,0,3.75,0.87,0.52,0.1,4.03,0.47,0.11,0.04,0.62,1.08, 0.02154571, 0.04256360, 0.05018303, 0.01123856, 0.021546,buy
2013-10-25,0.46,0,1.58,0.17,0,2.97,0.92,0.88,0.17,3.89,0.9,0.19,0.08,0.6,1.26, 0.00063864,-0.00874296, 0.01406729, 0.00063864, 0.000639,buy
2013-10-26,0.46,0,2.95,0.3,0,2.53,1.26,1.47,0.3,4.35,1.76,0.31,0.17,0.58,1.75,-0.02038945,-0.01874916,-0.02440976,-0.02038945,-0.027669,sell
2013-10-27,0.57,0,2.28,0.51,0,2.9,2.31,2.47,0.56,3.05,3.56,0.57,0.42,0.56,2.92,-0.00808205, 0.01211820, 0.00701527,-0.00808205,-0.006177,sell
2013-10-28,1.01,0,0.94,0.88,0,4.66,3.13,2.97,1.03,1.41,6.36,1.01,1.15,0.55,3.7, 0.04237958, 0.04331427, 0.04468544, 0.04500123, 0.046146,buy
2013-10-29,1.81,0,0.39,1.51,0,5.1,2.65,2.14,1.89,0.68,6.55,1.8,3.06,0.54,3.36,-0.07477402,-0.03609216,-0.07551122,-0.07747421,-0.072075,sell
2013-10-30,3.34,0,0.16,2.58,0,4.02,2.27,1.29,3.56,0.34,5.47,3.31,2.76,0.59,3.35, 0.04255418, 0.00246358,-0.00164480,-0.02480779, 0.031395,buy
2013-10-31,5.54,0,0,3,0,4.72,3.3,0.78,5.57,0.11,3.9,5.45,1.14,1,4.2, 0.00707703, 0.01538275,-0.01776738, 0.00809467, 0.009626,buy
2013-11-01,7.85,0,0,2.03,0,6.04,6.49,0.47,7.6,0,2.09,8.22,0.93,3.44,5.33,-0.02661882,-0.00187377,-0.03192676,-0.00779630,-0.002647,sell
2013-11-02,6.37,0,0,1.19,0,6.19,5.59,0.29,6.18,0,2.14,6.52,1.47,2.71,4.89,-0.00180959, 0.00144415,-0.02622809, 0.00702811, 0.013372,buy
2013-11-03,2.73,0,0,0.7,0,4.69,2.32,0.18,2.58,0,3.23,2.71,3.04,0.82,2.04, 0.08178878, 0.06235645, 0.00815521, 0.07742938, 0.072102,buy
2013-11-04,1.22,0,0,0.41,0,4.32,1.19,0.11,1.11,0,1.99,1.22,4.35,0.55,0.91, 0.02927584, 0.04929299, 0.02727623, 0.02507253, 0.036959,buy
2013-11-05,0.59,0,0,0.24,0,2.7,1.01,0,0.51,0,0.77,0.6,4.46,0.56,0.37, 0.04632622, 0.04695977, 0.00303970, 0.05540592, 0.036679,buy
2013-11-06,0.21,0,0,0.14,0,1.63,1.09,0,0.14,0.02,0.33,0.19,4.92,0.58,0.22, 0.07005196, 0.03170112, 0.00033351, 0.10031037, 0.019486,buy
2013-11-07,0.16,0,0,0.09,0,1.13,1.67,0,0.09,0.04,0.22,0.12,4.04,0.6,0.14, 0.02379376, 0.00189035, 0.01055959, 0.04050040, 0.027402,buy
2013-11-08,0.1,0,0,0,0.02,0.83,2.54,0,0,0.1,0.22,0,3.53,0.64,0.02, 0.02264688,-0.05357481, 0.03750601, 0.00958414, 0.030270,buy
2013-11-09,0.25,0,0,0,0.03,0.76,3.35,0,0.04,0.27,0.29,0,3.51,0.67,0.03,-0.03030132,-0.06591270, 0.00601830,-0.00501754, 0.019606,sell
2013-11-10,0.62,0,0,0,0.05,0.72,3.29,0,0.1,0.65,0.69,0.06,2.66,0.72,0.05,-0.01687027,-0.04831554, 0.02386597,-0.02379783, 0.035436,sell
2013-11-11,1.54,0,0,0,0.07,0.81,3.57,0,0.22,1.6,1.7,0.18,1.74,0.77,0.07, 0.00497415,-0.02018441,-0.00403810, 0.00282503,-0.007532,buy
2013-11-12,2.95,0,0,0,0.08,0.97,4.69,0,0.51,3.04,3.09,0.4,1.12,0.85,0.08,-0.01641012, 0.00010741,-0.04281076,-0.02228307,-0.043870,sell
2013-11-13,2.28,0,0,0,0.09,1.18,4.29,0,1.16,2.42,2.42,0.89,0.75,0.92,0.09, 0.01832035, 0.00473962, 0.00984656, 0.00827567,-0.010506,buy
2013-11-14,0.94,0,0,0,0,1.6,4.29,0,2.59,1.17,1.28,1.97,0.51,1.02,0, 0.02059273, 0.02949474, 0.02762316, 0.02048523,-0.041912,buy
2013-11-15,0.41,0,0,0,0,2.48,4.22,0,3.05,0.8,1.01,4.18,0.34,1.15,0,-0.02732657, 0.01186623,-0.02640469, 0.00833907,-0.015776,sell
2013-11-16,0.26,0,0,0,0,4.39,2.81,0,1.68,0.88,1.47,5.72,0.27,1.29,0,-0.01641805,-0.01337203,-0.00166031,-0.00311098,-0.012928,sell
2013-11-17,0.27,0,0,0,0,4.87,2.37,0,0.98,1.25,2.96,4.45,0.24,1.47,0.03,-0.01813877, 0.00259197, 0.03293803, 0.00746357, 0.000244,buy
2013-11-18,0.68,0,0,0,0,3.65,3.11,0,1.01,2.12,3.68,2.23,0.26,1.71,0.05,-0.03157883, 0.01405314, 0.03028805, 0.01405314, 0.024409,buy
2013-11-19,1.84,0,0,0,0,3.72,4.43,0,2,2.97,2.45,1.76,0.29,2.01,0.08, 0.01528492,-0.08365697,-0.06818966,-0.09821007,-0.097557,sell
2013-11-20,2.97,0,0,0,0,4.59,5.74,0,2.97,2.44,2.46,2.99,0.55,2.36,0.13,-0.01174810,-0.03536595,-0.03012133,-0.05200510,-0.052005,sell
2013-11-21,1.62,0.03,0,0,0,5.93,5.63,0,1.62,1.46,3.15,3.06,1.04,2.84,0.22, 0.06906023, 0.06480214, 0.07198195, 0.06847351, 0.026854,buy
2013-11-22,0.54,0.07,0,0.06,0,5.58,4.18,0,0.54,0.98,2.58,1.12,1.93,3,0.37, 0.01053066, 0.03724935, 0.02853648, 0.02516656, 0.018760,buy
2013-11-23,0.17,0.17,0,0.12,0.06,4.14,4.49,0,0.17,0.79,1.56,0.36,3.27,2.6,0.67,-0.02828380, 0.02480156,-0.01072666,-0.01796700,-0.010363,sell
2013-11-24,0.03,0.44,0,0.25,0.14,3.06,4.12,0,0,1.01,1.02,0.11,3.48,2.1,1.15,-0.02878223, 0.00590254,-0.00645599,-0.02878223,-0.013351,sell
2013-11-25,0.13,1.14,0,0.51,0.37,2.42,3.45,0.03,0.03,1.95,0.89,0,4.08,1.7,2, 0.09262693, 0.06765745, 0.06060335, 0.10721524, 0.065223,buy
2013-11-26,0.48,2.95,0,1.03,1,2.13,3.95,0.06,0.06,4.56,1.27,0.03,3.85,1.33,3.5, 0.03940888, 0.04610313, 0.03441627, 0.03441627, 0.055111,buy
2013-11-27,1.87,2.89,0,2.06,2.58,2.53,3.33,0.16,0.2,6.82,2.69,0.09,1.51,1.03,4.1,-0.03819842,-0.00314220,-0.00290494,-0.00299369,-0.002994,sell
2013-11-28,2.92,1.12,0,3,3.11,4.01,1.97,0.39,0.47,7.04,3.06,0.22,0.6,0.79,4.65,-0.05010695,-0.03435756,-0.03078687,-0.03878277,-0.034358,sell
2013-11-29,1.17,0.43,0,2.14,1.73,3.65,1.15,0.96,1.1,3.74,1.34,0.6,0.26,0.6,3.68,-0.03563663,-0.00317346, 0.00314136,-0.01779096,-0.010533,sell
2013-11-30,0.29,0.16,0,1.11,1.46,2.52,0.68,2.36,2.61,1.56,0.52,1.73,0.1,0.44,1.62,-0.04072026,-0.05213718,-0.06038049,-0.04236644,-0.049179,sell
2013-12-01,0,0,0,0.57,2.46,4.1,0.33,2.97,3.41,0.57,0.2,5.18,0.03,0.32,0.72,-0.04483277,-0.03348770,-0.00668296,-0.00228641,-0.024631,sell
2013-12-02,0,0,0,0.3,2.97,4.09,0.2,1.52,2.27,0.3,0,5.89,0.04,0.23,0.35, 0.02429898, 0.02599463, 0.06923994, 0.07493192, 0.030852,buy
2013-12-03,0,0,0,0.16,1.61,2.26,0.11,0.62,1.89,0.16,0,2.37,0.07,0.16,0.11, 0.06132952,-0.02456795, 0.02161159,-0.02803612, 0.020709,buy
2013-12-04,0,0.05,0,0.09,0.71,2.48,0,0.25,2.33,0.14,0,0.87,0.13,0.11,0, 0.07618342, 0.07453382, 0.04022597, 0.07516300, 0.051668,buy
2013-12-05,0,0.23,0,0,0.45,3.08,0,0.1,3.07,0.23,0.06,0.28,0.22,0,0, 0.05573220, 0.07248478, 0.04274966, 0.06356081, 0.042750,buy
2013-12-06,0,0.99,0.08,0,0.62,2.78,0,0,2.62,1.07,0.26,0.12,0.4,0,0, 0.08085366, 0.06923571, 0.05422550, 0.07669213, 0.042089,buy
2013-12-07,0,2.95,0.21,0,1.62,1.96,0.04,0.04,1.72,3.16,1.12,0,0.78,0,0.04,-0.03337607, 0.01825571,-0.03487892,-0.03487892,-0.002438,sell
2013-12-08,0,2.01,0.58,0,4.27,1.58,0.1,0.14,1.25,2.59,3.13,0.05,1.56,0,0.1,-0.06238170,-0.01163489,-0.05748537,-0.06068703,-0.059655,sell
2013-12-09,0,0.47,1.55,0,4.96,1.55,0.29,0.57,1.3,2.02,2.37,0.2,3.21,0,0.29,-0.00685761, 0.01367784,-0.03982905, 0.00496575,-0.006858,buy
2013-12-10,0,0.11,3,0,4.28,2.1,0.79,2.2,2.7,3.11,1.49,0.76,3.63,0,0.79,-0.03132465, 0.02248543,-0.05045310,-0.00837211,-0.033986,sell
2013-12-11,0,0,2.06,0,4.64,3.72,2.22,2.92,3.28,2.06,2.66,2.95,2.39,0,2.22, 0.03748017, 0.01176309, 0.02592165, 0.03563083, 0.032756,buy
2013-12-12,0,0,0.75,0,3.81,4.61,3,1,1.26,0.75,3.24,2.92,2,0,3,-0.06726902,-0.12564133,-0.07299158,-0.08717818,-0.072650,sell
2013-12-13,0,0,0.28,0,1.54,3.55,1.38,0.26,0.46,0.28,1.84,0.75,2.28,0.02,1.38, 0.04398617, 0.05458639, 0.04415035, 0.06426244, 0.064262,buy
2013-12-14,0,0,0.3,0,1.21,3.5,0.49,0,0.15,0.3,1.31,0.19,3.02,0.04,0.49, 0.03812755,-0.04502279,-0.04439418,-0.03591132,-0.035911,sell
2013-12-15,0,0,0.88,0,1.76,3.48,0.17,0,0.14,0.86,1.56,0,3.49,0.07,0.17, 0.02623590,-0.07226075,-0.06842230,-0.06859141,-0.068591,sell
2013-12-16,0,0,3.04,0,3.88,2.96,0,0,0.14,3,2.58,0,4.01,0.15,0, 0.00893237, 0.02326110, 0.00954023, 0.03503644, 0.016457,buy
2013-12-17,0,0,2.26,0,6.25,4.21,0,0.02,0.06,2.2,5.59,0.02,4.54,0.33,0, 0.11031914, 0.05429454, 0.11031914, 0.05962773, 0.060476,buy
2013-12-18,0,0,0.59,0,4.81,4.08,0,0.03,0.09,0.5,5.74,0.03,2.44,0.71,0, 0.02480554,-0.02733634, 0.02480554, 0.01575028, 0.003961,buy
2013-12-19,0,0,0.24,0,3.7,1.57,0,0.04,0.13,0.11,2.5,0.04,1.16,1.64,0,-0.02803548,-0.06766389,-0.02707149,-0.02932909,-0.028035,sell
2013-12-20,0,0,0.2,0,4.11,0.78,0,0.08,0.2,0,1.26,0.06,0.7,3,0, 0.04646980, 0.04441475,-0.00724924, 0.04646980, 0.044125,buy
2013-12-21,0,0,0.29,0,2.96,0.47,0.05,0.11,0.29,0,0.73,0.09,0.47,2.38,0, 0.02091575,-0.00665605,-0.00169678, 0.01981260, 0.019813,buy
2013-12-22,0,0,0.43,0,1.34,0.52,0.13,0.16,0.49,0,0.56,0.14,0.46,1.05,0,-0.12496602,-0.12931405,-0.12573521,-0.11450532,-0.108659,sell
2013-12-23,0,0,0.64,0,0.63,0.66,0.35,0.22,0.71,0,0.63,0.2,0.59,0.57,0,-0.05764070,-0.05764070,-0.08506116,-0.06838992,-0.063924,sell
2013-12-24,0,0,0.95,0,0.3,1.2,1.01,0.3,1.03,0,1.17,0.3,1.12,0.47,0, 0.03609819, 0.03609819, 0.00416346, 0.02151715, 0.026019,buy
2013-12-25,0,0,1.39,0,0.1,2.53,2.79,0.44,1.48,0,2.89,0.44,2.44,0.55,0,-0.00000310,-0.01470477, 0.00627238, 0.00053237,-0.003300,sell
2013-12-26,0,0,2.04,0,0,4.45,4.9,0.65,2.21,0,4.84,0.65,4.34,0.92,0, 0.03051637, 0.04918063, 0.04918063, 0.04928498, 0.059309,buy
2013-12-27,0,0,3,0,0,5.08,4.57,0.95,3.35,0,4.36,0.99,4.94,1.52,0, 0.00132498,-0.00131019,-0.00131019,-0.00131019,-0.024781,sell
2013-12-28,0,0,2.95,0,0,2.68,2.19,1.38,3.75,0,1.58,1.57,2.49,2.56,0,-0.06218928,-0.01664521,-0.05899126,-0.06225746,-0.058991,sell
2013-12-29,0,0,2.03,0,0,1.06,2.37,2.03,4.21,0.02,0.45,2.62,0.8,2.97,0,-0.00621711, 0.05643814, 0.00035569,-0.07395694,-0.012166,buy
2013-12-30,0,0,1.41,0,0,0.63,4.85,2.92,6.62,0.03,0,4.93,0.27,2.04,0, 0.01795356, 0.08880755, 0.02767416,-0.02649987, 0.016737,buy
2013-12-31,0,0,0.97,0.08,0,0.53,4.8,3.05,6.3,0.13,0,7.36,0,1.22,0,-0.05681381, 0.02534897,-0.06342166,-0.05523875,-0.013278,sell
2014-01-01,0,0,0.68,0.42,0,0.8,2.36,2.27,3.84,0.51,0,6.55,0,0.72,0.04,-0.04133301, 0.03434145,-0.03574031,-0.03809720,-0.015627,sell
2014-01-02,0,0,0.47,1.91,0,1.24,0.92,1.74,2.61,2.06,0,4.31,0.02,0.42,0.12,-0.04077697,-0.04329584,-0.07547480,-0.05214549, 0.016808,sell
2014-01-03,0,0,0.33,3.38,0,1.99,0.48,1.67,2.65,3.63,0,2.17,0.15,0.25,0.38, 0.00045430,-0.02070688,-0.02663929,-0.02231333,-0.058944,sell
2014-01-04,0,0,0.23,2.16,0,2.97,0.62,2.4,3.34,2.58,0,1.15,0.48,0.14,1.26,-0.08690318,-0.05330423,-0.08942155,-0.07060615,-0.087892,sell
2014-01-05,0,0,0.16,3.18,0,2.72,1.81,4.23,2.88,3.87,0,0.69,1.81,0,3.03, 0.02859734, 0.00757196, 0.00011487, 0.00011487,-0.002764,buy
2014-01-06,0,0,0.12,2.65,0,1.75,3.23,3.9,1.87,3.79,0,0.36,3.23,0,2.41, 0.00477249,-0.00039232,-0.00839031, 0.01014653,-0.001256,buy
2014-01-07,0,0,0,0.95,0,1.53,1.74,3.21,1.53,2.8,0,0.25,1.74,0.02,1.13, 0.03817071, 0.03171545, 0.04490822, 0.00993389, 0.032165,buy
2014-01-08,0,0,0,0.34,0,3.05,1.3,4.29,3.05,3.31,0,0.18,1.3,0.07,1.16,-0.02345558, 0.02455837, 0.01394973, 0.00637806,-0.034439,buy
2014-01-09,0,0,0,0.12,0.02,3.3,1.97,5.02,3.3,3.04,0,0.13,1.99,0.31,1.99,-0.05146746,-0.02358889, 0.01377433,-0.02864261,-0.084300,sell
2014-01-10,0,0,0,0,0.03,1.01,4.02,6.05,1.01,1.79,0,0.09,4.05,1.33,4.19,-0.04946899,-0.03492483,-0.04386209,-0.04227758,-0.037923,sell
2014-01-11,0,0,0,0,0.03,0.38,5.95,7.01,0.38,1.12,0.12,0,5.98,2.92,5.79,-0.05893017,-0.05849694,-0.04944536,-0.05330352,-0.036683,sell
2014-01-12,0,0,0,0.02,0.05,0.24,4.22,5.67,0.24,0.72,0.57,0,4.27,1.48,4.43,-0.04622708,-0.02802407,-0.03993089,-0.03877040,-0.039792,sell
2014-01-13,0,0,0,0.03,0.06,0.58,2.06,5.38,0.58,0.46,2.67,0,2.12,0.35,2.31,-0.04655547,-0.04350362,-0.04655547,-0.05145087,-0.055335,sell
2014-01-14,0,0,0,0.04,0.08,1.37,1.01,4.38,1.37,0.31,2.97,0,1.09,0,1.17, 0.04374137, 0.04374137, 0.04374137,-0.00881196, 0.036007,buy
2014-01-15,0,0,0,0.06,0.2,2.97,0.52,1.43,3.07,0.23,0.68,0,0.62,0,0.61, 0.06382942, 0.07943302, 0.05465315, 0.06068926, 0.041663,buy
2014-01-16,0,0,0,0.09,0.71,2.65,0.19,0.48,3.07,0.2,0.14,0.15,0.33,0,0.27, 0.05214380, 0.04590649, 0.02712890, 0.06505204, 0.028936,buy
2014-01-17,0,0,0.11,0.12,2.6,1.13,0.11,0.14,2.9,0.23,0.02,0.67,0.29,0,0.16,-0.09480351,-0.10308987,-0.07140558,-0.06317894,-0.106351,sell
2014-01-18,0,0,0.54,0.17,5.99,0.47,0,0.05,3.44,0.71,0.05,2.82,0.23,0,0.04, 0.11319372, 0.10730119, 0.14075695, 0.03397991, 0.070275,buy
2014-01-19,0,0,2.62,0.24,4.41,0.2,0.02,0.14,1.36,2.86,0.14,3.02,0.3,0,0.05, 0.02788394, 0.03173258,-0.00476171,-0.00321107, 0.011424,buy
2014-01-20,0,0,3,0.32,1.38,0,0.03,0.35,0.3,3.32,0.35,0.8,0.39,0,0.05, 0.06645516, 0.06128304,-0.01284716, 0.05290826, 0.062538,buy
2014-01-21,0,0.02,0.67,0.42,0.67,0,0.05,0.92,0.07,1.09,0.92,0.29,0.5,0,0.05, 0.01373300, 0.01373300,-0.00759793, 0.04351125, 0.012962,buy
2014-01-22,0,0.02,0.14,0.53,0.65,0,0.07,2.49,0.09,0.67,2.38,0.18,0.76,0,0.06, 0.04339973, 0.04339973, 0.10278125, 0.04162111, 0.040953,buy
2014-01-23,0,0.03,0,0.65,0.83,0,0.1,3.38,0.13,0.65,2.97,0.25,1.24,0,0.06, 0.06523721, 0.09606608, 0.11084704, 0.08216552, 0.102999,buy
2014-01-24,0.1,0.03,0,0.76,1.06,0.02,0.14,2.9,0.17,0.76,1.39,0.35,2.57,0,0.17,-0.06173854,-0.06831773,-0.01923008,-0.04773335,-0.077385,sell
2014-01-25,0.3,0.08,0,0.87,1.36,0.07,0.19,3.54,0.26,0.91,0.54,0.51,4.33,0,0.37,-0.07365257,-0.07365257,-0.04796397,-0.00074062,-0.081464,sell
2014-01-26,0.86,0.19,0,0.96,1.78,0.24,0.24,1.8,0.36,1.1,0.21,0.82,3.27,0,0.94,-0.00634162,-0.06346502,-0.04833598, 0.00500639,-0.006342,buy
2014-01-27,2.38,0.58,0.04,1.02,2.32,0.8,0.29,0.47,0.5,1.58,0,1.53,2.57,0,2.46, 0.02462059,-0.03900894,-0.02101023,-0.01243427,-0.015478,sell
2014-01-28,2.95,1.92,0.12,1.05,3.22,2.49,0.35,0.14,0.8,3.01,0,3.42,2.79,0.04,3.04, 0.00917002, 0.03858515, 0.00781944, 0.00457230,-0.001967,sell
2014-01-29,1.44,3.05,0.33,1.06,4.35,2.97,0.4,0,1.35,4.34,0.05,4.24,3,0.11,1.49,-0.07608149,-0.02895958,-0.05079327,-0.07677320,-0.057304,sell
2014-01-30,0.72,1.55,0.9,1.04,5.97,1.21,0.45,0,2.58,3.37,0.15,3.1,2.72,0.3,0.67,-0.00149227,-0.00456738,-0.04892238,-0.06028755,-0.001743,buy
2014-01-31,0.65,0.63,2.44,0.99,8.2,0.46,0.47,0,3.59,3.91,0.39,3.72,2.2,0.75,0.37, 0.03396514,-0.01552793,-0.05983648,-0.03188844,-0.022634,sell
2014-02-01,1.03,0.37,3,0.92,8.38,0.2,0.49,0,2.52,4.1,0.9,4.16,1.78,1.8,0.25, 0.01781420,-0.00879444,-0.07361689,-0.01550956,-0.014656,buy
2014-02-02,1.84,0.22,1.32,0.82,6.8,0.1,0.49,0,1.49,2.14,1.84,2.67,1.47,2.97,0.13, 0.08233894, 0.09064644, 0.09187423, 0.08233894, 0.087140,buy
2014-02-03,3,0.27,0.49,0.71,4.25,0,0.48,0,1.08,1.2,3,1.62,1.2,2.06,0.14, 0.07079433, 0.09027334, 0.09610134, 0.07079433, 0.084661,buy
2014-02-04,2.7,0.32,0.18,0.59,2.32,0,0.47,0,0.93,0.77,2.7,1.18,0.98,0.92,0.15,-0.05659230,-0.05046645,-0.05023335,-0.03472811,-0.044898,sell
2014-02-05,1.77,0.38,0,0.48,1.35,0,0.43,0,0.81,0.48,1.77,0.93,0.82,0.42,0.15,-0.01250709, 0.03553827, 0.01666058, 0.00375480, 0.035538,buy
2014-02-06,1.36,0.45,0,0.38,0.88,0,0.39,0.04,0.84,0.38,1.34,0.71,0.72,0.2,0.18, 0.03470858, 0.04159152,-0.03645994, 0.03454735, 0.015897,buy
2014-02-07,1.28,0.52,0,0.29,0.67,0.02,0.34,0.1,0.86,0.29,1.25,0.63,0.67,0.1,0.2, 0.05921102, 0.06044131, 0.01396658, 0.07222647, 0.050895,buy
2014-02-08,1.6,0.6,0,0.22,0.48,0.02,0.29,0.25,0.89,0.22,1.55,0.52,0.73,0,0.23, 0.10489218, 0.10507177, 0.10243910, 0.11549514, 0.114416,buy
2014-02-09,2.3,0.71,0,0.16,0.41,0.04,0.23,0.59,0.91,0.19,2.22,0.44,1,0,0.27, 0.00844205, 0.03241411, 0.03807180, 0.10324479, 0.044160,buy
2014-02-10,3.16,0.87,0,0.11,0.35,0.09,0.19,1.39,0.97,0.2,3,0.4,1.74,0,0.36, 0.03834023,-0.00556714, 0.04913955, 0.06708367, 0.050360,buy
2014-02-11,2.74,1.1,0,0,0.3,0.19,0.14,2.97,1.02,0.22,2.38,0.42,3.27,0,0.57,-0.07924790,-0.08720962,-0.03393931,-0.01813614,-0.079248,sell
2014-02-12,2.21,1.55,0,0,0.26,0.45,0.11,2.6,1.09,0.57,1.24,0.62,2.86,0,1.19, 0.01490771, 0.01490771, 0.07064452, 0.04081174, 0.014908,sell
2014-02-13,3.19,2.56,0,0,0.23,1.11,0,1.08,1.1,1.46,0.58,1.23,1.31,0.08,2.85, 0.02630730, 0.01049456, 0.01818029,-0.01007828, 0.022398,buy
2014-02-14,3.46,4.65,0,0,0.2,2.93,0.01,0.49,1.2,3.45,0.26,2.93,0.7,0.55,3.46,-0.01105175, 0.00929448,-0.06562994,-0.01257771,-0.013103,sell
2014-02-15,1.8,5.19,0,0,0.18,4.77,0.02,0.29,1.3,3.89,0.17,4.75,0.49,2.94,1.9, 0.03882659, 0.03634506, 0.03634506, 0.04186636,-0.054472,buy
2014-02-16,1.61,5.38,0,0,0.16,4.42,0.03,0.29,1.41,3.97,0.15,4.38,0.48,2.28,1.76, 0.02619157, 0.03510577, 0.03514473, 0.03380223,-0.047493,buy
2014-02-17,2.92,4.43,0,0,0.14,2.53,0.06,0.8,1.51,2.92,0.34,2.48,1,0.38,2.89, 0.01587173, 0.02552508,-0.04719764,-0.00848657,-0.004947,buy
2014-02-18,3.76,2.72,0,0,0.13,1.08,0.09,2.16,1.61,1.11,0.85,1,2.38,0.08,3.24, 0.02617610, 0.02356749, 0.02356749, 0.02336006, 0.037500,buy
2014-02-19,3.64,2.06,0,0,0.11,0.47,0.15,2.97,1.68,0.38,2.15,0.35,3.23,0.12,1.83, 0.01668549, 0.00592572, 0.01213167, 0.01798696, 0.042326,buy
2014-02-20,3.68,1.92,0,0,0.1,0.31,0.25,1.58,1.76,0.16,3.05,0.14,1.93,0.17,0.98, 0.05957540,-0.03567849, 0.07353854, 0.06107410, 0.075247,buy
2014-02-21,1.9,1.8,0,0,0.1,0.23,0.45,0.67,1.8,0,1.67,0,1.22,0.23,0.6, 0.06941304, 0.04730019, 0.04791228, 0.05017671, 0.054521,buy
2014-02-22,0.75,1.84,0,0,0.09,0.32,0.78,0.31,1.84,0,0.69,0,1.18,0.32,0.44, 0.06108374, 0.04191048, 0.02558648, 0.04197220, 0.059094,buy
2014-02-23,0.26,1.85,0,0,0.09,0.45,1.41,0.16,1.87,0.02,0.32,0,1.66,0.43,0.32, 0.04291650, 0.04130379, 0.02420893, 0.04130379, 0.050063,buy
2014-02-24,0.15,1.87,0,0,0,0.61,2.58,0.09,1.91,0.06,0.18,0,2.67,0.57,0.33, 0.03961187,-0.00110984,-0.01403168, 0.00651288, 0.007104,sell
2014-02-25,0.16,1.85,0,0,0.04,0.81,2.97,0,1.96,0.16,0.1,0.02,2.97,0.74,0.33, 0.01758466,-0.00453973,-0.03911831,-0.00873394,-0.003131,buy
2014-02-26,0.4,1.84,0,0,0.06,1.08,1.86,0,2.04,0.4,0.1,0.07,1.82,0.95,0.33, 0.01671093, 0.04319137, 0.02163982, 0.04453171, 0.044532,buy
2014-02-27,0.99,1.79,0,0,0.06,1.44,1.06,0.07,2.16,0.99,0.13,0.13,0.96,1.2,0.38, 0.00068616, 0.06566864, 0.07054891, 0.07669331, 0.078326,buy
2014-02-28,2.49,1.79,0,0,0.07,1.95,0.75,0.12,2.45,2.49,0.15,0.28,0.5,1.5,0.47,-0.02342719, 0.01284986, 0.00401536, 0.01654818, 0.018859,sell
2014-03-01,2.97,1.82,0,0,0.04,2.69,0.85,0.28,3.08,2.97,0.24,0.6,0.28,1.84,0.62,-0.01312887, 0.00174080,-0.02471010,-0.02211128, 0.042096,sell
2014-03-02,1.41,1.93,0,0,0.07,3.83,1.56,0.54,4.36,1.41,0.37,1.43,0.24,2.22,0.96,-0.04490678,-0.03870122,-0.03916309,-0.05520820,-0.028991,sell
2014-03-03,0.57,2.4,0,0,0.09,5.64,2.97,1.1,7.21,0.57,0.7,2.97,0.12,2.69,1.74, 0.04214311, 0.03291631, 0.01673444, 0.02466944, 0.082716,buy
2014-03-04,0.23,3.72,0,0,0.11,5.79,2.51,2.31,7.11,0.23,1.5,2.51,0.14,3.04,3.56, 0.10013856, 0.09915991, 0.03630699, 0.08165186, 0.114371,buy
2014-03-05,0.09,5.98,0,0,0.14,4.28,1.05,4.54,4.05,0.09,3.37,1.05,0.19,2.9,6.26,-0.02656528, 0.00168887,-0.00103613,-0.01763983, 0.012512,sell
2014-03-06,0,6.22,0,0,0.18,3.17,0.44,5.73,2.46,0.03,6.06,0.44,0.26,2.54,5,-0.10778801,-0.10922144,-0.10066418,-0.08814692,-0.102478,sell
2014-03-07,0,3.83,0,0,0.23,2.48,0.18,4.22,1.64,0.05,4.78,0.18,0.4,2.26,2.34,-0.08322796,-0.03775873,-0.03023538,-0.00840393,-0.045205,sell
2014-03-08,0.03,2.05,0,0,0.27,2.05,0,2.31,1.18,0.08,2.08,0,0.7,2.05,1.16,-0.04815227,-0.00983169,-0.01298751,-0.01463916,-0.012899,sell
2014-03-09,0.09,1.37,0,0,0.33,1.74,0,1.91,0.88,0.16,0.95,0,1.34,1.88,0.66,-0.04321619,-0.02621258,-0.02759750,-0.02569413,-0.025356,sell
2014-03-10,0.21,1.12,0,0,0.38,1.51,0,2.71,0.68,0.33,0.46,0.03,2.7,1.75,0.39,-0.04882869,-0.03661043,-0.02024573,-0.03572468,-0.038031,sell
2014-03-11,0.54,1.29,0.03,0,0.42,1.39,0,3.07,0.58,0.74,0.22,0.06,3.61,1.63,0.3,-0.04455456, 0.03773140, 0.03515241,-0.08732253,-0.057755,buy
2014-03-12,1.34,2.05,0.06,0,0.46,1.35,0,1.68,0.49,1.62,0.11,0.13,3.11,1.55,0.3,-0.09024565,-0.06589804,-0.06183666,-0.08007507,-0.085478,sell
2014-03-13,3.12,3.38,0.14,0,0.49,1.42,0,0.73,0.41,3.11,0.14,0.3,3.85,1.46,0.36,-0.07489941,-0.07543902,-0.07652359,-0.06993441,-0.074899,sell
2014-03-14,3.12,2.74,0.34,0,0.51,1.77,0,0.3,0.34,2.71,0.21,0.73,3.17,1.38,0.57,-0.06281094,-0.07276941,-0.08321461,-0.05662813,-0.049350,sell
2014-03-15,2.27,1.27,0.82,0,0.61,2.83,0,0.12,0.31,1.69,0.43,1.91,1.41,1.31,1.18, 0.00687377,-0.03349643,-0.02293766, 0.00888980,-0.032251,buy
2014-03-16,3.83,0.63,1.9,0,0.73,3.89,0,0,0.29,1.98,0.94,3.11,0.66,1.23,2.98, 0.04193624, 0.01196082, 0.03691963, 0.04193624, 0.035106,buy
2014-03-17,5.62,0.34,3.87,0,1,2.67,0,0,0.32,3.16,2.68,2.1,0.44,1.17,3.83, 0.04874757, 0.04215574, 0.03408078, 0.02281521, 0.043743,buy
2014-03-18,4.06,0.14,4.77,0,1.61,1.51,0,0,0.46,2.44,3.49,1.39,0.31,1.1,3.09, 0.08693616, 0.08698003, 0.08399208, 0.08982948, 0.093608,buy
2014-03-19,1.52,0.11,5.43,0,3,1.05,0,0,0.82,1.09,2.54,1.93,0.37,1.04,3.49, 0.00467284, 0.01510508,-0.00430696, 0.03831591, 0.010924,buy
2014-03-20,0.48,0.09,5.16,0,5.19,0.79,0,0,1.68,0.47,3.33,2.97,0.45,0.97,2,-0.01006683,-0.02340393,-0.05454410, 0.04349209,-0.022458,sell
2014-03-21,0.12,0,3.34,0,5.84,0.78,0,0,2.97,0.21,2.61,2.18,0.54,0.93,0.79, 0.05007399,-0.01043917,-0.07569415, 0.01642338,-0.003887,buy
2014-03-22,0.05,0.02,1.3,0,4.09,0.77,0,0,2.4,0.14,0.98,0.92,0.68,0.88,0.37,-0.01696753,-0.03083081, 0.01684240,-0.00749091,-0.018014,sell
2014-03-23,0.14,0.05,0.39,0,2.33,0.77,0,0,1.05,0.14,0.39,0.38,0.86,0.86,0.13,-0.09559676,-0.12211880,-0.10824486,-0.09779800,-0.106637,sell
2014-03-24,0.46,0.19,0.15,0,1.64,0.77,0.05,0.03,0.46,0.46,0.15,0.21,1.16,0.77,0.19,-0.09718497,-0.09718497,-0.09718497,-0.08215489,-0.082835,sell
2014-03-25,1.48,0.67,0,0,1.47,0.79,0.17,0.09,0.25,1.5,0.05,0.17,1.62,0.79,0.44, 0.04796412, 0.05483515, 0.02606108, 0.04124119, 0.076247,buy
2014-03-26,2.97,2.3,0,0,1.69,0.8,0.59,0.23,0.26,3.01,0.19,0.59,2.5,0.8,1.5,-0.06257804,-0.05523708,-0.04992522,-0.05426005,-0.057264,sell
2014-03-27,1.74,5.42,0,0,2.06,0.82,2.1,0.57,0.62,1.83,0.71,2.1,4.3,0.82,3.03,-0.04288276,-0.05454795,-0.04288276,-0.04576235,-0.054548,sell
2014-03-28,0.51,7.24,0,0,2.65,0.85,2.92,1.46,2.18,0.75,2.77,2.95,6.89,0.85,1.42,-0.08185588,-0.06402400,-0.07442580,-0.08702638,-0.082160,sell
2014-03-29,0.23,5.34,0,0,3,0.88,1.11,3.47,2.97,0.72,2.92,1.17,7.94,0.88,0.4,-0.09240747,-0.07956734,-0.09240747,-0.09175598,-0.081634,sell
2014-03-30,0.26,1.87,0,0,2.66,0.96,0.3,3.81,1.15,1.29,0.79,0.5,6.1,0.91,0.23, 0.02663828, 0.08586282, 0.08705680, 0.01676398, 0.028271,buy
2014-03-31,0.88,1.21,0,0,2.1,1.06,0,3.65,0.39,2.97,0.24,0.47,3.48,0.95,0.7,-0.05501243,-0.04552624,-0.05134201,-0.09560322,-0.064898,sell
2014-04-01,2.84,1.8,0,0,1.74,1.29,0,4.19,0.2,4.63,0.13,1.14,2.6,1,2.16,-0.01660723,-0.05791488,-0.05878377,-0.07335842,-0.057915,sell
2014-04-02,5.64,2.97,0.1,0,1.63,1.77,0,3.95,0.46,4.71,0.33,2.78,3.66,1.05,3.07, 0.02883039, 0.01165986,-0.03979921, 0.01475692,-0.049452,buy
2014-04-03,5.19,2.2,0.54,0,1.94,2.96,0,3.72,1.08,2.97,0.9,4.79,3.88,1.12,1.81, 0.04597139, 0.01670360, 0.01850213, 0.05142115, 0.011346,buy
2014-04-04,3.65,0.93,2.9,0,3.08,4.14,0,2.11,2.45,1.28,2.52,4.71,1.48,1.19,3.18, 0.01393147, 0.02592918, 0.01392916, 0.00226317,-0.010499,buy
2014-04-05,3.28,0.39,3.46,0,3.47,3.11,0,0.89,3.02,0.55,3.43,2.58,0.68,1.26,3.08, 0.06841062, 0.05607752, 0.02442816, 0.07449672, 0.048305,buy
2014-04-06,1.33,0.17,2.83,0,1.94,2.09,0,0.31,1.63,0.17,3.49,1.04,0.41,1.36,0.57,-0.00212121, 0.00002237,-0.02632600,-0.02121265,-0.000790,sell
2014-04-07,0.49,0,3.27,0,0.97,1.75,0,0.13,0.79,0,3.49,0.41,0.35,1.47,0.1, 0.00595244, 0.01567498, 0.01351765, 0.03966986, 0.007460,buy
2014-04-08,0.18,0.04,1.14,0.02,0.51,1.69,0,0.03,0.45,0,0.99,0.14,0.43,1.58,0.02, 0.01341538, 0.02794308, 0.02321293, 0.02661450, 0.003515,buy
2014-04-09,0,0.18,0.84,0.06,0.29,1.73,0,0.04,0.35,0,0.17,0.04,0.79,1.73,0.06, 0.03567302, 0.04124924, 0.04083047, 0.05403787, 0.045492,buy
2014-04-10,0,1.06,1.46,0.18,0.12,1.87,0,0.05,0.33,0,0,0.05,2.2,1.87,0.29,-0.00154037, 0.00074279, 0.00074279, 0.01327635, 0.011869,buy
2014-04-11,0,3.33,3.32,0.55,0.09,2.04,0,0.14,0.48,0.07,0,0.07,5.88,2.04,0.93, 0.04592672, 0.04592672, 0.01462690, 0.03867811, 0.030942,buy
2014-04-12,0.04,2.92,3.66,1.65,0,2.26,0,0.39,0.71,0.26,0,0.17,4.63,2.26,2.89, 0.01432970, 0.01725347, 0.00318148, 0.01307828,-0.029582,sell
2014-04-13,0.08,3.31,2.26,3.04,0.05,2.49,0.04,1.44,1.1,0.99,0.07,0.57,1.52,2.49,5.97, 0.02554506, 0.04828544, 0.04240028, 0.00940200, 0.008806,buy
2014-04-14,0.2,2.17,2.03,1.83,0.27,2.74,0.1,5.3,1.82,3.22,0.19,2.38,0.48,2.74,3.81,-0.00853744, 0.02947294, 0.03842025,-0.00795639,-0.008320,sell
2014-04-15,0.48,0.87,2.45,0.82,1.39,3.03,0.28,5.47,3.68,2.72,0.48,3.51,0.19,3,1.21,-0.02626350,-0.02424893,-0.03592887,-0.04964938,-0.037380,sell
2014-04-16,1.16,0.87,3,0.8,2.97,3.03,0.73,1.8,6.14,1.83,1.29,1.86,0,2.95,0.38,-0.01467103, 0.03995617, 0.02873769, 0.00195391, 0.021936,buy
2014-04-17,2.77,1.92,2.97,1.69,1.12,2.85,1.96,1.05,4.22,3.15,3.46,2.63,0.27,2.67,0.15, 0.05818015, 0.07277891, 0.00934513, 0.05818015, 0.057182,buy
2014-04-18,2.97,2.95,3.55,4.03,0.2,2.8,2.95,1.33,3.01,3.56,5.9,3.69,1.7,2.4,1.08, 0.09464779, 0.09766627, 0.07058745, 0.09678720, 0.082600,buy
2014-04-19,1.31,1.61,4.18,5.2,0,3.04,1.65,1.91,3.65,2.21,3.89,2.66,2.89,2.12,2.92,-0.04684129,-0.08110674,-0.08946516,-0.08482332,-0.034952,sell
2014-04-20,0.58,0.58,1.67,2.09,0,4,0.61,2.76,5.97,1.93,1.63,1.99,0.8,1.9,1.04,-0.00290462,-0.00760202,-0.03043512,-0.05331744,-0.013145,sell
2014-04-21,0.33,0.2,0.85,1.39,0,4.72,0.23,3.97,5.99,2.33,1.45,2.1,0.22,1.74,0.24, 0.02099369, 0.04381220,-0.00072211, 0.02199631, 0.015322,buy
2014-04-22,0.38,0,0.77,3.06,0,3.75,0.08,5.48,3.6,3.07,3.06,2.59,0.28,1.62,0.33, 0.03361964, 0.03792170,-0.00359706,-0.02470560,-0.007744,buy
2014-04-23,0.79,0,1.4,1.41,0,4.82,0,5.77,4.15,2.77,1.41,3,0.79,1.65,1.09,-0.04201052, 0.03375716,-0.01243514,-0.01224520,-0.044897,sell
2014-04-24,2.28,0,3.23,0.2,0,4.44,0,4.49,3.63,1.84,0.2,2.65,2.28,2.05,3, 0.04533290, 0.00120657, 0.02321279, 0.00360099,-0.009746,buy
2014-04-25,2.97,0,2.5,0,0,1.67,0,3.21,0.8,1.22,0,1.99,2.97,3.52,2.34, 0.04799968, 0.03076909, 0.03996555,-0.00091564, 0.079520,buy
2014-04-26,1.31,0,0.85,0,0,0.9,0,2.36,0.12,0.82,0.03,1.54,1.31,3.85,0.7, 0.00837114, 0.00168322, 0.00082915, 0.00185211,-0.005607,buy
2014-04-27,0.55,0,0.4,0,0,0.79,0,1.75,0.09,0.56,0.1,1.29,0.45,2.02,0.21,-0.02548120,-0.02548120,-0.02548120,-0.02548120,-0.033584,sell
2014-04-28,0.88,0,0.28,0,0,0.69,0.3,1.3,0.05,0.63,0.28,1.64,0.16,1.12,0, 0.02279399, 0.01203418, 0.01203418, 0.01373984, 0.013740,buy
2014-04-29,2.98,0,0.82,0,0,0.62,1.78,0.98,0.3,1.74,0.8,3.7,0.02,0.75,0.02, 0.01003922, 0.01003922, 0.01406046, 0.01673711, 0.016457,buy
2014-04-30,1.97,0,2.48,0.05,0,0.54,4.92,0.76,1.97,3.13,2.3,2.55,0.07,0.52,0.18, 0.00770468, 0.03898197, 0.01801683, 0.04958851, 0.010514,buy
2014-05-01,0.75,0,4.4,0.36,0,0.47,4.03,0.59,2.95,1.21,2.97,1.21,0.38,0.45,1.43,-0.03677698,-0.05478148,-0.02035464,-0.02061924,-0.030662,sell
2014-05-02,1.19,0,4.17,2.58,0,0.42,1.13,0.46,0.72,0.5,1.3,1.56,2.61,0.39,2.87,-0.02810063,-0.03389972,-0.00545347,-0.02609798,-0.006451,sell
2014-05-03,2.84,0.05,1.18,3,0,0.37,0.76,0.31,0.25,0.51,0.45,3.15,3.08,0.34,0.73, 0.02090011, 0.01744750, 0.01398176, 0.04124333, 0.025614,buy
2014-05-04,2.95,0.26,0.51,0.47,0,0.33,1.4,0.25,0.35,1.05,0.35,3.3,0.66,0.3,0.16,-0.02064125,-0.02432274,-0.01769875,-0.00446599, 0.003233,sell
2014-05-05,1.27,1.07,1.44,0.03,0,0.37,2.96,0.21,0.8,2.24,1.24,2.08,0.54,0.25,0.2,-0.05208875,-0.00472853,-0.04895964, 0.00459819,-0.042588,sell
2014-05-06,0.54,4.36,3.45,0.09,0,0.68,4.81,0.18,1.84,3.39,2.89,3.64,1.52,0.22,0.61,-0.04962699,-0.06892088,-0.06185465,-0.07014407,-0.063111,sell
2014-05-07,0.22,5.66,2.61,0.22,0,2.35,4.97,0.16,3,4.09,1.07,2.68,3.26,0.19,1.9,-0.04177643,-0.03502215,-0.04757254,-0.04227521,-0.035022,sell
2014-05-08,0.09,4.81,3.17,0.56,0,3.16,3.02,0.14,2.06,3.91,0.17,0.62,2.71,0.16,5.32,-0.01079460, 0.04466119, 0.00083384, 0.02789229, 0.022187,buy
2014-05-09,0,3.63,2.04,1.41,0,1.01,1.36,0.12,0.89,1.29,0,0.12,2.17,0.14,4.96,-0.00342938, 0.01994627,-0.00153905, 0.01778834, 0.035779,buy
2014-05-10,0,0.83,0.77,2.95,0,0.35,0.62,0.17,0.39,0.41,0,0.17,3.24,0.12,1.36,-0.06700105,-0.07232137,-0.10339351,-0.04035861,-0.010366,sell
2014-05-11,0,0.17,0.28,2.42,0,0.15,0.28,0.27,0.17,0.11,0.07,0.27,2.47,0.1,0.38,-0.07830135,-0.07148864,-0.09180193,-0.09129142,-0.051889,sell
2014-05-12,0,0.35,0.27,0.96,0.02,0.13,0,0.56,0.02,0,0.38,0.69,1.01,0.08,0.11, 0.01620917, 0.05546895, 0.01035830, 0.00854399, 0.008152,buy
2014-05-13,0,1.7,0.68,0.38,0.05,0.05,0,1.39,0.07,0.05,1.75,1.95,0.43,0,0, 0.03933092,-0.02666826,-0.03621877,-0.02733922,-0.023761,sell
2014-05-14,0.09,3.01,2.81,0.28,0.21,0.06,0,3.21,0.22,0.2,3.14,5.68,0.21,0,0.22, 0.04282406, 0.05456599, 0.03383421, 0.00747748, 0.054883,buy
2014-05-15,0.41,1.29,3.46,0.41,0.64,0,0,2.94,0.7,0.58,1.6,5.41,0.04,0,0.82, 0.01984177, 0.00558173, 0.01355635,-0.04221782, 0.026140,buy
2014-05-16,1.74,0.63,2.23,1.24,1.91,0,0,2.83,2.26,1.66,1.41,1.98,0.29,0,2.98,-0.06781264,-0.00630321, 0.01420418,-0.02076567,-0.006303,buy
2014-05-17,2.95,0.92,4.04,3,5.53,0,0,4.91,5.55,4.6,2.84,1.37,1,0,5.99, 0.03686718,-0.05746936,-0.00217581, 0.06855861, 0.075180,buy
2014-05-18,1.22,2.24,6.42,2.3,5.79,0.03,0,4.84,4.76,5.8,2.95,2.24,3.47,0,3.62, 0.05281492,-0.01630705,-0.02335141, 0.08032457, 0.061328,buy
2014-05-19,0.33,3.2,7.2,0.77,2.19,0.07,0,2.82,1.76,3.25,1.23,3.02,5.97,0,1.35, 0.10271568, 0.09433004, 0.02878917, 0.10916578, 0.109166,buy
2014-05-20,0.09,2.32,4.22,0.26,0.79,0.14,0,1.16,0.62,1.4,0.5,1.78,3.72,0,0.96, 0.03404718, 0.03178728,-0.02539167, 0.03404718, 0.036698,buy
2014-05-21,0.1,2.23,1.41,0.12,0.29,0.28,0,0.46,0.16,0.8,0.33,0.78,1.21,0,1.61, 0.00707743, 0.01033278, 0.00696695, 0.01346807, 0.001848,sell
2014-05-22,0.3,3.27,0.4,0.09,0,0.56,0,0.23,0,0.72,0.39,0.37,0.4,0,2.97, 0.02237065, 0.02633048, 0.03237630,-0.00322313, 0.036964,buy
2014-05-23,0.82,2.47,0.1,0.28,0,1.12,0,0.08,0,1.12,1.1,0.21,0.1,0,2.34, 0.00787391,-0.00021553, 0.02467799,-0.00402770, 0.028711,buy
2014-05-24,2.16,0.95,0,0.83,0,2.22,0,0.08,0,2.22,2.99,0.08,0,0,0.95, 0.00359795,-0.03207625, 0.00226275, 0.08489250,-0.022875,sell
2014-05-25,2.95,0.39,0,2.47,0,2.97,0,0.09,0,2.97,5.42,0.09,0,0,0.39, 0.03157772, 0.00763638, 0.04330144, 0.01623381, 0.017790,buy
2014-05-26,1.64,0.16,0,2.95,0,2.01,0,0.1,0.04,1.97,4.59,0.1,0,0,0.16, 0.01593081, 0.00195971, 0.01630755, 0.00906075, 0.007582,buy
2014-05-27,0.71,0.08,0,1.19,0,1.09,0,0.11,0.1,0.99,1.94,0.11,0.04,0,0, 0.05287742, 0.05587409, 0.04453576, 0.05433831, 0.033445,buy
2014-05-28,0.32,0.18,0,0.4,0,0.78,0,0.12,0.28,0.5,0.81,0.12,0.09,0,0, 0.01691227, 0.01691227,-0.00158209, 0.01804345, 0.008036,buy
2014-05-29,0.16,0.4,0.05,0.13,0,1.02,0,0.13,0.77,0.25,0.52,0.18,0.17,0,0, 0.02298080, 0.02298080, 0.00742602, 0.02979737, 0.007210,buy
2014-05-30,0,0.87,0.12,0,0,2.29,0,0.15,2.16,0.13,0.56,0.27,0.31,0,0, 0.08219115, 0.08398189, 0.06722493, 0.07311161, 0.069433,buy
2014-05-31,0,1.92,0.28,0,0,2.95,0,0.18,2.95,0,1.39,0.46,0.53,0,0, 0.02998437, 0.06540030, 0.07133511, 0.02672657, 0.026368,buy
2014-06-01,0.03,3.79,0.67,0,0,1.42,0,0.2,1.42,0,2.95,0.87,0.84,0,0.03, 0.03862567,-0.01168211,-0.01989399,-0.01168211,-0.006788,sell
2014-06-02,0.07,3.79,1.59,0,0,0.51,0,0.27,0.54,0,2.53,1.83,1.26,0,0.07, 0.04731446,-0.01944272,-0.02818795, 0.00270133,-0.017668,buy
2014-06-03,0.15,2.8,2.98,0,0,0.18,0,0.35,0.24,0,1.04,3.24,1.79,0,0.15,-0.02405330,-0.01375213,-0.01827646, 0.00945625,-0.030738,sell
2014-06-04,0.38,2.72,2.37,0,0,0,0,0.48,0.14,0,0.42,2.66,2.39,0,0.34,-0.02386929,-0.03858727,-0.04636052,-0.02682692,-0.043958,sell
2014-06-05,0.86,2.96,1.16,0,0,0,0,0.74,0.33,0,0.17,1.47,3,0,0.75,-0.00536687,-0.00330150,-0.02249776,-0.00643515,-0.000632,sell
2014-06-06,1.95,3,0.93,0,0.04,0,0,1.27,0.77,0.02,0,1.21,3.53,0.02,1.66,-0.00610906,-0.01285946,-0.01829481,-0.01354844,-0.023116,sell
2014-06-07,3.87,2.84,1.51,0,0.07,0,0,2.41,1.79,0.05,0,1.71,4.15,0.02,3,-0.02763349,-0.01963292,-0.02029671,-0.01841825,-0.026444,sell
2014-06-08,5.09,2.72,3.04,0,0.12,0,0.04,3.72,2.99,0.09,0,3.44,5.69,0.03,2.51,-0.03258174,-0.03368922,-0.01270178, 0.00315786,-0.000957,sell
2014-06-09,4.08,2.95,2.85,0.09,0.21,0,0.1,3.05,2.18,0.18,0,3.92,5.71,0.03,1.33,-0.02521713,-0.02948643,-0.02426220, 0.01316250, 0.013040,sell
2014-06-10,1.67,3,1.56,0.26,0.4,0,0.3,2.12,1.2,0.36,0.02,2.34,4.35,0.04,1.03,-0.00226331, 0.00314072,-0.01779565, 0.01886441,-0.002164,buy
2014-06-11,0.66,2.65,1.67,0.79,0.77,0,0.85,1.95,1.26,0.7,0.04,1.94,3.9,0.05,1.48,-0.02584499,-0.01783611,-0.03435264,-0.01837782,-0.021806,sell
2014-06-12,0.36,2.18,3.17,2.36,1.45,0,2.43,2.16,2.59,1.4,0.11,2.12,4.74,0.06,3.12, 0.10239288, 0.02386189, 0.02380444, 0.04479805, 0.051940,buy
2014-06-13,0.26,1.67,2.82,2.97,2.77,0,3.06,2.58,3.03,2.73,0.26,2.58,4.67,0.07,2.83, 0.09157338, 0.05586254, 0.03186434, 0.09208718, 0.092087,buy
2014-06-14,0.66,1.23,1.16,1.21,3.1,0,1.41,2.97,1.3,3.12,0.68,2.97,2.48,0.09,1.14,-0.02871615, 0.00529323,-0.00381745,-0.02951309, 0.010562,sell
2014-06-15,1.61,0.86,0.54,0.4,1.87,0,0.81,2.62,0.49,2.07,1.67,2.62,1.32,0.11,0.48,-0.00607025, 0.00357168,-0.00533035,-0.00534315,-0.018438,buy
2014-06-16,3.01,0.6,0.41,0.13,1.07,0,1.02,2.01,0.22,1.73,3.18,2.03,0.79,0.18,0.22,-0.03180945, 0.00954735,-0.00730369, 0.03166985,-0.006747,sell
2014-06-17,2.3,0.45,0.61,0,0.72,0,2.08,1.52,0.09,2.53,2.82,1.59,0.49,0.36,0.06,-0.05831173,-0.02628940,-0.04389887,-0.00084849,-0.057959,sell
2014-06-18,1.02,0.47,1.66,0,0.61,0,2.97,1.14,0.11,3.23,2.57,1.33,0.43,0.97,0.07, 0.00098531, 0.01112168, 0.02799810, 0.04027049, 0.044940,buy
2014-06-19,0.53,0.81,3.1,0,0.64,0,1.76,0.85,0.15,1.94,3.48,1.41,0.46,3.22,0.08,-0.02803906,-0.01704370,-0.02310516,-0.02171450,-0.043961,sell
2014-06-20,0.4,1.99,2.04,0,0.72,0,0.73,0.63,0.2,0.86,2.24,2.28,0.63,3.12,0.09,-0.09638841,-0.10411650,-0.06764323,-0.08406599,-0.081626,sell
2014-06-21,0.39,3.58,0.88,0,1.02,0,0.31,0.46,0.27,0.56,1,3.43,0.99,1.09,0.12, 0.01268136, 0.02735081,-0.03086660, 0.00789415,-0.003942,buy
2014-06-22,0.61,3.26,0.56,0,1.51,0,0.13,0.33,0.36,0.62,0.81,2.1,2,0.65,0.17, 0.00685115,-0.03351394,-0.04100982,-0.02632558,-0.032414,sell
2014-06-23,0.91,3.68,0.5,0,2.29,0,0,0.24,0.5,0.92,0.91,0.84,3.77,0.57,0.24,-0.06928937,-0.04571941,-0.06019739,-0.07227093,-0.091661,sell
2014-06-24,1.3,2.94,0.68,0,3.54,0,0,0.17,0.68,1.7,1.3,0.37,3.61,0.7,0.42,-0.07212606,-0.05150371,-0.05265297,-0.07246853,-0.084870,sell
2014-06-25,1.79,1.65,0.93,0,5.43,0,0,0.12,0.93,2.95,1.79,0.12,2.63,0.86,0.81,-0.01461600, 0.01743893,-0.00118524,-0.02106201,-0.037746,sell
2014-06-26,2.39,1.94,1.31,0,6.36,0,0,0.09,1.31,2.97,2.36,0.09,2.74,1.07,1.75,-0.02358692, 0.01335865,-0.00591870,-0.00988859,-0.018959,sell
2014-06-27,2.96,3.19,1.84,0,6.08,0,0,0,1.84,1.77,2.97,0,3.17,1.31,3.24, 0.03218686, 0.04468809, 0.05084033, 0.03534493, 0.049396,buy
2014-06-28,3.06,2.56,2.58,0.03,5.41,0.05,0,0,2.58,1.19,3.16,0.03,2.65,1.62,2.72,-0.05220471,-0.00139185,-0.00327677, 0.00342358, 0.000340,buy
2014-06-29,2.69,1.48,3.04,0.07,4.57,0.11,0,0,3,0.87,3.07,0.11,1.82,1.99,1.4,-0.01539121,-0.04924049,-0.05913828,-0.02987064,-0.045434,sell
2014-06-30,2.5,1.86,2.55,0.16,4.29,0.26,0,0,2.42,0.8,3.81,0.29,1.26,2.49,0.9,-0.03508604,-0.02224039, 0.01219664,-0.01096370,-0.001914,sell
2014-07-01,2.57,3.18,2.07,0.38,4.28,0.62,0,0,1.68,1.04,5.44,0.77,0.86,3,0.73,-0.03401359,-0.01557804, 0.04911826,-0.00664569, 0.004638,sell
2014-07-02,2.87,1.97,2.32,0.9,3.82,1.5,0,0,1.17,1.84,4.69,2.05,0.59,2.89,0.63,-0.01613384, 0.05325005, 0.06743822,-0.00665503, 0.051281,buy
2014-07-03,3.23,0.65,3.84,2.16,3.04,2.97,0,0.03,0.84,3.27,3.69,5.13,0.5,2.34,0.72, 0.03605064, 0.03230596, 0.02547377, 0.02852668, 0.028377,buy
2014-07-04,3.04,0.21,3.26,3,2.45,2.44,0,0.08,0.68,2.73,2.98,5.53,0.53,1.89,0.8, 0.04105017, 0.03726413, 0.01039012, 0.02353918, 0.033373,buy
2014-07-05,2.6,0,1.74,1.68,2.01,1.02,0,0.24,0.72,1.34,2.18,2.53,0.9,1.51,0.9, 0.03297847, 0.02414207, 0.02163067,-0.00660387, 0.035417,buy
2014-07-06,2.42,0,2.05,0.7,1.73,0.43,0,0.71,1.2,0.81,1.63,0.99,2.13,1.23,1,-0.03301974,-0.03423128,-0.03184169,-0.04945165,-0.038720,sell
2014-07-07,2.9,0.02,3.24,0.29,1.46,0.18,0,2.12,2.85,0.66,1.19,0.39,4.18,0.98,1.1, 0.08390801, 0.05018173, 0.08088636, 0.08328832, 0.096851,buy
2014-07-08,4.98,0.03,2.03,0.12,1.45,0,0,2.97,4.42,0.66,0.92,0.12,4.79,0.79,1.29, 0.04498285, 0.04541185, 0.05249760, 0.06165515, 0.049397,buy
2014-07-09,6.53,0.06,0.65,0,1.62,0,0,1.39,4.32,0.98,0.88,0,3.66,0.64,1.52, 0.01345198,-0.02238134, 0.03403967, 0.01607705, 0.066408,buy
2014-07-10,4.66,0.11,0.22,0,2.06,0,0,0.51,3.21,1.55,1.08,0,1.62,0.51,1.81, 0.01232503, 0.01019019, 0.01232503, 0.02242450,-0.036871,buy
2014-07-11,2.94,0.24,0,0,3.06,0,0,0.29,1.32,2.65,1.79,0,0.78,0.41,2.46, 0.05814581, 0.07755020, 0.06732560, 0.06948018, 0.063027,buy
2014-07-12,3.67,0.54,0,0,3.33,0,0,0.28,0.48,3.02,3.42,0,0.77,0.33,3.61, 0.04390470, 0.07101549, 0.01976522, 0.05068899, 0.050970,buy
2014-07-13,6.22,1.31,0,0,2.09,0,0,0.57,0.2,1.85,6.21,0,1.41,0.26,5.49, 0.07031831,-0.00223196,-0.00493758, 0.00745365, 0.057097,buy
2014-07-14,4.59,2.97,0,0,1.2,0,0,1.23,0.09,1.02,5.68,0,2.97,0.21,5.64, 0.09161706, 0.03727110, 0.03196601, 0.01156651, 0.101757,buy
2014-07-15,1.79,2.57,0,0,0.8,0,0,2.7,0,0.67,4.4,0,2.57,0.17,4.92, 0.12195997, 0.04336365, 0.05859516, 0.07367326, 0.122688,buy
2014-07-16,0.73,1.03,0,0,0.8,0,0,4.38,0,0.7,4.36,0,1.03,0.14,4.81, 0.05734037, 0.01177962, 0.05715128, 0.05715128,-0.056118,buy
2014-07-17,0.23,0.66,0,0,1.24,0,0,4.33,0,1.22,2.6,0,0.66,0.11,5.14, 0.06048855, 0.00535031, 0.01802256, 0.05431485,-0.081660,buy
2014-07-18,0.11,1.13,0,0.03,2.81,0,0,3.8,0,2.85,1.21,0.03,1.13,0.09,5.24,-0.00414566,-0.04050128,-0.03490131,-0.04125538,-0.040501,sell
2014-07-19,0,3.02,0,0.11,2.97,0,0,2.48,0.05,3.18,0.59,0.11,2.97,0,3.93,-0.00350057,-0.01333861,-0.03799467,-0.12013184,-0.038930,sell
2014-07-20,0,2.95,0,0.45,1.33,0,0,1.44,0.11,1.68,0.3,0.45,2.84,0,2.8, 0.02902641, 0.05631237, 0.01949497,-0.01460685, 0.032536,buy
2014-07-21,0,1.2,0,1.85,0.55,0,0,0.83,0.23,1.15,0.1,1.85,0.97,0,2.05,-0.03509893,-0.05811210,-0.06886343,-0.06886343,-0.059416,sell
2014-07-22,0.17,0.83,0,2.97,0.23,0,0,0.58,0.56,1.28,0,2.97,0.44,0,1.58, 0.00379655,-0.04771637,-0.04639147,-0.04639147,-0.042384,sell
2014-07-23,0.8,1.24,0,1.03,0.1,0,0,0.47,1.42,2.02,0,1.03,0.62,0,1.23, 0.06192759, 0.04097518, 0.05708935, 0.06462537, 0.041954,buy
2014-07-24,3.86,2.58,0,0.3,0,0,0,0.46,4.02,3.3,0,0.3,2.42,0,1, 0.05610588, 0.06772252, 0.07108324, 0.09797340, 0.079115,buy
2014-07-25,5.89,3.36,0,0.23,0,0,0,0.46,6.28,3.17,0.03,0.23,2.97,0,0.75,-0.04612923, 0.01307362,-0.00336741,-0.01072928, 0.019938,buy
2014-07-26,1.83,2.18,0,0.7,0,0,0,0.73,3.31,1.98,0.17,0.7,0.7,0,0.64, 0.02787032, 0.02988651, 0.02258213, 0.06754605, 0.030043,buy
2014-07-27,0.37,1.7,0,2.12,0,0,0,1.71,1.91,1.48,0.98,2.12,0.16,0,0.55,-0.03699978,-0.06662374,-0.06637384,-0.06637384,-0.066374,sell
2014-07-28,0.12,2.02,0,2.95,0,0,0,3.97,2.07,1.36,2.97,2.95,0.07,0,0.5, 0.02689606, 0.01322115,-0.00529671,-0.00826649,-0.011469,buy
2014-07-29,0.36,3,0.04,1.36,0,0,0,2.79,3.15,1.47,1.41,1.4,0.21,0,0.51, 0.08907511, 0.03028348, 0.01144847, 0.02437847, 0.014007,buy
2014-07-30,1.09,3.05,0.09,0.45,0,0,0,2.41,3.52,1.81,0.23,0.54,0.62,0,0.84, 0.04492214, 0.05210054, 0.01828022, 0.04869294, 0.044603,buy
2014-07-31,3.25,2.33,0.21,0.15,0,0,0,4.48,3.76,2.4,0,0.36,1.82,0,2.52,-0.05705669,-0.06369542,-0.06369542,-0.06582413,-0.018734,sell
2014-08-01,5.95,4.04,0.5,0,0,0,0,5.99,7.04,3.73,0.02,0.5,2.95,0,3.22,-0.04142512,-0.02462142,-0.03756741,-0.04021413,-0.025956,sell
2014-08-02,3.63,3.18,1.21,0,0,0,0,3.86,5.17,5.84,0.06,1.21,1.64,0,1.07,-0.01340182, 0.01272905, 0.03828908, 0.03949148, 0.021431,buy
2014-08-03,1.21,0.76,2.94,0,0,0,0,2.58,1.43,4.4,0.2,2.92,0.56,0,0.36,-0.04258805,-0.02123612,-0.02823043,-0.03573055, 0.007052,sell
2014-08-04,0.41,0.23,3.23,0,0,0,0,2.31,0.5,2.06,0.61,3.17,0.26,0.07,0.16,-0.00709085,-0.01682607, 0.01480028,-0.01487922,-0.000418,buy
2014-08-05,0,0.13,2.51,0,0,0,0,3.24,0.27,1.21,1.89,2.37,0.14,0.2,0.13,-0.02095309,-0.03334588,-0.01987536,-0.01395385,-0.032647,sell
2014-08-06,0,0,3.89,0,0,0,0.03,4.28,0.41,0.89,3,3.51,0.39,0.55,0.11,-0.03250583,-0.03332579,-0.02692223,-0.03468434,-0.032506,sell
2014-08-07,0,0,2.66,0,0,0,0.06,3.24,1.28,0.66,1.46,1.44,1.12,1.47,0.1,-0.02420527,-0.05486896,-0.03837062,-0.05132596,-0.048880,sell
2014-08-08,0,0.02,5.11,0,0,0,0.1,4.95,4.86,0.49,0.47,0.37,3.99,2.95,0,-0.04636840,-0.01952701,-0.04081494,-0.05219572,-0.041386,sell
2014-08-09,0,0.05,5.92,0,0,0,0.25,6.45,5.97,0.36,0.24,0.16,5.94,2.22,0,-0.02817840,-0.04310827,-0.05515804,-0.06075314,-0.030656,sell
2014-08-10,0,0.16,2.18,0,0,0,0.94,3.09,2.34,0.26,0.66,0.28,2.83,0.83,0,-0.07781362,-0.07390630,-0.07635187,-0.07870738,-0.071048,sell
2014-08-11,0,0.6,0.7,0,0,0,3.55,1.3,1.19,0.19,3.08,0.58,1.08,0.32,0.03, 0.04583630, 0.03868552, 0.04852157, 0.04671226, 0.044999,buy
2014-08-12,0,2.16,0.29,0,0,0,3.48,0.63,1.8,0.13,2.68,1.45,0.43,0.13,0.07,-0.01625659,-0.02106942,-0.04139761,-0.00584562, 0.057083,sell
2014-08-13,0,5.93,0.12,0,0,0,2.73,0.44,3.07,0.17,1.35,4.36,0.19,0,0.15, 0.00221571,-0.01657979, 0.00303194,-0.00923118, 0.004667,sell
2014-08-14,0.02,4.11,0,0,0,0,4.8,0.3,1.86,0.16,2.44,4.63,0,0,0.3,-0.02963631,-0.03413599,-0.01521862,-0.03591999,-0.034891,sell
2014-08-15,0.04,1.15,0,0,0,0,5.92,0.62,0.64,0.39,2.95,3.52,0.02,0,0.62, 0.01408000, 0.01408000,-0.02632702, 0.01482812, 0.016549,buy
2014-08-16,0.08,0.57,0,0,0.05,0,3.67,1.29,0.27,1.02,1.44,2.54,0.04,0,1.36, 0.00788937,-0.03766501,-0.01947445,-0.00263060,-0.054687,sell
2014-08-17,0.13,0.89,0.06,0,0.22,0.23,2.08,2.62,0.13,2.58,0.81,2.2,0.06,0,2.87, 0.00545185,-0.00872869,-0.06877285,-0.02847860,-0.010938,sell
2014-08-18,0.24,2.16,0.18,0,0.95,1.25,1.84,2.97,0.24,3.92,1.49,3.06,0.1,0,3.85, 0.02655701, 0.02655701, 0.04860137, 0.02679179, 0.014061,buy
2014-08-19,0.58,3,0.55,0,2.97,2.92,3.47,1.61,0.43,4.47,3.02,4.12,0.16,0,4.56, 0.00121546,-0.02169268,-0.00784254, 0.01776412, 0.026159,buy
2014-08-20,1.53,1.68,1.65,0,2.12,1.26,2.98,0.78,0.76,2.72,1.26,4.34,0.26,0,3.52,-0.05147219,-0.00914288,-0.00585443,-0.04150501, 0.004389,buy
2014-08-21,4.29,0.71,3.03,0.05,0.52,0.24,0.94,0.38,1.48,0.77,0.24,6.74,0.43,0,1.18,-0.00215427,-0.00345174, 0.00553513, 0.04165621, 0.001768,sell
2014-08-22,4.64,0.3,1.9,0.23,0.13,0,0.31,0.25,2.86,0.23,0,4.21,0.84,0,0.43,-0.07734377,-0.07734377,-0.07886679,-0.04403710,-0.045730,sell
2014-08-23,3.46,0.12,1.17,1.14,0.03,0,0.3,0.25,4.74,0,0.03,1.15,1.65,0,0.09, 0.07792234, 0.02318048, 0.06452825,-0.03797899, 0.018880,buy
2014-08-24,2.09,0,2.04,2.97,0.08,0.03,1.32,0.45,6.81,0,0.11,0.29,3.73,0,0, 0.02562962,-0.04057957,-0.04329786,-0.04656124,-0.035205,sell
2014-08-25,1.11,0,2.97,1.56,0.24,0.08,2.96,1.3,5.64,0,0.36,0,7.19,0,0, 0.03417451, 0.01121406, 0.03417451, 0.03417451,-0.008155,buy
2014-08-26,0.61,0,1.48,0.33,0.89,0.28,1.62,2.95,2.42,0.1,1.18,0,7.2,0,0,-0.03988625,-0.05463444,-0.05673115,-0.01189692,-0.064500,sell
2014-08-27,0.33,0,0.48,0,3.31,0.84,0.71,2.34,0.81,0.33,4.12,0,4.34,0,0.05,-0.00277665,-0.00916892,-0.00349791, 0.02968712,-0.039092,buy
2014-08-28,0.2,0,0.15,0,3.23,2.39,1.19,0.82,0.33,1.11,5.47,0.02,1.9,0,0.14, 0.02531921,-0.05121984, 0.02531921, 0.03402272, 0.025319,buy
2014-08-29,0.15,0.06,0,0,1.76,6.31,3,0.29,0.1,3.14,7.54,0.11,0.89,0,0.39, 0.10955655, 0.08585342, 0.10955655, 0.07827312, 0.078106,buy
2014-08-30,0.12,0.17,0,0,2.33,6.35,2.54,0.1,0,2.76,7.34,0.32,0.46,0,1.09, 0.11085808, 0.07765220, 0.11085808, 0.08140079, 0.084652,buy
2014-08-31,0.28,0.51,0,0,3.66,4.81,0.84,0,0,1.37,4.94,0.84,0.24,0,2.92, 0.02470900, 0.00375487, 0.02470900, 0.02074983, 0.024709,buy
2014-09-01,0.68,1.55,0,0,3.89,3.87,0.33,0,0,1.53,3.29,2.32,0.26,0,3.05, 0.05465815, 0.04609119, 0.05657732,-0.00490286, 0.056577,buy
2014-09-02,1.61,2.95,0,0.03,3.97,1.98,0.12,0,0.03,2.58,1.58,4.72,0.47,0,1.28,-0.03121893,-0.01770178,-0.02081826,-0.04799024,-0.048484,sell
2014-09-03,2.97,1.82,0,0.07,3.72,2.41,0.19,0,0.07,2.97,0.75,5.08,1.67,0,0.64, 0.04669396, 0.05463016, 0.02851219, 0.04736326, 0.051184,buy
2014-09-04,2.28,0.61,0,0.17,2.13,3.65,0.3,0,0.17,1.73,0.4,3.41,2.95,0,0.48,-0.01928409,-0.02781131,-0.00751896, 0.02780324, 0.027803,buy
2014-09-05,0.95,0.2,0,0.43,1.09,2.41,0.51,0,0.43,0.87,0.22,2.08,1.51,0,0.48, 0.06979341, 0.04176297, 0.08979360, 0.05780626, 0.076325,buy
2014-09-06,0.4,0,0,1.05,0.55,2.18,0.89,0.07,1.05,0.5,0.16,2.17,0.5,0,0.76, 0.08437529, 0.09214540, 0.11330877, 0.07492795, 0.132005,buy
2014-09-07,0.17,0,0,2.6,0.22,3.27,1.52,0.26,2.6,0.38,0.17,3.4,0.29,0,1.2, 0.02773470, 0.03538318, 0.00630868, 0.02968655, 0.029687,buy
2014-09-08,0,0,0,2.97,0.15,3.41,2.72,0.9,2.97,0.58,0.56,3.79,0.36,0,1.89, 0.08779702, 0.05335807, 0.08825400,-0.00172723,-0.016309,sell
2014-09-09,0.02,0,0.07,1.34,0.11,3.23,5.08,2.95,1.41,1.32,1.75,4.56,0.79,0,2.97,-0.07273741,-0.08048059,-0.07814449,-0.08512226,-0.113581,sell
2014-09-10,0.05,0,0.23,0.54,0.34,3.83,7.68,2.82,0.77,2.97,3.22,3.75,1.76,0.02,3,-0.00272537,-0.03899646,-0.02125516,-0.03306385,-0.029004,sell
2014-09-11,0.16,0,0.78,0.22,0.82,2.14,7.27,0.85,1,2.45,2.31,1.5,3.03,0.02,1.93,-0.01489578,-0.05026205,-0.02189594,-0.02354611,-0.050606,sell
2014-09-12,0.48,0,2.53,0.09,2.01,0.79,4.31,0.27,2.62,1.01,2.17,1.02,2.31,0.03,1.32,-0.06316317,-0.02330236, 0.01901370, 0.01318185,-0.041754,sell
2014-09-13,1.46,0,2.95,0.04,3.8,0.31,2.1,0,2.99,0.65,3.17,1.61,1.26,0.04,1,-0.04126938,-0.08195210,-0.07597044, 0.04670476,-0.041269,sell
2014-09-14,2.92,0,1.07,0.12,4.11,0.04,1.07,0,1.19,0.9,2.31,2.92,1.16,0.05,0.97, 0.05267094,-0.08659456, 0.03779634, 0.04568760, 0.052573,buy
2014-09-15,1.94,0,0.34,0.37,5.73,0.1,0.51,0,0.71,2,1.44,1.94,2.14,0.06,1.23, 0.00495171,-0.01426033, 0.02442196, 0.00495171,-0.031592,buy
2014-09-16,0.64,0,0.11,1.18,8.06,0.19,0.32,0,1.29,3.03,2.05,0.64,3.09,0.07,1.91, 0.07125337, 0.06446095, 0.08957025, 0.06714770, 0.033161,buy
2014-09-17,0.21,0,0,2.92,6.64,0.37,0.2,0,2.92,1.85,3.33,0.21,1.77,0.08,3.13,-0.06692979,-0.04476215,-0.05487371,-0.02537237,-0.051319,sell
2014-09-18,0,0,0,2.3,4.38,0.73,0.25,0,2.3,0.93,2.46,0,0.87,0.09,2.91,-0.05619764,-0.07838488,-0.07195649,-0.04553162,-0.067904,sell
2014-09-19,0,0,0,0.73,2.54,1.42,0.66,0,0.73,0.77,1.86,0,0.86,0.1,1.71,-0.01586275,-0.04398865,-0.03852616,-0.06756048,-0.024207,sell
2014-09-20,0,0,0,0.23,2.12,2.79,1.78,0,0.23,1.12,2.85,0,1.75,0.11,1.11, 0.04482720, 0.01976737, 0.02216108, 0.02216108, 0.022161,buy
2014-09-21,0,0.05,0,0,3.37,5.03,3.27,0,0.05,2.06,5.72,0.02,3,0.11,0.86, 0.12984716, 0.08933474, 0.12915608, 0.08849779, 0.089593,buy
2014-09-22,0,0.12,0,0,3.48,5.59,2.41,0,0.12,2.97,5.53,0.04,1.91,0.11,0.92, 0.11523358, 0.08532271, 0.11524221, 0.08830232, 0.088302,buy
2014-09-23,0,0.28,0,0,1.44,3.49,1.73,0,0.28,2.08,2.35,0.07,0.75,0.1,1.31, 0.06542764, 0.03863042, 0.06542764, 0.06231495, 0.072199,buy
2014-09-24,0,0.61,0,0,0.72,1.91,2.32,0,0.61,1.03,1.01,0.13,0.43,0.1,2.25, 0.00018805,-0.04568586,-0.00284368,-0.00284368,-0.002844,buy
2014-09-25,0,1.29,0,0,0.55,1.31,3.09,0,1.29,0.54,0.46,0.24,0.5,0.08,3.13,-0.03288440,-0.05973948,-0.03705967,-0.03265667,-0.032884,sell
2014-09-26,0,2.56,0,0,0.55,1.43,2.12,0,2.56,0.35,0.18,0.45,0.9,0,2.22,-0.06515915,-0.03993024,-0.06502060,-0.06515915,-0.059883,sell
2014-09-27,0,3,0,0,0.83,2.45,1.09,0.04,3.04,0.37,0.09,0.83,1.99,0,1.09,-0.06219546,-0.03982282,-0.05540768,-0.06555094,-0.060907,sell
2014-09-28,0.03,1.82,0,0,1.54,3.62,0.55,0.1,1.89,0.68,0,1.57,2.95,0,0.57,-0.03053553,-0.06875129,-0.07770778,-0.07209058,-0.036997,sell
2014-09-29,0.04,1.05,0,0,2.84,3.75,0.28,0.21,1.19,1.74,0,2.91,2.02,0,0.31,-0.00598827,-0.03489190,-0.02582176,-0.02364974,-0.003019,sell
2014-09-30,0.07,0.64,0,0,3.06,4,0.14,0.43,0.91,3.04,0,3.16,0.98,0,0.25, 0.02547899, 0.02821129, 0.00851177, 0.02792130, 0.027895,buy
2014-10-01,0.11,0.42,0.02,0,1.72,2.65,0,0.9,0.96,2.07,0,2.03,0.61,0,0.15,-0.01029856,-0.02465269,-0.02462306,-0.02462306,-0.018669,sell
2014-10-02,0.17,0.3,0.05,0,0.98,1.64,0,1.91,1.36,0.92,0,1.79,0.76,0,0.22,-0.00238495,-0.02904700,-0.02834098,-0.01332615,-0.022594,sell
2014-10-03,0.28,0.23,0.12,0,0.59,2.16,0.02,4.12,2.31,0.57,0.02,2.63,1.67,0.02,0.32,-0.04590592,-0.06256658,-0.03417976,-0.04850258,-0.071547,sell
2014-10-04,0.45,0.2,0.31,0,0.44,3.39,0.07,6.02,3.48,0.6,0.03,3.31,2.97,0.03,0.49,-0.06513207,-0.06975794,-0.02114703,-0.04836839,-0.064666,sell
2014-10-05,0.72,0.2,0.77,0,0.47,2.42,0.13,4.1,3.25,0.79,0.06,1.96,1.96,0.03,0.79,-0.02528855,-0.04006584,-0.05020811,-0.01685147,-0.045710,sell
2014-10-06,1.18,0.23,1.93,0,0.62,1.44,0.28,2.3,3.34,1.34,0.12,1.12,0.73,0.04,1.33, 0.06732335, 0.09407551,-0.01222979, 0.07245030, 0.088864,buy
2014-10-07,1.92,0.3,3.09,0,1.29,1.43,0.57,2.17,3.99,2.25,0.28,1.57,0.3,0.05,2.42, 0.01912445, 0.11582294, 0.06940272, 0.02630972, 0.114645,buy
2014-10-08,2.97,0.45,2.09,0,3.05,1.9,1.15,3.38,2.85,3.65,0.57,3.07,0.17,0.07,4.78, 0.03826702,-0.10262546,-0.02896408, 0.03322481, 0.050022,buy
2014-10-09,2.79,0.75,1.58,0,3.07,2.82,2.38,2.38,2.49,4.25,1.17,2.22,0.18,0.09,5.71, 0.06579339,-0.03738935, 0.02361730, 0.07613906, 0.048327,buy
2014-10-10,1.71,1.41,2.96,0,1.41,3.15,4.92,0.74,4.37,4.79,2.49,0.74,0.34,0.11,4.22,-0.05860947,-0.06522861,-0.03414653,-0.02613668,-0.058609,sell
2014-10-11,1.05,2.97,3.09,0,0.97,2.38,6.21,0.24,6.06,4.29,4.68,0.24,0.62,0.14,2.73,-0.05409194,-0.05163384,-0.07473365,-0.03559347,-0.051634,sell
2014-10-12,0.63,2.92,1.02,0,1.28,1.94,4.55,0,3.94,2.78,5.59,0,1.18,0.17,2.04,-0.05977405,-0.04190120,-0.05269634,-0.06178880,-0.039733,sell
2014-10-13,0.38,1.25,0.32,0,2.29,2.02,3.89,0,1.57,3.07,4.05,0,2.29,0.22,2.02,-0.03312918, 0.01074387,-0.02479470,-0.05798617, 0.019914,sell
2014-10-14,0.23,0.49,0.1,0,4.55,2.79,3.86,0,0.59,3.49,3.86,0,4.55,0.35,2.79, 0.04445607, 0.00339608, 0.00402261,-0.00944980, 0.066183,sell
2014-10-15,0.14,0.18,0,0,6.83,3.41,2.04,0,0.18,1.88,3.62,0,6.83,0.85,3.41,-0.01064004,-0.07835618,-0.07047964,-0.06809776, 0.027367,sell
2014-10-16,0,0.03,0,0,6.84,2.46,0.78,0,0.03,0.63,1.44,0,6.84,3.36,2.46,-0.06978922,-0.05360503,-0.06981828,-0.08792224,-0.026489,sell
2014-10-17,0,0.07,0,0,8.12,2.09,0.36,0,0.07,0.36,0.52,0,8.12,2.84,2.09,-0.05243267,-0.03355721,-0.05979989,-0.06342894,-0.023063,sell
2014-10-18,0,0.21,0,0,5.73,3.61,0.43,0,0.21,0.43,0.58,0,5.73,1.02,3.61, 0.04263334, 0.03078505, 0.03443869, 0.03078505, 0.045596,buy
2014-10-19,0,0.56,0,0,2.2,2.5,1.25,0,0.56,1.25,1.16,0,2.2,0.88,2.5, 0.02815022, 0.02094158, 0.03252381, 0.01790069, 0.032524,buy
2014-10-20,0,1.46,0,0,0.83,0.69,2.95,0,1.46,2.95,2.53,0,0.83,1.11,0.69,-0.06870687,-0.06224819,-0.03173302,-0.04111766,-0.028003,sell
2014-10-21,0,3.91,0.05,0,0.36,0.15,2.65,0,3.96,2.65,2.97,0,0.36,1.39,0.15, 0.01243978, 0.01464715, 0.04122975, 0.02814530, 0.042245,buy
2014-10-22,0,5.92,0.09,0,0.08,0,1.17,0,6.01,1.17,1.79,0,0.08,1.76,0, 0.01081504,-0.00435099,-0.00625798, 0.00888886, 0.011363,buy
2014-10-23,0,3.53,0.13,0,0,0,0.6,0,3.66,0.6,1.08,0,0,2.2,0,-0.06163674,-0.04380363,-0.07720912,-0.01184759,-0.062739,sell
2014-10-24,0,1.25,0.16,0,0,0,0.36,0.02,1.39,0.38,0.77,0.02,0,2.77,0,-0.09478974,-0.11570783,-0.10184039,-0.10130808,-0.116756,sell
2014-10-25,0,0.46,0.16,0,0,0,0.26,0.02,0.59,0.29,0.65,0.02,0,3,0,-0.07908953,-0.10610706,-0.09098209,-0.10170929,-0.114174,sell
2014-10-26,0,0.14,0.16,0,0,0,0.22,0.02,0.24,0.28,0.75,0.02,0,2.56,0,-0.09251804,-0.09972665,-0.08786731,-0.09171366,-0.113964,sell
2014-10-27,0,0.1,0.14,0,0.02,0,0.26,0,0.14,0.36,1.03,0,0,2.04,0.02,-0.11315017,-0.11509970,-0.11306105,-0.10141987,-0.138546,sell
2014-10-28,0,0.17,0.1,0,0.06,0,0.39,0,0.1,0.52,1.64,0.04,0.02,1.62,0.04,-0.14026155,-0.14292035,-0.13862706,-0.13635232,-0.147575,sell
2014-10-29,0,0.3,0,0,0.11,0,0.7,0,0,0.85,2.97,0.15,0.02,1.3,0.09,-0.12833383,-0.13227719,-0.12612724,-0.13383314,-0.132032,sell
2014-10-30,0.07,0.52,0,0,0.21,0.02,1.39,0,0.07,1.49,2.92,0.42,0.06,1.04,0.17,-0.12672083,-0.13238489,-0.11240612,-0.12313470,-0.110480,sell
2014-10-31,0.21,0.92,0,0,0.41,0.04,3.13,0,0.21,2.84,1.42,1.21,0.13,0.82,0.32,-0.02659470,-0.05497966,-0.00502272, 0.00748041,-0.006055,buy
2014-11-01,0.62,1.62,0,0,0.78,0.07,6.46,0,0.62,4.59,0.61,3.49,0.26,0.66,0.59,-0.00373809,-0.05001538,-0.03684740,-0.03732554,-0.041383,sell
2014-11-02,1.9,2.87,0,0,1.57,0.13,6.17,0,1.9,4.9,0.24,4.16,0.6,0.53,1.1,-0.02845985,-0.05351318,-0.04263209,-0.04878234,-0.041926,sell
2014-11-03,3.53,3.03,0,0,3.34,0.23,4.78,0,3.56,3.85,0.17,3.96,1.43,0.42,2.06,-0.04361074,-0.04637557,-0.03649395,-0.04637557,-0.046376,sell
2014-11-04,3.11,1.83,0,0,6.55,0.42,3.51,0,3.21,2.05,0.26,3.25,3.4,0.33,3.31,-0.00623327,-0.02026675, 0.01150116,-0.01744131,-0.011595,sell
2014-11-05,3.5,1.3,0,0,6.38,0.75,1.44,0.05,3.85,1.13,0.85,1.43,3.31,0.27,2.97, 0.02709191, 0.04000142, 0.05825427, 0.04313451, 0.039282,buy
2014-11-06,2.59,1.67,0,0,5.61,1.34,0.55,0.15,3.77,0.69,2.67,0.72,2.14,0.21,2.14, 0.07717825, 0.07798248, 0.07798248, 0.07794108, 0.069904,buy
2014-11-07,0.98,3.25,0,0,5.42,2.39,0.3,0.43,4.02,0.73,3.29,0.63,2.48,0.17,2.04, 0.06948198, 0.07238417, 0.06540530, 0.07381738, 0.064148,buy
2014-11-08,0.39,2.31,0,0,4.22,3.45,0.28,1.22,2.72,1.39,2.01,0.9,3.11,0.14,2.6, 0.07446040, 0.07534620, 0.07534620, 0.08997771, 0.073074,buy
2014-11-09,0.16,0.67,0,0,5.67,3.46,0.37,3.05,1.11,3.14,2.77,1.59,2.43,0.11,4.03, 0.05520306, 0.07618294, 0.07586646, 0.05248621, 0.066907,buy
2014-11-10,0,0.15,0,0,6.13,4.11,0.73,2.8,0.88,2.8,3.07,3.09,1.66,0.09,5.78, 0.05027293, 0.06599883, 0.06930574, 0.05336454, 0.069306,buy
2014-11-11,0,0,0,0,3.5,3.98,1.44,1.45,1.44,1.42,1.41,3.19,1.76,0,5.09, 0.00916754, 0.05532902, 0.00309018, 0.00661493, 0.014305,sell
2014-11-12,0,0,0,0,1.92,2.55,2.86,1.54,2.84,1.48,0.6,2.36,3.23,0,2.69,-0.00543081, 0.01185478,-0.06656324,-0.00327385,-0.000184,buy
2014-11-13,0,0,0,0,1.12,3.24,3.05,2.83,2.97,2.71,0.33,3.34,3.33,0,1.44,-0.06586186,-0.04429491,-0.04575162,-0.04899204,-0.053675,sell
2014-11-14,0.09,0,0,0,0.6,3.4,1.86,3.21,1.63,2.97,0.28,3.75,1.48,0,0.81,-0.01709766,-0.07694234,-0.04970035,-0.04537455,-0.046370,sell
2014-11-15,0.36,0,0,0,0.41,1.48,2.04,1.96,1.14,1.46,0.64,2.81,0.86,0,0.41, 0.02607948,-0.03704213,-0.03861950,-0.03950727,-0.050024,sell
2014-11-16,1.48,0,0,0,0.32,1.26,3.36,1.68,1.87,0.63,1.55,3.88,1.13,0,0.28, 0.00062650,-0.02003430,-0.01604418,-0.04285284,-0.057000,sell
2014-11-17,3,0,0.03,0,0.35,2.57,1.88,2.43,3.2,0.3,3.77,2.79,2.16,0,0.2, 0.00902146,-0.05814304,-0.06987694, 0.00619010,-0.058546,buy
2014-11-18,1.38,0,0.06,0,0.8,5.33,0.52,3.12,1.48,0.18,6.62,2.78,3,0,0.15,-0.06718088,-0.00753230,-0.07197312,-0.04164042,-0.073612,sell
2014-11-19,0.33,0,0.12,0,2.88,4.84,0.1,2,0.33,0.16,6.67,3.05,1.8,0,0.06,-0.05454884,-0.00157181,-0.05017513, 0.01269687,-0.050175,sell
2014-11-20,0,0,0.22,0,3.09,2.23,0,1.08,0,0.36,4.6,1.54,0.82,0,0.12,-0.05619823,-0.07924267,-0.05591438,-0.03284104,-0.055914,sell
2014-11-21,0,0,0.42,0,0.91,1.14,0,1.01,0,0.97,1.66,0.64,0.37,0,0.21, 0.01953515, 0.01953515,-0.00959077, 0.00677413, 0.019535,buy
2014-11-22,0,0,0.79,0,0.65,1.12,0.02,2.41,0.03,2.95,1.2,0.37,0.24,0,0.42, 0.07537110, 0.07911747, 0.07537110, 0.07545924, 0.075459,buy
2014-11-23,0,0,1.5,0,1.15,2.38,0.03,3.13,0.08,4.45,2.24,0.46,0.21,0,0.93, 0.00635354, 0.03751264, 0.02183423, 0.03021591, 0.006354,buy
2014-11-24,0,0,2.84,0,2.85,3.49,0.06,1.23,0.24,3.83,2.95,1.19,0.73,0,2.2, 0.02159254, 0.02263888, 0.02263888, 0.00413612, 0.003253,buy
2014-11-25,0,0,3,0,5.15,3.73,0.13,0.97,0.75,3.25,1.59,4.08,2.57,0,3.21, 0.08113380,-0.00068812, 0.06272510, 0.06347666, 0.070013,buy
2014-11-26,0,0,1.61,0,4.85,3.73,0.26,2.22,2.28,1.61,0.8,5.87,3.13,0,1.93, 0.11456715, 0.04339802, 0.09201754, 0.09259540, 0.081801,buy
2014-11-27,0,0,0.84,0,2.45,1.87,0.58,2.95,3.08,0.84,1.01,2.47,1.26,0,0.97,-0.05775956,-0.08117307,-0.03117399,-0.03117399,-0.045258,sell
2014-11-28,0,0,0.44,0,1.18,2.81,1.42,1.26,1.51,0.44,3.16,0.77,0.82,0.03,0.66,-0.04266510,-0.03859763,-0.04266510,-0.04266510,-0.021464,sell
2014-11-29,0,0,0.23,0,0.83,3.5,3.73,0.42,0.92,0.23,5.7,0.23,1.03,0.04,0.6, 0.02196539, 0.01414564, 0.01559274, 0.00374886, 0.013959,buy
2014-11-30,0.04,0,0.12,0,0.75,1.87,4.85,0.2,1.19,0.16,3.88,0.13,1.85,0.07,0.62, 0.00204141, 0.00116926,-0.00394991,-0.01493011,-0.008589,buy
2014-12-01,0.13,0,0,0,1.08,2.17,3.98,0.14,2.1,0.13,1.19,0.32,3,0.12,0.76,-0.05330497,-0.05970065,-0.06274821,-0.06196423,-0.046844,sell
2014-12-02,0.39,0,0,0,1.77,3,3,0.36,3.36,0.39,0.33,0.83,2.67,0.2,0.94, 0.03060677, 0.02942738, 0.03060677, 0.03060677, 0.029958,buy
2014-12-03,1.19,0,0,0,3.26,2.28,1.62,0.92,3.2,1.19,0.14,2.08,1.48,0.33,1.18, 0.00119564, 0.06319077, 0.00083682, 0.00083682, 0.000837,sell
2014-12-04,2.97,0,0,0,5.25,1.14,0.93,2.4,3.54,2.97,0.11,3.79,0.82,0.55,1.46,-0.09336049,-0.09716402,-0.12054976,-0.09336049,-0.120550,sell
2014-12-05,2.4,0,0,0,6.78,0.58,0.85,4.42,5,2.4,0.39,4.89,0.55,0.89,1.8,-0.08205501,-0.07862087,-0.08820405,-0.02857323,-0.088204,sell
2014-12-06,0.79,0,0,0,5.93,0.29,1.4,4.71,5,0.79,1.15,3.45,0.49,1.47,2.24, 0.00172675,-0.00757173,-0.01838067, 0.00606803,-0.017038,buy
2014-12-07,0.26,0,0,0,4.44,0.15,3.76,2.15,2.3,0.26,3.62,1,0.81,2.4,2.77,-0.11301259,-0.03770786,-0.03444512,-0.03244679,-0.110894,sell
2014-12-08,0.11,0,0,0,5.13,0,5.89,0.65,0.65,0.11,5.89,0.31,1.85,2.97,3,-0.06853857,-0.06192273,-0.03778360,-0.03778360,-0.067500,sell
2014-12-09,0.13,0,0,0,5.53,0,2.92,0.21,0.21,0.13,2.92,0,2.95,2.26,2.64,-0.07361705,-0.04954921,-0.04559164,-0.04680645,-0.136874,sell
2014-12-10,0.45,0,0,0,3.76,0,0.93,0,0,0.45,0.93,0,1.68,1.37,2.2, 0.07683288, 0.06441329, 0.08063117, 0.07635888, 0.047975,buy
2014-12-11,1.69,0,0,0,2.28,0,0.25,0,0,1.69,0.25,0,0.61,0.83,1.89, 0.00551517, 0.03991772, 0.02712725, 0.02726980, 0.002367,buy
2014-12-12,3.54,0.04,0,0,1.56,0,0.1,0,0,3.58,0.1,0,0.22,0.5,1.76,-0.00864601, 0.02568048,-0.00209881,-0.00209881, 0.024818,sell
2014-12-13,2.99,0.13,0,0,1.18,0,0,0,0,3.12,0,0,0.09,0.31,1.88, 0.00921595, 0.03173713, 0.01326511, 0.01326511, 0.027993,buy
2014-12-14,3.34,0.41,0,0,1.25,0,0,0,0.02,3.75,0,0.04,0.32,0.19,2.39, 0.03496340, 0.03595030, 0.03516680, 0.03852266, 0.051900,buy
2014-12-15,2.22,1.3,0,0,2.03,0,0,0,0.04,3.52,0,0.08,1.21,0.11,3.57, 0.02436796, 0.03589058,-0.02261902, 0.01301760, 0.003926,buy
2014-12-16,0.87,2.97,0,0,3.82,0,0.02,0,0.1,3.84,0,0.19,3.03,0,3.53,-0.03790048,-0.03261550,-0.11061122,-0.09895736,-0.093395,sell
2014-12-17,0.36,2.12,0,0,3.01,0,0.07,0,0.23,2.46,0.02,0.41,2.11,0,2.04,-0.05288595, 0.00174436,-0.06159691,-0.09843967,-0.056655,sell
2014-12-18,0.17,0.72,0,0,2.08,0.08,0.2,0.03,0.51,0.85,0.07,0.94,0.92,0,1.2,-0.12971398,-0.06324150,-0.09021003,-0.10991779,-0.090210,sell
2014-12-19,0.09,0.42,0,0,2.85,0.21,0.6,0.09,1.21,0.42,0.18,2.21,1.05,0,0.79,-0.07367069, 0.03408268, 0.00909529,-0.08052385, 0.009809,buy
2014-12-20,0.19,0.88,0,0,5.17,0.59,1.82,0.29,3.02,0.88,0.48,5.13,2.17,0,0.62, 0.02425763, 0.06589974, 0.06597597, 0.03057897, 0.086181,buy
2014-12-21,0.4,3,0,0,8.55,1.64,3.02,0.91,5.38,3,1.31,5.65,4.64,0,0.72,-0.01296588,-0.02619706,-0.00964560, 0.05560656,-0.010030,sell
2014-12-22,0.83,2.22,0,0,7.67,2.95,1.66,2.92,4.63,2.22,3.75,3.09,5.42,0,1.2, 0.02542178,-0.01514483, 0.02813946, 0.06472524, 0.028139,buy
2014-12-23,1.76,0.54,0.02,0,4.19,1.97,0.8,3,2.7,0.56,4.76,1.84,3.07,0,2.84, 0.09317150, 0.01376160, 0.07730173, 0.05198999, 0.115505,buy
2014-12-24,2.95,0.19,0.06,0,2.1,0.94,1.27,1.15,2.24,0.25,4.1,2.55,1.42,0,3.05, 0.11245917, 0.09337531, 0.08691720, 0.08539896, 0.132117,buy
2014-12-25,2.38,0.19,0.21,0,0.99,1.24,2.92,1.27,3.42,0.4,3.65,3.25,1.45,0,1.24, 0.10056948, 0.07668850, 0.01732748, 0.07394811, 0.092630,buy
2014-12-26,1.13,0.5,0.66,0.04,0.49,3.06,1.94,3.06,2.19,1.2,4.19,1.26,3.16,0,0.48,-0.00214986,-0.06235198,-0.06235198,-0.02076875,-0.065180,sell
2014-12-27,0.53,1.32,2.2,0.07,0.13,2.26,0.48,1.97,0.61,3.59,2.5,0.28,2.26,0,0.19,-0.01131717, 0.06680676, 0.01024610, 0.07476977,-0.003065,sell
2014-12-28,0.25,2.95,3.15,0.16,0,0.6,0.12,0.45,0.12,6.26,0.7,0,0.6,0,0,-0.05363919,-0.04902156,-0.06135885,-0.05363919,-0.046461,sell
2014-12-29,0.12,2.51,2.03,0.34,0,0.21,0,0.1,0.05,4.88,0.22,0.04,0.16,0,0,-0.05817279,-0.04874157,-0.05471123,-0.05344010,-0.049728,sell
2014-12-30,0,0.95,3.3,0.73,0,0.16,0.05,0,0.21,4.98,0,0.09,0,0,0.02, 0.01160873, 0.01571140,-0.01159624, 0.01160873, 0.015711,buy
2014-12-31,0,0.36,2.54,1.55,0,0.48,0.19,0.04,0.58,4.45,0.04,0.21,0.09,0,0.03,-0.03308873,-0.00889472,-0.05501992,-0.01882493,-0.008895,sell
2015-01-01,0,0.14,0.55,3,0,1.52,0.5,0.11,1.78,3.69,0.11,0.51,0.24,0,0.05, 0.00439499,-0.01347097,-0.06446999,-0.02015643,-0.051265,sell
2015-01-02,0,0,0.13,2.62,0,3.52,1.33,0.29,4.13,2.75,0.29,1.23,0.72,0,0.08,-0.07200613,-0.01809393,-0.05381652,-0.05342399,-0.085092,sell
2015-01-03,0,0,0,1.22,0,4.18,3.5,0.76,5.62,1.22,0.76,2.96,2.02,0,0.13,-0.03674855,-0.03379992,-0.03379992,-0.04076892,-0.035200,sell
2015-01-04,0,0.02,0,0.57,0,4.26,6.78,1.97,6.64,0.57,1.99,3.02,4.33,0,0.19,-0.03546268,-0.05261098,-0.05183383,-0.05183383,-0.087499,sell
2015-01-05,0,0.04,0,0.26,0,2.75,7.04,2.95,3.58,0.26,2.99,1.36,6.07,0,0.3, 0.06274476, 0.08762435, 0.09873006, 0.10602213, 0.055660,buy
2015-01-06,0,0.09,0.04,0.12,0,3.22,4.33,1.67,1.2,0.16,1.76,0.79,6.07,0,0.46, 0.03768180, 0.08117652, 0.07311048, 0.08367266, 0.066878,buy
2015-01-07,0,0.19,0.1,0,0,3.64,1.4,0.68,0.46,0.1,0.84,0.76,4.06,0,0.71, 0.00137236,-0.00764527,-0.06363567,-0.04925663,-0.000598,buy
2015-01-08,0,0.41,0.26,0,0,2.53,0.47,0.31,0.15,0.26,0.66,1.16,1.84,0,1.11,-0.02135271,-0.04128338,-0.04880563,-0.04197364,-0.022159,sell
2015-01-09,0,0.86,0.7,0,0.02,2.7,0,0.21,0,0.7,0.96,2.08,0.75,0,1.7,-0.09184847,-0.05658186,-0.05658186,-0.05886105,-0.047878,sell
2015-01-10,0.03,1.82,1.9,0,0.1,3.25,0,0.21,0.04,1.9,1.85,3.03,0.49,0,2.62,-0.07395592,-0.09042679,-0.06167344,-0.09042679,-0.048919,sell
2015-01-11,0.15,2.97,2.97,0,0.47,2.28,0,0.39,0.16,2.97,3.12,2.47,0.51,0,2.97,-0.09555404,-0.08857687,-0.07633201,-0.08772231,-0.072571,sell
2015-01-12,0.47,2.3,1.68,0,1.4,1.12,0,0.72,0.5,1.68,2.77,2.02,0.72,0,2.18,-0.07202835,-0.07202835,-0.05094252,-0.06644480,-0.061033,sell
2015-01-13,1.45,1.08,0.62,0,3.98,0.57,0,1.34,1.42,0.62,2.53,3.13,1.34,0,1.41,-0.02234112,-0.04563779, 0.10143868,-0.02234112, 0.055276,sell
2015-01-14,4.38,0.51,0.23,0,9.17,0.35,0,2.49,3.94,0.23,4.89,5.56,2.49,0,0.94, 0.02678293,-0.02411203,-0.03485017, 0.02678293,-0.038366,buy
2015-01-15,5.89,0.24,0,0.04,10.51,0.26,0,3,5.88,0.04,6.13,4.87,3,0,0.62, 0.03777515,-0.02103612,-0.03806900, 0.03754652,-0.047463,sell
2015-01-16,3.39,0.12,0,0.12,6.36,0.25,0,1.9,4.31,0.12,3.51,2.27,1.9,0,0.42, 0.02000052, 0.01598738, 0.03600384, 0.02558318, 0.036004,buy
2015-01-17,1.41,0,0,0.49,2.9,0.56,0.04,1.01,2.41,0.49,1.41,1.01,1.05,0,0.29,-0.06634268,-0.06928885,-0.02863391,-0.05692881,-0.065111,sell
2015-01-18,0.67,0,0,1.54,1.43,1.3,0.08,0.55,2.23,1.54,0.67,0.45,0.63,0,0.21, 0.05047962, 0.04427854,-0.09529619,-0.00642871, 0.050480,buy
2015-01-19,0.34,0,0,3.14,0.86,3.03,0.2,0.29,3.51,3.14,0.34,0.28,0.49,0,0.2,-0.06201369,-0.01438709,-0.05483703,-0.03949170,-0.074057,sell
2015-01-20,0.23,0,0,2.05,0.67,2.99,0.45,0.16,3.32,2.05,0.23,0.2,0.61,0,0.14,-0.05242260,-0.00418008,-0.07111063,-0.02734888,-0.052152,sell
2015-01-21,0.18,0,0,0.83,0.66,1.33,1.04,0,1.58,0.83,0.18,0.18,1.04,0,0.23, 0.03315519, 0.03858099,-0.03406981,-0.00852115, 0.031162,buy
2015-01-22,0.18,0.05,0.02,0.46,0.88,0.67,2.42,0,0.93,0.46,0.25,0.26,2.4,0,0.38, 0.01782043,-0.03165458, 0.03876292,-0.01476505, 0.072337,buy
2015-01-23,0.23,0.16,0.05,0.29,1.38,0.49,2.99,0,0.81,0.29,0.44,0.46,2.95,0,0.64,-0.02813537,-0.04160388,-0.00983245,-0.03318661, 0.045673,sell
2015-01-24,0.36,0.51,0.1,0.23,2.44,0.65,1.63,0,1.12,0.23,0.97,0.93,1.56,0,1.14, 0.00815719, 0.03788436, 0.05987965, 0.01281162, 0.055846,buy
2015-01-25,0.65,1.61,0.2,0.16,4.7,1.35,0.82,0,2.04,0.16,2.46,2.2,0.68,0,2.02, 0.05412627, 0.05277245, 0.13058748, 0.02813505, 0.130638,buy
2015-01-26,1.36,2.97,0.42,0.1,8.05,3.23,0.56,0.09,3.08,0.1,4.75,5.32,0.38,0,3.28, 0.06300073, 0.06462975, 0.06300073, 0.05840370, 0.045343,buy
2015-01-27,3,1.67,0.88,0,7.45,2.95,0.66,0.25,2.16,0,5.55,6.1,0.38,0.02,2.91,-0.00882902,-0.03447387,-0.02694365,-0.02328078,-0.046917,sell
2015-01-28,2.74,0.52,1.87,0,3.69,1.32,1.03,0.7,1.21,0.02,5.11,3.52,0.7,0.12,1.78, 0.03000587,-0.11082036, 0.04098601, 0.02357865,-0.045126,buy
2015-01-29,1.14,0.17,2.99,0,1.63,0.85,2.01,1.99,1.17,0.04,4.26,2.94,1.99,0.88,1.26, 0.01289150, 0.00853022, 0.01354122, 0.00474393, 0.008530,buy
2015-01-30,0.66,0,2.32,0,0.76,0.78,2.97,2.95,1.74,0.08,2.9,3.4,2.95,2.95,1.05,-0.06339524, 0.00095815,-0.04966581,-0.06339524,-0.063395,sell
2015-01-31,0.88,0,1.25,0,0.67,0.86,2.29,1.52,3.11,0.18,1.95,2.59,1.55,1.27,1.06,-0.02326282, 0.11011866,-0.02413919,-0.02396740, 0.017594,sell
2015-02-01,1.94,0,0.92,0.02,1.22,1.08,1.26,0.53,3.05,0.43,2.45,1.95,0.63,0.17,1.21, 0.00572346, 0.08530500, 0.05161057, 0.05161057, 0.052052,buy
2015-02-02,2.97,0,1.19,0.06,2.73,1.36,0.89,0.19,2.22,0.98,3.24,2.52,0.48,0.02,1.49, 0.04617869,-0.01520242, 0.07384558, 0.04943527,-0.022365,buy
2015-02-03,1.71,0,2.26,0.17,4.83,1.74,1.1,0,2.63,2.23,1.91,3.28,0.79,0.02,2.22, 0.03122782,-0.01844085,-0.06331183,-0.03020448,-0.023116,buy
2015-02-04,0.66,0,3.23,0.47,4.88,2.22,2.19,0,3.49,3.44,0.92,2.14,1.94,0.02,4.06, 0.02581614,-0.07554423,-0.05700978,-0.05696037,-0.066554,sell
2015-02-05,0.26,0,2.71,1.32,2.82,2.86,3.2,0,2.53,3.19,1.1,1.03,2.95,0.03,5.6,-0.06319787,-0.08620273,-0.08525766,-0.07916428,-0.075840,sell
2015-02-06,0.1,0,3.52,2.95,1.22,3.42,2.78,0,1.66,3.82,2.75,1.08,2.03,0.04,4.32,-0.01369614,-0.03950847,-0.04737529, 0.00920463,-0.046894,sell
2015-02-07,0,0,3.47,2.36,0.55,3.38,3.24,0,1.88,2.88,2.95,2.34,1.04,0.04,3.12, 0.06235854, 0.04988900, 0.05343583, 0.09691034,-0.014972,buy
2015-02-08,0,0,1.69,0.85,0.21,3.26,3.58,0,3.56,1.52,1.02,2.97,0.61,0.05,2.33,-0.04531138,-0.03849069,-0.05922760,-0.05267185,-0.047556,sell
2015-02-09,0,0,2,0.31,0.06,3.23,1.72,0,4.45,1.99,0.32,1.32,0.4,0.06,1.75,-0.07647893,-0.07517668,-0.07517668,-0.07980940,-0.054215,sell
2015-02-10,0,0,3.05,0.11,0.08,3.22,0.75,0,3.08,3.06,0.1,0.45,0.3,0.08,1.45,-0.06563376,-0.04253745,-0.04912085,-0.04878293,-0.048783,sell
2015-02-11,0,0.04,1.5,0,0.1,3.14,0.4,0,2.36,1.5,0.04,0.15,0.25,0.1,1.24, 0.00349082, 0.01253051, 0.00457031, 0.00237595, 0.003491,sell
2015-02-12,0,0.1,0.44,0,0.12,3.05,0.25,0,2.06,0.44,0.1,0,0.25,0.12,1.15, 0.05753271, 0.07939172, 0.05492814, 0.05857727, 0.057533,buy
2015-02-13,0,0.27,0.13,0,0.14,3.12,0.29,0,1.84,0.13,0.27,0.05,0.29,0.14,1.23, 0.04605046, 0.07121410, 0.04843172, 0.04732257, 0.044667,buy
2015-02-14,0,0.72,0,0,0.18,3.25,0.37,0,1.58,0.02,0.7,0.11,0.37,0.18,1.56, 0.02813811, 0.06560933, 0.02813811, 0.02678518, 0.028138,buy
2015-02-15,0,1.85,0,0,0.23,3.87,0.51,0,1.26,0.05,1.8,0.27,0.51,0.23,2.34,-0.03735527,-0.00059237,-0.03735527,-0.05628985,-0.037355,sell
2015-02-16,0,3.12,0,0,0.3,4.91,0.75,0,0.92,0.12,3,0.64,0.75,0.3,3.35,-0.00331469,-0.00806557,-0.00331469,-0.00162190, 0.002435,buy
2015-02-17,0,2.15,0,0,0.38,4.84,1.22,0.02,0.62,0.3,1.85,1.52,1.24,0.38,2.7,-0.01582967,-0.03860456,-0.01582967, 0.00510007,-0.021428,sell
2015-02-18,0.03,1.45,0,0,0.47,4.88,2.12,0.05,0.39,0.73,0.72,2.97,2.2,0.47,1.52, 0.02418503, 0.00605451, 0.09189125, 0.01540591,-0.014198,sell
2015-02-19,0.05,2.05,0,0,0.58,3.44,3,0.13,0.23,1.77,0.28,2.36,3.18,0.58,0.85, 0.07882047, 0.05182979, 0.06649322, 0.05182979,-0.031321,buy
2015-02-20,0.16,4.65,0,0,0.71,1.61,2.26,0.31,0.13,4.54,0.11,0.98,2.73,0.71,0.5, 0.02256332, 0.02868113, 0.05100403, 0.04352323, 0.043523,buy
2015-02-21,0.38,5.87,0,0,0.85,0.71,1.16,0.73,0,5.87,0.02,0.41,2.25,0.85,0.3, 0.04177422, 0.04961894, 0.05550596, 0.05091314, 0.042837,buy
2015-02-22,0.93,2.89,0,0,1.03,0.36,0.56,1.76,0,2.89,0.04,0.17,3.21,1.03,0.19,-0.07774735,-0.07860280,-0.08833549,-0.08555653,-0.086728,sell
2015-02-23,2.29,1.07,0,0,1.23,0,0.26,2.97,0,1.07,0.1,0,5.42,1.23,0.03,-0.10427044, 0.00068069, 0.01775561,-0.03909346,-0.101134,buy
2015-02-24,4.64,0.42,0,0,1.49,0,0.11,2.08,0,0.42,0.26,0.02,6.57,1.47,0.04,-0.06281918,-0.00895171,-0.00895171,-0.01494442,-0.052874,sell
2015-02-25,5.36,0.13,0.04,0.06,1.8,0,0,0.88,0,0.17,0.74,0.05,5.56,1.75,0.06,-0.07394173, 0.01592224, 0.01592224,-0.02472922,-0.071176,buy
2015-02-26,5.56,0,0.09,0.17,2.24,0,0,0.37,0.03,0.11,2.02,0.13,4.06,2.08,0.1,-0.01633099, 0.01354407, 0.01354407,-0.00557109,-0.061560,sell
2015-02-27,4.89,0,0.24,0.52,2.89,0,0,0.15,0.07,0.33,3.4,0.33,2.07,2.49,0.18, 0.01575254, 0.04535899, 0.04544538, 0.01600711,-0.024269,buy
2015-02-28,2.56,0,0.65,1.65,4.07,0,0.04,0.03,0.18,1.11,2.87,0.99,0.88,2.97,0.32, 0.07064957, 0.09958719, 0.07614696, 0.07142785, 0.078663,buy
2015-03-01,1.13,0,1.69,4.85,6.23,0,0.11,0.1,0.51,3.19,4.03,2.77,0.45,3.12,0.62,-0.05383470,-0.03563939,-0.00551711,-0.08199286,-0.047588,sell
2015-03-02,0.82,0,3.25,5.73,7.04,0,0.25,0.29,1.45,3.33,6.24,3.42,0.23,2.68,1.17,-0.03741006,-0.02889255, 0.00139731,-0.06181936,-0.064606,sell
2015-03-03,1.48,0,2.95,2.65,6.45,0,0.58,0.87,3.21,2.96,4,2.53,0.12,2.12,2.25, 0.01530685,-0.01960281, 0.01249358,-0.02568632,-0.048148,buy
2015-03-04,3.02,0,2.95,1.39,4.82,0,1.34,2.5,2.82,5.36,2,4.08,0,1.74,3.19, 0.00455185, 0.00280185,-0.00663788, 0.00723895, 0.052420,buy
2015-03-05,2.07,0.1,3.28,1.53,3.59,0,3.13,3.03,2.39,5.02,1.86,6,0.1,1.43,2.48, 0.01064337, 0.07324114, 0.00026060, 0.07339227, 0.050690,buy
2015-03-06,0.84,0.33,1.65,2.82,4.6,0,3.51,1.31,4.32,2.36,2.98,4.28,0.3,1.19,1.74, 0.04606460, 0.05681713, 0.04550506, 0.05459531,-0.034455,buy
2015-03-07,0.72,0.97,0.57,2.97,3.91,0,2.29,0.63,5.14,1.29,3.06,1.89,0.88,0.98,1.8, 0.00053676, 0.06220407, 0.00929081, 0.06220407,-0.027230,sell
2015-03-08,1.13,2.94,0.22,1.48,2.22,0,2.47,0.56,3.94,1.35,1.82,1.09,2.6,0.8,2.6, 0.07791243, 0.07825603, 0.06534922, 0.07825603, 0.075291,buy
2015-03-09,2.4,4.22,0,0.73,1.77,0.04,3.19,0.81,1.95,2.4,1.98,1.07,2.97,0.66,3.74, 0.09226943, 0.06828942, 0.07932623, 0.06768306, 0.068289,buy
2015-03-10,3,4.16,0,0.35,1.92,0.14,2.49,1.56,0.98,3,3.35,1.79,1.16,0.55,3.44,-0.06966531,-0.03666328,-0.06571592,-0.08605844,-0.033510,sell
2015-03-11,1.71,2.26,0,0.17,2.46,0.51,1.26,2.97,0.67,1.71,1.99,3.48,0.44,0.45,2.88,-0.12819291,-0.09766236,-0.09016748,-0.11096352,-0.017808,sell
2015-03-12,0.8,0.7,0,0,3.63,1.87,0.67,2.92,0.85,0.8,0.48,4.76,0.25,0.37,3.2,-0.08200114,-0.06814428,-0.05345219,-0.08521995,-0.039318,sell
2015-03-13,0.38,0.31,0,0,4.67,2.95,0.36,1.61,1.36,0.4,0.12,4.45,0.28,0.31,3.36,-0.00752617, 0.03987406, 0.03470056,-0.00331147,-0.007526,sell
2015-03-14,0.18,0.39,0,0,5,1.23,0.21,1.18,2.51,0.23,0,2,0.75,0.25,2.45, 0.14678368, 0.13652584, 0.14825656, 0.06381153, 0.073318,buy
2015-03-15,0.09,0.8,0,0,4.64,0.37,0.12,2.02,3.05,0.23,0,0.72,2.28,0.21,1.55, 0.13927656, 0.14081615, 0.13927656, 0.03630108, 0.117356,buy
2015-03-16,0,1.67,0.03,0,2.96,0.15,0.03,3.16,2.02,0.36,0.03,0.21,4.26,0.17,0.95, 0.12022304, 0.12022304, 0.08535145, 0.07119677, 0.058258,buy
2015-03-17,0,3.52,0.2,0,1.75,0.41,0.04,1.42,1.43,0.94,0.13,0.11,3.96,0.14,0.63,-0.01703446,-0.01348953,-0.03287142,-0.03593187,-0.052535,sell
2015-03-18,0,5.37,0.82,0,1.05,1.14,0.05,0.32,1.69,2.46,0.56,0,3.49,0.12,0.43,-0.06804722, 0.01476174,-0.06502316, 0.04240039,-0.081931,sell
2015-03-19,0,4.68,3.3,0,0.64,2.97,0.1,0,3.27,3.24,2.44,0.04,2.3,0.1,0.3,-0.04271610, 0.04824505, 0.02803431, 0.04776562, 0.024954,buy
2015-03-20,0.04,2.27,5.99,0,0.31,2.74,0.25,0,2.9,2.71,2.97,0.18,2.62,0,0.22, 0.05075083, 0.04599369, 0.03538880, 0.04599369, 0.045460,buy
2015-03-21,0.09,1,6.68,0,0.19,0.98,0.88,0,1.14,3.52,0.76,0.79,3.49,0,0.19, 0.11495105, 0.10883416, 0.05960727, 0.11629342, 0.114951,buy
2015-03-22,0.23,0.44,3.35,0,0,0.36,3.03,0,0.65,1.59,0.26,2.92,2.17,0,0.11, 0.05248387, 0.04950655, 0.06063420, 0.03668593, 0.060634,buy
2015-03-23,0.57,0.11,1.14,0,0,0.13,2.54,0,1.38,0.3,0.26,2.4,1.26,0,0.14,-0.00686896,-0.00337874,-0.01156108, 0.03848708,-0.015145,sell
2015-03-24,1.39,0,0.99,0,0,0,0.71,0.1,2.97,0.1,0.79,0.53,1.59,0,0.18,-0.02146547, 0.05112945, 0.02633744, 0.01032533, 0.144043,sell
2015-03-25,3,0,2.44,0,0,0,0.34,0.29,1.52,0.29,2.44,0.15,2.97,0,0.22, 0.05481003,-0.04424001, 0.07271381, 0.05280317, 0.073527,buy
2015-03-26,2.62,0,2.95,0.06,0,0,0.29,0.86,0.34,0.86,3.01,0.09,2.53,0,0.29,-0.02248662,-0.04544126,-0.01215191,-0.02248662, 0.022268,sell
2015-03-27,1.28,0.13,1.17,0.14,0.03,0,0.36,2.6,0,2.73,1.31,0.25,1.03,0,0.39, 0.07364580, 0.06794022, 0.07298948, 0.07364580, 0.073646,buy
2015-03-28,1.17,0.68,0.38,0.36,0.08,0.02,0.5,2.97,0.07,3.69,0.74,0.71,0.42,0,0.53, 0.07849947, 0.07603748, 0.07849947, 0.08378244, 0.089001,buy
2015-03-29,2.31,2.89,0.13,0.9,0.28,0.04,0.69,1.11,0.16,4.1,1.03,2.04,0.17,0,0.85,-0.03840554,-0.04005762,-0.08592560,-0.03035461,-0.037452,sell
2015-03-30,3.24,2.36,0.03,2.28,0.96,0.07,1.05,0.37,0.41,2.98,2.28,2.95,0.07,0,1.67,-0.02428307,-0.02114795,-0.05214935,-0.04696950,-0.047417,sell
2015-03-31,2.28,0.44,0.06,3,3,0.15,1.83,0.18,1.06,1.18,3,1.52,0.26,0,3.92, 0.08081921, 0.08471170, 0.09431106, 0.08699619, 0.094311,buy
2015-04-01,3.17,0,0.11,1.5,2.58,0.27,3.7,0.12,2.8,1.51,1.5,0.63,1.26,0,3.75, 0.13845267, 0.09697893, 0.09923976, 0.09648219, 0.099240,buy
2015-04-02,6.08,0.03,0.22,0.65,0.72,0.49,4.4,0.29,3.41,2.95,0.68,0.47,3.17,0,2.2,-0.01425625,-0.03656539,-0.03752134,-0.03832919, 0.001465,sell
2015-04-03,3.66,0.08,0.43,0.54,0.23,0.89,3.05,0.7,2.07,2.37,0.62,0.7,1.72,0,2.1, 0.00357391,-0.04964861,-0.05543551,-0.05027300,-0.052269,sell
2015-04-04,1.35,0.29,0.87,1.91,0.08,1.6,2.75,1.67,2.01,1.13,2.15,1.67,1.14,0.02,2.42,-0.05997150,-0.06754914,-0.06549395,-0.06633133,-0.062058,sell
2015-04-05,1.41,0.84,1.73,2.92,0.18,2.93,3.09,3.08,3.09,1.41,3.65,3.08,1.84,0.06,3.11,-0.00596803,-0.03230994,-0.04390343,-0.03476363,-0.046357,sell
2015-04-06,3.05,2.46,3,0.74,0.41,3.27,3,2.61,3.38,3.05,2.95,2.61,3.25,0.14,3.3,-0.10904500,-0.10748607,-0.10002120,-0.10748607,-0.107486,sell
2015-04-07,1.36,3.82,2.62,0.12,1.03,2.29,2.44,3.68,2.79,1.36,3.18,3.72,3.34,0.36,2.97,-0.12996030,-0.12996030,-0.12790708,-0.12932797,-0.108534,sell
2015-04-08,0.22,3.69,1.39,0,2.78,1.93,1.92,3.35,3.74,0.22,1.43,3.46,3.54,0.94,2.89,-0.10680667,-0.10596759,-0.10713827,-0.10629951,-0.072890,sell
2015-04-09,0,6.71,0.87,0,5.95,2.66,1.52,0.65,6.47,0,0.67,0.97,6.59,2.44,3.66,-0.07191586,-0.05406890,-0.07191586, 0.03091492,-0.012305,sell
2015-04-10,0,5.43,0.79,0.03,3.89,5.11,1.2,0.03,4.18,0.03,0.62,0.91,4.72,3,6.02,-0.01845509, 0.01856709,-0.04592717, 0.06621919, 0.059175,buy
2015-04-11,0,3.75,1.11,0.09,1.13,5.23,0.95,0.06,1.29,0.06,0.95,2.58,1.42,1.33,6.02, 0.02653116, 0.05846493, 0.01885324, 0.04172208, 0.048308,buy
2015-04-12,0,3.27,1.9,0.27,0.34,3.59,0.75,0.12,0.43,0.12,1.9,2.95,0.59,0.5,4.25, 0.03533959, 0.07492648, 0.06482889, 0.08461145, 0.025597,buy
2015-04-13,0.02,1.32,2.95,0.79,0.15,2.02,0.59,0.27,0.15,0.23,2.95,1.21,0.92,0.18,2.65,-0.06912908,-0.07413707,-0.07424650, 0.00312397,-0.061042,sell
2015-04-14,0.03,0.42,2.34,2.34,0,1.27,0.46,0.51,0.05,0.44,2.26,0.45,2.42,0.02,1.73,-0.01923032,-0.04403816,-0.04159215,-0.02112205,-0.019230,sell
2015-04-15,0.12,0.15,1.64,2.95,0,1.12,0.37,0.94,0.34,0.82,1.19,0.21,3.46,0.02,1.25,-0.00817805,-0.03302905,-0.03620861,-0.01867118, 0.015823,sell
2015-04-16,0.3,0,3.53,1.25,0,2.62,0.33,1.77,2.12,1.54,0.74,0.12,4.22,0.02,1.04,-0.07900887,-0.04786277,-0.07191440,-0.05844808,-0.063162,sell
2015-04-17,0.77,0,2.89,0.43,0,3.25,0.4,3.32,2.92,2.89,1.03,0.23,2.83,0.03,1.13, 0.00118466,-0.01554520,-0.03000407,-0.00655551,-0.043402,sell
2015-04-18,2.03,0,1.88,0.14,0,0.87,0.95,3.83,0.65,3.1,3.1,0.45,0.5,0.03,1.87, 0.07421159, 0.03344829, 0.03344829, 0.03344829, 0.033448,buy
2015-04-19,3.83,0,3.06,0,0,0.3,3.19,3.47,0.14,2.17,5.95,0.88,0.06,0.04,4.61, 0.01949042, 0.05934092, 0.06392925, 0.05940237, 0.019490,buy
2015-04-20,3.69,0,1.14,0,0,0.11,3.62,5.73,0.11,3.44,2.81,1.86,0.16,0.04,5.87,-0.02765812,-0.02169889,-0.00852616, 0.02879710,-0.027658,sell
2015-04-21,4.67,0,0.67,0,0,0.2,2.24,6.43,0.22,4.77,0.79,4.15,0.4,0.05,3.83,-0.07982222,-0.07650704,-0.07650704,-0.02388934,-0.074336,sell
2015-04-22,5.93,0,1.35,0,0,0.41,3.4,2.69,0.59,3.96,0.22,6.05,1.01,0.06,1.89,-0.02889988,-0.03317557,-0.05672155,-0.01184369,-0.057687,sell
2015-04-23,2.89,0,3.54,0,0,0.87,3.26,1.21,1.66,2.7,0.02,3.85,2.56,0.07,0.91, 0.08340377, 0.07480530, 0.07352145, 0.07504037, 0.091383,buy
2015-04-24,1.03,0.1,5.68,0,0,1.9,4.22,0.54,5.19,0.9,0.16,3.68,2.97,0.08,0.49,-0.03597961,-0.04292084, 0.04288777,-0.03597961,-0.035980,sell
2015-04-25,0.4,0.49,4.47,0,0,3.04,3.79,0.39,6.53,0.34,0.63,3.37,1.36,0.09,0.26,-0.06069573,-0.04955431, 0.02763217,-0.05305186,-0.057324,sell
2015-04-26,0.21,2.43,2.07,0,0,2.19,2.04,0.48,4.33,0.13,2.78,1.39,0.54,0.11,0.14,-0.03732944,-0.01286143,-0.00324134,-0.00707618,-0.022653,sell
2015-04-27,0.11,3.02,1.51,0,0,1.05,2.57,0.92,4.41,0,3.9,0.53,0.21,0.13,0,-0.03085242,-0.02439753,-0.00318709,-0.02439753,-0.023345,sell
2015-04-28,0,1.07,2.44,0,0,0.54,2.97,2.44,5.77,0.04,3.16,0.26,0.09,0.14,0,-0.04646574,-0.07594880,-0.02190548,-0.07491616,-0.074680,sell
2015-04-29,0,1,2.97,0,0,0.34,1.97,3.04,5.09,0.09,3.53,0.44,0,0.17,0,-0.05778213,-0.08489450,-0.04222930,-0.07532560,-0.083390,sell
2015-04-30,0,2.41,1.59,0.14,0,0.19,1.12,1.56,2.46,0.19,2.36,1.64,0.14,0.19,0.03, 0.01880455, 0.06053021, 0.01289713, 0.06002917, 0.053642,buy
2015-05-01,0.07,4.46,0.64,0.54,0,0.25,0.65,0.95,1.12,0.46,2.18,2.99,0.54,0.22,0.05,-0.01511975, 0.01705058, 0.00391127, 0.02587518, 0.003911,sell
2015-05-02,0.16,4.45,0.26,1.87,0,0.33,0.42,1.17,0.53,1.05,3.23,1.64,1.87,0.25,0.09, 0.01807103, 0.06300071, 0.01917132, 0.06300071, 0.019171,buy
2015-05-03,0.44,3.34,0.1,2.95,0,0.5,0.32,2.16,0.18,2.37,3.04,0.84,2.95,0.29,0.14, 0.02917697, 0.02761183, 0.02313705, 0.05825207, 0.032707,buy
2015-05-04,1.08,1.61,0,1.42,0,0.85,0.32,3,0.1,3.52,1.59,1.1,1.42,0.33,0.22, 0.00547107, 0.00547107, 0.00547107, 0.05246459, 0.057437,buy
2015-05-05,2.65,0.77,0.03,0.47,0,1.68,0.36,1.82,0,3.13,1.14,2.28,0.5,0.37,0.36,-0.01735179,-0.01481878, 0.00979693,-0.02068846,-0.012247,sell
2015-05-06,4.05,0.45,0.09,0.17,0,3.38,0.64,0.82,0.06,3.77,1.45,3.05,0.26,0.43,0.58,-0.02043030,-0.02870585,-0.01306814,-0.02043030,-0.028118,sell
2015-05-07,4.29,0.34,0.26,0,0,3.1,1.08,0.38,0.13,3,2.84,1.79,0.26,0.48,0.95, 0.02343435, 0.00747645, 0.03384921, 0.03408461, 0.007367,buy
2015-05-08,3.65,0.4,0.75,0.04,0,1.61,1.88,0.17,0.3,1.27,3.09,0.96,0.79,0.54,1.55,-0.02889221, 0.03374514,-0.04398539, 0.04138141, 0.012028,buy
2015-05-09,1.75,0.61,2.12,0.08,0,1.04,3.28,0,0.69,0.49,1.54,0.82,2.2,0.61,2.53,-0.01573973, 0.06733808, 0.06003363, 0.00673238, 0.023968,buy
2015-05-10,0.81,1.19,3.04,0.15,0,0.86,4.64,0.04,1.56,0.28,0.92,1.16,3.15,0.69,2.97,-0.00372859, 0.06061450, 0.06541286, 0.01805785, 0.063912,buy
2015-05-11,0.35,2.37,1.5,0.3,0,0.77,5.31,0.12,2.97,0.18,0.94,1.96,1.74,0.77,2.16,-0.05542989,-0.05724552,-0.04628761,-0.07745994,-0.057246,sell
2015-05-12,0.19,4.18,0.6,0.61,0,0.85,4,0.33,2.42,0.26,1.7,3.1,1.11,0.85,1.32,-0.06207734,-0.06207734,-0.06905944,-0.07283085,-0.060244,sell
2015-05-13,0.11,5.29,0.34,1.22,0,0.96,2.22,0.92,1.05,0.37,3.92,2.56,1.4,0.96,0.8, 0.02995342, 0.05412329, 0.04634954, 0.05602731, 0.033741,buy
2015-05-14,0,4.24,0.23,2.44,0,1.06,1.42,2.56,0.46,0.47,5.53,1.5,2.44,1.06,0.49, 0.06793650, 0.06548958, 0.06812287, 0.08468640, 0.067107,buy
2015-05-15,0.03,1.87,0.3,3,0,1.18,1.05,3,0.2,0.55,4.23,0.97,3,1.18,0.3, 0.08655544, 0.05425167, 0.09477703, 0.07828219, 0.079555,buy
2015-05-16,0.06,0.9,0.37,1.81,0.04,1.3,0.88,1.24,0.09,0.65,1.79,0.8,1.79,1.3,0.18, 0.00227068, 0.00569557, 0.00569557,-0.07118358, 0.019047,buy
2015-05-17,0.12,0.51,0.41,0.98,0.09,1.42,0.73,0.45,0,0.71,0.77,0.78,0.92,1.42,0.11,-0.05696132,-0.08343737,-0.08343737,-0.06416603,-0.053258,sell
2015-05-18,0.24,0.43,0.44,0.67,0.2,1.56,0.62,0.17,0,0.82,0.41,0.98,0.56,1.56,0,-0.07088377,-0.08977851,-0.08977851,-0.02578342,-0.058930,sell
2015-05-19,0.48,0.8,0.44,0.78,0.47,1.7,0.59,0,0,1.06,0.48,1.53,0.49,1.7,0,-0.07690343,-0.07190950,-0.07190950, 0.00490968,-0.033573,sell
2015-05-20,0.96,1.94,0.43,1.57,1.1,1.85,0.51,0,0,1.61,0.96,3.13,0.81,1.85,0,-0.05792561,-0.00529670,-0.00529670, 0.02505588, 0.013217,buy
2015-05-21,1.88,3.7,0.4,3.75,2.53,2.03,0.42,0,0,2.95,1.88,6.04,1.81,2.03,0,-0.11468559,-0.00646402,-0.04058724,-0.06796588,-0.073485,sell
2015-05-22,3.04,4.17,0.34,5.7,3,2.2,0.32,0,0.04,3.32,3,5.54,4.67,2.2,0,-0.10133289,-0.05260467,-0.09599622,-0.12208156,-0.094762,sell
2015-05-23,2.61,3.92,0.28,4.22,1.51,2.34,0.23,0,0.09,1.74,2.52,2.45,5.97,2.34,0,-0.04621083,-0.03515815,-0.09828362,-0.08476350,-0.046211,sell
2015-05-24,1.63,1.99,0.21,1.75,0.66,2.51,0.16,0,0.23,0.82,1.4,1.08,2.87,2.51,0, 0.01932559, 0.03583406, 0.03583406, 0.03381357, 0.035708,buy
2015-05-25,1.52,0.75,0.17,0.69,0.29,2.7,0.1,0,0.57,0.39,0.95,0.52,1.09,2.7,0,-0.04048340,-0.04191735,-0.03443584,-0.00701105,-0.027128,sell
2015-05-26,2.41,0.22,0.15,0.2,0.13,2.87,0.02,0,1.39,0.15,1.02,0.15,0.42,2.87,0,-0.04320338,-0.05594753,-0.05071149,-0.01600217,-0.033267,sell
2015-05-27,4.77,0,0.08,0,0,3,0.04,0,2.97,0.04,1.77,0.08,0,3.07,0.03,-0.03988632,-0.02584754,-0.02602686,-0.01834310,-0.018343,sell
2015-05-28,5.94,0,0.15,0,0,2.97,0.06,0,2.58,0.06,3.3,0.15,0,3.25,0.06,-0.02069881, 0.00466420, 0.00620331, 0.01954913, 0.018234,buy
2015-05-29,3.95,0,0.29,0,0,2.82,0.1,0,1.06,0.1,2.79,0.29,0,3.92,0.1, 0.00983735, 0.01528842, 0.01307165, 0.02995956, 0.029436,buy
2015-05-30,2.19,0,0.55,0,0,2.67,0.16,0,0.43,0.16,1.57,0.55,0,5.64,0.19,-0.01339248,-0.00740946,-0.01090052,-0.00185740,-0.033665,sell
2015-05-31,1.83,0,1.07,0,0,2.56,0.26,0,0.18,0.26,1.32,1.07,0,4.59,0.33, 0.01405919, 0.01856212, 0.01405919, 0.02256267,-0.020754,buy
2015-06-01,2.22,0,2.03,0,0,2.47,0.45,0,0,0.45,1.59,2.03,0.05,2.99,0.58, 0.02725204, 0.01607389, 0.03170046, 0.03608745, 0.031984,buy
2015-06-02,3.33,0,3.19,0,0,2.38,0.74,0,0,0.74,2.2,3.19,0.14,2.52,0.99, 0.00593911,-0.00067416, 0.00593911, 0.00452892,-0.001753,sell
2015-06-03,5.06,0,2.92,0,0,2.32,1.21,0.02,0.02,1.21,2.97,2.92,0.35,2.32,1.74, 0.01858961, 0.01858961, 0.01911234, 0.00884868, 0.021805,buy
2015-06-04,6.58,0,2.5,0.02,0,2.28,2.01,0.04,0.04,2.01,2.72,2.5,0.91,2.28,2.97, 0.04365259, 0.03862174, 0.01983995, 0.02008450, 0.048346,buy
2015-06-05,7.05,0,3.63,0.03,0,2.24,3.33,0.08,0.08,3.33,1.87,3.63,2.29,2.24,2.92, 0.05203656, 0.04805298, 0.03351332, 0.03959145, 0.048841,buy
2015-06-06,5.99,0.05,3.31,0.04,0,2.22,3.71,0.16,0.19,3.71,1.36,3.33,2.99,2.22,1.68, 0.06066496, 0.03650131, 0.02630931, 0.02718239, 0.051967,buy
2015-06-07,3.53,0.1,1.42,0.05,0,2.24,3.46,0.31,0.38,3.36,1.09,1.45,1.57,2.24,1.02, 0.05249088,-0.02775973,-0.03513442,-0.05490439,-0.054904,sell
2015-06-08,2,0.2,0.62,0.06,0,2.24,4.37,0.6,0.76,4.15,0.97,0.66,0.67,2.24,0.64, 0.01684043,-0.01984807,-0.03161476,-0.10893315,-0.088936,buy
2015-06-09,1.28,0.41,0.22,0.06,0,2.28,4.01,1.15,1.52,3.53,1.06,0.26,0.31,2.28,0.45, 0.00574632,-0.07549151,-0.07862696,-0.11086290,-0.101936,sell
2015-06-10,0.92,0.87,0.09,0.06,0,2.32,2.88,2.23,3.06,1.83,1.5,0.13,0.16,2.32,0.37,-0.02375481,-0.03714415,-0.03447587,-0.03003436,-0.028081,sell
2015-06-11,0.72,1.92,0,0,0,2.4,3.28,4.39,6.26,0.96,2.68,0.05,0,2.4,0.36,-0.00473693, 0.01613981, 0.00247168, 0.01252983, 0.015215,sell
2015-06-12,0.65,2.97,0,0,0,2.51,3.78,5.94,8.91,0.5,3.62,0,0,2.51,0.31, 0.03403927, 0.03634401, 0.04187326, 0.04047811, 0.040478,buy
2015-06-13,0.76,2.1,0,0,0,2.62,2.42,4.19,6.29,0.27,2.53,0,0,2.62,0.38, 0.01786378, 0.02126344, 0.02556586, 0.02053461, 0.031829,buy
2015-06-14,0.95,0.95,0,0,0,2.77,1.18,2.01,2.96,0,1.7,0,0,2.77,0.43,-0.02204268,-0.03376338, 0.00682892,-0.01076420,-0.013075,sell
2015-06-15,1.25,0.43,0.03,0,0,2.95,0.77,0.96,1.39,0,1.57,0.03,0,2.95,0.45,-0.01270836,-0.04811240,-0.00477838,-0.00324341,-0.008771,buy
2015-06-16,1.77,0.2,0.15,0,0,3,0.59,0.48,0.68,0,1.91,0.06,0.09,3,0.45,-0.01411196,-0.03977712,-0.02587950, 0.01666116, 0.010619,sell
2015-06-17,2.72,0.09,0.36,0,0,2.84,0.44,0.24,0.33,0,2.72,0.14,0.22,2.84,0.44, 0.00509767,-0.03496231,-0.02643136, 0.01521355, 0.014127,buy
2015-06-18,3,0,0.81,0,0,2.62,0.4,0,0,0,3,0.31,0.5,2.62,0.4, 0.00041279,-0.03936622,-0.00720375, 0.00327542, 0.005969,buy
2015-06-19,1.99,0,1.81,0,0,2.38,0.34,0,0,0,1.99,0.66,1.15,2.38,0.34, 0.04066954, 0.01542126, 0.03311974, 0.04034190, 0.035359,buy
2015-06-20,1.16,0.02,4.13,0,0,2.18,0.27,0.03,0,0,1.16,1.42,2.71,2.18,0.32, 0.01297852, 0.01318781, 0.01297852, 0.02306717, 0.029200,buy
2015-06-21,0.62,0.03,6.86,0,0,1.99,0.2,0.05,0,0.08,0.62,2.97,3.89,1.94,0.28, 0.02595833, 0.02577244, 0.02219980, 0.01266611, 0.036936,buy
2015-06-22,0.31,0.04,6.26,0,0,1.83,0.14,0.14,0,0.14,0.39,2.91,3.35,1.71,0.27, 0.02267041, 0.02577244, 0.01813284, 0.02288148, 0.028626,buy
2015-06-23,0.15,0.07,5.04,0,0,1.75,0.09,0.29,0,0.28,0.32,1.43,3.61,1.5,0.33,-0.01594094,-0.01594094,-0.01594094,-0.00564069, 0.002493,sell
2015-06-24,0,0.1,3.66,0,0,1.81,0,0.61,0.05,0.54,0.42,0.77,2.84,1.3,0.4,-0.03340786,-0.03063713,-0.03186637,-0.02369979,-0.017546,sell
2015-06-25,0,0.16,2.17,0,0,2.14,0,1.34,0.1,1.02,1.04,0.61,1.46,1.11,0.7,-0.04409626,-0.01323221,-0.03298170,-0.01250068,-0.011919,sell
2015-06-26,0,0.24,1.79,0,0,2.97,0,2.89,0.2,1.93,2.42,0.89,0.7,0.94,1.2,-0.04169296,-0.01646650,-0.03430267,-0.01788573,-0.025970,sell
2015-06-27,0,0.37,2.75,0,0,4.83,0,4.94,0.39,3.7,4.15,1.99,0.37,0.79,2.14,-0.04275449, 0.00330820, 0.00313460, 0.00330820,-0.020769,buy
2015-06-28,0,0.55,3.88,0,0,5.74,0,5.28,0.74,4.16,4.18,2.95,0.19,0.64,3.61,-0.05033969,-0.01501226,-0.01587335,-0.01587335,-0.042647,sell
2015-06-29,0,0.82,2.98,0,0,5.29,0.04,4.37,1.44,3.45,4.39,1.47,0.1,0.52,3.77,-0.00621214, 0.02280400, 0.02478156, 0.02605790,-0.035019,buy
2015-06-30,0,1.23,3.08,0,0,3.86,0.1,3.3,2.7,3.82,3.77,0.48,0.03,0.42,2.91,-0.02269421, 0.02865071, 0.02262907, 0.01894116,-0.005203,buy
2015-07-01,0,1.8,3.12,0.05,0,2.51,0.29,3.8,3.31,4.29,3.55,0.2,0.07,0.33,2.82,-0.00636048, 0.03086852, 0.02268421,-0.00206905,-0.024020,sell
2015-07-02,0,2.6,1.85,0.12,0,2.02,0.86,5.07,3.09,4.26,3.62,0.12,0.16,0.26,3.27,-0.00152106, 0.00014767, 0.00876310,-0.02517922,-0.035512,sell
2015-07-03,0,3.4,1.03,0.29,0,2.09,2.72,5.84,4,5.78,2.39,0.29,0.4,0.2,3.81,-0.06840426,-0.02572030,-0.00741246,-0.02967905,-0.030155,sell
2015-07-04,0,3.57,0.58,0.69,0,2.55,2.97,3.9,2.4,6.19,1.27,0.72,1.02,0.15,3.51,-0.00574911,-0.01305864,-0.00687429,-0.00372126, 0.001813,buy
2015-07-05,0,4.25,0.44,1.64,0,3.18,0.94,2.3,0.79,4.6,0.67,1.68,2.53,0.11,3.06, 0.01767292, 0.02984432, 0.02549838, 0.01985367, 0.015765,buy
2015-07-06,0,4.4,0.7,2.95,0,2.6,0.27,2.31,0.31,3.35,0.3,3.02,3.58,0,3.15, 0.00447645, 0.01017299, 0.01208846,-0.00835868,-0.019619,buy
2015-07-07,0,2.67,2.52,2.25,0,1.7,0,2.96,0.12,2.04,0.16,2.37,4.13,0,3.62,-0.00169335,-0.00824138,-0.00543009,-0.02427241,-0.022471,buy
2015-07-08,0.03,1.65,2.95,0.97,0,1.12,0,3.35,0.03,1.37,0.05,1.17,3.95,0,3.75, 0.02508681, 0.01560171, 0.00162150,-0.00172801,-0.000557,buy
2015-07-09,0.08,1.3,0.7,0.49,0,0.73,0,3.01,0.08,0.92,0.26,0.81,1.59,0,2.84, 0.01704097, 0.04785539, 0.00114280,-0.01719978, 0.001143,sell
2015-07-10,0.19,1.33,0.13,0.33,0.03,0.54,0,3.72,0.19,0.71,1.43,0.83,1.28,0,1.97, 0.03657291, 0.05542495, 0.04922689,-0.00507126, 0.035471,buy
2015-07-11,0.46,1.64,0,0.32,0.06,0.57,0,5.31,0.46,0.74,3,1.1,1.71,0,1.46, 0.03757869, 0.03754570, 0.03757869, 0.01850123, 0.014715,buy
2015-07-12,1.11,2.38,0,0.6,0.12,1.46,0,3.86,1.11,1.67,1,1.76,2.73,0,1.35, 0.09309429, 0.08434525, 0.08434525, 0.04442519, 0.082839,buy
2015-07-13,2.6,3.77,0,1.18,0.24,3.11,0,5.17,2.6,3.35,0.17,2.88,4.49,0,2.58, 0.03869250,-0.01548721,-0.02469684, 0.05754570,-0.044057,sell
2015-07-14,2.97,6.29,0,2.47,0.47,1.45,0,6.25,2.97,1.92,0,4.89,6.67,0,3.45,-0.04603257,-0.08419800,-0.07648588,-0.05555805,-0.092043,sell
2015-07-15,1.41,8.85,0,5.84,0.94,0.26,0,3.39,1.41,1.18,0.02,8.81,8.05,0,1.22,-0.07142342,-0.05994173,-0.07038520,-0.07630290,-0.073715,sell
2015-07-16,0.68,6.13,0,5.26,1.85,0,0,1.97,0.62,1.8,0.03,7.91,5.07,0.02,0.44,-0.10054418,-0.08514177,-0.08607268,-0.08859759,-0.099453,sell
2015-07-17,0.59,3.18,0,1.72,3.1,0,0,1.24,0.45,3,0.05,3.69,2.46,0.05,0.13,-0.02161600, 0.00356798,-0.06485696,-0.03824923,-0.012121,sell
2015-07-18,1.7,2.04,0,0.69,2.65,0,0,0.94,1.36,2.51,0.06,2.17,1.72,0.08,0.12,-0.00194879, 0.00867369,-0.05763631,-0.00744174,-0.002282,buy
2015-07-19,3.85,1.53,0,0.38,1.74,0,0,0.74,3.03,1.5,0.08,1.56,1.8,0.21,0.11, 0.00757846, 0.02003523,-0.00194164, 0.03420929, 0.024690,buy
2015-07-20,3.14,1.17,0,0.2,2.4,0,0,0.6,1.1,2.02,0.09,1.14,2.77,0.48,0.1, 0.01420781, 0.00000275,-0.01782186,-0.03290211, 0.008611,buy
2015-07-21,4.02,0.89,0,0.11,4.06,0,0,0.5,0.35,3.32,0.11,0.9,4.17,1.1,0.1,-0.00101420, 0.00677927, 0.00468474,-0.05703852, 0.005329,buy
2015-07-22,5.23,0.79,0,0,2.84,0,0.09,0.43,0.39,1.33,0.22,0.68,5.27,2.66,0.11,-0.04770250,-0.00908241,-0.01036567,-0.01725387,-0.052222,sell
2015-07-23,3.33,0.71,0,0,3.4,0,0.32,0.39,0.7,0.34,0.46,0.6,3.02,5.92,0.11, 0.03980372, 0.01678664, 0.01305313, 0.03881068, 0.030519,buy
2015-07-24,1.9,0.92,0,0,2.95,0,1.58,0.36,1.55,0.06,1.74,0.55,0.96,5.26,0.12, 0.04608265, 0.03270402, 0.04344266, 0.03270257, 0.014990,buy
2015-07-25,2.54,2.07,0,0,1.41,0,3.8,0.34,3.81,0.09,3.96,0.52,0.48,2.11,0.14, 0.03791976, 0.04627669, 0.03698532, 0.01179644, 0.072821,buy
2015-07-26,3.03,4.01,0,0,0.72,0,3.24,0.35,6.33,0.11,3.41,0.52,0.35,0.84,0.19, 0.00020266, 0.00859810, 0.03060141, 0.01063227, 0.002724,buy
2015-07-27,2.17,2.57,0.06,0,0.42,0,3.15,0.37,3.83,0.15,3.32,0.62,0.37,0.33,0.35, 0.01579927, 0.01634112, 0.03592436,-0.00089308, 0.023639,buy
2015-07-28,2.04,2.93,0.35,0,0.3,0,1.58,0.41,3.2,0.21,1.74,0.95,0.43,0.08,1.15, 0.05510049, 0.06056140, 0.04817010, 0.06834811, 0.053185,buy
2015-07-29,3.55,3.97,2.18,0,0.25,0,0.65,0.47,3.59,0.3,0.8,2.86,0.51,0,3.21,-0.00443062,-0.00443062,-0.00291598, 0.01110653,-0.006603,buy
2015-07-30,2.06,3.03,2.94,0,0.28,0.14,0.26,0.57,2.19,0.43,0.54,3.72,0.64,0,2.05,-0.00553032,-0.00126605, 0.01092409, 0.01092409, 0.003815,buy
2015-07-31,0.67,2.26,0.79,0,0.33,0.84,0.11,0.7,1.06,0.65,1.07,1.66,0.83,0,0.87, 0.00694026,-0.01158222,-0.02701275,-0.01596904,-0.000611,sell
2015-08-01,0.46,2.24,0.84,0,0.41,2.95,0,0.89,1.08,0.99,3.05,1.4,1.13,0,0.82,-0.01078663, 0.01505940,-0.01078663,-0.00436236, 0.004650,sell
2015-08-02,0.69,2.72,3.16,0,0.47,1.7,0,1.19,3.13,1.56,1.7,1.75,1.62,0,1.26,-0.00053980, 0.04855086, 0.02982290, 0.03294104, 0.029915,buy
2015-08-03,1.33,3.63,2.65,0,0.69,0.3,0,1.65,2.26,2.5,0.3,2.55,2.41,0,2.04, 0.00395424, 0.01153751, 0.02245670, 0.00916075, 0.010901,buy
2015-08-04,2.61,5.44,1.33,0,1.01,0,0,2.48,0.41,4.09,0,4.03,3.82,0,3.6, 0.00098967,-0.00196406,-0.02288074,-0.04816169,-0.073014,buy
2015-08-05,5.24,7.27,2.2,0,1.5,0,0.02,3.73,0,4.82,0.02,5.75,6.13,0,6.56, 0.01705438, 0.00073506,-0.00224220, 0.00880564, 0.005470,buy
2015-08-06,5.92,10.6,2.95,0,2.26,0.07,0.05,5.55,0,5.7,0.16,7.93,8.52,0,8.57, 0.06374702, 0.06289272, 0.05515436, 0.05222784, 0.056203,buy
2015-08-07,3.42,8.36,1.67,0,3.2,0.17,0.08,4.07,0.02,6.85,0.45,5.93,6.13,0,5.44, 0.01831239,-0.00866942,-0.02015901,-0.01576170,-0.034941,sell
2015-08-08,1.77,3.09,0.74,0,3.72,0.42,0.16,1.59,0.07,4.35,1.56,2.19,2.77,0,2.16,-0.04303757,-0.04555699,-0.07301414,-0.10656069,-0.077485,sell
2015-08-09,0.92,1.5,0.43,0,4.85,1.03,0.29,0.78,0.17,2.38,4.32,1,1.44,0,1.02,-0.05285273,-0.05234119,-0.03919484,-0.03583701,-0.046973,sell
2015-08-10,0.49,0.83,0.45,0,3.04,2.56,0.55,0.42,0.39,1.38,4.9,0.49,0.8,0,0.51,-0.04895364,-0.05152356,-0.04895364,-0.02402304,-0.048954,sell
2015-08-11,0.21,0.59,0.77,0,1.22,2.95,1.03,0.25,0.89,0.85,4.35,0.23,0.46,0,0.24,-0.03907242,-0.04147298,-0.03907242,-0.03907242,-0.039072,sell
2015-08-12,0.12,0.49,1.83,0,0.58,1.38,1.9,0.15,2.04,0.58,3.28,0.14,0.27,0.06,0.14, 0.00545110,-0.02753045, 0.02684779, 0.02645229, 0.005442,buy
2015-08-13,0.21,0.39,3.33,0,0.4,0.56,2.97,0.08,3.52,0.4,3.53,0.21,0.08,0.22,0.2,-0.02731732,-0.03949305,-0.00068659,-0.00225982,-0.016169,sell
2015-08-14,0.88,0.72,3.2,0,0.27,0.26,2.44,0,3.05,0.27,2.7,0.88,0,0.91,0.87, 0.00786147,-0.05140035, 0.02837193, 0.02380866, 0.009108,buy
2015-08-15,3,1.33,4.3,0,0.18,0.14,1.32,0,2.63,0.18,1.46,3,0,2.95,3, 0.03318822,-0.03327719, 0.03756936, 0.00578753, 0.032416,buy
2015-08-16,2.38,2.54,3.48,0.03,0.13,0.08,0.71,0.05,3.57,0.13,0.79,2.43,0.05,2.28,2.43, 0.04304071,-0.02050390, 0.05256762, 0.01644260, 0.043197,buy
2015-08-17,0.59,3.25,1.97,0.11,0.09,0.13,0.38,0.1,4.5,0.09,0.51,0.71,0.1,0.56,0.71, 0.00793175, 0.05253068, 0.00133507, 0.00999158,-0.029341,sell
2015-08-18,0.15,2.56,2.22,0.43,0,0.22,0.2,0.24,4.47,0.02,0.42,0.44,0.24,0.14,0.45,-0.01015937, 0.02022022,-0.01652386,-0.00500874,-0.073686,sell
2015-08-19,0,2.51,2.97,1.65,0,0.35,0.11,0.55,5.68,0.03,0.46,0.69,0.55,0,0.76, 0.08076298, 0.06845975, 0.03869991, 0.06675226, 0.047699,buy
2015-08-20,0,4.14,2.62,2.97,0.03,0.56,0,1.27,6.14,0.06,0.59,1.69,1.27,0,1.9, 0.06502031, 0.03985896, 0.04090834, 0.07830586, 0.051394,buy
2015-08-21,0.07,6.25,1.65,1.37,0.08,0.88,0,2.92,3.29,0.11,0.96,3.01,2.92,0,3.04,-0.06026834,-0.07254715,-0.06256020,-0.06247568,-0.045506,sell
2015-08-22,0.11,4.17,1.11,0.37,0.22,1.37,0.04,2.97,1.55,0.21,1.57,2.3,3.01,0.02,1.91, 0.01575942, 0.01355283, 0.01355283, 0.01387268, 0.022006,buy
2015-08-23,0.2,1.72,0.82,0.1,0.53,2.08,0.14,1.3,0.84,0.42,2.58,1.09,1.44,0.03,0.91,-0.03363488,-0.02801380,-0.03755626,-0.03817294,-0.003860,sell
2015-08-24,0.38,0.66,0.71,0,1.29,3,0.44,0.56,0.42,0.82,4.25,0.67,1,0.04,0.66,-0.06710664,-0.06367324,-0.06710664,-0.06270953,-0.064053,sell
2015-08-25,0.7,0.27,0.79,0,3.05,2.92,1.36,0.25,0.29,1.59,5.97,0.66,1.61,0.05,0.81, 0.03371945,-0.03997361, 0.03371945, 0.03852557, 0.032640,buy
2015-08-26,1.32,0,1.06,0,2.93,2.03,3,0.11,0.2,3.07,4.99,0.86,3.11,0.07,1.32, 0.01645261, 0.07491854, 0.01645261,-0.01518630, 0.052857,buy
2015-08-27,2.51,0,1.62,0,1.39,1.5,2.1,0,0.14,3.01,3.18,1.48,2.1,0.09,2.51,-0.01342203, 0.02966572, 0.00385122, 0.00142682,-0.012894,sell
2015-08-28,3.14,0,2.67,0,0.98,1.15,0.71,0,0.1,1.88,3.3,2.57,0.71,0.11,3.14,-0.01374249, 0.00003543, 0.00081117, 0.01040946,-0.060016,sell
2015-08-29,2.01,0,3.36,0,1.31,0.94,0.25,0,0,1.75,4.09,3.34,0.25,0.13,2.03,-0.02495133,-0.02509175, 0.00086249, 0.03194544,-0.035771,sell
2015-08-30,1.11,0,2.67,0,2.46,0.85,0.09,0,0,2.68,2.55,2.63,0.09,0.16,1.15,-0.00789940,-0.03085031,-0.00298171,-0.00213357, 0.002373,sell
2015-08-31,0.71,0,1.94,0,3.18,0.92,0,0,0.04,3.2,1.5,1.83,0,0.18,0.78, 0.00893029, 0.00927268, 0.00921351,-0.01267557,-0.003583,sell
2015-09-01,0.52,0,1.72,0.02,1.9,1.16,0,0,0.06,1.81,1.36,1.45,0,0.19,0.75, 0.00178798, 0.02446953, 0.02260481, 0.00330605, 0.029846,buy
2015-09-02,0.54,0,2.09,0.06,1.06,1.7,0,0,0.12,0.79,1.7,1.37,0,0.27,1.2,-0.00810939,-0.00813944,-0.01999577,-0.00267843, 0.002003,sell
2015-09-03,0.72,0,3.54,0.16,0.74,2.79,0,0.04,0.22,0.38,2.79,1.62,0,0.36,2.62,-0.01981039,-0.02398335,-0.02899891, 0.00197444,-0.014038,sell
2015-09-04,1.43,0,4.39,0.44,0.77,3.35,0,0.09,0.4,0.19,3.32,2.35,0.03,0.58,3.6,-0.01860161,-0.02052693,-0.02137224, 0.02551801,-0.003552,sell
2015-09-05,3.15,0,3.04,1.16,1.23,2.39,0,0.2,0.74,0.1,2.32,4.09,0.07,1.13,2.72, 0.00610265, 0.00193797, 0.01901735, 0.01347925,-0.005754,buy
2015-09-06,3.08,0,2.81,2.97,2.36,1.59,0,0.43,1.41,0,1.45,4.27,0.14,2.36,3.61, 0.02651589, 0.03159002, 0.00112032, 0.02515675, 0.023958,buy
2015-09-07,1.35,0,3.62,2.98,3.13,1.26,0,0.89,2.59,0,0.98,3.02,0.28,3.13,3.23, 0.01568753, 0.01771912, 0.00427671, 0.01443099, 0.015032,sell
2015-09-08,0.62,0,3.88,1.35,1.92,1.28,0,1.76,3.15,0,0.76,3.14,0.52,1.92,1.32,-0.04568597,-0.00726754, 0.01504103,-0.01055407,-0.040162,sell
2015-09-09,0.21,0.04,2.77,0.88,0.92,1.6,0,2.97,2.33,0,0.69,3.98,0.91,0.92,0.56,-0.05582088,-0.03389214,-0.00993692,-0.04417878,-0.055821,sell
2015-09-10,0.09,0.08,1.84,1.12,0.47,2.23,0,2.67,2.02,0,0.72,3.47,1.51,0.47,0.31,-0.04101482,-0.05248963,-0.01061640,-0.03959868,-0.050739,sell
2015-09-11,0,0.18,1.3,2.33,0.18,3.14,0,1.54,2.9,0,0.78,2.16,2.36,0.18,0.29,-0.01459770,-0.00534426,-0.01424979,-0.01979181,-0.019792,sell
2015-09-12,0,0.41,0.98,3,0.09,4,0,0.92,3.46,0,1,1.46,3,0.09,0.39,-0.03737305, 0.00360560,-0.05167174,-0.04788066,-0.051672,sell
2015-09-13,0,0.86,0.79,1.58,0,3.93,0,0.6,1.95,0,1.33,1.05,2.6,0,0.83,-0.00705072,-0.00659404,-0.00925933,-0.00925933,-0.009259,sell
2015-09-14,0,1.85,0.7,0.64,0,3.72,0,0.42,1.01,0,1.8,0.81,1.92,0,1.79, 0.01635470, 0.04092535, 0.01635470, 0.02515586,-0.001565,buy
2015-09-15,0,3.08,0.62,0.26,0,4.05,0,0.31,0.63,0,2.51,0.67,1.54,0,2.97, 0.04508621, 0.05522015, 0.04508621, 0.05873088,-0.019875,buy
2015-09-16,0,2.45,0.69,0.1,0,4.3,0,0.29,0.6,0,2.97,0.64,1.36,0,2.26, 0.00367815, 0.06654224, 0.00367815, 0.05153708,-0.039320,sell
2015-09-17,0,1.38,0.79,0,0.02,3.75,0.03,0.29,0.65,0,2.46,0.7,1.4,0,1.05,-0.03913860,-0.01028003,-0.03913860,-0.03872440,-0.033926,sell
2015-09-18,0,1.07,0.98,0,0.04,3.15,0.06,0.32,0.88,0,1.71,0.92,1.65,0,0.48,-0.02865134,-0.01286111,-0.03288831,-0.02865134,-0.022934,sell
2015-09-19,0,1.28,1.24,0,0.07,2.99,0.14,0.43,1.24,0,1.23,1.31,2.18,0,0.25,-0.03591378,-0.02935103,-0.02991038,-0.03817909,-0.036458,sell
2015-09-20,0,1.95,1.82,0,0.12,3.37,0.31,0.61,1.82,0,0.97,2.16,3.21,0.02,0.15,-0.03182984,-0.04426044,-0.03635308,-0.04856041,-0.032992,sell
2015-09-21,0,3.09,2.79,0,0.22,3.45,0.7,0.93,2.79,0,1.04,3.53,4.07,0.04,0.09,-0.03660962,-0.03212560,-0.02497844,-0.02251577,-0.016739,sell
2015-09-22,0,2.98,3.07,0,0.43,2.48,1.55,1.51,3.07,0.03,1.62,3.64,4.37,0.05,0.19,-0.04058734,-0.02430109,-0.03191707,-0.02821577,-0.021777,sell
2015-09-23,0,1.97,2.01,0,0.81,1.47,2.97,2.63,2.01,0.06,3.31,3.13,5.29,0.08,0.38,-0.04418630,-0.03875602,-0.04478362,-0.03959291,-0.041951,sell
2015-09-24,0,1.7,1.19,0.03,1.51,0.85,2.51,4.73,1.19,0.15,4.46,3.89,4.91,0.11,0.81,-0.03192565,-0.01983938,-0.04011397,-0.04110119,-0.040114,sell
2015-09-25,0,2.19,0.69,0.11,2.88,0.46,1.12,5.74,0.69,0.39,3.93,3.39,4.29,0.16,1.78,-0.01427950, 0.00274012,-0.02171004,-0.03375521,-0.032121,sell
2015-09-26,0,3.25,0.42,0.31,4.1,0.35,0.5,4.28,0.39,1.13,3.55,1.61,3.6,0.22,3.29,-0.03349515,-0.02205382,-0.02248561,-0.06903045,-0.021328,sell
2015-09-27,0,2.59,0.29,0.9,4.87,0.31,0.22,2.44,0.22,2.95,2.15,0.72,2.11,0.33,3.39, 0.02553407, 0.01016650, 0.02492821,-0.03692034, 0.004393,buy
2015-09-28,0,1.23,0.28,2.61,3.62,0.41,0.1,1.39,0.12,2.57,1.14,0.35,1.27,0.54,3.87,-0.02804601,-0.02642893,-0.02902945,-0.01486833,-0.027910,sell
2015-09-29,0,0.54,0.34,3.31,1.44,0.54,0,0.72,0,0.86,0.58,0.05,0.72,1.42,4.14,-0.00525675, 0.02286453, 0.00679073, 0.00022671, 0.000385,sell
2015-09-30,0,0.3,0.75,1.94,0.7,0.71,0,0.45,0,0.39,0.31,0.09,0.45,3.63,2.9, 0.11953578, 0.11032988, 0.10222279, 0.08985424, 0.109423,buy
2015-10-01,0,0.26,1.65,2.04,0.49,0.9,0.05,0.33,0,0.3,0.22,0.22,0.33,2.34,3.78, 0.08445940, 0.08190582, 0.07659729, 0.07617559, 0.078380,buy
2015-10-02,0,0.33,2.95,3.1,0.73,1.15,0.14,0.32,0,0.6,0.2,0.46,0.33,1.38,6.05, 0.00354183,-0.00517553, 0.01897449,-0.01767819,-0.009432,sell
2015-10-03,0,0.64,2.42,2.65,1.28,1.42,0.36,0.44,0,1.2,0.24,0.94,0.5,1.42,5.07, 0.00805378, 0.01238820, 0.01561006, 0.00336212,-0.006811,buy
2015-10-04,0,1.24,1.11,1.42,2.56,1.78,0.83,0.78,0,2.42,0.48,1.96,0.93,1.74,2.53,-0.03553988,-0.01197128, 0.02640553, 0.00699093, 0.006882,sell
2015-10-05,0,2.47,0.51,0.84,3.31,2.18,1.68,1.84,0,3,0.91,4.2,1.87,2.1,1.35,-0.01193928, 0.06079944, 0.05027171, 0.05764981, 0.066835,buy
2015-10-06,0.02,3,0.3,0.56,2.54,2.69,3,3.18,0.04,1.87,1.61,5.99,3.39,2.51,0.82, 0.01123047, 0.02605892, 0.01016013, 0.02605892, 0.051260,buy
2015-10-07,0.03,1.77,0.3,0.43,2.45,3.34,2.92,2.5,0.11,0.97,2.74,3.9,3.71,2.95,0.62,-0.00504362, 0.00395648,-0.00271235, 0.00395648, 0.044372,buy
2015-10-08,0.06,0.87,0.47,0.39,3.4,3.88,1.94,1.65,0.27,0.55,4.32,1.81,3.59,3,0.59, 0.00206896, 0.00724909, 0.00517930, 0.00206896,-0.005072,sell
2015-10-09,0.1,0.42,1.2,0.47,2.82,4.56,1.48,1.85,0.68,0.37,3.99,0.89,4.92,2.6,0.99, 0.01957610, 0.01006952, 0.02075549, 0.02075549, 0.006288,buy
2015-10-10,0.18,0.2,3.04,0.66,1.29,5.26,1.41,3.02,1.7,0.32,2.51,0.53,7.28,2.26,2, 0.00338063,-0.00216801,-0.01329850,-0.00216801,-0.000589,sell
2015-10-11,0.31,0.1,5.97,1.08,0.53,4,1.73,2.97,2.97,0.31,1.64,0.41,6.71,1.99,4.08,-0.01525656,-0.01055506,-0.02874047,-0.01070160, 0.015182,sell
2015-10-12,0.53,0,4.48,2.03,0.24,2.67,2.44,1.55,2.04,0.45,1.03,0.53,4.9,1.76,4.47,-0.01458713, 0.02381361,-0.02401229, 0.01565738, 0.028151,buy
2015-10-13,0.92,0,1.74,2.97,0.1,1.99,2.97,0.77,0.82,0.66,0.59,0.92,4.15,1.58,3.89, 0.03060868, 0.03732603, 0.02747030, 0.03732603, 0.072901,buy
2015-10-14,1.58,0,0.68,2.01,0,1.61,2.22,0.39,0.35,0.97,0.26,1.58,2.79,1.43,2.34, 0.06119236, 0.06586314, 0.06658220, 0.06015054, 0.090241,buy
2015-10-15,2.72,0,0.26,0.85,0,1.31,1.19,0.19,0.17,1.42,0.12,2.72,1.38,1.31,0.94, 0.06102012, 0.05772117, 0.06133328, 0.06133328, 0.061333,buy
2015-10-16,2.97,0,0,0.37,0,1.21,0.57,0.09,0.07,2.06,0,2.97,0.66,1.21,0.3, 0.04641411, 0.05297743, 0.04310775, 0.05297743, 0.049255,buy
2015-10-17,1.92,0,0,0.23,0,1.17,0.24,0,0.13,3.01,0,1.92,0.24,1.13,0.1, 0.02274914, 0.00559794,-0.00855897, 0.00559794, 0.005598,buy
2015-10-18,1.19,0,0,0.24,0.07,1.14,0.1,0,0.24,3.02,0.07,1.19,0.1,1.06,0, 0.01106226,-0.02593114,-0.01949238,-0.02593114,-0.025931,sell
2015-10-19,0.83,0,0.05,0.42,0.17,1.14,0,0.07,0.42,2.21,0.17,0.9,0,0.99,0.05, 0.00207645,-0.03666809, 0.00149878,-0.03666809,-0.037466,sell
2015-10-20,0.79,0.02,0.13,0.75,0.51,1.26,0,0.25,0.77,1.84,0.43,1.04,0.02,0.95,0.13,-0.01823482,-0.04874866, 0.00644833,-0.04874866,-0.038654,sell
2015-10-21,1.16,0.06,0.38,1.33,1.31,1.57,0,0.88,1.39,1.95,1.09,2.04,0.04,0.92,0.38, 0.01176813,-0.03348777,-0.03901152,-0.03255727,-0.024680,sell
2015-10-22,2.33,0.16,1.14,2.43,3.41,2.26,0,2.92,2.66,2.95,2.74,5.25,0.13,0.88,1.07, 0.00100299,-0.02072842,-0.01811310, 0.01375473,-0.024355,sell
2015-10-23,2.95,0.39,3.27,3.08,5.08,3.77,0,2.6,3.74,5.88,2.97,5.55,0.35,0.86,3,-0.03425024,-0.02716694,-0.03542068,-0.00513640,-0.000130,sell
2015-10-24,1.67,0.98,3.99,2.35,4.66,4.34,0,0.66,4.45,7.83,1.23,2.33,0.98,0.85,2.87,-0.00954864,-0.01976666,-0.05774870, 0.03333347,-0.010773,sell
2015-10-25,0.71,2.44,3.96,1.86,2.81,4.34,0,0.17,7.22,6.02,0.49,0.88,2.97,0.84,1.04, 0.00849512, 0.00778568,-0.05262421, 0.01565267,-0.026740,buy
2015-10-26,0.3,2.95,2.17,2.34,2.8,4.51,0,0,7.08,3.89,0.19,0.3,5.19,0.83,0.38,-0.00292085,-0.00400916,-0.04735649,-0.00429401,-0.047704,sell
2015-10-27,0.12,1.42,0.55,3.34,3.1,2.33,0,0,5.17,1.81,0,0.12,4.14,0.84,0.14, 0.05050692, 0.05050692, 0.03042190, 0.04500701, 0.030422,buy
2015-10-28,0,0.58,0.1,2.27,1.77,1.31,0,0,2.95,0.78,0,0,2.06,0.85,0, 0.05178841, 0.06264096, 0.01106518, 0.05540139, 0.049781,buy
2015-10-29,0,0.23,0.04,0.93,0.86,0.86,0,0,1.16,0.29,0.06,0,0.8,0.86,0.04,-0.08330738,-0.07167659,-0.08900727,-0.10269226,-0.085128,sell
2015-10-30,0,0.09,0.18,0.32,0.62,0.88,0,0,0.41,0.14,0.26,0,0.36,0.88,0.18,-0.10418647,-0.10058812,-0.09667327,-0.09786408,-0.085225,sell
2015-10-31,0,0.05,0.84,0.13,1.33,1.03,0.03,0,0.18,0.09,1.19,0.03,0.16,0.92,0.84,-0.10249625,-0.11855397,-0.11789586,-0.09601640,-0.085786,sell
2015-11-01,0,0.28,2.92,0,3.01,1.33,0.08,0,0.24,0.34,3.04,0.08,0.04,0.94,2.96, 0.02075856, 0.01731485, 0.01053367, 0.03085308, 0.012710,buy
2015-11-02,0,1.19,2.1,0.06,1.75,2.4,0.18,0,1.09,1.29,1.79,0.18,0.17,0.98,2.26, 0.04744907, 0.02799054, 0.02494115, 0.05199663, 0.046739,buy
2015-11-03,0,3.21,0.44,0.15,1.02,4.28,0.43,0,2.95,2.92,0.86,0.43,0.68,1.03,0.85, 0.00092607,-0.06835115,-0.00131649,-0.08353449, 0.015293,buy
2015-11-04,0.04,2.41,0.09,0.35,2.7,3.69,1.07,0,1.78,1.8,1.28,1.04,2.7,1.08,1.11, 0.05028733,-0.02579194,-0.01247152,-0.03353309, 0.047297,sell
2015-11-05,0.09,2.13,0,0.87,3,3.76,2.55,0,0.48,0.53,3.21,2.49,3,1.15,2.61,-0.05834768,-0.05696566,-0.03994983,-0.05205279, 0.037809,sell
2015-11-06,0.22,3.06,0,2.17,0.81,4.29,3.13,0,0.31,0.26,5.65,3,0.81,1.21,5.14,-0.06288077,-0.06169432,-0.06288077,-0.06288077, 0.019493,sell
2015-11-07,0.54,1.98,0,3.63,0.2,2.93,1.8,0,0.54,0.28,5.43,1.52,0.2,1.29,5.61,-0.01569461,-0.02245521,-0.00562586,-0.02245521,-0.006415,sell
2015-11-08,1.34,1.03,0,2.95,0,2.33,1.57,0,1.34,0.59,3.85,0.93,0.05,1.41,3.98,-0.00861620,-0.00861620,-0.00311673,-0.00861620, 0.025770,sell
2015-11-09,3.02,1.51,0,2.75,0,3.25,3.01,0,3.02,1.28,4.97,1.62,0.11,1.52,4.26,-0.04979010,-0.05195394,-0.04012173,-0.04012173,-0.023212,sell
2015-11-10,2.82,3.09,0,3.21,0,4.65,6.1,0,2.82,2.78,6.25,3.05,0.27,1.68,6.3,-0.00262327,-0.00381897,-0.00262327,-0.00262327, 0.022122,buy
2015-11-11,2.06,1.62,0,2.51,0,2.95,5.4,0,2.06,3.26,3.09,1.5,0.64,1.86,4.13,-0.07625963,-0.07931114,-0.07625963,-0.07747778,-0.077478,sell
2015-11-12,3.37,0.38,0,1.38,0,2.13,4.5,0,3.37,2.57,1.31,0.36,1.57,2.1,1.76,-0.01590093,-0.02316218,-0.01167106,-0.04107959,-0.011671,sell
2015-11-13,2.11,0.09,0,0.8,0,2.03,6.75,0,2.11,3.65,0.57,0.09,3.01,2.47,0.89, 0.02351017, 0.01483672, 0.00507642,-0.07509231,-0.006650,buy
2015-11-14,0.45,0,0,0.47,0,2.22,4.93,0,0.45,2.53,0.32,0,2.4,2.96,0.47,-0.01793180, 0.00415733,-0.03501928,-0.08830747,-0.030939,sell
2015-11-15,0.14,0,0,0.28,0,2.42,1.85,0.02,0.11,0.75,0.22,0.02,1.06,3.67,0.31,-0.03418403, 0.00361265, 0.00229455,-0.03195906, 0.003613,sell
2015-11-16,0.06,0,0,0.16,0,2.77,0.88,0.05,0,0.16,0.29,0.15,0.53,4.81,0.22,-0.04667973,-0.03526797,-0.03570493,-0.03702773,-0.047794,sell
2015-11-17,0.33,0,0,0.1,0,3.26,0.99,0.14,0,0,0.61,0.45,0.38,5.95,0.43,-0.04947061,-0.04917678,-0.04528141,-0.03834738,-0.049727,sell
2015-11-18,1.06,0,0.02,0,0,4.03,2.46,0.37,0.02,0,2.14,1.4,0.32,5.44,1.06,-0.04581248,-0.04438621,-0.03465830,-0.03333594,-0.049632,sell
2015-11-19,3.63,0,0.06,0,0,6.37,5.31,0.99,0.06,0,4.82,4.59,0.49,4.24,3.63,-0.03888915,-0.02482653,-0.01691559,-0.02943746,-0.008546,sell
2015-11-20,4.92,0,0.15,0,0,7.4,5.08,2.65,0.15,0,4.33,7.56,0.75,3.37,4.92,-0.00442846, 0.01091449, 0.00660177, 0.00660177, 0.015122,sell
2015-11-21,3.78,0,0.42,0,0.03,5.98,3.29,3,0.42,0.03,2.14,6.74,1.2,2.77,3.78,-0.02302140,-0.01481066, 0.01584777, 0.00767575, 0.019522,buy
2015-11-22,2.09,0,1.17,0,0.07,4.02,2.47,1.22,1.17,0.07,0.71,3.23,1.92,2.33,2.09,-0.03660620,-0.01621577,-0.03277648,-0.03277648,-0.015791,sell
2015-11-23,0.82,0,2.95,0,0.18,2.6,2.97,0.45,2.95,0.18,0.27,1.2,3.37,1.99,0.82,-0.05648004,-0.04779996,-0.05648004,-0.05648004,-0.053645,sell
2015-11-24,0.35,0,2.7,0,0.45,2.03,3.11,0.17,2.7,0.45,0.11,0.48,5.34,1.73,0.35,-0.01155405,-0.02329471,-0.02908266,-0.01570916,-0.036974,sell
2015-11-25,0.15,0,0.97,0,1.12,1.84,2.16,0,0.97,1.12,0,0.13,5.53,1.43,0.15, 0.07268617, 0.02544539,-0.02621919, 0.07362218, 0.014058,sell
2015-11-26,0,0,0.35,0,2.83,1.96,1.42,0.02,0.35,2.77,0,0.08,3.47,1.26,0, 0.05141548, 0.04945893, 0.05391016, 0.06796725, 0.004397,buy
2015-11-27,0,0,0.12,0,3.22,2.89,0.92,0.04,0.12,2.97,0,0.29,3.56,1.13,0, 0.00763326, 0.00763326, 0.00800415, 0.04789257,-0.019660,buy
2015-11-28,0,0,0,0,2.27,3.99,0.61,0.13,0.07,1.24,0.05,1.04,4.91,0.99,0, 0.00299585,-0.02396995,-0.05765887,-0.00261101,-0.030535,sell
2015-11-29,0,0,0.02,0,3.57,2.84,0.4,0.38,0.28,0.5,0.15,3.02,5.23,0.88,0.02, 0.05258025, 0.06214393, 0.05425504, 0.05592663, 0.055927,buy
2015-11-30,0,0,0.05,0,2.84,1.54,0.26,1.32,1.13,0.22,0.43,2.38,4,0.77,0.05, 0.07313444, 0.06378975, 0.07659331, 0.07313444, 0.054234,buy
2015-12-01,0,0,0.15,0,1.89,0.98,0.17,3.37,3.02,0.11,1.27,0.88,1.85,0.67,0.13,-0.02610219,-0.04869013,-0.04636083,-0.02873133,-0.046838,sell
2015-12-02,0,0.05,0.36,0,3.26,0.71,0.11,2.71,1.97,0.39,3,0.69,0.84,0.59,0.33,-0.03639329,-0.05844172,-0.05454332,-0.03278246,-0.090597,sell
2015-12-03,0,0.15,0.88,0,2.54,0.51,0,2.64,0.71,1.43,2.26,0.99,0.28,0.51,0.82, 0.05044668, 0.05101799, 0.05879348, 0.08976749, 0.034295,buy
2015-12-04,0,0.41,2.14,0,1.43,0.45,0,4.35,0.68,2.97,0.81,1.83,0.12,0.45,2.04, 0.02013202,-0.00881348, 0.01979779, 0.01175887,-0.023909,buy
2015-12-05,0,1.18,3.16,0,1.85,0.39,0,3.82,1.47,1.65,0.4,3.49,0,0.39,3,-0.03467975,-0.03467975,-0.01014116,-0.03467975,-0.043670,sell
2015-12-06,0,2.95,1.97,0,3.06,0.39,0,4.39,3.55,0.5,0.7,5.97,0,0.34,1.7, 0.02755689, 0.02259779, 0.03344035, 0.01975838, 0.038212,buy
2015-12-07,0,2.58,1.13,0,2.29,0.44,0,6.37,3.84,0.26,2.53,5.08,0.03,0.3,0.77, 0.04973406, 0.05733933, 0.05541947, 0.05595794, 0.058156,buy
2015-12-08,0,0.91,1.03,0,1.02,0.62,0,7.04,3.65,0.39,3,2.65,0.08,0.26,0.59,-0.01881373,-0.01167647,-0.00728572,-0.00728572,-0.013551,sell
2015-12-09,0,0.32,1.35,0,0.6,1.18,0,5.94,4.53,1.02,0.82,1.44,0.21,0.22,1.15,-0.01636511, 0.02463935, 0.00592504, 0.02904149,-0.013385,sell
2015-12-10,0,0.11,2.08,0,0.71,2.76,0,5.74,3.96,2.69,0.23,0.8,0.53,0.19,3,-0.01086178, 0.04636208, 0.04176959, 0.00649960,-0.016008,sell
2015-12-11,0,0,2.97,0,1.42,3.27,0,3.92,3.7,3.36,0.11,0.4,1.38,0.16,2.47, 0.00070452, 0.03466634, 0.01945907, 0.00254869,-0.018824,buy
2015-12-12,0,0,2.58,0,3.01,1.75,0.03,2.01,2.88,2.07,0.34,0.27,2.95,0.14,0.73,-0.01295528, 0.05995231,-0.02014523, 0.05586030,-0.017270,sell
2015-12-13,0,0,1.55,0,2.68,1.64,0.08,2.24,1.67,2.28,1.08,0.23,2.59,0.12,0.22,-0.00046580, 0.03289531,-0.04331144, 0.00949897,-0.005299,buy
2015-12-14,0,0.03,0.95,0,1.67,3.31,0.22,3.18,0.95,3.32,3.09,0.31,1.56,0.1,0.03, 0.01601746, 0.08192561, 0.00087683, 0.07839803, 0.016017,buy
2015-12-15,0.06,0.06,0.57,0,2.7,2.87,0.62,2.44,0.63,2.42,2.98,0.64,2.52,0.09,0.06, 0.02902299, 0.07650208,-0.00197548, 0.07539680, 0.007644,buy
2015-12-16,0.18,0.15,0.35,0,3.46,0.97,1.76,1.57,0.53,1.29,1.54,1.84,3.17,0,0.15,-0.05229091,-0.05055595,-0.03750055,-0.03155965,-0.044000,sell
2015-12-17,0.51,0.36,0.21,0,1.74,0.39,2.95,2.05,0.72,0.95,1.97,3.24,1.26,0,0.36,-0.01259325,-0.04296159,-0.04371539,-0.03494340,-0.053362,sell
2015-12-18,1.46,0.86,0.13,0,1.24,0.23,1.84,3.17,1.7,1.04,3.13,2.78,0.47,0,0.86,-0.06071496,-0.02055233,-0.02055233,-0.05221005,-0.016838,buy
2015-12-19,2.95,2.04,0,0,1.53,0.2,1.04,2.06,3.34,1.4,2.09,3.59,0.3,0,2.07, 0.02988734, 0.10173516, 0.09986718, 0.08136145, 0.037887,buy
2015-12-20,2.06,2.95,0,0,2.26,0.3,1.7,0.83,3.45,2.25,0.87,2.52,0.3,0,3.01, 0.03473532, 0.05303613, 0.05217334, 0.05235407, 0.035681,buy
2015-12-21,0.72,1.77,0,0,3.17,0.46,3.19,0.41,3.67,3.24,0.47,0.65,0.46,0,1.88,-0.07425863,-0.04755777,-0.10410611,-0.10410611,-0.079721,sell
2015-12-22,0.36,0.75,0,0,2.89,0.68,2.46,0.34,2.01,3.37,0.44,0.19,0.68,0,0.98, 0.00118770,-0.02896151,-0.07253717,-0.05991790,-0.052838,sell
2015-12-23,0.45,0.32,0,0,2.15,1.07,2.5,0.46,0.61,3.87,0.62,0,1.07,0,0.78, 0.03244845,-0.01621465,-0.04570074, 0.00317525,-0.016433,buy
2015-12-24,1.21,0.13,0,0,1.91,1.67,3.5,0.92,0.16,5.17,1.29,0,1.67,0,1.05, 0.02888151, 0.02532392, 0.01235745, 0.01066273, 0.030566,buy
2015-12-25,3.21,0,0,0,2.17,2.66,2.7,1.84,0,5.27,2.81,0,2.66,0,1.84, 0.01906928,-0.00174732, 0.00712641, 0.00814475,-0.001908,sell
2015-12-26,3.27,0,0,0,3.08,4.05,3.53,2.97,0,3.52,6.34,0.09,3.98,0,2.97, 0.03523955,-0.03039236, 0.03523955,-0.03878977,-0.027239,sell
2015-12-27,3.09,0,0,0,3.27,5.28,2.88,2.4,0,1.36,7.84,0.26,5.06,0,2.4, 0.05530892, 0.01078479, 0.05530892, 0.00034591, 0.025181,buy
2015-12-28,3.3,0.02,0,0,2.17,5.44,0.87,1.22,0.02,0.49,5.76,0.74,4.79,0,1.22, 0.02404162, 0.02404162, 0.02404162, 0.02143345, 0.059366,buy
2015-12-29,1.56,0.04,0,0,1.42,4.78,0.28,0.62,0.08,0.23,2.83,2.1,2.84,0,0.62, 0.01099264, 0.01099264, 0.01099264, 0.02289492, 0.046728,buy
2015-12-30,0.6,0.06,0,0,1.1,4.53,0.09,0.32,0.15,0,1.29,3,1.9,0,0.36, 0.01436431, 0.01694163, 0.03848234, 0.03848234, 0.038502,buy
2015-12-31,0.33,0.09,0,0,1.4,2.45,0,0.16,0.26,0,0.61,1.46,1.88,0,0.25, 0.07836732,-0.00494818, 0.05070844, 0.01380884, 0.049328,buy
2016-01-01,0.31,0.14,0,0,2.54,1.33,0,0,0.44,0,0.33,0.58,2.85,0,0.2, 0.07527133,-0.00065347, 0.03948630, 0.02076981, 0.064681,buy
2016-01-02,0.47,0.23,0,0,3.08,0.98,0.02,0,0.72,0,0.13,0.35,3.29,0,0.47, 0.05358924,-0.01185971, 0.02846048,-0.00038461, 0.047599,buy
2016-01-03,1.09,0.36,0,0,1.67,0.79,0.05,0,1.04,0,0,0.44,1.83,0,1.09,-0.00907342, 0.00358397,-0.00855405,-0.02787687,-0.003272,sell
2016-01-04,2.49,0.58,0,0,0.74,0.84,0.13,0,1.43,0,0,1.06,0.9,0,2.5, 0.00780595, 0.01901935, 0.01369142, 0.01798206, 0.026255,buy
2016-01-05,2.95,0.91,0,0,0.33,0.74,0.3,0,1.95,0,0,2.56,0.45,0,2.95, 0.04201667, 0.03773145, 0.03339144, 0.02605208, 0.037731,buy
2016-01-06,1.54,1.44,0,0,0.14,0.79,0.72,0,2.87,0,0.02,2.95,0.55,0,1.52, 0.02315854, 0.03782749, 0.02915242, 0.03008729, 0.059788,buy
2016-01-07,0.69,2.28,0.02,0,0.04,0.71,1.73,0,4.6,0,0.03,1.46,1.02,0,0.68,-0.00777551,-0.00662440,-0.00613203,-0.00662440, 0.037124,buy
2016-01-08,0.36,2.97,0.03,0,0.12,0.66,2.97,0,6.35,0.06,0.04,0.71,2.64,0,0.32, 0.02439993, 0.03253251, 0.03249812, 0.02439993, 0.042350,buy
2016-01-09,0.29,2.47,0.03,0,0.36,0.75,2.1,0.04,4.84,0.12,0.08,0.6,3.45,0,0.16, 0.02309903, 0.03666590, 0.02276967, 0.03080937, 0.043790,buy
2016-01-10,0.45,1.58,0.04,0,1.03,1.38,0.88,0.12,2.69,0.3,0.22,1.13,2.52,0,0.04,-0.01470711, 0.02358949, 0.02296698, 0.02498767, 0.002547,buy
2016-01-11,1.12,1,0.05,0,2.97,3.14,0.36,0.34,1.7,0.69,0.57,2.95,3.49,0.02,0.05,-0.05098347,-0.05373094,-0.01866019,-0.01461113,-0.020137,sell
2016-01-12,2.97,0.64,0.06,0,2.94,2.75,0.15,0.98,1.77,1.65,1.55,2.92,2.7,0.12,0.06, 0.03667580, 0.03347896, 0.03365516, 0.04948262, 0.051325,buy
2016-01-13,7.41,0.41,0.07,0,1.03,1.22,0,2.85,3.23,4.11,3.71,1,0.84,0.84,0.07,-0.04169233,-0.05483356,-0.04620951,-0.05428430,-0.051076,sell
2016-01-14,9.36,0.27,0.09,0,0.38,1,0.02,3.03,3.24,6.02,4.04,0.35,0.38,3,0.09,-0.00764436, 0.00304520, 0.00237223,-0.01000886,-0.010009,sell
2016-01-15,7.81,0.17,0.11,0,0.16,1.35,0.08,1.36,1.32,5.18,3.94,0.12,0.33,1.3,0.11,-0.04092280,-0.00747750,-0.01088205,-0.04196896,-0.039213,sell
2016-01-16,3.74,0.11,0.13,0,0.06,2.44,0.27,1.27,0.75,3.61,2.71,0.03,0.78,0.2,0.13, 0.06259063, 0.00848528, 0.04792449, 0.06259063, 0.018683,buy
2016-01-17,1.3,0,0.15,0,0.08,4.55,0.82,2.92,0.97,5.05,1.83,0.09,1.77,0.05,0.15, 0.04458584, 0.09727968,-0.03099563,-0.00871921, 0.040328,buy
2016-01-18,0.42,0,0.18,0,0.12,6.89,2.24,4.62,2.28,6.06,2.83,0.25,3.05,0.07,0.18, 0.10862105, 0.11426633, 0.06504756, 0.04021468, 0.100284,buy
2016-01-19,0.11,0,0.22,0,0.21,6.14,2.92,4.19,3.01,3.62,4.53,0.6,2.33,0.08,0.22, 0.07146103, 0.08910225, 0.06462938, 0.04589229, 0.071159,buy
2016-01-20,0,0,0.26,0,0.32,5.11,1.58,2.12,1.8,1.84,4.14,1.27,1.21,0.09,0.31,-0.00034729, 0.03541151, 0.03541151, 0.04001689, 0.040017,buy
2016-01-21,0,0,0.3,0,0.5,4.84,0.75,0.78,1.28,1.01,3.53,2.36,0.82,0.11,0.42, 0.00186356, 0.04236731, 0.06987408, 0.03682178, 0.038094,buy
2016-01-22,0,0,0.35,0,0.78,4.14,0.42,0.43,1.66,0.53,2.33,3.02,0.83,0.14,0.61,-0.01289142, 0.00771205, 0.06288100,-0.00518050, 0.009892,sell
2016-01-23,0,0.06,0.41,0,1.12,4.61,0.28,0.47,3.24,0.38,1.29,2.36,0.95,0.17,0.88, 0.02452869, 0.03885346, 0.07253999,-0.00161386, 0.037877,buy
2016-01-24,0,0.18,0.48,0,1.48,3.85,0.23,0.78,3.06,0.33,0.81,1.71,1.28,0.2,1.26,-0.00087987,-0.00083540, 0.00648883,-0.06018563,-0.002131,buy
2016-01-25,0,0.47,0.56,0,1.85,1.81,0.23,1.12,1.36,0.5,0.56,1.43,1.61,0.24,1.68, 0.00266160,-0.03078462,-0.01298858, 0.00354123,-0.010791,sell
2016-01-26,0,1.22,0.65,0,2.24,0.79,0.26,1.43,0.64,0.98,0.52,1.42,1.94,0.3,2.08, 0.00751597,-0.03890056, 0.00751597, 0.00760642, 0.007516,buy
2016-01-27,0.02,3.22,0.74,0,2.71,0.39,0.35,1.64,0.39,2.58,0.81,1.68,2.35,0.36,2.38, 0.00486746,-0.00862358, 0.00044810,-0.08348699,-0.007854,buy
2016-01-28,0.03,4.61,0.85,0,3.32,0.19,0.52,1.71,0.31,2.97,1.74,2.21,2.91,0.43,2.56,-0.05954608,-0.06008276,-0.06994994,-0.10983677,-0.061897,sell
2016-01-29,0.04,4.26,0.97,0,4.18,0,0.8,1.71,0.3,1.29,2.97,3.14,3.71,0.52,2.7,-0.07320597,-0.08300244,-0.08288145,-0.10480387,-0.082881,sell
2016-01-30,0.07,2.52,1.1,0,4.19,0,1.25,1.62,0.46,0.49,2.03,3.7,3.68,0.64,2.75,-0.10708307,-0.08585500,-0.07613603,-0.09655266,-0.073642,sell
2016-01-31,0.13,0.97,1.24,0,3.33,0,2.05,1.41,0.73,0.22,0.78,3.28,2.78,0.79,2.71,-0.00192439,-0.02987585,-0.00238415,-0.05301585,-0.014906,sell
2016-02-01,0.2,0.3,1.41,0,2.94,0,3.5,1.17,1.26,0.05,0.3,3.08,2.53,0.96,2.68, 0.02395833, 0.03972129, 0.02346673,-0.03168431, 0.003100,buy
2016-02-02,0.33,0.12,1.56,0,3.16,0,6.2,0.92,2.26,0.11,0.12,3.57,3.23,1.18,2.66,-0.00128270, 0.02328041,-0.00031696,-0.01774645,-0.010658,sell
2016-02-03,0.61,0,1.76,0,4.47,0,9.32,0.75,3.38,0.26,0.05,4.39,5.27,1.42,2.84,-0.01413141,-0.01406239,-0.00295624,-0.00418036,-0.004180,sell
2016-02-04,1.15,0,1.96,0,6.96,0,7.7,0.73,2.86,0.58,0.12,5.19,5.86,1.73,3.28,-0.00210217,-0.00228243, 0.00566006, 0.00330801, 0.010417,sell
2016-02-05,2.37,0,2.18,0,7.64,0,5.01,0.97,2.29,1.43,0.29,7.4,3.29,2.09,4.19,-0.02507783,-0.02395885,-0.03221547,-0.03503564,-0.025491,sell
2016-02-06,4.78,0,2.47,0,6.43,0,4.62,1.69,2.95,3.19,0.74,6.2,1.37,2.55,5.94,-0.01228610, 0.00293156,-0.03738240,-0.01690064, 0.007802,sell
2016-02-07,6.02,0,2.83,0,6.24,0,6.14,3.09,5.47,2.92,1.97,2.71,0.6,3.06,8.68, 0.02835977, 0.01271989, 0.03147477, 0.02835977, 0.016806,buy
2016-02-08,6.76,0,3.46,0,6.49,0.02,6.6,2.65,8.21,2.2,3.22,1.23,0.3,2.95,8.24, 0.02369765, 0.01834658, 0.02854472, 0.02369765, 0.011276,buy
2016-02-09,7.29,0,4.53,0,4.55,0.05,3.9,1.23,6.56,3.96,2.33,0.61,0.05,2.42,5.75, 0.01607749, 0.00062512, 0.00624517, 0.01129708, 0.005901,sell
2016-02-10,7.61,0,6.39,0,2.84,0.13,2.41,0.57,4.2,6.72,2.42,0.22,0.13,1.99,4.27, 0.04052132, 0.02655354, 0.00305337, 0.02655354, 0.026679,buy
2016-02-11,6.44,0,6.66,0,1.98,0.36,2.11,0.27,2.47,4.93,4.91,0.15,0.36,1.62,3.38, 0.07972066, 0.08166930, 0.06208615, 0.08166930, 0.080198,buy
2016-02-12,4.21,0,6.31,0,1.48,1.06,2.49,0.12,1.5,3.15,5.71,0.1,1.04,1.33,2.84, 0.03825564, 0.04245744, 0.04409102, 0.05035081, 0.038256,buy
2016-02-13,1.82,0,4.74,0,1.1,3.01,3.62,0,0.98,3.46,3.38,0,2.95,1.1,2.42,-0.05069082, 0.02590004,-0.00750727,-0.01654650,-0.027488,buy
2016-02-14,0.9,0.04,3.08,0,0.9,3.4,3.76,0,0.82,3.12,1.8,0,3.23,0.9,2.21,-0.11063915, 0.03908526,-0.02577320,-0.06148062,-0.061481,sell
2016-02-15,0.45,0.15,2.31,0,0.73,2.23,2.9,0,0.95,1.92,1.45,0.04,1.69,0.73,1.99,-0.12048584, 0.00919006,-0.02916734,-0.07081322,-0.066409,sell
2016-02-16,0.32,0.59,1.99,0,0.6,3.9,2.85,0,1.88,1.6,1.96,0.1,2.24,0.6,1.87,-0.08485893,-0.00819133,-0.04179753,-0.08842990,-0.090759,sell
2016-02-17,0.22,2.18,1.77,0,0.49,6.39,3.42,0,3.3,2.59,3.01,0.23,3.08,0.49,1.77, 0.00440715, 0.06257328, 0.01975750,-0.01504906, 0.074658,buy
2016-02-18,0.16,3.9,1.68,0,0.4,4.27,3.37,0,2.27,3.46,3.81,0.55,1.61,0.4,1.68, 0.08779328, 0.05931736, 0.05338527, 0.08902385, 0.127710,buy
2016-02-19,0.11,4.71,1.61,0,0.33,3.32,2.28,0,1.56,1.93,5.06,1.31,0.56,0.33,1.61, 0.11214565, 0.06233282, 0.05336680, 0.08907946, 0.115907,buy
2016-02-20,0,4.94,1.54,0,0.27,5.83,1.47,0,2.68,2.05,4.36,2.95,0.2,0.27,1.54, 0.06382504, 0.01928232, 0.04788754, 0.06571955, 0.106043,buy
2016-02-21,0,4.27,1.5,0,0.22,5.77,0.99,0,3,3.04,2.18,2.77,0.04,0.22,1.5,-0.03499342,-0.03576390,-0.03510154,-0.03515568, 0.030261,sell
2016-02-22,0,3.49,1.44,0,0.23,2.37,0.71,0,1.2,1.61,2.44,1.2,0.15,0.18,1.46, 0.05697673, 0.03260320, 0.01749394, 0.02513865, 0.034446,buy
2016-02-23,0,3.43,1.41,0,0.33,0.94,0.88,0,0.42,0.48,3.31,0.67,0.52,0.14,1.45, 0.06464627, 0.01023710, 0.00500021, 0.00891246, 0.007152,sell
2016-02-24,0,1.78,1.37,0,0.81,0.41,2.08,0,0.15,0.14,1.88,0.89,1.84,0.12,1.43, 0.01975131, 0.05543439, 0.04955494, 0.05832481, 0.042175,buy
2016-02-25,0,0.52,1.52,0,2.8,0.13,3.2,0,0.13,0.18,0.68,2.59,3.04,0.1,1.45, 0.03789990, 0.03789990, 0.04132781,-0.04154897, 0.034088,buy
2016-02-26,0,0.16,2.16,0,3.51,0.22,1.48,0,0.47,0.78,0.32,3.07,1.38,0,1.51, 0.03729576, 0.04279827, 0.03883346, 0.00407743, 0.037296,buy
2016-02-27,0,0,4.51,0,2.74,0.37,0.67,0,1.73,2.97,0.23,1.06,0.67,0,1.63, 0.04387362, 0.07508446, 0.05079304, 0.05324742, 0.067401,buy
2016-02-28,0,0,4.81,0,3.6,0.62,1.04,0,2.99,2.53,0.97,0.68,1.02,0,1.88, 0.04019553, 0.04897783, 0.06476066, 0.06082077, 0.062153,buy
2016-02-29,0,0,4.96,0,2.47,1.01,2.78,0.03,1.35,0.69,2.95,1.21,2.75,0,2.3,-0.10393217,-0.03924506,-0.06790952,-0.02504342,-0.080102,sell
2016-03-01,0,0,3.97,0,3.45,1.71,3.21,0.07,0.48,0.58,2.06,3.13,3.07,0,3.09,-0.06516902,-0.03300028,-0.05816019,-0.04108562,-0.063045,sell
2016-03-02,0,0,3.47,0,3.09,2.88,1.69,0.17,0.49,1.55,0.56,2.85,1.26,0,4.59,-0.01244680,-0.02187956, 0.04126023,-0.01409044,-0.012361,sell
2016-03-03,0,0,4.75,0.03,2.03,3.28,2.09,0.41,1.15,3.03,0.37,1.37,0.78,0,5.89, 0.01142634, 0.03500486, 0.08162906, 0.01961388,-0.024184,buy
2016-03-04,0,0,3.88,0.09,3.3,2.51,3.5,0.98,3,1.73,0.81,1.31,1.11,0,6.3, 0.02393229, 0.05699096, 0.06228277, 0.04892803,-0.069722,buy
2016-03-05,0,0,4.52,0.24,2.75,2.69,2.86,2.32,2.69,0.73,2.56,2.66,2.32,0,4.46, 0.01783000, 0.03395814, 0.03954995, 0.01921068,-0.092544,buy
2016-03-06,0,0,4.63,0.69,0.92,4.25,3.05,3,1.01,0.8,2.98,6.03,3,0,2.81,-0.09627929,-0.10766390,-0.06236042,-0.10761510,-0.118801,sell
2016-03-07,0,0,2.65,1.89,0.32,3.07,3.17,1.56,0.52,1.82,1.13,5.63,1.56,0,2.2,-0.02435950,-0.05194643,-0.00176825,-0.04007307,-0.074933,sell
2016-03-08,0,0,2.02,3.14,0.11,1.82,1.53,0.66,0.58,2.97,0.51,3.07,0.66,0,1.96, 0.04540056,-0.06633345, 0.02646503, 0.05743003, 0.002502,buy
2016-03-09,0,0,1.88,2.17,0,1.84,0.72,0.28,1.08,1.73,0.55,2.32,0.28,0,2.01, 0.04661265,-0.02934712, 0.04003515, 0.05073430, 0.018327,buy
2016-03-10,0,0,1.9,1.77,0,2.19,0.46,0.12,2.49,0.63,1.14,2.45,0.12,0,2.1,-0.04546790,-0.07516187,-0.05527341,-0.06558536, 0.042229,sell
2016-03-11,0,0,2.03,3.1,0,3.05,0.53,0.03,2.95,0.23,2.87,3.16,0.03,0,2.45, 0.00937897, 0.02661548, 0.02547442, 0.02857952, 0.055942,buy
2016-03-12,0,0,2.2,3.04,0,3.84,0.94,0.16,1.51,0.04,3,3.83,0.16,0,3.15, 0.01705701, 0.04392598, 0.05520018, 0.04349974, 0.075075,buy
2016-03-13,0,0,2.38,1.43,0,4.99,2.15,0.76,0.66,0.24,1.19,5.07,0.76,0,4.45, 0.01827000,-0.03932444, 0.01813889, 0.02451287,-0.056398,buy
2016-03-14,0,0,2.6,1.86,0,5.71,4.71,2.92,0.34,1.37,0.49,6.51,2.92,0,6.51,-0.04346216,-0.07363447,-0.02852639, 0.00478219,-0.112685,sell
2016-03-15,0,0,2.84,3.27,0,5.6,5.29,2.2,0.35,2.92,0.35,5.6,2.2,0,8.13, 0.01063334,-0.00471512, 0.00889175, 0.03997226,-0.034207,buy
2016-03-16,0,0,3,2,0,4.03,2.08,0.43,1.13,1.06,0.94,2.45,0.43,0,6.66, 0.04794001, 0.05803946, 0.06459587, 0.07569633, 0.024942,buy
2016-03-17,0,0,2.84,3.15,0,1.66,0.72,0,2.89,0.18,2.97,1.14,0,0,4.08, 0.02664656,-0.06632000,-0.02149884,-0.07379243, 0.031399,buy
2016-03-18,0,0,2.56,1.58,0.02,0.83,0.26,0,1.47,0,1.58,0.64,0,0.05,3.03,-0.00468922,-0.07584833,-0.07584833,-0.06881586,-0.045262,sell
2016-03-19,0,0,2.28,0.28,0.03,0.5,0.13,0,0.29,0,0.28,0.5,0,0.1,2.44, 0.03745414, 0.00776533, 0.03702007, 0.02037017, 0.018592,buy
2016-03-20,0,0,2.03,0,0.05,0.39,0,0,0,0,0,0.39,0,0.24,2.08,-0.00779881,-0.03693689, 0.00356124,-0.01662114,-0.026413,sell
2016-03-21,0,0,1.76,0,0.08,0.31,0,0.05,0,0,0,0.31,0.05,0.57,1.84,-0.00575712,-0.05518689,-0.00391314,-0.03582211,-0.034559,sell
2016-03-22,0,0,1.54,0.14,0.19,0.25,0.07,0.15,0,0.14,0,0.32,0.15,1.37,1.73,-0.01396864,-0.07178478,-0.03573876,-0.05770548,-0.060318,sell
2016-03-23,0,0,1.34,0.47,0.46,0.2,0.19,0.44,0,0.47,0,0.39,0.44,2.97,1.8, 0.02355176, 0.01618358, 0.02292309, 0.02065035, 0.035539,buy
2016-03-24,0,0,1.16,1.58,1.38,0.16,0.58,1.32,0,1.56,0.02,0.74,1.32,2.6,2.54, 0.12303430, 0.09917589, 0.11400204, 0.09666554, 0.101789,buy
2016-03-25,0,0,0.98,3.06,3.52,0.15,1.71,2.97,0.03,3,0.06,1.84,2.97,1.05,4.52,-0.05283256,-0.02778868,-0.02707671,-0.02832882,-0.028329,sell
2016-03-26,0,0,0.84,1.83,3.03,0.15,2.97,2.14,0.08,1.64,0.19,3.08,2.14,0.42,3.91,-0.09891960,-0.02619802,-0.02619802,-0.03503701,-0.003571,sell
2016-03-27,0.06,0,0.79,1.09,2.14,0.16,1.68,0.71,0.24,0.58,0.6,1.77,0.77,0.17,2.91,-0.11749594,-0.09830476,-0.09830476,-0.10508509,-0.046664,sell
2016-03-28,0.36,0,1.2,2.04,2.86,0.15,0.56,0.39,0.67,0.77,1.89,0.71,0.6,0,3.59,-0.06892155,-0.08926630,-0.08704707,-0.09258946,-0.014988,sell
2016-03-29,2.2,0,3.44,2.95,2.95,0.31,0.19,0.9,1.94,2.92,2.99,1.09,2.2,0,3.74,-0.05659331,-0.04662639,-0.00408116,-0.01704820,-0.018226,sell
2016-03-30,2.97,0,2.64,1.44,2.04,0.63,0,2.97,3.05,1.98,1.7,2.97,2.97,0,2.99,-0.03945846,-0.04188197,-0.01366566,-0.01223872,-0.016228,sell
2016-03-31,0.65,0,2.36,0.45,1.63,1.3,0,1.51,2,0.39,2.1,1.51,0.65,0,2.81,-0.03097611,-0.04457498,-0.09417751,-0.04699789,-0.047678,sell
2016-04-01,0.21,0,3.45,0.14,3.24,2.67,0,0.29,3.06,0.27,3.06,0.29,0.21,0,3.66, 0.02743278, 0.03919677, 0.04889406, 0.05194268, 0.043330,buy
2016-04-02,0.27,0,1.73,0,3.33,3,0,0.1,3.08,0.73,0.79,0.1,0.27,0,3.65, 0.05390411, 0.01915520, 0.02015565, 0.05334714, 0.041322,buy
2016-04-03,0.65,0.09,2.19,0,0.86,1.59,0,0.24,0.59,1.99,0.13,0.24,0.65,0,2.02, 0.02833418, 0.03848793, 0.02938898, 0.03434793, 0.044236,buy
2016-04-04,1.59,0.7,3.12,0,0.27,0.77,0,0.58,0.11,3.48,0.04,0.58,1.76,0,1.06, 0.00340547, 0.00902371,-0.04004739,-0.00475937, 0.009024,buy
2016-04-05,2.97,3.9,1.92,0,0.1,0.38,0,1.38,0,4.68,0.11,1.38,3.9,0,0.58,-0.01491294,-0.04233426,-0.04346192,-0.01095219,-0.035935,sell
2016-04-06,2.24,5.63,0.89,0,0.03,0.2,0,2.97,0.05,3.28,0.35,2.97,5.13,0,0.18,-0.06029611,-0.03646094,-0.02060872,-0.02356674,-0.047530,sell
2016-04-07,0.91,2.77,0.82,0,0.08,0.17,0,2.6,0.16,0.71,1.21,2.6,2.58,0,0.09, 0.00172382, 0.02996045,-0.00382893,-0.00809981,-0.007843,buy
2016-04-08,0.37,3.32,1.52,0,0.17,0.39,0,1.1,0.56,0.1,4.42,1.1,0.69,0,0, 0.05559995,-0.00201108,-0.01191051,-0.00747412,-0.015242,sell
2016-04-09,0.15,2.62,2.95,0,0.39,1.7,0,0.46,2.09,0,5.57,0.46,0.15,0,0, 0.04097507,-0.05238150,-0.04577000,-0.04670609,-0.066430,sell
2016-04-10,0,0.55,2.4,0,0.9,2.95,0,0.21,3.85,0.02,2.95,0.19,0,0,0,-0.00044446,-0.02140961, 0.00979822, 0.02613689,-0.010798,buy
2016-04-11,0.08,0.12,0.96,0,2.04,1.22,0,0.02,3.26,0.1,1.08,0,0,0,0.06,-0.08488478,-0.10776206,-0.08111644,-0.06260624,-0.101783,sell
2016-04-12,0.33,0,0.45,0,3,0.32,0,0.02,3.32,0.35,0.38,0,0.07,0,0.14,-0.07075487,-0.07683273,-0.03308187,-0.03260589,-0.076833,sell
2016-04-13,1.33,0.04,0.47,0,1.87,0.09,0,0.02,1.94,1.4,0.15,0.07,0.24,0,0.37,-0.00759432,-0.00872761, 0.03013227, 0.00944900, 0.011763,buy
2016-04-14,3.25,0.13,1.08,0,0.87,0,0,0.03,0.82,3.35,0.02,0.23,0.89,0,0.82,-0.02396701,-0.03682288,-0.02396701,-0.02396701, 0.018731,sell
2016-04-15,2.86,0.32,3.39,0,0.45,0,0,0.07,0.36,3.07,0.07,0.74,2.76,0,1.7,-0.05826951,-0.05593268,-0.05826951,-0.05206873,-0.051621,sell
2016-04-16,3.26,0.8,5.62,0,0.35,0,0,0.15,0.16,3.98,0.22,2.09,3.54,0,3.16,-0.02571049, 0.04826372, 0.00926958, 0.01295852, 0.012959,sell
2016-04-17,5.2,2.03,4.15,0,0.39,0,0,0.4,0,4.92,0.64,3.34,2.88,0,3.26, 0.02669497, 0.07210432, 0.04185990, 0.04153027, 0.028099,buy
2016-04-18,6.16,3.75,1.57,0,0.79,0,0.07,1.14,0.07,4.04,1.65,2.82,4.11,0,2.43, 0.04717290, 0.06268546, 0.03791017, 0.06490198, 0.033587,buy
2016-04-19,5.6,3.83,0.92,0,1.61,0,0.15,3.01,0.15,2.33,3.43,3.68,3.92,0,2.61,-0.00494030,-0.00400077,-0.00712989, 0.03057522,-0.013251,buy
2016-04-20,3.45,3.87,1.44,0,3.05,0,0.29,2.62,0.34,0.92,3.99,2.9,3.57,0,3.68,-0.05430662,-0.05430662,-0.01888260,-0.02849631,-0.017615,sell
2016-04-21,1.55,2.62,2.97,0,2.8,0,0.5,0.9,0.65,0.35,4.51,1.02,2.16,0,3.14,-0.04962415,-0.03416669,-0.06472493,-0.04176620,-0.049624,sell
2016-04-22,0.7,1.76,2.04,0,1.74,0.03,0.82,0.33,1.28,0.16,3.51,0.38,0.78,0,1.7, 0.03818893, 0.04230021, 0.01934672, 0.04159726, 0.037296,buy
2016-04-23,0.34,2.5,0.65,0,1.87,0.06,1.24,0.1,2.53,0,3.17,0.1,0.32,0,0.98, 0.03478370, 0.04581543, 0.02050982, 0.03478370, 0.034638,buy
2016-04-24,0.21,3.08,0.2,0,3.26,0.14,1.7,0,4.79,0,3.36,0,0.13,0,0.64,-0.03357597,-0.02788234,-0.02415503,-0.00278013,-0.016064,sell
2016-04-25,0.14,1.74,0,0,2.6,0.33,2.14,0,4.91,0.13,1.75,0,0,0,0.53,-0.06381148,-0.07384146,-0.04153054, 0.00116051,-0.019521,sell
2016-04-26,0.1,1.1,0,0,0.85,0.77,2.47,0,4.07,0.39,0.75,0.02,0.06,0,0.45,-0.04280833,-0.08005565,-0.05482735, 0.02106100, 0.033420,sell
2016-04-27,0,1.67,0,0,0.3,1.75,2.65,0,4.68,1.22,0.26,0.02,0.19,0,0.6, 0.01027892,-0.06165630, 0.01500918, 0.05281886, 0.051204,buy
2016-04-28,0.06,3.74,0,0,0.1,2.99,2.65,0,5.72,3.06,0.12,0.02,0.62,0,0.87,-0.01763043,-0.03967405, 0.00311667,-0.03649833,-0.017630,sell
2016-04-29,0.15,4.28,0.02,0,0,2.24,2.58,0,4.8,2.43,0.06,0.02,1.96,0,1.37,-0.02276778,-0.02901075,-0.02333077,-0.02426674,-0.022768,sell
2016-04-30,0.46,3.9,0.06,0,0,1.01,2.32,0,3.3,1.1,0.27,0.05,3.03,0,2.32, 0.03836767, 0.05266249, 0.01066294, 0.03413511, 0.013169,buy
2016-05-01,1.01,2.28,0.16,0,0,0.46,1.94,0,2.37,1.13,0.7,0.07,1.58,0,3, 0.02306483, 0.05901570, 0.00892332, 0.06332175,-0.005647,buy
2016-05-02,2.35,2.39,0.39,0,0,0.26,1.51,0,1.73,2.16,2.05,0.12,0.84,0,2.1, 0.04337493, 0.04337200, 0.02764181, 0.04857548, 0.015000,buy
2016-05-03,3.3,3.14,0.97,0,0,0.11,1.11,0,1.18,2.97,3.17,0.2,1.11,0,1.08,-0.00652601, 0.04551754,-0.00784499,-0.00033096,-0.000093,sell
2016-05-04,2.31,1.39,2.42,0,0,0.26,0.75,0,0.96,1.67,1.67,0.41,2.42,0,0.51,-0.00994985,-0.04566420,-0.00961038, 0.00119531,-0.005847,buy
2016-05-05,2.02,0.45,2.97,0,0,0.68,0.49,0,1.11,0.7,0.94,0.89,2.97,0,0.24,-0.01731840,-0.04448807,-0.01718446,-0.01551964,-0.004844,sell
2016-05-06,3.19,0.14,1.43,0,0,1.86,0.3,0,2.09,0.33,1.08,1.99,1.43,0.07,0.1, 0.01741888, 0.02966640, 0.01741888, 0.01741888, 0.027488,buy
2016-05-07,5.35,0,0.62,0,0,3.06,0.18,0,3.15,0.25,1.93,3.26,0.62,0.29,0,-0.04855760,-0.04855760,-0.05227534,-0.05005484,-0.036439,sell
2016-05-08,6.88,0,0.36,0,0,1.8,0.1,0,1.78,0.4,4.13,2.47,0.36,1.16,0,-0.03185030,-0.03096962,-0.02120271,-0.03818156,-0.030970,sell
2016-05-09,7.55,0,0.45,0,0,0.72,0.05,0,0.63,1.2,4.89,1.6,0.45,2.97,0,-0.06512684,-0.03569718,-0.00872914,-0.01449902, 0.009512,sell
2016-05-10,8.66,0,1.03,0,0,0.38,0.12,0,0.32,3.03,4.21,1.6,1.03,1.79,0,-0.06025228,-0.01098093, 0.00130887,-0.01011849,-0.005715,buy
2016-05-11,7.87,0,3.13,0,0,0.23,0.28,0,0.28,2.44,3.33,2.33,3.13,0.44,0, 0.01775695, 0.06382006, 0.05492558, 0.05623134, 0.064894,buy
2016-05-12,6.66,0,3.14,0,0,0.3,0.64,0,0.64,0.87,2.17,3.92,3.14,0.11,0.02, 0.02920714, 0.03973087, 0.06196447, 0.06194011, 0.040726,buy
2016-05-13,7.87,0,1.3,0,0,0.39,1.46,0,1.46,0.39,1.95,5.92,1.3,0,0.03,-0.01897854,-0.02635649,-0.03462116,-0.01567804,-0.023243,sell
2016-05-14,8.67,0,0.86,0.03,0,0.51,2.97,0,2.97,0.29,3.47,5.42,0.86,0,0.08,-0.03932806,-0.04235797,-0.03591712,-0.03750413,-0.042358,sell
2016-05-15,6.06,0,0.91,0.06,0,0.67,2.64,0,2.64,0.3,3.4,3.03,0.91,0,0.14,-0.04656085,-0.05062628,-0.04495248,-0.04342227,-0.050626,sell
2016-05-16,2.94,0,1.13,0.12,0,0.88,1.25,0,1.25,0.45,1.29,2.08,1.13,0.02,0.24, 0.02097006, 0.02550586, 0.02097006, 0.02238744, 0.039347,buy
2016-05-17,1.87,0.04,1.46,0.24,0,1.2,0.83,0,0.85,0.63,0.54,1.92,1.46,0.02,0.43, 0.03732843, 0.05400032, 0.04251837, 0.04251837, 0.060745,buy
2016-05-18,1.55,0.1,1.79,0.49,0,1.59,1.19,0,1.22,0.85,0.27,2.09,1.79,0.03,0.8, 0.05266295, 0.06363734, 0.05266295, 0.05266295, 0.069014,buy
2016-05-19,1.53,0.23,2.04,0.97,0,2.12,2.88,0,2.92,1.06,0.14,2.64,2.04,0.04,1.47, 0.04670668, 0.04944579, 0.05256357, 0.01724089, 0.010063,buy
2016-05-20,1.65,0.56,2.22,1.96,0,2.83,2.92,0,2.96,1.25,0.12,3.63,2.22,0.05,2.75, 0.05940746, 0.05940746, 0.05940746, 0.01232289, 0.004416,buy
2016-05-21,1.75,1.35,2.26,3,0,3.05,1.06,0,1.11,1.39,0.11,4.6,2.26,0.06,4.29, 0.04319310, 0.04100851, 0.07875451, 0.03085960, 0.009364,buy
2016-05-22,1.8,3.04,2.24,2.22,0,2.41,0.36,0,0.41,1.46,0.11,5.63,2.24,0.08,4.31,-0.02665409,-0.03392447, 0.00327414,-0.02191485,-0.021915,sell
2016-05-23,1.83,3,2.08,1.11,0,1.81,0.12,0,0.17,1.46,0.12,5.01,2.08,0.1,4.19,-0.02558334,-0.04827027,-0.00960363,-0.01191418,-0.011914,sell
2016-05-24,1.85,1.95,1.84,0.55,0,1.3,0,0,0,1.41,0.15,3.54,1.84,0.13,3.52,-0.00713540,-0.03194711, 0.01594573, 0.01594573, 0.021427,buy
2016-05-25,1.87,2.9,1.52,0.27,0,0.97,0,0,0.02,1.3,0.19,4.23,1.52,0.17,2.46,-0.02899611,-0.03379317,-0.00776035,-0.00776035,-0.013106,sell
2016-05-26,1.85,3.17,1.17,0.13,0,0.72,0,0,0.02,1.1,0.26,4.36,1.17,0.21,2.14,-0.01855871, 0.00188910, 0.01847505, 0.01847505, 0.013367,buy
2016-05-27,1.94,1.26,0.84,0,0,0.53,0,0,0.03,0.88,0.37,2.45,0.84,0.27,2.57, 0.00229295, 0.01480558,-0.00386056,-0.00386056, 0.028121,buy
2016-05-28,2.3,0.39,0.57,0,0,0.4,0,0,0.05,0.67,0.58,1.79,0.57,0.35,3.39,-0.01457997, 0.00364475,-0.00203479, 0.00040107, 0.003907,buy
2016-05-29,3.1,0.13,0.36,0.06,0,0.3,0,0.04,0.07,0.51,0.95,2.04,0.42,0.44,2.55,-0.00490639,-0.02218229,-0.03191538,-0.03191538,-0.022182,sell
2016-05-30,4.81,0,0.21,0.17,0,0.22,0,0.08,0.09,0.4,1.68,2.94,0.38,0.56,1.3, 0.00323682, 0.00000773,-0.00101348,-0.01695025, 0.005414,buy
2016-05-31,6.3,0,0.12,0.44,0,0.17,0,0.23,0.13,0.43,2.97,3.17,0.56,0.71,0.66, 0.01049123, 0.01049123, 0.01491305,-0.00499738, 0.018863,buy
2016-06-01,4.9,0,0.03,1.16,0,0.12,0,0.56,0.17,0.66,2.84,1.94,1.16,0.91,0.28,-0.01711474,-0.01711474, 0.00613624, 0.05506822,-0.003379,sell
2016-06-02,2.59,0,0.1,3.1,0,0.09,0,1.34,0.23,1.27,1.5,1.12,3.1,1.16,0.13,-0.01991267,-0.01750742,-0.01697707,-0.00925125,-0.005012,sell
2016-06-03,1.46,0,0.25,5.71,0,0,0.03,3.2,0.35,3.02,0.86,0.71,5.71,1.47,0, 0.03274669, 0.03560642, 0.04159425, 0.04242711, 0.042149,buy
2016-06-04,0.95,0,0.66,4.51,0,0,0.07,6.24,0.5,5.77,0.78,0.87,4.51,1.87,0, 0.05382014, 0.02693164, 0.05466417, 0.05466417, 0.048100,buy
2016-06-05,0.8,0,1.75,1.59,0,0,0.16,6.21,0.74,4.93,1.41,1.84,1.59,2.38,0, 0.08078927, 0.07982546, 0.06606400, 0.06190561, 0.055363,buy
2016-06-06,0.76,0,4.68,0.54,0,0,0.39,5.56,1.15,2.01,3.55,4.68,0.54,2.97,0, 0.00546344,-0.00342755, 0.00124529,-0.00219958,-0.002938,buy
2016-06-07,0.99,0,5.95,0.2,0,0,0.99,6.78,1.98,0.81,5.97,5.95,0.2,2.92,0, 0.00827767, 0.04167216, 0.01931456,-0.01776220,-0.020585,sell
2016-06-08,1.3,0,2.76,0,0,0,2.65,3.88,3.95,0.33,3.55,2.76,0,2.3,0, 0.02470120, 0.04987880, 0.07923221,-0.03296630, 0.017521,sell
2016-06-09,1.67,0,1.04,0,0,0,3,1.46,4.73,0.09,1.31,1.04,0,1.8,0, 0.13519334, 0.12959949, 0.14022463, 0.07095107, 0.126248,buy
2016-06-10,2.12,0.05,0.41,0,0,0,1.15,0.67,3.45,0,0.49,0.46,0,1.42,0, 0.11042705, 0.10807117, 0.13374490, 0.08233697, 0.134110,buy
2016-06-11,2.67,0.18,0.11,0,0,0,0.39,0.61,3.54,0,0.13,0.29,0,1.12,0, 0.09735530, 0.08887421, 0.12606967, 0.07624917, 0.119569,buy
2016-06-12,3,0.59,0,0,0,0,0.13,1.35,4.48,0,0,0.59,0,0.88,0, 0.11127744, 0.10971118, 0.12620393, 0.07815846, 0.121687,buy
2016-06-13,2.67,2.06,0,0,0,0,0,3.56,6.23,0,0,2.06,0,0.68,0, 0.10410537, 0.11055530, 0.11055530, 0.09546516, 0.120585,buy
2016-06-14,2.18,2.97,0,0,0,0,0,4.01,6.19,0,0,2.97,0,0.54,0, 0.09300796, 0.10779206, 0.10779206, 0.09679335, 0.113315,buy
2016-06-15,1.79,1.13,0,0,0,0,0,3.84,5.63,0,0,1.13,0,0.42,0, 0.10859584, 0.11410969, 0.11444954, 0.09707054, 0.118889,buy
2016-06-16,1.48,0.29,0,0,0,0,0,3.04,4.52,0,0,0.29,0,0.33,0, 0.12991618, 0.12869392, 0.13074435, 0.10925503, 0.126824,buy
2016-06-17,1.25,0,0,0.05,0,0,0,1.29,2.54,0,0,0,0.05,0.26,0, 0.07669334, 0.08330201, 0.06454421, 0.08787582, 0.064409,buy
2016-06-18,1.07,0,0,0.22,0,0,0,0.51,1.58,0,0,0,0.22,0.2,0.02, 0.08642778, 0.11533760, 0.07058585, 0.07058585, 0.058299,buy
2016-06-19,0.92,0,0,1.04,0,0,0,0.26,1.14,0.04,0,0,1.04,0.16,0.07,-0.07458303,-0.03598390,-0.07307284,-0.07288292,-0.074142,sell
2016-06-20,0.79,0,0.07,2.97,0,0,0,0.33,0.89,0.15,0.08,0.07,2.97,0.12,0.24,-0.07105224,-0.05829296,-0.08081010,-0.07047913,-0.055407,sell
2016-06-21,0.71,0,0.36,1.64,0,0,0,1.07,0.71,0.66,0.41,0.36,1.64,0.1,0.79,-0.11244388,-0.09003273,-0.11443201,-0.10924198,-0.106413,sell
2016-06-22,0.64,0,1.89,0.31,0,0,0,5.2,0.64,3,2.2,1.89,0.31,0,2.74, 0.07535880, 0.01230436, 0.03813350, 0.05230919,-0.083430,buy
2016-06-23,0.58,0,3.03,0,0,0,0,5.74,0.58,2.82,2.92,2.95,0.08,0,2.92, 0.05313470, 0.01060653,-0.01296810, 0.04400362,-0.087661,sell
2016-06-24,0.54,0,1.07,0,0,0,0,1.27,0.54,0.59,0.68,0.82,0.25,0,0.85, 0.05411351, 0.00475786, 0.04850649, 0.05615169, 0.020216,buy
2016-06-25,0.5,0,0.94,0,0,0,0,0.38,0.64,0.12,0.12,0.14,0.78,0,0.25, 0.08664642, 0.08664642, 0.07307207, 0.08169934, 0.079267,buy
2016-06-26,0.47,0,2.54,0,0,0,0.07,0.81,1.28,0.03,0.04,0,2.51,0,0.03,-0.04653582,-0.04653582,-0.04653582,-0.03211282,-0.051001,sell
2016-06-27,0.45,0,3.09,0.09,0,0,0.18,2.92,3.37,0.07,0.11,0.09,3.05,0,0.04,-0.05185658,-0.04581335,-0.06320354,-0.05031122,-0.042287,sell
2016-06-28,0.44,0,1.27,0.26,0.03,0,0.55,1.68,2.12,0.19,0.36,0.26,1.21,0,0.09, 0.02237360, 0.01580868, 0.00235472, 0.07353647, 0.016926,sell
2016-06-29,0.43,0,0.71,0.79,0.07,0,1.61,0.27,0.7,0.5,1.11,0.79,0.62,0,0.16, 0.04026529, 0.04707381, 0.03064944, 0.03728580,-0.000501,buy
2016-06-30,0.43,0,0.94,2.42,0.14,0,4.28,0,0.43,1.31,2.97,2.42,0.81,0,0.27, 0.04212220, 0.02971623, 0.03551126, 0.04058789, 0.034697,buy
2016-07-01,0.44,0,1.92,2.92,0.29,0,5.48,0,0.44,2.99,2.49,2.92,1.73,0,0.48, 0.04481729, 0.02469063, 0.04224342, 0.07234441, 0.055295,buy
2016-07-02,0.45,0,3.32,1.2,0.6,0,3.38,0,0.45,2.53,0.85,1.2,3.05,0.03,0.87, 0.06484036, 0.07831093, 0.07419584, 0.07217453, 0.078311,buy
2016-07-03,0.48,0,2.75,0.47,1.22,0,1.38,0,0.48,0.99,0.39,0.47,2.37,0.1,1.6, 0.04555157, 0.04555157, 0.04555157, 0.03999237, 0.048086,buy
2016-07-04,0.57,0.04,3.76,0.34,2.51,0,0.84,0,0.57,0.45,0.39,0.34,3.28,0.28,3.03, 0.01109628, 0.04307575, 0.01389822, 0.03518599, 0.024156,buy
2016-07-05,0.76,0.12,3.97,0.68,3,0,1.4,0,0.76,0.29,1.11,0.68,3.38,0.83,3.71,-0.04972834, 0.00982388,-0.04972834, 0.01017929,-0.034998,sell
2016-07-06,1.25,0.38,1.57,2.34,1.7,0,4.42,0,1.25,0.54,3.88,2.34,0.99,2.44,2.66, 0.04988092,-0.01143868, 0.04197621, 0.04680339, 0.058216,buy
2016-07-07,2.66,1.18,1.27,5.92,0.83,0,7.89,0,2.66,2.03,5.86,5.92,1.18,2.95,2.1, 0.09036528, 0.03544385, 0.09184163, 0.09036528, 0.104965,buy
2016-07-08,3.7,2.95,1.68,3.97,0.52,0.05,6.49,0,3.7,4.19,2.35,3.97,2.95,1.19,2.2, 0.05416661, 0.02544597, 0.05309234, 0.04566682, 0.024548,buy
2016-07-09,2.35,2.39,2.2,1.35,0.8,0.16,4.25,0,2.35,3.48,0.93,1.35,2.39,0.41,3, 0.00226169,-0.05899950,-0.03787094,-0.05451542,-0.049023,sell
2016-07-10,2.16,1.24,2.82,0.5,2.71,0.53,3.42,0,2.16,3.18,0.77,0.5,1.24,0.14,5.53, 0.02071060,-0.01426710, 0.00619072,-0.01581079,-0.028086,sell
2016-07-11,4.17,3.15,2.97,0.21,2.99,1.69,1.88,0,4.17,1.85,1.72,0.21,3.15,0,5.96, 0.01769871,-0.00830029, 0.01894711, 0.01910134,-0.006278,buy
2016-07-12,3.04,2.52,2.51,0.09,0.85,3.48,0.88,0,3.04,1.1,3.26,0.09,2.52,0,3.36, 0.01239180, 0.00941709, 0.01024469, 0.00901149,-0.006138,buy
2016-07-13,1.95,0.51,1.99,0,0.36,4.45,0.42,0,1.95,1.07,3.8,0,0.51,0,2.35,-0.00250073,-0.00177931,-0.00360267,-0.00433777, 0.000634,sell
2016-07-14,2.21,0.31,1.61,0,0.3,5.44,0.21,0,2.21,2.09,3.56,0,0.31,0,1.91, 0.00821818, 0.01134877, 0.01269293, 0.00891206,-0.000865,buy
2016-07-15,3.19,0.75,1.31,0,0.49,5.83,0.1,0,3.19,5.11,0.82,0,0.75,0,1.8, 0.03567429, 0.04501711, 0.03699974,-0.02485103, 0.003011,buy
2016-07-16,5.16,1.96,1.08,0,0.79,5.3,0,0,5.2,5.18,0.1,0,1.92,0,1.89,-0.03058171,-0.01377650,-0.02108483,-0.05800290,-0.026363,sell
2016-07-17,6.44,3.54,0.9,0,1.29,1.91,0,0,6.56,1.69,0.06,0.02,3.42,0,2.33,-0.02264757,-0.03483520,-0.01874449,-0.02690629,-0.012783,sell
2016-07-18,6.47,4.75,0.75,0,2.09,1.12,0,0,7,0.5,0.19,0.02,4.22,0,3.25,-0.04159836,-0.04907797,-0.04159836,-0.02759906,-0.034383,sell
2016-07-19,7.24,5.6,0.7,0,3.11,2,0,0,7.6,0.13,0.53,0.09,5.24,0,5.06,-0.05013115,-0.05921159,-0.05013115,-0.03431158,-0.047280,sell
2016-07-20,5.79,4.01,0.88,0,3.51,4.35,0,0,5.66,0,1.82,0.37,4.14,0,6.55,-0.05212505,-0.06503901,-0.05263790,-0.01493124,-0.054865,sell
2016-07-21,3.4,1.78,2.29,0,4.89,5.13,0,0,3.08,0.03,5.56,1.87,2.1,0,4.85,-0.00479993, 0.00543057,-0.00380771,-0.00004210, 0.003291,buy
2016-07-22,1.63,0.5,3.64,0,3.84,5.35,0,0,1.54,0.18,5.66,3.29,0.59,0,3.7, 0.00537417, 0.00689208, 0.00458413, 0.03254728, 0.023856,buy
2016-07-23,0.98,0.16,2.19,0,3.81,4.82,0,0,0.95,0.65,4.12,1.9,0.19,0,4.15, 0.02844006, 0.03433366, 0.02865008, 0.05286899, 0.063797,buy
2016-07-24,0.6,0,3.21,0,5.7,3.28,0,0,0.66,2.52,3.56,2.92,0,0,3.13, 0.00901893,-0.02630496,-0.02698512,-0.00793508,-0.006300,buy
2016-07-25,0.45,0,3.58,0,4.48,1.87,0,0,0.73,3.3,1.49,3.14,0,0,1.72, 0.00317597,-0.02372010,-0.02456753,-0.01246806,-0.034367,sell
2016-07-26,0.34,0.02,2.61,0,1.68,1.46,0,0,1.62,1.73,0.5,1.27,0,0,0.99,-0.02074849, 0.02327756, 0.00733810,-0.01583467, 0.028903,sell
2016-07-27,0.3,0.08,3.62,0,0.97,1.73,0.03,0,3.32,1.95,0.13,0.64,0.05,0,0.64,-0.06317409, 0.00658065,-0.00804005,-0.00712070,-0.009838,buy
2016-07-28,0.29,0.26,1.93,0,1.27,2.88,0.08,0,1.9,3.67,0,0.59,0.11,0,0.44,-0.03937543,-0.04071519,-0.03265122,-0.04997643,-0.040150,sell
2016-07-29,0.39,0.84,0.76,0,3,3.45,0.22,0,0.98,5.97,0,1.02,0.26,0,0.43, 0.01830581, 0.02415682, 0.02663973, 0.02415682, 0.015308,buy
2016-07-30,0.74,2.91,0.82,0,2.67,2.51,0.62,0,1.45,4.51,0,2.85,0.64,0,0.82, 0.01849642, 0.03546818, 0.00823533, 0.02445273, 0.014221,buy
2016-07-31,1.52,4.68,2.11,0,1.09,1.87,1.68,0,3.68,1.98,0.03,3.87,1.52,0,1.87,-0.09177408,-0.08946822,-0.09370767,-0.10491391,-0.083774,sell
2016-08-01,2.97,3.93,3.15,0,0.48,1.8,3,0,5.9,0.87,0.07,2.34,2.97,0,3.18,-0.08471072,-0.09103291,-0.08430923,-0.07273754,-0.123464,sell
2016-08-02,2.38,2.38,1.69,0,0.34,2.13,1.94,0.03,3.5,0.39,0.18,2.29,2.41,0,2.12,-0.09365160,-0.08506813,-0.08897471,-0.08945065,-0.085519,sell
2016-08-03,1.01,1.14,0.77,0,0.46,2.84,0.77,0.12,1.32,0.12,0.44,3.14,1.13,0.02,0.94, 0.07692756, 0.08305563, 0.08820297, 0.09220251, 0.114469,buy
2016-08-04,0.42,1.22,0.62,0,1.11,3,0.34,0.42,0.5,0,1.08,4.17,0.84,0.03,0.51, 0.06182271, 0.09000225, 0.09583834, 0.09000225, 0.120597,buy
2016-08-05,0.18,2.8,0.89,0,2.69,2.28,0.2,1.46,0.15,0,2.68,5.63,1.64,0.04,0.39, 0.04336033, 0.09287485, 0.03927107, 0.03001303, 0.040331,buy
2016-08-06,0.03,2.95,1.9,0,3.02,1.57,0.16,2.95,0,0,3.09,6.25,2.95,0.05,0.36, 0.03027343, 0.03958858, 0.00663952, 0.01050970, 0.032111,buy
2016-08-07,0.1,1.06,3.14,0,1.4,1.11,0.34,1.76,0,0,1.72,5.18,1.76,0.07,0.57, 0.05710804, 0.07115344, 0.05066198, 0.00902639, 0.057108,buy
2016-08-08,0.32,0.35,2.27,0,0.64,0.8,0.71,0.54,0,0,1.81,3.48,0.54,0.1,0.97, 0.05820205, 0.06135562, 0.04130381, 0.01314489, 0.064483,buy
2016-08-09,0.98,0.11,1.06,0,0.34,0.63,1.48,0.22,0,0,3.17,2.45,0.22,0.12,1.81,-0.05899298,-0.00095358, 0.02769994, 0.02291703, 0.012209,buy
2016-08-10,2.95,0,0.56,0,0.28,0.58,2.97,0.17,0,0.03,2.21,3.64,0.17,0.16,3.42,-0.06829289,-0.03876866,-0.06011119,-0.06341567,-0.055889,sell
2016-08-11,2.92,0,0.39,0,0.25,0.63,2.79,0.5,0.05,0.06,0.69,3.28,0.5,0.19,3.4,-0.08184357,-0.06254975,-0.09682683,-0.08816182,-0.096827,sell
2016-08-12,1,0,0.31,0,0.33,0.84,1.33,1.48,0.11,0.11,0.28,1.14,1.5,0.22,2.23,-0.00784725,-0.01553724,-0.01488622,-0.00815478, 0.000341,sell
2016-08-13,0.36,0,0.48,0,0.47,1.25,0.63,2.95,0.27,0.22,0.14,0.45,2.98,0.25,2, 0.01095070,-0.02017961,-0.02486950,-0.00275777,-0.027683,buy
2016-08-14,0.22,0,0.88,0.06,0.7,1.92,0.3,1.96,0.71,0.47,0.44,0.22,2.01,0.27,2.45, 0.02606517,-0.00900229,-0.01654566, 0.00541393,-0.016698,buy
2016-08-15,0.28,0,1.82,0.15,1.14,3,0.14,0.65,1.73,0.93,1.38,0.28,0.72,0.29,3.38, 0.02579004,-0.00038943,-0.04512258, 0.02727981, 0.030196,buy
2016-08-16,0.85,0.02,3.24,0.37,1.97,2.74,0,0.22,3.34,1.84,2.97,0.87,0.33,0.29,3.01,-0.05435012,-0.02499363,-0.03837600,-0.03632866,-0.037509,sell
2016-08-17,2.58,0.04,2.55,0.87,3.26,1.65,0,0,3.13,3.28,1.97,2.62,0.17,0.29,1.94, 0.02471844,-0.01679407,-0.03212909, 0.01517336,-0.000055,buy
2016-08-18,2.97,0.09,1.24,1.97,2.93,0.99,0,0,2.89,3.21,0.64,3.06,0.27,0.28,1.31, 0.04248781, 0.00310137,-0.01853665, 0.02728601, 0.006713,sell
2016-08-19,1.11,0.23,0.73,3,1.6,0.6,0,0,3.38,2.32,0.2,1.34,0.41,0.26,0.95, 0.06571783, 0.05491069, 0.06079099, 0.07437123, 0.061655,buy
2016-08-20,0.36,0.55,0.54,2.09,0.9,0.36,0,0.03,2.24,2.29,0.03,0.91,0.64,0.22,0.75, 0.07397114, 0.06649723, 0.08194593, 0.07036470, 0.075562,buy
2016-08-21,0.12,1.3,0.43,1.1,0.53,0.21,0,0.05,1.1,2.85,0.05,1.42,0.98,0.19,0.64, 0.05625310, 0.04102721, 0.06314406, 0.06011825, 0.043169,buy
2016-08-22,0,2.97,0.48,0.79,0.32,0.13,0,0.08,0.79,3.2,0.08,2.97,1.52,0.15,0.61, 0.02025662, 0.02767714, 0.04929972, 0.05026307, 0.028234,buy
2016-08-23,0,2.77,0.54,1.11,0.22,0,0,0.13,1.11,2.55,0.13,2.79,2.38,0.11,0.54, 0.02540548, 0.04707839, 0.02293759, 0.07652806, 0.001883,buy
2016-08-24,0,1.17,0.61,2.74,0.03,0,0,0.22,2.74,1.9,0.22,1.2,2.97,0,0.61, 0.03868729, 0.03880081,-0.02039969, 0.04547793,-0.037125,buy
2016-08-25,0,0.49,0.7,3.07,0.05,0,0,0.37,3.07,1.8,0.37,0.54,2.38,0,0.7,-0.02796066,-0.02796066,-0.02249615,-0.02230011,-0.053634,sell
2016-08-26,0,0.2,0.8,1.08,0.09,0,0,0.62,1.08,2.28,0.62,0.29,1.51,0,0.8, 0.04327638, 0.02481711, 0.04176603, 0.04315434, 0.026463,buy
2016-08-27,0,0.08,0.92,0.35,0.14,0,0,1.09,0.35,3.87,1.05,0.22,1,0,0.92, 0.03226808,-0.03103283, 0.01415927, 0.01904505,-0.022033,buy
2016-08-28,0,0,1.07,0.11,0.23,0,0,1.86,0.11,3.72,1.77,0.23,0.7,0,1.07, 0.03584475,-0.02185287,-0.03819679,-0.00922885,-0.021758,buy
2016-08-29,0,0,1.25,0,0.39,0,0,3.18,0,2.1,2.99,0.39,0.59,0,1.25, 0.05770996, 0.00672063, 0.05073799, 0.06667197,-0.004543,buy
2016-08-30,0,0,1.47,0,0.64,0,0,3.37,0,1.61,2.93,0.64,0.72,0,1.47, 0.06558697, 0.00660859, 0.06373757, 0.06434943, 0.000627,buy
2016-08-31,0,0,1.74,0.02,1.06,0,0.02,2.82,0.02,1.69,1.81,1.06,1.27,0,1.76, 0.01395934,-0.05832725,-0.00590828,-0.02392927,-0.047112,sell
2016-09-01,0.03,0,2.06,0.03,1.77,0,0.04,3.56,0.03,2.14,1.25,1.8,2.67,0,2.1,-0.01541265,-0.08028456,-0.01581169,-0.05087190,-0.072406,sell
2016-09-02,0.07,0,2.47,0.03,2.95,0,0.08,3.54,0.03,3,1.23,3.02,2.99,0,2.53,-0.03409302,-0.09173700,-0.05588004,-0.07059425,-0.081320,sell
2016-09-03,0.17,0,2.95,0.05,3.02,0,0.17,1.8,0.05,2.62,1.97,3.17,1.54,0.02,3.05,-0.06165044,-0.09137712,-0.02491591,-0.06088141,-0.098612,sell
2016-09-04,0.41,0,3,0.07,1.81,0,0.39,0.83,0.07,1.51,3.19,2.2,0.85,0.02,3.18,-0.05129612,-0.04399626, 0.00746517, 0.04486292,-0.048585,sell
2016-09-05,0.99,0,2.51,0.12,1.16,0,0.91,0.39,0.12,0.79,2.33,2.05,0.88,0.02,2.82,-0.05509526,-0.02942964, 0.02581376, 0.02360493,-0.053621,sell
2016-09-06,2.38,0,2.06,0.21,0.91,0,2.26,0.12,0.21,0.38,1.11,3,1.85,0.03,2.59,-0.08841561,-0.05571375,-0.11023377,-0.12110431,-0.123431,sell
2016-09-07,2.97,0,1.7,0.41,1.23,0,3.86,0.1,0.44,0.17,1.16,3.41,2.95,0.04,2.61,-0.04466658, 0.00807786,-0.05865102,-0.07651531,-0.064197,sell
2016-09-08,1.52,0,1.37,0.87,2.83,0,3.31,0.27,0.92,0,2.7,1.96,1.73,0.05,2.95, 0.00579302,-0.02493277, 0.00576233,-0.05087087, 0.010029,buy
2016-09-09,0.63,0,1.12,1.94,3.14,0,3.34,0.8,2.02,0,2.95,1.42,0.6,0.06,3.92, 0.09265753, 0.06651986, 0.09062210, 0.07683649, 0.092127,buy
2016-09-10,0.26,0,0.9,3.03,1.16,0,3.26,2.27,3.17,0,1.08,2.27,0.21,0.16,4.07,-0.01271217,-0.05428048,-0.02395284,-0.04890573,-0.031189,sell
2016-09-11,0.11,0,0.73,2.08,0.44,0,2.02,3.48,2.34,0,0.34,3.06,0,0.58,3.02,-0.04780678,-0.09332404,-0.04348354,-0.03889791,-0.042671,sell
2016-09-12,0,0,0.58,1.16,0.23,0,1.66,2.46,1.61,0,0.11,1.43,0,2.96,2.82, 0.12995307, 0.03591862, 0.11983240, 0.03591862, 0.035825,buy
2016-09-13,0.05,0,0.5,1.2,0.15,0,2.6,2.56,2.06,0,0,0.53,0,3.07,4.32, 0.13030643, 0.05230300, 0.08710633, 0.05230300, 0.083520,buy
2016-09-14,0.11,0,0.49,2.25,0.19,0,3.27,4.41,3.86,0,0,0.27,0,0.69,6.4,-0.05408857,-0.06897121,-0.06712096,-0.01942707,-0.076092,sell
2016-09-15,0.24,0,0.69,2.95,0.23,0.03,1.54,5.6,6,0,0,0.24,0.03,0.32,4.78,-0.05223790,-0.07774557,-0.08154491,-0.00316850,-0.083096,sell
2016-09-16,0.5,0,1.47,1.67,0.29,0.14,0.56,4.44,5.92,0,0.07,0.5,0.1,0.29,2.22, 0.05258726, 0.00986316,-0.01634708, 0.07256639,-0.016159,sell
2016-09-17,0.93,0,3.12,0.67,0.36,0.38,0.16,2.5,5.44,0,0.17,0.93,0.29,0.36,0.99, 0.06374507, 0.02279815, 0.01705646, 0.00524577, 0.042242,buy
2016-09-18,1.55,0,2.36,0.27,0.45,1.11,0,1.34,3.49,0,0.43,1.55,0.81,0.45,0.44, 0.02330043, 0.00753430,-0.02927122, 0.00801809, 0.025858,buy
2016-09-19,2.3,0,0.82,0.11,0.56,3.26,0,0.75,1.38,0.04,1.21,2.3,2.24,0.56,0.24, 0.03084967, 0.04228669, 0.04420971, 0.04420971, 0.070950,buy
2016-09-20,2.97,0,0.23,0,0.69,5.9,0,0.38,0.53,0.08,3.11,2.97,3.03,0.69,0, 0.04365726, 0.04365726, 0.04365726, 0.04175186, 0.081863,buy
2016-09-21,3,0,0,0,0.91,3.97,0,0.27,0.17,0.21,2.73,3,1.51,0.86,0, 0.00065919, 0.00065919, 0.00501616, 0.00501616, 0.094210,buy
2016-09-22,2.84,0,0,0,1.18,1.32,0,0.21,0.09,0.44,0.99,2.84,0.6,1.07,0,-0.02314524,-0.01525140, 0.00360423, 0.02905103, 0.036970,sell
2016-09-23,3,0,0,0,1.59,0.44,0,0.13,0,0.91,0.41,3,0.28,1.32,0, 0.00635823, 0.00811722, 0.02299888, 0.04516849, 0.036794,buy
2016-09-24,2.62,0,0,0,2.3,0.08,0,0.13,0,1.91,0.2,2.62,0.09,1.64,0, 0.04338144, 0.04338144, 0.05725379, 0.04864869, 0.055290,buy
2016-09-25,1.89,0.05,0,0,3.64,0,0,0.06,0.05,4.05,0,1.89,0,2.03,0,-0.02451053,-0.02344945,-0.00227085,-0.01985157,-0.007855,sell
2016-09-26,1.18,0.15,0,0.02,5.46,0,0,0.08,0.17,6.03,0,1.18,0,2.51,0,-0.03267022,-0.03058074,-0.00985831,-0.03058074, 0.002471,sell
2016-09-27,0.64,0.48,0,0.04,5.2,0,0,0.12,0.52,4.17,0,0.64,0,3,0,-0.00548677,-0.00548677, 0.01744599,-0.00548677, 0.021993,buy
2016-09-28,0.31,1.47,0,0.09,3.87,0,0.08,0.18,1.56,2.01,0.09,0.31,0.07,2.89,0, 0.02705969, 0.02959619,-0.03163033, 0.03253967, 0.033537,buy
2016-09-29,0.13,2.97,0,0.25,2.9,0,0.24,0.27,3.22,1.11,0.23,0.13,0.16,2.34,0.04,-0.06807033,-0.05551747,-0.07339798,-0.02761114,-0.050415,sell
2016-09-30,0,1.89,0,0.74,2.55,0,0.66,0.4,2.63,0.79,0.67,0,0.42,1.89,0.08,-0.05462654,-0.04563206,-0.05411621,-0.03075877,-0.048496,sell
2016-10-01,0,0.61,0,2.4,2.86,0,1.91,0.61,3.01,0.73,1.93,0.04,1.09,1.52,0.19,-0.07066497,-0.07805987,-0.07244656,-0.02350302,-0.051486,sell
2016-10-02,0,0.2,0,2.95,4.83,0,4.29,0.94,3.15,0.9,4.39,0.17,2.87,1.25,0.48,-0.00572350,-0.00572350, 0.00200104, 0.01741778,-0.005724,buy
2016-10-03,0,0,0,1.01,7.01,0,5.37,1.44,1.01,1.34,5.03,0.47,4.64,1.01,1.33,-0.04767465,-0.05176740,-0.04791095,-0.03785154,-0.054607,sell
2016-10-04,0,0,0,0.27,4.66,0,7.73,2.29,0.27,2.04,3.03,1.36,4.46,0.82,2.97,-0.05378257,-0.04435141,-0.04086806,-0.04577483,-0.051075,sell
2016-10-05,0.03,0,0,0,2.14,0,7.74,3.59,0,3,1.19,3.54,2.91,0.66,2.2, 0.01320198, 0.01788277, 0.03934211, 0.01090507,-0.027900,buy
2016-10-06,0.08,0,0,0,1.13,0.05,4.43,4.31,0.02,2.94,0.43,4.09,1.26,0.55,0.71, 0.01330346, 0.01257995, 0.01828584, 0.01349932,-0.063167,buy
2016-10-07,0.18,0,0,0,0.62,0.11,1.59,4.85,0.06,2.04,0.27,3.85,0.5,0.44,0.22,-0.02885563,-0.02805860,-0.02241643,-0.04569962,-0.051407,sell
2016-10-08,0.39,0,0,0,0.42,0.28,0.52,3.82,0.17,1.66,0.22,2.87,0.27,0.36,0,-0.00093231,-0.00544087, 0.00208887,-0.05899760,-0.005441,buy
2016-10-09,0.96,0,0.04,0,0.4,0.67,0.19,1.9,0.57,1.93,0.43,1.17,0.19,0.3,0, 0.01770401, 0.00152533, 0.00953044, 0.04803935, 0.007465,buy
2016-10-10,2.46,0,0.11,0,0.46,1.65,0,0.99,1.73,3.85,0.9,0.46,0.16,0.24,0,-0.03553363,-0.09452890,-0.06165056,-0.07314184,-0.063261,sell
2016-10-11,4.59,0,0.27,0,0.75,3,0.05,0.54,3.24,6.33,1.89,0.21,0.33,0.2,0, 0.04662494, 0.05231559,-0.01916388, 0.03001107, 0.068143,buy
2016-10-12,4.76,0,0.67,0,1.98,2.18,0.2,0.23,2.41,3.73,4.33,0.06,0.68,0.16,0.05, 0.05434584,-0.01230801, 0.05776071, 0.05434584,-0.009018,buy
2016-10-13,3.45,0,1.68,0,3.92,0.97,0.89,0.26,2.25,1.38,5.8,0.24,1.71,0.13,0.11, 0.03714466,-0.04931658, 0.03872434, 0.03137101, 0.009718,buy
2016-10-14,1.88,0,2.97,0,2.8,0.61,2.97,0.61,3.16,0.55,2.85,0.78,4.41,0.11,0.26,-0.03464264,-0.00826343, 0.01319550, 0.00833614, 0.008100,buy
2016-10-15,1.34,0,2.06,0,2.79,0.82,2.18,2.4,2.06,0.15,1.39,2.99,4.66,0.09,0.6,-0.03045924,-0.05217902,-0.04176344,-0.00415548,-0.035025,sell
2016-10-16,1.79,0,0.85,0,2.97,1.77,0.5,2.95,0.85,0,1.37,4.25,3.56,0,1.44,-0.03585070,-0.05749728, 0.00836716, 0.02564852,-0.007696,sell
2016-10-17,3.16,0,0.49,0,2.1,4.74,0.12,0.8,0.49,0,2.7,3.97,2.42,0,3.02,-0.02158221,-0.03550181, 0.01974287,-0.06905982,-0.029169,sell
2016-10-18,2.72,0,0.89,0,1.23,6.44,0,0.27,0.89,0,3.08,5.36,1.69,0,2.73, 0.00870196, 0.02250931, 0.05466042,-0.03102559, 0.032018,buy
2016-10-19,1.12,0,3,0,0.71,3.97,0,0.21,3,0,1.5,4.43,1.72,0.03,1.33, 0.05536819, 0.05684857, 0.04724229, 0.05536819, 0.059029,buy
2016-10-20,0.47,0,2.32,0,0.41,4.04,0.03,0.41,2.35,0,1.22,2.68,2.73,0.05,0.88, 0.06405685, 0.06088866, 0.06924974, 0.05001783, 0.060889,buy
2016-10-21,0.2,0,0.49,0,0.24,6.43,0.1,0.81,0.54,0.05,3.15,1.35,3.37,0.1,0.99, 0.02417234, 0.03974778, 0.03318761, 0.06482837, 0.068004,buy
2016-10-22,0,0,0.1,0,0.14,4.95,0.21,1.74,0.2,0.11,2.63,0.63,2.53,0.18,1.67,-0.01512000, 0.00839142,-0.01512000, 0.03024491, 0.004069,sell
2016-10-23,0,0,0,0,0,4.05,0.47,3.51,0.19,0.28,0.74,0.34,3.51,0.33,3.31, 0.00435468,-0.00524132,-0.01133016,-0.00359612,-0.002970,buy
2016-10-24,0,0.06,0,0,0,3.37,1.04,4.66,0.43,0.67,0.73,0.18,3.26,0.6,4.04,-0.01218140,-0.01122956,-0.02517724,-0.02936203,-0.019718,sell
2016-10-25,0,0.25,0,0,0,0.91,2.35,6.26,0.93,1.64,1.93,0.1,0.96,1.09,4.36,-0.06299321,-0.05755448,-0.04654006,-0.07196330,-0.060420,sell
2016-10-26,0,0.72,0,0,0.05,0.19,4.34,5.54,2.05,2.95,3.01,0.05,0.34,1.96,2.59,-0.04220926,-0.05024327,-0.03172705,-0.05948296,-0.055419,sell
2016-10-27,0,2.3,0,0,0.18,0,4.92,2.33,4.87,2.21,1.62,0.13,0.39,3,0.9, 0.04622495, 0.02768323, 0.04678647, 0.00315033, 0.043884,buy
2016-10-28,0,5.68,0,0,0.54,0,4.24,0.79,8.36,1.04,1.07,0.39,1.05,2.49,0.39,-0.01547607,-0.01935922,-0.01534331,-0.01547607,-0.020601,sell
2016-10-29,0,5.29,0,0,1.58,0,3.41,0.25,6.28,0.84,2.02,1.11,2.79,1.39,0.28,-0.01473118,-0.01150045,-0.01272332,-0.01473118,-0.011297,sell
2016-10-30,0,3.23,0,0,4.52,0,4.68,0,2.66,1.65,4.64,2.95,3.04,0.79,0.46, 0.03321903, 0.02343644, 0.03321903, 0.03321903, 0.043326,buy
2016-10-31,0,3.74,0,0,6.32,0.02,4.22,0.05,1.15,3.38,5.6,2.79,1.45,0.45,1.14,-0.08215221,-0.04157964,-0.09479160,-0.08054700,-0.094792,sell
2016-11-01,0,6.02,0,0,4.71,0.04,4.11,0.15,0.6,2.71,6.32,1.47,1.54,0.26,2.82,-0.09384836,-0.02028669,-0.11199689,-0.11418114,-0.114181,sell
2016-11-02,0,5.3,0,0,5.6,0.07,4.1,0.45,0.65,2.24,4.11,2.46,3.27,0.15,2.95,-0.08588950,-0.02913793,-0.10226052,-0.10045860,-0.110044,sell
2016-11-03,0.05,2.38,0,0,5.72,0.13,3.81,1.34,1.39,3.15,1.83,3.23,2.59,0.09,1.24, 0.02642493,-0.01562809,-0.00548979, 0.06237042, 0.002734,buy
2016-11-04,0.22,1.07,0,0,3.68,0.22,1.64,2.97,3.19,2.51,0.84,1.37,1.39,0,0.5, 0.06904436, 0.03358049, 0.03318865, 0.01002328, 0.010706,buy
2016-11-05,0.91,0.48,0,0,2.68,0.38,1.22,2.14,3.05,1.23,0.38,1.12,1.83,0,0.2, 0.01283027, 0.03001730, 0.01195458, 0.00304516, 0.003461,buy
2016-11-06,3,0.14,0,0.03,3.49,0.67,2.14,0.72,3.72,0.6,0.14,2.14,3.56,0,0.03, 0.02371124, 0.07697314,-0.02779355, 0.06327051, 0.025708,buy
2016-11-07,2.28,0,0,0.04,3.26,1.21,2.95,0.24,2.52,0.33,0,2.95,4.14,0,0.04, 0.07706986, 0.09838982, 0.00947822, 0.10511380, 0.056558,buy
2016-11-08,0.63,0,0,0.07,1.51,2.19,1.7,0,0.63,0.28,0,1.7,3.4,0.02,0.07, 0.10870311, 0.03752360, 0.06075844, 0.05575975,-0.019484,buy
2016-11-09,0.36,0,0,0.12,0.61,3.54,0.7,0,0.36,0.47,0,0.75,3.61,0.02,0.12, 0.05060304,-0.03024128,-0.03001600,-0.02716421,-0.028324,sell
2016-11-10,0.56,0,0,0.21,0.28,4.35,0.3,0,0.61,1.58,0,0.51,2.77,0.02,0.21, 0.02571747,-0.01551082,-0.01248384,-0.01957032,-0.015483,buy
2016-11-11,1.39,0,0.05,0.36,0.12,5.33,0.12,0,1.49,2.97,0,0.93,1.54,0.03,0.41, 0.10070169, 0.08279293, 0.10021302, 0.05536550, 0.103134,buy
2016-11-12,3.09,0,0.12,0.62,0,5.63,0,0,3.19,1.62,0,2.97,0.82,0.03,0.83, 0.12662824, 0.11241782, 0.10637537, 0.10662283, 0.126628,buy
2016-11-13,2.8,0,0.35,1.08,0,4.07,0,0,2.86,0.49,0.03,2.7,0.47,0.04,1.71, 0.12008725, 0.11343878, 0.11209087, 0.12237482, 0.130050,buy
2016-11-14,2.1,0,0.88,1.87,0,1.9,0,0.03,1.72,0.17,0.08,0.7,0.27,0.04,3.8, 0.01890610, 0.01890610, 0.02333384,-0.06308324, 0.020739,buy
2016-11-15,3.44,0,2.29,3,0,1.83,0,0.13,1.82,0.03,0.31,0.18,0.15,0.05,8.15,-0.05722728,-0.05497459,-0.05504398,-0.08731873,-0.071806,sell
2016-11-16,2.6,0,3.22,2.7,0,3,0,0.52,2.93,0.06,0.96,0.02,0.09,0.06,7.92,-0.07051822,-0.07049620,-0.07049620,-0.09053400,-0.080765,sell
2016-11-17,1.28,0,1.96,1.52,0,3.23,0,2.12,2.97,0.14,3.23,0.05,0,0.07,3.65, 0.06716496, 0.05057291, 0.04693267, 0.05377061, 0.056630,buy
2016-11-18,2.17,0,1.48,0.86,0.02,2.1,0.03,3,1.61,0.31,5.9,0.14,0,0.09,1.61, 0.03149939,-0.00529409, 0.04329146, 0.03386272, 0.034185,buy
2016-11-19,2.97,0,2.06,0.48,0.06,1.81,0.11,1.01,0.82,0.72,5.81,0.36,0.03,0.1,0.69,-0.02031616,-0.03698563,-0.02795978,-0.01834853,-0.006851,sell
2016-11-20,1.42,0,2.95,0.27,0.21,2.48,0.36,0.3,0.42,1.64,4.62,0.95,0.09,0.12,0.27, 0.01533457, 0.01533457,-0.06165783, 0.00237727, 0.014452,buy
2016-11-21,0.47,0,2.34,0.15,0.8,4.64,1.17,0.12,0.21,3.87,2.81,2.56,0.35,0.14,0.15,-0.05016076,-0.01386106,-0.00828959,-0.04459031,-0.012816,buy
2016-11-22,0.25,0.04,1.15,0,2.99,6.22,2.97,0.29,0.11,6.29,1.31,6.08,1.19,0.16,0.1, 0.04541862, 0.06468131, 0.10287883, 0.10288339, 0.117306,buy
2016-11-23,0.18,0.15,0.56,0,3.23,3.93,2.28,0.84,0.13,4.65,0.56,5.75,3.19,0.19,0.29,-0.02320496, 0.02931588, 0.06258844, 0.07484758, 0.067483,buy
2016-11-24,0.41,0.55,0.28,0,1.45,1.87,0.75,2.24,0.5,3.28,0.31,3.49,2.89,0.22,0.89,-0.08124203,-0.02173143,-0.01021155,-0.02615400,-0.026941,buy
2016-11-25,0.92,1.96,0.14,0,1.82,0.99,0.32,4.85,1.86,3.68,0.22,3.7,2.18,0.25,2.76,-0.03481235,-0.01928373,-0.01275323,-0.01928373,-0.022794,sell
2016-11-26,2.12,2.99,0,0,3.24,0.61,0.25,5.21,3.13,2.41,0.24,2.21,3.24,0.29,4.89, 0.02894623, 0.02805275, 0.03332485, 0.03006962, 0.028321,buy
2016-11-27,3.29,1.29,0,0,2.81,0.34,0.64,2.69,1.8,1.18,0.62,1.15,2.43,0.34,4.18, 0.02971941, 0.03364011, 0.03714179, 0.03369399, 0.041904,buy
2016-11-28,2.46,0.53,0,0,1.86,0.4,1.71,2.12,1.83,0.91,1.62,1.2,1.12,0.4,2.23,-0.01655237, 0.00493507, 0.02081696, 0.01563324, 0.015633,buy
2016-11-29,1.74,0.67,0,0,2.21,0.46,3.37,3.19,3.1,1.1,3.52,1.84,0.74,0.46,0.88,-0.02543186,-0.02319111,-0.01944899,-0.03027892,-0.026189,sell
2016-11-30,1.93,1.7,0,0,3.15,0.53,2.75,2.32,2.09,1.61,4.02,2.97,0.84,0.53,0.32,-0.07221060,-0.05115715,-0.06242416,-0.08450342,-0.053836,sell
2016-12-01,2.85,2.95,0,0,2.61,0.61,1.97,0.9,0.82,2.72,3.85,2.51,1.25,0.61,0.13,-0.06159875,-0.03299370,-0.05104244,-0.05553428,-0.055534,sell
2016-12-02,3,1.7,0.02,0,1.56,0.7,2.45,0.34,0.45,3,2.04,1.36,2.2,0.7,0.02,-0.04451324, 0.01399025,-0.02773314,-0.00241167,-0.022846,sell
2016-12-03,1.94,0.57,0.07,0,1.18,0.8,3.12,0.13,0.48,1.97,0.7,0.79,3,0.8,0.07,-0.01493769,-0.02889086,-0.01227624,-0.02748461,-0.022244,sell
2016-12-04,1.19,0.19,0.23,0,1.35,0.92,2.35,0,0.75,1.22,0.23,0.6,2.32,0.92,0.23, 0.00063797,-0.02105188, 0.04936456, 0.03429254, 0.051574,buy
2016-12-05,0.81,0,0.76,0,2.23,1.08,1.45,0,1.46,0.83,0.13,0.77,1.41,1.05,0.76,-0.01214123,-0.01781542, 0.05286195,-0.00032407, 0.048680,buy
2016-12-06,0.83,0.03,2.42,0,4.38,1.26,1.04,0.02,2.89,0.71,0.43,1.51,0.98,1.19,2.45, 0.07617146, 0.00356300,-0.00413094,-0.00675085, 0.009272,sell
2016-12-07,1.57,0.07,2.95,0,5.97,1.57,1.09,0.06,3.09,0.9,1.34,2.97,0.99,1.36,3.02, 0.06413709, 0.00404558,-0.05145749, 0.00253835, 0.010215,buy
2016-12-08,3.11,0.17,1.14,0.09,4.16,2.06,1.7,0.14,1.79,1.6,2.97,2.58,1.57,1.54,1.4, 0.01207482,-0.00865918,-0.01755427,-0.02316666,-0.042503,sell
2016-12-09,2.1,0.45,0.43,0.26,1.9,3.11,3.1,0.36,1.39,2.97,2.15,1.08,3.21,1.76,1.09, 0.04550491, 0.05646061, 0.04408525, 0.04550491, 0.043467,buy
2016-12-10,0.73,1.17,0.26,0.77,0.86,5.42,2.77,0.88,1.87,2.77,0.86,0.45,5.87,1.97,2.07,-0.02218025,-0.03942560,-0.00088244, 0.01220454, 0.006022,sell
2016-12-11,0.27,2.95,0.4,2.32,0.4,6.82,1.29,2.16,3.98,1.29,0.67,0.22,4.98,2.24,5.27, 0.04311691, 0.03877855, 0.02150369, 0.05828453, 0.044496,buy
2016-12-12,0.1,2.79,1.17,2.97,0.11,6.71,0.59,3,6.08,0.59,1.27,0.06,2.11,2.53,5.76, 0.03743765, 0.04217967, 0.03459267, 0.05612430, 0.034405,buy
2016-12-13,0,1.05,2.95,1.25,0,5.28,0.27,1.64,3.6,0.27,2.95,0.14,0.88,2.82,2.3, 0.02282549, 0.05178002, 0.02622088, 0.02035601, 0.025166,buy
2016-12-14,0,0.39,2.56,0.41,0,3.94,0.13,0.67,1.38,0.13,2.56,0.27,0.37,3,0.8, 0.02644019, 0.03508133, 0.05617000, 0.04332596, 0.040051,buy
2016-12-15,0,0.14,0.88,0.14,0.02,3.16,0,0.31,0.54,0.03,0.88,0.47,0.02,2.82,0.28,-0.00197275, 0.01730792, 0.04138939, 0.02408909, 0.026287,buy
2016-12-16,0,0,0.3,0,0.03,2.78,0,0.16,0.2,0.05,0.3,0.74,0.03,2.53,0, 0.00833856, 0.01022846, 0.03047558, 0.01018043, 0.011713,buy
2016-12-17,0,0,0.12,0,0.09,2.57,0,0.05,0,0.05,0.1,1.13,0.04,2.26,0.02, 0.00446276, 0.00802174, 0.01084174, 0.02043496,-0.003327,buy
2016-12-18,0,0.04,0.04,0,0.17,2.63,0.02,0.06,0.02,0.1,0,1.59,0.04,2.04,0.04, 0.01663648, 0.01317660, 0.01288979, 0.02077498,-0.022229,buy
2016-12-19,0,0.07,0.08,0,0.35,2.96,0.02,0,0.02,0.07,0,2.35,0,1.84,0.08,-0.00782487,-0.00929803,-0.00811694, 0.01222580,-0.029825,buy
2016-12-20,0.05,0.12,0.22,0.02,0.94,3.79,0.04,0,0,0.17,0.02,3.89,0.04,1.67,0.22,-0.02610318,-0.02171214,-0.02034334,-0.01060383,-0.026491,sell
2016-12-21,0.12,0.2,0.53,0.04,2.55,4.51,0.1,0,0.06,0.32,0.04,6.17,0.1,1.51,0.53, 0.01914404, 0.01914404, 0.06160858, 0.06414450, 0.024617,buy
2016-12-22,0.3,0.35,1.25,0.08,3.1,3.53,0.24,0,0.15,0.65,0.08,5.58,0.24,1.37,1.25, 0.05949952, 0.05949952, 0.06733784, 0.07829124, 0.063705,buy
2016-12-23,0.81,0.62,3.05,0.17,1.71,2.39,0.6,0,0.39,1.35,0.25,2.73,0.6,1.25,3.05,-0.00166417,-0.07891792, 0.05820205, 0.03992492, 0.043782,buy
2016-12-24,1.97,1.09,5.69,0.35,1.55,1.75,1.46,0,1.05,2.86,0.55,1.23,1.46,1.15,5.69,-0.01680875, 0.00578217, 0.01500161,-0.01752996,-0.017530,buy
2016-12-25,3.55,1.92,4.77,0.73,2.96,1.37,2.97,0,2.77,4.89,1.31,0.5,2.97,1.06,4.77,-0.01462285,-0.02207737,-0.01149206,-0.01161367,-0.022077,sell
2016-12-26,3.55,3,1.88,1.51,3,1.14,2.44,0,3,5.03,3.03,0.17,2.44,1.03,1.88, 0.02969357, 0.04514829, 0.06763538, 0.04514829, 0.043569,buy
2016-12-27,4.26,2.6,0.73,3,1.19,0.99,1.02,0,1.19,3.45,6.41,0.09,1.02,1.42,0.73, 0.00704891, 0.02423528, 0.01764306, 0.02423528, 0.056879,buy
2016-12-28,4.19,1.47,0.35,2.84,0.45,0.83,0.42,0,0.45,1.82,6.68,0,0.42,3.78,0.35,-0.08028234, 0.02153448,-0.07902184, 0.02006612, 0.041178,buy
2016-12-29,3.99,0.83,0.18,1.38,0.17,0.77,0.17,0,0.17,0.97,5.23,0,0.17,2.66,0.18,-0.07640554,-0.02280305,-0.07119221,-0.01674830, 0.041832,sell
2016-12-30,2.26,0.47,0.49,0.67,0,0.75,0,0,0,0.47,2.93,0.02,0,0.96,0.49,-0.00952425,-0.02147775,-0.08354042, 0.04889684,-0.004142,sell
2016-12-31,0.75,0.26,1.26,0.33,0,0.73,0,0,0,0.26,1.08,0.05,0,0.68,1.26,-0.02390076,-0.09803152,-0.09030768,-0.02485178,-0.033228,sell
2017-01-01,0.22,0.15,2.84,0.16,0,0.78,0,0,0,0.15,0.38,0.17,0,0.64,2.84, 0.06933133, 0.03566612, 0.06530924, 0.04660831, 0.043552,buy
2017-01-02,0.08,0,3.4,0,0,0.95,0,0,0,0,0.08,0.42,0,0.6,3.4, 0.08466608, 0.03566612, 0.08840356, 0.06389284, 0.063893,buy
2017-01-03,0,0.04,2.91,0.02,0,1.46,0.03,0,0,0,0.02,1.08,0,0.57,2.95, 0.08167815,-0.00843764, 0.09419523, 0.00734604, 0.007346,sell
2017-01-04,0,0.13,3.98,0.07,0,2.79,0.05,0,0,0.04,0.07,2.68,0,0.55,4.07, 0.07667920,-0.02319471, 0.10823641, 0.06442714, 0.078380,buy
2017-01-05,0,0.35,2.83,0.18,0,3.49,0.12,0,0.02,0.1,0.21,4.01,0,0.52,3.05, 0.01018150,-0.06022751, 0.08408393, 0.06034109, 0.082358,buy
2017-01-06,0,0.85,1.23,0.49,0.03,2.04,0.24,0.04,0.06,0.27,0.57,3.98,0.03,0.5,1.77,-0.05537386,-0.04979066,-0.05020573,-0.08401927,-0.030135,sell
2017-01-07,0,2.07,0.79,1.3,0.06,1.11,0.49,0.09,0.14,0.64,1.5,3.94,0.06,0.49,2.11,-0.08009037,-0.05978376,-0.05648301,-0.05770073,-0.051682,sell
2017-01-08,0,4.82,0.73,2.95,0.15,0.72,0.99,0.2,0.35,1.51,3.49,2.5,0.15,0.47,3.7, 0.00996696, 0.01776222, 0.00996696, 0.01525942,-0.044769,buy
2017-01-09,0,7.04,1.07,2.49,0.33,0.56,2.05,0.46,0.82,3.43,3.88,2.02,0.33,0.46,3.75, 0.00117759,-0.01019968,-0.01176934,-0.00134974,-0.030314,sell
2017-01-10,0,6.89,1.71,0.94,0.73,0.45,4.31,1.08,1.95,3.93,3.89,2.7,0.75,0.45,2.78,-0.05411250,-0.05787281,-0.06849477,-0.05193701,-0.051937,sell
2017-01-11,0,4.07,3.03,0.36,1.65,0.45,5.92,2.48,3.06,3.72,2.76,3.08,1.69,0.45,3.42,-0.05388979,-0.05230094,-0.09109776,-0.05730145,-0.057758,sell
2017-01-12,0.02,1.68,3.03,0.14,2.95,0.45,3.82,3.04,2.12,3.6,1.08,1.92,3.02,0.45,3.16, 0.03042349,-0.00377525,-0.06058743, 0.03935033, 0.025954,buy
2017-01-13,0.04,0.78,1.69,0,2.34,0.45,1.8,1.67,1.2,1.98,0.4,1.01,2.47,0.45,1.67, 0.00516751,-0.00879999, 0.02410725, 0.00516751, 0.005168,buy
2017-01-14,0.08,0.84,1.06,0.09,1.04,0.45,0.86,0.89,1.1,1.14,0.22,0.53,1.27,0.45,1.37,-0.01283378,-0.02272606,-0.02328334, 0.00782017,-0.008922,sell
2017-01-15,0.18,1.84,0.99,0.28,0.46,0.46,0.48,0.69,1.6,0.98,0.18,0.34,0.87,0.46,2.41,-0.02436712,-0.02024878,-0.03511381,-0.02024878,-0.020249,sell
2017-01-16,0.39,2.95,1.41,0.88,0.2,0.47,0.29,0.86,2.74,1.41,0.39,0.29,0.94,0.47,3.95,-0.04613071,-0.04589296,-0.04597169,-0.04128317,-0.053503,sell
2017-01-17,0.92,1.52,2.38,2.77,0.09,0.49,0.34,1.31,2.97,2.38,0.92,0.34,1.4,0.49,4.29, 0.03471203, 0.03147926, 0.03977356,-0.04331139, 0.044262,buy
2017-01-18,2.3,0.5,3,2.95,0.02,0.5,0.78,2.34,1.7,3,2.26,0.78,2.34,0.52,3.49,-0.03730303,-0.03714981,-0.02116996,-0.06436560,-0.008809,sell
2017-01-19,3.07,0.17,2.02,0.98,0.02,0.53,1.79,3,0.94,1.99,3,1.79,3,0.55,1.25, 0.01267829, 0.01702002, 0.01014796, 0.01839499, 0.020192,buy
2017-01-20,1.72,0,1.19,0.31,0.02,0.58,3,2.12,0.6,1.11,1.55,3,2.12,0.58,0.56,-0.00854938,-0.01054660,-0.01032424,-0.01710932,-0.009123,sell
2017-01-21,1.17,0,0.87,0.1,0,0.63,2.14,1.23,0.51,0.67,0.75,2.14,1.23,0.59,0.72,-0.01772854,-0.02006946,-0.00161813,-0.00161707, 0.002861,sell
2017-01-22,1.74,0,1.05,0,0,0.74,0.94,0.75,0.73,0.52,0.72,0.94,0.75,0.64,1.55,-0.03322306,-0.01900256,-0.02665312,-0.02787762,-0.004577,sell
2017-01-23,2.99,0,2.01,0,0,0.99,0.42,0.57,1.33,0.63,1.38,0.42,0.62,0.69,2.99,-0.01428462,-0.01607202,-0.00143305,-0.01870304, 0.020544,buy
2017-01-24,2.33,0,4.08,0,0,1.44,0.19,0.62,2.93,1.13,2.95,0.19,0.72,0.75,2.33,-0.03451866,-0.03493569,-0.01840316,-0.00861846,-0.023922,sell
2017-01-25,1.06,0,4.66,0,0,2.45,0.09,0.97,4.36,2.24,2.42,0.13,1.2,0.83,1.06,-0.02732854,-0.02529276,-0.02213641,-0.01685204,-0.019101,sell
2017-01-26,0.78,0,3.94,0,0,4.42,0,1.73,4.7,3,0.94,0.11,2.26,0.92,0.78,-0.02009964,-0.01930683,-0.01703677,-0.02431580,-0.017647,sell
2017-01-27,1.28,0.06,2.18,0,0,4.87,0,3,3.43,1.79,0.45,0.34,4.21,1.04,1.28,-0.02016565,-0.03059005,-0.04701364,-0.03059005,-0.027181,sell
2017-01-28,2.95,0.2,1.05,0,0,5.03,0.02,2.51,1.52,0.84,0.41,1.08,5.25,1.18,2.95, 0.05675611, 0.03835089, 0.01873039, 0.04405058, 0.043372,buy
2017-01-29,2.82,0.71,0.53,0,0,4.78,0.07,1.29,0.72,0.43,0.85,2.95,4.2,1.36,2.82, 0.04637414, 0.04227670, 0.03875518, 0.04254265, 0.041827,buy
2017-01-30,1.06,2.47,0.48,0,0.03,3.15,0.24,0.74,0.53,0.3,2.76,2.51,2.05,1.56,1.06, 0.02100739, 0.04184948, 0.02276474, 0.03236155, 0.043780,buy
2017-01-31,0.4,2.97,0.69,0.11,0.1,2.46,0.76,0.7,0.76,0.47,3.57,0.78,1.03,1.85,0.51, 0.04315009, 0.06116851, 0.02387601, 0.06116851, 0.059124,buy
2017-02-01,0.15,0.98,1.22,0.45,0.36,2.47,2.51,1.47,2.51,1.3,2.2,0.28,0.76,2.2,0.6,-0.00342874, 0.00297191, 0.01776548, 0.01063859, 0.033416,buy
2017-02-02,0,0.27,2.52,1.94,1.13,2.77,2.95,3.04,2.95,2.95,2.79,0.11,1.23,2.65,1.94, 0.02239495, 0.01208953,-0.00826641, 0.00954206, 0.023039,buy
2017-02-03,0,0,3.02,3,3.22,2.97,1.02,1.9,1.02,1.9,3.02,0.25,2.97,2.97,3,-0.02880084,-0.03537600,-0.03795395,-0.04052876,-0.038928,sell
2017-02-04,0,0,1.89,1,3.19,2.77,0.3,0.54,0.3,0.54,1.89,0.61,2.58,2.77,1,-0.01517047, 0.03481939,-0.01503934,-0.01039585,-0.013828,sell
2017-02-05,0,0,1.16,0.23,2.24,2.24,0.09,0.15,0.09,0.15,1.16,1.47,0.77,2.24,0.23, 0.00539648, 0.05111317, 0.01689324, 0.01712739, 0.025355,buy
2017-02-06,0.04,0,1.12,0,3.25,1.79,0,0,0.07,0.04,1.08,2.95,0.23,1.79,0.04,-0.00049922, 0.01493556,-0.00860470,-0.00617884,-0.002383,sell
2017-02-07,0.1,0,1.73,0,2.6,1.39,0,0,0.16,0.1,1.61,2.44,0,1.39,0.12,-0.00964437, 0.00225926,-0.02031678,-0.00964437,-0.009644,sell
2017-02-08,0.26,0,3.51,0,1.4,1.11,0.04,0,0.39,0.26,3.16,1.03,0.04,1.09,0.35, 0.01278104, 0.02370890, 0.01742920, 0.01870469, 0.012906,buy
2017-02-09,0.64,0,6.39,0,1.3,0.91,0.08,0,0.96,0.64,5.36,0.43,0.08,0.82,1.03,-0.02928754,-0.03535476,-0.05073521,-0.00528172,-0.018675,sell
2017-02-10,1.59,0,7.78,0,2.22,0.95,0.19,0,2.37,1.59,4.81,0.18,0.19,0.62,2.97, 0.01523962,-0.00288938,-0.00288938, 0.04496547, 0.016086,buy
2017-02-11,2.95,0,4.73,0,2.97,1.81,0.45,0,4.21,2.95,1.86,0,0.57,0.45,2.87, 0.01760900, 0.03247538, 0.01811815, 0.00428634, 0.024047,buy
2017-02-12,2.16,0,1.72,0,1.8,3.73,1.03,0,4.77,2.16,0.73,0,1.46,0.33,0.99,-0.04713540,-0.02097735,-0.04941422,-0.05137136,-0.048023,sell
2017-02-13,0.86,0,0.63,0,0.77,3.64,2.36,0,2.56,0.86,0.28,0,3.98,0.23,0.35, 0.02597477, 0.03869299, 0.02739450, 0.01720306, 0.017203,buy
2017-02-14,0.34,0.02,0.28,0,0.33,3.63,3,0.03,0.8,0.34,0.18,0.03,6,0.16,0.12, 0.03091915, 0.06247684, 0.04252035, 0.04763395, 0.052116,buy
2017-02-15,0.14,0.04,0.09,0,0.17,1.6,1.61,0.05,0.26,0.14,0.13,0.08,2.98,0.11,0, 0.06533590, 0.02492785, 0.05465444, 0.04343686, 0.028602,buy
2017-02-16,0,0.08,0,0,0.11,0.38,0.7,0.1,0,0,0.08,0.24,1.05,0,0, 0.02262940, 0.02262940, 0.03959610, 0.03012293, 0.002901,buy
2017-02-17,0,0.16,0.04,0.07,0.48,0.17,0.3,0.21,0,0,0.23,0.75,0.39,0,0.06, 0.01524039, 0.00332479, 0.02047497, 0.00114478,-0.017708,buy
2017-02-18,0.04,0.31,0.19,0.18,2.04,0.2,0.13,0.38,0.03,0.04,0.49,2.56,0.13,0,0.22,-0.01337076,-0.01452339, 0.02159556,-0.01452339, 0.006932,sell
2017-02-19,0.19,0.69,0.93,0.47,3.07,0.48,0,0.72,0.12,0.19,1.11,4.08,0,0,1.05, 0.01040609, 0.01194237, 0.04075703, 0.00702778, 0.010406,buy
2017-02-20,0.86,1.44,2.95,1.23,1.51,1.16,0.04,1.38,0.53,0.92,2.47,3.37,0.04,0,3.24,-0.10333619,-0.10204594,-0.08278827,-0.06657947,-0.103389,sell
2017-02-21,2.92,3.05,1.84,3.01,2.42,2.77,0.17,2.64,2.19,3.05,5.55,5.32,0.17,0,2.54, 0.01805638, 0.00828245, 0.01275658, 0.00884147,-0.038969,buy
2017-02-22,2.08,4.19,0.37,2.9,3.01,2.97,0.75,3.67,3.01,2.36,5.79,5.97,0.75,0,2.06, 0.01968212, 0.02543004, 0.01340131, 0.02087438,-0.036644,buy
2017-02-23,0.44,4.85,0,1.32,1,1.31,2.97,3.42,1,1.12,2.77,3.34,2.97,0,4.11,-0.10277116,-0.08164657,-0.05805081,-0.07617374,-0.076174,sell
2017-02-24,0.09,4.96,0,0.9,0.41,0.55,2.6,3.97,0.39,1.73,1.27,1.63,2.6,0.02,5.84,-0.06203511,-0.01429522,-0.02097519,-0.08728764,-0.089266,sell
2017-02-25,0.03,4.58,0,1.25,0.38,0.34,0.59,3.55,0.34,3.9,0.73,0.92,0.62,0.04,4.17, 0.00599164, 0.01777795, 0.01800624,-0.01369616,-0.028118,buy
2017-02-26,0.05,3.72,0,2.72,0.69,0.62,0.13,1.78,0.61,4.81,1.05,0.93,0.18,0.08,2.05, 0.00112710, 0.00112710,-0.02047825, 0.05654360,-0.019086,sell
2017-02-27,0.09,2.12,0,5.97,1.29,2.49,0,0.88,1.12,4.19,3.12,2.65,0.09,0.17,1.5,-0.02942626,-0.02525970,-0.04458397,-0.04046056,-0.020555,sell
2017-02-28,0.16,3.93,0,4.25,2.4,2.95,0,0.47,2.03,3.21,2,3.06,0.16,0.4,3.33,-0.02486971,-0.02847121,-0.03815327,-0.03609514,-0.037981,sell
2017-03-01,0.29,5.57,0,1.5,3.77,0.7,0,0.2,2.97,4.01,0.41,0.72,0.29,0.86,2.83, 0.07250681, 0.07250681, 0.07036754, 0.06662600, 0.067739,buy
2017-03-02,0.52,3.46,0,0.55,4.2,0.14,0,0.11,2.38,3.47,0.04,0.16,0.52,1.95,0.59, 0.00468596, 0.01165297,-0.00558322, 0.01886712,-0.005573,buy
2017-03-03,0.96,0.69,0,0.27,4.28,0,0.03,0.02,1.31,0.83,0.04,0.05,0.96,3.24,0.09, 0.04384050, 0.04020062,-0.03530238, 0.04687615, 0.033508,buy
2017-03-04,1.74,0.14,0,0.13,2.71,0,0.06,0.02,0.72,0.23,0.04,0.08,1.74,2.57,0, 0.02627354, 0.01603322, 0.00390088, 0.02204340, 0.001237,buy
2017-03-05,3.02,0.04,0,0,1.22,0,0.22,0,0.4,0,0.04,0.22,2.97,2.11,0.05, 0.04256985, 0.04256985, 0.03629053, 0.04256985,-0.008250,buy
2017-03-06,3.05,0.04,0.03,0,0.54,0,0.72,0,0.22,0.03,0.07,0.72,2.77,3.19,0.25, 0.06130663, 0.06130663, 0.03864946, 0.03456390, 0.016139,buy
2017-03-07,2.56,0,0.22,0,0.24,0,2.78,0,0.12,0.22,0.07,2.78,1.52,3.09,0.97, 0.04207775, 0.04434987,-0.00862939,-0.03928889, 0.037647,buy
2017-03-08,4.65,0,1.08,0,0,0,5.01,0,0.09,1.08,0.14,5.01,0.82,1.34,3.69,-0.05438868,-0.04176777,-0.02348750,-0.05714183,-0.074304,sell
2017-03-09,4.82,0,3.45,0,0,0,3.75,0.04,0.5,3.45,0.28,3.75,0.49,0.59,4.09, 0.00400318, 0.02098174, 0.01776539, 0.00063167,-0.048099,sell
2017-03-10,4.17,0,2.78,0,0,0,1.85,0.21,2.6,2.78,0.56,1.85,0.46,0.25,3.36,-0.02383826, 0.03665886, 0.06583583, 0.00849670,-0.031078,sell
2017-03-11,3.28,0,3.24,0,0,0,0.71,1.17,3.14,3.24,1.11,0.71,1.3,0.11,2.04,-0.04334060, 0.00492051, 0.04390013, 0.02443879, 0.020304,buy
2017-03-12,3.06,0,2.63,0,0,0,0.3,3.01,1.12,2.56,2.27,0.3,3.01,0,0.86, 0.04557305, 0.03822245, 0.04557305, 0.04597182, 0.060034,buy
2017-03-13,3.34,0,1.36,0,0,0,0.12,1.39,1.26,0.96,3.37,0.12,1.39,0,0.37, 0.09099599,-0.00785179, 0.07452951, 0.08133117, 0.086988,buy
2017-03-14,2.15,0,2.8,0,0,0,0,0.47,2.65,0.36,4.43,0,0.47,0,0.16, 0.03406530, 0.01174987, 0.10492508, 0.10492508, 0.099165,buy
2017-03-15,1,0,3.09,0,0,0.02,0,0.57,2.97,0.14,3.95,0,0.57,0,0, 0.03928255, 0.05052708, 0.06307270, 0.04870078, 0.091616,buy
2017-03-16,0.51,0,0.57,0,0,0.04,0,1.32,1.47,0,1.08,0,1.32,0,0, 0.12117720, 0.11648780, 0.14474371, 0.15728821, 0.147491,buy
2017-03-17,0.25,0,0.14,0,0,0.07,0,3,0.69,0,0.39,0,3,0,0,-0.05309012,-0.05279677,-0.01548291, 0.01033952,-0.064176,sell
2017-03-18,0.13,0,0.12,0,0,0.13,0,2.77,0.4,0,0.25,0,2.77,0,0,-0.03364803,-0.03364803, 0.00324253, 0.01678477,-0.013788,sell
2017-03-19,0,0.05,0.3,0,0,0.24,0,1.18,0.36,0,0.33,0,1.2,0,0, 0.11615589, 0.11272366, 0.10294963, 0.09849779, 0.083572,buy
2017-03-20,0,0.2,0.79,0,0,0.43,0,0.5,0.43,0,0.95,0,0.54,0,0, 0.09676440, 0.09676440, 0.09002369, 0.09741507, 0.088632,buy
2017-03-21,0,0.92,1.99,0.04,0,0.76,0,0.33,0.76,0.04,2.83,0.12,0.29,0.02,0,-0.00505571, 0.07321728, 0.05520116, 0.05314751,-0.005056,buy
2017-03-22,0,3.07,3.05,0.23,0,1.36,0,0.79,1.36,0.23,5.97,0.58,0.24,0.08,0.12, 0.03102837,-0.01576846,-0.01907869,-0.01779467,-0.094394,buy
2017-03-23,0,2.24,1.83,1.2,0,2.44,0,3.2,2.44,1.2,3.79,2.7,0.28,0.36,0.5, 0.01938483, 0.05691803, 0.03250350, 0.03650154, 0.057803,buy
2017-03-24,0,0.91,0.82,2.95,0.05,3,0,4.92,3.05,2.95,1.21,2.95,0.52,1.52,1.97,-0.00261620,-0.03655964,-0.04720404,-0.04503647,-0.034409,sell
2017-03-25,0,1.05,0.51,1.43,0.21,2.03,0,3.66,2.24,1.43,0.59,0.71,0.97,2.95,2.95, 0.11202240, 0.00121332, 0.04025826,-0.00511739, 0.023771,sell
2017-03-26,0.1,1.79,0.51,0.31,0.78,1.14,0,1.32,1.92,0.31,0.51,0.17,1.89,1.31,1.15,-0.05558510,-0.03894223,-0.05558510,-0.05558510,-0.058096,sell
2017-03-27,0.37,3,0.65,0,2.72,0.64,0,0.33,3.36,0,0.65,0,3.37,0.31,0.33,-0.08081100,-0.07478438,-0.07496796,-0.08701669,-0.095175,sell
2017-03-28,1.27,2.62,1.08,0,2.97,0.36,0,0.13,3.33,0,1.12,0.02,3.86,0,0.1,-0.09347610,-0.07943123,-0.07935594,-0.09347610,-0.099557,sell
2017-03-29,3.1,1.42,1.77,0,0.99,0.2,0,0.06,1.19,0.03,1.86,0.03,4.43,0,0, 0.03681486,-0.03067659, 0.05809346,-0.00484737, 0.038862,buy
2017-03-30,2.75,0.76,2.85,0,0.34,0.11,0,0.1,0.45,0.06,3.16,0.06,3.18,0,0,-0.02474377,-0.04988655,-0.00651112,-0.03108816, 0.020021,sell
2017-03-31,1.95,0.44,3.14,0,0.13,0,0,0.16,0.16,0.14,4.04,0.12,1.39,0,0,-0.04956149,-0.04438313,-0.06476691,-0.06416356,-0.062029,sell
2017-04-01,3.03,0.3,2.33,0,0,0,0,0.26,0.04,0.29,4.61,0.22,0.8,0,0,-0.04420321,-0.04514534,-0.06982642,-0.07100036,-0.055048,sell
2017-04-02,3.52,0.33,1.93,0,0,0,0.02,0.41,0.07,0.6,4.51,0.41,0.67,0,0.02,-0.01607093,-0.03818448,-0.05320210,-0.04420403,-0.035999,sell
2017-04-03,2.31,0.54,2.17,0.06,0,0,0.04,0.66,0.11,1.32,3,0.8,0.62,0,0.04, 0.00749359, 0.00391466,-0.05797624,-0.01382228, 0.008682,buy
2017-04-04,2.19,1.36,3.29,0.16,0,0,0.06,1,0.17,2.83,2.75,1.51,0.91,0,0.06, 0.02807898, 0.02454519,-0.00175633, 0.02652730, 0.026527,buy
2017-04-05,3.04,2.95,3.45,0.44,0,0,0.09,1.5,0.26,3.44,3.82,2.82,1.3,0,0.09,-0.03202850,-0.04364927,-0.01438374,-0.02421717,-0.036201,sell
2017-04-06,3.29,2.56,1.89,1.19,0,0,0.14,2.29,0.38,2.75,3.15,3.5,1.79,0,0.17,-0.05507797,-0.04584963,-0.03416615,-0.03816549,-0.046388,sell
2017-04-07,2.01,1,1,2.95,0,0,0.24,3.61,0.56,3.7,1.42,2.97,2.4,0,0.3, 0.01888580,-0.01018103, 0.04009177, 0.04826362, 0.020281,buy
2017-04-08,1.18,0.4,0.56,2.72,0,0,0.39,5.85,0.77,3.08,0.73,3.76,3,0,0.49, 0.00466301,-0.01304126, 0.05284247, 0.04083492, 0.025089,buy
2017-04-09,0.74,0.16,0.35,1.01,0,0,0.61,6,1.01,1.18,0.42,3.52,2.91,0,0.77,-0.01335757,-0.05092512, 0.03714727,-0.01335757, 0.021791,sell
2017-04-10,0.56,0,0.17,0.38,0.03,0,0.94,3.88,1.35,0.38,0.24,1.58,2.39,0,1.22, 0.03009589, 0.02395284, 0.02405082,-0.00623713, 0.024018,buy
2017-04-11,0.5,0,0.18,0.14,0.12,0,1.48,2.96,1.76,0.14,0.22,0.69,2.03,0.04,1.96, 0.03419591, 0.00356532, 0.00683928, 0.00605594, 0.003565,sell
2017-04-12,0.52,0,0.22,0,0.28,0,2.31,2.84,2.27,0,0.24,0.23,1.89,0.1,3.14, 0.03665926, 0.02162910, 0.01930919, 0.02162910, 0.015923,buy
2017-04-13,0.74,0,0.32,0,0.66,0,3.61,3.36,3.01,0,0.26,0.09,1.91,0.26,5.08, 0.01649383, 0.01086028, 0.01086028, 0.01086028, 0.001798,buy
2017-04-14,1.14,0,0.51,0,1.56,0,4.2,4.48,4.23,0,0.38,0,2.2,0.64,6.52,-0.03504166,-0.02846058,-0.02846058,-0.01980174,-0.038209,sell
2017-04-15,1.87,0,0.87,0,3.62,0,4.21,4.17,6.48,0,0.56,0,2.99,1.52,5.37,-0.00351676,-0.00228002, 0.00862038,-0.00175098,-0.001443,sell
2017-04-16,3.37,0.03,1.58,0,5.92,0,4.3,3.03,8.14,0.03,0.91,0,4.85,2.99,3.55,-0.00526357,-0.00767324, 0.01581658,-0.00387911, 0.000973,buy
2017-04-17,5.28,0.06,2.9,0,4.34,0,3.17,2.6,6.33,0.06,1.59,0,7.49,2.59,2.59, 0.01498693, 0.00764427, 0.01709387,-0.01420930, 0.014987,buy
2017-04-18,5.63,0.12,3.12,0,1.96,0,1.86,2.68,4.27,0.12,2.97,0,6.96,1.56,2.09, 0.01288661, 0.00450812, 0.01162495,-0.02488660, 0.012887,buy
2017-04-19,7.12,0.28,1.86,0,0.97,0,1.13,3.29,3.21,0.26,5.84,0.02,4.95,2.46,1.88,-0.00240449,-0.00178945,-0.00918611,-0.02610481,-0.002707,buy
2017-04-20,7.98,0.57,1.12,0,0.6,0,0.68,4.52,2.61,0.53,7.73,0.04,4.33,3.22,1.83, 0.00090343,-0.00034183,-0.00564984,-0.01889126, 0.000728,buy
2017-04-21,5.66,1.18,0.76,0,0.52,0,0.41,6.35,2.25,1.1,6.67,0.08,4.36,1.09,1.92,-0.00884864,-0.00138642,-0.03242343,-0.02443000,-0.002286,sell
2017-04-22,4.38,2.41,0.63,0,0.77,0,0.26,6.43,2.29,2.26,4.91,0.15,4.27,0.22,2.39,-0.03063173,-0.02481756,-0.06068658,-0.02741170,-0.023796,sell
2017-04-23,4.62,3.25,0.65,0,1.46,0,0.09,5.62,2.62,2.97,2.83,0.28,4.61,0,3.54,-0.00599744,-0.00044606, 0.00466865,-0.01652303,-0.013744,sell
2017-04-24,4.74,2.39,0.73,0,2.67,0,0,5.29,3.6,1.87,1.93,0.52,4.52,0,4.31, 0.00370960, 0.02509943, 0.02509943, 0.00915045, 0.010975,buy
2017-04-25,3.6,1.89,1.04,0,2.97,0,0,3.38,3.7,0.92,1.63,0.97,3.25,0,3.14, 0.01880697, 0.03022587, 0.03022587, 0.02798157, 0.033207,buy
2017-04-26,2.62,2.24,1.54,0,1.85,0.03,0,1.85,2.44,0.45,1.86,1.79,2.09,0,2.06, 0.01919649, 0.01870386, 0.01687716, 0.01969105, 0.053283,buy
2017-04-27,1.92,3.27,2.32,0,1.11,0.06,0,1.06,1.58,0.22,2.42,3,1.42,0,1.51, 0.03167686, 0.03779711, 0.04896577, 0.06339067, 0.029397,buy
2017-04-28,1.55,2.86,3,0,0.7,0.15,0,0.58,1.15,0.11,3,2.62,1.07,0,1.19, 0.06072088, 0.06367962, 0.05320777, 0.07264782, 0.055388,buy
2017-04-29,1.26,1.73,2.47,0,0.47,0.33,0,0.37,1.01,0,2.47,1.44,0.95,0,0.97, 0.04039582, 0.04949916, 0.04817956, 0.05207422, 0.038385,buy
2017-04-30,1.04,1.54,1.59,0,0.33,0.8,0,0.18,1.24,0.05,1.54,0.8,1.23,0.03,0.73,-0.00759885, 0.02847275, 0.01677528, 0.03246572, 0.014756,buy
2017-05-01,0.88,2.3,1.07,0,0.25,1.78,0,0.13,2.09,0.12,0.95,0.44,2.25,0.04,0.62,-0.03300521,-0.00457292, 0.02109114,-0.03287156,-0.031592,sell
2017-05-02,0.75,3.17,0.89,0,0.21,3.06,0,0.04,3.21,0.31,0.58,0.26,3.18,0.06,0.52,-0.05643591,-0.02977271,-0.02118125,-0.06615921,-0.066617,sell
2017-05-03,0.68,1.97,1.16,0,0.18,2.28,0,0.04,2.38,0.82,0.36,0.18,2.07,0.08,0.42,-0.05730486, 0.01083081, 0.01754438,-0.05418337,-0.049116,buy
2017-05-04,0.67,0.75,2.3,0,0.18,1.07,0,0,1.14,2.12,0.23,0.05,0.99,0.11,0.33, 0.05719993, 0.03869372, 0.02123244, 0.06511188, 0.066032,buy
2017-05-05,0.73,0.31,3.11,0,0.19,0.59,0,0,0.61,3.04,0.14,0.11,0.6,0.16,0.27, 0.06607231, 0.07831007, 0.00578069, 0.04818627, 0.078538,buy
2017-05-06,0.94,0.12,1.58,0,0.23,0.41,0,0,0.41,1.65,0.04,0.26,0.49,0.21,0.22, 0.06520861, 0.07254643, 0.06479250, 0.06739715, 0.065134,buy
2017-05-07,1.47,0,0.62,0,0.28,0.32,0,0,0.28,0.76,0.05,0.62,0.5,0.29,0.19, 0.05424782, 0.06069826, 0.05306650, 0.05412830, 0.058241,buy
2017-05-08,2.68,0,0.24,0,0.38,0.42,0,0,0.38,0.52,0.08,1.48,0.72,0.38,0.16,-0.02010091,-0.00240029,-0.00533007,-0.00618766, 0.009237,sell
2017-05-09,4.84,0,0.09,0,0.54,0.53,0,0,0.54,0.65,0.12,2.95,1.12,0.48,0.14,-0.07527038,-0.07527038,-0.07397215,-0.00246999,-0.005142,sell
2017-05-10,5.62,0,0,0,0.84,0.68,0,0,0.82,1.11,0.2,2.47,1.84,0.63,0.07,-0.03323089,-0.03130458,-0.02709185,-0.00128462,-0.000067,sell
2017-05-11,6.55,0,0.05,0,1.34,0.87,0,0,1.32,2.2,0.35,1.06,2.99,0.79,0.1,-0.03591496,-0.01684292,-0.02115599,-0.01261350, 0.011940,sell
2017-05-12,6.79,0.02,0.11,0,2.29,1.08,0,0.02,2.26,2.97,0.67,0.48,2.8,0.98,0.15,-0.04924445,-0.02488131,-0.04110276,-0.02874534, 0.013094,sell
2017-05-13,4.98,0.04,0.25,0.04,3.04,1.35,0.05,0.03,3.05,2.08,1.33,0.28,1.62,1.21,0.21,-0.03831371,-0.00880437,-0.03274885,-0.02111880, 0.000594,sell
2017-05-14,4.43,0.13,0.56,0.08,2.19,1.64,0.12,0.08,2.26,1.16,2.78,0.18,1.12,1.44,0.29,-0.02013778, 0.01557379,-0.00487947,-0.00497027,-0.015078,buy
2017-05-15,3.86,0.28,1.27,0.18,1.18,1.98,0.28,0.16,1.41,0.81,3.25,0.33,1.3,1.7,0.39,-0.02668701,-0.01113745,-0.01745410,-0.02534051, 0.022981,sell
2017-05-16,1.94,0.64,2.97,0.38,0.61,2.39,0.64,0.34,1.19,0.9,2.15,0.61,2.52,2,0.54, 0.00685746,-0.00569348, 0.00050795, 0.00680541, 0.021519,buy
2017-05-17,0.79,1.46,4.09,0.83,0.32,2.84,1.44,0.78,1.7,1.59,2.11,1.14,2.95,2.3,0.76, 0.04739474, 0.04749889, 0.04836244, 0.04739474, 0.037504,buy
2017-05-18,0.27,3.35,3.56,1.82,0.18,3.35,2.97,1.84,3.09,3.37,3.61,2.1,1.48,2.62,1.07, 0.10478247, 0.10478247, 0.08535085, 0.10479406, 0.104782,buy
2017-05-19,0.11,5.95,3.6,3,0,3.95,2.62,3.49,2.62,5.97,6.01,3.06,0.6,2.89,1.57, 0.06925069, 0.07753857, 0.06316323, 0.08412236, 0.076926,buy
2017-05-20,0,4.52,2.52,2.18,0,4.39,1.15,3.31,1.15,4.42,4.46,2.43,0.24,3,2.37, 0.08755487, 0.08877717, 0.06649490, 0.08237074, 0.082371,buy
2017-05-21,0,2.08,1.33,0.98,0,4.61,0.53,3.04,0.5,1.88,1.91,1.58,0.1,2.77,3.83,-0.04357072, 0.00132904, 0.08679984, 0.00008165,-0.001098,sell
2017-05-22,0,1.34,0.66,0.48,0,4.95,0.27,3.71,0.22,0.79,0.82,1.45,0.13,2.51,5.49,-0.07830584, 0.02551852, 0.07724224, 0.02191817, 0.036559,buy
2017-05-23,0,1.68,0.36,0.28,0,5.34,0.18,3.04,0.14,0.34,0.35,2.19,0.34,2.3,5.22,-0.03813388, 0.05269646, 0.07432402, 0.04847152, 0.045830,buy
2017-05-24,0,3.5,0.28,0.25,0,4.98,0.13,2.68,0.13,0.17,0.09,4.45,1,2.1,3.88,-0.04180796, 0.05542455, 0.06794042, 0.06066053, 0.060661,buy
2017-05-25,0,5.84,0.4,0.34,0,4.42,0.25,3.45,0.4,0.29,0.03,6.05,3.21,1.94,2.78,-0.02574633,-0.02044608,-0.03688562,-0.02354319,-0.021133,sell
2017-05-26,0,4.38,1.01,0.65,0,4.62,0.43,2.58,1.25,1.01,0.06,3.73,3.62,1.82,2.18,-0.06035600,-0.05997487,-0.05730854,-0.05503327,-0.057813,sell
2017-05-27,0.07,1.42,2.95,1.25,0,5.92,0.75,1.16,3.08,2.95,0.12,1.64,2.13,1.73,1.87, 0.06455580, 0.09687537, 0.06356412, 0.06455580, 0.006026,buy
2017-05-28,0.2,0.47,2.32,2.42,0,4.75,1.29,0.68,2.37,2.32,0.23,0.79,2.75,1.65,2.02, 0.12264617, 0.12344731, 0.12094655, 0.12094655, 0.092449,buy
2017-05-29,0.7,0.1,0.62,3,0,2.91,2.21,0.61,1.01,0.67,0.47,0.65,3.27,1.58,2.5, 0.06947384, 0.06947384, 0.09963775, 0.06947384, 0.068957,buy
2017-05-30,2.23,0,0.16,1.87,0.05,2.25,3.82,0.82,0.94,0.28,0.91,1.48,2.53,1.52,3.54, 0.06361385, 0.06452213, 0.08215181, 0.06425092, 0.059415,buy
2017-05-31,5.05,0,0,0.98,0.12,1.92,4.54,1.3,1.42,0.28,1.74,3,2.6,1.48,3.39, 0.04476273, 0.05928722, 0.01986195, 0.02427367, 0.048612,buy
2017-06-01,5.45,0,0.08,0.5,0.28,1.8,4.74,2.3,2.58,0.67,3.33,1.47,3.53,1.46,2.11, 0.05119572, 0.06832900, 0.06689539, 0.04882091, 0.065198,buy
2017-06-02,4.99,0.03,0.35,0.26,0.63,1.73,3.96,3,3.6,1.64,3.8,0.34,2.77,1.46,1.34, 0.04928460, 0.03466874, 0.04061187, 0.02057568, 0.037768,buy
2017-06-03,6.04,0.13,1.71,0.14,1.44,1.65,2.26,2.33,3.72,3.1,3.87,0,2.72,1.44,0.85,-0.00043271,-0.00701770,-0.01404523,-0.03513528,-0.011119,sell
2017-06-04,5.56,0.6,2.98,0,3,1.6,1.65,1.96,4.68,2.86,4.49,0.06,3.27,1.44,0.55,-0.00078802,-0.03687496, 0.00484747,-0.05461367,-0.011942,sell
2017-06-05,2.7,3.02,1.12,0,2.6,1.61,2.88,3.58,5.51,3.95,4.93,0.16,1.12,1.48,0.36, 0.05574795, 0.09498556, 0.06910980, 0.07189462, 0.094036,buy
2017-06-06,1.04,2.92,0.52,0,1.11,1.61,3.31,2.59,4.45,3.22,3.06,0.43,0.19,1.51,0.24, 0.03710878, 0.09441350, 0.05105159, 0.06322768, 0.089173,buy
2017-06-07,0.42,1.08,0.79,0,0.47,1.54,0.98,0.63,1.46,0.72,0.78,1.32,0,1.54,0.09,-0.08256528, 0.01450096, 0.01963202, 0.04180859, 0.029433,buy
2017-06-08,0.1,3.02,1.87,0,0.2,1.59,0.15,0.12,0.47,0.1,0.1,4.79,0,1.59,0, 0.01479809, 0.02296516, 0.00956926, 0.01731746,-0.009087,buy
2017-06-09,0,2.87,3,0.02,0.08,1.65,0,0,0.08,0,0,5.87,0.02,1.65,0,-0.00071267, 0.00184951, 0.00675185,-0.00071267,-0.017368,buy
2017-06-10,0.02,0.53,1.94,0.05,0,1.71,0,0,0,0.02,0,2.44,0.08,1.71,0,-0.01969622,-0.03004768, 0.00839810,-0.00485020,-0.031780,sell
2017-06-11,0.14,0.07,0.81,0.12,0,1.8,0.05,0,0,0.14,0,0.81,0.19,1.8,0.05, 0.02185336, 0.02343128, 0.02374558, 0.02714716, 0.014991,buy
2017-06-12,0.83,0.2,0.34,0.31,0,1.89,0.22,0,0,0.83,0.02,0.34,0.51,1.89,0.2, 0.01081458, 0.01095952, 0.01275641, 0.02197234, 0.021717,buy
2017-06-13,2.95,0.52,0.14,0.78,0,2.01,0.93,0.02,0.02,2.95,0.06,0.14,1.3,2.01,0.87, 0.02113123, 0.02275460,-0.00222978, 0.02171636, 0.020310,buy
2017-06-14,1.59,1.38,0.31,1.96,0,2.14,3.09,0.05,0.05,1.64,0.16,0.26,3.34,2.12,2.95,-0.00448612,-0.00448612, 0.09226269,-0.00448612, 0.001474,sell
2017-06-15,0.24,3,1.89,2.95,0,2.4,2.46,0.11,0.19,0.36,0.38,1.77,5.95,2.28,2.12,-0.05970715,-0.07311172,-0.04995930,-0.06603278,-0.105473,sell
2017-06-16,0,2.34,3.22,1.85,0,2.71,1.31,0.28,0.45,0.33,0.92,2.92,4.19,2.42,0.48, 0.01755292, 0.00716063, 0.00716063, 0.00351353,-0.017257,buy
2017-06-17,0,0.88,1.43,1.27,0,3.26,2.22,0.65,1.06,0.8,2.25,0.68,2.15,2.65,0.17, 0.03813832, 0.03813832, 0.03813832, 0.04202015, 0.036548,buy
2017-06-18,0,0.33,1.94,3.26,0,4.32,3.25,1.53,2.62,1.93,3.49,0.1,3.59,2.95,0.11, 0.05354904, 0.00998021, 0.00948769, 0.00998021, 0.039732,buy
2017-06-19,0.04,0.12,2.97,2.1,0,6.56,3.74,3.7,6.45,3.13,4.19,0.04,2.22,3.49,0.2, 0.01107139, 0.00007538,-0.01123887,-0.00438378, 0.011071,sell
2017-06-20,0.11,0,1.9,0.27,0,6.81,3.56,6.25,8.6,2.18,4.41,0.11,0.27,4.43,0.38, 0.01036096, 0.01036096, 0.01036096, 0.01036096, 0.010361,buy
2017-06-21,0.29,0,0.77,0,0,6.02,0.82,4.38,4.7,1.27,2.43,0.29,0,5.67,0.89,-0.03404029,-0.02059809,-0.02453340,-0.01441084,-0.019367,sell
2017-06-22,0.77,0,0.31,0,0,8.04,0.11,2.23,1.31,1.16,3.11,0.77,0,4.41,2.62, 0.01213766,-0.02237521, 0.02172384, 0.01238811, 0.014143,buy
2017-06-23,2.01,0,0.12,0,0,8.86,0,2.61,0.4,1.6,2.89,2.01,0,2.9,4.44,-0.03526654,-0.03196773, 0.06173299, 0.02483485, 0.047346,buy
2017-06-24,3,0,0.05,0.03,0,5.67,0,4.21,0.1,2.53,1.61,3.03,0.05,2.27,3.58,-0.04079442,-0.04738519, 0.03717665,-0.01691295,-0.030615,sell
2017-06-25,1.64,0,0.13,0.06,0,4.96,0,5.9,0,3.11,1.31,1.7,0.13,1.85,4.59,-0.10269538,-0.08224926,-0.01840566,-0.08312760,-0.053606,sell
2017-06-26,0.62,0,0.36,0.1,0,7.57,0,5.69,0,2.67,3.38,0.72,0.36,1.7,5.51,-0.10999822,-0.10237078, 0.00055611,-0.08948080,-0.049257,sell
2017-06-27,0.23,0,0.98,0.25,0.02,7.17,0,5.92,0,4.09,2.71,0.48,0.98,1.52,4.79,-0.10202710,-0.08654317,-0.02522715,-0.08654317,-0.073461,sell
2017-06-28,0.09,0.03,2.74,0.77,0.02,4.08,0,3.78,0,2.67,0.68,0.86,2.74,1.37,3.19, 0.02792499, 0.01670012, 0.03444640, 0.02929277, 0.029293,buy
2017-06-29,0,0.06,2.97,3.3,0.13,2.74,0.06,1.72,0.06,0.8,0.57,3.3,2.97,1.22,2.06,-0.01713969,-0.00697454, 0.01780904,-0.01373961,-0.025812,sell
2017-06-30,0,0.16,1.32,4.11,0.46,2.34,0.16,1.77,0.16,0.45,1.55,4.11,1.32,1.09,1.64,-0.03627904,-0.02853173,-0.03850326,-0.05158404,-0.054838,sell
2017-07-01,0,0.39,1.6,2.66,1.83,2.45,0.42,3.4,0.42,0.64,3.96,2.66,1.6,0.98,2.49, 0.01427592,-0.02957218,-0.02969612,-0.03125578,-0.029696,sell
2017-07-02,0.05,0.98,3.08,2.97,3.38,3.48,1.13,3.02,1.18,1.23,5.33,2.97,3.08,0.86,3.44, 0.03977644, 0.00937351, 0.01643477, 0.00944125, 0.020809,buy
2017-07-03,0.27,2.5,1.27,2.22,3.54,3.96,2.97,1.54,3.24,3,6.17,2.28,1.27,0.77,1.54, 0.05847920, 0.05965003, 0.03958347, 0.05683658, 0.065202,buy
2017-07-04,1.44,3.11,0.37,1.25,3.35,2.36,2.89,1.56,4.33,4.16,4.84,1.41,0.37,0.68,0.54, 0.03245024, 0.07450861, 0.05513687, 0.06167257, 0.099370,buy
2017-07-05,2.92,1.86,0.33,0.73,0.86,1.32,1.1,2.78,4.02,4.08,1.45,1.16,0.33,0.6,0.26, 0.01553169, 0.00661618,-0.00431241,-0.03842844, 0.036583,buy
2017-07-06,1.12,1.73,0.62,0.55,0.25,0.78,0.41,2.97,1.53,3.54,0.41,1.71,0.62,0.52,0.1, 0.05586402, 0.05586402, 0.05586402, 0.03550594, 0.073848,buy
2017-07-07,0.22,3.24,1.19,0.63,0.18,0.56,0.15,1.5,0.37,1.73,0.16,3.58,1.25,0.46,0.12,-0.06574639,-0.03047012,-0.07402698,-0.06482324,-0.074027,sell
2017-07-08,0,3.11,2.26,1.13,0.25,0.4,0,0.69,0,0.78,0.11,3.85,2.56,0.4,0.14,-0.09070553,-0.07317610,-0.09582971,-0.08350710,-0.081786,sell
2017-07-09,0.02,2.49,3.04,2.47,0.38,0.35,0,0.32,0.02,0.32,0.21,3.46,4.54,0.35,0.17,-0.08021777,-0.07533675,-0.08650745,-0.04963506,-0.070011,sell
2017-07-10,0.03,3.31,2.18,2.97,0.59,0.31,0,0.14,0.06,0.14,0.39,3.33,5.1,0.31,0.2,-0.10180290,-0.10270434,-0.10315534,-0.07722544,-0.109213,sell
2017-07-11,0.06,1.45,1.35,1.48,0.96,0.27,0.06,0,0.2,0.06,0.72,1.61,2.53,0.27,0.24,-0.05571068,-0.02202394,-0.02202394,-0.05011146, 0.054400,sell
2017-07-12,0.11,0.84,1.18,0.62,1.66,0.23,0.24,0,0.7,0.24,1.37,0.62,1.43,0.23,0.29,-0.01265851, 0.04589347, 0.01023273, 0.04729133, 0.058475,buy
2017-07-13,0.24,2.47,1.75,0.26,2.94,0.2,0.92,0,2.67,0.96,2.6,0.26,1.75,0.2,0.34,-0.00360583, 0.04662819,-0.01737530,-0.00360583,-0.011490,sell
2017-07-14,0.45,2.97,3.35,0.11,3.55,0.17,2.97,0,3.33,3.06,3.14,0.34,3.12,0.17,0.41,-0.08368397,-0.05222077,-0.08096140,-0.08439488,-0.083684,sell
2017-07-15,0.9,0.84,3.45,0,2.77,0.15,2.51,0,1.52,2.73,2.26,0.92,2.53,0.15,0.51,-0.04022940,-0.03682363,-0.00206689,-0.03505315,-0.035053,sell
2017-07-16,1.85,0.21,4,0,2.63,0.13,0.71,0,1.45,1.25,2.01,3.02,1.05,0.13,0.62,-0.01428785,-0.06823799,-0.06715380, 0.04993483,-0.014288,sell
2017-07-17,3.9,0,2.91,0,3.77,0.11,0.2,0,2.29,1.54,3.02,2.51,0.67,0.11,0.75, 0.02507113,-0.09111822,-0.06380035, 0.04416875, 0.013232,buy
2017-07-18,7.39,0,1.16,0,4.22,0.09,0,0,3.38,3,3.34,1,1.17,0.11,0.91, 0.02893192, 0.03309898, 0.02318976,-0.00442561, 0.044701,buy
2017-07-19,8.84,0,1.18,0,2.71,0,0,0,3.29,2.58,1.74,1.18,2.97,0.03,1.11,-0.01619404, 0.00268411, 0.00049617,-0.02264965, 0.070248,sell
2017-07-20,6.95,0,2.88,0.06,1.99,0,0,0,3.61,1.04,1.18,2.84,2.4,0.05,1.36,-0.01061393, 0.04640361, 0.04520692, 0.07372042, 0.079345,buy
2017-07-21,4.77,0,3.09,0.18,1.99,0,0,0,3.8,0.42,2.26,2.97,0.85,0.07,1.69, 0.04269807, 0.02981219, 0.04342174, 0.13557573, 0.048624,buy
2017-07-22,2.35,0.02,1.47,0.51,2.32,0.05,0.02,0,2.37,0.22,3.09,1.08,0.73,0.09,2.15, 0.00804100, 0.04004712, 0.06146864, 0.07415517, 0.018488,buy
2017-07-23,0.88,0.04,1.59,1.48,2.81,0.15,0.07,0,2.08,0.15,1.37,0.39,1.52,0.12,2.72,-0.08123091,-0.08759078,-0.08508572,-0.06684955,-0.094422,sell
2017-07-24,0.4,0.21,3.09,3,3.6,0.39,0.2,0,3.35,0.39,0.61,0.23,3.12,0.14,3.52,-0.03452531,-0.03204333,-0.07661891, 0.03497743, 0.042283,sell
2017-07-25,0.12,0.5,2.42,2.01,4.69,0.98,0.59,0.03,2.57,0.98,0.72,0.25,2.26,0.17,4.63,-0.07819635,-0.07870480,-0.11009297, 0.01209065, 0.001913,sell
2017-07-26,0,1.23,0.85,0.7,6.2,2.4,1.71,0.09,0.94,2.4,1.71,0.7,1.23,0.2,6.2, 0.04672164, 0.04292726,-0.03125088, 0.01986567, 0.081855,buy
2017-07-27,0,2.99,0.31,0.24,6.09,2.95,2.95,0.25,0.56,2.95,2.95,1.85,1.38,0.22,6.21, 0.00776855, 0.02327479,-0.01051028,-0.01381680, 0.011005,sell
2017-07-28,0,5.43,0.12,0,4.63,1.58,1.71,0.72,0.84,1.58,1.71,2.97,2.46,0.24,4.96,-0.07610042,-0.07037598,-0.07960485,-0.08059136,-0.079692,sell
2017-07-29,0,6.47,0,0,3.59,0.7,0.59,2.06,2.06,0.7,0.59,1.82,4.65,0.24,4.24,-0.06533555,-0.04899583,-0.06533555,-0.05988365,-0.040691,sell
2017-07-30,0,6.05,0,0,2.85,0.33,0.2,2.95,2.97,0.33,0.2,0.75,5.28,0.24,3.97,-0.05798291,-0.03222124,-0.05907322,-0.05798291,-0.037937,sell
2017-07-31,0,4.13,0,0,2.31,0.16,0,1.48,1.53,0.16,0,0.32,3.76,0.24,4.04, 0.03380952, 0.04856082,-0.00780793, 0.03445586, 0.040008,buy
2017-08-01,0,2.21,0,0,1.87,0,0.02,0.51,0.65,0,0,0.14,1.93,0.22,4.39, 0.03537373, 0.04754745,-0.01659267, 0.04251144, 0.047547,buy
2017-08-02,0,1.35,0,0,1.55,0,0.05,0.18,0.52,0,0,0,1.01,0.2,4.4,-0.00887179, 0.01375727,-0.02720947, 0.00013148, 0.011750,sell
2017-08-03,0,1.26,0,0,1.29,0,0.08,0,0.8,0,0,0,0.46,0.17,3.69,-0.00096632, 0.01598494,-0.02391346, 0.00571799, 0.015985,buy
2017-08-04,0,2.12,0.04,0,1.06,0.04,0.19,0,1.87,0.04,0.04,0.04,0.25,0.13,3.09,-0.00327336, 0.02918978,-0.00865800, 0.01107208, 0.029190,buy
2017-08-05,0,3.4,0.1,0,0.83,0.13,0.38,0,3.26,0.09,0.13,0.1,0.14,0.1,2.73, 0.02337939, 0.03069823,-0.02801069,-0.00669452, 0.034486,buy
2017-08-06,0,2.55,0.24,0,0.62,0.37,0.7,0,2.55,0.17,0.37,0.24,0,0,2.69, 0.00547713, 0.01284946,-0.02566613,-0.00679354, 0.012849,buy
2017-08-07,0,1.72,0.6,0,0.53,1.11,1.34,0,1.72,0.36,1.11,0.6,0,0,3.02,-0.00272293, 0.00449560,-0.04050526, 0.00449560, 0.004496,buy
2017-08-08,0.04,1.91,1.43,0,0.46,3,2.57,0,1.91,0.77,3,1.43,0.04,0,3.9, 0.03116204, 0.03252373, 0.02223775, 0.03546606, 0.031297,buy
2017-08-09,0.1,2.97,3.04,0,0.4,2.65,4.54,0,2.97,1.57,2.65,3.04,0.1,0,5.27,-0.02018797,-0.02980482,-0.03847758,-0.02488729,-0.020188,sell
2017-08-10,0.23,2.97,2.72,0,0.34,0.88,5.64,0,2.97,3.02,0.88,2.72,0.23,0,5.34,-0.04122095,-0.04212563,-0.05584335,-0.03543228,-0.041511,sell
2017-08-11,0.58,1.7,1.31,0.07,0.3,0.3,4.25,0.02,1.7,2.86,0.34,1.4,0.56,0,4.71, 0.00885562, 0.01813578,-0.02882571, 0.01870517, 0.007302,buy
2017-08-12,1.36,0.93,0.84,0.21,0.26,0.1,2.21,0.06,0.93,1.51,0.19,1.07,1.34,0,3.76,-0.03316624, 0.00847977,-0.04673024, 0.01939124,-0.048396,sell
2017-08-13,3.02,0.51,0.89,0.6,0.22,0,1.24,0.15,0.51,0.98,0.22,1.51,3,0,2.5,-0.02693291,-0.02294159,-0.06083802,-0.06124468,-0.087231,sell
2017-08-14,2.74,0.28,1.31,1.74,0.21,0,0.81,0.37,0.28,0.96,0.54,3,2.79,0.02,1.59, 0.00350582, 0.01765787,-0.00924328,-0.00924328,-0.060113,buy
2017-08-15,1.2,0.15,2.45,2.95,0.19,0,0.69,0.91,0.19,1.48,1.32,5.21,1.35,0.02,0.97,-0.02236745,-0.03181597,-0.02861417,-0.02861417,-0.044482,sell
2017-08-16,0.59,0.08,3.51,1.7,0.18,0,0.62,2.26,0.19,2.88,2.97,4.67,1.02,0.03,0.51,-0.05570637,-0.05614482,-0.05556730,-0.04157670,-0.064487,sell
2017-08-17,0.41,0,3.69,0.59,0.27,0,0.95,2.97,0.27,3.92,2.75,2.77,1.65,0.04,0.31,-0.02368159,-0.03997168,-0.04313064,-0.03760805,-0.047845,sell
2017-08-18,0.38,0,4.85,0.2,0.44,0.03,1.44,1.55,0.64,3.02,1.4,1.41,3.38,0.04,0.11, 0.08483954, 0.09467502, 0.08996001, 0.09467502, 0.100357,buy
2017-08-19,0.7,0.03,4.65,0,1.01,0.05,2.2,0.63,1.61,2.88,1.36,0.7,3.07,0.05,0.1, 0.08025370, 0.07418104, 0.07664365, 0.07795055, 0.077951,buy
2017-08-20,1.28,0.08,4.17,0,2.68,0.11,2.97,0.26,3.05,3.34,2.89,0.45,2.03,0.06,0,-0.04430668,-0.03539527,-0.02670770,-0.04430668,-0.044307,sell
2017-08-21,2.38,0.18,2.76,0,3.05,0.24,2.62,0.1,2.5,2.96,3.16,0.39,2.43,0.08,0,-0.07607399,-0.07826133,-0.07227649,-0.07607399,-0.076074,sell
2017-08-22,3.7,0.48,1.14,0,1.2,0.62,1.74,0,1.65,2.34,1.46,0.6,3.07,0.1,0.02,-0.03830450, 0.04057685, 0.03840417, 0.05883712, 0.036398,buy
2017-08-23,4.52,1.13,0.4,0,0.48,1.5,1.16,0,2.58,2.63,1.02,1.13,2.34,0.12,0.03,-0.03658219, 0.01379638,-0.00771961,-0.00881447, 0.036754,buy
2017-08-24,4.31,2.71,0.19,0,0.26,3.16,0.76,0,3.19,3.86,1.34,2.71,1.31,0.27,0.06,-0.05804830, 0.09904714, 0.00055060,-0.01311248, 0.100931,sell
2017-08-25,2.05,3.28,0.07,0,0.17,2.7,0.5,0,1.38,3.09,2.26,3.28,0.74,0.83,0.11, 0.02499254, 0.05490420, 0.03374131, 0.02299083,-0.021123,buy
2017-08-26,0.86,2.17,0.12,0,0.21,1.53,0.33,0,0.56,1.65,3,2.14,0.45,3.13,0.21,-0.08190106,-0.06630504,-0.03192907,-0.07519825,-0.035177,sell
2017-08-27,0.39,2.25,0.25,0,0.26,1.59,0.22,0,0.4,1.42,2.1,2.17,0.32,2.64,0.39,-0.08676821,-0.08701699,-0.04551425,-0.08558559,-0.054253,sell
2017-08-28,0.14,3.45,0.47,0,0.32,2.57,0.15,0,0.47,1.99,1.14,3.22,0.37,0.78,0.73, 0.03271785, 0.04147046, 0.03113162, 0.03549869,-0.053678,buy
2017-08-29,0,3.38,0.86,0,0.39,4.33,0.1,0,0.86,3.07,0.62,2.72,0.66,0.48,1.36,-0.01257861,-0.01880931,-0.01545765,-0.02846257,-0.043106,sell
2017-08-30,0,3.23,1.57,0,0.48,5.09,0,0,1.57,2.53,0.33,1.33,1.9,0.48,2.56,-0.04118536,-0.02087020,-0.04118536,-0.05120847,-0.030102,sell
2017-08-31,0,3.73,2.85,0,0.59,4.23,0,0,2.87,1.26,0.18,0.74,2.97,0.59,2.97, 0.01649539, 0.06143661, 0.03672008, 0.02529601, 0.025883,buy
2017-09-01,0,2.1,3.53,0,0.73,2.44,0,0,3.6,0.62,0.1,0.47,1.56,0.73,1.82,-0.00150583, 0.02945360,-0.02423116, 0.06939561,-0.025280,sell
2017-09-02,0,1.12,2.63,0,0.9,1.29,0,0,2.84,0.31,0.02,0.37,0.54,0.9,0.98,-0.07710739,-0.06918245,-0.08560389,-0.02432447,-0.076783,sell
2017-09-03,0,1.22,1.95,0,1.11,0.68,0,0,2.58,0.16,0.02,0.4,0.19,1.11,0.52,-0.08403616,-0.07456612,-0.07981674,-0.04389195,-0.071283,sell
2017-09-04,0.06,2.46,1.59,0,1.39,0.28,0,0,3.48,0,0.03,0.63,0,1.36,0.31,-0.08739540,-0.08571703,-0.09183378,-0.07246648,-0.085920,sell
2017-09-05,0.14,3.81,1.39,0,1.73,0.15,0.02,0,4.28,0.02,0.03,1.06,0,1.68,0.2,-0.06785316,-0.06720726,-0.07786382,-0.06349067,-0.083891,sell
2017-09-06,0.34,2.87,1.36,0,2.13,0,0.02,0,2.6,0.02,0,1.97,0,2.06,0.07,-0.07570050,-0.07086354,-0.07086354,-0.05751193,-0.057512,sell
2017-09-07,0.82,2.91,1.59,0,2.64,0,0,0.02,1.37,0,0,3.95,0.02,2.56,0.08,-0.04714733,-0.04714733,-0.04237690,-0.04714733,-0.047147,sell
2017-09-08,2,3.4,2.65,0,3.09,0,0,0.04,0.75,0,0,7.26,0.08,3,0.09, 0.01755196, 0.04533649, 0.03762843, 0.04533649, 0.037827,buy
2017-09-09,3.09,2.7,3.33,0,2.93,0.02,0,0.09,0.38,0.02,0.05,8.62,0.21,2.82,0.09, 0.02251520, 0.04900175, 0.00570563, 0.04849805, 0.003213,sell
2017-09-10,2.18,2.17,1.64,0,2.38,0.03,0.04,0.21,0.22,0.09,0.15,5.44,0.54,2.3,0,-0.03002104,-0.02835094,-0.03569559,-0.02835094,-0.028351,sell
2017-09-11,1.74,2.71,0.59,0,2.05,0.04,0.09,0.49,0.11,0.18,0.44,3.96,1.46,1.85,0,-0.00278385,-0.00059690,-0.03154760,-0.00059690, 0.003096,buy
2017-09-12,3.09,3.35,0.16,0,1.96,0.06,0.22,1.13,0,0.37,1.27,3.83,3.9,1.5,0, 0.00987518, 0.00822107,-0.01909381, 0.00551987,-0.004419,buy
2017-09-13,3.1,2.02,0.07,0.02,2.33,0.08,0.55,2.6,0.09,0.81,3.68,2.15,5.57,1.21,0.03,-0.02486118,-0.02486118,-0.03837723,-0.03831113,-0.050508,sell
2017-09-14,1.09,0.79,0.21,0.06,3.68,0.16,1.38,3,0.27,1.91,5.25,0.79,4.09,0.98,0.05,-0.00872644,-0.03063136,-0.01891545,-0.02643567,-0.024007,sell
2017-09-15,0.38,0.22,0.66,0.14,4.59,0.28,2.97,1.43,0.8,3.98,3.97,0.22,1.81,0.79,0.12,-0.09085503,-0.00417136,-0.08318784,-0.08390778,-0.091067,sell
2017-09-16,0.13,0.02,2.04,0.35,3.81,0.56,2.56,0.62,2.39,4.58,1.84,0.02,0.75,0.64,0.22,-0.08653050,-0.03341501,-0.09596853,-0.09303138,-0.075117,sell
2017-09-17,0,0.06,2.95,0.87,4.37,1.31,1.03,0.27,3.82,5.23,0.71,0.06,0.27,0.51,0.41,-0.05273437,-0.01626756,-0.06504238,-0.03548617,-0.049922,sell
2017-09-18,0,0.17,1.37,2.18,4.31,3.52,0.41,0.12,3.55,6.9,0.24,0.17,0.12,0.41,0.77, 0.00535608,-0.03867623,-0.05704477, 0.00672801, 0.014790,buy
2017-09-19,0.04,0.51,0.44,2.95,3.25,3.6,0.17,0,3.39,5.28,0.1,0.55,0,0.33,1.43,-0.03474469,-0.06230574,-0.07723145,-0.03611553,-0.042950,sell
2017-09-20,0.19,1.52,0.14,1.61,3.52,2.01,0,0,1.75,2.77,0,1.71,0,0.27,2.67,-0.04421572,-0.01507775, 0.00460882,-0.03523760,-0.043831,sell
2017-09-21,0.88,3,0,0.64,3.57,2,0,0,0.64,2.38,0,3.88,0,0.22,3.25,-0.03255247,-0.01760646,-0.03164628,-0.04836019,-0.037453,sell
2017-09-22,3,1.9,0,0.26,2.27,2.62,0,0.05,0.26,2.81,0.04,4.9,0.05,0.17,2.29, 0.00945544, 0.00928194,-0.01661516, 0.00957386, 0.009182,buy
2017-09-23,2.06,0.64,0,0.1,1.4,2.97,0,0.23,0.1,3.07,0.18,2.7,0.23,0.14,1.62, 0.01120202,-0.00502148,-0.03930599, 0.01120202, 0.011202,buy
2017-09-24,0.48,0.21,0,0.02,1.56,2.35,0,1.09,0.02,2.32,0.97,0.69,1.09,0.11,1.49,-0.03638968,-0.03312076,-0.02859057,-0.03638968,-0.036290,sell
2017-09-25,0.18,0,0,0.11,3.39,1.7,0,2.92,0.11,1.67,3.06,0.18,2.92,0.09,1.77, 0.03564300, 0.03587117, 0.03587117, 0.03514558, 0.012689,buy
2017-09-26,0.18,0,0,0.6,2.11,1.41,0,1.62,0.6,1.46,1.92,0.18,1.62,0,2.44,-0.01685401,-0.01805695, 0.00449269,-0.01040171,-0.034764,sell
2017-09-27,0.31,0,0,2.95,1.45,1.57,0,0.34,2.95,2.15,0.87,0.31,0.34,0,2.97, 0.04507034, 0.04080471, 0.04205578, 0.04507034, 0.040805,buy
2017-09-28,0.55,0,0,2.65,2.92,2.57,0,0,2.65,4.12,1.37,0.55,0,0,2.53,-0.00209924,-0.00209924, 0.00170448,-0.00209924,-0.002099,sell
2017-09-29,1,0,0,0.5,1.79,5.05,0,0,0.5,3.87,2.97,1,0,0,1.67,-0.06625965,-0.04936461,-0.04041429,-0.04041429,-0.013050,sell
2017-09-30,1.81,0,0,0.09,0.42,5.68,0,0,0.09,3.61,2.49,1.81,0,0,1.13,-0.00632628,-0.00335292, 0.00925526,-0.00931584, 0.032962,buy
2017-10-01,3.35,0,0,0,0.14,3.33,0,0.02,0,2.27,1.2,3.35,0.02,0.02,0.86,-0.02669746,-0.02669746,-0.02856221,-0.02669746,-0.020961,sell
2017-10-02,4.17,0,0,0,0.07,2.22,0,0.04,0,0.92,1.37,4.17,0.04,0.05,0.93,-0.04374079,-0.04374079,-0.03230872,-0.02756553,-0.028264,sell
2017-10-03,4.67,0,0,0,0.18,3.44,0,0.09,0,0.33,3.29,4.67,0.09,0.1,1.78,-0.05169732,-0.05374405,-0.05245446,-0.05461338,-0.049484,sell
2017-10-04,3.37,0,0,0,0.4,1.93,0,0.22,0,0.13,2.2,3.41,0.18,0.2,3.15,-0.02511074,-0.03574909,-0.03678427,-0.04156901,-0.032923,sell
2017-10-05,1.35,0,0,0,0.96,0.35,0,0.47,0,0,1.31,1.44,0.38,0.41,1.98,-0.06641469,-0.02548915,-0.07208873,-0.07208873,-0.024511,sell
2017-10-06,0.58,0,0,0,2.44,0,0,1.14,0,0,2.44,0.85,0.87,0.82,0.6,-0.01011368,-0.00914966, 0.00778174,-0.00736646,-0.014069,sell
2017-10-07,0.27,0,0,0.14,4.49,0,0,2.9,0.14,0,4.49,1.04,2.13,1.62,0.19,-0.02334445,-0.02856795,-0.03466872,-0.01608931,-0.039588,sell
2017-10-08,0.1,0,0,0.4,4.47,0,0.02,6.27,0.4,0,4.49,2.56,3.81,3,0,-0.03951901,-0.03920175,-0.03667417,-0.03284022,-0.034835,sell
2017-10-09,0,0,0,1.17,3.5,0,0.21,8.99,1.17,0,3.68,5.81,3.21,2.74,0,-0.03305788,-0.03227337,-0.02037698,-0.01756006,-0.007315,sell
2017-10-10,0,0,0,3.19,1.93,0,0.86,7.26,3.19,0.06,2.57,4.41,3.01,1.43,0, 0.00075638,-0.01049319, 0.03950089, 0.00291344, 0.016379,buy
2017-10-11,0,0,0.05,2.96,1.07,0,3.66,4.76,3.01,0.15,3.95,1.56,3.83,0.75,0, 0.03836604, 0.00353621, 0.03290283, 0.01294276, 0.023913,buy
2017-10-12,0,0,0.25,1.49,0.87,0,6.39,2.95,1.74,0.37,4.36,0.53,4.95,0.39,0, 0.07270528, 0.03293042, 0.02909744, 0.03938261, 0.020378,buy
2017-10-13,0,0,1.23,1.45,1.2,0,6.37,1.69,2.68,0.93,3.25,0.22,4.86,0.21,0, 0.07700649, 0.05063555, 0.02671064, 0.06380610, 0.045265,buy
2017-10-14,0,0,3.06,2.23,2.49,0,4.84,0.97,5.29,2.38,3.26,0.09,2.61,0.11,0, 0.03071309, 0.02152697, 0.02444204, 0.03777054, 0.028415,buy
2017-10-15,0,0,1.87,2.97,2.99,0.08,3.67,0.54,4.84,3.13,1.55,0,2.74,0,0,-0.02151261,-0.02738291,-0.02200173, 0.00172361,-0.018372,sell
2017-10-16,0,0,1.08,2.26,1.53,0.25,3.55,0.33,3.34,2.04,0.83,0,3.3,0,0,-0.00737974,-0.06541780,-0.02253670,-0.00786924,-0.022537,sell
2017-10-17,0,0,1.82,1.24,0.65,0.8,2.17,0.2,3.06,2.44,1.03,0,2.14,0,0,-0.02165779,-0.03263304,-0.02165779,-0.02165779, 0.001809,sell
2017-10-18,0,0,3,0.68,0.31,2.53,0.95,0.12,3.68,3.28,2.62,0,0.98,0,0,-0.03143422,-0.03635680,-0.02989068,-0.03769829,-0.057716,sell
2017-10-19,0,0,1.89,0.37,0.2,3.01,0.38,0,2.26,1.6,2.95,0,0.44,0,0, 0.00990723,-0.02077733, 0.01315068, 0.00990723,-0.004402,buy
2017-10-20,0,0.06,0.76,0.21,0.15,1.31,0.17,0,1.03,0.59,1.06,0,0.42,0,0, 0.03349264, 0.03349264, 0.01418339, 0.04447213, 0.026216,buy
2017-10-21,0,0.26,0.3,0.11,0.21,1.29,0,0,0.67,0.43,0.33,0,0.96,0,0, 0.00558700, 0.01620283, 0.00181033, 0.03118674,-0.012237,sell
2017-10-22,0,1.11,0.12,0,0.3,3.04,0,0,1.23,0.51,0.12,0,2.92,0,0,-0.00189627,-0.01225169,-0.01188311, 0.00069316, 0.000693,buy
2017-10-23,0,2.92,0,0,0.44,2.38,0,0.03,2.92,0.87,0.04,0.03,2.34,0,0,-0.05655101,-0.02060706,-0.02041379,-0.05195095,-0.039455,sell
2017-10-24,0,1.82,0,0,0.63,0.7,0.04,0.09,1.82,1.49,0.08,0.13,0.62,0,0.02, 0.02806383, 0.02494394,-0.00330257, 0.05360776, 0.051166,buy
2017-10-25,0,0.44,0,0,0.94,0.31,0.15,0.27,0.44,2.65,0.14,0.42,0.17,0,0.06,-0.10316733,-0.01049943, 0.00070956,-0.01530372,-0.010499,buy
2017-10-26,0,0.11,0,0,1.39,0.28,0.64,0.82,0.11,4.3,0.3,1.42,0.02,0,0.14, 0.02471970, 0.00123806,-0.01263557, 0.01139641, 0.010848,buy
2017-10-27,0,0.03,0,0,2.07,0.53,2.47,2.57,0.03,4.45,0.74,4.78,0.05,0,0.31,-0.03313509,-0.03769874, 0.00441100,-0.03534737,-0.027857,sell
2017-10-28,0,0.07,0,0,3.14,1,3.34,3.46,0.07,4.03,1.81,5.87,0.12,0,0.68,-0.02508477,-0.01885501,-0.00195448,-0.02395369,-0.069018,sell
2017-10-29,0,0.17,0.02,0,3.96,1.89,2.33,3.27,0.19,3.63,5.08,2.11,0.35,0,1.5, 0.01734131, 0.06055838, 0.06332974, 0.06730080, 0.062990,buy
2017-10-30,0.13,0.43,0.07,0,4.62,3.57,3.29,3.36,0.63,2.53,8.89,0.64,0.87,0,3.36, 0.04247032, 0.02402321, 0.04247032, 0.02832571, 0.015770,buy
2017-10-31,0.5,1.09,0.2,0,5.11,4.29,2.24,1.14,1.79,1.68,5.95,0.13,2.21,0,5.17, 0.03436883, 0.05995097, 0.04448800, 0.04381882, 0.041594,buy
2017-11-01,1.96,2.72,0.64,0,4.85,4.58,1.33,0.25,5.32,1.06,2.48,0,5.86,0,4.58,-0.00819758,-0.00819758,-0.00819758,-0.00747323,-0.012076,sell
2017-11-02,2.95,2.95,2.01,0,4.38,3.71,2.2,0,7.91,0.73,1.06,0,7.82,0,2.76,-0.03383645,-0.03146442,-0.03383645,-0.03201538,-0.053571,sell
2017-11-03,1.14,1.26,2.92,0,1.95,1.78,2.97,0,5.32,0.51,0.47,0.06,5.37,0,1.37, 0.03590614, 0.00556057, 0.03698263, 0.03698263, 0.009244,buy
2017-11-04,0.3,0.5,1.37,0,0.8,0.97,1.6,0,2.17,0.35,0.26,0.2,2.44,0,0.68, 0.02717887, 0.02318641, 0.03719141, 0.01120140, 0.011998,buy
2017-11-05,0,0.2,0.44,0,0.34,0.9,0.68,0,0.64,0.24,0.14,0.64,0.9,0,0.29,-0.02924708,-0.02924708,-0.00964327,-0.01351999,-0.029196,sell
2017-11-06,0,0,0.14,0,0.24,1.93,0.52,0.03,0.14,0.24,0.03,2.14,0.31,0,0.15, 0.05328731, 0.00113386, 0.07306146, 0.04191071, 0.106207,buy
2017-11-07,0,0,0,0,0.31,2.92,0.77,0.08,0,0.31,0.08,3.69,0,0,0, 0.02069045, 0.03252052, 0.05191754, 0.03252052, 0.139684,buy
2017-11-08,0,0,0,0,0.58,1.32,1.85,0.21,0,0.63,0.21,3.17,0,0,0, 0.05835907, 0.04292246, 0.09197496, 0.04292246, 0.086977,buy
2017-11-09,0,0,0,0,1.68,0.38,2.97,0.54,0,1.81,0.54,3.35,0,0,0, 0.01108100, 0.05268322, 0.05268322, 0.04853907, 0.028548,buy
2017-11-10,0,0.03,0,0,2.97,0.15,1.94,1.42,0.03,3.3,1.39,2.08,0,0,0.04,-0.02607777,-0.01244265,-0.01290723,-0.01290723,-0.022235,sell
2017-11-11,0.04,0.09,0,0,1.79,0.11,0.81,3,0.13,2.62,2.95,0.86,0.03,0,0.08, 0.09481234, 0.12538398, 0.09967305, 0.13342152, 0.123513,buy
2017-11-12,0.1,0.27,0,0,0.65,0.26,0.33,2.49,0.37,2.72,2.4,0.42,0.12,0,0.17, 0.10419218, 0.11119782, 0.08488985, 0.12443627, 0.120809,buy
2017-11-13,0.25,0.85,0,0,0.3,0.62,0.16,1.09,1.1,3.19,0.96,0.29,0.33,0,0.37, 0.04914923, 0.02034841,-0.00285691, 0.01941120, 0.016394,buy
2017-11-14,0.64,2.65,0,0,0.22,1.46,0.04,0.62,3.29,1.64,0.41,0.3,0.87,0,0.76,-0.00355374, 0.00903700, 0.00903700, 0.05379847, 0.018093,sell
2017-11-15,1.61,2.97,0,0,0.55,3.54,0.08,0.58,4.55,0.65,0.25,0.61,2.34,0,1.58,-0.05539176,-0.03814795,-0.04767967,-0.06760442,-0.063443,sell
2017-11-16,3.07,1.05,0,0,1.38,5.94,0.17,0.75,4.02,0.26,0.25,1.29,3.81,0,2.99, 0.05250351, 0.04901813, 0.03507443, 0.05120874, 0.052504,buy
2017-11-17,2.53,0.33,0,0,3.48,4.31,0.33,1.3,2.53,0.1,0.6,2.94,3.46,0,2.75, 0.01964334, 0.01786198, 0.00438572, 0.01778981, 0.023351,buy
2017-11-18,1.94,0.11,0,0,6.02,1.99,0.69,2.28,0.99,0.02,1.6,5.42,3.57,0,1.43, 0.02265459, 0.00382183, 0.03068728, 0.01918030,-0.023627,buy
2017-11-19,3.35,0,0,0,3.96,1.01,1.49,3.13,0.35,0.05,4.05,5.42,2.28,0,0.79,-0.01388750,-0.00586772, 0.00917130,-0.00651165,-0.057096,sell
2017-11-20,2.74,0,0,0,1.67,0.62,3.38,2.83,0.22,0.13,4.71,4.75,0.93,0,0.5, 0.03101322, 0.04875417, 0.03201834,-0.00671193, 0.024916,buy
2017-11-21,0.87,0,0.03,0,0.82,0.76,5.95,2.96,0.27,0.29,5.25,4.77,0.45,0,0.39, 0.08285971, 0.08661660, 0.09912785,-0.00967321, 0.069487,buy
2017-11-22,0.34,0,0.05,0,0.48,1.39,4.52,4.39,0.73,0.64,6.11,3.09,0.26,0,0.41, 0.07061207, 0.08169257, 0.05547278,-0.01482062, 0.070275,buy
2017-11-23,0.22,0,0.08,0,0.45,2.88,2.12,4.03,1.84,1.36,3.58,2.55,0.16,0,0.45,-0.01466206,-0.01147384,-0.01147384,-0.05019048,-0.011474,sell
2017-11-24,0.34,0,0.14,0,0.73,5.67,1.04,3.84,3.45,2.72,1.45,3.41,0.39,0,0.7, 0.02425600, 0.02005075, 0.05343611, 0.03238966, 0.023676,buy
2017-11-25,1.05,0,0.25,0,1.17,5.35,0.46,2.51,3.46,2.97,0.65,2.54,0.82,0,1.09, 0.06147276, 0.03990570, 0.07803524, 0.06567802, 0.061473,buy
2017-11-26,2.95,0,0.44,0,1.96,2.7,0.28,1.03,4.33,1.74,0.25,1.08,1.68,0,1.7,-0.00317886, 0.00392302,-0.01179636, 0.01811437,-0.030711,sell
2017-11-27,2.65,0,0.77,0,3.36,1.39,0.19,0.44,3.86,1.03,0.14,0.41,3.2,0,2.67, 0.06081124, 0.05701913, 0.05553691, 0.09366457, 0.034636,buy
2017-11-28,0.85,0,1.36,0,4.87,0.77,0.08,0.22,2.43,0.71,0,0.17,4.87,0,2.97, 0.10897187, 0.10012119, 0.10897187, 0.10668565, 0.091161,buy
2017-11-29,0.28,0.03,2.4,0,5.31,0.45,0.13,0.12,2.8,0.62,0.03,0.05,5.26,0,2.12, 0.10525238, 0.09073393, 0.10525238, 0.10214480, 0.081890,buy
2017-11-30,0.09,0.05,2.97,0,3.55,0.45,0.2,0,3.06,0.75,0.05,0.15,3.4,0,1.36, 0.04323412, 0.08577974, 0.04297705, 0.07663566, 0.045303,buy
2017-12-01,0,0.06,2.08,0,2.41,0.7,0.31,0,2.08,1.17,0.06,0.46,2.04,0,0.86, 0.07043884, 0.07210806, 0.06585829, 0.04724430, 0.070202,buy
2017-12-02,0,0.07,1.18,0,2.68,1.63,0.5,0,1.18,2.14,0.07,1.37,1.69,0,0.57, 0.05945524, 0.06465461, 0.05836949, 0.01337201, 0.064305,buy
2017-12-03,0,0.08,0.68,0,3.35,3.3,0.79,0,0.68,3.3,0.08,2.97,1.85,0,0.38, 0.01674122, 0.06264301, 0.00693319, 0.04938053, 0.057488,buy
2017-12-04,0.03,0,0.39,0,2.51,2.58,1.24,0.04,0.43,2.64,0.03,2.14,2.65,0,0.31, 0.03323609, 0.06341628, 0.03099304, 0.04152068, 0.042462,buy
2017-12-05,0.07,0,0.22,0,1.37,1.54,1.96,0.06,0.28,1.8,0.07,0.79,4.16,0,0.32, 0.13753758, 0.12284603, 0.08893938, 0.14778498, 0.107718,buy
2017-12-06,0.17,0,0.13,0,0.98,1.99,2.97,0.1,0.23,1.98,0.17,0.46,5.94,0,0.53, 0.08994015, 0.07146477, 0.05279326, 0.12705454, 0.097921,buy
2017-12-07,0.45,0,0,0,1.08,3.96,2.84,0.2,0.2,3.29,0.45,0.52,5,0,1.23, 0.07861391, 0.07861391, 0.04910416, 0.09693189, 0.100305,buy
2017-12-08,1.16,0,0,0,2.01,5.53,1.8,0.46,0.46,2.88,1.16,1.25,2.78,0,3.41,-0.04007827,-0.02418742,-0.03213541,-0.01230276, 0.086280,sell
2017-12-09,2.97,0,0,0,4.34,3.29,1.15,1.24,1.24,1.4,2.97,2.97,1.53,0,3.26, 0.01197248,-0.03479896,-0.03400297,-0.04991253,-0.012058,sell
2017-12-10,2.87,0,0,0,5.86,0.85,0.73,2.98,2.98,1.49,2.87,2.89,0.86,0.03,2.33,-0.02773166,-0.02345036,-0.02846967,-0.02695185,-0.047928,sell
2017-12-11,1.21,0,0,0,7.24,0.12,0.46,2.39,2.39,2.97,1.21,1.3,0.46,0.28,3.09, 0.07650711, 0.07010663, 0.07650711, 0.07367536, 0.041235,buy
2017-12-12,0.71,0,0,0,6.14,0,0.29,0.88,0.88,2.82,0.71,0.79,0.29,2.34,2.53, 0.07466212, 0.09112427, 0.09421612, 0.09112427, 0.035031,buy
2017-12-13,1.08,0,0,0,3.54,0,0.18,0.62,0.62,1.09,1.08,1.16,0.18,2.95,1.29, 0.00431613, 0.06778470, 0.06274917, 0.05004322,-0.053685,buy
2017-12-14,2.96,0,0,0,4.39,0,0.12,1.02,1.02,0.46,2.96,3.19,0.12,0.42,0.74,-0.04218978,-0.15290375,-0.00360953,-0.04218978,-0.035515,sell
2017-12-15,5.94,0.03,0,0,6.96,0.04,0,2.51,2.54,0.35,5.94,5.92,0.03,0,0.73,-0.00805133,-0.04553411,-0.06968443,-0.00637236,-0.066056,sell
2017-12-16,3.84,0.05,0,0,6.4,0.1,0,3.01,3.06,0.56,3.84,4.02,0.06,0.02,1.92, 0.01403628,-0.00779931,-0.04030230, 0.00620461,-0.043186,buy
2017-12-17,1.35,0.08,0,0,5.8,0.21,0,1.54,1.62,1.55,1.35,1.38,0.13,0.03,3.08, 0.11357087, 0.10854040, 0.11532477, 0.08104181, 0.081176,buy
2017-12-18,0.52,0.17,0,0,4.79,0.42,0,0.96,1.11,3.33,0.54,0.5,0.29,0.03,1.38, 0.04928709, 0.01274544, 0.01798291, 0.01449440,-0.071736,buy
2017-12-19,0.18,0.32,0,0,3.16,0.84,0,1.42,1.67,3.31,0.25,0.19,0.64,0.04,0.5, 0.05369686,-0.00618195,-0.03065737,-0.06446142,-0.016103,sell
2017-12-20,0.11,0.61,0,0,1.39,1.75,0,3.07,3.51,2.85,0.28,0,1.45,0.05,0.29,-0.09097546,-0.12161180,-0.12549280,-0.11939468,-0.125253,sell
2017-12-21,0,1.19,0,0,0.71,3.27,0,2.4,3.15,3.75,0.44,0,3.03,0.06,0.23,-0.06893819,-0.07372501,-0.07445152,-0.10959067,-0.126881,sell
2017-12-22,0,2.48,0,0,0.47,3.16,0,0.79,2.09,3.26,1.18,0,2.9,0.07,0.37,-0.03209115,-0.05351611,-0.08251009,-0.05031347,-0.052354,sell
2017-12-23,0.07,5.28,0,0,0.37,2.27,0,0.26,2.48,2.06,3.13,0,1.71,0.09,0.58, 0.07615666, 0.07807809, 0.05747947, 0.03071832, 0.054082,buy
2017-12-24,0.08,6.15,0,0,0.37,2.75,0,0.09,3.06,2.11,3.26,0.03,1.91,0.11,0.96, 0.10408314, 0.12884716, 0.09794506, 0.08423163, 0.113873,buy
2017-12-25,0.12,4.34,0,0,0.44,4.82,0,0,2.28,3.67,2.18,0.04,3.27,0.14,1.54, 0.08899798, 0.10387810, 0.06958018, 0.05127273, 0.099526,buy
2017-12-26,0.19,4.71,0,0,0.57,5.44,0,0,1.33,3.47,3.57,0.05,2.47,0.17,2.48, 0.09759516, 0.10633305, 0.07926319, 0.06341635, 0.098466,buy
2017-12-27,0.34,3.76,0,0,0.84,4.38,0,0.02,0.77,1.87,3.35,0.09,0.91,0.22,3.24, 0.06296587, 0.06464795, 0.05556593, 0.06182172, 0.060129,buy
2017-12-28,0.66,1.33,0,0,1.34,3.41,0,0.04,0.45,1.66,1.58,0.16,0.4,0.27,2.9,-0.11606893,-0.07256481,-0.11630034,-0.11498538,-0.082751,sell
2017-12-29,1.39,0.53,0,0,2.31,2.84,0,0.08,0.26,2.27,1.74,0.3,0.27,0.33,2.53,-0.08630830,-0.04461493,-0.07358557,-0.07882425,-0.046490,sell
2017-12-30,3,0.16,0,0,3.65,3.26,0.03,0.14,0.16,3.17,3.14,0.66,0.26,0.41,3.02,-0.05249552,-0.05466653,-0.05845721,-0.08160347,-0.060939,sell
2017-12-31,2.79,0.09,0,0,3.79,3.95,0.05,0.26,0.09,2.63,3.05,1.43,0.4,0.5,3.58,-0.00291699,-0.01476883,-0.01476883,-0.02960945,-0.013794,sell
2018-01-01,1.18,0,0.02,0,4.27,3.12,0.1,0.47,0,1.61,1.67,3.08,0.64,0.63,2.53, 0.06271519, 0.06230913, 0.06230913, 0.01949812, 0.071820,buy
2018-01-02,0.46,0,0.07,0,3.32,2.29,0.18,0.9,0.04,1.19,1.39,2.81,1,0.78,1.36, 0.04663030, 0.06765411, 0.06596645, 0.05172112, 0.059231,buy
2018-01-03,0.17,0,0.22,0,1.5,2.24,0.35,1.67,0.11,1.24,1.95,1.36,1.56,0.97,0.81,-0.02288293, 0.02167254, 0.02516365, 0.02275941, 0.025997,buy
2018-01-04,0,0,0.61,0,0.76,2.83,0.67,3.14,0.3,1.67,3.45,0.87,2.47,1.19,0.58,-0.03729795,-0.02452264,-0.02879054,-0.04659468,-0.049414,sell
2018-01-05,0,0,1.73,0,0.58,3.11,1.3,3.81,0.84,2.58,4.7,1.04,2.97,1.47,0.56,-0.01630992,-0.01117565,-0.04686247,-0.04686247,-0.046862,sell
2018-01-06,0,0,4.82,0,0.79,2.28,2.61,4.08,2.4,4.4,6.5,1.69,2.28,1.82,0.79, 0.06332255, 0.11206234, 0.05584793, 0.06760238, 0.070386,buy
2018-01-07,0,0.02,5.86,0,1.55,1.44,5.34,3.89,2.97,6.42,6.8,3.38,1.44,2.26,1.55, 0.07387189, 0.12259835, 0.09696193, 0.08785511, 0.099142,buy
2018-01-08,0,0.06,2.59,0,2.97,0.92,8.97,1.72,1.22,7.98,3.15,6.94,0.92,2.79,2.97, 0.05213098, 0.03648506,-0.02367272, 0.07076361, 0.064472,buy
2018-01-09,0.03,0.19,0.88,0,2.79,0.62,7.02,0.68,0.49,5.57,1.35,8.71,0.67,3,2.79, 0.03326031,-0.02633900,-0.03017794, 0.04388248, 0.033260,buy
2018-01-10,0.05,0.65,0.3,0,1.36,0.47,3.56,0.28,0.35,2.75,1.1,4.89,0.6,2.58,1.36,-0.11102987,-0.07075618,-0.03586749,-0.08431908,-0.044944,sell
2018-01-11,0.09,2.26,0,0,0.65,0.52,2.15,0,0.53,1.6,2.26,2.21,0.92,2.08,0.65,-0.08375203,-0.08358179,-0.01405348,-0.07952082,-0.014053,sell
2018-01-12,0.15,2.92,0,0,0.3,0.95,2.15,0,1.39,1.49,2.92,1.04,2.21,1.7,0.33,-0.01991227,-0.01872086, 0.00452025,-0.01872086, 0.004520,sell
2018-01-13,0.25,1.08,0,0,0.14,2.48,3.94,0,3.71,2.72,1.08,0.47,3.1,1.37,0.19, 0.05897453,-0.03103500, 0.01655524, 0.01815262,-0.037207,buy
2018-01-14,0.42,0.3,0,0,0,3,5.54,0,5.63,3.16,0.3,0.2,1.36,1.1,0.13, 0.08043497,-0.02144267,-0.00749676,-0.00749676,-0.044030,sell
2018-01-15,0.71,0,0,0,0,1.19,4.52,0,4.86,1.3,0,0.12,0.43,0.88,0.25, 0.06139148, 0.02818773, 0.04035347, 0.05929351, 0.020015,buy
2018-01-16,1.19,0,0,0,0.05,0.38,2.5,0,3.2,0.38,0,0,0.19,0.72,0.49,-0.03965300,-0.02876251, 0.03046077, 0.02732907, 0.029874,buy
2018-01-17,1.99,0,0,0,0.16,0.12,1.75,0,2.79,0.12,0,0,0.16,0.58,0.95, 0.10349760, 0.07283467, 0.11429727, 0.08744150, 0.114980,buy
2018-01-18,3,0,0.03,0,0.43,0,2.14,0,3.28,0,0.03,0,0.43,0.47,1.86, 0.11380106, 0.10191574, 0.12709693, 0.09179847, 0.114620,buy
2018-01-19,2.65,0,0.12,0,1.16,0.04,3.43,0,2.77,0,0.12,0,1.16,0.38,3.35, 0.09851378, 0.07691647, 0.10053219, 0.10195039, 0.100798,buy
2018-01-20,1.58,0,0.46,0,3.16,0.09,3.18,0,1.58,0,0.46,0,3.16,0.31,3.27, 0.02406871, 0.00831423, 0.01046336, 0.00278928, 0.052498,buy
2018-01-21,0.94,0,1.8,0,3.52,0.21,2.26,0,0.94,0.04,1.8,0.07,3.52,0.25,2.43,-0.09655003,-0.04415672,-0.09458748,-0.04415672,-0.081571,sell
2018-01-22,0.57,0,2.97,0,2.3,0.6,2.28,0,0.64,0.13,2.97,0.24,2.3,0.2,2.68,-0.15420043,-0.02529580,-0.07909551,-0.01980134,-0.102633,sell
2018-01-23,0.34,0,1.19,0,3.15,1.53,3.21,0,0.54,0.45,1.19,0.9,3.15,0.16,4.11,-0.02984642,-0.06132661,-0.04202920,-0.05995229,-0.028641,sell
2018-01-24,0.2,0,0.3,0,3.12,3.6,4.69,0,0.83,1.56,0.3,2.97,3.12,0.13,6.12,-0.02838641,-0.05483661,-0.01308369,-0.01146793,-0.006610,sell
2018-01-25,0.12,0,0,0,1.46,4.41,5.19,0,2.03,2.92,0,2.55,1.46,0.1,4.75,-0.05053995,-0.03936855,-0.03258289,-0.02171334,-0.030421,sell
2018-01-26,0,0,0,0.06,0.7,4.11,3.15,0,3.33,1.56,0.06,0.72,0.7,0.09,2.34,-0.05791259,-0.01463325,-0.05791259,-0.05791259,-0.057913,sell
2018-01-27,0,0,0,0.2,0.41,2.39,2.23,0,2.89,0.44,0.2,0.27,0.41,0,1.22,-0.02202264,-0.02036074,-0.02406586,-0.01675846,-0.022023,sell
2018-01-28,0,0,0,0.64,0.32,1.56,3.59,0,4.22,0.12,0.64,0.17,0.32,0,0.68,-0.01505200,-0.02969921,-0.08549049, 0.01112787, 0.001901,sell
2018-01-29,0,0,0,2.06,0.36,2.16,2.54,0,4.07,0,2.06,0.32,0.37,0,0.34,-0.05432447,-0.04575757,-0.09746966,-0.04676612,-0.060823,sell
2018-01-30,0,0,0,3.06,0.62,3.57,0.76,0.04,3.55,0.04,3.06,0.59,0.63,0,0.23,-0.09724768,-0.04572760,-0.10884455,-0.10305009,-0.106515,sell
2018-01-31,0,0,0,1.48,1.22,3.37,0.26,0.1,2.37,0.1,1.48,1.15,1.22,0,0.17,-0.05705046,-0.04423859,-0.06343527,-0.02980158,-0.019395,sell
2018-02-01,0,0,0,0.85,2.59,3.27,0,0.28,0.94,0.28,0.85,2.41,2.51,0,0.07,-0.07335362,-0.08212028, 0.00447631, 0.02011346, 0.013403,buy
2018-02-02,0,0,0,1.26,5.98,5.43,0.04,0.79,0.42,0.79,1.26,5.21,5.78,0,0.12,-0.00117114,-0.01083813,-0.04391585,-0.01083813,-0.007403,buy
2018-02-03,0,0,0,2.89,8.7,6.12,0.11,2.22,0.22,2.22,2.89,5.68,8.92,0,0.2,-0.08699584,-0.11306075,-0.08243038,-0.11441264,-0.062775,sell
2018-02-04,0,0,0,2.97,6.13,3.64,0.33,2.99,0.23,2.99,2.97,3.37,6.17,0,0.43,-0.11027205,-0.12283135,-0.12546712,-0.12283135,-0.092749,sell
2018-02-05,0,0,0,1.15,3.26,2.37,0.98,1.44,0.79,1.44,1.15,1.95,2.89,0,1.1,-0.08704880,-0.12009225,-0.03435213, 0.05012007,-0.016179,sell
2018-02-06,0,0,0,0.45,3.08,3.06,2.89,0.6,2.85,0.6,0.45,1.49,1.8,0,3.03, 0.01495103, 0.02952342, 0.01495103, 0.01495103,-0.001889,buy
2018-02-07,0,0,0,0.41,5,4.28,2.97,0.43,5.87,0.43,0.41,1.82,1.59,0,3.13, 0.10723159, 0.14184593, 0.13774239, 0.13623402, 0.112493,buy
2018-02-08,0,0,0,1.17,5.97,3.42,0.98,0.56,3.74,0.56,1.17,3.25,2.4,0,1.17, 0.08837011, 0.12150322, 0.09647281, 0.09173432, 0.072664,buy
2018-02-09,0,0,0,2.92,3.99,3.42,0.32,1.29,1.18,1.29,2.92,2.97,3.26,0,0.54,-0.14014512,-0.13239256,-0.07681898,-0.09140952,-0.104311,sell
2018-02-10,0.03,0,0,1.52,1.93,2.23,0.1,2.97,0.38,2.97,1.55,1.5,2.28,0.04,0.35,-0.02694637,-0.01607012,-0.03233363,-0.00015936,-0.011770,sell
2018-02-11,0.05,0,0,0.31,1.86,1.47,0.05,3.07,0.28,3.07,0.36,1.55,1.55,0.07,0.3,-0.00950953,-0.01388734,-0.00290832,-0.02393206,-0.014073,sell
2018-02-12,0.09,0,0,0,3.55,2.89,0.13,1.95,0.43,1.95,0.09,3.39,2.75,0.13,0.35, 0.01471559,-0.00846152, 0.00211930, 0.02775654, 0.026788,buy
2018-02-13,0.15,0,0,0,2.95,3.92,0.37,3.47,1.1,3.47,0.15,2.65,3.49,0.25,0.41, 0.00406365,-0.06780128, 0.00118253,-0.00038592, 0.001840,buy
2018-02-14,0.28,0,0,0,3.18,3.24,1.05,3.01,2.78,3.01,0.28,2.78,1.91,0.5,0.48, 0.05339673,-0.00250722, 0.06009320, 0.05614574, 0.059122,buy
2018-02-15,0.5,0,0,0,4.8,3.19,2.95,0.7,4.8,0.7,0.5,3,3.14,0.99,0.57,-0.03145435, 0.06254950, 0.02688764, 0.06123102, 0.026888,buy
2018-02-16,0.89,0,0,0,4.47,1.21,2.89,0.13,4.47,0.13,0.89,1.21,2.89,2.01,0.66,-0.03091433,-0.02438423,-0.00063884, 0.04967714,-0.021943,sell
2018-02-17,1.61,0,0,0,1.62,0.4,1.03,0,1.62,0,1.61,0.4,1.03,2.95,0.79,-0.00283194,-0.00223151, 0.01379267,-0.06695531,-0.097378,buy
2018-02-18,2.89,0,0.06,0,0.48,0.26,0.37,0.02,0.48,0,2.95,0.26,0.37,2.12,0.95,-0.03349391,-0.03299434,-0.06559643,-0.06920665,-0.077003,sell
2018-02-19,2.97,0,0.21,0,0.14,0.52,0.31,0.04,0.12,0,3.18,0.54,0.31,1.02,1.15,-0.01444172,-0.02170175,-0.07759038,-0.01419448,-0.018139,sell
2018-02-20,1.71,0,0.66,0,0.04,2.46,0.79,0.09,0,0,2.37,2.5,0.79,0.49,1.4,-0.07227261,-0.04710389,-0.02227342,-0.04613039,-0.025905,sell
2018-02-21,0.96,0,2.1,0,0.06,3.4,3.05,0.2,0,0,3.06,3.46,3.05,0.23,1.76, 0.03520818, 0.04520602, 0.05081621,-0.03215089,-0.019284,buy
2018-02-22,0.53,0,2.98,0,0.1,1.75,2.68,0.42,0,0,3.51,1.87,2.66,0.11,2.27,-0.03218669, 0.00159397,-0.01632457,-0.00513325,-0.060122,sell
2018-02-23,0.3,0,1.43,0,0.19,2.63,1.23,0.9,0,0.02,1.73,2.87,1.16,0,3.1,-0.05675091, 0.00115502, 0.00115502, 0.01226892, 0.013341,buy
2018-02-24,0.17,0,1.28,0,0.31,2.97,1.86,1.94,0,0.03,1.45,3.45,1.66,0,4.59,-0.03019643,-0.01072522,-0.01064247, 0.03213426,-0.036514,sell
2018-02-25,0.16,0,3.12,0,0.52,1.46,3.57,3.09,0,0.12,3.21,2.53,2.97,0,6.09,-0.00682440, 0.01673403, 0.02651436, 0.02940345,-0.012763,buy
2018-02-26,0.19,0,1.68,0,0.85,0.61,4.28,2.48,0,0.27,1.68,3.24,2.42,0,5.32, 0.03310957, 0.03503937, 0.05527946, 0.05127924, 0.021988,buy
2018-02-27,0.62,0,0.35,0,1.41,0.25,4.4,2.36,0,0.76,0.35,4.86,1.06,0,4.72, 0.01031422,-0.02104489, 0.01632252, 0.01840905,-0.008637,buy
2018-02-28,1.93,0,0.14,0,2.35,0.11,4.11,3.43,0.04,2.16,0.14,5.88,0.46,0,5.4, 0.02671534, 0.01500448, 0.00469953, 0.01241264,-0.013137,sell
2018-03-01,4.1,0.04,0.35,0,3.35,0,3.69,1.83,0.15,4.48,0.39,6.46,0.2,0,3.47, 0.05059376, 0.03012021,-0.00440717, 0.03334958,-0.013273,buy
2018-03-02,4.68,0.15,0.89,0,3.14,0,1.06,0.53,0.5,5.31,1.04,3.48,0.09,0,1.9, 0.08206512, 0.04120049, 0.02370711, 0.08206512, 0.023960,buy
2018-03-03,1.99,0.6,2.28,0,2.56,0,0.15,0.13,1.77,3.04,2.88,1.66,0,0,1.24, 0.03031318, 0.00257034, 0.03479758, 0.04138572, 0.023354,buy
2018-03-04,0.47,2.4,3,0,2.67,0,0,0.04,5.96,2.23,5.4,0.91,0,0,0.92, 0.02189102, 0.01636801,-0.00189785,-0.02204999, 0.036445,buy
2018-03-05,0,5.92,1.48,0,3.47,0,0,0.06,5.46,2.92,7.4,0.55,0,0,0.77,-0.01317304, 0.00435347, 0.00249793,-0.04082063, 0.008928,buy
2018-03-06,0,3.73,0.58,0,3.3,0,0.06,0.12,1.63,2.97,4.31,0.39,0,0,0.66,-0.00375881, 0.00792028, 0.00943111,-0.03244093,-0.040721,sell
2018-03-07,0,1.11,0.22,0,2,0,0.14,0.24,0.63,1.82,1.31,0.34,0.04,0,0.56,-0.12461148,-0.05290809,-0.09909351,-0.10013767,-0.092935,sell
2018-03-08,0.04,0.49,0.09,0,1.19,0,0.33,0.46,0.37,1.23,0.46,0.45,0.14,0,0.5,-0.13240372,-0.10980853,-0.11769931,-0.10293666,-0.135186,sell
2018-03-09,0.09,0.72,0,0,0.64,0,0.79,1.15,0.41,1.2,0.25,0.79,0.62,0,0.47,-0.09445298,-0.11438494,-0.11280227,-0.07278908,-0.115104,sell
2018-03-10,0.22,2.22,0,0,0.38,0,1.87,3.06,0.65,2.37,0.45,1.87,2.19,0,0.51, 0.08274395,-0.01574175,-0.03354490,-0.02863052,-0.034816,sell
2018-03-11,0.62,4.23,0,0,0.22,0,2.97,5,1.04,4.21,0.86,2.97,3.57,0,0.62,-0.01394659, 0.03195168, 0.03115407,-0.06821696,-0.012125,buy
2018-03-12,1.61,4.38,0,0,0.13,0,1.92,5.29,1.65,4.49,1.63,1.92,2.94,0,0.89,-0.03172275, 0.03926734, 0.04301741,-0.04632148,-0.050204,sell
2018-03-13,3.74,5.89,0,0,0,0,0.81,7.25,2.67,6.4,3.23,0.81,3.37,0,1.41,-0.06333672,-0.06285479,-0.06174419,-0.08145728,-0.093526,sell
2018-03-14,4.79,5.13,0,0,0,0,0.34,7.25,3.11,4.65,5.27,0.34,1.97,0,2.4,-0.08103452,-0.10902260,-0.11824400,-0.12128899,-0.101380,sell
2018-03-15,4.61,2.95,0,0,0,0,0.14,5.7,2.36,1.66,5.9,0.14,0.63,0,3.05,-0.09923383,-0.09530590,-0.09923383,-0.08309622,-0.079569,sell
2018-03-16,3.98,2.08,0,0,0,0,0,3.69,1.89,0.62,5.44,0,0.22,0,2.14,-0.07857796,-0.09724265,-0.08636820,-0.08674450,-0.076246,sell
2018-03-17,3.89,2.48,0,0,0,0,0,2.06,2.15,0.17,6.2,0.02,0,0,1.19,-0.10901096,-0.10038262,-0.10638880,-0.10391834,-0.110297,sell
2018-03-18,1.83,3.33,0,0,0,0,0,1.21,3.5,0,5.16,0.03,0,0,0.65,-0.05873914, 0.02284664,-0.07638408,-0.05397473,-0.051015,sell
2018-03-19,0.67,2.12,0,0,0,0,0,0.78,3.26,0,2.79,0.08,0,0,0.36,-0.00125957, 0.05133906,-0.10484713,-0.00428519, 0.012709,buy
2018-03-20,0.28,0.88,0,0,0,0,0,0.58,1.47,0,1.16,0.17,0,0,0.2, 0.06354107, 0.06142501, 0.08265721, 0.09264975, 0.104451,buy
2018-03-21,0.09,0.29,0.06,0,0,0.02,0,0.65,0.69,0.08,0.38,0.4,0,0,0.11, 0.08136540, 0.04297454, 0.04097866, 0.04412048, 0.011974,buy
2018-03-22,0,0.12,0.19,0,0,0.04,0,1.16,0.33,0.23,0.12,1.07,0,0,0, 0.06492847, 0.00464433, 0.00450138, 0.02061536,-0.006166,sell
2018-03-23,0,0.05,0.59,0,0,0.06,0,2.99,0.1,0.7,0,2.97,0.05,0,0,-0.00629820,-0.02336608,-0.01972199,-0.04742957,-0.023366,sell
2018-03-24,0.09,0.12,1.85,0,0,0.11,0,2.95,0,2.08,0.07,2.89,0.11,0,0.02,-0.00682235,-0.00174652, 0.01833509,-0.01209211,-0.000236,sell
2018-03-25,0.14,0.31,3,0,0,0.19,0,1.12,0,3.5,0.09,0.98,0.22,0,0.05, 0.05021921, 0.04838490,-0.03348267, 0.05399834, 0.048385,buy
2018-03-26,0.25,0.79,1.47,0,0.08,0.33,0,0.65,0.08,2.59,0.13,0.33,0.45,0,0.12,-0.02055072,-0.04457137,-0.03790911,-0.01892514, 0.001211,sell
2018-03-27,0.51,2.01,0.47,0,0.24,0.57,0,0.86,0.24,3.05,0.22,0.11,0.96,0,0.29,-0.02203758,-0.02373344,-0.01452805,-0.02225260, 0.025502,sell
2018-03-28,1.07,2.95,0.15,0,0.68,0.98,0,1.74,0.68,4.08,0.4,0,2.07,0,0.67,-0.02926099,-0.01911483,-0.02449457,-0.02450138,-0.028992,sell
2018-03-29,2.32,1.7,0.03,0,1.94,1.71,0,3,1.94,3.41,0.79,0,3.54,0.04,1.56,-0.03795099,-0.03795099,-0.03898046,-0.03795099,-0.035478,sell
2018-03-30,4.54,0.66,0.04,0,3,2.95,0,2.17,3,3.61,1.58,0,3.02,0.17,3,-0.06316399,-0.07162801,-0.06316399,-0.05129657,-0.069579,sell
2018-03-31,5.58,0.29,0.08,0,1.55,3,0,1.01,1.55,3.29,3.34,0,2.37,0.85,2.32, 0.01859827,-0.02322495, 0.01294119, 0.01859827,-0.017060,buy
2018-04-01,6.95,0.16,0.13,0,0.55,1.73,0,0.63,0.55,1.89,6.1,0,2.79,2.97,0.98,-0.03041353,-0.03435052,-0.02117066,-0.03006922,-0.018106,sell
2018-04-02,5.35,0.11,0.22,0,0.19,0.99,0,0.67,0.19,1.1,5.14,0,3.66,1.99,0.41,-0.00349407,-0.01418191,-0.02164102,-0.05898108,-0.016118,buy
2018-04-03,2.42,0.22,0.38,0,0,0.57,0,1.09,0,0.79,2.57,0,3.71,0.4,0.17, 0.03634850,-0.00581866, 0.09223125, 0.10527424,-0.002937,buy
2018-04-04,1.16,0.43,0.65,0,0,0.33,0,2.28,0,0.76,1.63,0,4.07,0,0,-0.07705551,-0.07705551,-0.03917657,-0.01732127,-0.086144,sell
2018-04-05,0.99,0.79,1.12,0,0,0.19,0,3.04,0,0.99,1.61,0.03,4.51,0,0,-0.08454787,-0.07880249,-0.04867260,-0.05421810,-0.084548,sell
2018-04-06,1.7,1.37,1.93,0,0,0.11,0,2.1,0,1.52,2.17,0.07,4.09,0,0,-0.05229804,-0.05361077,-0.03106784,-0.02339067,-0.043140,sell
2018-04-07,3.03,2.3,3.07,0,0,0.04,0,1.58,0.04,2.4,3.46,0.18,4.34,0,0, 0.00984058,-0.00075585, 0.01553012,-0.04132829,-0.006711,buy
2018-04-08,1.89,3,3.03,0,0,0.1,0,2.31,0.1,3.26,4.07,0.43,2.68,0,0.04, 0.00436212,-0.00693433, 0.01505579,-0.04731328,-0.001928,buy
2018-04-09,0.64,2.51,2.33,0,0,0.3,0,4.35,0.3,3.15,4.6,1.01,1.12,0,0.11,-0.02631469,-0.02477112, 0.03632393,-0.02409481, 0.013596,sell
2018-04-10,0.22,1.8,2.73,0,0,0.84,0,4.86,0.84,3.46,3.09,2.42,0.52,0,0.22,-0.00965132,-0.00965132, 0.04498024,-0.01116146, 0.020637,sell
2018-04-11,0,1.51,3.55,0,0,2.38,0,4,2.4,4.23,1.26,3,0.13,0,0.44, 0.03779173, 0.03674349, 0.05783110, 0.03608578, 0.036743,buy
2018-04-12,0,1.63,2.22,0.02,0,2.97,0,2.11,3,2.89,0.57,1.5,0.1,0,0.92, 0.07729974, 0.07930565, 0.06281573, 0.10680792, 0.077172,buy
2018-04-13,0.06,2.47,0.91,0.06,0,1.27,0,1.02,1.3,1.65,0.2,0.68,0,0,1.99, 0.02825947, 0.03033391, 0.02876761, 0.00379399, 0.046483,buy
2018-04-14,0.18,3.81,0.39,0.19,0.04,0.45,0,0.76,0.53,1.3,0.12,0.46,0,0,3.47, 0.02340203, 0.04476323, 0.03426684,-0.02320392, 0.041906,buy
2018-04-15,0.53,3.1,0.1,0.62,0.08,0.16,0.03,0.7,0.28,1.67,0,0.67,0.04,0,2.73, 0.02593909, 0.03414028, 0.05399746, 0.01229182, 0.039115,buy
2018-04-16,1.58,2.06,0,2.01,0.19,0,0.06,0.69,0.23,3.17,0,1.62,0.19,0,1.46,-0.00696005,-0.01115981,-0.05764472, 0.03222619,-0.005775,buy
2018-04-17,3,2.12,0,3,0.44,0,0.1,0.7,0.44,4.52,0,3.07,0.45,0,0.95, 0.00927044, 0.01389179,-0.02005754, 0.02999986,-0.020136,buy
2018-04-18,1.89,3.19,0,1.3,1.01,0,0.17,0.71,0.99,3.44,0.02,1.93,1.19,0.02,0.79, 0.00699165, 0.01284357,-0.09758565, 0.01066976, 0.008309,buy
2018-04-19,0.74,5.87,0,0.4,2.3,0,0.32,0.69,2.3,3.62,0.02,0.78,3.08,0.02,0.67, 0.02105838, 0.06318590, 0.02322997, 0.05323016, 0.016185,buy
2018-04-20,0.46,5.64,0,0.12,3.03,0,0.55,0.66,3.01,3.6,0.03,0.48,2.86,0.06,0.69, 0.02416128, 0.07593043, 0.02338882, 0.05413617, 0.016991,buy
2018-04-21,0.53,2.78,0,0,1.75,0,1,0.67,1.8,2.77,0.06,0.42,1.19,0.07,0.84,-0.00377273, 0.04209441,-0.02014215, 0.00320354,-0.010046,sell
2018-04-22,1.12,1.41,0,0,0.84,0,1.86,0.76,1.09,2.62,0.1,0.65,0.79,0.1,1.29,-0.00137447,-0.02719410,-0.04067159, 0.01434041,-0.087273,sell
2018-04-23,2.37,0.71,0.04,0,0.46,0,3.6,1.04,1.3,3.23,0.17,1.01,0.98,0.14,2.4, 0.03068233,-0.04906687,-0.00262479, 0.01468219,-0.009666,buy
2018-04-24,3.36,0.31,0.09,0,0.31,0,5.79,1.7,2.93,3.31,0.33,1.56,1.65,0.17,3.17,-0.07350228,-0.11652517,-0.00190032,-0.03013532,-0.024216,sell
2018-04-25,2.66,0.19,0.26,0,0.21,0,4.93,2.98,2.97,2.11,0.71,2.46,3.09,0.21,2.1,-0.02769804,-0.02835408, 0.06437941,-0.02442714,-0.024349,sell
2018-04-26,2.65,0.13,0.7,0,0.25,0,2.25,2.87,1.1,1.15,1.54,3.13,3.13,0.25,1.55,-0.00371470,-0.01229835, 0.00864664,-0.01037930,-0.008878,sell
2018-04-27,4.18,0.38,1.9,0,0.29,0,1.06,1.52,0.39,0.67,3.16,2.76,2.15,0.29,2.29, 0.00064571, 0.05296088, 0.00064571, 0.00064571,-0.030842,sell
2018-04-28,4.8,1.13,3.1,0,0.33,0,0.55,1.09,0.14,0.39,3.12,2.68,2.72,0.33,3.17,-0.01619456, 0.01375720,-0.01886018,-0.01477379,-0.068294,sell
2018-04-29,4.12,2.95,1.94,0,0.37,0,0.3,1.47,0,0.23,2.39,3.96,3.56,0.37,1.65,-0.02007036,-0.01573676,-0.02007036, 0.00264059, 0.001687,sell
2018-04-30,2.24,2.58,1.48,0,0.41,0.03,0.36,3.11,0.03,0.16,3.67,3.24,2.76,0.41,0.6,-0.04085483,-0.04022301,-0.03449860,-0.00994257, 0.003189,sell
2018-05-01,0.91,0.87,2.84,0,0.45,0.07,0.68,2.89,0.07,0.05,3.74,1.3,3.32,0.45,0.21,-0.03628089,-0.03628089,-0.03409301,-0.03401851,-0.026934,sell
2018-05-02,0.31,0.3,3.11,0,0.51,0.16,2.08,1.19,0.16,0.16,3.25,0.61,3.26,0.51,0, 0.01566278, 0.04335900, 0.04335900, 0.04298182, 0.044005,buy
2018-05-03,0.13,0.1,1.62,0.02,0.57,0.35,2.97,0.54,0.35,0.52,3.44,0.36,1.25,0.57,0, 0.04583878, 0.04006276, 0.04583878, 0.04633589, 0.048508,buy
2018-05-04,0,0,2.02,0.06,0.65,0.81,1.33,0.39,0.81,1.71,1.52,0.33,0.37,0.65,0, 0.00927875, 0.00376737, 0.01754888, 0.00307280, 0.041456,buy
2018-05-05,0,0.05,3.15,0.15,0.74,1.84,0.46,0.6,1.87,3.18,0.43,0.6,0.12,0.74,0.05, 0.03171805, 0.05058432, 0.01705850, 0.02374982, 0.050584,buy
2018-05-06,0.04,0.13,1.65,0.4,0.79,2.95,0.18,1.85,2.99,2.05,0.14,1.89,0,0.79,0.13, 0.01349472, 0.01350475,-0.01292531, 0.03715409, 0.013505,sell
2018-05-07,0.09,0.3,0.83,1.06,0.98,2.08,0.06,2.97,2.14,1.86,0,3.09,0,0.98,0.3,-0.04052288,-0.02366862,-0.02762582,-0.02893762,-0.033335,sell
2018-05-08,0.22,0.71,1.35,2.79,1.22,0.92,0.08,1.42,1,4.05,0,1.73,0,1.22,0.71,-0.02021375,-0.03005344,-0.02168406,-0.03347432,-0.019789,sell
2018-05-09,0.53,1.75,3.21,2.95,1.5,0.4,0.11,0.42,0.51,5.9,0,1.21,0.05,1.5,1.7,-0.07598039,-0.02710797,-0.02306736,-0.06943451,-0.023004,sell
2018-05-10,1.24,3.1,3.07,1.16,1.87,0.18,0.16,0.12,0.34,3.46,0,2.13,0.13,1.87,2.97,-0.03521317,-0.03589591,-0.02171322,-0.03387220,-0.013033,sell
2018-05-11,2.97,2.48,2.98,0.44,2.42,0.08,0.22,0,0.34,1.14,0.08,5.25,0.32,2.3,2.16,-0.04584776,-0.02809822,-0.03221392,-0.02809822,-0.030803,sell
2018-05-12,2.92,1.67,3.18,0.17,3.27,0.24,0.31,0,0.76,0.38,0.24,5.89,0.79,2.82,0.88,-0.04185842, 0.00077655,-0.00298959, 0.00077655,-0.003056,buy
2018-05-13,1.3,2.28,1.29,0,4.73,0.75,0.43,0,2.14,0,0.75,2.51,1.92,3,0.46,-0.00578432,-0.00578432,-0.02729853, 0.00158749,-0.007658,sell
2018-05-14,0.83,3.15,0.43,0,5.53,2.3,0.59,0,3.56,0,2.3,0.94,3,2.53,0.5,-0.06371671,-0.05959704,-0.04676204,-0.04753401,-0.047534,sell
2018-05-15,1.69,1.84,0.15,0,3.36,2.97,0.81,0,2.07,0,2.97,0.36,1.89,2.06,1.47,-0.04679300,-0.05345396,-0.01167519,-0.01161947,-0.080523,sell
2018-05-16,3.26,0.77,0,0,2.04,1.23,1.13,0.12,1.49,0.02,1.3,0.09,0.95,1.67,3.03,-0.01622882,-0.01622882, 0.07852602, 0.01261539,-0.004247,sell
2018-05-17,2.24,0.38,0,0,1.46,0.4,1.57,0.48,1.72,0.08,0.73,0,1.24,1.36,1.4,-0.04064543,-0.05769854, 0.00694336,-0.01768277,-0.035469,sell
2018-05-18,3.22,0.36,0,0.03,1.25,0.13,2.17,1.98,2.59,0.24,1.69,0,3.07,1.1,0.45, 0.04364517, 0.02633899, 0.08354671, 0.05411537, 0.044235,buy
2018-05-19,1.87,0.79,0.02,0.1,1.11,0,3.06,4.17,4.26,0.79,2.97,0,1.87,0.89,0.34, 0.01956431, 0.00380318, 0.02199692, 0.02599927, 0.003974,buy
2018-05-20,0.38,2.58,0.06,0.37,1.06,0.07,3.66,4.04,6.68,2.64,1.09,0,0.38,0.73,0.7, 0.00050139, 0.02582190, 0.01168167, 0.02442513, 0.013322,buy
2018-05-21,0,3.04,0.16,1.28,1.09,0.35,3.91,2.77,6.82,3.28,0.21,0.03,0,0.59,1.67,-0.04588357, 0.00320698,-0.02262874, 0.00396299, 0.003963,sell
2018-05-22,0.03,1.31,0.41,4.81,1.28,1.77,4.8,0.92,7.49,2.82,0.03,0.1,0.07,0.48,4.34,-0.04061780,-0.08250971,-0.04604201,-0.06516918,-0.063447,sell
2018-05-23,0.18,1.73,1.08,5.97,1.67,2.92,3.87,0.33,7.12,3.29,0.08,0.34,0.26,0.39,6.27,-0.02325858,-0.05713567,-0.04031815,-0.04212544,-0.037170,sell
2018-05-24,1.04,3.54,2.9,2.32,2.37,0.91,2.14,0.12,3.17,0.87,0.24,1.42,0.97,0.32,8.35,-0.09868486,-0.09340991,-0.09868486,-0.08371594,-0.086261,sell
2018-05-25,2.92,2.95,3.12,2.51,3.75,0.17,1.32,0,1.44,0.13,0.81,3.82,3.28,0.26,7,-0.05718675,-0.05818025,-0.05595478,-0.04430229, 0.012613,sell
2018-05-26,1.41,5.25,1.52,2.98,5.49,0,0.95,0,0.82,0,2.4,3.57,6.31,0.21,4.29, 0.03560673, 0.02190285, 0.03560673, 0.01426849, 0.036612,buy
2018-05-27,0.23,4.34,1.34,1.38,5.4,0,0.88,0,0.56,0,3.33,3.2,3.72,0.17,2.59,-0.01014705,-0.01395650,-0.01842907,-0.04931039,-0.019033,buy
2018-05-28,0.04,1.91,2.45,0.49,2.97,0,1.24,0,0.45,0.04,2.1,1.7,3.05,0.14,1.62,-0.06677000, 0.00150156,-0.01084945,-0.01136369,-0.023943,sell
2018-05-29,0.14,0.71,3.16,0.22,1.67,0,2.74,0,0.82,0.14,2.41,0.71,3.32,0.11,1.13,-0.07182924, 0.05543363, 0.00377565, 0.05554295, 0.003776,buy
2018-05-30,0.45,0.39,3,0.09,1.12,0,6.11,0,3.14,0.45,3.2,0.39,1.83,0.09,2.06,-0.02225677,-0.03304879,-0.00890534,-0.05013773,-0.021376,sell
2018-05-31,1.43,0.75,3.66,0.13,0.78,0,4.47,0,2.61,1.46,1.99,0.75,1.13,0,3.28,-0.00780020, 0.00426544, 0.03964061, 0.00048096, 0.017377,buy
2018-06-01,2.95,2.92,1.98,0.21,0.77,0,1.57,0,0.52,3.03,1.22,2.96,1.67,0.03,1,-0.05742970,-0.04152717,-0.06288374,-0.04599888,-0.057565,sell
2018-06-02,1.9,1.94,3.34,0.32,0.84,0,2.67,0,0.11,2.1,2.78,2.04,3.71,0.1,0.27, 0.01435692,-0.00755469, 0.01960968, 0.01960968, 0.019610,buy
2018-06-03,0.61,0.28,1.79,0.6,1.01,0,3.13,0,0.09,1.17,3.34,0.58,2.12,0.29,0.12, 0.04652606, 0.05367268, 0.05097719, 0.05392209, 0.050977,buy
2018-06-04,0.19,0,1.86,1.27,1.18,0,0.5,0,0,1.88,0.89,0.88,1.35,0.86,0, 0.02302427, 0.03823973, 0.04441865,-0.01077249, 0.012844,buy
2018-06-05,0,0,5.88,3.08,1.55,0,0,0,0,5.86,0.5,2.6,1.55,2.6,0, 0.00574228, 0.01386686,-0.01053134, 0.00691347,-0.007624,buy
2018-06-06,0,0,5.6,3.6,2.01,0,0,0,0,5.42,0.65,3.13,2.01,3,0, 0.01488787,-0.00352588,-0.00770534,-0.00723842,-0.007705,buy
2018-06-07,0,0,2.4,1.99,2.62,0.08,0,0,0,1.38,0.92,2.17,2.62,1.09,0,-0.01077185,-0.00313516,-0.01144069,-0.02156689,-0.006717,sell
2018-06-08,0,0,3.54,1.46,2.97,0.61,0,0,0,0.4,1.67,3.54,2.97,0.36,0,-0.03933885,-0.05428575,-0.03824826,-0.03978563,-0.047120,sell
2018-06-09,0,0,2.07,1.46,2.65,2.95,0,0,0,0.16,4.27,2.05,2.65,0.12,0,-0.06874761,-0.08328489,-0.04503632,-0.08416896,-0.077458,sell
2018-06-10,0,0.12,1.8,1.65,2.1,2.05,0,0,0,0.12,3.7,1.72,2.1,0,0.08,-0.09198077,-0.07938954,-0.04092439,-0.09061830,-0.090704,sell
2018-06-11,0.06,0.85,3.25,2.44,1.67,0.64,0,0.08,0.14,0.85,2.67,2.97,1.67,0,0.69,-0.06221773,-0.07659216,-0.02084490,-0.05906176,-0.044557,sell
2018-06-12,0.16,2.89,3.32,5.39,1.33,0.9,0,0.53,0.69,2.89,3.37,2.34,1.33,0,3.9,-0.03956385,-0.07632429,-0.04776568,-0.07689369,-0.016215,sell
2018-06-13,0.43,1.38,3.9,5.53,1.08,2.22,0,2.92,3.35,1.38,5.22,0.98,1.14,0,5.39, 0.02574891,-0.04013526,-0.04833945,-0.02547440, 0.038843,buy
2018-06-14,1.21,0.22,2.92,3.65,0.99,2.97,0,2.47,3.68,0.22,6.05,0.41,1.25,0,2.82, 0.06626107, 0.03154159,-0.02067062, 0.04694891, 0.060825,buy
2018-06-15,2.95,0.06,0.94,4.98,1.42,1.59,0,0.42,3.35,0.08,4.79,0.17,3.21,0,0.76,-0.03087847,-0.01652655,-0.04131032,-0.01319937,-0.037227,sell
2018-06-16,2.58,0.14,0.39,5.21,3.55,0.67,0,0.02,2.58,0.16,5.77,0,3.74,0,0.36,-0.04141891,-0.01107856,-0.00512791,-0.01385697,-0.048185,sell
2018-06-17,1.03,0.35,0.58,2.75,2.45,0.29,0,0.04,0.94,0.48,4.16,0,1.64,0,0.43, 0.00600984,-0.02954500, 0.00564266,-0.01277036,-0.007962,sell
2018-06-18,0.99,0.86,1.74,2.81,0.75,0.15,0,0.08,0.38,1.55,2.45,0,2.26,0,1.21, 0.01658111,-0.01161127, 0.00868384, 0.00958004, 0.016804,buy
2018-06-19,3.04,2.12,3,4.31,0.37,0.05,0,0.14,0.23,5.07,2.74,0,3.37,0,3,-0.08656835,-0.07502971,-0.03157353,-0.03711501,-0.027979,sell
2018-06-20,2.2,3.03,1.65,3.81,0.32,0.07,0,0.29,0.25,5.24,4.16,0.06,1.97,0,2.66,-0.05719118,-0.02235091, 0.01305583,-0.04022667,-0.015522,sell
2018-06-21,0.4,1.76,0.55,2.24,0.28,0.09,0,0.67,0.58,2.13,3.16,0.3,0.83,0,1.09, 0.02869839, 0.03412469, 0.03490026, 0.03097489, 0.004320,buy
2018-06-22,0,1.08,0.18,2.8,0.24,0.12,0,1.57,1.36,0.88,1.68,1.5,0.46,0,0.83,-0.05669498,-0.09724391,-0.09724391,-0.10062094,-0.091603,sell
2018-06-23,0,1.66,0,3.97,0.25,0.17,0,3.47,2.97,0.77,1.14,2.89,0.33,0.02,1.64, 0.01668981, 0.00382634,-0.00267473, 0.00431240,-0.016552,buy
2018-06-24,0,3.13,0,2.23,0.27,0.21,0,4.14,2.82,1.48,0.86,1.16,0.48,0.02,3.16, 0.05469057, 0.07554422, 0.04105631, 0.04416919,-0.014522,buy
2018-06-25,0,1.91,0.42,1.69,0.35,0.26,0,4.23,1.34,3.03,0.91,0.25,0.88,0.02,2.43, 0.06174623, 0.05608004, 0.05342993, 0.05943073, 0.037587,buy
2018-06-26,0,0.9,2.25,2.43,0.57,0.33,0,2.81,0.9,2.3,1.1,0.03,1.9,0.03,3.03, 0.01190700,-0.01739516,-0.00993830,-0.03007469,-0.013642,sell
2018-06-27,0.06,1.28,3,3.61,1.15,0.41,0,1.05,1.36,0.83,1.65,0.08,3.16,0.04,3.44, 0.01999641,-0.02169802, 0.00372589,-0.01633124, 0.024069,buy
2018-06-28,0.24,3.1,0.96,2.65,2.59,0.48,0,0.43,3.29,0.33,3.08,0.21,2.31,0.04,1.19,-0.03876629,-0.03169346,-0.06138340,-0.03665390,-0.036654,sell
2018-06-29,0.94,3.36,0.81,1.42,3.09,0.57,0,0.15,3.86,0.15,3.57,0.61,1.43,0.05,0.67,-0.00865610, 0.00969321,-0.07788364,-0.00763711, 0.001701,sell
2018-06-30,3.03,2.36,1.91,0.93,1.57,0.67,0,0.06,4.03,0.12,2.09,1.71,1.95,0.06,0.61, 0.01726381, 0.03646057, 0.00333090, 0.03808087, 0.066300,buy
2018-07-01,2.6,3.33,3.78,0.74,0.72,0.78,0,0,2.8,0.14,1.37,3,3.99,0.07,0.75, 0.00583705, 0.02128607, 0.01681765, 0.05957767, 0.054965,buy
2018-07-02,1.15,2.41,4.66,0.61,0.39,0.88,0,0,0.82,0.34,1.45,1.79,5.24,0.1,0.96, 0.02664620, 0.02443316,-0.00245850, 0.04876383, 0.039089,buy
2018-07-03,1.45,0.9,3.61,0.64,0.26,0.99,0,0,0.2,0.82,2.84,0.64,3.87,0.13,1.45, 0.06356940, 0.01896622, 0.03777750, 0.06356940, 0.065972,buy
2018-07-04,3.37,0.77,1.06,0.65,0.17,1.09,0,0,0,1.96,3.62,0.23,1.22,0.15,2.9, 0.03776108, 0.06542804, 0.02823327, 0.04168877, 0.024534,buy
2018-07-05,5.92,1.96,0.24,0.69,0.19,1.2,0,0.08,0,3.05,1.9,0,0.47,0.18,5.89,-0.00503060,-0.03467635,-0.04287223,-0.02948305,-0.013374,sell
2018-07-06,3.76,2.97,0.01,0.76,0.21,1.29,0,0.24,0.01,2.13,1.1,0.03,0.14,0.22,5.98,-0.00123330,-0.03558468,-0.03418715,-0.03441319,-0.018672,sell
2018-07-07,1.38,1.3,0.04,0.84,0.23,1.38,0,0.71,0.04,1.51,0.9,0.06,0.15,0.26,3.08,-0.01676700,-0.00911771,-0.00799098,-0.01195256, 0.004128,sell
2018-07-08,0.52,0.43,0.11,1,0.26,1.43,0.02,1.97,0.18,2.31,0.85,0.15,0.16,0.3,1.79, 0.00400464, 0.00037772, 0.00400464, 0.00695963, 0.004005,sell
2018-07-09,0.17,0.26,0.3,1.28,0.28,1.49,0.02,2.97,0.46,3.11,0.93,0.35,0.2,0.35,1.37, 0.02707929, 0.01645450, 0.02707929, 0.03022984, 0.032813,buy
2018-07-10,0.09,0.47,0.88,1.87,0.33,1.54,0.02,1.67,1.19,1.67,1.05,0.95,0.32,0.4,1.29,-0.01815054,-0.03156730,-0.04827967,-0.03146837,-0.031567,sell
2018-07-11,0.26,1.17,2.39,3.16,0.38,1.58,0.02,0.65,3.12,0.65,1.2,2.3,0.57,0.44,1.33, 0.03664722, 0.05153679, 0.05153679, 0.05153679, 0.052180,buy
2018-07-12,0.75,2.83,3.35,4.3,0.48,1.61,0.03,0.27,4.99,0.27,1.43,3.78,1.23,0.49,1.43, 0.02330628, 0.00476283, 0.00289543, 0.02444042, 0.046299,buy
2018-07-13,2.14,5.2,2.37,3.28,0.75,1.63,0.03,0.12,4.46,0.12,1.85,3.86,2.98,0.54,1.71, 0.00045985,-0.00238866,-0.00029384, 0.00106469, 0.032313,buy
2018-07-14,3.02,6.19,2.78,2.43,1.46,1.65,0.04,0,2.54,0,2.74,4.63,4.53,0.6,2.53, 0.00600272, 0.00568535, 0.01827570,-0.00080423, 0.022142,buy
2018-07-15,1.51,5.57,5.08,2.28,3.4,1.65,0.05,0,1.17,0,4.93,4.15,4.44,0.66,4.19, 0.04809705, 0.05801762, 0.05328017, 0.04511598, 0.053280,buy
2018-07-16,0.71,4.15,5.44,2.41,3.39,1.64,0.08,0,0.53,0.02,5.2,3.81,3.85,0.73,3.68, 0.06713288, 0.06866133, 0.07302940, 0.06636630, 0.073029,buy
2018-07-17,0.6,2.11,3.32,2.65,1.47,1.64,0.12,0,0.31,0.05,3.68,2.64,2.22,0.72,2.29,-0.08882399,-0.10055563,-0.01304763,-0.07974190,-0.018495,buy
2018-07-18,0.79,1.09,1.67,3,0.89,1.66,0.21,0,0.23,0.12,3.37,1.41,1.37,0.82,1.99,-0.03987449,-0.02697206,-0.01384857,-0.03987449,-0.013849,sell
2018-07-19,1.42,0.48,0.9,2.84,0.74,1.67,0.41,0,0.14,0.3,2.97,0.76,1.09,0.92,2.28,-0.01403238,-0.00383610,-0.00222537,-0.01625543,-0.003612,buy
2018-07-20,2.31,0.28,0.47,2.38,0.72,1.7,0.91,0,0.2,0.78,2.38,0.47,1,1.05,2.89,-0.01783739,-0.00759175, 0.02804380,-0.01426656, 0.028044,sell
2018-07-21,3.15,0.18,0.34,2.01,0.86,1.76,2.16,0,0.35,1.99,2.01,0.31,1.07,1.19,3.54, 0.01142624, 0.02222025, 0.02935977, 0.02222025, 0.030922,buy
2018-07-22,3.02,0.12,0.3,1.67,1.02,1.82,3.16,0,0.63,2.95,1.67,0.22,1.22,1.33,3.09,-0.02306158,-0.00938300,-0.01300609,-0.00938300,-0.006299,sell
2018-07-23,2.91,0.09,0.37,1.38,1.22,1.91,1.96,0,1.25,1.7,1.41,0.21,1.52,1.5,2.28, 0.03406797, 0.04057007, 0.04428875, 0.04376737, 0.045172,buy
2018-07-24,3.96,0.02,0.65,1.16,1.47,2.07,0.99,0,2.7,0.67,1.29,0.28,1.99,1.67,1.8, 0.02910437, 0.02874648, 0.04400486, 0.02997365, 0.028497,buy
2018-07-25,4.53,0.06,1.38,0.95,1.77,2.26,0.67,0.04,3.35,0.27,1.27,0.5,3.04,1.85,1.58,-0.02060991, 0.00059895, 0.02149412,-0.01660719,-0.009364,sell
2018-07-26,3.67,0.15,3.05,0.78,2.14,2.61,0.61,0.1,2.05,0.11,1.6,1.13,5.09,2.04,1.58,-0.03286116,-0.00830915,-0.02519491,-0.03286116,-0.031402,sell
2018-07-27,4.49,0.41,2.85,0.64,2.6,3.39,0.64,0.28,1.29,0,2.75,2.83,5.39,2.28,1.96,-0.00725197, 0.00017719,-0.02259387,-0.00725197,-0.008160,sell
2018-07-28,4.51,0.95,1.25,0.53,3,5.09,0.79,0.73,1.07,0,5.92,3.08,4.18,2.49,3.06,-0.00723461,-0.01363197, 0.00121448,-0.00723461, 0.004782,sell
2018-07-29,2.93,2.21,0.61,0.43,2.82,5.85,0.99,1.92,1.12,0,6.38,1.37,3.34,2.72,5.78,-0.05011141,-0.05767495,-0.05178722,-0.05346382,-0.053610,sell
2018-07-30,2.64,3.11,0.4,0.36,2.34,4.39,1.24,2.95,1.26,0,2.89,0.68,2.61,2.97,8.23,-0.04668652,-0.01613975,-0.04184491,-0.03755833,-0.038748,sell
2018-07-31,3.15,1.91,0.32,0.29,1.9,3.52,1.55,1.77,1.59,0.06,1.27,0.5,2.03,3,6.45,-0.01700365, 0.03930131, 0.03448671, 0.04403308,-0.020830,buy
2018-08-01,2.77,0.99,0.49,0.24,1.58,3.02,1.92,0.74,1.98,0.13,0.62,0.49,1.78,2.77,4.18,-0.00679731,-0.00780414,-0.01950092, 0.01139106,-0.008945,sell
2018-08-02,1.76,0.72,0.81,0.2,1.31,2.69,2.4,0.4,2.49,0.29,0.2,0.81,1.63,2.53,2.34,-0.05898341,-0.05364128,-0.05722621,-0.05958077,-0.056958,sell
2018-08-03,1.04,0.83,1.41,0.2,1.08,2.74,2.97,0.39,3.16,0.66,0.17,1.41,1.62,2.36,1.28,-0.05758769,-0.04385253,-0.05533967,-0.05533967,-0.075018,sell
2018-08-04,0.58,1.29,2.56,0.22,0.89,3.09,3,0.61,3.42,1.5,0.14,2.56,1.84,2.2,0.58,-0.03897278, 0.01895543,-0.03271069,-0.03271069,-0.026950,sell
2018-08-05,0.3,2.48,2.97,0.31,0.75,4.14,2.47,1.45,3.35,3.49,0.11,2.97,2.61,2.04,0.3, 0.01245269, 0.03259686, 0.01111558, 0.01245269, 0.013908,buy
2018-08-06,0.15,4.47,1.85,0.61,0.62,4.89,2.05,3.22,3.91,6.03,0.12,1.85,3.88,2.03,0.15,-0.01953876,-0.01953876,-0.00553892, 0.01403194, 0.015620,buy
2018-08-07,0,5.67,1.01,1.3,0.52,3.61,1.73,3.6,5.8,4.98,0.06,1.01,3.77,2.34,0,-0.06186600,-0.03433290,-0.05531076,-0.05464333,-0.045726,sell
2018-08-08,0,6.72,0.67,2.97,0.44,2.5,1.55,2.92,9.15,2.63,0.17,0.67,3.42,4.2,0,-0.07601211,-0.02465202,-0.07734568,-0.10896639,-0.074957,sell
2018-08-09,0.03,7.25,0.72,2.62,0.37,1.97,1.59,4.44,8.92,2.07,0.43,0.72,5.18,4.64,0.03,-0.03814284,-0.01366697,-0.04173276,-0.10840531,-0.035213,sell
2018-08-10,0.07,6.45,1.27,1.04,0.32,1.71,2.1,5.61,5.11,2.81,1.12,1.27,6.63,2.29,0.07,-0.05731262,-0.03061011,-0.04073703,-0.02843353,-0.018430,sell
2018-08-11,0.15,4.08,2.74,0.41,0.28,1.51,3.67,4.35,2.64,3.1,2.84,2.74,4.21,1.67,0.15, 0.00121924, 0.01619858, 0.02843836, 0.03352152, 0.045572,buy
2018-08-12,0.33,1.77,2.95,0.17,0.24,1.46,3.66,2.29,1.53,1.79,2.95,2.95,1.86,1.46,0.33,-0.00626734, 0.01002192, 0.03552101, 0.02890782, 0.052342,buy
2018-08-13,0.71,0.77,1.32,0,0.21,1.42,1.82,1.12,0.94,0.92,1.2,1.32,0.83,1.42,0.74,-0.07479150,-0.01937676, 0.03802892, 0.03917050, 0.034526,buy
2018-08-14,1.54,0.33,0.55,0,0.18,1.38,1.01,0.5,0.65,0.5,0.47,0.55,0.35,1.38,1.59,-0.00986102,-0.03491245,-0.00396890,-0.00370115,-0.003374,sell
2018-08-15,3,0.07,0.23,0,0.16,1.36,0.67,0.29,0.48,0.29,0.19,0.23,0.16,1.36,3.07,-0.03600615,-0.06944536, 0.02664507, 0.00166054, 0.022957,buy
2018-08-16,2.65,0.1,0.1,0,0.14,1.34,0.43,0.18,0.43,0.18,0,0.1,0.14,1.34,2.75, 0.02172424,-0.03797965, 0.05466488, 0.03042048, 0.025769,buy
2018-08-17,1.25,0.14,0,0,0.18,1.33,0.39,0.13,0.39,0.18,0,0,0.13,1.33,1.39, 0.03333310,-0.00563019, 0.02950589, 0.04441630, 0.002615,buy
2018-08-18,0.59,0.17,0.02,0,0.25,1.34,0.35,0.1,0.37,0.21,0,0,0.12,1.34,0.78, 0.01290406, 0.00619153, 0.01852343, 0.03147934, 0.002483,buy
2018-08-19,0.28,0.23,0.05,0,0.36,1.37,0.33,0,0.42,0.23,0,0,0.11,1.37,0.49,-0.02525085,-0.02677481,-0.02061765,-0.00408449, 0.015053,sell
2018-08-20,0.17,0.23,0.11,0,0.61,1.39,0.31,0,0.46,0.48,0,0,0.14,1.39,0.35,-0.03320607,-0.03473003,-0.02061765, 0.00730327, 0.031869,sell
2018-08-21,0.09,0.29,0.28,0,1.14,1.43,0.29,0.15,0.63,1.08,0.02,0.09,0.21,1.43,0.21,-0.04382863,-0.04081946,-0.03717242, 0.00900945,-0.001037,sell
2018-08-22,0.22,0.33,0.68,0,2.21,1.48,0.28,0.25,1.04,2.16,0.04,0.19,0.34,1.48,0.2,-0.04625838,-0.05147614,-0.00546479,-0.03301587, 0.017219,sell
2018-08-23,0.54,0.46,1.67,0,3.25,1.56,0.27,0.48,2.08,3.18,0.11,0.45,0.67,1.56,0.18,-0.01915361,-0.02898447, 0.02120553,-0.02499740, 0.016056,buy
2018-08-24,1.29,0.8,2.99,0.02,2.55,1.64,0.27,0.96,3.5,2.41,0.3,1.06,1.46,1.64,0.15,-0.00344342, 0.00282381, 0.00382392,-0.00562898, 0.016621,buy
2018-08-25,2.97,1.6,2.19,0.02,1.8,1.74,0.27,2.05,2.96,1.58,0.7,2.45,3.14,1.74,0.07,-0.00629694,-0.00629694,-0.00115550,-0.00664352, 0.014271,buy
2018-08-26,2.79,3.76,0.98,0.02,2.29,1.87,0.29,4.02,2.41,1.6,1.7,5.16,3.18,1.87,0.1, 0.04318995, 0.02520816, 0.03593568, 0.03195547, 0.043900,buy
2018-08-27,1.17,6.92,0.64,0.02,3.42,2.01,0.33,4.94,3.61,2.65,2.99,5.81,2.23,2.01,0.15, 0.05516246, 0.02016485, 0.05516246, 0.04469933, 0.064740,buy
2018-08-28,0.49,7.09,0.93,0.02,2.43,2.2,0.37,4.11,3.06,3.09,2.1,3.67,3.32,2.2,0.2, 0.04575886, 0.01801276, 0.05023063, 0.05246713, 0.046119,buy
2018-08-29,0.2,4.63,2.38,0.02,1.06,2.44,0.46,2.01,1.23,1.48,0.86,3.62,3.29,2.44,0.28,-0.02326187, 0.00970865, 0.00256959,-0.02543920,-0.029755,sell
2018-08-30,0.11,1.61,2.95,0.02,0.58,2.7,0.6,0.79,0.63,0.55,0.35,3.49,1.19,2.7,0.45,-0.02854088, 0.01955897, 0.07992902,-0.02025269,-0.019854,sell
2018-08-31,0.08,0.51,1.07,0.03,0.42,3,0.82,0.3,0.45,0.19,0.17,1.3,0.41,3,0.71, 0.02782338, 0.06715161, 0.07536043, 0.05507918, 0.065843,buy
2018-09-01,0.25,0.08,0.3,0.03,0.3,2.95,1.19,0,0.4,0,0.03,0.3,0.18,2.95,1.24, 0.01996528, 0.04516372, 0.04800739, 0.02857010, 0.042442,buy
2018-09-02,0.85,0,0,0.03,0.34,2.58,1.77,0,0.45,0,0.03,0,0.11,2.58,2.4, 0.02423739, 0.02311088,-0.00316424,-0.01229923,-0.005289,buy
2018-09-03,2.95,0,0.07,0.04,0.38,2.24,2.72,0,0.57,0,0.04,0,0.12,2.24,5.43, 0.02672744,-0.03397449, 0.00305249, 0.03116429, 0.043915,buy
2018-09-04,2.79,0,0.28,0.04,0.43,1.94,3.61,0,0.85,0.02,0.04,0,0.16,1.94,6.08, 0.02213137,-0.01804603,-0.01385392, 0.02216692, 0.030342,buy
2018-09-05,1.01,0.07,1.21,0.05,0.56,1.66,3.18,0,1.87,0.05,0.15,0.09,0.42,1.64,3.52,-0.10578317,-0.10763399,-0.11805243,-0.11615286,-0.113713,sell
2018-09-06,1.46,0.36,3.24,0.06,0.96,1.44,2.45,0.02,4.01,0.11,0.57,0.41,1.45,1.38,2.06,-0.05010035,-0.03581946,-0.02667106,-0.01735010,-0.055989,sell
2018-09-07,3.07,1.87,2.12,0.07,2.89,1.29,2.21,0.05,3.04,0.22,2.56,1.99,3.27,1.15,1.34,-0.04652191,-0.03614051,-0.05205050,-0.03489188,-0.047335,sell
2018-09-08,1.63,2.95,1.44,0.09,3.6,1.29,2.4,0.09,2.53,0.47,3.49,3.24,1.79,0.93,1.04,-0.02061798,-0.05031305,-0.06148617,-0.05640033,-0.077446,sell
2018-09-09,0.95,0.84,2.26,0.11,1.39,1.66,3.14,0.18,3.58,0.98,1.86,1.53,0.96,0.75,0.87, 0.03161724, 0.04221722, 0.05402749, 0.05603356, 0.032034,buy
2018-09-10,1.65,0.16,2.97,0.13,0.92,2.85,4.71,0.35,4.58,2.01,2.86,1.81,1.12,0.59,0.77,-0.00568301, 0.02695349, 0.01495122, 0.02307898,-0.006376,buy
2018-09-11,2.95,0,2.01,0.16,0.89,3.42,6.67,0.68,4.02,3,3.79,2.95,1.84,0.47,0.71,-0.01855496,-0.04616515,-0.03036344,-0.03730224,-0.042553,sell
2018-09-12,2.2,0,1.05,0.2,0.99,1.91,7.39,1.27,3.56,2.1,3.02,2.2,3.08,0.36,0.69, 0.00279097,-0.04404490,-0.01094804,-0.02051726,-0.045886,sell
2018-09-13,1,0,0.56,0.26,1.11,1.01,7.14,2.4,3.53,1.08,3.4,1,3.51,0.27,0.69, 0.07036341, 0.03070295, 0.04733978, 0.04564639,-0.011784,buy
2018-09-14,0.8,0,0.3,0.34,1.24,1.12,5.46,2.97,3.12,0.77,4.23,0.8,2.49,0.2,0.62, 0.02533413, 0.00844173, 0.03689968, 0.01983245,-0.021874,buy
2018-09-15,2.44,0,0.17,0.44,1.4,3.17,4.84,2.01,2.37,1.55,5.47,2.44,1.85,0.2,0.64, 0.01980765,-0.02056629,-0.00618998,-0.04912188,-0.013529,buy
2018-09-16,2.97,0,0.09,0.58,1.6,2.31,5.42,1.13,1.79,3.08,3.89,2.97,1.58,0.23,0.68, 0.00196585,-0.04265365,-0.04236688,-0.04590125,-0.025549,sell
2018-09-17,0.68,0,0,0.79,1.86,0.39,3.08,0.67,1.34,1.38,1.78,0.68,1.56,0.26,0.73, 0.03739939,-0.03087088, 0.00238102,-0.03052683, 0.001735,sell
2018-09-18,0.13,0,0,1.08,2.17,0,1.52,0.44,1.04,0.3,1.39,0.13,1.71,0.58,0.77, 0.02690453,-0.01940359, 0.02203487,-0.01201315, 0.020127,buy
2018-09-19,0,0,0,1.62,2.58,0,0.9,0.39,0.98,0,1.61,0,2.02,1.27,0.88,-0.02327479,-0.05928548,-0.02901893, 0.00203602,-0.052402,sell
2018-09-20,0,0,0,2.63,3.1,0,0.68,0.63,1.29,0,2.05,0,2.56,2.72,1.14, 0.01815676, 0.03702025, 0.02247082, 0.06487645, 0.017149,buy
2018-09-21,0,0,0,5.43,3.69,0,0.65,1.47,3.24,0,2.84,0,3.26,3,1.9, 0.00245159, 0.03295479,-0.00123549, 0.02950092,-0.001235,buy
2018-09-22,0,0,0,8.32,3.64,0.07,1.36,4.87,5.65,0.07,4.03,0,4.09,1.5,4.42, 0.01698481, 0.01656884, 0.01458185,-0.01389299, 0.025764,buy
2018-09-23,0,0,0,6.31,2.98,0.35,3.67,7.69,4.09,0.35,5.89,0,5.75,0.71,4.92, 0.00773007, 0.01474195, 0.00178096,-0.00633771, 0.015414,sell
2018-09-24,0,0,0,3.39,2.44,1.38,3.38,6.25,1.79,1.38,4.98,0,4.85,0.35,3.84,-0.03710322,-0.00438236,-0.03135324,-0.02335051,-0.031353,sell
2018-09-25,0,0,0,1.83,2.02,3.07,3.45,6.52,0.7,3.07,4.58,0,4.62,0.17,3.92,-0.04709331,-0.03559622,-0.02905073,-0.04463426,-0.029265,sell
2018-09-26,0,0.02,0,1.1,1.71,1.92,2.6,5.05,0.25,1.92,3.47,0,3.96,0.1,2.78,-0.03294727,-0.01974504,-0.02163644,-0.01965908,-0.026945,sell
2018-09-27,0,0.03,0,0.69,1.47,1.04,1.04,2.46,0.12,1.04,1.64,0,2.04,0.04,1.85, 0.03092781, 0.02064585, 0.03204175, 0.02001629, 0.020646,buy
2018-09-28,0,0.04,0,0.42,1.29,1.4,0.41,1.2,0.04,1.4,0.83,0,1.11,0.07,1.31,-0.01660623,-0.00452790,-0.01556951,-0.01660623,-0.006156,sell
2018-09-29,0,0.05,0,0.29,1.19,2.65,0.17,0.61,0.05,2.65,0.46,0,0.65,0.14,1.01,-0.02440988,-0.01200488,-0.01702240,-0.02440988,-0.023562,sell
2018-09-30,0,0.06,0,0.19,1.2,3,0,0.45,0.06,3,0.19,0.14,0.4,0.28,0.83,-0.01497134,-0.01384608,-0.00472691,-0.01497134,-0.013283,buy
2018-10-01,0,0.07,0,0.13,1.43,1.61,0,0.76,0.07,1.64,0.13,0.64,0.22,0.58,0.72,-0.03752098,-0.03521010,-0.03727249,-0.03005245,-0.027850,sell
2018-10-02,0,0.08,0,0.09,2.06,0.79,0.02,2.79,0.08,0.89,0.09,2.79,0.16,1.23,0.59, 0.00887121, 0.02170757, 0.02151438,-0.00219028, 0.023709,buy
2018-10-03,0,0.1,0,0,3.83,0.39,0.02,2.97,0.1,0.78,0,2.97,0.12,2.77,0.57,-0.01370558,-0.00081137,-0.00126886,-0.00596889,-0.003899,buy
2018-10-04,0,0.1,0,0,4.93,0.19,0.03,0.7,0.1,1.57,0,0.7,0.08,2.95,0.55, 0.03797661, 0.03705459,-0.00823235, 0.03797661, 0.029654,buy
2018-10-05,0,0.11,0,0,4.82,0.1,0.04,0.16,0.11,3.05,0,0.16,0,1.38,0.53, 0.02229327, 0.00217741, 0.00617321, 0.00912483,-0.018720,buy
2018-10-06,0,0.11,0.06,0,2.78,0,0.05,0.03,0.17,1.74,0,0.03,0,0.58,0.51,-0.04188597,-0.03552335,-0.03074158,-0.04188597,-0.023791,sell
2018-10-07,0,0.11,0.27,0,1.16,0.02,0.07,0.07,0.4,0.5,0,0.07,0,0.23,0.5,-0.05585236,-0.05585236,-0.05895919,-0.05348777,-0.053488,sell
2018-10-08,0,0.11,1.14,0,0.64,0.03,0.14,0.29,1.28,0.14,0.11,0.18,0.03,0.09,0.52, 0.01311369, 0.00758991, 0.01614289, 0.00747911, 0.003548,buy
2018-10-09,0,0.1,2.92,0,0.38,0.05,0.31,0.9,3.07,0,0.47,0.43,0.13,0,0.56,-0.09331488,-0.05619497,-0.06277783,-0.03280880,-0.054533,sell
2018-10-10,0,0.09,1.79,0,0.35,0.08,0.78,3,1.96,0,1.97,1.03,0.48,0,0.65, 0.00399918, 0.00810562, 0.00121332, 0.08080186, 0.006440,sell
2018-10-11,0,0,0.43,0,0.33,0.12,2.31,5.44,0.55,0,2.97,2.47,1.8,0,0.84,-0.04117922,-0.03251467,-0.03251467,-0.03312676,-0.037160,sell
2018-10-12,0,0,0.11,0,0.34,0.19,3.95,4.02,0.3,0.04,1.05,2.97,2.95,0,1.3,-0.02056271,-0.02574118,-0.02056271,-0.00751129,-0.019099,sell
2018-10-13,0,0,0,0,0.36,0.3,3.21,1.71,0.3,0.08,0.25,1.46,1.29,0,2.2,-0.01517460,-0.04213352,-0.01839037,-0.01696173,-0.040947,sell
2018-10-14,0,0,0,0,0.42,0.48,3.98,0.61,0.48,0.17,0,0.61,0.37,0,3.86, 0.00075070,-0.00042525,-0.03456338, 0.00075070,-0.001374,buy
2018-10-15,0,0.03,0,0,0.56,0.77,4.58,0.25,0.8,0.33,0,0.25,0.13,0,4.68, 0.02523762, 0.02379496,-0.03709988, 0.02379496, 0.018285,buy
2018-10-16,0,0.12,0,0,0.91,1.27,4.43,0.1,1.37,0.68,0,0.12,0.07,0,4.59, 0.00192536, 0.00192536,-0.03349782, 0.00192536, 0.000857,buy
2018-10-17,0,0.46,0.05,0,1.59,2.06,2.67,0,2.54,1.37,0,0.03,0.11,0,2.78,-0.04518377,-0.04579575,-0.04518377,-0.04141062,-0.045184,sell
2018-10-18,0,1.76,0.13,0,2.95,3.01,1.19,0.01,4.86,2.74,0.01,0.04,0.17,0,1.23, 0.02895440,-0.02315673, 0.00001121,-0.02415105, 0.029706,buy
2018-10-19,0,2.95,0.33,0,3.23,2.8,0.75,0.06,5.95,3,0.06,0.16,0.35,0,0.6, 0.00082469,-0.00619927, 0.00187056,-0.02976686, 0.004359,sell
2018-10-20,0,1.3,0.84,0,1.83,1.97,0.79,0.12,3.78,1.58,0.12,0.41,0.71,0,0.25,-0.00208372,-0.02093498,-0.06999290, 0.01246575,-0.019814,buy
2018-10-21,0,0.35,2.08,0,1.08,1.91,1.74,0.29,3.42,0.78,0.29,1.23,1.6,0,0.13,-0.00160279, 0.01883603, 0.01634681, 0.03698634, 0.008613,buy
2018-10-22,0,0.1,2.97,0,0.78,3.4,4.19,0.69,3.67,0.39,0.69,3.25,4.02,0.02,0.11, 0.00546439, 0.00833671, 0.01570350, 0.00794140, 0.002188,buy
2018-10-23,0,0,1.65,0,0.73,3.64,4.58,1.68,2.02,0.19,1.68,2.8,5.49,0.07,0.1, 0.01636291, 0.04391011, 0.04391011, 0.04307747, 0.036687,buy
2018-10-24,0,0,0.69,0,0.89,1.68,3.91,3.22,0.91,0.13,3.22,1.39,4.68,0.29,0.09, 0.01458118, 0.01439230, 0.00755077, 0.02968820, 0.012424,buy
2018-10-25,0.02,0,0.3,0,1.13,1.15,2.96,2.56,0.45,0.1,2.56,1.33,3.76,1.2,0.02,-0.01416933,-0.02715693,-0.01414674,-0.01346557,-0.005431,sell
2018-10-26,0.07,0,0.17,0,1.84,1.2,2.39,1.45,0.24,0.28,1.45,1.82,3.54,2.95,0.05,-0.00695654,-0.00711879,-0.01825692,-0.02111071,-0.008850,sell
2018-10-27,0.27,0,0.12,0,2.96,1.71,3.29,1.32,0.36,0.74,1.35,2.92,4.88,1.68,0.12, 0.03087721, 0.01886023, 0.03090878, 0.02156351, 0.018860,buy
2018-10-28,0.91,0,0.2,0,3.06,2.71,3.36,1.72,1.01,1.94,1.82,2.97,5.8,0.4,0.27, 0.01889073, 0.02750777, 0.01179510, 0.04008087, 0.023938,buy
2018-10-29,2.93,0,0.33,0,2.05,3.54,1.66,2.6,2.93,3.15,2.93,1.87,4.63,0.1,0.57,-0.01999357,-0.03855959,-0.02440303,-0.01115160,-0.020017,sell
2018-10-30,4.09,0,0.55,0,1.52,3.66,0.75,2.97,3.55,2.17,4.06,1.22,3.13,0,1.21,-0.00163728,-0.00812345,-0.00773529,-0.00026390,-0.028223,buy
2018-10-31,4,0.03,0.88,0,1.54,4.22,0.28,2.14,1.96,1.45,5.09,0.91,1.92,0,2.47, 0.01791359, 0.02016736, 0.02182081, 0.02277314, 0.022139,buy
2018-11-01,2.87,0.08,1.38,0,2.12,4.54,0.12,1.34,1.8,1.75,3.87,1,1.35,0,2.97, 0.01958314, 0.01297761, 0.02021174, 0.01410835,-0.003554,buy
2018-11-02,0.93,0.2,2.14,0,3.69,4.03,0,0.88,2.45,2.94,1.7,1.87,1.26,0,1.77, 0.00908847, 0.00293013,-0.00380114,-0.00806065,-0.017205,buy
2018-11-03,0.28,0.51,3,0,4.71,4.33,0.01,0.58,3.51,2.97,0.86,3.16,2,0,0.92, 0.00353764, 0.00496540,-0.00954422,-0.01844208, 0.003862,buy
2018-11-04,0.1,1.29,2.72,0,4.79,2.74,0.02,0.41,4.05,1.67,0.49,2.09,3.27,0,0.5, 0.00762541, 0.01896317, 0.00148271, 0.01399705, 0.009005,buy
2018-11-05,0,2.97,1.85,0,3.2,1.2,0.04,0.29,4.88,0.92,0.27,0.76,2.41,0,0.31,-0.03867771,-0.03124603,-0.05408809,-0.04834221,-0.057387,sell
2018-11-06,0,2.7,1.3,0,1.54,0.57,0.12,0.22,4.1,0.53,0.19,0.35,1.06,0,0.22,-0.01360225, 0.00941845,-0.03199292,-0.01208652,-0.026317,sell
2018-11-07,0,1.07,0.97,0,0.88,0.24,0.23,0.19,2.19,0.34,0.17,0.24,0.44,0,0.2,-0.00353486,-0.02168662,-0.02057776,-0.01645426,-0.019174,sell
2018-11-08,0,0.43,0.75,0,0.69,0.07,0.47,0.17,1.45,0.24,0.16,0.28,0.26,0,0.19,-0.00125364,-0.01152452,-0.00300925,-0.01152452,-0.013849,sell
2018-11-09,0,0.2,0.62,0,0.75,0.17,0.99,0.17,1.25,0.2,0.2,0.68,0.26,0,0.31,-0.01412859,-0.01289451,-0.01410228,-0.01463204,-0.018024,sell
2018-11-10,0,0.07,0.59,0,0.96,0.38,2.15,0.15,1.39,0.13,0.23,1.64,0.38,0,0.53,-0.01003978,-0.00272614,-0.01255053,-0.00640029,-0.015605,sell
2018-11-11,0,0.14,0.64,0,1.67,0.86,3.79,0.22,2.02,0.18,0.43,2.95,0.86,0,0.88,-0.03795487,-0.04749160,-0.04437035,-0.01869576,-0.036993,sell
2018-11-12,0,0.24,0.82,0,2.99,1.96,3.59,0.33,3.25,0.25,0.76,2.2,1.96,0.04,1.47, 0.01056490, 0.01026859, 0.01056490, 0.00874335, 0.006278,buy
2018-11-13,0,0.39,1.19,0,3.1,2.99,3.21,0.48,3.26,0.35,1.32,0.93,2.97,0.1,2.43,-0.00961109,-0.03201769, 0.02258956, 0.00777615,-0.032057,sell
2018-11-14,0,0.56,1.91,0,1.96,2.05,3.38,0.7,1.95,0.5,2.23,0.42,1.99,0.25,3.22,-0.12885541,-0.12154831,-0.06720286,-0.11006476,-0.147977,sell
2018-11-15,0.05,0.71,3.2,0,1.63,0.97,2.5,1.02,1.26,0.71,3.68,0.23,0.88,0.65,2.67,-0.10933022,-0.07682891,-0.05723175,-0.07762393,-0.106457,sell
2018-11-16,0.12,0.82,3.12,0,2.16,0.53,1.42,1.53,0.91,1,3.76,0.14,0.39,1.58,1.92,-0.03955202,-0.02893107,-0.01699366,-0.01584634,-0.039552,sell
2018-11-17,0.36,0.83,1.83,0,3.28,0.41,0.89,2.16,0.85,1.43,2.53,0.23,0.2,2.95,1.57,-0.01086914, 0.00279981,-0.01219808, 0.01465351,-0.019383,sell
2018-11-18,0.92,0.8,1.15,0,2.5,0.4,0.58,3.02,1.21,2.03,1.9,0.33,0.05,2.32,1.53, 0.00679144,-0.01555659,-0.01742238, 0.00325254,-0.046777,buy
2018-11-19,2.31,0.69,0.78,0,1.11,0.73,0.39,4.2,2.3,2.93,1.64,0.57,0.07,1.01,1.73,-0.01603724,-0.09005787,-0.09018367,-0.09246435,-0.032155,sell
2018-11-20,4.06,0.5,0.62,0,0.48,1.37,0.3,4.7,3.35,3.04,1.91,0.97,0.13,0.46,2.24,-0.03091005,-0.10214736,-0.08855435,-0.08855435,-0.048363,sell
2018-11-21,4.54,0.31,0.56,0,0.26,2.85,0.3,4.3,2.24,2.28,3.27,1.69,0.23,0.21,3.34,-0.00749635,-0.07313827,-0.00749635,-0.00546725, 0.024097,buy
2018-11-22,3.68,0.17,0.53,0,0.22,5.89,0.29,4.16,1.26,1.79,3.25,2.92,0.41,0.1,5.5,-0.03206067,-0.06793240,-0.02780782,-0.05288847,-0.036755,sell
2018-11-23,1.52,0,0.67,0,0.34,5.39,0.47,4.22,0.96,1.64,1.4,3.23,0.81,0,5.16,-0.07586945,-0.09965619,-0.06850614,-0.07081892,-0.083264,sell
2018-11-24,0.6,0,0.89,0,1.15,3.04,0.75,3.91,1.01,1.98,0.71,2.49,1.9,0,3.5,-0.07491619,-0.11052912,-0.09135782,-0.09102901,-0.100625,sell
2018-11-25,0.19,0,1.21,0,3.06,2.86,1.21,3.38,1.21,3.08,0.51,2.74,4.27,0.15,2.68,-0.10361266,-0.07571390,-0.07016993,-0.07084255,-0.070843,sell
2018-11-26,0,0,1.7,0,2.48,4.7,1.92,3.12,1.7,4.07,0.47,4.68,4.4,1.21,2.32,-0.05345762,-0.04565989,-0.04565989,-0.04237626,-0.082125,sell
2018-11-27,0.04,0,2.42,0,1.17,6,2.97,3.03,2.42,4.96,0.73,5.98,4.14,2.92,2.12,-0.01358035, 0.01998411, 0.01998411, 0.01263012,-0.007764,buy
2018-11-28,0.12,0,3,0,1.46,3.55,2.94,3.22,3,3.79,1.18,3.53,4.33,0.81,2.08,-0.07923685,-0.00316271,-0.00816058,-0.06339325,-0.090678,buy
2018-11-29,0.46,0,2.47,0,2.89,1.26,2.09,3.72,2.58,1.24,2.03,1.23,4.68,0.1,2.25,-0.07272731,-0.08089224,-0.08773527,-0.07246130,-0.085584,sell
2018-11-30,1.22,0.06,1.62,0,3,0.45,2.4,4.64,1.92,0.4,3.68,0.4,4.11,0.02,3.26,-0.03072160,-0.03764768,-0.04564203,-0.04584632,-0.050650,sell
2018-12-01,2.87,0.14,1.05,0,1.36,0.11,3.66,4.98,1.76,0.13,5.27,0,2.03,0.04,5.05, 0.01510473, 0.01260790, 0.02008516, 0.02010283, 0.015105,buy
2018-12-02,4.5,0.29,0.66,0,0.63,0.14,2.22,4.15,2.16,0.03,5.28,0,1.03,0.06,4.03, 0.00822495,-0.00403368, 0.00822495, 0.00748296, 0.009166,buy
2018-12-03,4.66,0.66,0.41,0,0.31,0.25,0.84,3.51,3.03,0.04,3.87,0,0.58,0.09,3.03,-0.01893058,-0.04224598,-0.01807520,-0.01893058,-0.018075,sell
2018-12-04,4.22,1.5,0.24,0,0.17,0.36,0.37,3.26,3.24,0.05,3.4,0,0.34,0.13,2.96, 0.00186520,-0.05488620, 0.00702000, 0.00186520, 0.007020,buy
2018-12-05,3.11,3.48,0.14,0,0.07,0.52,0.19,3.3,2.4,0.07,4.71,0,0.19,0.18,3.26,-0.09384061,-0.10131801,-0.08773248,-0.08157794,-0.087732,sell
2018-12-06,2.54,4.77,0,0,0.13,0.73,0,3.21,1.82,0.1,5.7,0.03,0.1,0.26,3.37,-0.11238874,-0.11008174,-0.10931401,-0.09437370,-0.101307,sell
2018-12-07,2.68,4.29,0,0,0.23,1.02,0.04,2.78,1.87,0.15,5.21,0.1,0.12,0.36,3.23,-0.10012011,-0.10013212,-0.09135788,-0.08173134,-0.091358,sell
2018-12-08,3.4,3.09,0,0,0.42,1.46,0.07,2.28,2.34,0.22,4.15,0.23,0.14,0.49,3.15,-0.07014366,-0.08407705,-0.04879018,-0.05474939,-0.048790,sell
2018-12-09,4.61,1.58,0,0,0.81,2.1,0.12,1.9,3,0.34,3.19,0.52,0.16,0.65,3.26,-0.00623605,-0.02105361, 0.01042365, 0.00546580, 0.028376,buy
2018-12-10,5.32,0.73,0,0,1.66,2.99,0.2,1.58,2.62,0.52,3.43,1.23,0.11,0.85,3.72,-0.02370703,-0.02043287,-0.01152209, 0.03134266, 0.040475,sell
2018-12-11,4.59,0.39,0,0,3.56,4.26,0.36,1.26,1.62,0.82,3.36,2.89,0.19,1.11,4.43,-0.01231259,-0.00696998,-0.02670123,-0.02372882,-0.019932,sell
2018-12-12,2.63,0.21,0,0,4.28,4.39,0.64,1.02,0.9,1.31,1.94,3.27,0.34,1.41,4, 0.00859168,-0.00392691,-0.00629212,-0.01242267, 0.004811,buy
2018-12-13,1.29,0.13,0,0,3.43,3.78,1.11,0.8,0.48,2.12,0.94,1.84,0.61,1.77,2.78,-0.03652683,-0.04019503,-0.04019503,-0.04661736,-0.018154,sell
2018-12-14,0.59,0.05,0,0,3.54,3.68,1.98,0.65,0.3,3,0.37,1.51,1.11,2.18,2.02,-0.06188305,-0.06968421,-0.05829995,-0.05926993,-0.027973,sell
2018-12-15,0.24,0.1,0.05,0,2.75,4.04,3.52,0.55,0.27,2.55,0.2,2.03,2.01,2.67,1.54,-0.03972272,-0.03988670,-0.03925318,-0.03872401,-0.007304,sell
2018-12-16,0,0.2,0.14,0,1.6,4.76,5.61,0.57,0.41,1.56,0.14,3.54,2.97,3,1.31, 0.07274827, 0.06089679, 0.07558970, 0.05791015, 0.037740,buy
2018-12-17,0,0.4,0.37,0,0.93,6.04,5.61,0.79,0.92,0.99,0.37,5.53,2.38,2.79,1.26, 0.06418110, 0.06849789, 0.07349318, 0.06714161, 0.024330,buy
2018-12-18,0,0.85,0.95,0,0.63,6.01,3.75,1.46,2.11,0.76,0.95,4.98,1.35,2.34,1.4, 0.04508858, 0.05864281, 0.05978422, 0.05686415, 0.019972,buy
2018-12-19,0,1.79,2.47,0,0.59,3.97,2.77,3.14,4.79,0.88,2.47,2.38,0.94,1.99,1.86, 0.06890784, 0.09162094, 0.02246052, 0.05725263, 0.066617,buy
2018-12-20,0.02,3.02,2.97,0,0.96,2.92,2.89,2.89,5.78,1.6,3.04,1.08,1.13,1.73,2.76, 0.09597755, 0.12068396,-0.02639487, 0.08121736, 0.121723,buy
2018-12-21,0.04,2.45,1.34,0,2.36,2.53,3.51,1.14,3.46,3.05,1.55,0.51,2.43,1.5,3.86,-0.00608890, 0.01294489,-0.03952351,-0.03952351, 0.006194,sell
2018-12-22,0.07,1.61,0.52,0,2.97,2.37,2.59,0.46,1.59,2.32,1.15,0.24,3.06,1.32,3.31, 0.00767189, 0.01464566,-0.00667970,-0.02256381, 0.016013,buy
2018-12-23,0.14,2.44,0.2,0,1.33,2.41,1.26,0.19,0.81,0.88,2.3,0.18,1.33,1.17,2.32,-0.01836438, 0.04781304,-0.02473307,-0.00025903, 0.022936,sell
2018-12-24,0.27,3.17,0,0,0.45,2.51,0.63,0,0.47,0.33,3.22,0.13,0.45,1.05,1.96,-0.02193248, 0.04268517,-0.02151684, 0.02401439, 0.018510,buy
2018-12-25,0.5,1.35,0,0,0.18,2.67,0.51,0,0.55,0.12,1.75,0.31,0.15,0.96,1.94,-0.09178321,-0.03879500,-0.09479695,-0.08667415,-0.083534,sell
2018-12-26,0.96,0.35,0,0,0.1,2.89,0.72,0,0.79,0,1.31,0.72,0,0.88,2.11,-0.08053129,-0.05357269,-0.06079259,-0.08942915,-0.089288,sell
2018-12-27,1.82,0.1,0,0,0.39,3.18,1.39,0,1.42,0.04,1.92,1.74,0.04,0.82,2.36,-0.09129339,-0.08136643,-0.07365815,-0.09092485,-0.092460,sell
2018-12-28,2.97,0,0,0,1.31,3.55,2.95,0,2.53,0.09,2.97,4.15,0.12,0.76,2.79, 0.03917170, 0.04174042,-0.01097708, 0.02929707, 0.041740,buy
2018-12-29,2.53,0,0,0,3.18,3.76,2.74,0,2.97,0.18,2.53,5.71,0.26,0.71,3.03, 0.02524648, 0.04025888, 0.00045981,-0.00280343, 0.039454,buy
2018-12-30,1.37,0,0,0,2.47,3.5,1.21,0,1.94,0.37,1.35,3.27,0.58,0.68,2.76,-0.00720214,-0.00720214, 0.02338129,-0.03391023,-0.001604,buy
2018-12-31,0.83,0,0.1,0,1.4,3.19,0.52,0.06,1.19,0.75,0.88,1.1,1.29,0.65,2.39,-0.02413882,-0.02413882,-0.01579822,-0.03643198,-0.024139,sell
2019-01-01,0.67,0,0.4,0,1.82,3.12,0.23,0.23,0.94,1.55,0.96,0.39,2.86,0.62,2.13, 0.03049557, 0.02478584, 0.03621729, 0.02399304, 0.036217,buy
2019-01-02,0.94,0,1.56,0,3.15,3.43,0.1,0.82,1.42,2.97,2.24,0.1,4.02,0.6,1.96, 0.05505145, 0.00551223, 0.05231024, 0.04284500, 0.050932,buy
2019-01-03,1.97,0,2.92,0,3.01,4.58,0,2.95,3.76,2.72,4.27,0,3.92,0.59,1.98, 0.00314679,-0.00884778, 0.00215699, 0.02521479,-0.004495,sell
2019-01-04,4.47,0,1.38,0,1.78,5.45,0,2.79,4.4,1.32,4.35,0,3.73,0.58,2.33, 0.01085172, 0.01920057, 0.01920057, 0.01516448, 0.011768,buy
2019-01-05,5.7,0,0.35,0,1.37,4.95,0,0.75,3.75,0.64,3.05,0.02,2.04,0.58,3.39, 0.01942265, 0.01735434, 0.01735434, 0.04760042, 0.051330,buy
2019-01-06,3.43,0,0.09,0,1.49,5.19,0,0.2,2.6,0.31,1.12,0.06,0.92,0.58,5.02, 0.02765841, 0.02929973, 0.02228006, 0.01833166, 0.040208,buy
2019-01-07,1.38,0,0,0,2.02,3.83,0,0,0.98,0.15,0.4,0.16,0.34,0.58,4.75,-0.01910361,-0.02597799,-0.00650611,-0.00797334,-0.007434,sell
2019-01-08,0.56,0,0,0,3,2.3,0,0,0.41,0,0.15,0.39,0.15,0.59,4.5,-0.04220696,-0.06129723,-0.00425198,-0.00929521,-0.013148,buy
2019-01-09,0.17,0,0,0,2.95,1.62,0,0,0.17,0,0,0.93,0,0.59,3.83,-0.04499543,-0.06072524,-0.00642612,-0.00534491,-0.000870,buy
2019-01-10,0,0,0,0,1.84,1.58,0,0,0,0,0,2.27,0.11,0.61,2.43,-0.07660332,-0.03045462,-0.08158013,-0.09598489,-0.010634,sell
2019-01-11,0,0,0,0,1.26,1.96,0,0.03,0,0.11,0,3.92,0.41,0.62,1.54,-0.03545277,-0.01825315,-0.03607134,-0.11020994,-0.017352,buy
2019-01-12,0,0,0,0.06,1.11,3.34,0,0.04,0,0.39,0.06,4.26,1.42,0.65,1.05,-0.03641930,-0.02487061,-0.04237744,-0.08170479,-0.023208,sell
2019-01-13,0,0.03,0,0.14,1.74,3.92,0.03,0.07,0.03,1.29,0.17,3.76,2.99,0.67,0.73,-0.01064140, 0.02583464, 0.03118806, 0.01929329,-0.005373,buy
2019-01-14,0.03,0.09,0,0.37,3.23,2.44,0.08,0.11,0.08,2.98,0.46,1.8,1.85,0.7,0.52, 0.04808259, 0.06519679, 0.04819664, 0.04696409, 0.057348,buy
2019-01-15,0.04,0.24,0,0.96,2.22,1.59,0.2,0.19,0.2,2.06,1.2,0.79,0.73,0.74,0.41,-0.04243373,-0.05255562,-0.06192667,-0.05243623,-0.060478,sell
2019-01-16,0.07,0.65,0,2.51,0.93,1.3,0.48,0.31,0.48,0.8,3.16,0.45,0.61,0.77,0.36, 0.02966729, 0.02672513, 0.03835715,-0.00660962, 0.024781,buy
2019-01-17,0.1,1.77,0,2.95,0.75,1.34,1.17,0.51,1.17,0.62,4.72,0.97,0.9,0.82,0.35,-0.00550713,-0.00888281, 0.00948124,-0.01125953,-0.011260,sell
2019-01-18,0.15,2.95,0,1.33,1.47,1.58,2.79,0.85,2.79,0.91,4.28,3,1.78,0.87,0.66, 0.03566948, 0.03422754, 0.03810805, 0.03708744, 0.039429,buy
2019-01-19,0.24,1.76,0,0.64,3.69,2.25,3,1.39,3,1.85,2.4,2.38,3.61,0.92,1.57, 0.02743160, 0.02156679, 0.02850876, 0.02775100, 0.023163,buy
2019-01-20,0.37,0.64,0,0.76,5.95,3.64,1.38,2.3,1.38,3.78,1.4,0.58,5.25,0.99,3.09,-0.00201454, 0.01452718, 0.00577489, 0.01456555, 0.014527,sell
2019-01-21,0.57,0.23,0,2.49,3.81,4.12,0.86,3,0.86,5.52,2.72,0.14,4.65,1.1,2.16, 0.00487583,-0.00070006, 0.00859295, 0.01948322, 0.014094,buy
2019-01-22,0.88,0,0,3,1.51,2.93,1.57,2.32,1.57,5.61,3,0.04,3,1.19,0.79,-0.00093217, 0.00929850, 0.01545766, 0.00519893, 0.011671,buy
2019-01-23,1.37,0,0,0.75,0.69,2.61,3.01,1.41,3.01,4.77,0.75,0.11,1.7,1.32,0.29,-0.03257475,-0.05806689,-0.05196095,-0.03118328,-0.064010,sell
2019-01-24,2.12,0,0,0.17,0.51,3.97,1.5,0.88,1.5,5.64,0.17,0.32,0.97,1.48,0.1,-0.02412780, 0.00953254,-0.02363732,-0.03537535,-0.007058,sell
2019-01-25,3,0,0,0,0.75,4.59,0.35,0.57,0.35,6.52,0,0.8,0.52,1.7,0,-0.00807319, 0.02235373,-0.00092190, 0.00252753, 0.010569,sell
2019-01-26,2.67,0,0,0,1.96,2.6,0,0.4,0,3.85,0,2.05,0.31,2.02,0, 0.01168479, 0.01122604, 0.00962027, 0.01319192, 0.011127,buy
2019-01-27,1.73,0,0.08,0,2.95,2.03,0,0.34,0,2,0.08,3.1,0.19,2.55,0, 0.00453726, 0.00150429,-0.00025879,-0.01098918, 0.003645,buy
2019-01-28,1.12,0,0.23,0,1.68,1.95,0.03,0.4,0.05,1.12,0.23,1.95,0.11,3.38,0.03,-0.02517892,-0.02770543,-0.02517892,-0.02898153,-0.036910,sell
2019-01-29,0.71,0,0.68,0,0.7,2.26,0.06,0.53,0.17,0.71,0.68,1.11,0.07,4.86,0.06,-0.01341921,-0.00215344,-0.01326889,-0.00268308,-0.030538,sell
2019-01-30,0.45,0,1.92,0,0.45,2.75,0.1,0.97,0.53,0.45,1.92,1.09,0.21,5.31,0.1,-0.01045452, 0.01314959,-0.01069225, 0.01280064,-0.008302,sell
2019-01-31,0.29,0,2.97,0,0.84,4.13,0.23,1.86,1.84,0.34,3,1.61,0.75,4.33,0.18, 0.01455680, 0.01683693, 0.01655070, 0.04108012, 0.003856,buy
2019-02-01,0.19,0,1.56,0,2.84,6.71,0.54,3.58,4.64,0.41,1.62,2.7,2.84,3.8,0.32,-0.02859359,-0.02859359,-0.01657993,-0.03579378,-0.028087,sell
2019-02-02,0.12,0,0.54,0,3.81,6.65,1.42,5.29,5.85,0.96,0.66,2.97,3.81,3.47,0.58,-0.02964027,-0.02862542,-0.01741311,-0.02296227,-0.022150,sell
2019-02-03,0,0,0.19,0,2.94,6.11,4.15,5.05,6.32,3.14,0.42,1.97,2.79,3.03,1.01,-0.02026576,-0.01837576,-0.00571171,-0.01550380,-0.013691,sell
2019-02-04,0,0,0,0,3.88,4.29,4.75,2.97,3.3,2.95,0.45,1.72,3.18,2.62,1.8,-0.01121201,-0.01339753,-0.00864347,-0.01178478,-0.008638,sell
2019-02-05,0,0,0.1,0,4.93,3,4.26,2,1.36,1.26,0.95,3.54,1.94,2.24,3, 0.01803775, 0.01803775, 0.01874756,-0.00080966, 0.031007,buy
2019-02-06,0,0,0.55,0,3.56,2.29,4.2,2.18,0.6,1.48,2.19,2.95,0.87,1.97,2.72, 0.01197592, 0.01395088, 0.01985071, 0.01733557, 0.031563,buy
2019-02-07,0,0,2.82,0,1.32,1.93,4.41,3.15,0.32,2.87,5.79,0.92,0.42,1.77,1.54, 0.02780551, 0.02780551, 0.00822022, 0.03889769, 0.027806,buy
2019-02-08,0,0,2.97,0,1.37,1.69,3.83,2.89,0.58,2.97,5.76,0.72,0.3,1.56,0.86, 0.04994949, 0.04994949, 0.01398806, 0.03463746, 0.049949,buy
2019-02-09,0,0,0.62,0,3.5,1.98,1.91,1.46,2.28,1.43,2.08,1.22,0.6,1.38,0.51, 0.01656925,-0.02799401, 0.00910933, 0.01656925, 0.012923,buy
2019-02-10,0,0,0.24,0,6.41,3.97,0.93,0.76,3.46,0.66,1,2.95,2.74,1.23,0.37,-0.00593102, 0.02276496, 0.02518699, 0.02642017, 0.000350,buy
2019-02-11,0,0,0.35,0,4.72,4.07,0.46,0.4,1.77,0.31,0.75,3.02,2.92,1.08,0.48,-0.05584088,-0.06304200,-0.01637103,-0.00336687,-0.045916,sell
2019-02-12,0,0,0.9,0,2.97,1.95,0.14,0.21,1.74,0.14,1.11,1.56,0.7,0.94,1.05,-0.00142548, 0.00701052,-0.00066076,-0.00389805, 0.011240,buy
2019-02-13,0,0.12,2.32,0,3.29,2.59,0,0.11,2.78,0.03,2.52,2.12,0.19,0.83,2.95,-0.04317804,-0.00081156,-0.00146451,-0.01180953,-0.014555,buy
2019-02-14,0,0.52,2.95,0,3.31,3.64,0,0,3.1,0.05,3.42,3.1,0.13,0.73,2.53,-0.02854041, 0.01358931,-0.00020924,-0.01969749,-0.023513,sell
2019-02-15,0,2.49,1.44,0,2.16,1.78,0,0,2.07,0.07,3.86,1.19,0.33,0.63,0.81, 0.04131961, 0.04279949, 0.04016235, 0.04145450, 0.045982,buy
2019-02-16,0,3.07,0.56,0,1.62,0.9,0.04,0,1.59,0.15,3.51,0.23,0.89,0.55,0.26, 0.04865890, 0.03644326, 0.02940617, 0.03434174, 0.039678,buy
2019-02-17,0,0.89,0.22,0,1.92,0.74,0.17,0,1.85,0.26,0.92,0,2.28,0.48,0.1,-0.04186918, 0.00011770,-0.00007246, 0.00788347,-0.010456,buy
2019-02-18,0,0.45,0.08,0,3.44,1.01,0.63,0.02,3.27,0.5,0.22,0.04,4.17,0.42,0.02, 0.07392540, 0.07473581, 0.07406095, 0.07619419, 0.071049,buy
2019-02-19,0,0.5,0,0,3.6,1.72,2.48,0.08,3.17,1.01,0,0.13,5.55,0.36,0.04, 0.06430071, 0.03149674, 0.03847760, 0.09143628, 0.031406,buy
2019-02-20,0,0.81,0,0,2.45,3.35,3.07,0.3,1.38,2.18,0,0.4,6.63,0.31,0.07, 0.03116621, 0.04909664, 0.02653877, 0.08123027, 0.039143,buy
2019-02-21,0.03,1.32,0,0.09,3.24,3.28,1.28,1.04,0.54,5.06,0.12,1.27,4.05,0.27,0.1,-0.02154841,-0.00600883,-0.03489642, 0.00426237,-0.024937,sell
2019-02-22,0.13,2.14,0,0.27,3.2,1.81,1.5,2.95,0.23,8.06,0.4,3.81,1.65,0.23,0.16, 0.02093167, 0.01712747, 0.02379285, 0.01758989, 0.020679,buy
2019-02-23,0.47,3.05,0,0.8,1.36,1.38,3.01,2.56,0.1,6.82,1.32,6.36,0.57,0.2,0.26, 0.00893610, 0.01130586, 0.00301957, 0.00894012, 0.022428,buy
2019-02-24,1.52,2.68,0,2.38,0.5,1.76,2.21,0.85,0,3.91,4.02,4.37,0.25,0.17,0.47,-0.08818895,-0.06557420,-0.08055241,-0.10398756,-0.045793,sell
2019-02-25,2.95,1.89,0,3,0.2,3.29,0.81,0.31,0.07,2.09,6.26,3.45,0.11,0.15,0.84,-0.01344299, 0.00244333,-0.01487841,-0.06035288,-0.001428,buy
2019-02-26,1.89,1.75,0,1.2,0,4.48,0.44,0.12,0.17,1.08,3.88,3.39,0,0.13,1.5,-0.02630635,-0.01777892,-0.01892217,-0.01071120,-0.002135,sell
2019-02-27,0.71,2.62,0,0.4,0,4.25,0.48,0,0.44,0.59,3.14,1.71,0,0.11,2.69,-0.02324843,-0.01616659,-0.02324843,-0.01137194,-0.028078,sell
2019-02-28,0.3,3.33,0,0.13,0,3.74,0.92,0,1.11,0.36,3.4,0.66,0,0.09,3.2,-0.01108453,-0.00558608,-0.01689470,-0.00558608,-0.024150,sell
2019-03-01,0.14,1.89,0,0,0,2.18,2.37,0,2.75,0.22,1.81,0.28,0,0,2.18,-0.01811710,-0.02047683,-0.04240573,-0.02047683,-0.018117,sell
2019-03-02,0,0.78,0,0,0,1.17,3.13,0,3.74,0.13,0.65,0.12,0,0,1.44,-0.02976928,-0.04438226,-0.04865044, 0.01496887, 0.012290,sell
2019-03-03,0,0.25,0,0,0,0.69,1.61,0,2.4,0.05,0.25,0,0.04,0,1.2,-0.02203296,-0.01565237,-0.04973422,-0.01700889,-0.001461,sell
2019-03-04,0.02,0.1,0,0,0,0.58,0.77,0,1.69,0.14,0.1,0,0.1,0,1.24, 0.00897216,-0.00634300, 0.00229711,-0.00333539, 0.034871,buy
2019-03-05,0.03,0,0,0,0,0.79,0.6,0,1.5,0.36,0,0,0.22,0,1.61, 0.01560826, 0.00176335,-0.01689413, 0.00859229, 0.005145,buy
2019-03-06,0.06,0,0,0,0,1.5,0.7,0,1.48,0.96,0,0,0.5,0,2.28,-0.00732802,-0.00825271,-0.02541149, 0.00922278,-0.009766,sell
2019-03-07,0.13,0,0,0,0,3.32,1.29,0,1.66,2.53,0.03,0,1.09,0,3.3, 0.00398549, 0.00046308,-0.00147932, 0.00813544, 0.000463,buy
2019-03-08,0.21,0,0,0,0,4.34,2.68,0.05,2.02,3.02,0.04,0.05,2.45,0,3.24, 0.02199097,-0.00249298, 0.00586748, 0.00060471, 0.003224,sell
2019-03-09,0.38,0,0,0,0,3.66,3.5,0.11,2.79,1.41,0.1,0.12,3.25,0,2.25,-0.00426363, 0.00412998,-0.00487073,-0.00487073,-0.004871,buy
2019-03-10,0.68,0,0,0,0,3.52,2.5,0.28,3.28,0.77,0.2,0.33,2.16,0,1.66,-0.01120017, 0.00693203,-0.01120017,-0.01120017,-0.011200,sell
2019-03-11,1.28,0,0,0,0,2.44,2.09,0.63,2.4,0.81,0.44,0.8,1.56,0,1.31,-0.01103279,-0.01196778,-0.01019330,-0.01196778,-0.010193,sell
2019-03-12,2.43,0,0.03,0,0.03,1.49,2.84,1.42,1.49,1.45,1.02,1.89,1.73,0.08,1.13, 0.00884933,-0.00555247,-0.00555247,-0.00654985,-0.014260,buy
2019-03-13,4.85,0,0.05,0,0.09,1.36,4.22,3.24,1.36,3.29,2.47,3.34,2.55,0.44,1.1,-0.01052282,-0.00973300, 0.01105339, 0.00436296,-0.014824,buy
2019-03-14,7.83,0,0.08,0,0.25,2.17,3.84,4.13,2.17,4.21,4.76,2.99,3.2,2.44,1.26, 0.03161940, 0.03235558, 0.02998653, 0.02711164, 0.030251,buy
2019-03-15,7.47,0,0.13,0,0.61,3.22,3.93,4.38,3.22,4.51,5.15,2.91,2.79,2.95,1.65, 0.03288861, 0.03378203, 0.03267319, 0.02829240, 0.027125,buy
2019-03-16,4.7,0,0.24,0,1.67,1.94,5,3.53,1.96,3.78,3.23,3.81,2.89,0.6,2.74,-0.03954623,-0.02843949, 0.02684574,-0.00194619,-0.029769,sell
2019-03-17,2.76,0,0.45,0,3.44,0.65,4.46,1.44,0.7,1.9,1.73,3.03,4.11,0.1,4.7,-0.02533189,-0.01826187, 0.00814467, 0.01055094,-0.007814,sell
2019-03-18,2.27,0,0.87,0,3.12,0.23,4.31,0.59,0.35,1.45,1.48,2.5,3.43,0,4.12,-0.00789590,-0.02432128,-0.03647926,-0.03301294,-0.025973,sell
2019-03-19,2.69,0,1.78,0,3.01,0.09,6.16,0.2,0.38,1.88,2.18,3.76,2.89,0,3.66,-0.01037506, 0.00082902,-0.02082563,-0.01044346,-0.016687,buy
2019-03-20,3.22,0,3.93,0,5.3,0,9.57,0.09,0.66,3.56,4.58,6.15,3.41,0,4.57, 0.02300707, 0.01396230, 0.01690047, 0.01690047, 0.020902,buy
2019-03-21,2.33,0,5.97,0,5.72,0,11.13,0,1.52,5.97,5.94,4.95,2.45,0,5.84,-0.02113534,-0.03660090,-0.02227904,-0.02227904,-0.027919,sell
2019-03-22,1.24,0,4.09,0,3.21,0,8.02,0,2.97,4.71,3.24,2.15,1.16,0,5.3,-0.03341204,-0.03039196,-0.03251165,-0.02456015,-0.040755,sell
2019-03-23,0.7,0,2.04,0,1.57,0,5.05,0,2.52,2.31,1.44,1.02,0.64,0,3.92, 0.00427064, 0.00045739,-0.01450171, 0.00633105,-0.004247,buy
2019-03-24,0.39,0,1.07,0,0.82,0,3.45,0,1.16,1.18,0.67,0.5,0.39,0,2.92,-0.02220106,-0.02424834,-0.02054841,-0.02220106,-0.041080,sell
2019-03-25,0.22,0,0.54,0,0.53,0,2.59,0,0.68,0.63,0.28,0.22,0.26,0,2.28,-0.02599348,-0.03389314,-0.02597655,-0.02599348,-0.026651,sell
2019-03-26,0.12,0,0.31,0,0.72,0.06,2.05,0,0.79,0.31,0.15,0.12,0.25,0,1.85,-0.02886619,-0.02860047,-0.02151756,-0.02448950,-0.027267,sell
2019-03-27,0,0,0.18,0,1.61,0.16,1.62,0,1.65,0.18,0,0,0.31,0.02,1.5,-0.00688566,-0.00582922,-0.00559558,-0.00672007,-0.006886,buy
2019-03-28,0,0,0.1,0,2.97,0.45,1.44,0,3.06,0.1,0,0,0.58,0.02,1.2,-0.02752373,-0.03566215,-0.02104407,-0.01903585,-0.035371,sell
2019-03-29,0,0.07,0,0,2.11,1.33,1.33,0,2.26,0,0.07,0.07,1.39,0.03,1.02,-0.01083763,-0.01116650,-0.02229287,-0.01036552,-0.020029,sell
2019-03-30,0,0.27,0,0,0.79,3.2,1.31,0,1.06,0,0.23,0.2,3.18,0.04,0.86, 0.04706971,-0.00899650,-0.00811022, 0.01543426, 0.017583,buy
2019-03-31,0,0.77,0,0,0.33,3.01,1.44,0,0.81,0,0.71,0.59,2.65,0.06,0.73, 0.00113670,-0.01101113,-0.01034794, 0.02107910, 0.017401,buy
2019-04-01,0,2.28,0,0,0.18,2.58,1.76,0,1.02,0,2.18,1.71,1.19,0.08,0.62, 0.05583801, 0.04839868, 0.04785043, 0.04673437, 0.010898,buy
2019-04-02,0.03,3.18,0,0,0.12,3.28,2.44,0,1.58,0,3.03,2.99,0.8,0.12,0.53, 0.05821605, 0.06642142, 0.06642142, 0.06979704, 0.023585,buy
2019-04-03,0.04,1.62,0,0,0.17,1.9,3.67,0,2.72,0,1.37,1.79,0.9,0.17,0.45,-0.01600189,-0.03853419,-0.04154582,-0.00791542, 0.005704,sell
2019-04-04,0.07,1.01,0,0,0.22,0.66,4.16,0.03,2.97,0,0.55,0.69,1.33,0.22,0.39,-0.01101871,-0.03473230,-0.10359367,-0.00557997,-0.018570,sell
2019-04-05,0.14,1.16,0,0,0.28,0.31,3.57,0.1,1.89,0.03,0.38,0.36,2.29,0.28,0.33,-0.00410700,-0.01824460,-0.05845554,-0.02286067,-0.012917,sell
2019-04-06,0.27,1.79,0,0,0.36,0.2,3.83,0.22,1.11,0.05,0.47,0.28,4.12,0.36,0.28,-0.00376898,-0.03669718,-0.04882822,-0.02863513,-0.022498,sell
2019-04-07,0.56,3.13,0,0,0.44,0.37,4.18,0.57,0.65,0.1,0.98,0.55,6.3,0.44,0.23, 0.02603139, 0.02795015, 0.02584850, 0.02019727, 0.008540,buy
2019-04-08,1.21,3.37,0,0,0.52,0.7,3.27,1.32,0.38,0.21,2.04,1.08,5.96,0.52,0.2, 0.00935307, 0.00205580, 0.01587421,-0.00761087,-0.026185,buy
2019-04-09,2.82,2.4,0,0,0.6,1.32,2.95,3.04,0.22,0.5,4.4,2.2,5.04,0.6,0.17,-0.00122051,-0.00386904, 0.00025249,-0.01000122,-0.003560,sell
2019-04-10,3.17,2.17,0,0,0.67,2.49,4.27,5.17,0.13,1.15,6.33,4.57,4.95,0.67,0.14, 0.01375697,-0.01145961,-0.01145961,-0.01597011,-0.004577,buy
2019-04-11,1.88,2.69,0,0,0.75,3,4.72,7.17,0,2.81,6.59,5.94,4,0.75,0.12, 0.04044106,-0.01387897,-0.01387897,-0.02924344,-0.011495,sell
2019-04-12,2.05,3.29,0,0,0.84,1.87,4.67,8.92,0,3.79,6.14,6.64,4.13,0.84,0.1,-0.01343637, 0.01008423, 0.00956603, 0.00323390, 0.024278,buy
2019-04-13,4.38,2.5,0,0,0.93,0.99,3.58,6.8,0,3.51,5.34,6.78,2.53,0.93,0.09,-0.00158734,-0.01164195,-0.01164195,-0.01164195, 0.011541,sell
2019-04-14,5.89,1.39,0,0,1.04,0.52,3.78,4.04,0,4.51,4.12,6.04,0.95,1.04,0,-0.00315579,-0.00797807,-0.00538756,-0.00538756,-0.002985,buy
2019-04-15,3.19,0.73,0,0,1.15,0.28,3.21,4.13,0.04,5.19,1.7,4.41,0.24,1.15,0, 0.05750994, 0.01375719, 0.01698668, 0.01259577, 0.005859,sell
2019-04-16,1.23,0.4,0,0,1.32,0.15,1.11,3.33,0.12,3.77,0.64,1.72,0.09,1.32,0, 0.08886708, 0.08600576, 0.08886708, 0.04414188, 0.088867,buy
2019-04-17,0.47,0.23,0,0,1.54,0,0.35,1.1,0.35,1.33,0.12,0.7,0,1.52,0,-0.01883734,-0.03478073,-0.01572352,-0.00582694,-0.003257,sell
2019-04-18,0.14,0.13,0,0,1.82,0,0.12,0.33,1.02,0.47,0,0.25,0,1.78,0.03, 0.00996117,-0.04820609,-0.01661221,-0.00292827,-0.002251,buy
2019-04-19,0,0,0,0,2.2,0,0,0.11,3.05,0.11,0,0,0,2.1,0.07,-0.01402848,-0.05518579,-0.04298621,-0.02096907,-0.021571,sell
2019-04-20,0,0,0,0,2.76,0,0,0,3.37,0,0,0,0,2.54,0.14, 0.00205529,-0.01901906,-0.02743294,-0.00302084,-0.014236,buy
2019-04-21,0,0,0,0,3.49,0,0,0,1.94,0,0,0,0,3,0.32,-0.00749702, 0.03068987,-0.01372632,-0.00749702,-0.008646,sell
2019-04-22,0,0,0,0,4.07,0,0,0,2.81,0,0,0,0,2.95,0.73,-0.00741362, 0.00018320,-0.02115227,-0.01601143,-0.016777,sell
2019-04-23,0,0.02,0.04,0,4.94,0,0,0,5.65,0.02,0,0,0.04,2.38,1.73, 0.01200123,-0.02025813,-0.01949663,-0.00892658,-0.009360,buy
2019-04-24,0,0.05,0.07,0,4.96,0,0,0,5.19,0.05,0.03,0,0.07,1.94,3.06, 0.01652900,-0.04088983,-0.04486698,-0.03915475,-0.039588,sell
2019-04-25,0,0.13,0.12,0,3.15,0,0,0,2.3,0.13,0.05,0,0.12,1.56,2.17, 0.00165940,-0.00801392,-0.03863114,-0.03983171,-0.044549,sell
2019-04-26,0,0.32,0.23,0,2.07,0,0,0,0.94,0.32,0.09,0.02,0.21,1.27,1.02, 0.00492777,-0.06233427,-0.03567431,-0.02976655,-0.029767,sell
2019-04-27,0,0.79,0.42,0.02,1.58,0,0,0.02,0.39,0.81,0.18,0.04,0.4,1.03,0.7, 0.01108929,-0.03992670,-0.01670310,-0.01228010,-0.015626,buy
2019-04-28,0,1.96,0.74,0.04,1.41,0,0,0.13,0.13,2,0.37,0.06,0.77,0.82,0.83,-0.02491207,-0.01619087,-0.01619087,-0.03120986,-0.017184,sell
2019-04-29,0.02,3,1.34,0.07,1.5,0,0,0.57,0,3.09,0.81,0.12,1.6,0.67,1.36,-0.01857169,-0.00446686,-0.01307834,-0.05162259,-0.019113,sell
2019-04-30,0.09,1.76,2.39,0.13,2.05,0,0,2.66,0,1.98,2.06,0.37,3.8,0.54,2.57,-0.00638778,-0.08262364,-0.00527781,-0.03637128,-0.026683,sell
2019-05-01,0.44,0.7,3.35,0.24,3.16,0,0,6.64,0,1.38,5.17,1.08,5.94,0.44,3.49,-0.00304145,-0.04139731,-0.00439403,-0.00931018,-0.009310,buy
2019-05-02,2.16,0.28,2.95,0.45,4.14,0,0,6.2,0,2.89,5.03,3.64,3.45,0.35,2.81, 0.00903018, 0.01881833, 0.00323288, 0.00709949,-0.005549,sell
2019-05-03,3,0.11,2.46,0.85,3.72,0,0,3.4,0,3.96,2.61,3.83,1.56,0.28,2.31, 0.00855545, 0.01151865, 0.01256176, 0.01256176,-0.031811,buy
2019-05-04,0.78,0,2.86,1.62,3.43,0.03,0,0.95,0.03,2.4,1.34,2.73,0.88,0.23,2.58,-0.05581799,-0.05854576,-0.02985530,-0.04699768,-0.059081,sell
2019-05-05,0.22,0,3.36,3,3.76,0.08,0,1.03,0.08,3.19,0.96,3.13,0.94,0.18,3.23,-0.01663906,-0.04343959, 0.02770147,-0.00559392,-0.030170,sell
2019-05-06,0.19,0,2.48,2.82,3.29,0.17,0.04,2.77,0.26,2.95,1.44,2.41,1.83,0.15,2.85,-0.03720858,-0.04431478,-0.03819209,-0.04394419,-0.046788,sell
2019-05-07,0.55,0,1.39,1.5,2.43,0.39,0.11,6.36,0.82,1.9,3.25,1.71,3.22,0.12,1.71, 0.01530571, 0.02314198, 0.03579575, 0.02464722, 0.010855,buy
2019-05-08,1.65,0.08,0.74,0.78,3.51,0.88,0.26,5.74,3.12,2.15,2.93,2.05,2.21,0.1,1.08,-0.01211618,-0.01540225, 0.01576453, 0.01323300, 0.015765,buy
2019-05-09,3.93,0.49,0.47,0.41,3.63,2.03,0.65,4.41,4.98,3.98,1.49,3.42,1.47,0,0.68,-0.05898069,-0.03723084,-0.04709164,-0.05907062,-0.059365,sell
2019-05-10,4.39,3,0.43,0.21,1.14,2.97,1.62,2.72,3.68,5.56,1.89,2.65,2.27,0,0.43,-0.03976100, 0.06833002, 0.04973417, 0.04826462, 0.071007,buy
2019-05-11,4.1,2.77,0.67,0.11,0.4,1.89,2.97,0.84,2.02,4.1,3.06,1.33,2.97,0,0.27,-0.02946931, 0.08162263, 0.07406527, 0.06209708, 0.062486,buy
2019-05-12,3.04,0.44,1.39,0,0.17,0.83,2.14,0.25,0.83,2.04,2.14,1.34,1.74,0,0.17,-0.01583815, 0.03742453,-0.01544149, 0.04606129,-0.011199,sell
2019-05-13,3.33,0,2.95,0,0.16,0.39,0.87,0,0.39,2.95,0.87,2.6,0.73,0,0.16, 0.03730000, 0.04026053,-0.00397626, 0.04030731, 0.037300,buy
2019-05-14,3.37,0,2.4,0,0.2,0.28,0.41,0.02,0.3,2.4,0.41,3,0.37,0,0.2, 0.03709289, 0.04074547, 0.00959903, 0.03709289, 0.042019,buy
2019-05-15,2.02,0,1,0,0.95,0.73,0.54,0.04,0.85,1,0.54,1.45,0.57,0,0.87, 0.04117209, 0.07187840, 0.04439848, 0.04185286, 0.080878,buy
2019-05-16,3.82,0,0.81,0,3.2,2.92,2.77,0.07,3.22,0.81,2.77,0.85,2.97,0.02,2.97,-0.05905950,-0.08510479,-0.07158380,-0.04422848,-0.089187,sell
2019-05-17,4.81,0.07,3.09,0,2.85,1.79,2.97,0.12,2.56,3.16,2.97,1.99,2.82,0.06,2.2,-0.06975646,-0.10603826,-0.10647434,-0.04190597,-0.060202,sell
2019-05-18,3.46,0.23,2.51,0,2.32,0.28,0.43,0.2,2.32,2.74,0.43,3.05,0.41,0.18,0.48, 0.01093799,-0.00030662,-0.03101279, 0.01338973, 0.010938,buy
2019-05-19,0.69,0.75,0.33,0,3.07,0,0,0.34,3.31,1.08,0,0.69,0,0.53,0.1, 0.01054017, 0.01238381, 0.04731353, 0.02394921, 0.012384,buy
2019-05-20,0.1,2.42,0,0,1.64,0.02,0.03,0.59,2.26,2.42,0.02,0.1,0,1.58,0,-0.07316989,-0.05662219,-0.07233919,-0.05370590,-0.061006,sell
2019-05-21,0,3.08,0,0,0.57,0.14,0.16,1.01,1.74,2.95,0.14,0,0.13,3,0, 0.00825911,-0.01202360,-0.01989975, 0.02242625, 0.008259,buy
2019-05-22,0,1.87,0,0,0.2,0.82,0.79,1.73,2.72,1.09,0.76,0.05,0.73,1.82,0.06,-0.03892342, 0.01033428,-0.04198357,-0.03176475,-0.040541,sell
2019-05-23,0,3.91,0,0,0,3.56,3.28,3,6.28,0.33,3.25,0.35,3.23,0.61,0.31, 0.00571999, 0.00197308, 0.03714392,-0.00293110,-0.005533,sell
2019-05-24,0,5.17,0,0,0,4.09,2.57,2.92,5.49,0.1,2.58,2.44,2.63,0.2,1.51, 0.00968312, 0.01186846, 0.02315106, 0.01627317, 0.020598,buy
2019-05-25,0,5.2,0,0,0,5.33,1.92,1.71,3.63,0,2.27,3.09,2.11,0,3.06, 0.06494787, 0.05013372, 0.06543627, 0.04472551, 0.043951,buy
2019-05-26,0,3.81,0,0,0,4.25,2.95,1,3.95,0,2.95,0.81,3,0,1.3, 0.05441251, 0.05500463, 0.05368796, 0.03378003, 0.032102,buy
2019-05-27,0.05,2.69,0,0,0,2.18,2.37,0.58,2.94,0,1.79,0.77,1.97,0,0.4,-0.01796410, 0.00278255,-0.01043030,-0.01043030,-0.027089,sell
2019-05-28,0.15,2.62,0.17,0.04,0.14,1.03,1.18,0.34,1.46,0.09,1,1.84,1.05,0,0.23, 0.03341638,-0.00515635,-0.00515635, 0.00016293,-0.005156,buy
2019-05-29,0.48,3.27,1.04,0.3,0.94,0.96,0.96,0.2,0.95,0.46,1.74,3.03,1.6,0,0.37,-0.01673892,-0.01598979,-0.01973455, 0.01026827,-0.028073,sell
2019-05-30,1.48,2.1,3.82,2.16,2.95,1.6,1.77,0.11,1.18,2.71,4.65,2.41,4.44,0,0.6, 0.06690550, 0.03951528, 0.05092923, 0.04937799, 0.047077,buy
2019-05-31,3.22,0.83,5.51,2.97,1.33,3.46,3.13,0,2.58,4.76,4.28,3.3,4.47,0,1.06, 0.00000078, 0.00000078, 0.02165849,-0.00746522,-0.002538,sell
2019-06-01,2.81,0.35,6.14,0.57,0.21,4.55,2.1,0,3,3.52,1.97,4.1,2.25,0,1.89,-0.02889631,-0.05461878,-0.01754878,-0.00980481,-0.009805,sell
2019-06-02,3.07,0.15,2.08,0.09,0.04,3.71,1.93,0,1.2,1.53,0.57,3.21,0.65,0,3.91,-0.00598439,-0.06218473,-0.01022269,-0.01530549, 0.013183,buy
2019-06-03,3.18,0,0.55,0,0.09,3.41,3.15,0,0.41,0.44,0.18,3.08,0.21,0,6.06,-0.00976587,-0.06299572,-0.03663395,-0.03486548,-0.026741,sell
2019-06-04,1.18,0,0.13,0,0.21,2.32,1.65,0.03,0.17,0.13,0.03,1.18,0,0,4.01,-0.04897685,-0.05707159,-0.03449214,-0.03089551,-0.035288,sell
2019-06-05,0.39,0,0.06,0.03,0.43,1.33,0.45,0.14,0.14,0.03,0.08,0.39,0.06,0,2.15, 0.00482666,-0.00696066, 0.01231722, 0.02293185, 0.010194,buy
2019-06-06,0.13,0,0.14,0.1,0.91,0.82,0.13,0.7,0.7,0.08,0.19,0.13,0.16,0,1.7, 0.00517724, 0.00357459, 0.02478637, 0.02394965, 0.016344,buy
2019-06-07,0,0,0.39,0.27,1.93,0.51,0,2.97,2.97,0.25,0.44,0.02,0.39,0,2.05, 0.06074063, 0.03433628, 0.02785428, 0.03850837, 0.038508,buy
2019-06-08,0,0.06,0.93,0.68,3.93,0.38,0,2.62,2.62,0.65,1.13,0.04,0.98,0,3.28, 0.09920064, 0.04929855, 0.13228201, 0.02877601, 0.042030,buy
2019-06-09,0,0.18,2.26,1.7,5.11,0.39,0.05,0.59,0.64,1.66,2.72,0.1,2.38,0,2.96,-0.07512545,-0.09252945,-0.03786293,-0.00234496,-0.044181,sell
2019-06-10,0,0.56,3.47,3.25,4.29,0.76,0.16,0.14,0.3,3.19,3.93,0.23,3.86,0,1.46, 0.04531980, 0.02469941, 0.04993488, 0.03334118, 0.044652,buy
2019-06-11,0,1.82,2.73,2.7,2.15,1.97,0.46,0,0.46,2.59,4.1,0.65,4.01,0,0.65, 0.05857446, 0.01616355, 0.02662809, 0.02425382, 0.024059,buy
2019-06-12,0,3.18,2.94,1.91,0.93,2.97,1.33,0,1.33,1.75,4.75,1.58,4.7,0,0.32, 0.03542070, 0.02537644, 0.02537644, 0.02458174, 0.039839,buy
2019-06-13,0,2.28,5.19,2.43,0.4,1.41,3,0,3,2.25,3.93,3.75,3.9,0,0.15, 0.02132737, 0.02132737, 0.02076216, 0.04527523, 0.020113,buy
2019-06-14,0,2.6,6.23,3.63,0.1,0.45,2.22,0,2.22,3.5,3.96,4.98,3.98,0,0, 0.00188794, 0.00188794, 0.00564613, 0.02612393,-0.001897,sell
2019-06-15,0,3.11,5.01,4.1,0,0.14,0.76,0,0.76,3.85,3.84,4.42,3.95,0,0, 0.00445288, 0.02567786, 0.02102607, 0.00822037, 0.021026,buy
2019-06-16,0,1.34,4.66,4.93,0,0,0.26,0,0.26,4.18,4.14,2.45,4.3,0,0,-0.00197385, 0.02472157, 0.01891335, 0.01140923, 0.018913,buy
2019-06-17,0,0.45,2.37,3.89,0.02,0,0.09,0,0.09,2.17,2.28,2.05,2.49,0.02,0,-0.07665583, 0.00730001, 0.01263661,-0.03578608, 0.012637,buy
2019-06-18,0,0.15,0.84,4.14,0.02,0,0,0,0,0.76,0.84,3.47,0.9,0.02,0, 0.00343200, 0.00322890, 0.01115915,-0.00659171, 0.014029,sell
2019-06-19,0,0,0.32,6.07,0.06,0,0,0,0,0.29,0.38,5.7,0.4,0.03,0, 0.02163981, 0.02075044, 0.03029054, 0.02075044, 0.041493,buy
2019-06-20,0,0,0.08,4.87,0.11,0.03,0.03,0,0,0.11,0.18,4.65,0.19,0.03,0.06, 0.01894976, 0.01969968, 0.03897527, 0.01363112, 0.042151,buy
2019-06-21,0,0,0.25,2.78,0.3,0.06,0.04,0,0,0.37,0.26,2.41,0.25,0.04,0.1,-0.00679237, 0.00663283, 0.01151291,-0.02551012, 0.011513,buy
2019-06-22,0,0,0.8,2.47,0.85,0.13,0.07,0.05,0.05,1.24,0.81,1.23,0.8,0.04,0.2,-0.03015063,-0.01218317,-0.01280137,-0.06538166,-0.009753,buy
2019-06-23,0,0,2.6,3.59,2.55,0.29,0.12,0.12,0.12,2.95,2.51,0.71,2.53,0.04,0.41, 0.03560390, 0.01353677, 0.04068863, 0.02912273, 0.025949,buy
2019-06-24,0,0.06,3.16,2.41,2.99,0.6,0.2,0.27,0.27,2.16,2.95,0.52,2.95,0.04,0.8, 0.04646674, 0.01834679, 0.04510333, 0.03405201, 0.032715,buy
2019-06-25,0,0.14,1.71,0.8,1.09,1.27,0.33,0.62,0.62,0.77,1.09,0.81,1.07,0,1.6, 0.00180262, 0.01238006, 0.02053841, 0.06608152, 0.018721,sell
2019-06-26,0.02,0.34,2.3,0.29,0.35,2.7,0.55,1.43,1.45,0.53,0.35,2.06,0.34,0,3.25,-0.06088330,-0.09009533,-0.06393785,-0.08382491,-0.085116,sell
2019-06-27,0.03,0.74,3.06,0,0.11,2.97,0.92,3,3.03,0.74,0.11,2.95,0.11,0,3.89,-0.07495368,-0.05375421,-0.07565704,-0.07495368,-0.029042,sell
2019-06-28,0.05,1.5,1.46,0,0,1.54,1.54,2.62,2.67,1.5,0,1.46,0,0,3.08, 0.06900536, 0.07717902, 0.01198028, 0.06900536, 0.099815,buy
2019-06-29,0.1,2.91,0.48,0,0,0.72,2.56,1.13,1.23,2.91,0,0.48,0,0,3.28,-0.05404016,-0.04423380,-0.03824207,-0.06432987,-0.044325,sell
2019-06-30,0.15,3.29,0.16,0,0,0.34,2.97,0.48,0.63,3.29,0,0.16,0,0,3.31,-0.06469462,-0.05360806,-0.04092368,-0.06629211,-0.044308,sell
2019-07-01,0.24,2.29,0,0,0,0.16,2.04,0.23,0.45,2.29,0,0,0,0,2.22,-0.03504359, 0.01573495, 0.03209650,-0.03750430,-0.028893,sell
2019-07-02,0.37,2.1,0,0,0,0,1.22,0.11,0.46,2.1,0,0,0,0,1.24, 0.01033842, 0.00939387, 0.05986206, 0.01514461, 0.004952,buy
2019-07-03,0.52,2.7,0.04,0,0,0,0.73,0.02,0.52,2.74,0,0,0,0,0.75, 0.02498208, 0.03369853, 0.04723444, 0.03557161, 0.036899,buy
2019-07-04,0.67,3.4,0.09,0.04,0,0,0.43,0.06,0.73,3.49,0,0,0.04,0,0.43, 0.01385687, 0.03581820, 0.03622410, 0.03146649, 0.034274,buy
2019-07-05,0.84,2.49,0.24,0.1,0,0,0.25,0.19,1.03,2.73,0.08,0,0.1,0,0.25, 0.04306523, 0.04001910, 0.04249392, 0.05422215, 0.057773,buy
2019-07-06,1.02,1.38,0.61,0.24,0,0,0.15,0.57,1.59,1.99,0.19,0,0.24,0,0.15, 0.06147698, 0.03153460, 0.03103663, 0.05303597, 0.069602,buy
2019-07-07,1.25,0.79,1.55,0.6,0,0,0.09,1.68,2.93,2.34,0.47,0,0.6,0,0.09, 0.09355986, 0.07584298,-0.02151730, 0.08441108, 0.096469,buy
2019-07-08,1.59,0.48,2.97,1.51,0,0,0.04,2.95,4.54,3.45,1.17,0,1.51,0,0.04,-0.01650068,-0.01041162,-0.05683199,-0.05321603, 0.014757,sell
2019-07-09,2.16,0.33,2.18,3.02,0,0,0.09,1.71,3.87,2.51,2.84,0.05,2.97,0,0.09,-0.07658239,-0.08387705,-0.08501009,-0.08360934,-0.078361,sell
2019-07-10,3.14,0.19,0.85,2.42,0,0,0.19,0.58,3.72,1.04,2.95,0.12,2.3,0,0.19,-0.07637737,-0.07172612,-0.08239131,-0.08835079,-0.059398,sell
2019-07-11,3.56,0.22,0.34,1.22,0,0,0.41,0.19,3.75,0.56,1.24,0.3,0.92,0,0.41, 0.07881226, 0.00923632, 0.08570294,-0.01724028, 0.020391,sell
2019-07-12,2.49,0.28,0.19,1.1,0,0,0.9,0,2.49,0.47,0.5,0.71,0.39,0,0.9, 0.02458669, 0.02886564, 0.02729126,-0.04670488, 0.017958,buy
2019-07-13,1.49,0.37,0.19,1.9,0,0,1.99,0.02,1.49,0.56,0.26,1.68,0.22,0,2.01,-0.01247791,-0.01998808,-0.01948386,-0.04895261,-0.029129,sell
2019-07-14,0.88,0.52,0.61,3.18,0,0,2.97,0.03,0.88,1.13,0.15,2.97,0.21,0,3,-0.05631427,-0.07853450,-0.06491334,-0.01606203,-0.058874,sell
2019-07-15,0.53,0.78,1.96,2.82,0,0,1.99,0.04,0.53,2.74,0.47,2.14,0.68,0,2.03,-0.02802169,-0.06560452,-0.02802169, 0.05661233, 0.010245,sell
2019-07-16,0.31,1.23,2.97,3.12,0,0,0.91,0.05,0.31,4.2,1.46,0.92,2.2,0,0.96,-0.10411647,-0.06848937,-0.06366828,-0.05823509,-0.043828,sell
2019-07-17,0.15,2.04,1.37,3.37,0,0,0.41,0.06,0.12,3.44,3,0.45,2.92,0,0.47,-0.07956125, 0.03166584, 0.03632528,-0.01370928, 0.023817,buy
2019-07-18,0.05,3.03,0.43,1.59,0,0,0.18,0.08,0,3.51,1.87,0.36,1.23,0.07,0.26,-0.01655583, 0.03654041, 0.04136717, 0.05027712,-0.005742,buy
2019-07-19,0.1,2.78,0.16,1.02,0.02,0,0,0.11,0,3.01,0.62,0.63,0.42,0.3,0.11,-0.01769436,-0.00210989,-0.00210989, 0.05885113,-0.001810,sell
2019-07-20,0.18,1.91,0.06,2.04,0.04,0,0,0.15,0,2.09,0.23,1.92,0.18,1.31,0.15, 0.00157956, 0.00663278, 0.02311161, 0.01237721, 0.011071,buy
2019-07-21,0.33,1.85,0.12,2.95,0.07,0,0,0.19,0,2.18,0.07,2.95,0.12,2.92,0.19, 0.00556673, 0.05905160, 0.03871375, 0.05905160, 0.016238,buy
2019-07-22,0.62,2.9,0.22,1.48,0.13,0,0,0.26,0,3.52,0.13,1.48,0.22,1.5,0.26,-0.01653502,-0.01626413, 0.00748376, 0.01082914,-0.016296,sell
2019-07-23,1.18,3.3,0.41,0.51,0.24,0,0,0.34,0.03,4.45,0.24,0.51,0.41,0.35,0.34,-0.04620773,-0.01861947,-0.01861947,-0.00583447,-0.019338,sell
2019-07-24,2.22,1.74,0.78,0.21,0.46,0,0,0.45,0.08,3.88,0.46,0.21,0.78,0.11,0.45,-0.02578197,-0.04132665,-0.02468099,-0.02109484, 0.014921,sell
2019-07-25,3.16,1.03,1.46,0.08,0.84,0,0,0.6,0.21,3.98,0.84,0.08,1.46,0.03,0.6,-0.01927332,-0.05559575,-0.01927332,-0.01927332,-0.012724,sell
2019-07-26,2.69,1.26,2.72,0.12,1.55,0,0,0.82,0.49,3.46,1.55,0.12,2.72,0.03,0.82,-0.01723653,-0.02819307,-0.01547349,-0.01698218,-0.015826,sell
2019-07-27,2.28,3.12,3,0.17,2.84,0,0,1.09,1.13,4.27,2.84,0.2,2.97,0.04,1.09, 0.04186943, 0.02718351, 0.04585418, 0.01537054, 0.042868,buy
2019-07-28,3.24,2.94,1.79,0.23,2.97,0,0,1.47,2.7,3.48,2.97,0.29,1.73,0.05,1.47, 0.02931771, 0.01324724, 0.02996029, 0.00657833, 0.031198,buy
2019-07-29,3.47,1.12,1.02,0.28,1.67,0,0,1.97,3.32,1.27,1.67,0.38,0.92,0.07,1.97,-0.00689540,-0.00357190,-0.00297363,-0.00428738, 0.010511,sell
2019-07-30,2.06,0.67,0.68,0.32,0.9,0,0.02,2.7,2.24,0.49,0.9,0.51,0.49,0.09,2.72, 0.03501673, 0.03273617, 0.02723055, 0.02996427, 0.032773,buy
2019-07-31,2.01,0.76,0.61,0.33,0.49,0,0.03,3,2.57,0.2,0.49,0.67,0.27,0.11,3.03, 0.04410818, 0.04166949, 0.03559106, 0.03957488, 0.040299,buy
2019-08-01,3.28,1.23,0.75,0.33,0.26,0,0.04,2.42,4.46,0.05,0.26,0.94,0.14,0.14,2.46, 0.04325817, 0.03953401, 0.03953401, 0.03984812, 0.047701,buy
2019-08-02,2.36,2.18,1.14,0.32,0.14,0,0.04,1.79,4.45,0.09,0.14,1.43,0.03,0.19,1.83, 0.03971292, 0.04293555, 0.03841688, 0.03382698, 0.033349,buy
2019-08-03,0.87,3,2.07,0.27,0.04,0,0.05,1.3,3.68,0.19,0.04,2.26,0.08,0.24,1.35, 0.01142974, 0.02421113, 0.01476779, 0.01369848,-0.013438,buy
2019-08-04,0.66,2.3,3.16,0.21,0.1,0,0.05,0.95,2.49,0.47,0.1,3.18,0.19,0.3,1, 0.00554994,-0.00304960, 0.01107310, 0.00933236,-0.004074,buy
2019-08-05,1.04,1.31,2.99,0.15,0.24,0,0,0.69,1.25,1.1,0.24,2.62,0.52,0.39,0.69,-0.00367543,-0.02879345,-0.00572559, 0.00434700, 0.001576,buy
2019-08-06,2.57,0.8,2.71,0.1,0.68,0,0,0.5,0.7,2.67,0.68,1.47,1.34,0.5,0.5,-0.02077225,-0.02081581,-0.02966239,-0.02077225,-0.020772,sell
2019-08-07,4.06,0.57,4.2,0,1.75,0,0,0.36,0.39,4.24,1.75,0.76,3.44,0.64,0.36,-0.03597489, 0.00625219,-0.04389112, 0.00202178, 0.005832,buy
2019-08-08,4.6,0.65,5.33,0,3.92,0,0,0.3,0.28,4.97,3.92,0.46,4.87,0.82,0.3, 0.01181303,-0.00460245,-0.02927801,-0.03862424,-0.019094,sell
2019-08-09,3.26,1.17,4.51,0,5.41,0,0,0.28,0.31,4.09,5.41,0.33,4.21,1.04,0.28,-0.01330206,-0.02056737,-0.02088012,-0.02549379,-0.026463,sell
2019-08-10,1.15,2.55,2.29,0,3.8,0.02,0,0.32,0.49,3.16,3.82,0.37,1.97,1.33,0.32,-0.00914985,-0.00892551, 0.02562991,-0.02132734,-0.012534,sell
2019-08-11,0.44,4.33,1.28,0,1.29,0.04,0,0.49,1.3,3.38,1.33,0.63,0.74,1.7,0.49,-0.02013539,-0.02072315,-0.02506559,-0.01423566,-0.020135,sell
2019-08-12,0.17,5.16,1.81,0,0.45,0.08,0,0.81,3.46,1.71,0.53,1.67,0.3,2.18,0.81,-0.00698903,-0.01406593,-0.02631728,-0.00420311,-0.006989,sell
2019-08-13,0.25,6.86,4.44,0,0.09,0.15,0,1.7,6.25,0.56,0.24,4.44,0.3,2.79,1.7,-0.04717779,-0.05440515,-0.04743183,-0.05138951,-0.049031,sell
2019-08-14,0.88,4.55,5.94,0,0,0.28,0,3.69,4.7,0.18,0.28,5.94,0.55,3,3.69,-0.04088884,-0.05881580,-0.02454573,-0.03964911,-0.048861,sell
2019-08-15,2.97,2.42,2.86,0,0,0.51,0,5.92,4.38,0,0.51,2.86,1.01,2.49,5.92, 0.02373688,-0.04934915, 0.02238077, 0.01535766,-0.030615,buy
2019-08-16,2.56,2.42,1.09,0,0,0.94,0,4.48,3.08,0,0.94,1.09,1.9,1.94,4.48, 0.01996795,-0.01991687, 0.03510371,-0.00677584, 0.007389,buy
2019-08-17,0.63,3.23,0.41,0,0,1.79,0,2.13,0.76,0,1.79,0.41,3.1,1.54,2.13,-0.03715171, 0.02629185,-0.00750600, 0.00271436, 0.025001,buy
2019-08-18,0.21,2.94,0.21,0,0,3.17,0,1.02,0.19,0.06,3.17,0.11,3,1.2,1.02, 0.02919449, 0.05907813, 0.01729298, 0.04274857, 0.062850,buy
2019-08-19,0.3,2.55,0.38,0,0.16,3.31,0,0.5,0.08,0.3,3.47,0.04,2.81,0.93,0.5,-0.00129325, 0.05581042,-0.00622685, 0.04282092, 0.043422,buy
2019-08-20,1.43,4.18,1.71,0,0.81,3.23,0,0.19,0.16,1.43,4.04,0.06,5.67,0.73,0.19,-0.01209166, 0.00709481,-0.01330575,-0.00576498, 0.041338,sell
2019-08-21,3,4.9,3.22,0,2.95,4.49,0,0.1,0.36,3,7.44,0.16,7.6,0.57,0.1, 0.00249861,-0.02095967,-0.02056263,-0.03487218,-0.008091,sell
2019-08-22,1.17,4.73,1.79,0,1.92,4.01,0,0,0.96,1.17,5.93,0.41,5.15,0.45,0, 0.00737401, 0.00786047, 0.00375260,-0.02526843, 0.030457,buy
2019-08-23,0.23,5.39,2.37,0,0.34,3.79,0,0.03,3.15,0.23,4.13,1.35,3.26,0.35,0.03,-0.01384545, 0.01087008, 0.01291302, 0.00854249, 0.077505,buy
2019-08-24,0,5.59,6.34,0,0,2.35,0,0.17,6.34,0,2.35,4.4,1.19,0.28,0.17,-0.03858062,-0.04644654,-0.03858062,-0.03760914,-0.047114,sell
2019-08-25,0,4.91,8,0,0,0.82,0,0.8,6.88,0,0.82,5.58,0.45,0.21,0.8,-0.02484132,-0.05613158,-0.02855724,-0.02295644,-0.040850,sell
2019-08-26,0,5.76,5.68,0,0,0.38,0,2.97,5.48,0,0.38,5.7,0.26,0.17,2.97,-0.00584519,-0.03970032,-0.00646542,-0.01624127,-0.045517,sell
2019-08-27,0,5.49,4.07,0,0,0.42,0,2.14,4.07,0,0.42,4.98,0.51,0.13,2.14,-0.01782997,-0.02806901,-0.01565889,-0.00608937,-0.047598,sell
2019-08-28,0.04,7.46,4.08,0,0,1.77,0.02,0.43,4.08,0,1.79,4.54,2.96,0.1,0.43,-0.06479704,-0.05113785,-0.06401100,-0.06053249,-0.064224,sell
2019-08-29,0.12,7.11,2.59,0,0,3,0.07,0.06,2.59,0.06,3.07,4.41,2.82,0.03,0,-0.05534532,-0.02267125,-0.05187843,-0.04640399,-0.041169,sell
2019-08-30,0.38,3.49,1.81,0,0,0.77,0.23,0.17,1.81,0.17,1,3.04,0.83,0.08,0,-0.02706720, 0.00253000,-0.01930746, 0.01600332,-0.017463,sell
2019-08-31,1.21,2.89,3.48,0,0,0.12,0.73,0.49,3.48,0.49,0.85,2.89,1.21,0.2,0,-0.01338154, 0.00263616, 0.00315828, 0.00143081,-0.009754,sell
2019-09-01,3.05,3.55,2.12,0,0,0,2.35,1.41,2.12,1.41,2.35,3.55,3.05,0.48,0, 0.03493206, 0.02596849, 0.03564077, 0.01653454, 0.035470,buy
2019-09-02,2.56,1.15,0.32,0,0,0,3.06,3.01,0.32,3.01,3.06,1.18,2.53,1.16,0,-0.01010530,-0.01208964,-0.03728479,-0.00379041,-0.005802,buy
2019-09-03,1.4,0.15,0,0,0,0,1.55,2.34,0,2.34,1.55,0.23,1.32,2.72,0,-0.01335074,-0.01993915,-0.01381370,-0.01551122,-0.058441,sell
2019-09-04,2.45,0,0,0,0,0,1.67,1.34,0,1.34,1.67,0.26,2.19,2.95,0, 0.00823772, 0.00566597, 0.00904163,-0.01910945,-0.024075,buy
2019-09-05,5.47,0,0,0,0,0,4.29,2.49,0,2.49,4.29,0.79,4.68,1.37,0, 0.03531999, 0.03531999, 0.02023291, 0.02967009, 0.035320,buy
2019-09-06,7.63,0,0,0,0,0,4.75,4.04,0,4.04,4.75,2.48,5.15,0.6,0, 0.02720662, 0.02844690, 0.01385090, 0.01558755, 0.028182,buy
2019-09-07,7.92,0,0,0,0,0,4.41,3.06,0,3.06,4.41,3.4,4.48,0.27,0.04, 0.01856929, 0.01831565,-0.00672248, 0.01630183, 0.018569,buy
2019-09-08,7.39,0,0,0,0,0,3.58,3.73,0,3.73,3.58,3.48,3.81,0.12,0.1,-0.00413270,-0.00392272,-0.00728785,-0.00639428,-0.004133,buy
2019-09-09,7.18,0,0,0,0,0,3.59,3.18,0,3.18,3.59,3.45,3.45,0,0.28,-0.00824942,-0.00994317,-0.00928641,-0.00684611,-0.008249,sell
2019-09-10,4.15,0,0,0,0,0,2.59,2.54,0,2.54,2.59,1.09,2.07,0,0.99,-0.03595461,-0.02339060,-0.04924232,-0.00306878,-0.035955,sell
2019-09-11,4.95,0,0,0,0,0,1.36,2.91,0,2.91,1.36,0.77,1.04,0,3.14,-0.05660672,-0.06312682,-0.06273343,-0.06520702,-0.060610,sell
2019-09-12,7.98,0,0,0,0,0,0.68,3.21,0,3.21,0.68,1.48,0.58,0,5.92,-0.05039194,-0.04848780,-0.05113910,-0.04334106,-0.051139,sell
2019-09-13,6.73,0,0,0.07,0,0,0.37,2.32,0.07,2.32,0.37,3.08,0.33,0,3.32,-0.05543684,-0.05615684,-0.05543684,-0.05002133,-0.055437,sell
2019-09-14,3.89,0,0,0.31,0,0,0.2,1.37,0.31,1.37,0.2,2.76,0.18,0,0.95,-0.09017862,-0.08564345,-0.09017862,-0.07194031,-0.069916,sell
2019-09-15,1.85,0,0,1.28,0,0,0.11,0.85,1.28,0.85,0.11,1.42,0.1,0,0.33,-0.02361526, 0.01813445,-0.02312154,-0.06792448,-0.022997,sell
2019-09-16,1.19,0,0,4.05,0,0,0,0.52,4.05,0.52,0,1.08,0,0,0.11,-0.01717419,-0.00437244,-0.00369972, 0.02542564,-0.017581,sell
2019-09-17,1.58,0,0,4.85,0,0,0,0.32,4.85,0.32,0,1.32,0,0,0.26,-0.00437935, 0.00549516, 0.01269393, 0.03250770,-0.004379,buy
2019-09-18,2.6,0.05,0,2.92,0,0,0,0.2,2.92,0.2,0,2.01,0,0,0.64,-0.01955710, 0.03637229, 0.00323056, 0.01733673,-0.019557,sell
2019-09-19,4.37,0.2,0,0.89,0,0,0,0.25,0.89,0.12,0.07,3,0.06,0,1.57,-0.09729330,-0.09100985,-0.09729330,-0.07243312,-0.078062,sell
2019-09-20,5.42,0.87,0,0.25,0,0,0,0.59,0.25,0,0.33,2.47,0.26,0,3.82,-0.06646106,-0.06780593,-0.06488326,-0.06298024,-0.064883,sell
2019-09-21,4.12,3.14,0,0.03,0,0,0.07,2.62,0.03,0.07,1.5,1.38,1.12,0,5.88,-0.02950711,-0.02817729,-0.03252223,-0.03548432,-0.026241,sell
2019-09-22,1.99,2.92,0,0.07,0,0,0.25,6.24,0.07,0.25,3.16,0.78,3.08,0,4.13, 0.00943103, 0.00943103, 0.00366711,-0.01479798, 0.007524,buy
2019-09-23,1,1.85,0,0.18,0,0,0.92,4.29,0.18,0.92,1.93,0.49,2.31,0,2.41, 0.00966252, 0.01962743, 0.01992215,-0.00500522, 0.000017,buy
2019-09-24,0.57,3.12,0,0.44,0,0,3.05,4.01,0.44,3.05,2.18,0.43,1.65,0,3.44,-0.01641827,-0.01417400, 0.00299873,-0.09397993,-0.068088,sell
2019-09-25,0.45,2.3,0,1.11,0,0,2.73,6.77,1.11,2.73,2.97,0.87,3.07,0,2.61,-0.03998011,-0.01624348, 0.01081960,-0.07896188,-0.041336,buy
2019-09-26,0.4,0.75,0,2.74,0,0,1.12,6.73,2.74,1.12,1.44,2.87,2.42,0,1.15,-0.02672655,-0.04271498, 0.02716059,-0.02570477,-0.011973,sell
2019-09-27,0.72,0.24,0,2.95,0,0,1.3,4.31,2.95,1.3,0.45,3.05,0.81,0,0.96,-0.00858402,-0.03733274,-0.01202304,-0.01979946,-0.022135,sell
2019-09-28,1.31,0,0.09,1.26,0,0,2.89,1.43,1.26,2.89,0.14,1.02,0.27,0,1.4,-0.00169550,-0.06040148,-0.03852851,-0.00566707,-0.032130,sell
2019-09-29,2.4,0,0.34,0.51,0,0,2.95,1.06,0.51,2.95,0,0.97,0.09,0,2.74,-0.00402272,-0.04279569,-0.01843615,-0.02545809,-0.032097,sell
2019-09-30,2.97,0.04,1.32,0.22,0,0,1.11,2.36,0.22,1.11,0.02,2.34,0,0,4.33,-0.02579887,-0.02185897,-0.01633447,-0.02785825,-0.035196,sell
2019-10-01,1.97,0.09,2.95,0.04,0,0.03,0.41,3.02,0.04,0.44,0.05,2.97,0,0,5.01,-0.03002141,-0.03032342,-0.01746296,-0.02684133,-0.062423,sell
2019-10-02,1.06,0.22,1.84,0.07,0,0.08,0.15,1.38,0.16,0.23,0.13,1.2,0.05,0,3.03,-0.01301079,-0.02142612, 0.00457761,-0.00233960,-0.015668,sell
2019-10-03,0.56,0.57,0.94,0.13,0,0.26,0,0.83,0.46,0.26,0.32,0.4,0.11,0,1.74, 0.02039333, 0.00253690, 0.05086707, 0.06087337, 0.016803,buy
2019-10-04,0.3,1.47,1.89,0.25,0,0.82,0,1.2,1.46,0.82,0.8,0.13,0.27,0,2.45,-0.00002522, 0.01616713, 0.00078655, 0.00931050, 0.020476,buy
2019-10-05,0.16,3,4.79,0.46,0,2.44,0,2.66,3.43,2.44,2.03,0,0.63,0,4.98,-0.05193518,-0.01230102,-0.02345970,-0.01501191,-0.039118,sell
2019-10-06,0,2.26,4.96,0.85,0,2.92,0.02,4.44,2.84,2.94,2.97,0,1.47,0,5.23, 0.01309562,-0.00198586, 0.00635922, 0.00223757,-0.026298,sell
2019-10-07,0,0.87,2.07,1.55,0,1.22,0.04,4.7,2.19,1.26,1.7,0,3,0,2.3, 0.01724675, 0.00304793, 0.00060731,-0.02596161,-0.025962,buy
2019-10-08,0.04,0.33,0.83,2.89,0,0.49,0.09,3.23,3.29,0.58,0.71,0.03,2.53,0,0.76, 0.00980105, 0.00361659, 0.00739207, 0.00260934, 0.002609,buy
2019-10-09,0.12,0.12,0.9,2.97,0,0.36,0.21,1.42,3.74,0.54,0.39,0.07,1.11,0,0.25, 0.02043512, 0.01072748, 0.01205925, 0.01346480, 0.002846,buy
2019-10-10,0.4,0,2.42,1.65,0,0.57,0.46,0.72,4.07,0.95,0.5,0.16,0.54,0,0, 0.02330712, 0.00812262,-0.01788838,-0.01782438, 0.005010,buy
2019-10-11,1.3,0,2.95,0.89,0,1.5,1.05,0.58,3.84,2.3,1.3,0.38,0.45,0,0,-0.00316789, 0.00265444,-0.04966855,-0.04644858,-0.048720,sell
2019-10-12,2.97,0.03,1.13,0.48,0,2.95,2.43,0.99,1.64,4.63,2.97,0.91,0.83,0,0, 0.04170255, 0.02951546, 0.03364146, 0.04937017, 0.014015,buy
2019-10-13,2.08,0.14,0.36,0.26,0,2.2,5.12,2.2,0.72,5.2,2.08,2.2,2.12,0,0.04,-0.00453325,-0.01564108, 0.03371412,-0.01556597,-0.010084,sell
2019-10-14,0.71,0.37,0.15,0.14,0,0.84,5.49,2.97,0.54,3.33,0.73,2.95,3,0,0.12, 0.01508828, 0.01042063, 0.02949037, 0.01058372,-0.035279,buy
2019-10-15,0.38,1.02,0.12,0,0.1,0.32,2.73,1.69,0.86,1.6,0.42,1.72,1.46,0.02,0.28,-0.00522659,-0.08643224,-0.06636748,-0.04459679,-0.068667,sell
2019-10-16,0.5,2.77,0.34,0,0.21,0.12,1.34,0.76,2.44,0.88,0.58,0.86,0.59,0.02,0.67, 0.04886865, 0.03740387, 0.02462473, 0.03294316, 0.024625,buy
2019-10-17,1.58,3.65,0.95,0,0.46,0,1.15,0.47,2.97,0.72,1.74,0.78,0.4,0.02,1.63, 0.05795041, 0.07593211, 0.03540185, 0.06593463, 0.038260,buy
2019-10-18,2.95,2.75,2.7,0,1,0,1.91,0.44,1.33,1.11,3.24,1.37,0.56,0.02,4.12, 0.01063996, 0.01147760,-0.01577558,-0.01392072, 0.011822,sell
2019-10-19,1.71,3.56,2.95,0.06,2.08,0,4.52,0.59,0.59,2.06,2.25,2.97,1.6,0.02,5.98,-0.01921096,-0.00373359,-0.04039316,-0.04165552,-0.019211,sell
2019-10-20,0.54,3.49,1.14,0.16,2.99,0,5.82,1.1,0.56,2.97,1.55,2.82,3.09,0.02,4.23,-0.00256233,-0.00326405,-0.00768495, 0.00325774,-0.002977,buy
2019-10-21,0.17,2.58,0.45,0.43,2.11,0,3.19,2.04,1.17,2.11,2.12,1.27,2.07,0,2.23, 0.02636799,-0.02791321,-0.02773963,-0.03537103,-0.035371,sell
2019-10-22,0,3.77,0.29,1.1,1.17,0,1.4,3.23,3.13,1.17,3.11,0.73,0.93,0,1.89, 0.01286168, 0.03683645,-0.00699785,-0.00533075,-0.018313,buy
2019-10-23,0,3.08,0.4,2.72,0.8,0,1.09,2.93,2.87,0.8,2.79,0.86,0.67,0,3.03,-0.01764857, 0.04731304,-0.02941561,-0.00298717,-0.044952,sell
2019-10-24,0,1.53,1,3.05,0.91,0.04,1.94,2.07,1.79,0.91,1.92,1.94,0.79,0,3.19,-0.02708857,-0.07410861,-0.05859736,-0.07095105,-0.070526,sell
2019-10-25,0,1.43,2.53,1.68,1.68,0.1,2.97,1.97,2.78,1.72,1.89,2.97,1.32,0,1.68, 0.08322151, 0.05825438, 0.03988812, 0.08760292, 0.072356,buy
2019-10-26,0,2.09,2.92,1.77,3.1,0.17,1.56,2.52,2.92,3.17,2.47,1.56,2.24,0,1.77, 0.10351665, 0.05578810, 0.03920406, 0.10415228, 0.108697,buy
2019-10-27,0,3.23,1.36,3.28,2.35,0.3,0.52,3.19,1.36,2.5,3.43,0.54,3.12,0,3.28, 0.04718352,-0.00138689, 0.02803851, 0.03502998, 0.036669,buy
2019-10-28,0.03,3.51,0.54,2.19,0.88,0.51,0.17,2.57,0.57,1.19,3.62,0.21,2.62,0,2.19, 0.03688073, 0.03116316, 0.03548478, 0.04304204, 0.035485,buy
2019-10-29,0.07,4.42,0.22,0.64,0.34,0.97,0,1.52,0.26,0.98,4.45,0.08,1.77,0,0.64, 0.04402874, 0.02736516, 0.01559879, 0.02736516, 0.037356,buy
2019-10-30,0.16,4.33,0.09,0.14,0.13,1.84,0.02,0.98,0.19,1.46,4.39,0.13,1.38,0,0.14, 0.05408097, 0.01166211, 0.00388443, 0.01166211, 0.041072,sell
2019-10-31,0.38,2.19,0.05,0,0.07,3.72,0.03,0.74,0.21,2.8,2.36,0.23,1.53,0,0.05, 0.05238354, 0.05935174, 0.04950063, 0.04979065, 0.052384,buy
2019-11-01,0.96,1.46,0.11,0,0.09,5.38,0.04,0.71,0.54,3.1,1.88,0.41,2.71,0,0.11, 0.05385935, 0.05683601, 0.04638991, 0.01957467, 0.054703,buy
2019-11-02,2.6,1.47,0.24,0,0.13,4.8,0.06,0.91,1.52,1.78,2.55,0.78,3.34,0,0.24, 0.05511397, 0.05511397, 0.07939731, 0.07035137, 0.055114,buy
2019-11-03,5.72,1.89,0.55,0.04,0.23,2.47,0.15,1.41,2.95,1.09,4.66,1.46,1.71,0,0.59, 0.02761768, 0.02761768, 0.01344612, 0.02797715, 0.021217,buy
2019-11-04,4.8,3.01,1.23,0.05,0.45,1.45,0.29,2.28,1.84,0.95,5.97,2.8,0.72,0,1.28,-0.03203999,-0.03203999,-0.08973217,-0.03138759,-0.031867,sell
2019-11-05,1.8,2.99,2.74,0.07,1.05,1.81,0.55,2.97,0.68,1.42,4.11,4.48,0.48,0,2.81,-0.04030787,-0.04030787, 0.02172354,-0.02479784,-0.029261,sell
2019-11-06,0.66,1.81,2.99,0.13,2.77,3.06,1.1,2.18,0.44,3.15,2.07,5.26,0.7,0,3.08,-0.01540374, 0.00054999, 0.00989978,-0.01870703, 0.001643,buy
2019-11-07,0.19,1.36,1.52,0.26,2.97,1.97,2.33,1.23,0.63,3.4,1.05,3.49,1.61,0,1.65,-0.03607284, 0.02983921,-0.00478644,-0.00871322, 0.013246,buy
2019-11-08,0,1.91,1.03,0.64,1.02,0.66,4.51,0.7,1.61,1.67,0.71,2.22,3,0,1.26,-0.03717658,-0.03849530,-0.04058497,-0.03908210,-0.039082,sell
2019-11-09,0,3.13,1.6,1.61,0.3,0.22,6.06,0.4,3.02,1.28,1.43,3.31,2.39,0.09,1.89,-0.02269551,-0.03860793,-0.04515717,-0.03223980,-0.032240,sell
2019-11-10,0,2.4,3.09,3.56,0.04,0,5.82,0.22,2.4,1.44,2.97,3.45,1.19,0.73,3.68, 0.04243354, 0.04165450, 0.04349512, 0.04243354, 0.047781,buy
2019-11-11,0,1.56,2.06,4.27,0.11,0,4.66,0.13,1.56,2.18,2.06,1.76,0.96,2.92,4.27, 0.01500254,-0.02155652, 0.01500254, 0.01370646, 0.058182,buy
2019-11-12,0,2.55,0.65,3.93,0.33,0,6.38,0,2.53,3.02,0.67,1.8,1.89,1.42,3.93, 0.01420670,-0.02039047, 0.01543542, 0.01420670, 0.017013,buy
2019-11-13,0.03,3.19,0.3,1.84,0.93,0.03,8.87,0,3.17,2.82,0.28,3.09,3.92,0.18,1.91, 0.02529472,-0.01189013, 0.00875547, 0.01623770, 0.016238,buy
2019-11-14,0.08,1.48,0.32,0.63,2.6,0.11,6.14,0,1.39,2.02,0.22,2.46,4.37,0,0.9,-0.01427008,-0.03713556,-0.01508786,-0.03541825,-0.030746,sell
2019-11-15,0.18,0.85,1.11,0.15,3.25,0.33,2.88,0,0.59,1.75,0.53,1.12,3.57,0.02,1.17,-0.02516798,-0.02516798, 0.00012226,-0.06998987,-0.020372,sell
2019-11-16,0.36,1.12,3.08,0,2.02,0.84,1.48,0,0.37,2.05,1.27,0.78,1.49,0.02,2.92, 0.01744189, 0.04472901, 0.03314642, 0.01800829, 0.022020,buy
2019-11-17,0.61,2.44,2.49,0,2.36,1.79,0.83,0,0.39,3.13,2.95,1.26,0.56,0.03,2.2, 0.02180971, 0.01515274, 0.01825965, 0.01185080, 0.020398,buy
2019-11-18,0.89,2.95,1.11,0,4.76,2.97,0.37,0,0.55,4.96,3.82,2.95,0.16,0.03,0.58,-0.04549435,-0.04026803,-0.04594875,-0.05321668,-0.047199,sell
2019-11-19,1.11,1.44,1.13,0,5.71,2.77,0.25,0,1.04,6.01,2.49,2.67,0.05,0.04,0.15,-0.02117660,-0.01907262,-0.01901860,-0.02060300,-0.028458,sell
2019-11-20,1.23,0.56,1.79,0.02,3.6,1.93,0.17,0,1.94,4.75,1.64,0.9,0.11,0.05,0.02,-0.00478211, 0.01896951, 0.00678799, 0.00841266,-0.025859,sell
2019-11-21,1.43,0.26,2.97,0.02,1.68,1.67,0.11,0,3.39,3.12,1.27,0.31,0.25,0.06,0.02,-0.06410519,-0.01659256,-0.05071266,-0.05149764,-0.048037,sell
2019-11-22,1.85,0.05,2.7,0.04,0.81,1.98,0.03,0.02,3.73,2.74,0.89,0.1,0.6,0.07,0.04,-0.05543462,-0.02594307,-0.06184352,-0.06801802,-0.051024,sell
2019-11-23,3.05,0.14,1.47,0.07,0.41,3.06,0.04,0.07,4.01,3.78,0.65,0.04,1.33,0.09,0.14,-0.03967171,-0.02719239,-0.03965466,-0.08637674,-0.020168,sell
2019-11-24,3.42,0.36,0.8,0.13,0.27,5.39,0.06,0.22,4.14,5.49,0.42,0.09,2.98,0.11,0.37, 0.01169579, 0.01264287,-0.01283522,-0.01851813, 0.030030,sell
2019-11-25,1.7,1.15,0.44,0.32,0.14,6.22,0.11,0.69,2.81,5.01,0.26,0.22,3.11,0.14,1.23, 0.03065773, 0.02476037, 0.01487702,-0.06819283, 0.005157,buy
2019-11-26,0.73,3.51,0.24,0.8,0.17,4.22,0.2,2.12,3.45,3.19,0.15,0.52,1.52,0.17,3.8, 0.05246337, 0.05412726, 0.01954136, 0.05044013, 0.052463,buy
2019-11-27,0.29,3.7,0.18,2.24,0.21,3.22,0.42,2.95,4.48,1.71,0.11,1.26,1,0.21,4.77, 0.05236177, 0.06421693, 0.00625821, 0.07583146, 0.031341,buy
2019-11-28,0.21,3.57,0.12,2.95,0.25,3.97,0.99,1.32,4.3,0.87,0.24,3.01,1.21,0.25,3.63, 0.04033230, 0.01001219,-0.01304581, 0.06607249, 0.024217,sell
2019-11-29,0.22,3.19,0.32,1.33,0.31,3.35,2.38,0.44,3.44,0.37,0.57,2.97,2.39,0.31,1.49,-0.06076039,-0.01423909,-0.02345123,-0.02457608,-0.042608,sell
2019-11-30,0.42,1.12,0.83,0.5,0.38,1.37,3.23,0.14,1.26,0.17,1.35,1.46,2.97,0.38,0.4,-0.03560231,-0.04102961,-0.06628717,-0.04102961,-0.039945,sell
2019-12-01,0.79,0.4,2.16,0.45,0.47,0.49,2.23,0,0.4,0,3.26,1.24,1.48,0.47,0.14, 0.02346478, 0.02612702, 0.02489021, 0.02489021, 0.023465,buy
2019-12-02,1.5,0.25,3.01,1.05,0.57,0.2,2.8,0,0.13,0,5.62,2.44,0.56,0.57,0.06, 0.01902699, 0.00003377, 0.00798040, 0.00003377,-0.002290,sell
2019-12-03,2.88,0.4,1.74,3.04,0.7,0,3.15,0,0,0,7.79,2.95,0.2,0.7,0.27, 0.03781241, 0.02779953, 0.03893574, 0.02759190, 0.021888,buy
2019-12-04,3.16,1.37,1.15,2.66,0.87,0.03,1.24,0,0,0.03,7.55,1.24,0.02,0.85,0.79, 0.03332783, 0.02925026, 0.03652295, 0.02925026, 0.007429,buy
2019-12-05,2.18,2.99,1.81,0.99,1.07,0.04,0.39,0,0.02,0.04,5.66,0.39,0.04,1.03,2.29, 0.03045325, 0.01722295, 0.00019445, 0.01727866, 0.005662,buy
2019-12-06,2.8,1.83,3.04,0.61,1.4,0.07,0.12,0,0.08,0.13,3,0.12,0.11,1.26,5.2, 0.01701071, 0.03573367, 0.02578565, 0.02707683, 0.010420,buy
2019-12-07,3.53,0.57,1.9,0.74,1.89,0.1,0,0,0.21,0.27,0.94,0,0.27,1.54,5.59, 0.03198604, 0.00328588, 0.02989040, 0.02648020, 0.019864,buy
2019-12-08,1.98,0.27,0.66,1.54,2.79,0.2,0.02,0,0.61,0.63,0.37,0.03,0.73,1.87,3.47, 0.01031724,-0.00814769, 0.03131135, 0.05678417,-0.008148,buy
2019-12-09,2.2,0.25,0.23,3,4.71,0.4,0.03,0,1.95,1.65,0.13,0.14,1.82,2.28,3.6,-0.02155843,-0.02313614,-0.01943811, 0.01228293,-0.012805,sell
2019-12-10,3.03,0.45,0,2.77,8,0.99,0.05,0,3.37,3.31,0,0.41,4.59,2.79,2.88, 0.05114383,-0.00823800,-0.00823800, 0.01414318,-0.008238,sell
2019-12-11,1.37,0.82,0.02,1.33,8.36,2.75,0.07,0,2.19,2.44,0.02,1.13,8.07,3,1.33,-0.02223995,-0.01231681,-0.01653159,-0.03872298,-0.003386,sell
2019-12-12,0.37,1.48,0.08,0.66,6.27,4.38,0.12,0,1.85,1.34,0.08,3.23,6.67,2.65,0.66, 0.00800090, 0.02344890, 0.02085809, 0.00721344, 0.024217,buy
2019-12-13,0.1,2.7,0.32,0.32,5.78,4.88,0.22,0,2.8,1.24,0.32,8.15,2.87,2.18,0.32, 0.07744320, 0.03730855, 0.02156214, 0.02241029, 0.014432,buy
2019-12-14,0,3,1.31,0.16,5.12,4.82,0.37,0,2.97,1.5,1.27,8,1.29,1.79,0.23, 0.03799653, 0.01792884, 0.01893753, 0.01846192,-0.001185,buy
2019-12-15,0,1.89,3.18,0,3.06,3.19,0.61,0,1.82,2.22,3,3.06,0.81,1.47,0.25, 0.00160885,-0.02191592,-0.01207975,-0.01716058,-0.018857,sell
2019-12-16,0,1.22,2.44,0,1.81,3.2,1.01,0,1,2.97,1.7,1.18,0.89,1.22,0.96,-0.00265229,-0.02482118,-0.03058233,-0.01609642,-0.004848,sell
2019-12-17,0,1.12,3.41,0,1.24,2.7,1.71,0.02,0.63,2.7,0.44,0.45,1.44,1,3.54,-0.04723713, 0.03247888,-0.00684026,-0.03162390,-0.026063,sell
2019-12-18,0,1.82,2.77,0,0.95,1.84,2.95,0.04,0.54,1.87,0.17,0.48,2.38,0.82,4.11,-0.06372220, 0.04661953,-0.01186267,-0.01331513, 0.002857,sell
2019-12-19,0,3.29,0.64,0,0.82,1.24,4.24,0.11,0.86,1.31,0.12,0.66,3.07,0.68,3.64,-0.05599553,-0.03283734,-0.06685691,-0.02101888,-0.032837,sell
2019-12-20,0,2.59,0.15,0,0.99,0.84,5.15,0.27,2.09,1,0.24,1.22,2.47,0.56,2.41,-0.06487848,-0.05413307,-0.07800285,-0.05391434,-0.054133,sell
2019-12-21,0,1.3,0,0,1.84,0.57,6.4,0.66,3.61,1.01,0.45,2.24,2.19,0.47,0.85,-0.06014477,-0.05226405,-0.05752355,-0.04887272,-0.049758,sell
2019-12-22,0,1.19,0.02,0,4.91,0.38,5.48,1.62,3.3,1.43,0.88,3.59,3.78,0.39,0.33, 0.04922481,-0.00134964, 0.00497239, 0.04388610, 0.016622,buy
2019-12-23,0,1.77,0.08,0,7.91,0.26,3.45,2.97,3.54,2.78,1.73,4.76,3.39,0.32,0.12, 0.00115812,-0.03213697, 0.00204350, 0.08004904,-0.001373,sell
2019-12-24,0,3.05,0.24,0,7.02,0.17,1.86,2.18,2.37,3.55,3.19,4.33,1.13,0.26,0.1,-0.01280035,-0.01991166,-0.04066019, 0.01837931,-0.040660,sell
2019-12-25,0,3.21,0.74,0.05,2.92,0.12,0.96,0.91,0.88,2.5,3.58,1.7,0.42,0.22,0.45,-0.02202692, 0.01645908,-0.00115267,-0.02598014,-0.012076,sell
2019-12-26,0,3.18,2.32,0.12,1.05,0,0.54,0.48,0.39,2.33,3.91,0.67,0.11,0.18,1.8,-0.02125063,-0.01786404,-0.01948742,-0.01746459,-0.017864,sell
2019-12-27,0,3.69,2.95,0.31,0.41,0,0.24,0.57,0.29,3.23,4.03,0.24,0,0.15,3.2,-0.04483299,-0.01731400, 0.01106026,-0.02107877,-0.007206,sell
2019-12-28,0.06,1.62,1.18,0.79,0.23,0,0.14,1.39,0.57,2.67,2.37,0.14,0,0.12,2.1, 0.00769058,-0.01101636,-0.01837732,-0.00394890,-0.009966,buy
2019-12-29,0.12,0.51,0.38,2.06,0.1,0.05,0,4.7,2.24,1.29,2.65,0,0,0.1,2.93, 0.03600735, 0.02780375, 0.02134944, 0.02001944, 0.015335,buy
2019-12-30,0.27,0.11,0.12,2.95,0.09,0.14,0,5.95,3.23,0.73,3.18,0,0,0.09,3.13, 0.00224893, 0.00392367, 0.00389157, 0.00634068,-0.029528,sell
2019-12-31,0.62,0,0,1.7,0,0.41,0,2.15,1.58,0.68,1.7,0,0,0,1.6,-0.03452387,-0.05400762,-0.05610783,-0.08391786,-0.056108,sell
2020-01-01,1.39,0,0,1.01,0,1.2,0,0.64,1.75,1.38,1.01,0,0,0.03,1.48, 0.05921331, 0.01599898, 0.00172861,-0.01815918, 0.014605,sell
2020-01-02,3.24,0,0,1.91,0.04,2.95,0,0.13,3.46,2.98,1.91,0,0.04,0.05,2.83, 0.02581580, 0.02581580, 0.06955718, 0.02325307, 0.023884,buy
2020-01-03,4.11,0.03,0,3.01,0.17,2.5,0,0,3.41,2.14,3.04,0.06,0.11,0.09,3.14, 0.04005059, 0.03845248, 0.04351727, 0.03783560, 0.041396,buy
2020-01-04,3.85,0.1,0,1.18,0.46,1,0,0,2.57,0.78,1.28,0.16,0.3,0.15,2.12, 0.04542512, 0.01900009, 0.04542512,-0.00787359, 0.019594,buy
2020-01-05,6.54,0.32,0,0.27,1.26,0.7,0,0,3.29,0.56,0.59,0.47,0.82,0.25,3.54, 0.04205049, 0.02911766, 0.04205049, 0.05078156, 0.046056,buy
2020-01-06,5.92,1.01,0,0,3.49,1.09,0,0,2.94,0.93,1.01,1.4,2.15,0.41,3.08, 0.04696208, 0.04035680, 0.04696208, 0.03828743, 0.066212,buy
2020-01-07,2.43,3,0.04,0,5.98,2.32,0,0,1.61,2.23,3.04,3.05,3.05,0.71,0.82,-0.03411474,-0.01354476,-0.02561143,-0.02566371,-0.026446,sell
2020-01-08,1.07,2.74,0.08,0,3.78,3.16,0,0,0.89,2.99,2.82,2.34,1.73,1.21,0.18,-0.03983434,-0.03711738,-0.03983434,-0.04627267,-0.055141,sell
2020-01-09,0.5,0.88,0.15,0,1.4,2,0,0,0.5,1.7,1.03,1.14,1.05,2.06,0,-0.04551367,-0.04758944,-0.02228973,-0.04054011,-0.040974,sell
2020-01-10,0.28,0.28,0.29,0,0.62,1.3,0,0,0.31,0.78,0.57,1.24,1.32,2.97,0,-0.07605705,-0.10229087,-0.06322700,-0.07164825,-0.084515,sell
2020-01-11,0.16,0.09,0.56,0,0.31,1.33,0,0,0.24,0.42,0.65,2.88,2.94,2.47,0,-0.09045818,-0.01830510, 0.01233474,-0.01084065, 0.002268,buy
2020-01-12,0.09,0,1.07,0,0.45,1.93,0,0,0.33,0.33,1.07,5.66,5.6,1.41,0,-0.01319675, 0.02347303, 0.02347303, 0.02439702, 0.024397,buy
2020-01-13,0,0,2.06,0,1,3.1,0,0,0.68,0.32,2.06,5.91,5.79,0.81,0,-0.03807787, 0.00308650, 0.00960248, 0.01413057, 0.004652,buy
2020-01-14,0,0,3.03,0,2.41,5.29,0,0,1.94,0.47,3,5.21,5,0.46,0.03, 0.06096951, 0.07970665, 0.07059057, 0.06831399, 0.060593,buy
2020-01-15,0.04,0,2.29,0,3.68,6.02,0.16,0,3.13,0.71,2.28,3.84,4.11,0.26,0.05, 0.05548138, 0.04905681, 0.09720640, 0.08739401, 0.010764,buy
2020-01-16,0.13,0,1.25,0,2.61,4.09,0.7,0,2.24,1.07,1.3,2.16,2.73,0.14,0.08,-0.05648086,-0.07612088,-0.00822191,-0.03948845,-0.019224,sell
2020-01-17,0.4,0,0.76,0,2.13,2.68,3.03,0,3.55,1.61,1.03,1.35,1.68,0,0.13, 0.03866801, 0.08550878, 0.04830839, 0.04830839, 0.052042,buy
2020-01-18,1.21,0,0.64,0,2.57,2.4,3,0,3.14,2.43,1.64,1.19,1.3,0,0.21, 0.00397141, 0.08080199,-0.01150742,-0.01150742,-0.000580,sell
2020-01-19,2.95,0,1.1,0,3,3.74,1.03,0,0.9,3.13,3.7,2.16,1.58,0,0.35,-0.01351162,-0.01024379,-0.02317831,-0.02761311,-0.015968,sell
2020-01-20,2.3,0,3.44,0,2.57,6.28,1.11,0,0.77,2.88,5.18,3.14,3.14,0,0.59,-0.03082690,-0.02722962,-0.02192322,-0.01110800,-0.018031,sell
2020-01-21,0.75,0,3.87,0,1.96,4.85,2.33,0.03,1.5,2.71,3.72,1.72,3.13,0,1.01,-0.04711322,-0.02746764, 0.01080842,-0.02282837, 0.001303,sell
2020-01-22,0.24,0,2.11,0,2.2,1.86,5.02,0.13,3,4,0.91,0.58,1.28,0,1.79,-0.05501865,-0.00713430,-0.07070948,-0.07070948,-0.055019,sell
2020-01-23,0,0,2.55,0,3.68,0.64,5.97,0.52,2.42,6.68,0.25,0.2,0.44,0,3.37,-0.06545682,-0.05814968,-0.08545116,-0.06590918,-0.065457,sell
2020-01-24,0,0,3.31,0,2.55,0.35,4.4,2.1,1.16,4.58,0.31,0,0.17,0.02,6.47, 0.00578234,-0.02877043,-0.01459800,-0.02704703,-0.006445,sell
2020-01-25,0,0,3.21,0,0.87,0.75,4.22,2.97,1.15,1.72,0.79,0,0,0.02,8.34, 0.02966938, 0.00186611, 0.01470995, 0.00186611, 0.003829,buy
2020-01-26,0,0.06,3.62,0,0.38,2.94,3.04,1.01,3.1,0.71,2.14,0.02,0,0.02,5.06, 0.01504614, 0.03183741, 0.06670194, 0.03111682,-0.040694,buy
2020-01-27,0,0.28,3.93,0,0.27,2.58,1.16,0.25,2.56,0.32,3.23,0.08,0.02,0.02,2.24,-0.07721303,-0.03235803,-0.00785768,-0.01833357,-0.049918,sell
2020-01-28,0,1.34,2.23,0,0.57,0.6,0.44,0,0.57,0.14,2.95,0.36,0.1,0.03,1.03, 0.01317549, 0.03219639, 0.00539945, 0.03978788, 0.003163,buy
2020-01-29,0,2.95,1.02,0,2.02,0.16,0.27,0,0.13,0.11,3.57,1.61,0.4,0.03,0.57, 0.04448645, 0.01429257, 0.01379260,-0.00383690, 0.017232,buy
2020-01-30,0,1.31,0.5,0,4.84,0.11,0.34,0.04,0,0.29,1.55,3.24,1.72,0.04,0.3, 0.01399930, 0.00391725, 0.03012506, 0.00391725, 0.015369,buy
2020-01-31,0,0.28,0.26,0,4.77,0.31,0.94,0.07,0,0.71,0.37,2.14,3.12,0.05,0.24,-0.01673328,-0.02494290,-0.02222817,-0.00771310,-0.013058,sell
2020-02-01,0,0,0.11,0,2.73,1,2.59,0.16,0.06,1.84,0,2.57,1.8,0.05,0.27, 0.02711407, 0.03520539, 0.04995576, 0.04952879, 0.019787,buy
2020-02-02,0,0,0,0,2.65,3.09,4.17,0.32,0.22,4.82,0,3.23,1.58,0.06,0.32, 0.04016318, 0.06411242, 0.04429002, 0.04148921, 0.062275,buy
2020-02-03,0,0,0,0,4.2,2.93,4.46,0.65,0.74,5.67,0,1.93,3.18,0.07,0.65, 0.03620510, 0.03276784, 0.02541687,-0.02255937, 0.043075,buy
2020-02-04,0.08,0,0,0,5.31,1.39,3.29,1.31,2.5,3.1,0.08,1.35,2.91,0.09,1.35, 0.05447575,-0.01257010,-0.02458905,-0.00455918, 0.010194,sell
2020-02-05,0.29,0.04,0,0,5.85,1.57,1.26,2.65,4.13,1.38,0.33,1.71,1.31,0.1,2.74, 0.09355928, 0.09331425, 0.09355928, 0.06346515, 0.071505,buy
2020-02-06,1.08,0.11,0,0,4.8,3.07,0.41,2.97,3.88,0.55,1.19,2.81,0.81,0.12,3.18, 0.05016607, 0.05192253, 0.05160798,-0.03124166, 0.051541,buy
2020-02-07,3,0.3,0,0,4.31,4.1,0.16,1.64,3.63,0.27,3.3,3.46,0.88,0.13,2.12,-0.00110809,-0.01590984,-0.01734549,-0.05837071,-0.015134,buy
2020-02-08,2.34,0.76,0,0,3.29,4.11,0,0.82,2.28,0.13,3.1,3.18,1.28,0.16,1.94,-0.01868501,-0.03749661,-0.01871501,-0.06156202,-0.021943,sell
2020-02-09,0.74,1.97,0,0,3.1,6.72,0,0.53,2.64,0,2.83,4.2,2.28,0.18,2.97,-0.01026583, 0.02785264, 0.03377485, 0.01860931, 0.042807,buy
2020-02-10,0.26,2.95,0,0,4.08,6.92,0,0.55,3.25,0,3.56,3.66,3.94,0.2,3.15, 0.02047539, 0.03017739, 0.03017739, 0.03017739, 0.027811,buy
2020-02-11,0.1,1.7,0,0,4.43,4.77,0.03,1.14,1.66,0.03,2.84,2.55,4.8,0.24,1.6, 0.05327201, 0.04887238, 0.04762913, 0.05043003, 0.056722,buy
2020-02-12,0,0.68,0,0,4.9,4.39,0.04,2.94,0.59,0.04,3.58,3.42,4.95,0.27,0.67, 0.05240442, 0.02303632, 0.06312484, 0.03298006, 0.037988,buy
2020-02-13,0,0.27,0,0,4.67,3.61,0.06,2.83,0.25,0.06,3.04,3.32,4.36,0.31,0.31, 0.04779056,-0.00329169, 0.05796279, 0.01532067, 0.042424,buy
2020-02-14,0,0.14,0,0,3.27,2.42,0.08,1.02,0.07,0.08,1.05,1.48,3.72,0.36,0.17,-0.00839722,-0.07314657,-0.00679257,-0.01659111,-0.004703,buy
2020-02-15,0,0.05,0,0,3.91,1.86,0.08,0.44,0.12,0.11,0.32,0.66,4.68,0.4,0.05,-0.03821591,-0.05986246,-0.01650409,-0.05751942,-0.042095,sell
2020-02-16,0,0.08,0,0.02,3.34,1.79,0.08,0.33,0.22,0.15,0.13,0.32,4.28,0.46,0.08,-0.03120043,-0.05554030,-0.00248316,-0.05106527,-0.042081,sell
2020-02-17,0,0.11,0,0.05,1.58,2.1,0,0.39,0.44,0.13,0.05,0.19,2.79,0.52,0.11, 0.09056015,-0.01475582, 0.01228000, 0.00403231, 0.019200,buy
2020-02-18,0,0.16,0,0.09,0.7,2.86,0,0.73,0.8,0.33,0.09,0.12,2.45,0.59,0.16,-0.01793852,-0.02487378,-0.01825859,-0.01825859,-0.018259,sell
2020-02-19,0.04,0.23,0,0.17,0.54,4.39,0,1.34,1.49,0.7,0.21,0.18,3.23,0.67,0.23,-0.03968088,-0.03501700,-0.03296867,-0.03296867,-0.025965,sell
2020-02-20,0.1,0.33,0,0.33,0.81,5.2,0,2.44,2.8,1.48,0.43,0.3,3.09,0.75,0.36,-0.02026008,-0.02392378,-0.02055174,-0.02854787,-0.029906,sell
2020-02-21,0.29,0.47,0,0.65,1.62,5.47,0,3.66,4.53,3.11,0.94,0.59,1.61,0.85,0.53, 0.03654311, 0.04121008, 0.04911690, 0.05066353, 0.048736,buy
2020-02-22,0.73,0.68,0,1.25,3.07,6.03,0,3.93,5.27,4.61,1.98,1.28,0.78,0.97,0.8, 0.05819669, 0.05562872, 0.06204137, 0.06433698, 0.059693,buy
2020-02-23,1.88,0.97,0,2.44,2.65,6.19,0,4.34,3.72,4.74,4.32,3.05,0.34,1.14,1.22, 0.04147812, 0.04707288, 0.02763674, 0.02763674, 0.017190,buy
2020-02-24,3.22,1.38,0,2.95,1.61,5.3,0,3.15,1.83,3.24,6.17,3.13,0.13,1.59,1.91, 0.04233740, 0.03610687,-0.00889480,-0.00988380,-0.031030,sell
2020-02-25,2.52,1.96,0,1.85,1.71,3.45,0,1.61,1.01,1.6,4.37,1.7,0,3.76,3.08,-0.08451704,-0.06129926,-0.08619447,-0.07437555,-0.060118,sell
2020-02-26,2.28,2.77,0,0.95,2.96,3.56,0,1.12,0.86,1.15,3.23,1.76,0.03,4.45,5.11,-0.07711915,-0.07494632,-0.08120619,-0.08930166,-0.087197,sell
2020-02-27,3.29,2.97,0,0.49,4.15,5.69,0,1.54,1.32,1.88,3.78,3.43,0.11,2.2,5.94,-0.03907049,-0.00882929,-0.03980932,-0.04504546,-0.025539,sell
2020-02-28,2.35,2.26,0,0.25,4.76,7.98,0,3.07,2.97,3,2.6,5.94,0.27,1.84,4.05,-0.04131775,-0.01212965,-0.04067522,-0.04040723, 0.004545,sell
2020-02-29,0.92,1.61,0,0.13,3.66,5.92,0,3.02,2.74,1.8,1.05,4.48,0.67,2.04,2.48,-0.03666919,-0.03666919,-0.03358919,-0.02962518,-0.013574,sell
2020-03-01,0.4,1.15,0,0,1.64,4.42,0,1.68,1.09,0.63,0.4,1.77,1.58,2.24,1.58,-0.02273705,-0.00350956, 0.00209625, 0.00265572, 0.004397,sell
2020-03-02,0.18,0.82,0,0,0.92,4.9,0,1.95,0.45,0.24,0.18,0.7,3.7,2.47,1.03, 0.02089370, 0.01258981, 0.03035945, 0.00860649,-0.011956,buy
2020-03-03,0.09,0.58,0,0,0.88,5.9,0,3.1,0.22,0.1,0.09,0.28,6.48,2.7,0.68, 0.03666380,-0.00205203,-0.00121324,-0.00685223,-0.018333,sell
2020-03-04,0,0.42,0,0,1.26,4.99,0.02,2.31,0.16,0.02,0,0.03,5.39,2.95,0.45, 0.03062547, 0.00791883, 0.01250355, 0.00808898,-0.005733,buy
2020-03-05,0,0.3,0,0,2.05,3.92,0.14,0.99,0.16,0.05,0.09,0.04,3.7,3,0.36, 0.03007143, 0.03448421, 0.03349089, 0.02616410, 0.003784,buy
2020-03-06,0,0.22,0,0,3.34,3.23,0.36,0.5,0.39,0.1,0.26,0.06,3.68,2.82,0.34, 0.00368188, 0.00413450,-0.00544455,-0.00164236,-0.016728,buy
2020-03-07,0,0.16,0,0,4.06,2.78,0.94,0.36,0.98,0.22,0.72,0.08,3.34,2.6,0.36,-0.03082767,-0.01856421,-0.03603919,-0.03082767,-0.051775,sell
2020-03-08,0,0.11,0,0,4.75,2.4,2.42,0.32,2.47,0.45,1.97,0.1,2.18,2.4,0.43,-0.08519137,-0.08671132,-0.06421569,-0.06009198,-0.082863,sell
2020-03-09,0,0,0,0,4.79,2.24,4,0.47,2.97,0.97,3,0.16,1.71,2.24,0.47,-0.05621892,-0.06884542,-0.04842989,-0.04292640,-0.067087,sell
2020-03-10,0,0,0,0,3.01,2.08,3.71,0.61,1.42,2,1.61,0.22,1.48,2.08,0.63,-0.02315282,-0.08212753,-0.01705986,-0.01463791,-0.015386,sell
2020-03-11,0,0,0,0,2.16,1.96,3.88,0.73,0.58,3.02,0.59,0.38,1.48,1.96,0.77,-0.02058039,-0.07524058,-0.05187523,-0.05855840,-0.036515,sell
2020-03-12,0.02,0,0,0,2.02,1.82,3.04,0.81,0.23,2.18,0.24,0.76,1.67,1.84,0.87,-0.00961034,-0.02634149, 0.00857542,-0.01246895, 0.065844,sell
2020-03-13,0.02,0,0,0,2.19,1.73,2.72,0.82,0.12,1.13,0.02,1.58,2.06,1.76,0.94, 0.07649990, 0.06075088, 0.08550989, 0.05652612, 0.100089,buy
2020-03-14,0.03,0,0,0,2.79,1.64,3.73,0.82,0.02,0.68,0.03,3.02,2.77,1.69,1.03, 0.09401136, 0.08626381, 0.09838821, 0.06215502, 0.092468,buy
2020-03-15,0.06,0,0,0,3.1,1.56,3.01,0.77,0.04,0.56,0.06,2.34,3.08,1.65,1.15, 0.09308915, 0.07568601, 0.09573462, 0.07758201, 0.097776,buy
2020-03-16,0.1,0,0,0,2.46,1.48,2,0.68,0.05,0.66,0.1,1.04,2.53,1.61,1.35, 0.07729237, 0.07011121, 0.09439884, 0.07453262, 0.089608,buy
2020-03-17,0.18,0,0,0,1.75,1.45,2.16,0.57,0.09,0.88,0.2,0.52,2.05,1.61,1.76, 0.04572089, 0.03645809, 0.07834361, 0.06704040, 0.073891,buy
2020-03-18,0.35,0,0,0,1.3,1.44,3.59,0.47,0.16,1.44,0.44,0.4,2.21,1.61,2.56, 0.06428387, 0.05661219, 0.06601096, 0.05773012, 0.074037,buy
2020-03-19,0.71,0,0,0,1.11,1.59,5.89,0.39,0.4,2.35,0.94,0.42,3.44,1.62,3.29, 0.09679776, 0.11832406, 0.11210681, 0.09852837, 0.112107,buy
2020-03-20,1.54,0,0,0,1.2,1.9,5.33,0.39,0.8,3.02,2.11,0.77,3.25,1.63,2.58, 0.11096245, 0.12477162, 0.11261339, 0.10868632, 0.126349,buy
2020-03-21,2.95,0,0,0,1.73,2.77,2.63,0.59,1.72,2.43,4.44,1.39,1.46,1.64,1.47, 0.03932001, 0.05311774, 0.03932001, 0.02051557, 0.035252,buy
2020-03-22,2.55,0,0,0,3,4.98,1.33,1.2,3.77,1.67,6.27,2.63,0.6,1.65,0.84, 0.08760437, 0.00724254, 0.08666313,-0.01097954, 0.017421,sell
2020-03-23,1.21,0,0,0,3.38,6.63,0.69,2.79,5.68,1.4,6.8,3.12,0.3,1.65,0.43, 0.06256119, 0.01743366, 0.06256119, 0.00099719, 0.054476,buy
2020-03-24,0.79,0,0,0,1.89,6.58,0.35,2.97,6.27,1.65,4.64,2.23,0.18,1.65,0.26, 0.06426821, 0.02666060, 0.07346061, 0.01960683, 0.065369,buy
2020-03-25,0.97,0,0,0,1.04,6.29,0.14,1.22,5.56,2.81,1.88,1.91,0.12,1.64,0.17, 0.02817074,-0.00385744, 0.02996873,-0.01964043, 0.030456,buy
2020-03-26,1.73,0,0,0,0.64,7.08,0,0.48,3.2,4.41,0.68,2.81,0.2,1.63,0.04, 0.03742851, 0.02622966, 0.01954828,-0.00652692, 0.016526,buy
2020-03-27,3.72,0,0,0,0.44,6.59,0,0.19,1.38,4.61,0.19,4.39,0.38,1.61,0.06,-0.02806027,-0.02958261,-0.00549331,-0.04843556,-0.029626,sell
2020-03-28,5.67,0,0.04,0,0.3,4.15,0,0,0.56,3.76,0.04,4.58,0.7,1.61,0.08,-0.05663153,-0.06171462,-0.04699333,-0.05663153,-0.054608,sell
2020-03-29,4.78,0,0.08,0,0.25,2.54,0,0,0.17,1.95,0.08,3.72,1.37,1.61,0.1,-0.01372308,-0.00611137, 0.01444274,-0.01049133, 0.017415,buy
2020-03-30,2.45,0,0.15,0,0.2,2.44,0.02,0,0.02,0.91,0.15,1.66,2.65,1.62,0.14, 0.07255138, 0.07348398, 0.07089505, 0.07124605, 0.065261,buy
2020-03-31,1.36,0,0.29,0,0.16,3.51,0.04,0,0.04,0.38,0.29,0.63,5.17,1.64,0.18, 0.03096663, 0.04390540, 0.01857083, 0.02775430, 0.018093,buy
2020-04-01,1.09,0,0.56,0,0.17,4.51,0.06,0,0.06,0.19,0.6,0.28,5.95,1.69,0.24, 0.01800276, 0.04143200, 0.00679158, 0.02544656, 0.009256,buy
2020-04-02,1.33,0,1.09,0,0.18,3.09,0.11,0,0.11,0.09,1.17,0.12,3.72,1.78,0.34, 0.06592706, 0.07062690, 0.06612804, 0.06812473, 0.066128,buy
2020-04-03,2.14,0,2.14,0,0.2,2.27,0.2,0,0.2,0,2.34,0,3.01,1.8,0.49, 0.03896365, 0.03408021, 0.04062068, 0.03896365, 0.052678,buy
2020-04-04,3.54,0,2.95,0,0.46,2.14,0.53,0,0.39,0.07,3.41,0.07,3.59,1.96,0.67,-0.00370509,-0.00358100, 0.02241952,-0.00370509, 0.026075,buy
2020-04-05,3.17,0,2.12,0,1.07,2.19,1.16,0,0.7,0.22,3.19,0.24,2.69,2.12,0.92, 0.00100494, 0.00336603, 0.01464755, 0.00100494, 0.031095,buy
2020-04-06,2.15,0,1.1,0,2.44,2.48,2.9,0,1.27,0.75,3.54,0.88,1.33,2.36,1.25, 0.01597024, 0.02422260, 0.03303378, 0.02580970, 0.015223,buy
2020-04-07,1.87,0,0.56,0,2.97,2.82,7.79,0,2.31,2.53,3.53,2.95,0.65,2.62,1.74, 0.01205409,-0.03621290,-0.03417837,-0.03815028,-0.036982,sell
2020-04-08,1.98,0,0.29,0,1.59,3.32,9.27,0.03,3.67,2.95,1.88,2.63,0.32,2.97,2.41, 0.02298342, 0.00544965, 0.00439410,-0.01495216, 0.005450,buy
2020-04-09,2.39,0.08,0.15,0,0.71,3.59,5.81,0.14,3.97,1.04,0.9,0.79,0.32,3,3.37,-0.01851190,-0.02015686,-0.01851190,-0.03565740,-0.020157,sell
2020-04-10,2.97,0.18,0,0,0.32,3.63,5.39,0.39,4.23,0.43,0.48,0.42,0.72,2.62,4.75,-0.01648413,-0.02038270,-0.01887129,-0.01609783,-0.018762,sell
2020-04-11,3,0.34,0,0,0.15,4.01,6.63,1.23,3.82,0.31,0.85,0.56,2.84,2.3,5.84, 0.00925921, 0.00925921, 0.00923729,-0.00718136, 0.016801,sell
2020-04-12,2.3,0.69,0,0,0,4.86,5.08,4.15,2.2,0.64,2.92,1.28,3,1.97,6.81,-0.00402777, 0.00295190,-0.02374679,-0.02087412,-0.026501,sell
2020-04-13,1.74,1.34,0,0,0,4.67,1.89,5.58,1.59,1.35,2.72,2.85,0.74,1.67,7.08,-0.00190916,-0.01511772,-0.03214544,-0.00774671,-0.023231,sell
2020-04-14,1.33,2.57,0,0,0,3.19,0.94,5.63,2.67,2.81,0.6,4.79,0.18,1.39,6.27, 0.03319742, 0.00199807, 0.00991757, 0.02042912, 0.022758,buy
2020-04-15,1.01,4.39,0,0,0,2.23,0.87,5,3.31,4.39,0.13,4.84,0.03,1.16,5.41, 0.03626016, 0.02456308, 0.02690613, 0.02851561, 0.023410,buy
2020-04-16,0.78,5.06,0,0,0,1.58,1.97,2.81,1.06,4.47,0.05,3.3,0.08,0.94,5.27, 0.04840876, 0.05220240, 0.04871925, 0.05608492, 0.047569,buy
2020-04-17,0.59,4.36,0,0,0,1.14,3.04,1.39,0.21,3.85,0.11,1.64,0.22,0.76,5.44, 0.01697777, 0.01697777,-0.01118641,-0.00791289, 0.021376,buy
2020-04-18,0.46,2.81,0,0,0,0.83,1.6,0.96,0,2.37,0.26,0.84,0.49,0.6,3.23,-0.01259549,-0.00132427,-0.01209803,-0.03922937,-0.002759,sell
2020-04-19,0.35,1.77,0,0,0,0.6,0.88,1.16,0,1.32,0.61,0.37,1.1,0.47,1.75,-0.03458580,-0.03618364,-0.03940413,-0.01935749,-0.036184,sell
2020-04-20,0.27,1.35,0,0,0.02,0.36,1.3,2.26,0.02,0.66,1.46,0.2,2.47,0.36,1.06, 0.00619413,-0.01351755, 0.02790928,-0.00244166,-0.005893,buy
2020-04-21,0.21,1.4,0,0,0.05,0.28,2.95,3,0.05,0.39,3.49,0.11,3.36,0.28,0.74, 0.01635987, 0.00244865, 0.02971114, 0.02880251, 0.002043,buy
2020-04-22,0.16,1.88,0,0,0.11,0.2,2.95,1.7,0.11,0.23,3.99,0.05,2.26,0.2,0.59, 0.03561389, 0.03229044, 0.04511677, 0.04507757, 0.033581,buy
2020-04-23,0.12,3.21,0,0,0.25,0.18,1.18,1.07,0.28,0.21,3.22,0.29,1.74,0.15,0.47, 0.04546782, 0.04238817, 0.02834017, 0.04238817, 0.033025,buy
2020-04-24,0.1,4.79,0,0,0.56,0.24,0.47,2.29,0.61,0.46,3.47,1.61,2.01,0.11,0.47, 0.03712468, 0.04684340, 0.03076605, 0.04343975, 0.045992,buy
2020-04-25,0,4.94,0,0,1.27,0.42,0.19,5.05,1.35,2.03,2.41,2.89,2.85,0,0.59, 0.01257025, 0.03760326, 0.03760326, 0.02733472, 0.009637,buy
2020-04-26,0,4.12,0,0,2.89,1.53,0.1,3.92,3.04,2.89,1.25,0.9,3.1,0,1.59, 0.00705705, 0.01250377, 0.01250377, 0.01327566,-0.020137,buy
2020-04-27,0,2.63,0,0,3.02,3.27,0.64,1.64,3.27,0.74,1.23,0.17,2.79,0,3.19, 0.02608027, 0.02028265, 0.02253158, 0.02291624, 0.017094,buy
2020-04-28,0,1.62,0,0,1.39,1.93,2.97,3.02,1.82,0.13,3.27,0.04,4.21,0,1.63, 0.03119279, 0.00373793, 0.03143630, 0.02816247, 0.019821,buy
2020-04-29,0,1.04,0,0,0.91,1.17,2.01,1.84,1.63,0,2.17,0.08,2.72,0,0.53, 0.02809169,-0.00721330, 0.04994555, 0.04664308, 0.014762,buy
2020-04-30,0,0.59,0.02,0,1.78,1.46,0.3,0.3,3.01,0.03,0.3,0.17,0.89,0.05,0.21,-0.06671640,-0.09679627,-0.07010478,-0.05244402,-0.082636,sell
2020-05-01,0,0.4,0.02,0,3.47,2.62,0,0,5.66,0.05,0.04,0.29,0.4,0.14,0.22,-0.01568579,-0.01617723,-0.01110682,-0.00555890,-0.015878,sell
2020-05-02,0,0.29,0.03,0,1.74,3.11,0,0,4.04,0.08,0.11,0.53,0.29,0.39,0.28, 0.00774203,-0.02001030,-0.01585016, 0.02873472,-0.014966,buy
2020-05-03,0,0.21,0.04,0,1.51,2.29,0,0,2.08,0.15,0.37,0.97,0.21,1.11,0.44,-0.00872353,-0.02747867,-0.02576963,-0.00733021, 0.004067,sell
2020-05-04,0,0.15,0.06,0,2.7,2.45,0,0,1.09,0.26,1.36,1.8,0.15,2.97,0.86,-0.03533236, 0.00213590,-0.00362512, 0.02825524,-0.054314,sell
2020-05-05,0,0.12,0.07,0,5.69,5.17,0,0,0.61,0.47,4.56,3.04,0.12,2.76,2.41,-0.02475440,-0.01034290, 0.00353547,-0.02941588,-0.026039,sell
2020-05-06,0,0.09,0.09,0,7.52,5.12,0,0,0.5,0.85,4.62,2.81,0.09,1,4.12, 0.07250676, 0.05344385, 0.05431251, 0.02662922, 0.059147,buy
2020-05-07,0.17,0,0.11,0,5.69,3.57,0,0,1.22,1.54,2.38,1.72,0.02,0.46,2.8, 0.08463491, 0.08582402, 0.08463491, 0.07253667, 0.080906,buy
2020-05-08,1.14,0,0.16,0,6.5,3.99,0,0,3.14,2.94,0.91,1.88,0.04,0.39,2.95, 0.05600713, 0.04763040, 0.04830751, 0.02146516, 0.045758,buy
2020-05-09,3.92,0,0.18,0,7.01,1.82,0,0,1.48,3.86,0.47,3.51,0.07,0.57,3.41, 0.02651989,-0.00081314,-0.01359737, 0.01218105,-0.051912,buy
2020-05-10,4.57,0,0.19,0,5.75,0.78,0,0,0.64,4.68,0.53,1.73,0.21,1.22,2.86, 0.03141871,-0.02570422,-0.03127618, 0.03141871,-0.036799,buy
2020-05-11,2.83,0,0.21,0,6.48,0.98,0,0,0.98,2.4,1.54,0.67,0.82,2.7,2.18, 0.08273185, 0.05489152, 0.05171067, 0.08273185, 0.027766,buy
2020-05-12,4.52,0,0.21,0,7.8,2.26,0,0,2.26,0.81,3.87,0.59,3.41,3,1.96, 0.03349944, 0.04483030, 0.04353510, 0.05013245, 0.050310,buy
2020-05-13,5.04,0,0.21,0,4.2,2.95,0.1,0,3.05,0.43,2.88,1.14,3.09,1.39,2.14, 0.01093294, 0.00864520, 0.01441667, 0.02214409, 0.036612,buy
2020-05-14,5.89,0.18,0.19,0,2.8,1.71,0.63,0,2.34,0.46,3.17,2.57,1.95,0.59,2.79,-0.00355765,-0.02039788,-0.00287456,-0.00048849, 0.030865,sell
2020-05-15,6.25,0.87,0.19,0,3.41,0.75,2.92,0,3.67,0.83,2.62,3.9,2.93,0.24,3.17,-0.00371677,-0.00802597,-0.01260520,-0.00552415, 0.030266,sell
2020-05-16,4.59,3.56,0.17,0,3.24,0.33,2.32,0,2.65,2.13,1.42,4.76,3.04,0.09,2.4, 0.00117842, 0.00279769, 0.00837258, 0.00279769, 0.002471,buy
2020-05-17,4.41,4.93,0.16,0,1.82,0.14,0.41,0,0.59,5.92,0.84,2.76,1.76,0,1.41, 0.02034955, 0.02026585,-0.04910660, 0.01608145,-0.015638,buy
2020-05-18,3.1,3.4,0.13,0,1.28,0,0,0,0.06,5.04,0.71,0.76,1.34,0,0.83,-0.00534529,-0.01000745,-0.03904734,-0.00534529,-0.006035,buy
2020-05-19,1.61,1.91,0.11,0,1.44,0.03,0,0,0.11,1.48,1.04,0.26,2.21,0,0.47,-0.03206984,-0.01958352,-0.02104981,-0.05144299,-0.018121,sell
2020-05-20,1.28,3.15,0.09,0,2.56,0.05,0,0,0.2,0.5,2.2,0.14,4.09,0,0.26,-0.03931211,-0.02853601,-0.03781740,-0.02903624,-0.036634,sell
2020-05-21,2.04,1.42,0,0,3.44,0.1,0,0,0.35,0.17,2.95,0.1,3.43,0,0.17,-0.00496052,-0.01742457,-0.02573536, 0.00985456, 0.002893,buy
2020-05-22,3,0.45,0.12,0,2.3,0.2,0,0,0.62,0.02,1.68,0.3,3.45,0,0.11, 0.01653484, 0.01159284, 0.01241376, 0.02411277, 0.027937,buy
2020-05-23,1.94,0.26,0.59,0,1.78,0.37,0,0,1.1,0.11,0.68,0.85,2.2,0,0.32, 0.02652147, 0.02337587, 0.02164063, 0.04864347, 0.032265,buy
2020-05-24,0.81,0.37,2.49,0,2.22,0.68,0.07,0,2.01,0.37,0.28,2.8,1.18,0,0.9, 0.01236275, 0.05744145, 0.01593148, 0.01234959, 0.022993,buy
2020-05-25,0.34,0.6,4.09,0,3.08,1.27,0.15,0,3.12,1.32,0.16,4.09,0.89,0,2.42, 0.02331256, 0.02415224,-0.00211758, 0.00716084, 0.012011,buy
2020-05-26,0.14,0.97,3.96,0,2.58,2.32,0.35,0,2.93,3.2,0.21,3.14,1.05,0,2.95, 0.01639595, 0.01453883, 0.00738802, 0.01594877, 0.018090,buy
2020-05-27,0,1.66,2.39,0,1.47,3.5,0.79,0,2.26,2.48,0.79,3.51,1.56,0,1.39, 0.01197066, 0.01292744, 0.01168807, 0.01955527, 0.025148,buy
2020-05-28,0,2.9,1.35,0,0.84,3.32,1.8,0,2.64,1.62,2.79,3.01,2.94,0,0.57, 0.03157880, 0.02702860, 0.03562591, 0.02702860, 0.027029,buy
2020-05-29,0,4.84,2.96,0,0.47,3.17,3,0,3.47,2.29,2.95,2.86,5.82,0,0.24, 0.02103218, 0.00877158, 0.00179334, 0.00251959, 0.006008,sell
2020-05-30,0,6.19,2.95,0,0.27,3.71,2.14,0.02,2.43,3.63,0.9,3.64,5.58,0,0.11,-0.01086168,-0.00927049,-0.00708210,-0.00345670,-0.003521,buy
2020-05-31,0,5.41,0.97,0,0.15,2.96,0.93,0.05,1.13,4.04,0.28,2.68,2.62,0.06,0,-0.02677710,-0.00917761,-0.02234246,-0.01860189,-0.023179,sell
2020-06-01,0,5.15,0.32,0,0.09,1.67,0.41,0.13,0.63,4.48,0.09,1.19,1.47,0.24,0, 0.01217674, 0.00983654, 0.01428629,-0.01412625,-0.018331,buy
2020-06-02,0,3.94,0.11,0,0,1.11,0.21,0.33,0.54,3.5,0,0.57,1.09,0.99,0,-0.02701729,-0.02093569,-0.02548278,-0.02411838,-0.025999,sell
2020-06-03,0,2.43,0,0,0,0.94,0.05,0.8,0.85,1.92,0,0.27,1.18,2.95,0, 0.00590091,-0.02228355,-0.01662002, 0.01067496, 0.004086,buy
2020-06-04,0,2.35,0,0,0,1.26,0.09,1.85,1.94,1.53,0,0.17,1.91,2.08,0,-0.00993224,-0.00534409,-0.01362871,-0.00519919,-0.009932,sell
2020-06-05,0,3.71,0,0,0,2.09,0.16,2.97,3.13,1.81,0,0.3,3.69,0.5,0, 0.00400313,-0.00780589,-0.02957717, 0.01338967,-0.021214,sell
2020-06-06,0,6.01,0,0,0,2.97,0.28,2.16,2.44,2.51,0,0.5,5.97,0.12,0,-0.02917895,-0.01238150,-0.04333025, 0.00093637,-0.033864,sell
2020-06-07,0,6.06,0,0,0,2.38,0.49,1.05,1.54,2.97,0,0.85,4.62,0,0,-0.04772549,-0.01591432,-0.03918277, 0.01166777,-0.047725,sell
2020-06-08,0,4.52,0,0,0,1.27,0.85,0.54,1.39,2.18,0,1.42,2.19,0,0,-0.02404722,-0.01085859,-0.05260507,-0.01259566,-0.036748,sell
2020-06-09,0,4.07,0.03,0,0,0.68,1.43,0.29,1.71,1.39,0,2.34,1.06,0,0, 0.01418242, 0.00049600, 0.00489211, 0.00785334, 0.012186,buy
2020-06-10,0,4.03,0.08,0,0,0.37,2.39,0.17,2.53,0.9,0,3.08,0.53,0,0,-0.00553737,-0.01223129,-0.03380885,-0.03380885,-0.006313,sell
2020-06-11,0,3.02,0.25,0,0.03,0.2,3.05,0.1,3.1,0.65,0,2.67,0.2,0,0.03,-0.02875021,-0.02862889,-0.03422520,-0.03422520,-0.028750,sell
2020-06-12,0,1.96,0.6,0,0.06,0.11,2.41,0,2.3,0.56,0,2.11,0.11,0,0.06, 0.00904998, 0.01697353, 0.00781525, 0.01711137, 0.007824,buy
2020-06-13,0,1.32,1.47,0,0.14,0,1.68,0,1.47,0.67,0,2.33,0,0,0.14, 0.00547902, 0.00536858,-0.00258082, 0.00833406, 0.007578,buy
2020-06-14,0,0.91,3.55,0,0.3,0,1.35,0,0.97,1.15,0,3.69,0,0,0.3, 0.00747717,-0.01019307, 0.03023124,-0.01469867, 0.006752,buy
2020-06-15,0,0.64,5.16,0,0.61,0,1.34,0,0.65,2.48,0.08,4.01,0,0,0.61, 0.00195424,-0.02411405, 0.00498155,-0.00936749,-0.000738,sell
2020-06-16,0.02,0.48,4.34,0,1.23,0,1.71,0,0.45,3.4,0.19,2.63,0.07,0,1.23, 0.01013106, 0.00257461, 0.01015023,-0.00546131, 0.013062,buy
2020-06-17,0.02,0.37,2.26,0,2.38,0,2.64,0.02,0.33,2.32,0.48,2.51,0.13,0,2.38,-0.01630144,-0.01324470,-0.01979372,-0.02780749,-0.001909,sell
2020-06-18,0.03,0.21,1.13,0,3,0,4.47,0.06,0.26,1.84,1.17,3.45,0.31,0,3,-0.00305966,-0.00537468,-0.01131684,-0.01097490,-0.010118,sell
2020-06-19,0.03,0.17,1.03,0,1.97,0,5.52,0.09,0.21,2.6,2.84,3.22,0.74,0,1.97,-0.01756033,-0.02729011,-0.00880709,-0.01264570,-0.008807,sell
2020-06-20,0.03,0.14,1.79,0,1.09,0,4.83,0.16,0.18,3.09,3.13,1.79,1.76,0,1.09,-0.00751456, 0.00160597,-0.00098844,-0.00411449, 0.009412,buy
2020-06-21,0.04,0.12,2.97,0,0.67,0,3.05,0.28,0.17,1.94,1.51,1.04,3.07,0.05,0.62, 0.06280020, 0.05670846, 0.05670846, 0.07905638, 0.056708,buy
2020-06-22,0.04,0.11,2.08,0,0.5,0,1.75,0.48,0.16,1.01,0.95,0.63,2.23,0.13,0.37, 0.03817700, 0.03817700, 0.03291840, 0.04231781, 0.036940,buy
2020-06-23,0.04,0.16,0.84,0,0.56,0,1.12,0.86,0.17,0.59,1,0.39,1.08,0.33,0.27, 0.01765232, 0.01436412,-0.02441456, 0.04734597, 0.004728,sell
2020-06-24,0.04,0.15,0.34,0,0.96,0,0.9,1.54,0.19,0.34,1.53,0.25,0.75,0.81,0.27, 0.00729133, 0.00729133, 0.01683974, 0.00841926, 0.007291,buy
2020-06-25,0,0.17,0.14,0,1.97,0,0.99,2.8,0.29,0.21,2.6,0.19,0.81,1.87,0.33,-0.02215036,-0.01423290,-0.02264381,-0.02506685,-0.031739,sell
2020-06-26,0,0.18,0,0,2.97,0,1.31,3.37,0.46,0.08,3,0.1,1.22,2.97,0.53,-0.02679904,-0.02224895,-0.02839562,-0.02243936,-0.028639,sell
2020-06-27,0,0.2,0,0,2.04,0,2.31,2.54,0.78,0.09,1.85,0.11,2.22,2.08,1.2,-0.01633996,-0.02432968,-0.01989857,-0.01345284,-0.010611,sell
2020-06-28,0,0.24,0,0,0.95,0,3.1,2.37,1.44,0.11,1.03,0.13,3,1.1,2.89, 0.01724117, 0.02634356, 0.01992404, 0.01919215, 0.024940,buy
2020-06-29,0,0.29,0,0,0.45,0,2.3,3.3,2.84,0.14,0.58,0.15,2.18,1.05,3.23, 0.02938505, 0.02881997, 0.02881997, 0.02881997, 0.015125,buy
2020-06-30,0,0.37,0,0,0.22,0,1.34,5.3,5.12,0.19,0.32,0.18,1.2,2.62,1.69, 0.04210894, 0.00279654, 0.01112206, 0.00259037, 0.004889,buy
2020-07-01,0,0.48,0,0,0.11,0,0.83,5.6,5.59,0.26,0.18,0.22,0.66,3.08,1.16, 0.04007806, 0.00621547, 0.00969158,-0.00732868,-0.001840,buy
2020-07-02,0,0.65,0,0,0,0,0.58,3.72,3.83,0.36,0.1,0.29,0.37,0.89,1.25, 0.03411473, 0.02089213, 0.01380244,-0.01405062, 0.013802,buy
2020-07-03,0,0.9,0,0,0,0,0.47,1.96,2.23,0.52,0,0.38,0.2,0.22,1.65, 0.00187067,-0.02036844,-0.02836702,-0.02128873,-0.015320,sell
2020-07-04,0,1.29,0,0,0,0,0.46,1.1,1.48,0.78,0,0.51,0.11,0,2.6, 0.00859860,-0.00065970,-0.02136872, 0.01528178,-0.001998,buy
2020-07-05,0,1.9,0,0,0,0,0.48,0.57,1.09,1.19,0,0.71,0,0,3,-0.01381093,-0.01460855,-0.01441069, 0.01631651,-0.008271,sell
2020-07-06,0,2.87,0,0,0,0,0.66,0.37,1.1,1.85,0,1.02,0,0,2.14,-0.00087773,-0.02649717,-0.01353446, 0.00419276,-0.000878,buy
2020-07-07,0,4.47,0,0,0,0,0.96,0.25,1.33,2.97,0,1.5,0,0,1.34, 0.00881393, 0.00530435, 0.01378195, 0.01378195, 0.013782,buy
2020-07-08,0,5.21,0,0,0,0,1.41,0.18,1.79,2.95,0,2.26,0,0,0.85, 0.02108906, 0.01295112, 0.01829625, 0.01912984, 0.021089,buy
2020-07-09,0,4.81,0,0.04,0,0.02,2.1,0.14,2.57,1.83,0,3,0.02,0.02,0.54, 0.02625452, 0.01101178, 0.01726961, 0.01726961, 0.028177,buy
2020-07-10,0,3.67,0,0.16,0,0.02,3,0.11,3.66,1.19,0,2.6,0.04,0.02,0.34,-0.02469533,-0.02645562,-0.02438429,-0.02438429,-0.024695,sell
2020-07-11,0,2.29,0,0.4,0,0.04,2.72,0.1,3.73,0.91,0,1.71,0.07,0.04,0.21,-0.00407199,-0.00407199,-0.00407199,-0.00059802, 0.006647,buy
2020-07-12,0,1.46,0,1.04,0,0.05,1.73,0.09,3.3,1.14,0,1.25,0.11,0.05,0.14,-0.00489353,-0.00309104,-0.00458567, 0.00534134, 0.029178,buy
2020-07-13,0,1,0,2.68,0,0.07,1.08,0.1,3.6,2.27,0,1.21,0.2,0.07,0.09, 0.02050902, 0.02050902, 0.03710680, 0.01235434, 0.017335,buy
2020-07-14,0,0.82,0,4.44,0.04,0.1,0.65,0.12,3.77,3.1,0.04,1.8,0.36,0.1,0,-0.00190330,-0.00190330,-0.01429586,-0.00190330,-0.001903,sell
2020-07-15,0,0.86,0,4.56,0.09,0.14,0.39,0.15,2.76,1.56,0.09,3.18,0.68,0.14,0, 0.00678344, 0.00678344,-0.02573559, 0.00612208, 0.006783,buy
2020-07-16,0,1.33,0,3.19,0.22,0.19,0.23,0.21,1.81,0.6,0.22,2.63,1.29,0.19,0,-0.01360902,-0.04885531,-0.05484933,-0.04716527,-0.048855,sell
2020-07-17,0,2.28,0,1.49,0.57,0.26,0.13,0.32,1.3,0.23,0.55,1.06,2.48,0.26,0.02,-0.05461970,-0.03013798,-0.03013798,-0.04954101,-0.011458,sell
2020-07-18,0,2.97,0,1.02,1.36,0.33,0,0.52,1.04,0.09,1.34,0.44,3.46,0.33,0.02,-0.02553244,-0.01545615,-0.00914499,-0.03465319,-0.010542,sell
2020-07-19,0,2.01,0,1.41,3,0.43,0,0.92,1.25,0,2.97,0.18,3.24,0.43,0.03,-0.00347888, 0.00274946, 0.00510837, 0.00438796, 0.005525,buy
2020-07-20,0,1.03,0,2.95,2.65,0.55,0,1.8,2,0,2.62,0,3.98,0.55,0.03,-0.00618325,-0.00061091,-0.00061091, 0.00285590,-0.000611,buy
2020-07-21,0,0.52,0.03,2.84,1.11,0.68,0,3,3.13,0.03,1.07,0,3.36,0.68,0.04, 0.01907759, 0.01807651, 0.01862524, 0.02029475, 0.020747,buy
2020-07-22,0,0.26,0.07,1.13,0.49,0.84,0,2.3,2.3,0.07,0.43,0,1.39,0.84,0.06,-0.00141028, 0.00489999,-0.00141028,-0.01557640,-0.001410,buy
2020-07-23,0,0.13,0.15,0.45,0.25,1.03,0,1.01,1.01,0.15,0.18,0,0.58,1.03,0.07,-0.04962836,-0.03476551,-0.03178362,-0.06369742,-0.021756,sell
2020-07-24,0,0,0.36,0.18,0.1,1.22,0,0.41,0.41,0.33,0,0.03,0.18,1.22,0.1,-0.02371811,-0.02816439,-0.02854035,-0.01896665,-0.031172,sell
2020-07-25,0.02,0,0.78,0,0.13,1.46,0,0.17,0.17,0.73,0,0.07,0,1.46,0.13, 0.01409219, 0.00855513, 0.01367295, 0.03003798, 0.016856,buy
2020-07-26,0.04,0,1.73,0,0.18,1.7,0,0.04,0.04,1.63,0,0.14,0,1.7,0.18, 0.05305093, 0.05433984, 0.05348710, 0.05954084, 0.059665,buy
2020-07-27,0.09,0,3.24,0.07,0.24,1.97,0,0.07,0.09,3.09,0,0.29,0,1.97,0.24, 0.00384259, 0.01341786,-0.00152596, 0.04354318, 0.009243,sell
2020-07-28,0.21,0,3.01,0.3,0.33,2.26,0,0.11,0.21,2.79,0.02,0.63,0,2.26,0.33, 0.01011873, 0.01911893, 0.01850986, 0.02160273, 0.008685,buy
2020-07-29,0.49,0,2.37,1.25,0.47,2.57,0,0.19,0.49,2.42,0.09,1.37,0.02,2.53,0.47,-0.01809055, 0.01212067, 0.01212067, 0.00835902,-0.004224,buy
2020-07-30,1.17,0,3.25,3.27,0.67,2.94,0,0.32,1.17,3.73,0.21,3.06,0.05,2.84,0.75, 0.02790837, 0.06767587, 0.03877469, 0.04455975, 0.050009,buy
2020-07-31,2.77,0,3.28,3.07,1.02,3.25,0,0.56,2.77,2.35,0.55,4.42,0.14,3,1.19, 0.04463067, 0.04577890, 0.03375041, 0.03677340, 0.047876,buy
2020-08-01,2.97,0,1.72,3.44,1.65,3.45,0,0.92,2.97,1.21,1.41,4.49,0.38,2.84,2.08, 0.04416806, 0.03855108, 0.01155563, 0.02675064, 0.044168,buy
2020-08-02,1.32,0,1.25,1.94,3.37,4.09,0,1.48,1.32,1.41,4.07,2.04,1.22,2.58,4.29,-0.05770291,-0.07063506,-0.06153540,-0.07742407,-0.072783,sell
2020-08-03,0.55,0,1.63,3.26,5.84,5.33,0,2.38,0.55,2.28,8.58,0.67,4.32,2.38,5.9,-0.04705177,-0.01296838,-0.00229566,-0.05648929,-0.000402,buy
2020-08-04,0.23,0,3.14,2.42,4.14,4.56,0,3.15,0.23,3,6.48,0.29,5.42,2.22,4.07,-0.02342067,-0.01013529, 0.01276494,-0.02383491,-0.009404,sell
2020-08-05,0.1,0,2.84,0.43,2.22,3.01,0,2.64,0.1,2.44,2.54,0.22,3.25,2.06,2.32, 0.05677063, 0.04571184, 0.04070782, 0.05206377, 0.052064,buy
2020-08-06,0,0,1.24,0,1.33,2.35,0,1.87,0,1.59,0.98,0.33,1.19,1.96,1.33,-0.03355664, 0.01138785,-0.01846382, 0.01096605, 0.010966,sell
2020-08-07,0.12,0,0.63,0,0.88,2.01,0.02,1.45,0.12,1.11,0.43,0.47,0.5,1.85,0.88,-0.02979549,-0.01432775,-0.03084298,-0.00601624,-0.005321,sell
2020-08-08,0.71,0,0.55,0,0.58,1.87,0.03,1.3,0.71,0.96,0.22,0.68,0.21,1.79,0.58,-0.01845549,-0.02588900,-0.02588900,-0.01089888,-0.010087,sell
2020-08-09,2.97,0,0.99,0,0.38,2.24,0.05,1.42,2.97,1.28,0.56,1.01,0.12,1.73,0.38,-0.04081622,-0.00415302,-0.00628430,-0.01094112,-0.004748,buy
2020-08-10,1.9,0.03,2.3,0,0.24,4.63,0.07,1.69,1.93,2.51,3.02,1.44,0.04,1.68,0.24,-0.04851334,-0.05136421,-0.04167534,-0.04732440,-0.048513,sell
2020-08-11,0.3,0.06,3.09,0,0.16,4.15,0.1,2.18,0.39,3.12,2.61,2.06,0.06,1.64,0.16,-0.05739096,-0.05331855,-0.03923244,-0.05578497,-0.053319,sell
2020-08-12,0,0.15,2.02,0,0.1,2.01,0.15,2.98,0.23,1.79,0.54,3.05,0.08,1.65,0.1,-0.01262264,-0.00576340,-0.00085131,-0.00576340,-0.005763,buy
2020-08-13,0,0.37,2.59,0,0,1.61,0.26,3.32,0.57,1.71,0.26,3.85,0.15,1.7,0,-0.03426169,-0.03398015,-0.02030082,-0.03426169,-0.034262,sell
2020-08-14,0,0.96,5.33,0,0,1.62,0.42,3.05,1.44,3.12,0.42,4.55,0.23,1.86,0,-0.02642988,-0.02852950,-0.02712562,-0.03023093,-0.030231,sell
2020-08-15,0,2.61,5.34,0,0,1.64,0.77,3.17,3.79,1.2,0.77,5.71,0.42,2.26,0,-0.04239720,-0.04365500,-0.03336399,-0.03723030,-0.042397,sell
2020-08-16,0,5.77,5.53,0,0,1.67,1.67,4.5,8.64,0.17,1.67,6.04,0.95,3.28,0,-0.05108737,-0.04373353,-0.04725354,-0.04306494,-0.058270,sell
2020-08-17,0,4.67,4.51,0,0,1.7,5,4.42,7.67,0,5,3.1,2.83,4.67,0, 0.07196145, 0.08531514, 0.03848254, 0.06036767, 0.090498,buy
2020-08-18,0,1.19,5.96,0,0,1.74,7.02,2.55,2.38,0.02,7.02,1.26,6.04,3.88,0,-0.00599133, 0.05853333,-0.00134886,-0.00134886, 0.004082,sell
2020-08-19,0,0.41,4.08,0,0.09,1.8,3.97,1.86,0.76,0.13,3.97,0.68,4.78,2.65,0.09, 0.03516190, 0.03516190, 0.03926156, 0.03926156, 0.039396,buy
2020-08-20,0,0.96,1.55,0.02,0.36,1.89,2.82,1.72,0.31,0.86,2.82,0.42,2.66,2.23,0.36, 0.01706502, 0.01683622, 0.02999343, 0.03308956, 0.027592,buy
2020-08-21,0,3.12,0.56,0.06,1.41,1.96,2.85,1.79,0,3.11,2.85,0.4,2.02,2.1,1.41,-0.02670358, 0.02011421, 0.02529909, 0.02529909, 0.043055,buy
2020-08-22,0,2.37,0.42,0.17,3.05,2.06,3.13,2.16,0.19,2.15,3.13,0.65,2.13,2.06,3.05,-0.01386122,-0.01309219, 0.00228226, 0.00171749, 0.030488,sell
2020-08-23,0,3.17,1.15,0.44,1.72,2.16,2.7,2.67,1.06,1.35,2.7,2.36,2.66,2.16,1.72,-0.01804303, 0.00000075, 0.00000075, 0.00000075, 0.041379,sell
2020-08-24,0,4.95,2.92,1.17,0.57,2.3,2.08,3.16,2.92,2.69,2.08,3.05,3.54,2.3,0.57, 0.01606009, 0.01606009, 0.03369876, 0.04041155, 0.053275,buy
2020-08-25,0,6.71,1.43,2.99,0.31,2.44,1.64,2.97,1.43,5.95,1.64,0.93,5.79,2.44,0.31,-0.05952311,-0.02905153,-0.03277276,-0.03024613,-0.030499,sell
2020-08-26,0.04,5.38,0.33,2.92,0.3,2.6,1.3,2.37,0.33,5.16,1.3,0.45,5.1,2.6,0.3, 0.02975619, 0.03329124, 0.02497099, 0.02450631, 0.037500,buy
2020-08-27,0.22,1.72,0.14,1.32,0.5,2.79,1.03,1.88,0.14,2.21,1.05,0.61,2.32,2.79,0.48, 0.03436203, 0.04586884, 0.03254025, 0.03281040, 0.047611,buy
2020-08-28,1.13,1.15,0.35,1.05,0.83,3,0.84,1.47,0.35,1.9,0.9,1.3,1.6,3,0.77,-0.00894886,-0.00097371,-0.00262397, 0.03679196,-0.000974,sell
2020-08-29,2.98,1.79,0.85,1.92,1.41,3.05,0.69,1.21,0.85,3.22,0.85,3.3,1.38,3,1.3, 0.00915198, 0.07306489, 0.07460915, 0.08400218, 0.086294,buy
2020-08-30,1.78,3.2,2.06,3.19,2.44,2.95,0.57,1.03,2.06,1.48,1.03,6.25,1.44,2.79,2.17,-0.05316109, 0.04235488, 0.01450355,-0.06064168,-0.051148,buy
2020-08-31,1.8,2.83,2.97,2.62,4.16,3.07,0.47,0.99,2.97,0.3,1.77,5.71,2.09,2.56,3.51, 0.02523399, 0.03070341, 0.00076224, 0.02320435, 0.025806,buy
2020-09-01,3.33,2.22,1.71,2.5,5.72,3.95,0.4,1.4,1.71,0,4.08,4.68,4.09,2.36,4.31, 0.02608839, 0.03038333,-0.00727147, 0.02608839, 0.037953,buy
2020-09-02,3.05,3.37,0.7,3.24,4.45,5.11,0.35,3.62,0.7,0,6.12,1.98,8.3,2.16,4.63, 0.02323962, 0.02323962, 0.01759075, 0.01403666, 0.030803,buy
2020-09-03,3.21,2.99,0.28,1.96,2.05,3.74,0.3,3.17,0.28,0,3.93,0.57,8.14,1.97,2.81,-0.00230679,-0.00230679,-0.02126369,-0.00838394, 0.005136,sell
2020-09-04,1.11,1.16,0.12,0.68,1.02,2.38,0.26,1.06,0.12,0.05,1.2,0,3.39,1.79,1.24, 0.04813417, 0.03237765, 0.03486319, 0.03355396, 0.033238,buy
2020-09-05,0.35,0.47,0,0.25,0.54,1.82,0.24,0.57,0,0.11,0.51,0,1.4,1.62,0.6,-0.03233395,-0.02383549,-0.01249935,-0.02144999, 0.009768,sell
2020-09-06,0.28,0.19,0,0.09,0.24,1.46,0.21,0.4,0,0.28,0.21,0,0.68,1.46,0.24,-0.02780676,-0.03363197,-0.03174601,-0.01248347,-0.006960,sell
2020-09-07,0.66,0,0,0.04,0.15,1.32,0.19,0.37,0.04,0.66,0.19,0,0.37,1.32,0.15,-0.01289426,-0.01441822, 0.00872960, 0.02588652, 0.017514,buy
2020-09-08,1.64,0,0,0.19,0.09,1.18,0.18,0.35,0.22,1.61,0.18,0,0.35,1.18,0.09, 0.03941047, 0.01780432, 0.04130269, 0.07327935, 0.052044,buy
2020-09-09,3.12,0,0,0.77,0,1.06,0.17,0.33,0.85,3,0.17,0.04,0.33,1.06,0,-0.01763202,-0.02650628,-0.06644957,-0.02100822,-0.014479,sell
2020-09-10,2.56,0,0,2.95,0,1,0.16,0.32,3.18,2.24,0.21,0.09,0.32,0.95,0,-0.04174032, 0.02693895,-0.02459306, 0.06312175,-0.032944,sell
2020-09-11,1.77,0,0,2.74,0,0.98,0.23,0.37,3.37,0.93,0.31,0.23,0.32,0.85,0.08, 0.02913602, 0.06027973, 0.04350763, 0.07220836, 0.037223,buy
2020-09-12,2.7,0,0,0.69,0,1.11,0.36,0.42,2.45,0.39,0.59,0.53,0.36,0.75,0.21, 0.07288603, 0.07077793, 0.06333938, 0.02931532, 0.063339,buy
2020-09-13,4.45,0,0,0.18,0,1.68,0.68,0.59,3.13,0.21,1.37,1.26,0.42,0.66,0.53,-0.03594550,-0.03861096,-0.03342462,-0.03885624,-0.040997,sell
2020-09-14,4.93,0,0,0,0,3.48,1.46,0.99,1.74,0.13,3.54,2.99,0.56,0.59,1.34,-0.07832300,-0.06307266,-0.08294977,-0.06774919,-0.037008,sell
2020-09-15,4.08,0,0,0,0,3.52,3.12,2.12,0.62,0.48,4.4,2.95,0.9,0.52,3.02, 0.04141412, 0.04818166, 0.04782549, 0.05716089, 0.063413,buy
2020-09-16,2.73,0,0.02,0,0,1.51,2.86,5.08,0.22,1.69,4.21,1.24,1.68,0.46,2.79, 0.03811124, 0.03005887, 0.05739829, 0.05615461, 0.039199,buy
2020-09-17,3.45,0,0.05,0,0,0.79,1.3,6.22,0,3,3.31,0.59,3.36,0.4,1.32, 0.00168870, 0.00752005, 0.04095493, 0.04497216, 0.005410,buy
2020-09-18,2.99,0,0.14,0,0,0.51,0.65,3.32,0,1.66,1.46,0.45,3.19,0.35,0.82,-0.05165303,-0.05165303,-0.00695947, 0.02573602,-0.051653,sell
2020-09-19,1.36,0,0.38,0,0,0.36,0.39,2.17,0,0.84,0.77,0.8,1.69,0.31,0.85,-0.00146730,-0.01528049,-0.00159906, 0.01536100,-0.000299,buy
2020-09-20,0.94,0,1.02,0,0,0.36,0.3,3.3,0,1.16,0.86,2.24,1.21,0.27,1.33,-0.03199811,-0.03719312,-0.02825631,-0.04600121,-0.031998,sell
2020-09-21,1.75,0.03,2.75,0,0.02,0.38,0.23,4.21,0.03,2.72,1.79,3.03,1.4,0.25,2.31, 0.03483855, 0.00689136, 0.01295956, 0.01088161,-0.074755,buy
2020-09-22,2.97,0.09,3.06,0,0.02,0.44,0.26,3.78,0.09,2.97,3.23,1.36,2.51,0.22,3.21, 0.07322861, 0.06522045, 0.06675035, 0.07054931, 0.005734,buy
2020-09-23,1.67,0.27,1.45,0,0.02,0.57,0.35,4.31,0.27,1.18,2.02,0.71,3.87,0.19,2.52,-0.02817153,-0.06864348,-0.00166129,-0.01773395,-0.062862,sell
2020-09-24,0.52,0.77,1.18,0.03,0.03,0.81,0.5,2.89,0.8,0.44,1.02,0.9,2.73,0.18,1.78, 0.03948529, 0.01175073, 0.02147541, 0.03811700, 0.005518,buy
2020-09-25,0.17,2.26,2.25,0.08,0.04,1.23,0.9,1.94,2.34,0.16,1.07,2.04,1.99,0.17,1.68,-0.01912051, 0.03424630, 0.01777936, 0.03424630, 0.030007,buy
2020-09-26,0,2.95,3.4,0.21,0.04,1.91,1.95,1.87,3.16,0,1.95,3.09,2.18,0.15,2.1,-0.05422393,-0.02828260,-0.01687367,-0.02687409,-0.009409,sell
2020-09-27,0.02,1.33,2.81,0.53,0.05,3.1,3.5,2.09,1.86,0,3.5,1.76,3.14,0.15,3.18,-0.09900550,-0.08857565,-0.00732715,-0.12759642,-0.110849,sell
2020-09-28,0.04,0.45,3.52,1.31,0.06,2.95,2.61,2.61,1.76,0,2.61,0.76,5.37,0.06,2.99, 0.01946337,-0.01958332,-0.01942516,-0.02057212,-0.021841,sell
2020-09-29,0.07,0.16,2.85,2.97,0.06,1.77,1.44,3.24,3.2,0,1.44,0.44,5.58,0.06,1.84, 0.01957148,-0.00552694,-0.00723223,-0.01789356,-0.011312,sell
2020-09-30,0.13,0.07,1.09,2.65,0.06,1.07,1.15,3.22,2.82,0.03,1.19,0.3,3.84,0.06,1.2, 0.01187257, 0.01216674, 0.00813586, 0.01074628, 0.011105,sell
2020-10-01,0.24,0.18,0.76,1.07,0.06,0.64,1.13,2.71,1.5,0.08,1.23,0.39,2.65,0.06,0.88, 0.00347297,-0.01963310,-0.00268745,-0.00808447, 0.011953,buy
2020-10-02,0.44,0.47,1.16,0.42,0,0.38,1.38,2.3,1.46,0.22,1.63,0.5,1.92,0,0.82,-0.02289483,-0.03524573, 0.00335799, 0.06248029,-0.021620,sell
2020-10-03,0.81,1.15,2.38,0.17,0,0.23,1.7,2.04,2.55,0.58,2.27,0.65,1.39,0,1.04, 0.00898276, 0.02073218,-0.00536401, 0.08435254, 0.023737,buy
2020-10-04,1.52,2.85,3.05,0,0,0.14,2.12,1.92,3.05,1.56,3.38,0.88,1.07,0,1.66, 0.04537735, 0.07921708, 0.04158834, 0.07214759, 0.066274,buy
2020-10-05,2.84,5.71,1.84,0,0,0,2.65,1.98,1.84,3.05,5.27,1.2,0.82,0,2.84, 0.00617619,-0.03987565,-0.06864149,-0.01679507,-0.015584,sell
2020-10-06,3,5.32,1.29,0,0,0,2.97,2.16,1.29,2.19,5.94,1.71,0.61,0,3,-0.07317176,-0.08094889,-0.09657180,-0.03128052,-0.074538,sell
2020-10-07,1.62,3.28,1.84,0,0,0,2.7,2.59,1.84,0.98,4.38,2.69,0.52,0,1.62, 0.03304029, 0.07296523, 0.07191458, 0.06500250, 0.076846,buy
2020-10-08,0.86,3.56,3.19,0,0,0,2.14,3.32,3.19,0.73,3.05,4.73,0.51,0,0.86,-0.00645509, 0.01302356, 0.00104171, 0.00883679, 0.010876,sell
2020-10-09,0.46,4.1,2.16,0,0,0,1.7,4.2,2.16,1.03,2.23,6.02,0.72,0,0.46, 0.05634864, 0.07457466, 0.06311154, 0.04799466, 0.053686,buy
2020-10-10,0.27,2.99,0.68,0,0,0,1.34,4.88,0.68,1.98,1.7,4.08,1.48,0,0.24, 0.01678353,-0.01353720,-0.01234109,-0.02130627,-0.040733,buy
2020-10-11,0.21,3.65,0.23,0,0,0,1.06,5.41,0.23,3.16,1.36,2.59,3.09,0,0.13,-0.01080076, 0.06068337, 0.06068337, 0.01159713, 0.022941,buy
2020-10-12,0.2,2.69,0,0,0,0,0.83,4.34,0,2.42,1.19,1.99,2.46,0,0, 0.07705372,-0.01536324,-0.01190367,-0.00964983,-0.000492,sell
2020-10-13,0.51,0.97,0,0,0,0,0.68,3.38,0,1.38,1.3,1.94,0.9,0,0.02, 0.04032088, 0.03263201, 0.03118635,-0.02090499, 0.031365,buy
2020-10-14,1.34,0.42,0,0,0,0,0.55,4,0,1.09,1.94,2.82,0.43,0,0.03, 0.00534918, 0.00418991, 0.00708107,-0.05673400, 0.004190,buy
2020-10-15,3.06,0.23,0.04,0,0,0,0.46,4.99,0.04,1.2,3.49,3.59,0.41,0,0.05,-0.04925777,-0.00376610, 0.00383025,-0.07852881,-0.028321,buy
2020-10-16,2.95,0.17,0.05,0,0,0,0.41,4.44,0.05,1.7,3.14,2.29,0.75,0,0.09, 0.03412809, 0.02869861, 0.05651793, 0.06005003, 0.030400,buy
2020-10-17,1.88,0.24,0.07,0,0,0,0.42,4.76,0.07,2.69,1.53,1.16,1.76,0,0.16, 0.06961263, 0.06961263, 0.06961263, 0.05696228, 0.078923,buy
2020-10-18,2.66,0.42,0.11,0,0,0,0.47,6.41,0.11,4.84,1.12,0.71,3,0,0.29, 0.00484489, 0.03998892, 0.03470520, 0.05248288, 0.030950,buy
2020-10-19,3.51,0.78,0.2,0,0,0,0.63,5.72,0.2,5.92,1.39,0.71,2.12,0,0.5, 0.02169027, 0.03970071, 0.03970071, 0.02836345, 0.027046,buy
2020-10-20,2.71,1.62,0.43,0,0,0,0.94,4.3,0.43,3.82,2.68,1.26,0.94,0,0.87, 0.06245301, 0.03836645, 0.04736662, 0.04451606, 0.056056,buy
2020-10-21,3.71,3.05,1.03,0,0,0,1.5,5.06,1.03,2.17,6.03,3.07,0.56,0,1.49,-0.06546261,-0.05194665,-0.09675606,-0.06564892,-0.062242,sell
2020-10-22,3.44,2.54,2.7,0,0,0,2.49,4.21,2.7,1.34,5.29,2.79,0.68,0,2.58,-0.03627396,-0.03206922,-0.08263156,-0.03211277,-0.044415,sell
2020-10-23,2.47,1.24,2.98,0,0.02,0,3.01,1.71,2.98,0.87,1.83,0.93,1.46,0.08,3.36, 0.02144810, 0.04325059, 0.05807209, 0.02954605, 0.045456,buy
2020-10-24,3.27,0.92,1.22,0,0.06,0,2.34,0.86,1.22,0.56,0.65,0.32,2.95,0.61,2.95, 0.03685950, 0.01424408, 0.00708233, 0.00696878, 0.013311,sell
2020-10-25,2.21,1.16,0.59,0,0.11,0,2.28,0.5,0.59,0.4,0.27,0.11,2.1,2.91,3.36, 0.07406027, 0.06432669, 0.01788302,-0.01571125, 0.074102,buy
2020-10-26,0.74,1.88,0.63,0,0.22,0,3.65,0.32,0.63,0.29,0.15,0,0.77,1.9,5.57,-0.01515899,-0.00489121,-0.02184234, 0.00186076,-0.050489,sell
2020-10-27,0.26,3.3,1.25,0,0.43,0,2.3,0.29,1.25,0.21,0.38,0,0.34,0.28,5.62,-0.00618097,-0.00618097,-0.02886441,-0.00828921, 0.001674,sell
2020-10-28,0.09,3.97,2.95,0.04,0.89,0,0.7,0.36,2.99,0.15,0.97,0,0.3,0.04,4.55, 0.05724773, 0.06927255, 0.02518481, 0.05792694, 0.043227,buy
2020-10-29,0,4.26,2.74,0.12,1.84,0,0.26,0.65,2.86,0.11,2.47,0.02,0.52,0.05,3.84, 0.04484461, 0.03677096,-0.04855283, 0.04734734, 0.000188,buy
2020-10-30,0.03,4.04,1.09,0.37,3.01,0,0,1.17,1.46,0,3,0.05,1.12,0.06,4.02,-0.01181116,-0.03202500,-0.04072876,-0.02988325,-0.031975,sell
2020-10-31,0.05,2.02,0.43,1.14,2.39,0,0,2.17,1.57,0.02,1.42,0.09,2.06,0.07,2.97, 0.05517556, 0.02542254, 0.05514356, 0.01886086, 0.020250,buy
2020-11-01,0.07,0.94,0.17,3,1.16,0,0,3.16,3.17,0.03,0.61,0.13,3,0.08,1.48, 0.00254382,-0.00941682,-0.00057907, 0.00166846, 0.001668,buy
2020-11-02,0.09,0.46,0,2.47,0.6,0,0,3,2.47,0.05,0.3,0.16,2.79,0.1,0.75,-0.00959321,-0.02305716,-0.00959321,-0.00899231,-0.008992,sell
2020-11-03,0.09,0.16,0,0.82,0.36,0,0,2.37,0.82,0.06,0.09,0.17,2.14,0.12,0.4,-0.04738962,-0.05606699,-0.04738962,-0.03970111,-0.047446,sell
2020-11-04,0.09,0.1,0,0.27,0.26,0,0,2.31,0.27,0.06,0.09,0.17,2.08,0.15,0.21,-0.02856226,-0.03831004,-0.04580428,-0.03184697,-0.045830,sell
2020-11-05,0,0,0,0.09,0.18,0.02,0,2.76,0.09,0,0,0.16,2.6,0.18,0.02,-0.02977055,-0.02737194,-0.02265445,-0.01792428,-0.027372,sell
2020-11-06,0,0.02,0,0,0.22,0,0,3.12,0.02,0,0,0.12,3,0.22,0,-0.03322087,-0.03322087,-0.01832999,-0.01067114,-0.033221,sell
2020-11-07,0,0.05,0,0,0.26,0,0,2.34,0.05,0,0,0,2.34,0.26,0,-0.01984350,-0.02319578,-0.03419755,-0.03015506,-0.020006,sell
2020-11-08,0,0.13,0.05,0,0.32,0,0.03,1.42,0.13,0.03,0.05,0,1.42,0.32,0, 0.08868884, 0.07756970, 0.08789564, 0.07562426, 0.073885,buy
2020-11-09,0,0.32,0.12,0,0.39,0,0.1,0.77,0.32,0.06,0.12,0.04,0.77,0.39,0, 0.09534720, 0.09534720, 0.09998525, 0.08936956, 0.078907,buy
2020-11-10,0.05,0.81,0.33,0,0.47,0.03,0.23,0.39,0.83,0.15,0.36,0.1,0.37,0.47,0.03, 0.00911765, 0.00911765,-0.00447003,-0.00207021,-0.008839,buy
2020-11-11,0.15,2.03,0.85,0,0.58,0.06,0.51,0.26,2.09,0.32,0.94,0.29,0.16,0.58,0.06, 0.00321056,-0.00840614,-0.01069395,-0.00964668, 0.007230,sell
2020-11-12,0.48,3.04,2.22,0,0.71,0.14,1.16,0.28,3.15,0.72,2.59,0.72,0,0.71,0.14, 0.02028068, 0.07444322,-0.03470954, 0.06149413, 0.030385,buy
2020-11-13,1.51,1.92,3.52,0,0.86,0.31,2.72,0.75,2.25,1.57,4.7,1.81,0.04,0.86,0.36, 0.00488326,-0.06163063, 0.02421848, 0.00207231, 0.001959,buy
2020-11-14,2.92,1.41,3.42,0,1.06,0.69,5.72,2.12,2.44,3.46,5.31,4.16,0.11,1.06,0.8, 0.00311831,-0.01158651,-0.02706522,-0.01838264,-0.007989,sell
2020-11-15,1.82,2.8,3.59,0,1.29,1.54,6.01,5.37,3.22,5.32,4.99,5.53,0.27,1.29,1.8,-0.10226000,-0.06427199,-0.07889027,-0.04932893,-0.048610,sell
2020-11-16,0.58,3.08,1.69,0,1.56,3,3.78,5.64,1.55,4.57,3.8,3.54,0.65,1.56,3.66,-0.09918386,-0.07355021,-0.08783181,-0.09048390,-0.063852,sell
2020-11-17,0.18,0.94,0.51,0,1.92,2.56,3.95,2.93,0.41,2.23,1.24,1.28,1.61,1.92,4.3,-0.02667406,-0.00451622,-0.01735940,-0.04001028, 0.015243,sell
2020-11-18,0,0.26,0.13,0,2.34,1.13,5.77,2.6,0.11,0.92,0.28,0.46,4.02,2.34,4.1, 0.09175665, 0.08206995, 0.09040477, 0.07894684, 0.073819,buy
2020-11-19,0,0,0.03,0,2.84,0.5,5,3.27,0,0.39,0.02,0.1,5.92,2.84,2.37, 0.05135660, 0.07660806, 0.05685363,-0.00035933, 0.074357,buy
2020-11-20,0,0,0.03,0,3,0.22,2.36,1.83,0,0.09,0.02,0,3.42,3,0.91,-0.00419009, 0.06456866,-0.00557115,-0.02201789, 0.019540,buy
2020-11-21,0.03,0,0.09,0,2.56,0.1,1,0.62,0.08,0,0.03,0,1.35,2.56,0.38, 0.00667266,-0.00984237,-0.01725544,-0.00285828, 0.005570,buy
2020-11-22,0.08,0.16,0.24,0,2.08,0,0.35,0.22,0.31,0,0.15,0,0.54,2.08,0.05, 0.00053114,-0.04885395,-0.01753764, 0.00596374, 0.003385,buy
2020-11-23,0.2,0.6,0.69,0,1.7,0,0.18,0,1,0,0.47,0,0.14,1.7,0.06,-0.00455598,-0.05725104,-0.02431720,-0.00347946,-0.003395,buy
2020-11-24,0.5,2.18,2.17,0,1.39,0.04,0.16,0,3.28,0.02,1.55,0.14,0,1.39,0.06,-0.09691993,-0.08841225,-0.10135830,-0.07024508,-0.097347,sell
2020-11-25,1.25,5.21,5.99,0,1.14,0.08,0.51,0,7.17,0.06,5.26,0.48,0,1.14,0.07,-0.03920999,-0.08504946,-0.07613477,-0.09865786,-0.084110,sell
2020-11-26,3,4.4,4.75,0,0.92,0.23,1.83,0,6.57,0.25,5.56,1.75,0,0.92,0.08,-0.03678900,-0.05001892,-0.03286812,-0.02743206,-0.071841,sell
2020-11-27,2.74,1.56,1.41,0,0.76,0.56,3.87,0,3.8,0.79,1.88,3.45,0.07,0.76,0.15,-0.06700113,-0.00943205, 0.02041368,-0.00968980, 0.008089,buy
2020-11-28,1.11,0.47,0.48,0,0.62,1.31,4.35,0,1.43,2.59,0.62,2.6,0.27,0.62,0.21, 0.03300873, 0.04070319, 0.02726164, 0.02542659,-0.017833,buy
2020-11-29,0.44,0.12,0.11,0,0.5,3.16,4.7,0.03,0.44,3.23,0.23,3.23,1.04,0.5,0.39, 0.09412437, 0.09171218, 0.08837364, 0.09241883, 0.020264,buy
2020-11-30,0.18,0,0.12,0,0.41,3.57,4.85,0.07,0.18,1.56,0.14,3.06,3.07,0.41,0.78, 0.06600996, 0.07680095, 0.10604007, 0.07680095,-0.041598,buy
2020-12-01,0,0,0.13,0,0.33,2.52,4.17,0.13,0,1.42,0.17,1.25,2.46,0.33,1.65, 0.01925736, 0.00845074, 0.02481455, 0.02189166,-0.056023,buy
2020-12-02,0.16,0,0.14,0,0.27,3.19,3.88,0.27,0.16,2.39,0.22,0.54,0.99,0.27,3.34,-0.00513186,-0.03860055,-0.01226746,-0.00304961,-0.003050,sell
2020-12-03,0.67,0.05,0.15,0,0.22,4.09,3.11,0.5,0.72,3,0.29,0.27,1.01,0.22,3.28,-0.03579649,-0.02533407,-0.03579649,-0.03579649,-0.014889,sell
2020-12-04,2.72,0.15,0.26,0,0.18,3.96,1.49,0.94,2.87,1.84,0.48,0.24,1.9,0.18,2.19,-0.01230192,-0.02071491,-0.03315345,-0.04421818,-0.031339,sell
2020-12-05,2.95,0.45,0.51,0,0.15,4.41,0.95,1.82,3.4,0.91,0.84,0.56,2.97,0.15,2.41, 0.01692570, 0.01329879,-0.02961889, 0.00938571, 0.013288,buy
2020-12-06,0.77,1.39,1.32,0.04,0.12,4.56,0.9,3.01,2.16,0.49,1.85,2.16,2.01,0.12,3.32,-0.10040316,-0.10363741,-0.10636413,-0.10582715,-0.090591,sell
2020-12-07,0.19,2.95,3.1,0.1,0.1,4.28,1.04,2.53,3.14,0.42,3.9,3.15,0.94,0.1,2.64, 0.01406443, 0.00316220, 0.02459473,-0.05025551, 0.013250,buy
2020-12-08,0,2.01,2.47,0.26,0,2.45,1.71,1.36,2.01,0.81,3.72,1.67,0.59,0,1.46,-0.04142965,-0.03944100,-0.03156346, 0.02790083,-0.006379,sell
2020-12-09,0,0.66,0.88,0.66,0.03,3.57,3.23,0.9,0.66,2.41,2.91,2.05,0.92,0,0.98, 0.05387974, 0.08087342, 0.08030514, 0.07305368, 0.080305,buy
2020-12-10,0,0.22,0.38,1.73,0.07,5.69,5.19,1,0.22,3,4.04,3.16,2.8,0.03,1.06, 0.03428977,-0.00152935, 0.08042089,-0.02552407,-0.015471,sell
2020-12-11,0,0,0.14,3.05,0.17,3.99,4.85,2.14,0,1.27,5.89,2.01,3,0.05,2.17, 0.06231366, 0.00436709, 0.04308451, 0.04360955, 0.043005,buy
2020-12-12,0,0,0.13,2.27,0.42,1.15,4.31,3.09,0,0.83,5.27,1.15,1.04,0.09,3.08, 0.08385955, 0.11438429, 0.03701916, 0.03119431, 0.018713,buy
2020-12-13,0,0,0.12,2.15,1.05,0.33,4.33,1.59,0,1.39,4.39,1.43,0.83,0.14,1.53, 0.07138081, 0.03180547, 0.03180547, 0.02476779, 0.030712,buy
2020-12-14,0,0,0.11,3.21,2.62,0,6.29,0.67,0,3.02,4.83,2.84,1.67,0.23,0.54, 0.06010948, 0.04707665, 0.04231802, 0.03977151, 0.053577,buy
2020-12-15,0.05,0,0.1,1.53,3.74,0,6.83,0.44,0.05,2.71,2.69,3.99,3.02,0.37,0.23, 0.01153967, 0.00379563,-0.00108033, 0.00958218,-0.002909,buy
2020-12-16,0.15,0,0.1,0.33,4.54,0,3.75,0.41,0.15,1.15,1.15,4.81,1.92,0.61,0.1, 0.05202443, 0.05202443, 0.05202443, 0.05634629, 0.051777,buy
2020-12-17,0.46,0,0.09,0,3.96,0,1.68,0.54,0.46,0.66,0.58,4.1,0.84,1,0.09, 0.04894662, 0.07786165, 0.08944780, 0.04894662, 0.073762,buy
2020-12-18,1.39,0,0,0,1.97,0.05,0.81,0.72,1.39,0.73,0.4,1.76,0.66,1.67,0, 0.03017703, 0.00581854, 0.01802926, 0.02296423, 0.014034,buy
2020-12-19,2.95,0,0,0,2.86,0.14,0.37,0.97,2.95,1.4,0.28,1.4,1.26,2.74,0, 0.04645749, 0.08200576, 0.07570415, 0.05265361,-0.005548,buy
2020-12-20,2.01,0,0,0,7.22,0.4,0.19,1.37,2.07,3.76,0.19,1.71,3.46,2.97,0, 0.04989345, 0.04619446, 0.05329282, 0.04619446, 0.029861,buy
2020-12-21,0.66,0,0,0,11.81,1.21,0.13,2,0.87,5.89,0.13,3,5.92,1.94,0,-0.02732164,-0.00538765, 0.00127298,-0.03094618,-0.003046,sell
2020-12-22,0.22,0,0,0,7.89,3,0.09,3.18,0.98,4,0.09,5.42,3.89,1.18,0, 0.05374557, 0.06801082, 0.04743276, 0.05172874, 0.047842,buy
2020-12-23,0,0,0,0,3.27,2.44,0,5.85,2.85,1.76,0,5.4,1.55,0.71,0,-0.04942441,-0.10830727,-0.03432085,-0.03631423,-0.044447,sell
2020-12-24,0,0,0,0,1.34,0.93,0,6.5,3.85,0.84,0,3.46,0.62,0.42,0,-0.07626937,-0.01970387,-0.00767185,-0.00489757,-0.014791,buy
2020-12-25,0,0,0,0,0.58,0.58,0,4.91,2.99,0.46,0,2.19,0.43,0.25,0, 0.03220563,-0.01060624, 0.05310623, 0.01716600,-0.009381,buy
2020-12-26,0,0,0,0.03,0.28,0.92,0,4.56,3.15,0.48,0.03,1.47,0.63,0.15,0.03, 0.05180108,-0.01297771, 0.05123611, 0.01463312,-0.012978,buy
2020-12-27,0,0,0,0.11,0,2.21,0,2.71,1.62,0.77,0.11,1,1.46,0.09,0.07, 0.03220494,-0.02183998, 0.00907188, 0.00980873,-0.026423,buy
2020-12-28,0,0,0,0.35,0,4.91,0,1.59,0.66,1.94,0.35,0.71,3,0,0.19, 0.01269991,-0.00023615,-0.00451475,-0.00562102, 0.009593,buy
2020-12-29,0,0,0.05,1.11,0,5.11,0,1.34,0.27,2.97,1.16,0.51,2.2,0,0.5, 0.06958056, 0.06982018, 0.06586905, 0.03335537, 0.069581,buy
2020-12-30,0.09,0,0.23,2.95,0.03,2.57,0,1.9,0.11,1.81,3.18,0.39,0.83,0,1.45,-0.00932774,-0.02494408,-0.02494408,-0.02494408,-0.026365,sell
2020-12-31,0.33,0,1.02,2.4,0.1,1,0,3.31,0,0.74,3.42,0.35,0.35,0,3.3,-0.00811115,-0.01714200,-0.02186539,-0.01952525,-0.021865,sell
2021-01-01,1.24,0,2.95,0.75,0.29,0.39,0,2.66,0,0.32,3.7,0.51,0.19,0,3.6,-0.09790879,-0.10108779,-0.07511133,-0.05508418,-0.098988,sell
2021-01-02,2.95,0,1.88,0.24,0.87,0.14,0,1.14,0,0.15,2.14,1.14,0.12,0,3.82,-0.02898436,-0.02477383,-0.02404999,-0.02494264,-0.018104,sell
2021-01-03,1.77,0,0.45,0,2.6,0.03,0,0.6,0,0.04,0.48,3.33,0.16,0,2.08,-0.06954551,-0.00007906,-0.04512507,-0.07618343, 0.005919,sell
2021-01-04,0.46,0,0.19,0,2.95,0.05,0,0.37,0,0.05,0.24,5.62,0.21,0,0.57,-0.01267275, 0.02800870, 0.02243679,-0.05946040, 0.028009,buy
2021-01-05,0.16,0,0.25,0,1.15,0.08,0,0.35,0.02,0.06,0.33,4.13,0.29,0,0.16,-0.01675278, 0.03733934, 0.01656037,-0.10355313, 0.034353,buy
2021-01-06,0.09,0,0.66,0,0.47,0.13,0,0.46,0.03,0.07,0.79,1.13,0.49,0,0.09, 0.06274348, 0.03520023, 0.03184589, 0.03392303, 0.014409,buy
2021-01-07,0.2,0.08,1.73,0,0.37,0.2,0,0.61,0.05,0.15,1.99,0.31,0.84,0,0.22, 0.04003213, 0.08217809, 0.08803304, 0.06677941, 0.039512,buy
2021-01-08,0.47,0.33,2.97,0,0.58,0.32,0.06,0.86,0.17,0.28,3.56,0,1.76,0,0.53,-0.04581830,-0.02148387,-0.03270203,-0.02143895,-0.021184,sell
2021-01-09,1.08,1.4,1.92,0,1.48,0.51,0.24,1.24,0.46,0.64,3.67,0.05,4.55,0,1.24, 0.02281033, 0.00408028, 0.01708841, 0.02793569, 0.001424,buy
2021-01-10,2.53,3.5,0.74,0,3.55,0.82,1,1.88,1.52,1.77,4.53,0.12,7.26,0,3.06,-0.05128348,-0.11370611,-0.04773510,-0.07157154,-0.044884,sell
2021-01-11,3,3.49,0.29,0,3.87,1.31,2.92,3.15,4.24,4.21,3.12,0.3,5.37,0,4.97, 0.00891602, 0.01359645,-0.01456740,-0.02426230, 0.006582,sell
2021-01-12,1.47,3.45,0.11,0,3.89,2.1,2.03,5.8,5.33,5.03,2.55,0.71,3.74,0,4.58, 0.00148633, 0.01170059, 0.01124763, 0.01139661, 0.006613,buy
2021-01-13,0.62,1.35,0,0,3.79,3,0.49,5.95,3.61,3.9,3,1.71,3.34,0,1.97, 0.01887510, 0.01503198, 0.03250095, 0.02595048, 0.025309,buy
2021-01-14,0.26,0.6,0,0,2.22,2.6,0.12,3.82,1.75,1.93,2.6,2.95,2.66,0,0.86,-0.03162038,-0.00881968, 0.00209813,-0.01099396,-0.007971,sell
2021-01-15,0.11,0.48,0,0,1.68,1.61,0,2.61,1.43,1.06,1.61,2.1,1.8,0,0.59,-0.06687986,-0.02541812, 0.00768526, 0.00768526, 0.007685,buy
2021-01-16,0.06,0.73,0,0,1.95,0.98,0,2.05,1.83,0.87,1.04,0.87,1.3,0,0.73,-0.05448480,-0.08323332,-0.05853000,-0.05853000,-0.053133,sell
2021-01-17,0.22,1.16,0,0,2.71,0.6,0,1.74,2.62,0.91,0.86,0.36,0.94,0,1.12,-0.03615323,-0.01488894,-0.01689847,-0.01684252,-0.026851,sell
2021-01-18,0.83,1.83,0.08,0,2.97,0.46,0,1.7,3.06,1.04,1.34,0.15,0.71,0,1.77,-0.03180046,-0.02893307,-0.02416842,-0.04315209,-0.043564,sell
2021-01-19,2.95,2.98,0.24,0,2.22,0.52,0.02,1.79,2.53,1.32,3.55,0,0.58,0,2.85,-0.06198045,-0.06681463,-0.03789048,-0.05373885,-0.035655,sell
2021-01-20,2.82,3.7,0.79,0,1.44,1.06,0.06,2.01,2.42,1.68,3.99,0,0.57,0,3.46,-0.08248845,-0.08638123,-0.06224648,-0.04066527,-0.059072,sell
2021-01-21,0.87,3.86,2.5,0,1.01,2.77,0.14,2.38,3.86,2.16,3.71,0.06,0.77,0,3.52, 0.01133230, 0.01963516, 0.03096568, 0.02394118, 0.018067,buy
2021-01-22,0.39,4.43,5.92,0,0.78,2.97,0.34,2.91,3.93,2.78,6.17,0.16,1.35,0,4.57, 0.00049697,-0.00032601,-0.02355779,-0.01307269,-0.013073,sell
2021-01-23,0.45,3.16,4.48,0,0.82,1.12,0.82,3.12,2.35,3.09,4.22,0.41,2.74,0,3.87,-0.04220305, 0.00616521,-0.00646416,-0.00988494,-0.009885,buy
2021-01-24,1.43,2.38,1.53,0,1.23,0.44,1.97,2.53,2.67,2.7,1.46,1.02,3,0,3.88,-0.00459718, 0.02245063,-0.01583814,-0.00480634,-0.033480,sell
2021-01-25,2.95,3.51,0.56,0,2.18,0.19,2.95,1.99,3.31,2.34,0.52,2.17,1.48,0,6.5, 0.08335241, 0.07494293, 0.07845248, 0.08335241, 0.083352,buy
2021-01-26,1.87,3.24,0.15,0,3.08,0.09,1.84,1.54,2.04,2.24,0.11,3.43,0.67,0,5.15,-0.00318884, 0.02168419, 0.02815596,-0.01008317, 0.030624,sell
2021-01-27,0.59,1.25,0,0,2.42,0,0.77,1.2,0.77,2.58,0,3.79,0.3,0,1.84, 0.01905443, 0.07373937, 0.08068484, 0.02462133, 0.085875,buy
2021-01-28,0.18,0.43,0,0,1.51,0,0.32,0.92,0.32,3.69,0,4.48,0.13,0,0.61, 0.01658142, 0.04718587, 0.01792805, 0.03299726, 0.059059,buy
2021-01-29,0,0.16,0,0,1.1,0,0.13,0.71,0.13,3.68,0,3.2,0,0,0.16, 0.02195218, 0.04746768, 0.02853964, 0.02501840, 0.037241,buy
2021-01-30,0,0.06,0,0,0.97,0,0,0.55,0,2.11,0.09,1.65,0,0,0,-0.06750866,-0.00224105,-0.00753300, 0.01725401, 0.017254,buy
2021-01-31,0.04,0.2,0,0,1.16,0.02,0,0.42,0.02,1.21,0.29,1.35,0,0,0,-0.13240902,-0.11487922,-0.13607673,-0.10559395,-0.137643,sell
2021-02-01,0.1,0.69,0.03,0,1.6,0.03,0.02,0.33,0.05,0.72,0.84,1.52,0.04,0,0.06,-0.09907193,-0.09858557,-0.09927772,-0.08339285,-0.099278,sell
2021-02-02,0.25,2.22,0.04,0,2.62,0.05,0.07,0.25,0.12,0.45,2.5,2.49,0.1,0,0.14,-0.01133367, 0.01677843, 0.01953374,-0.01190819, 0.011014,sell
2021-02-03,0.65,3.28,0.09,0,3.19,0.1,0.2,0.19,0.3,0.29,3.82,2.97,0.28,0,0.42, 0.02702543, 0.02121308, 0.03277876, 0.02322374, 0.031680,buy
2021-02-04,1.69,2.41,0.21,0,2.22,0.27,0.57,0.15,0.84,0.15,3.32,1.84,0.77,0,1.37, 0.03002202, 0.03190374, 0.04220684, 0.02464631, 0.037680,buy
2021-02-05,2.99,3.37,0.49,0,1.48,0.69,1.7,0.11,2.39,0.11,3.99,0.84,2.14,0.02,3.5, 0.04570805, 0.04570805, 0.06304493, 0.02999905, 0.053292,buy
2021-02-06,2.09,2.3,1.26,0,1.44,1.82,2.95,0.08,4.77,0.12,3.24,0.34,2.97,0.13,3.51, 0.07470930, 0.07560503, 0.05553330, 0.06215634, 0.080013,buy
2021-02-07,0.98,0.63,3.31,0,2,3.61,1.73,0,5.34,0.11,2.73,0.13,1.47,0.89,4.06,-0.03321794,-0.01532880,-0.02635331,-0.02812017,-0.038748,sell
2021-02-08,0.79,0.18,6,0,3.03,3.38,0.59,0,3.97,0.27,3.56,0.03,0.53,2.95,6.41,-0.04895804,-0.03132536,-0.02284486,-0.03549174,-0.040257,sell
2021-02-09,1.25,0,4.05,0,2.82,3.73,0.2,0,3.93,0.66,3.55,0.08,0.19,1.3,4.49,-0.02884639,-0.01115644,-0.01560758,-0.02180568,-0.029819,sell
2021-02-10,2.79,0,1.54,0,1.8,2.96,0,0,2.96,1.68,3.55,0.19,0,0.18,2.39,-0.01785675,-0.04087429, 0.00040032,-0.01343018,-0.039008,sell
2021-02-11,4.68,0,0.6,0,1.4,1.33,0,0,1.33,3.14,4.01,0.46,0,0,2.21, 0.05251353, 0.05288267, 0.04453052, 0.05000620, 0.035471,buy
2021-02-12,5.14,0,0.22,0,1.66,0.83,0,0,0.83,2.55,2.72,1.11,0,0,3.19, 0.05561942, 0.01554800, 0.04036006, 0.04645888, 0.028945,buy
2021-02-13,4.74,0,0.23,0,2.97,0.77,0,0,0.77,2.09,2.27,2.65,0,0,3.02, 0.01087987,-0.03382838,-0.01123030,-0.01123030,-0.025692,sell
2021-02-14,4.79,0,0.56,0,3.13,0.95,0,0,0.95,3.32,3.52,2.97,0,0,1.99, 0.07659772, 0.04149231, 0.07012300, 0.07659772, 0.060247,buy
2021-02-15,3.2,0,2.03,0,1.48,1.56,0,0,1.56,2.88,2.54,1.41,0.02,0,2.76, 0.04506342, 0.02867275, 0.03222153, 0.05705848, 0.033153,buy
2021-02-16,1.23,0,2.97,0,0.57,2.66,0,0,2.66,1.21,0.8,0.63,0.04,0,3.34, 0.00195932, 0.00078700,-0.05906655, 0.00039769, 0.011205,buy
2021-02-17,0.51,0,1.14,0,0.27,4.04,0.04,0,4.08,0.59,0.22,0.37,0.06,0,1.33, 0.01078130, 0.01700309, 0.00479610, 0.00012981, 0.011083,sell
2021-02-18,0.25,0,0.31,0,0.18,5.39,0.05,0,5.44,0.33,0,0.34,0.09,0,0.4, 0.05007171, 0.05501641, 0.04900916, 0.03929276, 0.046676,buy
2021-02-19,0.25,0,0,0,0.28,4.31,0.06,0,4.4,0.2,0,0.5,0.12,0,0, 0.02864243, 0.04340472, 0.02885993, 0.04154091, 0.034414,buy
2021-02-20,0.41,0,0,0,0.85,1.93,0.07,0,2.07,0.14,0,1.16,0.17,0,0, 0.07379224, 0.00708006,-0.01356918, 0.07181698,-0.009978,sell
2021-02-21,0.69,0,0,0,2.46,0.94,0.07,0,1.16,0.11,0.03,2.9,0.22,0,0, 0.02229975, 0.02836962, 0.05890542,-0.00116733, 0.049295,buy
2021-02-22,1.12,0,0.02,0,3.47,0.5,0,0,0.86,0.09,0.04,4.03,0.31,0,0.02, 0.01197082, 0.02222812, 0.04968553, 0.01175842, 0.019944,buy
2021-02-23,1.79,0,0.03,0,2.51,0.27,0,0,1.09,0.09,0.05,3.07,0.5,0,0.03,-0.04413311, 0.00951833,-0.00147464,-0.02727804, 0.030129,sell
2021-02-24,2.92,0,0.05,0,3.25,0.21,0,0,2.12,0.1,0.08,3.34,0.93,0.03,0.05,-0.04302442,-0.05621043,-0.03806256,-0.04010530,-0.029535,sell
2021-02-25,3.12,0,0.1,0,4.95,0.25,0,0,3.07,0.12,0.12,3.3,1.89,0.04,0.1,-0.03432464,-0.00684088,-0.03401728,-0.03476539,-0.031351,sell
2021-02-26,2.1,0,0.19,0,4.91,0.35,0,0,1.89,0.15,0.2,2.25,2.95,0.07,0.19,-0.01458449,-0.00824010,-0.04061518,-0.00819568,-0.014676,sell
2021-02-27,1.54,0,0.41,0,3.18,0.84,0,0,0.87,0.21,0.36,2.02,2.21,0.1,0.41, 0.05155661, 0.03671699, 0.04927296, 0.01076634, 0.071692,buy
2021-02-28,1.39,0,0.95,0.04,1.74,2.01,0,0.03,0.56,0.32,0.71,2.72,1.05,0.13,0.99, 0.10172238, 0.11802631, 0.10715324, 0.09844584, 0.113579,buy
2021-03-01,1.82,0,2.3,0.13,1.6,3,0,0.08,0.76,0.53,1.46,3.44,0.64,0.17,2.43, 0.04026154, 0.02391298, 0.05006910, 0.04959145, 0.076459,buy
2021-03-02,3.22,0,3,0.4,2.77,1.86,0,0.2,1.77,0.89,3.15,2.13,0.74,0.2,3.4, 0.03299001,-0.05849653,-0.02197213, 0.01882477,-0.038473,buy
2021-03-03,3.13,0,1.47,1.22,4.91,0.95,0,0.5,2.97,1.57,3.47,1.11,1.6,0.25,2.69, 0.00740218,-0.00547346, 0.01005156, 0.03350696,-0.014271,buy
2021-03-04,1.42,0,0.54,3,5.11,0.91,0,1.31,1.7,2.87,2.63,0.98,2.97,0.28,3.54,-0.01595869,-0.01570776, 0.01093317, 0.00816730, 0.009180,buy
2021-03-05,0.56,0,0.19,2.4,3.35,1.88,0,2.99,0.65,3.42,3.55,1.81,2.06,0.29,2.59,-0.00696914,-0.00488161,-0.00488161, 0.00533364,-0.015461,buy
2021-03-06,0.23,0,0,1.22,2.09,3.12,0,2.71,0.37,2.6,2.94,2.95,0.74,0.3,1.22,-0.03785485,-0.01841504,-0.01791690, 0.03241372,-0.017279,sell
2021-03-07,0.09,0,0,2.09,2.35,2.14,0.02,1.38,0.43,2.65,1.47,1.75,0.27,0.31,2.09,-0.05884781,-0.05674269,-0.05641967,-0.04561027,-0.070558,sell
2021-03-08,0,0,0,2.92,3.46,1.62,0.04,1.57,1.06,3.48,1.57,0.62,0.12,0.31,2.92,-0.02283264,-0.02500471,-0.03002000,-0.02023904,-0.025005,sell
2021-03-09,0,0,0,1.2,3.01,2.88,0.06,3.11,2.71,2.85,3.11,0.31,0.04,0.31,1.2,-0.01192142, 0.06198382,-0.03255497, 0.10285843,-0.037516,sell
2021-03-10,0.02,0,0,0.31,2.21,3.06,0.1,2.32,3.07,1.69,2.32,0.32,0.11,0.3,0.31,-0.02337365,-0.01262123,-0.03886639, 0.01782150,-0.037029,sell
2021-03-11,0.03,0,0,0,2.85,1.42,0.21,0.72,1.38,1.77,0.72,0.95,0.23,0.3,0,-0.03683927,-0.04657975,-0.03792051,-0.05418354,-0.046233,sell
2021-03-12,0.05,0,0,0,6,0.9,0.37,0.23,0.7,3.2,0.23,2.76,0.51,0.3,0, 0.01047030, 0.01216936, 0.00207932, 0.01216936,-0.065774,buy
2021-03-13,0.08,0,0,0,6.22,1.25,0.67,0,0.57,3.15,0,3.21,1.17,0.31,0,-0.00795263, 0.05811710,-0.00416137, 0.05110979,-0.009151,sell
2021-03-14,0.12,0.03,0,0,2.37,2.46,1.33,0.02,0.66,1.19,0,1.78,2.58,0.34,0.02, 0.09888902, 0.08682389, 0.11336693, 0.07462892, 0.067987,buy
2021-03-15,0.19,0.06,0,0,0.82,3.47,2.69,0.05,1.06,0.47,0,2.04,3.66,0.3,0.05, 0.10498698, 0.06836715, 0.04917804, 0.05359415,-0.037515,buy
2021-03-16,0.3,0.09,0,0,0.3,3.12,5.1,0.11,1.71,0.19,0,3.59,3.42,0.37,0.11,-0.00973885,-0.01333966,-0.00973885,-0.00973885,-0.073462,sell
2021-03-17,0.47,0.16,0,0,0,3.73,6.48,0.22,2.74,0,0,3.9,4.2,0.46,0.22, 0.00363422, 0.00726655, 0.00775772, 0.00775772,-0.009971,buy
2021-03-18,0.73,0.26,0,0,0.08,2.54,6.97,0.46,3.05,0,0,4.26,3.27,0.58,0.46,-0.02136610,-0.03351211,-0.03450175,-0.03753123,-0.050656,sell
2021-03-19,1.15,0.43,0,0.04,0.3,0.94,4.64,0.96,2.25,0,0.02,3.08,2.13,0.72,1,-0.01257823,-0.01880957,-0.01880957,-0.02471762,-0.034107,sell
2021-03-20,1.79,0.73,0,0.16,1.02,0.34,2.17,2.01,2.12,0,0.04,1.72,2.21,0.91,2.17, 0.00413932,-0.01417535,-0.00353297, 0.00535518, 0.005355,buy
2021-03-21,2.82,1.21,0,0.7,3.45,0.35,1.02,2.97,3.74,0.05,0.07,1.66,3.4,1.13,3.67, 0.06439460, 0.06439460, 0.06439460, 0.05033473, 0.045740,buy
2021-03-22,2.97,2.01,0,2.97,4.41,0.91,0.48,2.17,3.24,0.15,0.18,2.77,4.64,1.42,5.09, 0.02633712,-0.01468996, 0.00711859,-0.00753455, 0.007461,buy
2021-03-23,2.01,2.97,0,2.62,3.74,3.17,0.3,1.22,1.1,0.3,0.43,5.84,4.98,1.77,3.64,-0.03283069,-0.02984051,-0.00265638,-0.05503311, 0.005336,sell
2021-03-24,1.27,2.62,0.07,0.56,1.64,3.63,0.18,1.32,0.53,0.68,1.23,5.57,2.7,2.24,1.13, 0.00726807, 0.02113300, 0.01054729, 0.01308984, 0.016842,buy
2021-03-25,0.81,1.55,0.2,0.12,0.39,2.26,0.11,3.19,0.46,1.51,3.69,2.3,1.2,2.79,0.56,-0.05956516,-0.06867711,-0.06795676,-0.07328868,-0.067696,sell
2021-03-26,0.52,0.93,0.65,0,0.11,3.57,0.12,2.56,0.89,3.38,3.75,1.12,0.75,3,0.77,-0.05544194,-0.06017875,-0.06466736,-0.07846101,-0.059459,sell
2021-03-27,0.33,0.55,2.11,0,0.05,5.97,0.31,0.57,2.33,6.02,2.91,0.55,0.64,2.56,2.11, 0.03703376, 0.03438020, 0.03464287, 0.03442721, 0.078999,buy
2021-03-28,0.21,0.33,5.36,0,0.17,4.64,0.83,0.13,5.12,4.81,3.16,0.33,1.01,2.03,5.36, 0.09227120, 0.09948684, 0.07257532, 0.09544239, 0.092271,buy
2021-03-29,0.13,0.2,4.87,0,0.61,2.14,2.24,0,5.13,2.72,2.24,0.2,2.26,1.62,4.87, 0.02601426, 0.03589111,-0.02254682,-0.04119447, 0.009781,buy
2021-03-30,0,0.12,1.79,0,2.3,1.08,4.92,0,2.49,3.26,1.61,0.21,4.52,1.3,1.79, 0.11443178, 0.10177411, 0.10563939, 0.11093725, 0.116997,buy
2021-03-31,0,0,0.61,0,3,0.97,6.82,0,1.01,3.44,1.96,0.42,5.63,1.04,0.61, 0.13522636, 0.13909149, 0.11083572, 0.14125272, 0.142290,buy
2021-04-01,0,0,0.16,0,0.98,2.45,9,0,0.42,1.15,4,1.9,5.75,0.82,0.16, 0.08057838, 0.04864861, 0.07250120, 0.07631963,-0.008819,buy
2021-04-02,0,0,0,0,0.25,2.92,8.92,0,0.14,0.25,4.66,3,4.39,0.65,0, 0.08039039, 0.00945023, 0.05285644, 0.05354712,-0.004423,buy
2021-04-03,0.02,0,0,0,0,0.84,5.38,0,0,0.02,3.93,0.94,1.47,0.52,0, 0.04326581, 0.04326581, 0.04126782, 0.04618701, 0.037176,buy
2021-04-04,0.03,0.04,0,0,0,0.18,2.6,0,0,0.03,2.16,0.2,0.42,0.41,0.04, 0.04249557, 0.04249557, 0.04017213, 0.04310009, 0.007427,buy
2021-04-05,0.04,0.14,0.07,0,0,0,0.89,0,0,0.07,0.75,0,0.11,0.33,0.21, 0.01267071, 0.01267071, 0.01168767,-0.00336133, 0.000833,buy
2021-04-06,0.06,0.5,0.38,0,0,0.07,0.38,0,0.07,0.21,0.3,0,0,0.26,0.88, 0.02871615, 0.02871615, 0.01540487, 0.03198256, 0.002227,buy
2021-04-07,0.09,1.63,2.18,0,0,0.3,0.33,0,0.33,0.6,0.12,0,0,0.21,3.81, 0.06179798, 0.05953223, 0.06179798, 0.05909585, 0.061412,buy
2021-04-08,0.13,3.18,2.95,0,0,1.38,0.79,0.09,1.71,2.05,0.06,0.09,0.19,0.17,6.13,-0.03830614,-0.00950881,-0.05420232,-0.01107689, 0.004041,sell
2021-04-09,0.19,2.32,0.69,0,0,3,2.65,0.28,2.97,4.57,0.29,0.32,1.01,0.13,2.94, 0.00993713,-0.00383544,-0.02899424,-0.02104748,-0.014718,sell
2021-04-10,0.28,2.09,0.17,0,0,1.48,7.41,0.84,0.93,4.67,1.55,0.9,3,0.11,2.15, 0.01472068,-0.04738680,-0.02348100,-0.04755088,-0.029014,sell
2021-04-11,0.4,3.19,0.11,0,0,0.79,7.21,2.5,0.18,3.32,3.46,2.61,1.7,0,3.11,-0.01621089,-0.02697176,-0.03202833,-0.05111324,-0.054960,sell
2021-04-12,0.59,2.39,0.19,0,0,1.64,2.67,3.08,0,1.96,2.64,3.27,0.42,0,2.27,-0.08942993,-0.09861049,-0.09758684,-0.13227366,-0.034753,sell
2021-04-13,0.85,1.25,0.31,0,0,3.07,1.38,1.48,0,2.07,3.23,1.79,0.2,0,1.05, 0.03033053, 0.03033053, 0.01958007, 0.02288365, 0.060277,buy
2021-04-14,1.26,1.77,0.54,0,0,1.86,1.93,1.14,0,3.19,1.86,1.68,0.32,0.05,1.45,-0.02424503,-0.06742329,-0.07095093,-0.03411486,-0.061460,sell
2021-04-15,1.87,3.66,0.92,0,0,0.99,3.16,2,0,5,0.99,2.92,0.52,0.14,3.17,-0.09667933,-0.09584451,-0.10064916,-0.11414159,-0.104561,sell
2021-04-16,2.78,2.03,1.55,0,0,1.46,3.31,3.46,0,6.01,1.46,5.01,0.85,0.36,1.26,-0.03763565,-0.04252539,-0.03029996,-0.03302539,-0.036516,sell
2021-04-17,3.25,1.57,2.67,0,0,3.83,4.18,4.99,0,7.18,3.83,7.66,1.39,0.98,0.43, 0.00091268,-0.01643105,-0.00675181,-0.00675181,-0.000857,buy
2021-04-18,3,2.28,2.97,0,0.04,5.89,2.27,3.38,0.04,4.49,5.89,6.35,2.28,2.67,0.78,-0.03402777, 0.01086334,-0.03458995,-0.02518994,-0.021852,sell
2021-04-19,3.86,2.97,1.94,0,0.11,2.51,0.58,0.75,0.11,2.08,2.51,2.69,2.97,2.97,2.36, 0.00987851,-0.00410928, 0.00783210, 0.00943085, 0.012451,buy
2021-04-20,4.15,2.38,1.14,0,0.34,0.67,0.14,0.18,0.32,1.16,0.69,1.29,2.41,1.18,3.13,-0.01508508,-0.03902722,-0.03644339,-0.05433160,-0.031626,sell
2021-04-21,2.85,1.44,0.66,0,1.04,0.19,0,0.1,0.96,0.68,0.27,0.66,1.54,0.42,2.17,-0.00277193, 0.00976715, 0.00285179,-0.04382244, 0.011337,buy
2021-04-22,3.9,0.88,0.39,0,3.15,0,0,0.32,2.9,0.46,0.25,0.39,1.2,0.15,3.44, 0.04635162, 0.01603802, 0.05005718, 0.04079941, 0.047171,buy
2021-04-23,2.1,0.54,0.23,0,5.52,0,0,0.99,4.59,0.31,0.93,0.23,1.53,0,1.79, 0.12296345, 0.09647992, 0.09647992, 0.04306808, 0.080292,buy
2021-04-24,1.02,0.33,0.13,0,7.71,0,0,3.49,4.09,0.21,3.62,0.13,3.82,0,0.81, 0.07593558, 0.08001625, 0.08001625, 0.05318389, 0.047700,buy
2021-04-25,1.52,0.2,0,0,7.24,0,0.03,5.95,1.27,0.14,5.97,0,6.15,0,1.41,-0.01826972,-0.01715365,-0.03088249,-0.04749647,-0.033404,sell
2021-04-26,3.06,0.12,0,0,2.57,0,0.04,2.46,0.39,0.09,2.18,0,2.58,0,3.01, 0.03053455, 0.04657661, 0.04328116, 0.04682853, 0.048761,buy
2021-04-27,2.77,0,0,0,0.83,0,0.07,0.65,0.28,0,0.55,0,0.65,0,2.84, 0.00711102, 0.01434988, 0.04757785, 0.01529932, 0.047734,buy
2021-04-28,1.23,0,0,0,0.86,0.02,0.11,0.22,0.66,0,0.22,0,0.22,0,1.34, 0.03083998, 0.01998429, 0.04445056, 0.04445056, 0.021959,buy
2021-04-29,0.59,0,0,0,1.73,0.12,0.18,0.17,1.58,0,0.27,0.04,0.17,0,0.73,-0.00723827,-0.00912183, 0.00174650,-0.00723827,-0.007238,sell
2021-04-30,0.5,0,0,0,3.63,0.69,0.29,0.45,3.66,0.06,0.66,0.26,0.39,0,0.53,-0.07281676,-0.07267724,-0.02176220,-0.06333907,-0.073549,sell
2021-05-01,1.57,0,0,0,4.27,3.05,0.47,1.21,5.67,0.32,1.65,1.46,0.89,0,0.58, 0.00331517, 0.03679267, 0.00789971, 0.01971616, 0.007900,buy
2021-05-02,3.01,0,0,0,4.17,2.43,0.74,3.59,3.63,1.52,3,3.01,2.04,0,0.74,-0.05098579,-0.05400553,-0.05098579,-0.05861012,-0.050986,sell
2021-05-03,1.27,0,0,0,2.63,0.88,1.17,5.97,1.44,2.92,2.12,1.27,3,0,1.17, 0.00504097, 0.00705195, 0.02129606,-0.00039675, 0.007604,buy
2021-05-04,0.77,0,0,0,1.11,1.33,1.82,3.23,1.65,1.3,0.88,0.77,1.84,0,1.82, 0.05879350, 0.03673163, 0.03717248, 0.04265419, 0.041117,buy
2021-05-05,1.7,0,0,0,0.49,3,2.82,1.51,3.25,0.51,0.39,1.7,0.79,0,2.88,-0.04566362,-0.01797112,-0.04566362,-0.04759955,-0.047600,sell
2021-05-06,2.95,0,0.03,0,0.22,2.4,2.97,1.43,2.64,0.61,0.22,2.95,0.38,0,3.2,-0.00559399,-0.03035474,-0.00525884,-0.00895805, 0.000731,buy
2021-05-07,1.68,0.05,0.05,0,0.15,0.84,2.08,3.08,1.29,1.67,0.15,1.71,0.2,0,2.91,-0.02054422, 0.00035921,-0.02037209,-0.02032384,-0.007336,sell
2021-05-08,0.56,0.14,0.09,0,0.28,0.29,1.52,6.59,1.14,3,0.36,0.67,0.09,0,4.29,-0.02684985,-0.04326115,-0.04326115,-0.05297124,-0.052971,sell
2021-05-09,0.29,0.47,0.15,0,0.5,0.1,1.59,5.76,1.91,2.01,0.83,0.61,0.25,0,3.58,-0.01989555,-0.06663310,-0.06663310,-0.08439535,-0.066633,sell
2021-05-10,0.36,1.59,0.25,0,0.89,0.02,3.06,3.32,4.28,0.81,2.14,1.51,0.61,0,1.39,-0.00433152,-0.02177593,-0.01379816,-0.01783781,-0.020887,sell
2021-05-11,1.21,3.08,0.43,0,1.62,0.04,3.33,3.52,5.94,0.4,4.54,2.98,1.61,0,0.68,-0.03223730,-0.00308784,-0.06588192,-0.02405749, 0.017582,sell
2021-05-12,3.01,1.87,0.73,0,2.92,0.09,1.32,3.29,4.16,0.3,4.84,1.73,3.68,0,0.44, 0.05102771,-0.08009492, 0.00685404, 0.03911445,-0.003011,buy
2021-05-13,2.49,0.83,1.24,0,3,0.21,0.55,2.04,2.39,0.31,3.58,0.67,3.58,0,0.41,-0.01437279,-0.03045935,-0.00962486, 0.00304729, 0.001942,sell
2021-05-14,1.15,0.71,2.12,0,1.67,0.49,0.3,1.74,1.78,0.51,1.91,0.58,2.91,0,0.73, 0.01216823, 0.00996265,-0.04263598, 0.01209486, 0.014841,buy
2021-05-15,1.17,0.92,3,0,0.92,1.11,0.21,2.29,1.98,0.8,1.08,1.01,3.32,0,1.59,-0.04196147,-0.01151042,-0.06669723,-0.04198509,-0.035572,sell
2021-05-16,2.24,1.69,2.44,0,0.51,2.49,0.6,3.45,3.49,1.28,1.02,2.52,2.65,0,2.97,-0.04968770,-0.04028941,-0.10577191,-0.01413373, 0.004829,sell
2021-05-17,3.27,3.33,1.43,0,0.28,2.97,1.71,2.56,4.92,2.05,1.87,4.43,1.73,0,2.14,-0.13696291,-0.11941503,-0.13764727,-0.13590318,-0.126143,sell
2021-05-18,2.67,5.92,0.84,0,0.16,1.52,2.95,1.38,4.62,3.33,3.13,4.76,1.72,0,0.85, 0.03418335, 0.04984565, 0.04908654, 0.01977245, 0.043717,buy
2021-05-19,3.37,4.93,0.49,0,0.09,0.68,1.76,1.25,2.53,3.79,1.8,2.71,3.11,0,0.34,-0.00402039, 0.08686947, 0.05692358, 0.01516059, 0.076852,buy
2021-05-20,3.32,2.54,0.32,0,0,0.3,0.61,1.93,0.91,3.68,0.55,1,3.29,0,0.14,-0.02266585,-0.03294365,-0.02353829,-0.01789772,-0.018228,sell
2021-05-21,1.24,1.41,0.23,0,0,0.13,0.21,3,0.34,4.19,0.17,0.41,1.28,0,0, 0.07611364, 0.07611364, 0.07611364, 0.06367844, 0.090269,buy
2021-05-22,0.37,0.75,0.2,0,0,0,0,2.24,0,2.99,0,0.1,0.47,0,0, 0.05505484, 0.03715414, 0.05505484, 0.05832693, 0.067397,buy
2021-05-23,0.12,0.5,0.15,0,0,0,0,1.03,0,1.5,0,0.15,0.15,0,0,-0.09129840,-0.11314541,-0.11314541,-0.08661577,-0.127770,sell
2021-05-24,0,0.33,0.23,0,0,0,0,0.47,0,0.76,0,0.23,0.04,0,0, 0.03379605, 0.01445467, 0.01401945, 0.01048083,-0.018918,buy
2021-05-25,0,0.24,0.32,0,0,0,0,0.22,0,0.4,0,0.32,0.06,0,0, 0.03235789, 0.01408188, 0.02079414, 0.01529934,-0.012143,buy
2021-05-26,0,0.18,0.46,0,0,0,0,0.1,0,0.21,0.03,0.46,0.07,0,0, 0.04879125, 0.03824586, 0.03068625, 0.02007919,-0.004157,buy
2021-05-27,0,0.13,0.63,0.02,0,0.05,0.03,0.04,0.03,0,0.1,0.69,0.09,0,0.06, 0.04919253, 0.04501538, 0.03110878, 0.02900934, 0.010047,buy
2021-05-28,0,0.28,0.97,0.04,0,0.08,0.07,0.07,0.07,0,0.23,1.11,0.18,0,0.09, 0.05457185, 0.03265900, 0.01936396, 0.02490720, 0.002686,buy
2021-05-29,0.05,0.58,1.84,0.06,0,0.14,0.17,0.13,0.17,0,0.54,2.15,0.38,0,0.16, 0.07002285, 0.03314423, 0.05966514, 0.04327348, 0.033293,buy
2021-05-30,0.16,1.39,3.55,0.11,0,0.25,0.38,0.25,0.38,0.05,1.25,4.25,0.91,0,0.3, 0.05512547, 0.03960466, 0.04176727, 0.00658773, 0.053371,buy
2021-05-31,0.38,3.59,2.82,0.2,0,0.42,0.86,0.46,0.86,0.13,2.94,4.43,2.43,0,0.52, 0.04202486, 0.04969369, 0.05333355, 0.05780582, 0.040399,buy
2021-06-01,0.98,6.06,1.26,0.34,0,0.74,1.96,0.85,1.96,0.37,3.62,4.6,3.67,0,0.94, 0.02640652, 0.03869479, 0.02597667, 0.00797137, 0.043666,buy
2021-06-02,2.47,3.97,0.69,0.6,0,1.3,2.95,1.55,2.95,1.03,2.55,3.89,2.81,0,1.67,-0.02585560,-0.01343708,-0.02632045,-0.08373215,-0.022326,sell
2021-06-03,5.95,1.55,0.36,1.05,0,2.28,1.96,2.84,1.96,2.95,2.68,2.5,3.46,0,3,-0.03045292,-0.05165190, 0.02617970,-0.00574252,-0.018166,sell
2021-06-04,5.43,0.61,0.27,1.84,0,3.18,0.85,3,0.85,2.92,3.19,2.57,2.66,0,3.21, 0.02497624,-0.01873240, 0.02059007, 0.02354419, 0.020965,buy
2021-06-05,2.09,0.19,0.23,3,0,2.56,0.37,1.7,0.37,1.07,2.37,3.39,1.05,0,1.98,-0.03351155,-0.05326822,-0.05240724,-0.04901250,-0.049964,sell
2021-06-06,0.8,0,0.18,2.72,0,1.64,0.17,0.93,0.17,0.4,1.26,2.86,0.44,0,1.31, 0.02426191,-0.00361715,-0.00361715,-0.01884617,-0.003617,buy
2021-06-07,0.31,0,0.16,1.55,0.09,1.19,0,0.52,0,0.2,0.78,1.64,0.18,0.05,1.02,-0.01694457, 0.00396810, 0.01112011,-0.02014973, 0.013769,sell
2021-06-08,0,0,0.14,0.88,0.29,1.04,0,0.34,0.05,0.12,0.67,0.88,0.02,0.18,0.95,-0.00367617,-0.02807250,-0.00813883,-0.00504686,-0.007998,buy
2021-06-09,0,0,0.28,0.5,0.9,1.08,0,0.31,0.15,0.21,1.11,0.5,0.07,0.68,1.03,-0.07721913,-0.09083848,-0.08137544,-0.07515210,-0.078062,sell
2021-06-10,0,0,0.56,0.28,2.82,1.27,0,0.58,0.44,0.35,2.94,0.28,0.21,2.65,1.29,-0.01315403, 0.01480637, 0.02080525, 0.02266581,-0.049356,buy
2021-06-11,0,0.02,1.26,0.16,2.95,1.5,0.05,1.36,1.26,0.61,2.95,0.19,0.64,2.97,1.65, 0.01119208, 0.03442050, 0.03517872, 0.06274941,-0.018551,buy
2021-06-12,0,0.06,3.03,0.09,0.98,1.96,0.12,3.13,2.92,1.06,0.98,0.16,1.96,0.84,2.29, 0.06219965, 0.07025696,-0.04330979, 0.08114177, 0.046167,buy
2021-06-13,0.02,0.2,4.86,0,0.32,2.56,0.26,2.8,2.34,1.88,0.32,0.18,3.02,0.22,3.28,-0.00399719,-0.02392357,-0.02188304,-0.02165264,-0.033320,sell
2021-06-14,0.03,0.59,4.75,0,0.1,3,0.6,1.77,0.83,3.4,0.1,0.42,1.55,0,4.54,-0.02637304, 0.02097730, 0.02592092,-0.01920339,-0.026412,sell
2021-06-15,0.04,1.67,4.44,0,0,2.7,1.3,2.22,0.31,4.44,0,1,0.71,0,5.91,-0.03820525,-0.00582567,-0.00704855,-0.04840096,-0.039436,sell
2021-06-16,0.06,3.46,4.33,0,0,2.1,2.83,3.07,0.14,4.76,0,2.38,0.71,0,7.86,-0.02152386,-0.03839053,-0.03933481,-0.04639357,-0.013921,sell
2021-06-17,0.08,3.18,3.99,0,0,1.62,3.06,2.3,0.06,3.03,0,2.95,1.27,0,6.92,-0.04056626, 0.01807159,-0.02685979,-0.00977796,-0.010782,sell
2021-06-18,0.18,3.57,2.12,0,0,1.3,1.53,1.23,0.08,1.35,0.07,1.54,2.98,0,3.91,-0.02045455, 0.03042617,-0.01999773, 0.03771297, 0.029319,sell
2021-06-19,0.29,3.23,0.99,0.04,0,1.1,0.8,0.69,0.1,0.74,0.17,0.71,3.1,0,2.32,-0.04866837,-0.01506639,-0.01170940,-0.01210146,-0.050676,sell
2021-06-20,0.52,1.27,0.47,0.11,0,1.13,0.5,0.41,0.12,0.57,0.44,0.41,1.39,0,1.48,-0.02428805,-0.02457696,-0.01503858, 0.00007190,-0.027657,sell
2021-06-21,1,0.54,0.23,0.32,0,1.73,0.43,0.26,0.14,0.97,1.28,0.46,0.66,0,1, 0.02043397, 0.01742063, 0.01516102, 0.05854834, 0.010274,buy
2021-06-22,2.19,0.25,0,0.99,0,3.44,0.42,0.17,0.16,2.01,3.25,1.01,0.39,0,0.64, 0.06231257, 0.04624530, 0.04758183, 0.08820017, 0.046805,buy
2021-06-23,3.15,0.09,0,2.92,0,2.85,0.64,0.12,0.17,2.97,2.97,2.89,0.27,0,0.5,-0.02663140,-0.03114095,-0.02263871,-0.08691820,-0.007753,sell
2021-06-24,2.04,0,0.04,3.03,0,1.09,1.06,0.09,0.2,1.88,1.71,2.97,0.2,0,0.39, 0.00028643, 0.00463750, 0.00699971,-0.01138319, 0.007728,buy
2021-06-25,0.99,0,0.12,1.09,0.04,0.5,1.81,0,0.23,0.89,1.98,0.98,0.23,0,0.24, 0.07485437, 0.06551499, 0.02764128, 0.04986455, 0.051612,buy
2021-06-26,0.59,0,0.35,0.52,0.11,0.19,3.08,0,0.27,0.68,3.06,0.33,0.29,0.02,0.19, 0.05981057, 0.04644714, 0.04541705, 0.04824485, 0.029393,buy
2021-06-27,0.42,0,1.07,0.46,0.24,0.17,2.97,0,0.36,1.21,3.11,0.11,0.35,0.02,0.17, 0.06038265, 0.04491172, 0.05418282, 0.05418282, 0.036662,buy
2021-06-28,0.47,0,2.95,0.63,0.57,0.16,1.58,0.09,0.5,2.92,2.12,0,0.66,0.03,0.22, 0.04067335, 0.04399127, 0.00587270, 0.00765664, 0.086236,buy
2021-06-29,0.82,0,2.75,1.15,1.34,0.19,0.87,0.13,0.88,2.67,2.18,0,1.23,0.03,0.26, 0.03542940, 0.03442152,-0.00137086,-0.00932935, 0.020551,buy
2021-06-30,1.39,0,1.08,2.1,3.04,0.19,0.53,0.22,1.52,0.88,3.53,0,2.3,0.04,0.28, 0.02621305,-0.02876484, 0.01990885, 0.00548240,-0.003804,buy
2021-07-01,2.4,0,0.79,2.97,2.75,0.41,0.4,0.42,2.71,0.29,3.1,0,3.47,0.05,0.52,-0.03231879,-0.03187873,-0.02964619,-0.02318979,-0.030718,sell
2021-07-02,2.97,0,1.34,2.28,1.17,0.85,0.57,0.88,3.69,0.1,1.67,0.02,3.5,0.07,1.01, 0.03026804,-0.00665469, 0.05846740,-0.00897907,-0.013873,buy
2021-07-03,2.17,0.05,3.01,1.32,0.53,1.79,1.33,1.91,3.85,0.05,1.78,0.04,4.29,0.08,2.02,-0.01692331,-0.03195280,-0.01804582,-0.02273546,-0.038761,sell
2021-07-04,1.37,0.14,2.97,0.94,0.29,2.97,2.95,3.34,4.34,0.11,3.13,0.08,3.86,0.11,3.34,-0.10661218,-0.10409350,-0.08164300,-0.11135929,-0.106469,sell
2021-07-05,1.11,0.34,1.37,1.19,0.13,2.34,2.08,2.86,3.35,0.27,2.08,0.2,2.43,0.13,2.96, 0.04803886, 0.04372013, 0.07059136, 0.04643470, 0.042926,buy
2021-07-06,1.58,0.85,0.99,2.73,0.17,1.14,0.68,2.09,2.55,0.67,0.68,0.52,3.38,0.17,2.26, 0.00686957, 0.00203273,-0.00958183, 0.00931322, 0.009313,buy
2021-07-07,3.24,2.14,1.62,3.06,0.21,0.55,0.22,2.53,3.65,1.64,0.22,1.43,3.75,0.21,2.67,-0.02631459,-0.04314471,-0.03608467,-0.04224619,-0.028997,sell
2021-07-08,2.65,4.55,2.95,1.09,0.26,0.26,0,3.15,2.83,3,0,2.95,2.64,0.26,3.23,-0.05933577,-0.05550243,-0.06239674,-0.06225876,-0.057118,sell
2021-07-09,0.93,5.13,2.03,0.35,0.33,0.13,0,2.03,0.86,2.23,0,2.03,3.32,0.33,2.16,-0.08372916,-0.04853050,-0.08046068,-0.05987020,-0.078586,sell
2021-07-10,0.55,2.58,0.65,0.11,0.41,0.04,0,0.94,0.3,1.12,0.04,0.65,1.82,0.41,0.94,-0.02121147,-0.03083122,-0.02659223,-0.02871100,-0.025998,sell
2021-07-11,1.02,0.84,0.19,0,0.52,0.1,0,0.41,0.1,1.27,0.1,0.19,0.49,0.52,0.41, 0.01157215,-0.00095589, 0.00671654, 0.02447865, 0.007914,buy
2021-07-12,2.95,0.27,0,0.04,0.65,0.24,0,0.17,0,3.09,0.24,0.04,0.13,0.65,0.17,-0.02252527,-0.01908335,-0.02537238,-0.02537238, 0.013768,sell
2021-07-13,2.34,0,0.02,0.09,0.84,0.58,0,0,0,2.34,0.6,0.11,0,0.82,0, 0.05409092, 0.04130069, 0.05437537, 0.05371517, 0.049580,buy
2021-07-14,0.56,0,0.12,0.22,1.12,1.44,0,0,0,0.56,1.54,0.34,0,1.02,0,-0.11418953,-0.11788216,-0.11229731,-0.09695957,-0.095006,sell
2021-07-15,0.13,0.03,0.31,0.53,1.73,2.97,0.04,0,0.03,0.13,3.43,0.81,0.03,1.27,0.04,-0.07076039,-0.10076522,-0.07076039,-0.06777687,-0.070760,sell
2021-07-16,0,0.08,0.96,1.27,3.86,2.47,0.06,0,0.08,0,4.71,2.07,0.16,1.59,0.09,-0.08100753,-0.07798562,-0.06043816,-0.08375896,-0.081008,sell
2021-07-17,0,0.26,3.08,2.97,4.97,1.01,0.09,0.2,0.46,0.02,3.93,5.19,0.84,1.99,0.15,-0.01265385,-0.01865976,-0.02022098,-0.03761784,-0.011022,sell
2021-07-18,0,0.82,6.35,2.92,3.36,0.41,0.15,0.99,1.74,0.18,1.15,6.21,2.95,2.49,0.28,-0.00255890, 0.01565968, 0.01432914, 0.01100172,-0.028573,buy
2021-07-19,0,2.57,4.08,1.36,3.39,0.17,0.24,2.97,5.15,0.7,0.31,3.28,1.85,3,0.49,-0.01279834, 0.02388200, 0.02488431, 0.02014988, 0.006413,buy
2021-07-20,0,5.49,2.36,0.99,3.37,0,0.39,1.58,4.71,3.23,0,2.15,0.33,2.87,0.89, 0.00670485, 0.00670485,-0.00237535, 0.00670485,-0.012028,buy
2021-07-21,0,4.61,3.21,1.78,3.3,0,0.62,0.28,1.92,5.51,0,2.45,0,2.3,1.62,-0.00034063, 0.00969979, 0.00860399, 0.00855405, 0.004443,buy
2021-07-22,0,1.46,5.44,3.1,3.86,0.11,1,0,0.89,6.02,0.11,3.09,0,1.85,3.01,-0.01421534, 0.02293674, 0.00534607,-0.01440339, 0.002987,sell
2021-07-23,0,0.98,5.33,1.9,4.47,0.73,1.58,0,0.89,4.87,0.73,2.45,0,1.48,4.57,-0.01903049, 0.00336073, 0.00786383,-0.01763511,-0.018189,sell
2021-07-24,0,1.27,2.72,1.26,3.41,3,2.53,0.05,1.27,2.08,3.05,1.9,0,1.19,4.75,-0.04265399,-0.03382690, 0.05587074,-0.04516122,-0.016581,sell
2021-07-25,0,2.26,1.33,3.39,2.11,1.73,3.01,0.17,2.26,1.03,1.94,3.69,0,0.96,4.12, 0.03048270,-0.03102472,-0.02015358,-0.02510252,-0.033602,sell
2021-07-26,0,3.03,1,2.75,1.36,0.26,2.31,0.51,2.97,1.05,0.88,2.72,0.04,0.77,2.79,-0.03710179,-0.01837439,-0.00517944, 0.01049336,-0.046911,buy
2021-07-27,0,2.41,2.77,1.32,0.95,0,1.73,1.55,2.24,3.38,1.81,0.74,0.14,0.65,1.8, 0.10849360, 0.08024147, 0.05278468, 0.08843532, 0.106721,buy
2021-07-28,0,1.77,3.56,1.96,0.69,0,1.93,2.97,1.31,4.85,3.62,0.64,0.49,0.57,1.47, 0.04130776,-0.04690153,-0.02587087, 0.02843339, 0.039288,buy
2021-07-29,0,2.23,1.95,3.14,0.45,0,3.99,1.8,0.86,3.48,3.5,1.52,1.46,0.6,2.34, 0.02278850, 0.03435031, 0.00761908, 0.07452520, 0.026291,buy
2021-07-30,0.04,3.37,3.37,2.76,0.39,0,7.07,0.59,0.89,2.4,4.34,2.97,3.28,0.91,3.38, 0.00767477, 0.00307076,-0.00386522, 0.00210307, 0.001798,buy
2021-07-31,0.14,2.15,3.42,2.63,0.33,0,6.49,0.2,1.69,1.24,5.36,1.92,3.49,1.85,1.4, 0.06439988, 0.04582865, 0.05988034, 0.07151198, 0.064400,buy
2021-08-01,0.56,0.78,3.63,5.89,0.29,0,2.93,0.02,3.64,0.64,2.56,0.65,5.93,3.18,0.47,-0.00475058,-0.00635884,-0.00061485, 0.00335738,-0.018052,buy
2021-08-02,2.61,0.22,2.44,5.79,0.27,0,0.7,0.04,4.83,0.33,0.65,0.22,5.68,2.16,0.19, 0.02498576, 0.02230759, 0.01427832, 0.03891098,-0.006490,buy
2021-08-03,4.19,0,0.76,2.06,0.25,0,0.15,0.07,4.95,0.17,0.22,0,1.89,0.87,0.11, 0.07718226, 0.02396711, 0.08906331,-0.01764990, 0.020905,sell
2021-08-04,3.6,0,0.26,0.7,0.24,0.02,0,0.12,3.86,0.09,0.12,0,0.61,0.39,0.15, 0.09093776, 0.01942443, 0.11821598, 0.01176264, 0.046580,sell
2021-08-05,2.94,0.02,0.11,0.24,0.25,0.07,0,0.23,3.03,0,0.23,0.02,0.26,0.2,0.23, 0.13769151, 0.12865090, 0.14800232, 0.09934224, 0.134245,buy
2021-08-06,1.2,0.06,0.09,0.1,0.18,0.26,0,0.41,1.2,0,0.41,0.09,0.16,0,0.44, 0.09824067, 0.08053385, 0.08310828, 0.08857964, 0.053139,buy
2021-08-07,0.54,0.14,0.37,0,0.21,0.98,0,0.77,0.53,0,0.77,0.39,0.13,0,1.19, 0.03959962, 0.02302298, 0.04308169, 0.05238247, 0.023176,buy
2021-08-08,0.33,0.43,1.82,0,0.25,2.97,0,1.41,0.37,0,1.41,1.9,0.31,0,3.22,-0.06232473,-0.07649499,-0.06292577,-0.05977662,-0.078841,sell
2021-08-09,0.44,1.61,3.29,0.41,0.29,2.32,0,2.58,0.99,0.41,2.58,3.55,0.8,0,2.61,-0.08856947,-0.08856947,-0.09820106,-0.08916030,-0.081547,sell
2021-08-10,1.04,4.87,1.5,2.51,0.33,0.63,0,2.97,2.98,2.56,2.97,2.28,2.1,0,0.96,-0.00929268, 0.01539078,-0.01618459, 0.00794811,-0.016185,buy
2021-08-11,2.97,5.32,1.41,2.95,0.39,0.17,0,1.84,1.74,3.11,1.84,3.79,4.01,0,0.56,-0.03304920,-0.02250268, 0.01604241, 0.00136740,-0.025767,sell
2021-08-12,2.84,3.26,2.57,0.56,0.45,0.02,0,1.03,0.42,1.08,1.03,4.04,3.69,0,0.47,-0.04160514,-0.04001235,-0.02166671,-0.01927300,-0.023456,sell
2021-08-13,0.97,2.64,4.97,0.1,0.52,0.03,0,0.72,0.2,1.77,0.72,3.16,3.55,0,0.55, 0.02855915, 0.02838702,-0.01142959, 0.04708378, 0.047084,buy
2021-08-14,0.33,3.25,6.21,0,0.6,0.05,0,1.21,0.38,2.97,1.21,3.67,2.77,0,0.65, 0.07256613, 0.06880698,-0.01405799, 0.07084796, 0.072703,buy
2021-08-15,0.11,2.75,4.83,0.06,0.7,0.08,0,3.08,0.71,1.64,3.08,3.52,1.88,0,0.78, 0.02885231, 0.00921756, 0.03057861, 0.01736079, 0.009218,buy
2021-08-16,0,2.96,7.14,0.15,0.91,0.12,0,1.93,1.47,0.64,1.93,4.55,3.59,0,1.03, 0.06251344, 0.05501726,-0.00569821, 0.05763724, 0.087000,buy
2021-08-17,0.05,4.13,9.15,0.4,1.23,0.19,0,0.37,3.14,0.55,0.42,6.69,3.3,0,1.42,-0.02697444,-0.03354432,-0.02455174,-0.02156641,-0.041490,sell
2021-08-18,0.14,2.64,8.78,1.07,1.99,0.29,0,0,6.95,1.07,0.14,3.68,0.79,0,2.28,-0.02010497,-0.02472294,-0.01077059,-0.01602169,-0.030378,sell
2021-08-19,0.49,2.92,6.14,2.82,3.86,0.45,0,0,7.48,2.82,0.43,1.35,0.29,0,4.31, 0.09571802, 0.05612323, 0.03641136, 0.08827666, 0.095921,buy
2021-08-20,1.46,3.13,2.25,2.95,4.42,0.68,0,0,4.89,2.95,1.29,0.49,0.17,0,5.1,-0.07388752,-0.07751888,-0.08208420,-0.00427768, 0.046048,sell
2021-08-21,3.47,1.51,1,1.16,2.8,1.05,0,0,2.33,1.19,2.95,0.15,0.52,0,3.85,-0.00844722,-0.00844722,-0.00028215, 0.02322867, 0.008928,buy
2021-08-22,3.81,0.76,0.4,0.5,2.3,1.64,0,0,1.07,0.54,2.22,0,1.64,0,3.94,-0.01338688,-0.02544361, 0.01121428, 0.00701351,-0.012539,sell
2021-08-23,3.8,0.77,0.22,0.34,2.33,2.51,0,0.02,0.65,0.47,0.77,0.08,3.18,0,4.84, 0.01700360, 0.00436560, 0.02459299, 0.06577693, 0.014653,buy
2021-08-24,2.35,1.96,0.12,0.54,2.49,2.97,0,0.06,0.76,0.98,0.31,0.31,2.67,0,5.46,-0.01842843,-0.01355190,-0.02813085,-0.02068637, 0.008112,sell
2021-08-25,1.84,5.95,0.26,1.58,2.84,2.32,0,0.15,1.58,3.26,0.15,1.24,3.55,0,5.16, 0.02723491, 0.01391701, 0.03326675,-0.01126855,-0.030933,buy
2021-08-26,3.12,5.06,1.2,2.95,3,1.5,0,0.37,2.95,3.87,0.37,2.92,2.59,0,4.54, 0.02835450, 0.00025473,-0.00287920,-0.01162859, 0.006079,buy
2021-08-27,1.74,1.5,3.1,1.87,2.72,0.98,0,0.92,1.87,3.82,0.92,1.78,0.74,0,3.76,-0.03814187,-0.05584147,-0.01893081,-0.01495053,-0.031091,sell
2021-08-28,0.45,0.58,2.09,0.64,2.38,0.66,0,2.28,0.64,2.03,2.28,0.55,0.54,0.02,3.14,-0.00531467, 0.00107552, 0.00142809,-0.00716853,-0.039682,sell
2021-08-29,0.16,0.36,1.25,0.22,2.1,0.44,0,2.97,0.22,0.43,2.97,0.4,0.94,0.02,2.74, 0.06634855, 0.03876350, 0.06364896, 0.04629461, 0.015515,buy
2021-08-30,0.1,0.92,2.25,0,1.82,0.29,0,1.54,0.07,0.12,1.68,0.65,2.29,0.02,2.49, 0.01713987,-0.02039757, 0.00478712, 0.06815800, 0.002867,sell
2021-08-31,0.25,2.14,3.17,0,1.59,0.21,0,0.61,0.16,0.04,1.07,1.5,3.4,0.03,2.5,-0.00273223, 0.00273151,-0.01037273, 0.00489924, 0.002271,buy
2021-09-01,0.75,4.78,2.15,0,1.39,0.14,0,0.29,0.39,0.11,1.68,3.25,2.54,0.03,2.83, 0.01858194, 0.04541364, 0.06200867, 0.06193189, 0.045414,buy
2021-09-02,2.22,7,1.82,0,1.24,0.04,0,0.21,0.97,0.22,4.55,3.09,2.42,0.06,3.62,-0.08010319,-0.07993917,-0.06407095,-0.05644960,-0.069208,sell
2021-09-03,4.58,6.93,2.97,0,1.11,0.05,0,0.31,2.36,0.6,5.9,2.08,3.85,0.08,4.05,-0.04717944,-0.04717944,-0.00156674, 0.01820723,-0.001856,sell
2021-09-04,5.96,4.76,3.74,0.08,0.98,0.06,0,0.88,3.03,1.51,2.61,2.54,5.73,0.1,2.95, 0.01995533, 0.01995533, 0.00149182, 0.06245825, 0.021221,sell
2021-09-05,7.12,3.42,2.83,0.25,0.87,0.07,0,2.51,1.75,4.06,0.82,4.88,4.62,0.12,1.93, 0.03734637, 0.05911325, 0.03881349, 0.08219624, 0.023623,buy
2021-09-06,7.12,3.98,3.23,0.77,0.79,0.08,0,3,1.38,8.57,0.27,5.97,1.91,0.15,1.33, 0.03978163, 0.04999089, 0.04175983, 0.04689430, 0.016574,buy
2021-09-07,4.36,2.65,3.22,2.34,0.72,0.09,0,1.21,2.59,6.92,0,3.47,0.8,0.17,0.98, 0.00471148, 0.02263712, 0.00813572,-0.01994316, 0.008246,buy
2021-09-08,1.93,0.92,1.8,2.95,0.66,0.11,0,0.43,3.05,2.93,0,1.69,0.36,0.21,0.75, 0.01742367, 0.03260038, 0.00537824, 0.06867066, 0.051574,buy
2021-09-09,0.89,0.38,0.87,1.24,0.6,0.13,0,0.15,1.24,1.27,0,0.85,0.17,0.24,0.59, 0.01111862, 0.10144479,-0.00722465, 0.01111862, 0.011119,buy
2021-09-10,0.39,0.09,0.47,0.43,0.56,0.15,0,0,0.43,0.44,0.05,0.39,0.07,0.28,0.43, 0.00808920, 0.00980990, 0.00980990, 0.00980990, 0.003599,buy
2021-09-11,0.25,0.24,0.34,0.16,0.52,0.18,0,0,0.16,0.27,0.13,0.25,0.18,0.32,0.38,-0.01342043,-0.01342043,-0.01305741,-0.01966202,-0.015894,sell
2021-09-12,0.2,0.6,0.42,0,0.48,0.21,0,0.03,0,0.2,0.37,0.2,0.48,0.36,0.33,-0.00173189,-0.00173189,-0.01730851,-0.02197394,-0.007552,buy
2021-09-13,0.2,1.51,0.88,0,0.48,0.24,0,0.09,0,0.24,1.04,0.19,1.21,0.39,0.33, 0.06267299, 0.08680885, 0.07103482, 0.08038785, 0.078581,buy
2021-09-14,0.53,3.72,2.47,0,0.45,0.29,0,0.27,0,0.65,2.83,0.47,3.04,0.44,0.3, 0.03323914,-0.00109853,-0.00676419, 0.00392226,-0.009078,buy
2021-09-15,1.24,5.19,4.59,0,0.45,0.34,0,0.82,0,1.69,5.24,1.17,3.74,0.49,0.3, 0.01103657, 0.00673731, 0.01613631,-0.02939553, 0.010992,buy
2021-09-16,2.96,4.24,4.62,0,0.44,0.39,0,2.31,0.06,3.12,4.67,2.81,3.47,0.53,0.3,-0.02248225,-0.02612596,-0.00518833,-0.02261652,-0.028533,sell
2021-09-17,3.59,2.25,2.76,0,0.45,0.45,0,3.2,0.17,2.43,2.47,3.23,3.5,0.57,0.33,-0.07206320,-0.07114592,-0.05802134,-0.04085867,-0.064795,sell
2021-09-18,2.51,1.03,1.46,0,0.49,0.52,0,1.83,0.49,1.59,1.34,1.78,1.63,0.62,0.39,-0.00994630, 0.00032686,-0.02009049,-0.00805621, 0.003969,sell
2021-09-19,2.86,0.51,1.72,0,0.57,0.6,0,1.3,1.42,1.93,1.02,1.38,0.64,0.68,0.49,-0.02056161,-0.00057345,-0.02293682,-0.02298188, 0.015223,sell
2021-09-20,4.53,0.26,3.09,0,0.65,0.7,0,1.6,2.97,3.17,1.36,1.66,0.32,0.7,0.65,-0.03509206,-0.02272464,-0.05845572,-0.04166418,-0.034328,sell
2021-09-21,5.46,0.21,2.14,0,0.92,0.8,0,2.32,2.14,3.01,2.28,2.42,0.28,0.8,0.92,-0.05887308,-0.05024548,-0.07261820,-0.05464137,-0.027330,sell
2021-09-22,5.23,0.17,0.75,0,1.33,0.92,0,3,0.75,1.85,3.05,3,0.5,0.92,1.33, 0.02218001,-0.02230988, 0.02070415, 0.01726213, 0.020315,buy
2021-09-23,4.28,0.32,0.26,0.03,1.87,1.05,0,2.51,0.29,1.36,2.32,2.51,0.92,1.05,1.87,-0.05970203,-0.05451924,-0.02510017,-0.00213699, 0.017948,sell
2021-09-24,3.88,0.62,0.09,0.05,2.82,1.2,0,1.79,0.14,1.32,1.46,1.79,1.72,1.2,2.82,-0.01651601,-0.02454570,-0.01578869,-0.00266429, 0.024041,sell
2021-09-25,4.92,1.21,0,0.09,2.97,1.36,0,1.39,0.09,1.72,1.35,1.39,3.06,1.36,2.97, 0.03919595, 0.01217602, 0.04588933, 0.03042843, 0.040872,buy
2021-09-26,5.62,2.32,0,0.17,2.06,1.55,0,1.22,0.17,2.76,2.17,1.18,3.05,1.55,2.06,-0.02230153,-0.04002321,-0.03330805,-0.03405596,-0.018811,sell
2021-09-27,5.57,3.18,0,0.32,1.37,1.76,0.04,1.25,0.32,3.66,3.15,1.16,2.07,1.76,1.37,-0.03066966, 0.01474394,-0.02084348,-0.02108996,-0.022902,sell
2021-09-28,4.45,2.66,0,0.64,0.9,1.99,0.1,1.62,0.67,3.34,1.99,1.36,2.11,1.99,0.9, 0.01031349,-0.00346674,-0.01964890, 0.01031349,-0.003738,buy
2021-09-29,4.63,2.56,0,1.22,0.6,2.26,0.29,2.65,1.3,3.94,0.77,1.9,3.44,2.26,0.6, 0.00455803, 0.01370856,-0.06082993, 0.00344619, 0.004899,buy
2021-09-30,3.98,3.81,0,2.35,0.39,2.53,0.77,5.18,2.56,7.09,0.33,3.03,3.08,2.53,0.39,-0.04046265,-0.03778250,-0.02039816,-0.01007049,-0.056548,sell
2021-10-01,2.32,3.42,0,3.63,0.26,2.82,2.08,5.89,4.22,6.61,0.16,5.05,1.3,2.82,0.26,-0.01415393,-0.03583543,-0.02678095,-0.00660793,-0.024437,sell
2021-10-02,2.01,2.88,0,3.84,0.17,3,2.97,3.51,5.51,3.72,0.07,5.44,0.47,3,0.17, 0.01059541, 0.03028338,-0.03663076,-0.01682710,-0.002160,buy
2021-10-03,3.11,3.59,0,4.18,0.11,2.82,1.54,1.74,7.15,3.77,0.14,2.91,0.19,2.82,0.11,-0.02139631,-0.02042974,-0.06343580,-0.01579912,-0.003612,sell
2021-10-04,3,2.3,0,2.85,0,2.53,0.57,0.82,4.7,3.29,0.29,1.26,0,2.53,0,-0.07781432,-0.00608353,-0.01249896,-0.00546735,-0.022298,sell
2021-10-05,1.42,1.34,0,1.22,0,2.28,0.21,0.31,1.88,1.42,0.68,0.52,0,2.28,0,-0.07201188,-0.05038428,-0.04354391,-0.00906029,-0.043544,sell
2021-10-06,0.61,1.96,0,0.59,0,2.06,0,0.13,0.78,0.61,1.77,0.13,0,2.06,0,-0.07530995,-0.05352926,-0.05191267, 0.03638981,-0.040511,sell
2021-10-07,0.24,3.24,0,0.37,0,1.87,0,0,0.33,0.24,3.28,0,0,1.98,0, 0.01061715, 0.04652256,-0.00080453, 0.02526651, 0.011917,buy
2021-10-08,0.09,2.33,0,0.37,0,1.68,0,0,0,0.09,2.7,0,0,2.43,0,-0.01552651, 0.00788910,-0.00317900, 0.01408670, 0.013753,buy
2021-10-09,0,1.49,0,1.02,0,1.54,0.07,0,0,0,2.51,0,0.07,4.46,0,-0.03455810,-0.03064207,-0.03204987,-0.03368739,-0.059484,sell
2021-10-10,0.07,2.03,0,2.86,0.05,1.43,0.19,0,0.04,0.07,4.85,0.02,0.19,3.02,0.05,-0.00881575,-0.00807073, 0.00974599,-0.00250316, 0.040018,buy
2021-10-11,0.17,4.06,0,3.06,0.21,1.35,0.51,0,0.11,0.17,7.01,0.06,0.51,1.53,0.21, 0.01742601, 0.02385763, 0.04208893, 0.02961120, 0.010002,buy
2021-10-12,0.46,4.72,0,1.37,0.83,1.34,1.33,0.05,0.32,0.39,5.84,0.2,1.33,1.19,0.83, 0.06015867, 0.05986087, 0.03904625, 0.05986087, 0.051586,buy
2021-10-13,1.08,4.16,0,0.95,2.9,1.49,2.97,0.15,0.72,0.94,4.53,0.54,2.97,1.1,2.9,-0.08200091,-0.04715795,-0.07536023,-0.07536023,-0.002431,sell
2021-10-14,2.65,2.94,0,1.16,3.06,2.03,2.51,0.36,1.5,2.18,3.01,1.38,2.57,1.01,3.06,-0.06786518,-0.06222286,-0.06831996,-0.08441708, 0.012122,sell
2021-10-15,4.85,1.6,0,1.62,1.06,3.56,0.97,0.85,2.95,3.57,1.46,3.47,1.06,0.94,1.06,-0.05925135, 0.00791637,-0.01771369,-0.04485020, 0.021551,buy
2021-10-16,5.87,0.88,0,2.24,0.52,3.83,0.38,1.99,5.24,2.94,0.68,4.94,0.51,0.88,0.52, 0.01321894,-0.02741816, 0.01465426, 0.01808545, 0.039834,buy
2021-10-17,4.89,0.6,0,2.62,0.39,2.09,0.15,3.22,5.04,2.54,0.36,4.49,0.32,0.82,0.39,-0.03890842,-0.02978618,-0.03716319,-0.01760036,-0.025266,sell
2021-10-18,4.13,0.44,0,2.67,0.38,1.27,0,2.41,3.57,3.31,0.19,2.91,0.17,0.77,0.38, 0.01402382, 0.03607431, 0.02492847, 0.04557124, 0.016451,buy
2021-10-19,3.61,0.34,0,2.58,0.6,0.93,0,1.63,2.92,3.34,0.1,1.83,0.17,0.73,0.6, 0.01809765, 0.04540573, 0.02523814, 0.05788650, 0.021026,buy
2021-10-20,2.05,0.21,0.02,2.16,0.96,0.69,0,1.8,2.29,1.98,0.02,1.8,0.15,0.69,0.96,-0.01719822,-0.01495998,-0.04600272,-0.00569645,-0.017600,buy
2021-10-21,1.09,0.16,0.05,1.55,1.51,0.66,0,2.79,1.55,1.14,0.05,2.79,0.11,0.66,1.51,-0.03672376,-0.04038845,-0.03480219,-0.03446568,-0.028380,sell
2021-10-22,0.55,0.1,0.13,0.95,2.41,0.63,0,2.97,0.95,0.65,0.13,2.97,0,0.63,2.41,-0.09311930,-0.02400833,-0.03695115,-0.03342471,-0.009547,sell
2021-10-23,0.31,0.02,0.34,0.51,3.01,0.66,0.04,1.85,0.51,0.35,0.36,1.85,0.06,0.6,3.01,-0.01955876,-0.02736961,-0.01504330,-0.03906547, 0.088123,sell
2021-10-24,0.17,0.05,0.88,0.24,2.46,0.73,0.1,1.03,0.24,0.27,0.93,1.05,0.14,0.59,2.44,-0.05180908,-0.11673485,-0.04981092,-0.05115239,-0.024901,sell
2021-10-25,0.1,0.12,2.24,0.1,1.65,0.92,0.25,0.64,0.1,0.35,2.36,0.62,0.41,0.57,1.61, 0.00190239,-0.00863464, 0.01873629, 0.01223476, 0.001838,buy
2021-10-26,0,0.35,2.97,0,1.23,1.39,0.6,0.47,0,0.6,3.32,0.42,0.98,0.56,1.13,-0.00020314,-0.00846466, 0.00123042, 0.00235778,-0.000203,buy
2021-10-27,0,1.09,1.6,0,1.19,2.56,1.44,0.54,0.04,1.44,2.65,0.44,2.37,0.55,0.93,-0.04811424, 0.00417430,-0.04660509,-0.03725655,-0.047611,sell
2021-10-28,0.06,2.95,0.78,0,1.59,3.54,2.97,0.95,0.1,3.03,3.63,0.72,3.85,0.54,0.97, 0.11277987, 0.11025156, 0.09599177, 0.08617298, 0.092270,buy
2021-10-29,0.19,2.4,0.64,0,2.94,2.36,2.53,2.07,0.25,2.72,2.79,1.54,3.85,0.54,1.44, 0.02048973, 0.02842387, 0.03028344, 0.02770239, 0.026645,buy
2021-10-30,0.65,0.68,1.03,0,5.71,1.31,1.08,3.09,0.64,1.73,1.07,3.12,3.74,0.54,2.71, 0.00988027,-0.00779226, 0.01316910, 0.03567243,-0.046657,buy
2021-10-31,2.28,0.18,2.19,0,5.49,0.87,0.46,2.25,1.61,2.74,0.76,2.85,2.12,0.55,3.09, 0.03160386,-0.01856820,-0.04183032,-0.02644654,-0.021103,buy
2021-11-01,2.97,0,4.06,0,2.52,0.7,0.2,2.43,2.95,3.17,1.11,2.67,0.9,0.56,1.52,-0.06045219,-0.05254631,-0.04141466,-0.03430225,-0.021093,sell
2021-11-02,1.04,0,4.27,0,1.07,0.57,0.09,3.3,2.14,1.13,2.13,3.37,0.35,0.57,0.65,-0.05716068,-0.05986483,-0.04097941,-0.03352936,-0.057161,sell
2021-11-03,0.28,0,3.9,0,0.45,0.59,0,1.54,0.85,0.28,3.05,1.52,0.2,0.59,0.27,-0.01007404, 0.02070252,-0.00115313, 0.02822890, 0.000608,buy
2021-11-04,0,0,2.8,0,0.11,0.61,0,0.44,0.34,0,2.46,0.34,0.1,0.61,0.11,-0.02409954, 0.02451178,-0.00155070, 0.02340676,-0.017969,buy
2021-11-05,0,0,2.15,0,0,0.64,0,0.27,0.17,0,1.98,0.09,0.18,0.64,0,-0.01528004, 0.00992707,-0.01327542, 0.01857847,-0.011926,sell
2021-11-06,0,0,3.33,0,0,0.67,0,0.32,0.07,0,3.26,0,0.32,0.67,0,-0.01404463,-0.00516271,-0.00271247,-0.00540493,-0.006164,sell
2021-11-07,0,0,6.36,0,0,0.73,0,0.62,0.13,0.02,6.23,0,0.62,0.71,0,-0.02790685,-0.03939232,-0.06224549,-0.01563315,-0.040381,sell
2021-11-08,0,0,4.77,0,0.07,0.81,0,1.24,0.3,0.04,4.47,0,1.31,0.77,0,-0.01112186,-0.01047611,-0.04852791,-0.01274815,-0.004040,sell
2021-11-09,0,0,2.35,0,0.14,0.91,0,2.82,0.76,0.11,1.63,0,2.9,0.82,0,-0.09110567,-0.07096349,-0.07000429,-0.06706309,-0.067088,sell
2021-11-10,0,0.03,2.56,0,0.31,1.09,0,6.08,2.16,0.23,0.52,0,6.25,0.91,0,-0.01676982, 0.00338836,-0.02807648,-0.03063873,-0.014669,sell
2021-11-11,0,0.07,4.8,0,0.65,1.37,0.04,5.28,4.85,0.5,0.22,0.04,5.61,0.99,0,-0.05453616,-0.05174604,-0.07159208,-0.06362871,-0.059475,sell
2021-11-12,0,0.17,4.71,0,1.37,1.89,0.1,2.92,5.23,1.06,0.1,0.1,3.55,1.12,0,-0.05033965,-0.00342813,-0.04127900,-0.03501083,-0.026275,sell
2021-11-13,0,0.42,3.33,0,2.84,2.82,0.23,2.74,4.75,2.2,0,0.23,3.93,1.25,0.02,-0.03537474, 0.00645272,-0.03440653,-0.02237027,-0.035344,sell
2021-11-14,0,1.05,1.65,0,2.97,4.41,0.55,4.24,4.92,4.44,0,0.55,3.52,1.42,0.02, 0.04828303, 0.01980424, 0.06425740, 0.06457940, 0.034224,buy
2021-11-15,0,2.65,0.83,0,1.5,4.47,1.33,6.29,6.45,5.82,0,1.33,1.82,1.62,0.03,-0.04013460,-0.02978316,-0.01254378,-0.00812682,-0.023886,sell
2021-11-16,0,2.97,0.44,0,0.73,3.37,3,4.59,5.2,4.05,0,3,0.91,1.9,0.06,-0.02253774, 0.05447704, 0.01383569, 0.06524626, 0.073297,buy
2021-11-17,0,1.3,0.23,0,0.37,3,2.7,2.13,2.35,1.94,0,2.7,0.47,2.22,0.09,-0.03687957,-0.00948651,-0.01347990,-0.00170791, 0.013925,sell
2021-11-18,0,0.77,0.12,0.04,0.18,3.09,1.22,1.09,1.23,1.09,0.08,1.22,0.18,2.65,0.12, 0.01686802, 0.07063664, 0.07260786, 0.05489526, 0.068228,buy
2021-11-19,0,1.24,0,0.09,0.09,3.28,0.87,1.17,1.34,1.19,0.17,0.87,0.09,3.03,0.17, 0.01715878, 0.04495079, 0.06967173, 0.04964669, 0.058355,buy
2021-11-20,0,3.15,0,0.23,0,3.03,1.84,3.08,3.06,3.1,0.41,1.84,0,2.87,0.23,-0.01902374, 0.00802716,-0.04176659, 0.00604690, 0.028068,buy
2021-11-21,0,2.5,0,0.6,0,2.42,2.97,2.95,2.12,2.95,0.98,2.97,0,2.38,0.32,-0.01311797,-0.03386482,-0.05028151,-0.03678012,-0.020962,sell
2021-11-22,0,1.27,0,1.62,0,2,1.27,0.79,0.5,0.79,2.39,1.27,0,1.98,0.45, 0.01193722, 0.00668064, 0.00668064,-0.00524820, 0.032982,buy
2021-11-23,0,1.68,0,3.24,0,1.65,0.31,0.21,0.12,0.21,4.8,0.31,0,1.68,0.67, 0.00708398, 0.01199352, 0.03340007, 0.00069373, 0.007672,buy
2021-11-24,0.02,2.97,0,3.39,0,1.37,0,0,0.02,0,6.36,0,0,1.52,0.99, 0.00856095, 0.01647973, 0.02969934, 0.00918329, 0.003922,buy
2021-11-25,0.04,2.82,0,3.79,0,1.13,0.05,0,0.04,0,6.61,0,0.05,1.48,1.51, 0.00218495, 0.01791779, 0.02287792, 0.00218495, 0.001438,buy
2021-11-26,0.13,1.47,0,1.95,0,0.99,0.1,0,0.16,0,3.39,0.03,0.1,1.66,2.42,-0.05661108,-0.05614245,-0.06516860,-0.04970363,-0.051914,sell
2021-11-27,0.4,0.8,0,0.5,0,0.89,0.39,0.02,0.46,0.02,1.24,0.1,0.37,2.11,4.1, 0.01756671, 0.04425674, 0.06094702, 0.02755613, 0.027191,buy
2021-11-28,1.25,0.5,0,0.09,0,1.08,1.09,0.03,1.36,0.03,0.48,0.4,1.06,3.04,6.28,-0.01885091, 0.04752743, 0.03795662, 0.03887197, 0.052937,buy
2021-11-29,4.07,0.43,0,0,0.02,1.8,3.24,0.05,4.29,0.07,0.21,1.26,3.18,3.24,5.32, 0.04168566, 0.08729809, 0.05741301, 0.02536851, 0.041140,buy
2021-11-30,5.9,0.51,0,0,0.04,4.47,6.03,0.08,6.3,0.12,0.11,4.05,5.92,2.18,2.99,-0.04955457,-0.05353050,-0.02540622,-0.10013906,-0.053856,sell
2021-12-01,2.95,0.76,0,0,0.06,6.22,4.31,0.14,3.71,0.2,0,5.97,4.11,1.35,1.83, 0.08821901, 0.08429158, 0.07350190, 0.08821901, 0.065968,buy
2021-12-02,1.05,1.43,0,0,0.08,4.23,1.95,0.22,2.48,0.3,0,4.24,1.58,0.83,1.24,-0.00293746, 0.01330400, 0.08287042, 0.04134545, 0.040799,buy
2021-12-03,0.33,2.67,0,0,0.11,1.9,1.21,0.36,3,0.47,0,2.37,0.55,0.45,0.84,-0.03089245,-0.00971520,-0.02944726,-0.02801557,-0.021868,sell
2021-12-04,0.13,2.97,0,0,0.16,0.94,1.45,0.6,3.1,0.76,0,2.07,0.24,0.28,0.69, 0.01503690, 0.01503690, 0.01349685, 0.01349685, 0.015037,buy
2021-12-05,0,1.74,0,0,0.22,0.61,2.3,0.98,1.74,1.2,0,2.91,0.1,0.17,0.58, 0.00702450,-0.01285481,-0.02540942,-0.01595035,-0.015950,sell
2021-12-06,0,0.92,0,0.03,0.29,0.46,2.97,1.58,0.92,1.87,0.03,3.77,0,0.1,0.49, 0.02859431,-0.00450944,-0.01633428,-0.00939228,-0.037418,buy
2021-12-07,0,0.5,0,0.05,0.42,0.46,2.22,2.58,0.5,2.94,0.05,3.29,0.12,0,0.34,-0.00186318,-0.04542970,-0.05111965,-0.08509189,-0.065607,sell
2021-12-08,0,0.26,0,0.1,0.71,0.76,1.3,2.97,0.26,3.5,0.1,2.9,0.45,0,0.31, 0.01568059,-0.04771665,-0.03210442,-0.09349267,-0.036828,sell
2021-12-09,0,0.14,0,0.19,1.57,1.94,0.96,2.1,0.14,2.94,0.19,3.59,1.67,0,0.27,-0.00555215,-0.03624197,-0.00474344,-0.06204196,-0.030771,sell
2021-12-10,0.02,0,0.03,0.37,3.61,3.2,1.39,1.3,0,2.96,0.42,5.85,2.97,0,0.23, 0.04753604, 0.07738655, 0.05860581, 0.07557073, 0.075034,buy
2021-12-11,0.03,0,0.14,0.72,2.91,1.6,3.12,0.79,0,4.44,0.89,5.32,1.41,0.03,0.19, 0.00955930, 0.03661440, 0.06204482, 0.01084769, 0.053576,buy
2021-12-12,0.04,0,0.61,1.39,1.46,0.62,2.47,0.5,0,3.66,2.04,3.51,0.47,0.05,0.15,-0.00886476,-0.02546865,-0.00171259,-0.01687493, 0.021337,sell
2021-12-13,0.05,0,2.62,2.72,1.27,0.44,0.7,0.31,0,1.86,5.39,2.59,0.32,0.11,0.12,-0.04644742,-0.00797784,-0.00980617,-0.01001007,-0.010010,sell
2021-12-14,0.06,0,2.97,2.97,1.51,0.59,0.25,0.19,0,1.32,6,2.3,0.5,0.22,0.09,-0.07045330,-0.03292103,-0.02582306,-0.06048789,-0.047595,sell
2021-12-15,0.08,0,0.76,1.64,2.34,1.15,0.14,0.12,0,1.14,2.48,2.6,1.15,0.48,0,-0.01516005,-0.02752666, 0.01687052,-0.03713231,-0.044032,sell
2021-12-16,0.09,0,0.18,0.84,4.32,2.62,0.3,0.15,0.15,1.17,1.11,3.84,2.62,1.07,0, 0.03826982, 0.01161808, 0.06299381, 0.04211923, 0.047220,buy
2021-12-17,0.13,0,0.08,0.43,6.35,3,0.64,0.6,0.63,1.47,0.61,4.29,3.1,2.47,0, 0.01388087, 0.01266365, 0.01261203, 0.01724526,-0.013153,buy
2021-12-18,0.16,0,0.21,0.22,5.6,1.46,1.34,2.42,2.47,2.11,0.54,2.8,1.83,2.95,0,-0.02926611,-0.02307245,-0.03153221,-0.02837931,-0.037491,sell
2021-12-19,0.21,0,0.55,0.11,4.13,0.77,2.84,2.95,3.05,3.65,0.77,1.94,2,1.47,0, 0.05806303, 0.01691169, 0.06149719, 0.05607368, 0.058063,buy
2021-12-20,0.29,0.1,1.42,0,4.38,0.77,2.97,0.86,1.04,3.98,1.63,1.7,3.26,0.59,0,-0.07780828,-0.03047185,-0.05819106,-0.07756040,-0.093535,sell
2021-12-21,0.45,0.44,2.95,0,2.5,1.7,1.48,0.21,0.55,3.44,3.5,1.71,1.85,0.23,0,-0.04192335,-0.04237983,-0.03818213,-0.04059167,-0.055800,sell
2021-12-22,0.75,1.87,2.34,0,0.95,3.09,0.75,0,0.64,4.06,4.32,1.88,0.52,0.09,0.03,-0.02069101, 0.00174441, 0.01194083,-0.05574201, 0.016865,buy
2021-12-23,1.29,2.97,0.9,0,0.48,1.77,0.43,0,1.19,2.22,3.97,2.28,0.23,0,0.07, 0.01805840, 0.01910337, 0.02349612, 0.01650656,-0.005877,buy
2021-12-24,2.31,1.07,0.34,0,0.42,0.77,0.35,0,2.22,0.83,1.5,2.92,0.2,0,0.21, 0.03933590, 0.04214327, 0.03753089, 0.03753089, 0.042782,buy
2021-12-25,2.97,0.26,0.13,0,0.66,0.68,0.34,0.08,3.05,0.29,0.39,3.54,0.34,0,0.51, 0.03987839, 0.05313310, 0.03661546, 0.03661546, 0.046175,buy
2021-12-26,2.1,0,0,0,1.33,0.98,0.58,0.19,2.29,0.1,0,3.63,0.58,0,1.23, 0.06519548, 0.07543455, 0.07543455, 0.04273917, 0.076230,buy
2021-12-27,1.14,0,0,0,2.97,1.79,0.99,0.48,1.62,0,0,3.88,1.02,0,2.94,-0.02662308, 0.04801281,-0.00530605,-0.07013857, 0.043400,buy
2021-12-28,0.61,0,0,0,3.66,2.97,1.7,1.18,1.79,0,0,4.85,1.77,0,3.59,-0.05061975,-0.01850556,-0.02175463,-0.04620737,-0.051041,sell
2021-12-29,0.39,0,0,0,3.07,2.67,2.92,2.92,3.25,0.04,0.06,5.34,3.09,0,2.86, 0.04184563, 0.04424100, 0.01124868, 0.03786552, 0.044027,buy
2021-12-30,0.39,0.03,0,0,4.03,1.46,2.97,3,3.17,0.11,0.25,5.11,3.35,0,3.54, 0.04837592, 0.05706705, 0.00271360, 0.03554341, 0.056898,buy
2021-12-31,0.94,0.08,0,0,3.93,0.82,1.76,1.22,1.31,0.38,0.93,2.66,2.61,0,2.73,-0.04159367,-0.04631436, 0.00402392,-0.07386859, 0.009657,buy
2022-01-01,2.97,0.21,0,0,4.06,0.5,1.03,0.5,0.5,1.1,3.18,1.12,2.95,0,1.11,-0.07400421,-0.04925144,-0.03318378,-0.03168452,-0.033184,sell
2022-01-02,2.72,0.55,0,0,6.29,0.38,0.6,0.2,0.2,3.06,3.27,0.54,3.57,0,0.4,-0.05689080,-0.02937455,-0.05432946,-0.05845806,-0.056891,sell
2022-01-03,0.77,1.44,0,0,5.13,0.45,0.35,0,0,3.29,2.21,0.24,2.36,0,0.15,-0.03420319,-0.00115496,-0.04318848,-0.04751168,-0.092245,sell
2022-01-04,0.23,2.95,0,0,1.99,0.66,0.24,0,0.03,1.76,3.18,0,1.1,0,0, 0.02024730, 0.03097213, 0.01879358, 0.01691856, 0.030137,buy
2022-01-05,0,2.32,0,0,0.83,1.37,0.21,0,0.09,1.8,2.32,0,0.52,0.03,0,-0.03204895, 0.02727320,-0.00946563,-0.04253916, 0.062657,sell
2022-01-06,0,0.89,0,0,0.36,2.82,0.25,0,0.25,3,0.89,0,0.18,0.15,0,-0.00009621, 0.01174723,-0.00187012,-0.00009621, 0.014066,buy
2022-01-07,0,0.37,0,0,0,3.34,0.61,0,0.61,3.34,0.37,0,0,0.62,0,-0.00585479,-0.01782699, 0.02407336,-0.01805056,-0.019200,sell
2022-01-08,0,0.18,0,0,0,2.29,1.37,0,1.37,2.29,0.18,0,0.03,2.7,0,-0.05546161,-0.05754288,-0.05039883,-0.05376934,-0.056958,sell
2022-01-09,0,0.08,0,0,0.03,2.27,2.77,0,2.77,2.25,0.08,0,0.09,2.95,0.02,-0.07487744,-0.07214147,-0.07725387,-0.06426012,-0.091385,sell
2022-01-10,0,0.13,0,0,0.05,3.36,2.97,0,2.97,3.34,0.13,0,0.15,0.74,0.02,-0.02849760,-0.04753579,-0.04745925,-0.05702949,-0.059695,sell
2022-01-11,0,0.21,0,0,0.13,3.07,1.77,0,1.77,3.05,0.21,0.08,0.25,0.17,0.02,-0.00895286, 0.00057476, 0.00720577,-0.01735795,-0.008953,sell
2022-01-12,0,0.33,0,0,0.24,1.48,1.14,0,1.14,1.48,0.33,0.17,0.38,0,0, 0.02252041, 0.02092976,-0.03830213,-0.01129055, 0.030525,buy
2022-01-13,0.03,0.53,0,0,0.42,0.68,0.85,0,0.85,0.68,0.56,0.37,0.54,0,0,-0.03718404,-0.04947534,-0.02676256,-0.02524191,-0.033954,sell
2022-01-14,0.08,0.82,0,0,0.78,0.36,0.74,0,0.74,0.34,0.9,0.86,0.84,0,0,-0.06902322,-0.06409100,-0.05139304,-0.05062459,-0.061479,sell
2022-01-15,0.21,1.26,0.04,0,1.4,0.21,0.89,0,0.89,0.17,1.51,1.97,1.33,0,0,-0.05125689, 0.07640327, 0.02399626,-0.03720317, 0.037690,buy
2022-01-16,0.55,1.89,0.07,0,2.43,0.16,1.3,0.02,1.32,0.09,2.51,3.53,2.11,0,0,-0.02252609,-0.01100572, 0.10764750,-0.03513680, 0.109104,sell
2022-01-17,1.44,2.72,0.15,0,4.03,0.12,2.22,0.04,2.26,0.03,4.31,3.14,3.21,0,0.02, 0.00863943,-0.10275491, 0.02896260, 0.00329067, 0.028963,buy
2022-01-18,2.95,2.97,0.29,0,4.75,0.21,3,0.06,3.06,0.1,6.21,2.71,2.95,0,0.09,-0.05186054,-0.09585147,-0.05973296,-0.07127438,-0.093727,sell
2022-01-19,2.32,2.32,0.58,0,5.19,0.37,1.96,0.08,2.04,0.26,5.22,3.34,2.05,0,0.28,-0.01739250,-0.09652366,-0.03424176,-0.06126624,-0.103718,sell
2022-01-20,0.88,1.71,1.17,0,5.47,0.62,0.83,0.12,0.95,0.76,3.76,2.75,1.68,0.02,1.05, 0.03329971, 0.00564217, 0.04270157, 0.02502329,-0.021285,buy
2022-01-21,0.34,1.29,2.32,0,7.61,1.07,0.31,0.16,0.47,2.5,3.95,1.41,1.75,0.15,3.02,-0.02329294,-0.00484972,-0.02207594,-0.05280769, 0.005452,sell
2022-01-22,0.13,1.01,3,0,6.65,1.84,0.11,0.21,0.32,3.4,4.14,0.76,2.31,1.14,2.04,-0.04691370,-0.04009889,-0.04855997,-0.05513017,-0.050181,sell
2022-01-23,0.06,0.82,1.89,0,3.17,3,0.03,0.28,0.31,1.81,2.77,0.41,3.33,2.87,0.66, 0.03613503, 0.02315508, 0.03560921, 0.03613503, 0.026095,buy
2022-01-24,0.18,0.7,0.94,0,2.72,2.79,0.11,0.34,0.42,1.93,1.82,0.26,3.02,0.94,0.44, 0.01254190, 0.01798964, 0.01798964, 0.08293422, 0.004472,buy
2022-01-25,0.51,0.61,0.47,0,3.84,1.62,0.25,0.4,0.59,3.03,1.59,0.26,1.8,0.12,0.7, 0.07209427,-0.01902217,-0.00706409,-0.03326427,-0.044965,sell
2022-01-26,1.37,0.55,0.24,0,3.71,0.95,0.54,0.46,0.91,2.71,2.16,0.4,1.09,0.07,1.11, 0.00277127,-0.01323594,-0.01850543,-0.02258328,-0.113833,sell
2022-01-27,3,0.52,0.12,0,2.96,0.55,1.22,0.51,1.59,1.44,3.64,1.07,0.66,0.18,1.77,-0.06009209,-0.02757516, 0.06957467, 0.02230816, 0.007368,sell
2022-01-28,2.6,0.52,0,0,3.35,0.32,2.81,0.54,3.14,0.86,3.12,2.51,0.41,0.47,2.8, 0.10897477, 0.09597461, 0.09253340, 0.09908132, 0.109654,buy
2022-01-29,1.19,0.54,0,0,4.48,0.24,3.31,0.59,3.59,0.68,1.73,2.97,0.22,1.16,4.05, 0.06383019, 0.03826600, 0.04277448, 0.05179965, 0.070868,buy
2022-01-30,0.61,0.6,0,0,5.57,0.23,1.85,0.61,2,0.74,1.21,1.64,0.17,2.74,4.3, 0.02238703, 0.06753261, 0.07002901, 0.07002901,-0.086261,buy
2022-01-31,0.36,0.67,0,0,4.68,0.23,1.26,0.65,1.23,0.91,1.03,0.89,0.14,2.95,4.13, 0.05237793, 0.07857295, 0.07389890, 0.07767089,-0.072491,buy
2022-02-01,0.24,0.78,0,0,2.49,0.4,1.27,0.71,0.95,1.43,1.02,0.55,0.31,1.38,4.11,-0.01380800,-0.02040021,-0.05396014,-0.02983977,-0.031425,sell
2022-02-02,0.18,0.96,0,0,1.4,0.6,1.67,0.82,0.92,2.17,1.14,0.39,0.77,0.62,3.36,-0.04365751,-0.00679738,-0.05041481, 0.00923893,-0.053455,sell
2022-02-03,0.16,1.22,0,0,0.82,0.8,2.38,1.05,1.05,3.18,1.38,0.31,1.61,0.29,2.4,-0.04590919,-0.05341100,-0.06335538,-0.04429990,-0.072879,sell
2022-02-04,0.16,1.58,0,0,0.52,0.96,3.07,1.51,1.51,4.03,1.74,0.28,3.08,0.14,1.78,-0.01124811, 0.03849979,-0.01109005,-0.01072073, 0.036232,sell
2022-02-05,0.2,2.15,0,0,0.28,1.02,2.59,2.42,2.42,3.61,2.35,0.31,2.62,0,1.35,-0.07297857,-0.07679047,-0.09613459,-0.09613459,-0.080123,sell
2022-02-06,0.26,3.02,0,0,0.23,1.02,1.68,3.26,3.26,2.7,3.28,0.38,1.26,0,1.07, 0.01956462,-0.00510983, 0.01160657, 0.00610467,-0.005110,buy
2022-02-07,0.38,3.5,0,0,0.13,0.99,1.11,2.47,2.47,2.1,3.88,0.52,0.64,0,0.81, 0.05921890, 0.08677871, 0.04554897,-0.03188641, 0.052217,buy
2022-02-08,0.6,3.3,0,0,0.21,0.94,0.74,1.38,1.44,1.62,3.9,0.77,0.42,0.02,0.72, 0.06504886, 0.04604956, 0.04446033, 0.03633223, 0.069511,buy
2022-02-09,1.03,3.6,0,0,0.29,0.85,0.42,0.77,0.91,1.13,4.63,1.22,0.36,0.03,0.66, 0.00706825, 0.02108549,-0.00487214, 0.01673917, 0.009091,buy
2022-02-10,1.9,4.05,0,0,0.45,0.87,0.27,0.48,0.78,0.81,5.98,2.11,0.37,0.05,0.63,-0.09647012,-0.04784854,-0.09655187,-0.10121775,-0.113166,sell
2022-02-11,2.95,2.79,0,0,0.66,1.16,0.17,0.27,0.97,0.55,5.82,3.08,0.52,0.06,0.63,-0.04716889, 0.00920880,-0.07035351,-0.07039165,-0.032594,sell
2022-02-12,2.36,1.49,0,0,1.05,2.11,0.11,0.3,1.94,0.36,4.05,2.51,0.78,0.1,0.65, 0.03413037, 0.02094262, 0.03700022, 0.04122252, 0.026081,buy
2022-02-13,1.12,0.78,0,0,1.71,3.13,0,0.51,2.95,0.15,2.41,1.64,1.17,0.12,0.67, 0.02408741, 0.02389643, 0.04231935,-0.02806057, 0.028777,buy
2022-02-14,0.51,0.43,0,0,3,2.12,0,1.32,1.99,0.09,2.26,1.66,1.82,0.14,0.74,-0.07489119,-0.08337473,-0.06204833,-0.07702012,-0.062630,sell
2022-02-15,0.22,0.23,0,0,5.6,0.92,0,2.97,0.85,0,3.42,2.85,2.91,0.18,0.83,-0.06896769,-0.07047432,-0.01187324,-0.06040223,-0.029480,sell
2022-02-16,0.09,0,0,0,7.8,0.46,0,2.56,0.36,0,2.65,3.09,4.72,0.21,0.95, 0.03626918, 0.02308142, 0.01322084, 0.02289682, 0.005608,buy
2022-02-17,0,0,0,0,7.46,0.31,0,0.98,0.15,0,0.98,1.41,5.94,0.25,1.11,-0.05913391,-0.05007461,-0.03382183,-0.05457805,-0.054578,sell
2022-02-18,0,0,0,0,5.31,0.24,0,0.38,0,0,0.38,0.59,4.61,0.31,1.33,-0.05828514,-0.05536347,-0.00851517,-0.05985202,-0.057918,sell
2022-02-19,0,0,0,0,3.14,0.33,0.04,0.15,0.04,0,0.15,0.24,2.8,0.37,1.59, 0.08853233, 0.06842282, 0.04574667, 0.06357351, 0.067712,buy
2022-02-20,0,0,0,0,1.91,0.46,0.1,0,0.1,0.02,0,0.1,1.7,0.46,1.94,-0.04622656,-0.01607956,-0.06359514,-0.03166372,-0.083100,sell
2022-02-21,0.02,0,0,0,1.06,0.64,0.28,0,0.28,0.05,0.02,0,1.01,0.5,2.36,-0.00391401,-0.00385862,-0.05245856,-0.01772323,-0.055805,sell
2022-02-22,0.05,0,0,0,0.71,0.89,0.79,0,0.79,0.13,0.05,0,0.6,0.65,2.94,-0.01141129,-0.01215209,-0.02831536, 0.00127687,-0.013638,sell
2022-02-23,0.1,0,0,0,0.67,1.25,2.28,0,2.32,0.33,0.1,0.03,0.35,0.85,3.7,-0.00039999, 0.01771514,-0.01771939, 0.03803850,-0.023546,sell
2022-02-24,0.2,0,0,0,0.9,1.69,2.97,0,3.05,0.75,0.2,0.08,0.13,1.08,4.69, 0.00139831, 0.01704168, 0.00034028, 0.02776106,-0.013273,buy
2022-02-25,0.41,0,0,0,1.96,2.31,1.27,0,1.46,1.87,0.41,0.17,0,1.34,5.75,-0.02531787,-0.00065188,-0.01483712,-0.00880405,-0.015157,sell
2022-02-26,0.84,0,0,0,3.43,3.24,0.42,0,0.88,3.16,0.84,0.35,0.05,1.68,6.48,-0.01030530, 0.03213981,-0.01228221,-0.02464901,-0.010305,sell
2022-02-27,1.73,0,0,0,2.94,4.55,0.13,0,1.2,2.2,1.73,0.69,0.13,2.03,7.32,-0.03357157,-0.03443861,-0.02570928,-0.05546279,-0.058465,sell
2022-02-28,3.55,0,0,0,3.21,6.21,0,0,2.51,1.23,3.55,1.39,0.41,2.47,7.6,-0.05029745,-0.07908617,-0.05604207,-0.08273352,-0.087536,sell
2022-03-01,6,0,0,0,3.25,7.02,0,0,3,1.14,6,2.86,1.29,2.92,6.25,-0.03253518,-0.05951407,-0.03866333,-0.05951407,-0.059095,sell
2022-03-02,4.84,0,0,0,1.57,7.67,0,0,1.48,1.63,4.84,5.99,2.92,3,4.44, 0.03463009, 0.03114575, 0.04554101, 0.03114575, 0.034180,buy
2022-03-03,2.3,0,0,0,0.68,8.4,0,0.02,0.68,2.68,2.32,8.97,2.12,2.6,3.23, 0.02769299, 0.03401774, 0.03988155, 0.04748216, 0.035344,buy
2022-03-04,1.08,0,0,0,0.35,7.7,0,0.09,0.4,4.72,1.17,6.35,0.68,2.26,2.34,-0.00316149, 0.00550199, 0.00651587, 0.02383932, 0.001658,buy
2022-03-05,0.5,0,0,0,0.36,8.23,0,0.35,0.6,7.56,0.85,3.11,0.27,1.97,1.74, 0.03357707, 0.01824812, 0.03815761, 0.03693458,-0.001861,buy
2022-03-06,0.23,0,0,0,0.68,10,0,1.39,1.73,8.2,1.62,1.72,0.19,1.73,1.42, 0.04621734, 0.04593793, 0.04460660,-0.02992980, 0.017883,buy
2022-03-07,0,0,0,0,2,9.5,0,2.97,2.95,5.86,2.97,1.73,0.41,1.54,1.42, 0.05933118, 0.05873042, 0.06162153, 0.03311986, 0.078958,buy
2022-03-08,0,0,0,0,5.29,5.65,0,1.51,1.34,3.41,1.51,3.24,0.91,1.38,2.04, 0.04627326, 0.04055041, 0.04055041,-0.03310499, 0.053316,buy
2022-03-09,0,0,0,0,7.15,3.31,0,0.36,0.36,2,0.36,2.14,2.01,1.25,3.39, 0.06683506, 0.05999134, 0.06871739,-0.03339068, 0.060853,buy
2022-03-10,0,0,0,0,5.88,2.27,0,0.09,0.09,1.18,0.09,0.55,2.97,1.15,2.65,-0.00118051, 0.01288319, 0.00658952, 0.01378695,-0.030803,sell
2022-03-11,0,0,0,0,3,1.68,0.06,0,0,0.62,0.06,0.14,1.97,1.06,1.03, 0.08617373,-0.04411129, 0.00035043,-0.01737604, 0.012999,sell
2022-03-12,0,0,0,0,1.22,1.35,0.17,0,0.03,0.37,0.14,0,0.89,0.98,0.44,-0.10233759,-0.10070264,-0.09369612,-0.07628282,-0.064433,sell
2022-03-13,0,0,0,0,0.55,1.08,0.49,0,0.12,0.16,0.36,0.04,0.4,0.92,0.21,-0.08811665,-0.09457617,-0.08885720,-0.07742525,-0.066314,sell
2022-03-14,0,0,0,0,0.32,0.98,1.21,0,0.33,0.1,0.92,0.1,0.18,0.88,0,-0.09925770,-0.10277520,-0.10001187,-0.09193847,-0.085788,sell
2022-03-15,0,0,0,0,0.6,0.98,3.02,0,1.01,0,2.36,0.38,0,0.85,0, 0.04813065, 0.02706469, 0.04462862, 0.03967271, 0.011269,buy
2022-03-16,0,0,0,0,2.62,1.37,4.43,0,3.5,0,2.95,1.16,0,0.81,0,-0.03081824,-0.03765113,-0.04831881,-0.02975897, 0.010609,sell
2022-03-17,0,0,0,0,2.95,3.34,4.81,0,4.87,0.04,1.46,3.96,0,0.79,0.02,-0.00756146, 0.01615621, 0.01407773, 0.01407773, 0.018909,buy
2022-03-18,0,0,0,0,0.74,3.81,7,0,4.2,0.13,0.57,5.92,0,0.77,0.09, 0.00774720, 0.01308622, 0.00774720, 0.00553186,-0.008536,sell
2022-03-19,0,0,0,0,0.25,1.71,6.05,0,3.41,0.53,0.22,3.29,0.06,0.76,0.25,-0.02692754,-0.04036519,-0.04234719,-0.03262967,-0.041329,sell
2022-03-20,0,0,0,0,0.3,1.62,3.93,0,2.72,2.03,0.09,1.23,0.26,0.75,0.76, 0.02285913, 0.03158153, 0.04243757, 0.04034179,-0.011702,buy
2022-03-21,0,0,0,0,1.25,3.13,3.97,0,3.44,3.04,0,0.45,1.22,0.75,2.42,-0.01159636,-0.03279921,-0.04160363,-0.04160363,-0.041604,sell
2022-03-22,0,0,0,0,3.09,3.83,3.42,0,2.96,1.21,0.14,0.19,3.04,0.77,3.1, 0.02506784, 0.06132525, 0.02796063, 0.02704370, 0.038042,buy
2022-03-23,0,0,0,0,1.84,2.09,2.54,0,1.5,0.55,0.77,0.05,1.81,0.77,1.33,-0.00298988,-0.04836445,-0.00607781,-0.01973972,-0.007496,buy
2022-03-24,0,0,0,0,0.91,1.59,4.35,0,0.8,0.58,2.95,0.25,0.92,0.79,0.68, 0.00593089,-0.00873877,-0.00668478,-0.02221726,-0.006685,buy
2022-03-25,0,0,0,0,1.19,1.97,4.31,0,0.43,1.19,2.03,1.33,1.31,0.81,0.65,-0.03993028,-0.08212132,-0.06926858,-0.09061362,-0.043911,sell
2022-03-26,0,0,0,0,2.39,3.24,4.4,0.03,0.23,2.39,0.48,2.92,2.94,0.84,0.9, 0.12094974, 0.12094974, 0.12578531, 0.08798460, 0.087126,buy
2022-03-27,0,0,0,0,3.05,4.1,2.76,0.08,0.16,3.05,0.34,1.18,4.46,0.87,1.46,-0.00721654,-0.00721654, 0.05035803, 0.07203225, 0.041272,buy
2022-03-28,0,0,0,0,1.98,3.39,2.55,0.2,0.1,1.98,0.86,0.21,4.82,0.93,2.34, 0.09254334, 0.08683679, 0.06318875, 0.10248730, 0.105760,buy
2022-03-29,0,0,0,0,1.12,4.18,3.07,0.54,0.29,1.1,2.28,0.02,4.06,1.03,3.07, 0.03628274, 0.03350848, 0.04835296, 0.04563008, 0.045916,buy
2022-03-30,0,0,0,0,0.82,7.7,2.72,1.42,0.67,0.76,4.66,0.06,4.54,1.18,2.72, 0.05175131, 0.05175131, 0.05175131, 0.04568525, 0.029100,buy
2022-03-31,0,0,0,0,0.86,7.72,2.96,2.97,1.72,0.71,6.67,0.15,3.29,1.53,2.96,-0.01127639, 0.06841140,-0.01805385,-0.01296693,-0.017454,sell
2022-04-01,0,0,0,0,1.29,6.23,3.81,2.31,4.62,0.91,5.99,0.38,1.11,2.3,3.81, 0.07121763,-0.01710292, 0.07206729,-0.01710292, 0.004744,sell
2022-04-02,0,0,0,0,2.22,4.67,1.91,0.95,8.27,1.27,2.05,0.95,0.93,4.16,1.91, 0.03448942,-0.00301335, 0.01440743, 0.00097278, 0.039160,buy
2022-04-03,0,0,0,0,4.48,4.53,0.67,0.51,5.86,2.04,0.76,2.44,1.54,4.18,0.67,-0.00483330,-0.01443179,-0.01443179,-0.00974256, 0.001826,sell
2022-04-04,0,0,0,0,5.98,2.88,0.24,0.52,2.38,3.01,0.52,2.97,2.82,2.5,0.21, 0.04459494, 0.02837535, 0.02826706, 0.06172455, 0.014416,buy
2022-04-05,0,0,0,0,4.32,2.13,0.32,0.84,0.93,2.89,0.87,1.4,3.16,1.91,0.13, 0.06821375, 0.07165029, 0.07761837, 0.08083098, 0.041119,buy
2022-04-06,0,0,0,0,3.49,1.95,1.11,1.73,0.46,2.7,1.93,0.59,2.84,1.77,0, 0.03436173, 0.03764229, 0.03903036, 0.07031995,-0.028137,buy
2022-04-07,0,0,0,0,5.73,2.05,2.97,3.01,0.29,4.06,4.34,0.34,3.92,1.76,0,-0.00900460,-0.01051559,-0.00900460,-0.01867221,-0.000901,sell
2022-04-08,0,0,0,0,5.55,2.25,1.42,2.7,0.35,2.4,5.44,0.41,1.95,1.9,0,-0.01312747, 0.01462932,-0.01328058,-0.01312747,-0.013127,sell
2022-04-09,0,0,0,0,2.23,2.73,0.48,2.63,0.65,0.9,2.18,1.78,0.77,2.08,0,-0.02168644, 0.01210110,-0.00873699, 0.01893359, 0.014057,sell
2022-04-10,0,0,0,0,1.56,3.51,0.58,3.54,1.21,0.57,0.9,3.63,0.74,2.3,0,-0.02982938,-0.01264190,-0.01160141,-0.01160141,-0.012642,sell
2022-04-11,0,0,0,0,2.52,4.77,1.29,1.22,2.24,0.76,0.73,2.25,1.38,2.53,0,-0.03326349,-0.03136934, 0.00167160,-0.02971881,-0.029694,sell
2022-04-12,0,0,0,0,5,5.79,2.87,0.29,3,1.31,1.25,2.73,2.87,2.79,0,-0.07159777,-0.05743935,-0.05301146,-0.05398548,-0.058142,sell
2022-04-13,0,0,0,0,8.14,5.28,2.97,0.05,2.18,2.45,2.77,3.07,2.97,3,0,-0.06963454,-0.08471042,-0.05571629,-0.06255332,-0.073839,sell
2022-04-14,0,0,0,0,7.92,4.78,1.36,0.12,1.34,3.59,3,2,1.36,2.89,0,-0.05690205,-0.06104774,-0.05150647,-0.06943262,-0.058112,sell
2022-04-15,0,0,0,0,4.78,6.46,0.61,0.3,1.28,4.81,1.24,1.58,0.61,2.6,0.03,-0.04413713,-0.05056303,-0.04105440,-0.04413713,-0.020729,sell
2022-04-16,0,0,0,0,4.04,6.61,0.27,0.73,2.36,3.93,0.5,2.16,0.27,2.34,0.09,-0.04538827,-0.04538827,-0.04085298,-0.04437503,-0.022740,sell
2022-04-17,0,0,0,0,6.94,5.63,0.12,1.78,6.06,1.18,0.2,4.62,0.12,2.08,0.21, 0.01560130, 0.05004452, 0.02089630, 0.05523795, 0.012872,buy
2022-04-18,0,0,0,0,5.65,5.07,0,3.32,5.16,0.42,0,6.06,0,1.85,0.55,-0.00940893,-0.02951030,-0.02493193, 0.03523396,-0.036108,sell
2022-04-19,0,0,0,0,2.04,2.85,0,3.3,1.53,0.13,0,3.38,0,1.65,1.5,-0.05369181,-0.00947097,-0.01346428,-0.01346428,-0.017315,sell
2022-04-20,0,0,0,0,1.24,1.91,0,3.92,0.51,0,0.03,1.37,0.03,1.46,3.7, 0.01667526, 0.05001167, 0.02534986, 0.03071117, 0.025260,buy
2022-04-21,0,0,0,0,1.53,1.47,0,3.04,0.15,0,0.13,0.56,0.12,1.3,3.91, 0.03141351,-0.00372573,-0.00022210, 0.04340714,-0.007342,buy
2022-04-22,0,0,0,0,2.66,1.14,0.1,1.48,0,0.05,0.55,0.16,0.47,1.14,3.51, 0.07221110, 0.04539844, 0.05773605, 0.05977571, 0.039577,buy
2022-04-23,0,0,0,0,3.11,1,0.28,1.79,0,0.14,2.04,0,1.57,1,3.33, 0.03008545, 0.02528582, 0.03079842, 0.02778767, 0.003312,buy
2022-04-24,0.07,0,0,0,2.04,0.95,0.79,3.1,0.07,0.4,3.33,0.07,3.25,0.88,1.89, 0.00370617, 0.00650327, 0.00519370, 0.00255080,-0.028463,sell
2022-04-25,0.22,0,0,0,1.66,0.99,2.18,1.85,0.22,1.05,2.44,0.24,2.58,0.77,0.91,-0.01393980,-0.01106309, 0.01552887, 0.03855924, 0.000985,buy
2022-04-26,0.65,0,0,0,2.4,1.3,5.35,0.62,0.6,2.54,3.31,0.73,2.51,0.67,0.47, 0.02155318,-0.01970912,-0.00242397,-0.04032761,-0.000031,buy
2022-04-27,1.79,0,0,0,3.28,2.17,5.64,0.23,1.51,3.29,2.71,1.97,3.2,0.59,0.24,-0.00446652,-0.03060164,-0.03912103,-0.03825132,-0.036737,sell
2022-04-28,3,0,0,0,2.07,3.73,2.74,0.09,3.12,2.31,0.89,3.42,1.86,0.51,0.13,-0.02054222, 0.07382111, 0.00149836, 0.00149836, 0.001498,sell
2022-04-29,1.9,0,0,0,1,3.45,1.73,0,2.79,2.33,0.31,2.92,0.68,0.44,0, 0.00430932, 0.00870530,-0.02231598,-0.00847943, 0.015848,buy
2022-04-30,0.82,0,0,0,0.89,2.55,2.34,0,1.75,3.71,0.11,3.36,0.26,0.38,0, 0.01476920, 0.00238607, 0.00029016, 0.00546105, 0.001732,buy
2022-05-01,0.38,0,0,0,1.34,2.94,3.17,0,1.78,3.64,0,4.7,0.1,0.33,0,-0.02820423,-0.01769181, 0.00554325,-0.02460437,-0.009602,sell
2022-05-02,0.19,0,0,0,2.44,4.65,1.84,0,2.72,2.71,0,4.6,0,0.29,0, 0.03216452, 0.01202617, 0.01473007, 0.03613148, 0.036131,buy
2022-05-03,0.1,0,0,0,4.62,6.12,0.62,0,4.78,3.24,0,3.72,0,0.24,0, 0.06205079, 0.05355822, 0.06351419, 0.07680056, 0.062294,buy
2022-05-04,0,0,0,0,5.69,4.93,0.22,0,5.79,3.2,0,1.87,0,0.21,0, 0.03387567, 0.02338198, 0.01804485, 0.02887498, 0.030606,buy
2022-05-05,0,0,0,0,3.78,2.74,0,0,3.78,1.72,0.07,0.84,0,0.18,0.03,-0.00066645, 0.01255794, 0.01689472,-0.00255904, 0.010613,buy
2022-05-06,0,0,0,0,1.82,1.71,0,0,1.82,0.82,0.21,0.43,0.05,0.15,0.05,-0.01164540,-0.03952596,-0.05448996, 0.04164205,-0.038502,sell
2022-05-07,0,0,0,0,0.87,1.61,0,0,0.87,0.41,0.64,0.22,0.12,0.13,0.11,-0.03393903,-0.03393903,-0.03138459,-0.02366877,-0.029799,sell
2022-05-08,0,0,0,0,0.42,2.8,0.04,0,0.42,0.21,1.92,0.11,0.33,0.11,0.22, 0.03568891, 0.04268736, 0.03533047, 0.05005943, 0.035330,buy
2022-05-09,0,0,0,0,0.21,4.5,0.12,0,0.21,0.13,3.2,0,0.88,0.1,0.45,-0.07880547,-0.05821492,-0.06960956,-0.05934556,-0.059371,sell
2022-05-10,0,0,0,0,0.03,4.96,0.22,0.07,0.06,0.04,2.16,0,2.46,0,0.95,-0.03816834,-0.00946795,-0.03634819,-0.00690962,-0.017301,sell
2022-05-11,0,0,0,0,0.07,5.46,0.42,0.17,0.12,0.05,1.81,0,3.13,0,1.98,-0.01443035, 0.00736519,-0.00757613, 0.04352930, 0.041863,buy
2022-05-12,0,0,0,0,0.12,4.54,0.84,0.36,0.28,0.07,3.18,0,1.73,0,3.06,-0.02405096,-0.01891391,-0.01892522, 0.02379991, 0.022794,sell
2022-05-13,0.02,0,0,0,0.22,2.75,1.66,0.78,0.7,0.1,4.53,0.02,1.35,0,2.35,-0.05800233, 0.02520130, 0.02595158, 0.02626420, 0.032121,buy
2022-05-14,0.08,0,0,0,0.41,1.29,3.13,1.73,1.8,0.16,4.56,0.08,2.06,0,1.31,-0.02567422, 0.02616783,-0.02482147,-0.02617086, 0.023446,sell
2022-05-15,0.17,0,0,0,0.75,0.64,3.01,3.34,3.11,0.26,3.36,0.2,3.65,0,0.94,-0.02206347, 0.00862796, 0.00148229,-0.00561257,-0.006200,sell
2022-05-16,0.37,0,0,0,1.39,0.47,1.85,3.16,2.07,0.47,1.59,0.42,3.8,0,0.99, 0.00997353,-0.01204340,-0.00303368,-0.00425935,-0.006331,buy
2022-05-17,0.85,0,0,0,2.65,0.56,1.6,2.31,1.13,0.85,0.8,0.95,3.54,0,1.48,-0.01892308,-0.02312054,-0.01878649, 0.02266077,-0.018786,sell
2022-05-18,1.97,0,0,0,3.33,0.89,2.13,2.64,1.14,1.6,0.45,2.18,3.44,0.06,2.4,-0.03715928,-0.03629457,-0.03019090, 0.02036351,-0.024597,sell
2022-05-19,3.13,0,0,0,2.63,1.81,3.65,3.4,1.9,3.07,0.56,3.54,2.13,0.24,3.53, 0.02059659,-0.05804842, 0.03519196, 0.06842516, 0.084017,buy
2022-05-20,2.23,0,0,0,2.66,3.79,4.36,2.87,3.79,3.53,1.17,3.02,1.16,0.94,3.28, 0.07861125, 0.00150675, 0.06346782, 0.09093895, 0.076022,buy
2022-05-21,1.27,0,0,0,4.25,4.72,4.44,2.24,4.72,2.72,2.97,2.82,0.77,2.95,2.98, 0.01459602,-0.00853556,-0.00914722,-0.03846550,-0.020696,buy
2022-05-22,1.07,0,0,0,3.9,4.38,6.56,2.78,4.38,3.06,2.49,4.07,0.95,2.3,3.85, 0.00290920,-0.03204451,-0.03550699,-0.02995765,-0.030975,sell
2022-05-23,1.34,0,0,0,2.69,3.48,8.05,3.55,3.48,3.6,0.84,4.27,1.99,0.58,5.11,-0.00849096,-0.02378284,-0.01268888,-0.00734801,-0.012158,sell
2022-05-24,1.94,0,0,0,2.86,1.92,6.75,2.62,1.92,2.58,0.28,3.64,3.07,0.15,4.9,-0.02068454,-0.00379892, 0.01174333, 0.01534586, 0.008267,buy
2022-05-25,3,0,0,0,3.07,1.1,3.74,2.02,1.1,1.63,0.1,4.49,1.91,0,4.2,-0.01363640,-0.03438564,-0.02960126,-0.03233538,-0.030535,sell
2022-05-26,2.89,0,0,0,2.3,0.63,1.78,2.9,0.6,1.38,0.03,5.43,0.88,0,3.02,-0.09436437,-0.08895658,-0.08462544,-0.08885445,-0.053444,sell
2022-05-27,1.89,0,0,0,1.58,0.42,1.29,3.58,0.37,1.76,0.07,5.03,0.61,0,2.35,-0.11138392,-0.11742159,-0.10868550,-0.12756401,-0.083421,sell
2022-05-28,1.29,0,0,0,1.21,0.35,1.64,2.08,0.24,2.7,0.13,2.78,0.56,0,2.52, 0.01705136,-0.07317286,-0.05445509,-0.01469396,-0.046718,sell
2022-05-29,0.93,0.04,0,0,1.21,0.39,3,1.23,0.17,3.55,0.25,1.45,0.75,0,3.63,-0.01012960, 0.04367780,-0.02253960, 0.05463733,-0.013071,sell
2022-05-30,0.7,0.1,0,0,1.85,0.57,2.72,1.14,0.12,3.7,0.49,0.97,0.97,0,3.13, 0.03158219, 0.05357524, 0.01083012, 0.07313898, 0.017410,buy
2022-05-31,0.56,0.23,0,0,3.24,1.02,1.25,1.18,0.13,4.31,0.94,0.79,1.21,0,1.48, 0.03212659,-0.00675615,-0.01339282,-0.01512559,-0.037354,buy
2022-06-01,0.47,0.54,0,0,2.61,1.9,0.61,1.33,0.08,3.23,1.89,1.01,1.39,0,0.7,-0.01849558,-0.03694975,-0.02404616,-0.05831243,-0.036992,sell
2022-06-02,0.42,1.29,0,0,1.1,3.09,0.41,1.42,0.18,1.46,3.02,1.71,1.54,0,0.34,-0.01031459,-0.00206324,-0.01012260,-0.00620124, 0.007175,sell
2022-06-03,0.41,2.97,0,0,0.4,2.58,0.52,1.42,0.42,0.68,2.34,3.38,1.66,0,0.1, 0.07220792, 0.02104679, 0.02104679, 0.06798751, 0.017913,buy
2022-06-04,0.46,2.82,0,0,0.18,1.69,0.94,1.41,1,0.33,1.17,3.28,1.87,0.02,0, 0.01286113,-0.01530942,-0.01530942, 0.00345213,-0.015309,buy
2022-06-05,0.53,1.19,0,0,0.02,1.53,2.14,1.3,2.21,0.1,0.57,1.72,2.19,0.02,0, 0.03021436, 0.00150178,-0.00980645,-0.00355693,-0.009478,buy
2022-06-06,0.66,0.5,0,0,0.11,2.07,2.97,1.13,3.1,0,0.31,1.16,2.84,0.03,0, 0.02406260, 0.01757621,-0.00394987, 0.01499704, 0.013342,buy
2022-06-07,0.88,0.21,0,0,0.25,3.21,1.77,0.91,2.03,0,0.23,1.09,3.88,0.03,0, 0.02682126,-0.01910472,-0.00629205,-0.00411107,-0.011511,buy
2022-06-08,1.26,0.09,0,0,0.6,2.79,0.78,0.69,1.32,0,0.21,1.35,3.34,0.04,0, 0.09985719,-0.00076850,-0.00248563, 0.00180438,-0.028503,sell
2022-06-09,1.92,0,0,0,1.55,1.59,0.34,0.49,1.61,0.02,0.52,1.92,1.86,0.05,0, 0.01662055, 0.03507489, 0.01662055, 0.04183312, 0.037779,buy
2022-06-10,2.97,0,0,0,4.04,1.06,0.15,0.32,3.35,0.05,1.29,2.97,1.02,0.06,0,-0.06138528,-0.07174131,-0.04862049,-0.06068257,-0.050949,sell
2022-06-11,2.89,0,0,0,6.03,1.01,0,0.22,3.77,0.14,3.08,2.82,0.63,0.08,0.02, 0.07322775, 0.06471045, 0.07474660, 0.08277626, 0.064568,buy
2022-06-12,1.81,0,0,0,4,1.45,0,0.14,2.62,0.34,3.01,1.64,0.47,0.09,0.05,-0.05393347,-0.09341380,-0.03409586,-0.05216627,-0.078599,sell
2022-06-13,1.28,0,0.03,0,1.65,2.69,0.02,0.05,3.18,0.9,1.84,0.92,0.49,0.11,0.08, 0.04052729, 0.03363661, 0.03829251,-0.00345675, 0.043419,buy
2022-06-14,1.39,0,0.07,0,0.78,5.29,0.05,0.13,5.15,2.31,2.65,0.52,0.98,0.14,0.15,-0.01225566,-0.02461011,-0.02158594,-0.03525324,-0.000143,sell
2022-06-15,2.46,0,0.16,0,0.41,5.69,0.09,0.31,5.59,3.06,3.21,0.38,2.37,0.17,0.28,-0.02719894,-0.04321956,-0.02170335,-0.03555173,-0.005253,sell
2022-06-16,3.07,0,0.38,0,0.31,2.9,0.18,0.72,3.56,1.68,1.42,0.48,3.34,0.21,0.51,-0.01092376,-0.00238453,-0.00812219,-0.01300944,-0.008594,sell
2022-06-17,1.7,0,0.9,0,0.47,1.4,0.39,1.83,1.81,0.97,0.65,0.98,2.71,0.26,1,-0.02514803,-0.05664573,-0.01999294,-0.01452227,-0.020065,sell
2022-06-18,0.91,0,2.14,0,0.74,0.93,0.88,4.59,0.93,1.11,0.56,2.37,3.6,0.32,2.11,-0.00504313,-0.02171240,-0.00537566,-0.03148025,-0.008689,sell
2022-06-19,0.96,0,2.97,0,1.24,0.98,2.14,5.62,0.5,2.23,0.85,3.64,2.96,0.39,3.7,-0.03412475,-0.05120946,-0.05249442,-0.05247845,-0.050815,sell
2022-06-20,2.08,0,1.7,0,2.16,1.39,3,3.1,0.32,2.97,1.68,3.66,1.07,0.48,3.44,-0.05095605,-0.04077760,-0.02930116,-0.04977023, 0.052682,sell
2022-06-21,2.97,0.05,0.71,0,3.59,2.56,1.64,1.17,0.46,1.58,3.04,3.71,0.37,0.59,3.04, 0.03535209,-0.01829369,-0.02308973,-0.03678357,-0.018847,buy
2022-06-22,1.55,0.16,0.3,0,3.33,4.12,0.69,0.45,1.02,0.61,2.7,1.96,0.21,0.73,3.37, 0.04539612, 0.03906884, 0.03411165, 0.01406040, 0.049795,buy
2022-06-23,0.61,0.54,0.12,0,2.21,5.5,0.43,0.2,2.89,0.28,1.54,1.16,0.21,0.9,2.63,-0.03030512,-0.02782071,-0.02338230,-0.04681668,-0.022850,sell
2022-06-24,0.41,1.9,0,0,1.78,4.92,0.57,0.25,3.08,0.18,1.23,2.1,0.41,1.12,1.71, 0.00265278,-0.03549943, 0.00265278,-0.01814585, 0.026188,sell
2022-06-25,0.51,2.92,0,0,1.72,3.26,1.31,0.57,1.43,0.41,1.74,2.97,0.8,1.39,1.55, 0.08980552, 0.08340461, 0.09850754, 0.09850754, 0.056640,buy
2022-06-26,1.12,1.25,0,0,1.92,3.8,3.35,1.35,1.81,0.96,3.18,1.3,1.61,1.71,2.22, 0.01652879, 0.00581970, 0.03486149, 0.03486149, 0.007449,buy
2022-06-27,2.42,0.43,0,0,2.38,2.91,6.84,3.22,3.08,2.23,2.77,0.5,3.1,2.12,4.4, 0.02392096, 0.03320043, 0.02291507, 0.02461541, 0.024645,buy
2022-06-28,2.97,0.31,0,0,3.42,1.18,6.78,6.16,1.47,5.26,1.85,0.39,3.18,2.6,6.07,-0.00816444, 0.00776107, 0.00615451, 0.01854659,-0.009944,sell
2022-06-29,1.69,0.79,0,0,5.92,0.49,4.82,5.62,0.35,6,3.33,0.8,2.26,3,3.59,-0.02754172,-0.02754172,-0.02607721,-0.01487145,-0.022230,sell
2022-06-30,1.02,1.94,0,0,4.98,0.17,2.06,3.55,0,2.74,2.41,1.59,2.81,2.74,1.43,-0.00825575, 0.01624330, 0.01452927, 0.01825420,-0.005573,buy
2022-07-01,1.67,3.45,0.08,0,2.67,0,0.9,3.65,0.02,1.15,0.45,3.27,4.73,2.22,0.58, 0.01299802, 0.04799144, 0.03895535, 0.01866387, 0.005458,buy
2022-07-02,3.07,3.33,0.44,0,1.88,0,0.44,3.37,0.06,0.49,0.09,4.75,5.11,1.79,0.24, 0.02828396, 0.02686022, 0.01453379, 0.03287214, 0.017421,buy
2022-07-03,1.18,3.79,2.38,0,1.43,0,0.26,1.87,0.22,0.14,0,7.02,2.1,1.43,0,-0.00162549,-0.00162549,-0.01033075,-0.00158007, 0.003006,buy
2022-07-04,0.21,2.5,2.95,0,1.16,0.03,0.47,1.02,0.62,0,0.03,5.98,0.55,1.16,0, 0.02129710, 0.02047907,-0.00086421, 0.00270138, 0.013153,buy
2022-07-05,0,0.87,0.62,0,1,0.16,1.34,0.8,1.68,0,0.23,1.81,0.14,0.93,0,-0.01641547, 0.06501787, 0.03081318, 0.06392103, 0.030073,buy
2022-07-06,0.13,0.24,0.11,0,0.96,0.97,3.03,1.08,3.76,0.05,1.22,0.59,0,0.75,0.15,-0.06936832,-0.07809286,-0.09765585, 0.00197756,-0.005500,sell
2022-07-07,0.79,0.08,0,0,1.24,2.92,2.35,2.24,4.04,0.29,3.66,0.13,0.08,0.6,0.82,-0.05230177,-0.06064459,-0.05116662,-0.05230177,-0.054153,sell
2022-07-08,2.92,0.59,0,0,2.46,1.34,1.08,4.71,3.74,1.76,3.55,0,0.59,0.48,2.98,-0.06623782,-0.13679173,-0.11291494,-0.11291494,-0.085515,sell
2022-07-09,1.75,3.07,0,0,3.4,0.2,1.02,5.01,2.33,2.99,3.8,0,3.08,0.39,1.86, 0.01024841,-0.00366746, 0.01249248,-0.00467450, 0.007688,buy
2022-07-10,0.5,2.37,0.02,0,1.81,0,1.86,1.66,0.97,0.85,2.97,0,2.47,0.31,0.65, 0.04354653, 0.03520191, 0.05584406, 0.05790898, 0.038747,buy
2022-07-11,0.76,0.73,0.09,0,0.84,0,3.43,0.8,0.68,0.24,3.47,0.04,1.12,0.25,0.85, 0.04645405, 0.02876688, 0.03026477, 0.02653993, 0.025245,buy
2022-07-12,2.32,1.01,0.24,0,0.56,0,3.27,2.18,2.18,0.21,2.6,0.11,2.45,0.25,1.83, 0.07282909, 0.04519414, 0.07284981, 0.07373802, 0.068619,buy
2022-07-13,2.92,2.59,0.65,0,0.54,0,3.6,2.95,2.95,0.38,2.01,0.34,3.23,0.3,4.18, 0.05057254, 0.04868203, 0.04927371, 0.04637728, 0.054310,buy
2022-07-14,1.21,3.8,1.87,0.03,0.8,0,6.24,0.61,0.61,0.67,3.27,1.04,2.07,0.54,6.77,-0.00950845, 0.01328793,-0.01448906,-0.01643506,-0.009508,sell
2022-07-15,0.39,4.33,5.59,0.08,1.28,0,4.12,0.09,0.09,1.18,1.25,3.05,3.01,1.3,7.2,-0.01630370, 0.02335012,-0.02055808,-0.01110123, 0.004502,sell
2022-07-16,0.13,1.97,8.76,0.43,2.1,0.02,1.63,0,0,2.1,0.17,3.27,6.05,2.95,3.45, 0.00823474, 0.01487146,-0.00618719,-0.01390995, 0.002895,buy
2022-07-17,0,0.42,4.36,2.05,3,0.07,0.76,0,0,3,0.07,3,3.41,2.47,1.18, 0.05779594, 0.03895563, 0.02042896, 0.02759489, 0.019236,buy
2022-07-18,0.03,0.09,1.3,4.15,2.36,0.22,0.39,0,0,2.36,0.22,4.47,0.98,0.86,0.51, 0.00509003,-0.03944967, 0.00550742,-0.01191632,-0.014053,sell
2022-07-19,0.08,0,0.44,3.49,1.33,0.69,0.2,0,0,1.33,0.69,3.6,0.31,0.31,0.3, 0.01517530,-0.00687574, 0.00793120,-0.02432610, 0.007931,sell
2022-07-20,0.28,0.03,0.29,3.09,0.77,2.1,0.1,0.03,0.02,0.8,2.1,3.09,0.15,0.11,0.53, 0.02221006, 0.02387821, 0.02250288,-0.00610760, 0.022503,buy
2022-07-21,0.97,0.09,1.16,1.32,0.46,2.95,0,0.09,0.04,0.63,2.95,1.32,0.09,0,2.01,-0.03315770,-0.01819732,-0.02507807, 0.00502742,-0.030256,sell
2022-07-22,3.51,0.29,2.97,0.56,0.3,1.32,0,0.26,0.06,1.24,1.32,0.56,0.29,0,5.74, 0.01392554, 0.01161635, 0.00915643,-0.00151523, 0.009395,buy
2022-07-23,5.9,0.9,1.1,0.23,0.25,0.43,0,0.75,0.12,3.83,0.43,0.23,0.9,0,4.05,-0.01573248,-0.02799436,-0.03432279,-0.02325042,-0.026649,sell
2022-07-24,2.84,2.82,0.27,0.1,0.21,0.14,0,2.18,0.21,4.08,0.17,0.1,2.82,0,1.21,-0.01793763,-0.02407378,-0.01725168,-0.00545744,-0.015036,sell
2022-07-25,0.77,2.95,0.29,0,0.39,0,0,2.99,0.54,3.3,0.07,0,2.95,0,0.58,-0.00631376,-0.03176587,-0.03176587,-0.03433281,-0.025746,sell
2022-07-26,0.97,0.98,0.77,0,0.7,0,0,1.5,1.56,1.4,0.22,0,0.98,0,0.86, 0.02545933,-0.02316772,-0.01529925, 0.06491446, 0.036417,buy
2022-07-27,3.1,0.31,2.04,0,1.27,0,0,1.22,4.33,0.56,0.89,0,0.31,0,2.04, 0.01367246, 0.02243002,-0.00145578, 0.01749917, 0.031138,buy
2022-07-28,2.05,0.14,2.97,0.06,2.28,0,0,3.25,4.27,0.43,3.28,0,0.16,0,2.97,-0.03114236,-0.01964407,-0.00543566,-0.04041674,-0.017392,sell
2022-07-29,0.88,0.21,1.55,0.34,3,0,0.08,2.64,3.84,0.73,2.9,0,0.34,0,1.57,-0.01757318,-0.04469863,-0.06497421,-0.02613216,-0.045119,sell
2022-07-30,1.29,1.03,0.62,1.82,2.14,0,0.26,1.92,3.65,2.25,1.92,0.05,1.84,0,0.64, 0.09744717, 0.09744717, 0.01855871, 0.06670579, 0.097447,buy
2022-07-31,2.95,3.21,0.45,2.97,1.19,0.02,0.79,3.04,4.19,5.94,3.15,0.24,3.01,0,0.45,-0.00021387,-0.01691661, 0.00585477,-0.01213628,-0.009941,sell
2022-08-01,2.84,2.61,1.21,0.87,0.66,0.03,2.49,1.99,2.58,4.63,5.46,1.17,0.98,0,0.85,-0.01707191, 0.02591479,-0.00957144,-0.00739097,-0.003321,sell
2022-08-02,1.21,3.45,3.05,0.17,0.37,0.06,2.97,0.78,1.13,1.63,4.96,2.92,0.44,0,2.97,-0.03212465,-0.02256042,-0.02504712,-0.03622339,-0.018557,sell
2022-08-03,0.54,3.43,1.92,0.05,0.2,0.11,1.12,0.47,1.01,0.61,2.2,1.51,0.67,0,2.92, 0.02058625,-0.00978932,-0.02002964,-0.01214865,-0.021158,sell
2022-08-04,0.31,3.33,1.62,0.26,0.11,0.2,0.36,0.49,2.72,0.41,0.94,0.32,1.79,0,1.08,-0.00128647, 0.00681155, 0.01857990,-0.00026790,-0.026181,buy
2022-08-05,0.34,3.2,2.95,1.45,0,0.36,0.12,0.98,3.22,0.45,0.48,0.08,3.88,0,1.6,-0.00951602, 0.00214058, 0.05330090, 0.01191047, 0.005362,sell
2022-08-06,0.62,0.75,2.15,3.16,0,0.65,0,1.87,1.34,0.72,0.3,0.27,3.82,0,2.92, 0.00045696,-0.01625848, 0.00201474,-0.00620290, 0.026002,sell
2022-08-07,1.47,0.18,0.97,1.95,0,1.17,0,3.29,1.59,1.48,0.41,0.81,3.63,0,1.2, 0.02065436, 0.01279651, 0.00584669, 0.02303368, 0.023034,buy
2022-08-08,3.1,0.06,1.52,2.5,0,2.12,0,3.49,3,3.43,0.79,2.42,2.91,0,0.24, 0.00665710,-0.01652676, 0.02957423, 0.03048270, 0.017001,buy
2022-08-09,2.78,0.26,3,2.99,0,2.97,0,3.4,2.6,5.97,1.94,3.39,1.5,0,0,-0.00596009, 0.01376500, 0.02689024, 0.03638461,-0.000544,buy
2022-08-10,1.42,1.06,1.74,1.35,0,2.32,0,3.72,1.11,3.94,2.95,2.62,0.86,0,0.13, 0.00040419, 0.00040419, 0.00856989, 0.00472419, 0.029239,buy
2022-08-11,1.02,3.07,0.93,0.65,0,1.29,0,2.24,0.53,1.75,1.82,3.99,0.65,0,0.46,-0.03889138, 0.01735587,-0.04014985,-0.03159728,-0.043931,sell
2022-08-12,1.29,2.34,2.1,0.73,0,0.73,0,0.97,0.51,0.99,0.82,3.32,0.82,0,1.7,-0.00227633,-0.01963573,-0.00843678,-0.00514112,-0.003635,buy
2022-08-13,2.11,1.02,4.03,1.48,0,0.44,0,0.44,1.15,0.87,0.6,2.36,1.6,0,2.94,-0.04919049,-0.07147344, 0.00612616, 0.01457138,-0.049332,sell
2022-08-14,4.14,1.28,4.36,2.97,0.02,0.28,0,0.16,3.01,1.4,1.23,3.18,2.97,0.02,1.4,-0.03501861,-0.00991738, 0.01583204, 0.03068294, 0.005371,sell
2022-08-15,5.94,2.77,2.74,2.32,0.03,0.23,0,0.09,2.27,3.09,2.92,2.94,2.41,0.03,0.46,-0.05351921,-0.03911935,-0.00893650,-0.02176791,-0.046550,sell
2022-08-16,4.38,2.97,1.31,0.92,0.04,0.19,0,0.19,0.81,3.59,2.14,1.9,1.23,0.04,0.29,-0.06633645,-0.06090166,-0.06187819,-0.06257353,-0.061420,sell
2022-08-17,3.48,1.26,1.93,0.37,0.05,0.33,0,0.4,0.51,3.2,0.61,1.6,1.45,0.05,0.4,-0.01074777,-0.01547299,-0.03001479,-0.01074777,-0.009780,sell
2022-08-18,3.73,0.53,4.61,0.19,0.07,0.57,0,0.84,0.6,3.47,0.18,2.19,3.14,0.07,0.89,-0.04143307, 0.00621016,-0.04790992, 0.00671241, 0.006712,buy
2022-08-19,1.82,0.28,5.31,0.14,0.09,0.99,0,1.77,1.07,1.59,0,3.4,2.34,0.09,1.91, 0.02884962,-0.02969034, 0.01753866, 0.03691502, 0.025407,buy
2022-08-20,1.03,0.19,2.97,0.41,0.12,1.73,0,3,1.96,0.44,0,2.81,0.71,0.12,3.41,-0.06195283,-0.06195283,-0.08379740,-0.06289719,-0.044573,sell
2022-08-21,1.48,0.46,1.22,1.23,0.15,2.95,0,2.38,3.54,0.14,0.04,2.15,0.22,0.15,3.63,-0.03512865,-0.03512865,-0.04160663,-0.03236140, 0.006865,sell
2022-08-22,3.41,1.14,0.6,2.97,0.18,3,0,1.26,4.53,0,0.16,3.39,0,0.18,4.3, 0.05567861, 0.05264113, 0.03914972, 0.11061674, 0.051557,buy
2022-08-23,4,2.76,0.89,2.38,0.2,1.74,0.02,0.97,5.7,0.02,0.5,2.9,0,0.2,3.64, 0.02639870, 0.02261124, 0.01865683, 0.04318142, 0.052444,buy
2022-08-24,3.94,3.18,2.38,0.81,0.23,1.02,0.04,1.64,6.97,0.04,1.56,0.99,0,0.23,3.45, 0.01990532, 0.03067996, 0.02153387, 0.03067996, 0.020589,buy
2022-08-25,2.59,1.82,2.99,0.38,0.24,0.6,0.07,3.09,4.14,0.14,3.44,0.37,0.11,0.24,3.34, 0.01393101,-0.03449759, 0.02003285, 0.01393101, 0.012003,buy
2022-08-26,0.86,1.88,1.24,0.46,0.25,0.35,0.13,1.97,1.62,0.35,3.19,0.14,0.37,0.25,1.22,-0.02566111, 0.01870777,-0.01585333, 0.05178300, 0.056760,sell
2022-08-27,0.23,3.65,0.66,1.19,0.26,0.21,0.22,0.63,0.66,0.88,3.63,0,1.25,0.26,0.37, 0.03085930, 0.02883023, 0.00385782, 0.02898783, 0.019933,buy
2022-08-28,0,4.35,0.88,3.01,0.25,0.12,0.4,0.2,0.21,2.36,3.09,0.02,3.15,0.25,0.13, 0.02270232, 0.05250036, 0.02789979, 0.05167513, 0.022573,buy
2022-08-29,0,4.66,2.01,2.44,0.24,0,0.7,0,0,5.73,1.21,0.11,2.76,0.24,0,-0.08357487,-0.00660309,-0.01606084,-0.00086600,-0.100989,buy
2022-08-30,0,3.95,3.23,1.12,0.22,0,1.25,0,0,6.87,0.54,0.34,1.72,0.22,0.08,-0.03246189,-0.04373286,-0.03324676,-0.03214792,-0.034967,sell
2022-08-31,0,3.33,2.44,1.22,0.19,0,2.22,0,0,5.36,0.25,0.96,2.35,0.19,0.29,-0.05898352,-0.03199911,-0.03839798,-0.03900809,-0.047149,sell
2022-09-01,0,3.97,2.77,2.49,0.16,0,2.97,0,0.05,5.28,0.12,2.69,3,0.16,1.06,-0.11261838,-0.10709315,-0.09324718,-0.07495693,-0.069932,sell
2022-09-02,0,3.63,3.24,5.76,0.13,0,2.26,0,0.19,5.31,0,4.34,2.08,0.13,2.97,-0.10944909,-0.11693265,-0.10130462,-0.07748220,-0.083771,sell
2022-09-03,0.03,4.76,1.5,5.18,0.09,0,1.29,0,0.55,4.39,0.03,4.44,1.12,0.09,2.23,-0.05529925,-0.05140025,-0.05161431,-0.06119166,-0.088824,sell
2022-09-04,0.08,5.31,0.62,2.33,0,0,0.73,0,1.68,2.46,0.08,3.52,0.63,0,0.7, 0.06735256, 0.08551747, 0.00671530, 0.05006065, 0.073391,buy
2022-09-05,0.2,5.12,0.61,1.16,0,0,0.41,0,3.42,1.43,0.2,1.74,0.38,0,0.33, 0.02094508, 0.02226103, 0.01927200, 0.03299109, 0.031400,buy
2022-09-06,0.5,3.54,1.19,0.62,0,0,0.24,0,2.96,0.94,0.5,1.16,0.25,0,0.28, 0.03243877, 0.05908267, 0.01623665, 0.03322196, 0.008001,buy
2022-09-07,1.23,2.45,3.04,0.41,0,0,0.17,0,3.35,0.83,1.23,1.27,0.21,0,0.41,-0.01471159, 0.04123713,-0.01499940,-0.01189211,-0.013676,sell
2022-09-08,2.97,2.67,4.01,0.3,0,0,0.05,0,3.21,1.24,2.97,1.78,0.23,0,0.57, 0.02644250, 0.06353973, 0.03870229, 0.03238679, 0.033891,buy
2022-09-09,2.82,3.48,4.51,0.23,0.03,0,0.07,0,1.37,3.2,2.85,2.65,0.35,0,0.72,-0.02881780,-0.02609585,-0.02140245,-0.01983642,-0.032532,sell
2022-09-10,1.14,3.99,3.87,0.2,0.06,0,0.12,0,0.65,2.92,1.2,3.07,0.71,0,0.83,-0.01292868,-0.03135400,-0.00202447,-0.00139268,-0.012929,sell
2022-09-11,0.45,3.34,2.59,0.19,0.09,0,0.19,0,0.41,1,0.54,2.37,1.66,0,0.87,-0.04026079,-0.02097092,-0.05623938,-0.01529040,-0.053926,sell
2022-09-12,0.18,3.06,3.37,0.21,0.14,0,0.3,0,0.39,0.45,0.32,2.07,3.12,0,0.91,-0.02292127,-0.02426125,-0.05097082,-0.01319775,-0.017460,sell
2022-09-13,0.06,3.97,2.39,0.25,0.23,0,0.47,0,0.53,0.25,0.26,3.05,2.37,0,0.91,-0.05509140,-0.02812025,-0.05790822,-0.03837461,-0.060961,sell
2022-09-14,0.17,4.45,1.39,0.35,0.37,0,0.73,0,0.93,0.35,0.47,3.62,1.1,0,0.99,-0.06774696, 0.00048623,-0.03976869,-0.00630217,-0.037282,sell
2022-09-15,0.5,2.55,1.84,0.52,0.58,0,1.15,0,1.79,0.52,0.9,1.87,0.7,0,1.36, 0.06129969, 0.00535196,-0.00744530, 0.00743115, 0.004649,sell
2022-09-16,1.48,1.67,4.48,0.86,0.9,0,1.77,0,3.78,0.86,1.94,1.11,0.82,0,2.65, 0.01491594,-0.01230995, 0.02699643, 0.03234673, 0.027060,buy
2022-09-17,4.04,1.75,6.03,1.55,1.41,0,2.77,0,5.72,1.55,4.4,1.34,1.36,0,3.18, 0.04988015, 0.03737361, 0.05101640, 0.03902048, 0.037212,buy
2022-09-18,5.23,2.87,3.08,2.97,2.2,0,3,0,4.36,2.97,4.98,2.62,2.92,0,1.5, 0.01571987, 0.03180013, 0.03300377, 0.03783577, 0.012279,buy
2022-09-19,3.95,3.27,2.03,2.89,2.97,0,2.1,0,2.53,2.89,4.11,3,4.17,0,0.51, 0.04833493, 0.04263236, 0.06289644, 0.06895907, 0.046455,buy
2022-09-20,1.87,2.25,3.37,1.37,2.62,0,1.37,0,1.51,1.37,3.61,1.44,4.66,0.04,0.26, 0.02741974, 0.00407922, 0.02069166, 0.02441747, 0.022477,buy
2022-09-21,0.89,2.48,2.74,0.63,1.71,0,0.91,0,0.91,0.63,3.53,0.63,3.43,0.26,0.23,-0.06090254,-0.01618394,-0.01999584,-0.02667609,-0.031426,sell
2022-09-22,0.78,4.88,1.55,0.34,1.13,0,0.6,0,0.6,0.34,5.69,0.39,1.5,1.65,0.76, 0.03139835, 0.02832264, 0.03789708, 0.03157291, 0.024222,buy
2022-09-23,1.07,6.2,2.74,0.28,0.75,0,0.4,0,0.4,0.28,6.7,0.48,1.09,2.97,2.49, 0.03244511, 0.02982416, 0.05386928, 0.03088277, 0.018113,buy
2022-09-24,1.97,3.55,2.98,0.47,0.5,0,0.27,0,0.27,0.47,3.69,1.1,1.23,0.81,2.98, 0.01508797, 0.01541865, 0.02313073, 0.03480309,-0.010811,buy
2022-09-25,4.41,2.27,1.12,1.27,0.33,0,0.18,0,0.18,1.27,1.67,3.09,2.2,0.13,1.17,-0.04238157,-0.06213979,-0.04205540,-0.00548022,-0.058185,sell
2022-09-26,6.86,3.05,0.47,2.95,0.22,0,0.12,0,0.12,2.95,0.93,4.94,4.15,0,0.58, 0.02713098, 0.03064888, 0.03290497, 0.06427569,-0.040990,buy
2022-09-27,7.05,3.86,0.39,2.52,0.15,0,0,0,0,2.52,0.91,4.26,5.67,0,0.61, 0.03661823, 0.03114795, 0.00430309, 0.05539085,-0.014671,buy
2022-09-28,5.76,3.66,0.48,1.02,0.1,0,0,0,0,1.02,1.8,2.66,4.59,0,0.95, 0.01302386, 0.00554187, 0.00284490, 0.05827211,-0.005586,sell
2022-09-29,3.83,4.68,0.72,0.67,0,0,0,0,0,0.67,2.97,1.4,3.07,0,1.79,-0.03224539, 0.01287365,-0.03224539,-0.00472481,-0.027883,sell
2022-09-30,2.65,4.66,0.95,1.26,0,0,0,0,0,1.26,1.59,0.83,2.4,0.02,3.44, 0.05672712, 0.03503782, 0.01932873, 0.02809458, 0.036133,buy
2022-10-01,2.06,5.28,1.08,2.97,0,0,0,0,0,2.97,0.5,0.62,2.92,0.02,4.38,-0.00691603, 0.03398022, 0.00362849, 0.02107398,-0.018302,buy
2022-10-02,1.78,4.77,1.13,2.27,0,0,0,0,0.05,2.22,0.19,0.58,3.8,0.03,3.11, 0.01755815, 0.06173892,-0.02874415, 0.02305315, 0.014418,buy
2022-10-03,1.78,2.74,1.1,0.77,0,0,0,0,0.12,0.65,0.09,0.68,2.27,0.04,2.58, 0.02873494,-0.01418188, 0.01409850,-0.01180840, 0.022937,buy
2022-10-04,2.05,2.11,1.04,0.49,0,0,0,0,0.3,0.19,0.21,0.94,0.96,0.05,3.09,-0.00504511,-0.01953620, 0.02359991, 0.00280973, 0.012913,buy
2022-10-05,2.69,3.29,1.1,0.76,0,0,0,0,0.76,0,0.5,1.49,0.48,0.06,4.61, 0.02008857,-0.00364182, 0.01624419,-0.00270105, 0.023217,buy
2022-10-06,4.08,2.28,1.61,1.95,0,0,0,0,1.95,0,1.27,2.67,0.26,0.07,3.77,-0.04214787,-0.03312482,-0.04189241,-0.06573104,-0.020081,sell
2022-10-07,4.81,0.94,3.26,3.14,0,0,0,0,3.12,0.02,3.18,3.1,0.26,0.09,2.47, 0.00325459, 0.04202583, 0.01353337, 0.04939018, 0.017224,buy
2022-10-08,3.9,0.78,3.51,2.33,0,0,0,0,2.27,0.06,3.83,1.74,0.32,0.12,2.3,-0.02962549, 0.00835861, 0.02133955,-0.00630739,-0.034668,sell
2022-10-09,3.66,1.5,2.27,2.41,0,0,0,0,2.23,0.18,3.58,0.85,0.6,0.15,2.4,-0.00753070, 0.01687754, 0.01105229,-0.00109240, 0.002188,buy
2022-10-10,4.4,3.11,3.58,3.82,0,0,0,0,3.26,0.56,6.39,0.46,1.32,0.19,2.92, 0.03846838, 0.03598094, 0.00921364, 0.04299031, 0.043086,buy
2022-10-11,6.15,2.32,3.38,3.8,0,0,0,0,1.9,1.9,5.13,0.33,3.34,0.24,3.05,-0.04737371,-0.05129317,-0.00350959, 0.01015993,-0.008474,sell
2022-10-12,6.36,1.73,1.22,3.49,0,0,0,0,0.57,2.92,1.53,0.3,4.8,0.3,2.68, 0.01215393, 0.00698239, 0.02141272, 0.02312095, 0.014358,buy
2022-10-13,5.89,3.2,0.65,1.39,0,0.02,0,0,0.18,1.21,0.49,0.36,6.34,0.38,2.57,-0.03660244,-0.03326526,-0.02940034,-0.00137031,-0.067941,sell
2022-10-14,6.11,2.38,0.52,0.31,0,0.02,0,0.05,0,0.31,0.11,0.48,5.61,0.48,2.88,-0.05971005,-0.00665400, 0.01003997,-0.05892694,-0.079909,buy
2022-10-15,4.94,1.44,0.52,0,0,0.03,0,0.16,0,0,0.03,0.68,2.07,0.6,4.31,-0.00970438,-0.00109411,-0.00423070,-0.04330875,-0.000547,buy
2022-10-16,5.84,3.11,0.61,0,0,0.04,0,0.38,0,0,0.04,0.99,0.65,0.77,8.3,-0.01321923,-0.02596461,-0.02949809,-0.03003029,-0.021641,sell
2022-10-17,6.47,2.56,0.79,0.13,0,0.05,0,0.96,0.13,0,0.13,1.67,0.14,0.97,8.89,-0.02759475,-0.03087732,-0.03609590,-0.03747947,-0.024106,sell
2022-10-18,5.38,0.66,1.21,0.57,0,0.06,0,2.47,0.57,0.02,0.43,3.29,0,1.22,6.04,-0.04054813,-0.02839506,-0.04021371,-0.03430439,-0.047550,sell
2022-10-19,2.96,0.17,2.7,2.58,0,0.07,0,5.11,2.58,0.1,1.75,6.03,0,1.52,3.13,-0.04552021,-0.09017261,-0.05335465,-0.04645496,-0.045830,sell
2022-10-20,1.94,0,4.34,2.92,0,0.08,0,5.06,2.92,0.31,3.08,6.09,0.13,1.92,1.81,-0.01535561, 0.00313291, 0.01148948,-0.00159154,-0.012755,sell
2022-10-21,1.96,0,3.11,0.71,0,0.1,0,2.18,0.71,0.87,1.19,3.33,0.59,2.42,1.37, 0.01346827,-0.01052307, 0.01522052, 0.01406020, 0.016728,buy
2022-10-22,3.73,0,4.07,0.16,0,0.11,0,0.81,0.16,2.58,0.34,2.07,2.65,2.97,1.08,-0.02450845,-0.02800046,-0.01717479,-0.02278616,-0.019244,sell
2022-10-23,4.19,0,7.34,0,0,0.13,0,0.31,0,5.98,0.13,1.67,3,2.92,1.19, 0.05343359, 0.06574476,-0.00746028, 0.01554862, 0.005852,buy
2022-10-24,2.2,0,6.07,0,0,0.14,0,0.1,0,4.63,0.14,1.54,0.71,2.34,1.49,-0.02764780,-0.01825980,-0.04452182,-0.01397756,-0.034276,sell
2022-10-25,2.69,0,3.14,0,0,0.16,0,0.32,0,1.62,0.16,1.84,0.16,1.85,2.53,-0.02311295,-0.06449834,-0.01893555,-0.04254295,-0.039048,sell
2022-10-26,4.27,0,2.24,0,0,0.18,0,1.29,0,0.64,0.18,2.89,0,1.47,4.27,-0.01909327,-0.02920423,-0.03548971,-0.03276351,-0.046797,sell
2022-10-27,3.11,0,2.02,0,0,0.19,0,3.03,0,0.38,0.19,4.67,0,1.18,3.11,-0.02075501,-0.01424779,-0.01719967,-0.02075501,-0.056967,sell
2022-10-28,2.06,0,2.63,0,0,0.21,0,1.6,0,0.95,0.21,3.28,0,0.94,2.06, 0.02987087,-0.00126198, 0.03215069, 0.01875286, 0.032614,buy
2022-10-29,1.98,0,4.66,0.03,0,0.22,0,0.41,0,2.99,0.25,2.08,0,0.74,1.98,-0.01388719,-0.01510447,-0.02466123,-0.01794936, 0.004669,sell
2022-10-30,2.18,0.03,3.84,0.09,0,0.23,0,0.07,0.14,2.07,0.32,1.73,0,0.59,2.18, 0.00150880,-0.00618304,-0.01382695, 0.00633464, 0.001509,buy
2022-10-31,2.56,0.09,2.57,0.33,0,0.24,0,0.08,0.45,0.58,0.57,1.71,0,0.51,2.56, 0.00416170,-0.01437145,-0.00397587,-0.00928467, 0.004014,buy
2022-11-01,3,0.31,3.15,1.02,0,0.24,0,0.08,1.38,0.48,1.26,1.68,0,0.45,3, 0.02197283,-0.03086827,-0.03179453,-0.03058743,-0.027676,sell
2022-11-02,2.89,1.08,4.91,3.21,0,0.25,0,0.08,3.29,1.16,3.46,1.62,0,0.42,2.89,-0.05250577,-0.02236436, 0.01090151, 0.00488314, 0.012250,buy
2022-11-03,2.36,3.16,4.58,3.52,0,0.25,0,0.16,3.03,3.24,3.77,1.55,0.08,0.46,2.36,-0.09400065,-0.07762750,-0.06283403,-0.06713649,-0.061184,sell
2022-11-04,1.89,3.23,4.43,2.67,0,0.25,0,0.31,2.97,3.31,2.92,1.46,0.23,0.57,1.89,-0.09477567,-0.08247530,-0.07683933,-0.05137335,-0.023695,sell
2022-11-05,1.48,2.54,5.71,4.13,0,0.24,0,0.71,4.37,2.54,4.37,1.34,0.71,0.81,1.48,-0.05272674,-0.05800171,-0.06116173,-0.05775386,-0.003434,sell
2022-11-06,1.15,4.63,5.83,5.18,0,0.24,0,2.13,4.6,4.63,5.42,1.23,2.13,1.28,1.15,-0.03730123,-0.05187678,-0.05156772,-0.04486888,-0.034410,sell
2022-11-07,0.87,5.33,3.46,2.96,0,0.23,0,3.22,2.34,5.33,3.19,1.12,3.22,2.11,0.87, 0.06147196, 0.07285342, 0.07186094, 0.07860206, 0.078873,buy
2022-11-08,0.65,2.29,1.63,0.8,0,0.21,0,2.24,0.64,2.29,1.01,0.99,2.24,2.97,0.65, 0.04451949, 0.05104832, 0.05029381, 0.04451949, 0.055797,buy
2022-11-09,0.47,0.67,1.07,0.24,0,0.2,0.07,3.17,0.19,0.67,0.44,0.95,3.17,2.56,0.47, 0.00692973, 0.01725185, 0.04884338, 0.00919299, 0.024140,buy
2022-11-10,0.36,0.2,0.75,0,0,0.18,0.2,5.37,0.06,0.14,0.18,0.95,5.31,1.48,0.42,-0.03227307, 0.01106165, 0.01920955,-0.01146157,-0.030036,sell
2022-11-11,0.32,0.19,0.65,0,0,0.17,0.61,4.36,0.19,0.06,0.17,1.26,4.19,0.88,0.43,-0.00132106, 0.00775047, 0.01998389,-0.01742289,-0.022090,buy
2022-11-12,0.38,0.66,0.55,0,0,0.15,1.99,2.5,0.66,0.18,0.15,2.54,2.02,0.52,0.68, 0.00958027,-0.00158243,-0.00261588, 0.00339548,-0.001413,buy
2022-11-13,0.78,2.13,0.46,0,0,0.13,3.6,2,2.13,0.64,0.13,4.06,0.74,0.31,1.4,-0.02130183,-0.02130183,-0.02815813,-0.04397861,-0.034210,sell
2022-11-14,2.11,3.89,0.38,0,0,0.12,4.08,3.53,3.89,2.07,0.12,4.46,0.34,0.18,3.23, 0.00451900,-0.00201951, 0.00893269, 0.02297327, 0.013437,buy
2022-11-15,4.15,4.45,0.3,0,0,0.1,3.66,4.47,4.45,4.1,0.1,3.96,0.18,0.11,4.34,-0.06736075, 0.00641486,-0.00587532, 0.03767424,-0.024510,buy
2022-11-16,4.58,2.94,0.24,0,0,0.09,1.58,4.26,2.94,4.52,0.09,1.82,0.06,0,4.26,-0.07442363,-0.12117962,-0.11412014,-0.08346692,-0.047944,sell
2022-11-17,2.56,1.23,0.19,0,0,0,1.53,2.61,1.23,2.48,0,1.72,0.08,0,2.61,-0.01232919,-0.01632995,-0.01644652,-0.00739462,-0.021434,sell
2022-11-18,1.11,1.5,0.15,0,0,0,2.95,1.05,1.5,1,0,3.1,0.11,0,1.05,-0.00427418, 0.00465088,-0.00478178, 0.00395527, 0.005478,buy
2022-11-19,1.25,2.95,0.12,0,0,0,2.74,0.72,2.95,1.1,0,2.86,0.15,0,0.72,-0.02579606,-0.02659812,-0.02980836,-0.02980836,-0.025796,sell
2022-11-20,2.69,2.51,0.09,0,0,0,1.14,0.85,2.51,2.49,0,1.23,0.2,0,0.85, 0.08029787, 0.06673467, 0.03050206, 0.08029787, 0.049084,buy
2022-11-21,3.31,0.99,0.03,0,0,0.12,0.47,1.62,1.02,3,0.03,0.59,0.28,0,1.62,-0.00931177,-0.02998222,-0.03436190,-0.02034164,-0.011493,sell
2022-11-22,2.01,0.4,0.22,0,0,0.4,0.19,2.97,0.61,1.42,0.22,0.59,0.38,0,2.97, 0.01674374, 0.03751007, 0.02449505, 0.00621051, 0.024894,buy
2022-11-23,1.85,0.16,0.83,0,0,1.41,0,2.82,0.91,0.57,0.83,1.41,0.53,0,2.82, 0.01067636, 0.02372568, 0.01637035, 0.01509987, 0.016042,buy
2022-11-24,3.76,0,3.15,0,0,4.53,0,1.48,2.78,0.23,3.15,4.53,0.75,0,1.48, 0.01907019, 0.02177251, 0.01037938, 0.00951813, 0.017966,buy
2022-11-25,6.88,0,5.89,0,0,5.46,0,0.78,5.72,0.09,5.89,5.46,1.07,0,0.78,-0.03028414,-0.02014565,-0.02687238, 0.00290764,-0.022771,sell
2022-11-26,5.61,0,3.65,0,0,2.46,0.04,0.41,4.07,0,3.65,2.46,1.58,0,0.41,-0.03097900, 0.00670293,-0.00811941, 0.01496794, 0.006591,sell
2022-11-27,3.52,0,1.08,0,0,0.78,0.2,0.22,1.28,0,1.08,0.78,2.44,0,0.22,-0.01048275,-0.02026886,-0.01126449,-0.01903991,-0.011264,sell
2022-11-28,3.32,0,0.26,0,0,0.23,0.7,0.11,0.32,0,0.26,0.23,3.7,0,0.11, 0.00581410,-0.01287691, 0.02144596,-0.00638391, 0.021446,buy
2022-11-29,2.87,0,0.07,0,0,0.08,2.54,0,0.15,0,0.07,0.08,5.26,0,0, 0.00550981,-0.02313974,-0.00756918, 0.00279465, 0.019600,buy
2022-11-30,1.99,0,0.18,0,0,0.19,3.81,0,0.14,0,0.18,0.19,5.66,0,0,-0.00610933,-0.02436986,-0.02157254,-0.02340739, 0.015431,sell
2022-12-01,1.61,0.07,0.48,0,0.07,0.47,3.54,0,0.35,0,0.55,0.54,4.8,0,0,-0.02157559,-0.03333140,-0.03382335,-0.03414174,-0.004685,sell
2022-12-02,1.72,0.29,1.23,0,0.25,1.14,3.28,0.04,0.87,0.04,1.52,1.39,4.13,0,0,-0.03019506,-0.04417760,-0.04380038,-0.03618618,-0.031014,sell
2022-12-03,2.77,1.14,2.95,0,0.98,2.77,1.22,0.14,2.22,0.14,4.09,3.75,1.77,0,0,-0.02659944,-0.10305107,-0.00154852, 0.02460834,-0.109665,sell
2022-12-04,3.35,3.12,2.72,0,3.11,2.95,0.44,0.54,3,0.54,5.84,6.06,0.79,0,0,-0.02819995,-0.10529531,-0.07025594,-0.06515090,-0.110850,sell
2022-12-05,1.83,2.55,1.05,0,2.87,1.31,0.18,2,1.62,2,3.59,4.19,0.39,0,0,-0.08433315,-0.09337720,-0.05680008,-0.09930574,-0.030691,sell
2022-12-06,0.79,2.38,0.4,0,1.97,0.54,0.09,3.19,0.67,3.19,2.76,2.53,0.17,0,0.04, 0.05047207, 0.08961299, 0.10864544, 0.08382353, 0.112598,buy
2022-12-07,0.36,3.16,0.16,0,3.16,0.32,0.23,1.75,0.32,1.75,3.29,3.41,0.26,0,0.11,-0.04922412,-0.01862372,-0.00742462,-0.04779976, 0.003236,buy
2022-12-08,0.1,1.54,0,0,2.3,0.45,0.53,1.94,0.2,1.94,1.5,2.43,0.48,0,0.31,-0.08113164,-0.07938754,-0.07938754,-0.06907745,-0.100219,sell
2022-12-09,0,0.59,0,0,0.83,1.25,1.28,3.09,0.14,3.09,0.53,0.89,1.54,0,0.85, 0.07631802, 0.03747187, 0.04112759,-0.02650614, 0.041128,buy
2022-12-10,0.02,0.34,0,0,0.36,3.05,3.17,1.82,0.2,1.82,0.27,0.45,3.71,0,2.31, 0.08380362, 0.07630399, 0.08603665, 0.09110040, 0.043092,buy
2022-12-11,0.1,0.29,0,0,0.14,2.14,4.84,0.63,0.27,0.63,0.24,0.29,3.68,0,3.03,-0.11775592,-0.12604461,-0.12472451,-0.11312777,-0.109247,sell
2022-12-12,0.36,0.44,0,0,0.19,1.02,4.91,0.4,0.56,0.22,0.58,0.41,3.99,0,1.56,-0.09181705,-0.08049952,-0.08302751,-0.07470138,-0.060290,sell
2022-12-13,1.31,0.65,0,0,0.28,1.39,3.83,0.63,1.14,0,1.63,0.61,3.86,0,0.85,-0.09086456,-0.10213026,-0.10036669,-0.10145936,-0.080388,sell
2022-12-14,2.95,1,0,0,0.4,3,2.68,2.18,2.88,0,3.46,0.89,4.07,0,0.91, 0.00194166,-0.02260640,-0.01677577, 0.00206510,-0.045939,sell
2022-12-15,1.92,1.61,0,0,0.59,2.51,3.04,3.03,3.95,0,2.8,1.32,2.97,0,1.66, 0.01678138,-0.00349432, 0.00436773,-0.00548990,-0.030924,sell
2022-12-16,0.85,2.78,0,0,0.96,0.88,4.42,1.41,2.59,0.04,2.59,2,1.08,0,3,-0.07694577,-0.07373680,-0.06507972,-0.08418881,-0.067894,sell
2022-12-17,1.21,5.17,0,0,1.68,0.31,4.31,0.99,2.5,0.1,4.88,3.18,0.4,0,2.61, 0.02824906,-0.01021645, 0.02639193,-0.00358647,-0.015448,buy
2022-12-18,2.95,5.79,0,0,3.33,0.11,3.42,1.85,3.72,0.23,6.63,5.38,0.17,0,1.32,-0.02457210,-0.03351837,-0.05256445,-0.06290474,-0.076785,sell
2022-12-19,2.51,4.03,0,0,4.24,0,3.51,3.82,5.95,0.54,4.72,5.9,0.16,0,0.84, 0.03607107, 0.00591990, 0.00575614, 0.01343792, 0.009270,sell
2022-12-20,0.79,2.57,0,0,3.32,0,3.18,3.93,5.05,1.23,2.62,3.67,0.39,0,0.83, 0.01186371, 0.00636036, 0.00808283, 0.01089113, 0.005079,buy
2022-12-21,0.25,1.77,0,0,3.3,0.03,2.36,4.59,2.95,2.82,2.17,2.24,0.91,0,1.21, 0.01849662, 0.01739741, 0.02533066, 0.01774757, 0.033716,buy
2022-12-22,0,1.21,0,0,4.41,0.08,1.74,5.13,1.96,2.97,2.16,1.47,2.01,0,2, 0.05715985, 0.04357340, 0.06060064, 0.04617260, 0.050278,buy
2022-12-23,0,0.91,0,0,5.76,0.14,1.34,4.33,1.34,1.36,2.62,1.04,3.08,0,3.06, 0.02978956, 0.00720871, 0.03229720,-0.01955378, 0.003458,buy
2022-12-24,0,0.7,0,0,5.4,0.24,1.06,3.16,1.06,0.6,3,0.74,2.52,0,2.68, 0.05992185, 0.03502118, 0.05201531, 0.01286383,-0.007054,buy
2022-12-25,0,0.54,0,0,4.57,0.42,0.84,1.7,0.84,0.26,2.84,0.62,2,0,1.59, 0.00025615,-0.01267325,-0.01801970, 0.01580296,-0.047275,buy
2022-12-26,0,0.42,0,0,4.56,0.78,0.68,0.95,0.68,0.12,2.4,0.53,2.77,0,1,-0.01116155,-0.01972185,-0.04044458, 0.00947875,-0.009300,buy
2022-12-27,0.07,0.33,0,0,5.54,1.61,0.55,0.48,0.55,0,2.1,0.51,4.92,0,0.68,-0.06749396,-0.07957017,-0.07321443,-0.06996947,-0.067494,sell
2022-12-28,0.18,0.27,0,0,4.4,3.2,0.47,0.32,0.49,0,1.92,0.53,5.63,0,0.53,-0.02904619,-0.04165197,-0.00492139,-0.03194145,-0.029046,sell
2022-12-29,0.46,0.22,0,0,2.79,2.99,0.4,0.28,0.48,0,2,0.64,3.97,0,0.47,-0.00835430,-0.06957340,-0.00757410,-0.02005830,-0.004801,buy
2022-12-30,1.19,0.17,0,0,2.22,1.6,0.41,0.36,0.57,0.04,2.53,1.08,2.08,0,0.56, 0.03073843, 0.02555948, 0.04728404,-0.02806043, 0.048785,buy
2022-12-31,2.97,0.14,0,0,2.24,1.21,0.46,0.64,0.9,0.1,4.18,2.51,1.56,0,0.78,-0.04844801,-0.05000682, 0.05386921,-0.02986078, 0.010409,sell
